pid, arrival, service, remaining, start, finish, turnaround, wait, normturnaround, complete
1, 0, 4, 0, 1, 4, 4, 0, 1.00, 1
2, 3, 1, 65401, 5, 5, 2, 1, 2.00, 1
3, 8, 2, 0, 11, 12, 4, 2, 2.00, 1
4, 11, 2, 0, 13, 14, 3, 1, 1.50, 1
5, 13, 6, 0, 15, 47, 34, 28, 5.67, 1
6, 17, 7, 0, 20, 49, 32, 25, 4.57, 1
7, 18, 3, 0, 25, 27, 9, 6, 3.00, 1
8, 23, 7, 0, 28, 51, 28, 21, 4.00, 1
9, 28, 3, 0, 33, 35, 7, 4, 2.33, 1
10, 32, 1, 0, 36, 36, 4, 3, 4.00, 1
11, 33, 11, 0, 37, 68, 35, 24, 3.18, 1
12, 56, 6, 0, 57, 69, 13, 7, 2.17, 1
13, 60, 1, 0, 62, 62, 2, 1, 2.00, 1
14, 64, 2, 0, 70, 71, 7, 5, 3.50, 1
15, 67, 2, 0, 72, 73, 6, 4, 3.00, 1
16, 71, 7, 0, 74, 86, 15, 8, 2.14, 1
17, 77, 1, 0, 79, 79, 2, 1, 2.00, 1
18, 82, 4, 0, 87, 90, 8, 4, 2.00, 1
19, 90, 18, 0, 91, 166, 76, 58, 4.22, 1
20, 99, 1, 0, 106, 106, 7, 6, 7.00, 1
21, 102, 1, 0, 107, 107, 5, 4, 5.00, 1
22, 105, 4, 0, 108, 111, 6, 2, 1.50, 1
23, 110, 2, 0, 112, 113, 3, 1, 1.50, 1
24, 112, 8, 0, 114, 138, 26, 18, 3.25, 1
25, 113, 1, 0, 119, 119, 6, 5, 6.00, 1
26, 117, 6, 0, 120, 139, 22, 16, 3.67, 1
27, 119, 1, 0, 125, 125, 6, 5, 6.00, 1
28, 129, 3, 0, 140, 142, 13, 10, 4.33, 1
29, 140, 6, 0, 143, 167, 27, 21, 4.50, 1
30, 144, 7, 0, 148, 169, 25, 18, 3.57, 1
31, 150, 9, 0, 153, 173, 23, 14, 2.56, 1
32, 157, 1, 0, 158, 158, 1, 0, 1.00, 1
33, 161, 7, 0, 174, 220, 59, 52, 8.43, 1
34, 173, 18, 0, 179, 342, 169, 151, 9.39, 1
35, 174, 8, 0, 184, 228, 54, 46, 6.75, 1
36, 178, 5, 0, 189, 193, 15, 10, 3.00, 1
37, 183, 4, 0, 194, 197, 14, 10, 3.50, 1
38, 190, 6, 0, 198, 229, 39, 33, 6.50, 1
39, 192, 8, 0, 203, 232, 40, 32, 5.00, 1
40, 194, 1, 0, 208, 208, 14, 13, 14.00, 1
41, 202, 3, 0, 209, 211, 9, 6, 3.00, 1
42, 204, 1, 0, 212, 212, 8, 7, 8.00, 1
43, 211, 1, 0, 213, 213, 2, 1, 2.00, 1
44, 218, 1, 0, 233, 233, 15, 14, 15.00, 1
45, 222, 1, 0, 234, 234, 12, 11, 12.00, 1
46, 224, 10, 0, 235, 292, 68, 58, 6.80, 1
47, 232, 3, 0, 240, 242, 10, 7, 3.33, 1
48, 234, 2, 0, 243, 244, 10, 8, 5.00, 1
49, 238, 6, 0, 245, 293, 55, 49, 9.17, 1
50, 242, 23, 0, 250, 443, 201, 178, 8.74, 1
51, 243, 3, 0, 255, 257, 14, 11, 4.67, 1
52, 244, 21, 0, 258, 444, 200, 179, 9.52, 1
53, 246, 8, 0, 263, 306, 60, 52, 7.50, 1
54, 247, 1, 0, 268, 268, 21, 20, 21.00, 1
55, 254, 2, 0, 269, 270, 16, 14, 8.00, 1
56, 261, 2, 0, 271, 272, 11, 9, 5.50, 1
57, 267, 8, 0, 273, 309, 42, 34, 5.25, 1
58, 285, 2, 0, 310, 311, 26, 24, 13.00, 1
59, 291, 3, 0, 312, 314, 23, 20, 7.67, 1
60, 292, 2, 0, 315, 316, 24, 22, 12.00, 1
61, 300, 3, 0, 317, 319, 19, 16, 6.33, 1
62, 309, 3, 0, 320, 322, 13, 10, 4.33, 1
63, 311, 7, 0, 323, 354, 43, 36, 6.14, 1
64, 319, 3, 0, 328, 330, 11, 8, 3.67, 1
65, 320, 1, 0, 331, 331, 11, 10, 11.00, 1
66, 322, 1, 0, 332, 332, 10, 9, 10.00, 1
67, 328, 2, 0, 333, 334, 6, 4, 3.00, 1
68, 342, 4, 0, 355, 358, 16, 12, 4.00, 1
69, 345, 4, 0, 359, 362, 17, 13, 4.25, 1
70, 353, 3, 0, 363, 365, 12, 9, 4.00, 1
71, 354, 4, 0, 366, 369, 15, 11, 3.75, 1
72, 357, 6, 0, 370, 409, 52, 46, 8.67, 1
73, 359, 6, 0, 375, 410, 51, 45, 8.50, 1
74, 360, 5, 0, 380, 384, 24, 19, 4.80, 1
75, 361, 1, 0, 385, 385, 24, 23, 24.00, 1
76, 370, 2, 0, 386, 387, 17, 15, 8.50, 1
77, 371, 1, 0, 388, 388, 17, 16, 17.00, 1
78, 376, 2, 0, 389, 390, 14, 12, 7.00, 1
79, 390, 3, 0, 391, 393, 3, 0, 1.00, 1
80, 395, 2, 0, 411, 412, 17, 15, 8.50, 1
81, 397, 1, 0, 413, 413, 16, 15, 16.00, 1
82, 400, 1, 0, 414, 414, 14, 13, 14.00, 1
83, 401, 7, 0, 415, 446, 45, 38, 6.43, 1
84, 403, 4, 0, 420, 423, 20, 16, 5.00, 1
85, 405, 2, 0, 424, 425, 20, 18, 10.00, 1
86, 407, 1, 0, 426, 426, 19, 18, 19.00, 1
87, 424, 10, 0, 427, 451, 27, 17, 2.70, 1
88, 428, 1, 0, 432, 432, 4, 3, 4.00, 1
89, 432, 2, 0, 433, 434, 2, 0, 1.00, 1
90, 433, 1, 0, 435, 435, 2, 1, 2.00, 1
91, 436, 4, 0, 452, 455, 19, 15, 4.75, 1
92, 437, 4, 0, 456, 459, 22, 18, 5.50, 1
93, 442, 1, 0, 460, 460, 18, 17, 18.00, 1
94, 443, 3, 0, 461, 463, 20, 17, 6.67, 1
95, 446, 3, 0, 464, 466, 20, 17, 6.67, 1
96, 447, 12, 0, 467, 930, 483, 471, 40.25, 1
97, 449, 4, 0, 472, 475, 26, 22, 6.50, 1
98, 452, 4, 0, 476, 479, 27, 23, 6.75, 1
99, 461, 5, 0, 480, 484, 23, 18, 4.60, 1
100, 464, 5, 0, 485, 489, 25, 20, 5.00, 1
101, 475, 3, 0, 490, 492, 17, 14, 5.67, 1
102, 476, 9, 0, 493, 656, 180, 171, 20.00, 1
103, 477, 6, 0, 498, 657, 180, 174, 30.00, 1
104, 479, 7, 0, 503, 659, 180, 173, 25.71, 1
105, 480, 2, 0, 508, 509, 29, 27, 14.50, 1
106, 481, 15, 0, 510, 935, 454, 439, 30.27, 1
107, 482, 2, 0, 515, 516, 34, 32, 17.00, 1
108, 483, 6, 0, 517, 665, 182, 176, 30.33, 1
109, 484, 4, 0, 522, 525, 41, 37, 10.25, 1
110, 501, 6, 0, 526, 666, 165, 159, 27.50, 1
111, 509, 5, 0, 531, 535, 26, 21, 5.20, 1
112, 510, 4, 0, 536, 539, 29, 25, 7.25, 1
113, 516, 11, 0, 540, 936, 420, 409, 38.18, 1
114, 520, 1, 0, 545, 545, 25, 24, 25.00, 1
115, 521, 9, 0, 546, 675, 154, 145, 17.11, 1
116, 522, 11, 0, 551, 937, 415, 404, 37.73, 1
117, 534, 10, 0, 556, 685, 151, 141, 15.10, 1
118, 536, 13, 0, 561, 940, 404, 391, 31.08, 1
119, 540, 1, 0, 566, 566, 26, 25, 26.00, 1
120, 547, 2, 0, 567, 568, 21, 19, 10.50, 1
121, 549, 4, 0, 569, 572, 23, 19, 5.75, 1
122, 559, 3, 0, 573, 575, 16, 13, 5.33, 1
123, 561, 5, 0, 576, 580, 19, 14, 3.80, 1
124, 564, 3, 0, 581, 583, 19, 16, 6.33, 1
125, 569, 5, 0, 584, 588, 19, 14, 3.80, 1
126, 574, 5, 0, 589, 593, 19, 14, 3.80, 1
127, 579, 1, 0, 594, 594, 15, 14, 15.00, 1
128, 585, 6, 0, 595, 691, 106, 100, 17.67, 1
129, 589, 6, 0, 600, 692, 103, 97, 17.17, 1
130, 590, 2, 0, 605, 606, 16, 14, 8.00, 1
131, 594, 8, 0, 607, 695, 101, 93, 12.62, 1
132, 602, 8, 0, 612, 698, 96, 88, 12.00, 1
133, 606, 1, 0, 617, 617, 11, 10, 11.00, 1
134, 610, 5, 0, 618, 622, 12, 7, 2.40, 1
135, 617, 6, 0, 623, 699, 82, 76, 13.67, 1
136, 618, 8, 0, 628, 702, 84, 76, 10.50, 1
137, 624, 2, 0, 633, 634, 10, 8, 5.00, 1
138, 626, 4, 0, 635, 638, 12, 8, 3.00, 1
139, 628, 3, 0, 639, 641, 13, 10, 4.33, 1
140, 629, 1, 0, 642, 642, 13, 12, 13.00, 1
141, 645, 10, 0, 703, 945, 300, 290, 30.00, 1
142, 652, 1, 0, 708, 708, 56, 55, 56.00, 1
143, 664, 2, 0, 709, 710, 46, 44, 23.00, 1
144, 667, 1, 0, 711, 711, 44, 43, 44.00, 1
145, 669, 5, 0, 712, 716, 47, 42, 9.40, 1
146, 671, 3, 0, 717, 719, 48, 45, 16.00, 1
147, 674, 5, 0, 720, 724, 50, 45, 10.00, 1
148, 677, 1, 0, 725, 725, 48, 47, 48.00, 1
149, 686, 5, 0, 726, 730, 44, 39, 8.80, 1
150, 690, 1, 0, 731, 731, 41, 40, 41.00, 1
151, 694, 1, 0, 732, 732, 38, 37, 38.00, 1
152, 698, 16, 0, 733, 2259, 1561, 1545, 97.56, 1
153, 701, 4, 0, 738, 741, 40, 36, 10.00, 1
154, 703, 2, 0, 742, 743, 40, 38, 20.00, 1
155, 707, 1, 0, 744, 744, 37, 36, 37.00, 1
156, 711, 3, 0, 745, 747, 36, 33, 12.00, 1
157, 712, 1, 0, 748, 748, 36, 35, 36.00, 1
158, 714, 5, 0, 749, 753, 39, 34, 7.80, 1
159, 723, 3, 0, 754, 756, 33, 30, 11.00, 1
160, 726, 3, 0, 757, 759, 33, 30, 11.00, 1
161, 729, 1, 0, 760, 760, 31, 30, 31.00, 1
162, 732, 2, 0, 761, 762, 30, 28, 15.00, 1
163, 735, 8, 0, 763, 953, 218, 210, 27.25, 1
164, 736, 5, 0, 768, 772, 36, 31, 7.20, 1
165, 739, 5, 0, 773, 777, 38, 33, 7.60, 1
166, 748, 14, 0, 778, 1407, 659, 645, 47.07, 1
167, 751, 2, 0, 783, 784, 33, 31, 16.50, 1
168, 752, 5, 0, 785, 789, 37, 32, 7.40, 1
169, 760, 1, 0, 790, 790, 30, 29, 30.00, 1
170, 762, 7, 0, 791, 960, 198, 191, 28.29, 1
171, 763, 4, 0, 796, 799, 36, 32, 9.00, 1
172, 773, 2, 0, 800, 801, 28, 26, 14.00, 1
173, 781, 3, 0, 802, 804, 23, 20, 7.67, 1
174, 782, 1, 0, 805, 805, 23, 22, 23.00, 1
175, 784, 3, 0, 806, 808, 24, 21, 8.00, 1
176, 787, 14, 0, 809, 1411, 624, 610, 44.57, 1
177, 794, 3, 0, 814, 816, 22, 19, 7.33, 1
178, 795, 5, 0, 817, 821, 26, 21, 5.20, 1
179, 797, 15, 0, 822, 1416, 619, 604, 41.27, 1
180, 804, 1, 0, 827, 827, 23, 22, 23.00, 1
181, 811, 9, 0, 828, 974, 163, 154, 18.11, 1
182, 815, 6, 0, 833, 975, 160, 154, 26.67, 1
183, 819, 1, 0, 838, 838, 19, 18, 19.00, 1
184, 820, 4, 0, 839, 842, 22, 18, 5.50, 1
185, 822, 21, 0, 843, 3763, 2941, 2920, 140.05, 1
186, 825, 6, 0, 848, 981, 156, 150, 26.00, 1
187, 827, 5, 0, 853, 857, 30, 25, 6.00, 1
188, 830, 1, 0, 858, 858, 28, 27, 28.00, 1
189, 834, 19, 0, 859, 2268, 1434, 1415, 75.47, 1
190, 839, 3, 0, 864, 866, 27, 24, 9.00, 1
191, 841, 4, 0, 867, 870, 29, 25, 7.25, 1
192, 847, 5, 0, 871, 875, 28, 23, 5.60, 1
193, 849, 3, 0, 876, 878, 29, 26, 9.67, 1
194, 856, 1, 0, 879, 879, 23, 22, 23.00, 1
195, 858, 3, 0, 880, 882, 24, 21, 8.00, 1
196, 859, 1, 0, 883, 883, 24, 23, 24.00, 1
197, 861, 1, 0, 884, 884, 23, 22, 23.00, 1
198, 866, 5, 0, 885, 889, 23, 18, 4.60, 1
199, 869, 14, 0, 890, 1430, 561, 547, 40.07, 1
200, 873, 4, 0, 895, 898, 25, 21, 6.25, 1
201, 875, 5, 0, 899, 903, 28, 23, 5.60, 1
202, 881, 7, 0, 904, 993, 112, 105, 16.00, 1
203, 884, 4, 0, 909, 912, 28, 24, 7.00, 1
204, 892, 2, 0, 913, 914, 22, 20, 11.00, 1
205, 896, 1, 0, 915, 915, 19, 18, 19.00, 1
206, 913, 1, 0, 916, 916, 3, 2, 3.00, 1
207, 914, 1, 0, 917, 917, 3, 2, 3.00, 1
208, 915, 1, 0, 918, 918, 3, 2, 3.00, 1
209, 918, 9, 0, 919, 997, 79, 70, 8.78, 1
210, 930, 3, 0, 998, 1000, 70, 67, 23.33, 1
211, 934, 2, 0, 1001, 1002, 68, 66, 34.00, 1
212, 935, 2, 0, 1003, 1004, 69, 67, 34.50, 1
213, 937, 5, 0, 1005, 1009, 72, 67, 14.40, 1
214, 939, 4, 0, 1010, 1013, 74, 70, 18.50, 1
215, 948, 5, 0, 1014, 1018, 70, 65, 14.00, 1
216, 950, 2, 0, 1019, 1020, 70, 68, 35.00, 1
217, 952, 6, 0, 1021, 1431, 479, 473, 79.83, 1
218, 954, 9, 0, 1026, 1435, 481, 472, 53.44, 1
219, 960, 2, 0, 1031, 1032, 72, 70, 36.00, 1
220, 967, 6, 0, 1033, 1436, 469, 463, 78.17, 1
221, 972, 5, 0, 1038, 1042, 70, 65, 14.00, 1
222, 981, 4, 0, 1043, 1046, 65, 61, 16.25, 1
223, 982, 4, 0, 1047, 1050, 68, 64, 17.00, 1
224, 987, 1, 0, 1051, 1051, 64, 63, 64.00, 1
225, 991, 12, 0, 1052, 2270, 1279, 1267, 106.58, 1
226, 992, 2, 0, 1057, 1058, 66, 64, 33.00, 1
227, 994, 2, 0, 1059, 1060, 66, 64, 33.00, 1
228, 999, 2, 0, 1061, 1062, 63, 61, 31.50, 1
229, 1002, 2, 0, 1063, 1064, 62, 60, 31.00, 1
230, 1005, 1, 0, 1065, 1065, 60, 59, 60.00, 1
231, 1012, 4, 0, 1066, 1069, 57, 53, 14.25, 1
232, 1013, 11, 0, 1070, 2271, 1258, 1247, 114.36, 1
233, 1014, 13, 0, 1075, 2274, 1260, 1247, 96.92, 1
234, 1017, 7, 0, 1080, 1453, 436, 429, 62.29, 1
235, 1023, 1, 0, 1085, 1085, 62, 61, 62.00, 1
236, 1025, 17, 0, 1086, 3765, 2740, 2723, 161.18, 1
237, 1029, 10, 0, 1091, 1463, 434, 424, 43.40, 1
238, 1033, 1, 0, 1096, 1096, 63, 62, 63.00, 1
239, 1034, 2, 0, 1097, 1098, 64, 62, 32.00, 1
240, 1036, 4, 0, 1099, 1102, 66, 62, 16.50, 1
241, 1045, 15, 0, 1103, 2284, 1239, 1224, 82.60, 1
242, 1048, 2, 0, 1108, 1109, 61, 59, 30.50, 1
243, 1052, 3, 0, 1110, 1112, 60, 57, 20.00, 1
244, 1054, 1, 0, 1113, 1113, 59, 58, 59.00, 1
245, 1055, 1, 0, 1114, 1114, 59, 58, 59.00, 1
246, 1058, 5, 0, 1115, 1119, 61, 56, 12.20, 1
247, 1063, 7, 0, 1120, 1470, 407, 400, 58.14, 1
248, 1070, 2, 0, 1125, 1126, 56, 54, 28.00, 1
249, 1074, 4, 0, 1127, 1130, 56, 52, 14.00, 1
250, 1076, 5, 0, 1131, 1135, 59, 54, 11.80, 1
251, 1083, 5, 0, 1136, 1140, 57, 52, 11.40, 1
252, 1084, 3, 0, 1141, 1143, 59, 56, 19.67, 1
253, 1090, 2, 0, 1144, 1145, 55, 53, 27.50, 1
254, 1092, 2, 0, 1146, 1147, 55, 53, 27.50, 1
255, 1094, 1, 0, 1148, 1148, 54, 53, 54.00, 1
256, 1097, 4, 0, 1149, 1152, 55, 51, 13.75, 1
257, 1100, 3, 0, 1153, 1155, 55, 52, 18.33, 1
258, 1101, 3, 0, 1156, 1158, 57, 54, 19.00, 1
259, 1102, 2, 0, 1159, 1160, 58, 56, 29.00, 1
260, 1103, 2, 0, 1161, 1162, 59, 57, 29.50, 1
261, 1104, 15, 0, 1163, 2289, 1185, 1170, 79.00, 1
262, 1105, 6, 0, 1168, 1476, 371, 365, 61.83, 1
263, 1113, 2, 0, 1173, 1174, 61, 59, 30.50, 1
264, 1116, 11, 0, 1175, 2290, 1174, 1163, 106.73, 1
265, 1119, 2, 0, 1180, 1181, 62, 60, 31.00, 1
266, 1130, 3, 0, 1182, 1184, 54, 51, 18.00, 1
267, 1133, 1, 0, 1185, 1185, 52, 51, 52.00, 1
268, 1134, 6, 0, 1186, 1482, 348, 342, 58.00, 1
269, 1143, 1, 0, 1191, 1191, 48, 47, 48.00, 1
270, 1148, 5, 0, 1192, 1196, 48, 43, 9.60, 1
271, 1154, 5, 0, 1197, 1201, 47, 42, 9.40, 1
272, 1155, 4, 0, 1202, 1205, 50, 46, 12.50, 1
273, 1157, 6, 0, 1206, 1483, 326, 320, 54.33, 1
274, 1161, 18, 0, 1211, 3768, 2607, 2589, 144.83, 1
275, 1164, 17, 0, 1216, 3770, 2606, 2589, 153.29, 1
276, 1165, 2, 0, 1221, 1222, 57, 55, 28.50, 1
277, 1169, 1, 0, 1223, 1223, 54, 53, 54.00, 1
278, 1171, 5, 0, 1224, 1228, 57, 52, 11.40, 1
279, 1179, 1, 0, 1229, 1229, 50, 49, 50.00, 1
280, 1183, 8, 0, 1230, 1496, 313, 305, 39.12, 1
281, 1186, 2, 0, 1235, 1236, 50, 48, 25.00, 1
282, 1189, 3, 0, 1237, 1239, 50, 47, 16.67, 1
283, 1192, 1, 0, 1240, 1240, 48, 47, 48.00, 1
284, 1198, 1, 0, 1241, 1241, 43, 42, 43.00, 1
285, 1215, 7, 0, 1242, 1498, 283, 276, 40.43, 1
286, 1216, 1, 0, 1247, 1247, 31, 30, 31.00, 1
287, 1224, 7, 0, 1248, 1500, 276, 269, 39.43, 1
288, 1234, 5, 0, 1253, 1257, 23, 18, 4.60, 1
289, 1236, 9, 0, 1258, 1504, 268, 259, 29.78, 1
290, 1239, 7, 0, 1263, 1506, 267, 260, 38.14, 1
291, 1241, 1, 0, 1268, 1268, 27, 26, 27.00, 1
292, 1242, 4, 0, 1269, 1272, 30, 26, 7.50, 1
293, 1246, 5, 0, 1273, 1277, 31, 26, 6.20, 1
294, 1251, 7, 0, 1278, 1508, 257, 250, 36.71, 1
295, 1254, 1, 0, 1283, 1283, 29, 28, 29.00, 1
296, 1259, 3, 0, 1284, 1286, 27, 24, 9.00, 1
297, 1260, 6, 0, 1287, 1509, 249, 243, 41.50, 1
298, 1262, 17, 0, 1292, 3772, 2510, 2493, 147.65, 1
299, 1263, 10, 0, 1297, 1519, 256, 246, 25.60, 1
300, 1267, 4, 0, 1302, 1305, 38, 34, 9.50, 1
301, 1268, 1, 0, 1306, 1306, 38, 37, 38.00, 1
302, 1273, 22, 0, 1307, 6625, 5352, 5330, 243.27, 1
303, 1276, 2, 0, 1312, 1313, 37, 35, 18.50, 1
304, 1283, 6, 0, 1314, 1525, 242, 236, 40.33, 1
305, 1285, 5, 0, 1319, 1323, 38, 33, 7.60, 1
306, 1291, 22, 0, 1324, 6627, 5336, 5314, 242.55, 1
307, 1296, 2, 0, 1329, 1330, 34, 32, 17.00, 1
308, 1298, 9, 0, 1331, 1534, 236, 227, 26.22, 1
309, 1313, 22, 0, 1336, 6629, 5316, 5294, 241.64, 1
310, 1314, 3, 0, 1341, 1343, 29, 26, 9.67, 1
311, 1316, 1, 0, 1344, 1344, 28, 27, 28.00, 1
312, 1317, 4, 0, 1345, 1348, 31, 27, 7.75, 1
313, 1322, 7, 0, 1349, 1541, 219, 212, 31.29, 1
314, 1324, 1, 0, 1354, 1354, 30, 29, 30.00, 1
315, 1328, 8, 0, 1355, 1544, 216, 208, 27.00, 1
316, 1333, 3, 0, 1360, 1362, 29, 26, 9.67, 1
317, 1337, 14, 0, 1363, 2324, 987, 973, 70.50, 1
318, 1338, 3, 0, 1368, 1370, 32, 29, 10.67, 1
319, 1342, 1, 0, 1371, 1371, 29, 28, 29.00, 1
320, 1352, 2, 0, 1372, 1373, 21, 19, 10.50, 1
321, 1353, 1, 0, 1374, 1374, 21, 20, 21.00, 1
322, 1354, 2, 0, 1375, 1376, 22, 20, 11.00, 1
323, 1359, 1, 0, 1377, 1377, 18, 17, 18.00, 1
324, 1362, 12, 0, 1378, 2326, 964, 952, 80.33, 1
325, 1373, 4, 0, 1383, 1386, 13, 9, 3.25, 1
326, 1379, 4, 0, 1387, 1390, 11, 7, 2.75, 1
327, 1384, 3, 0, 1391, 1393, 9, 6, 3.00, 1
328, 1397, 1, 0, 1555, 1555, 158, 157, 158.00, 1
329, 1398, 5, 0, 1556, 1560, 162, 157, 32.40, 1
330, 1400, 1, 0, 1561, 1561, 161, 160, 161.00, 1
331, 1401, 19, 0, 1562, 6633, 5232, 5213, 275.37, 1
332, 1404, 2, 0, 1567, 1568, 164, 162, 82.00, 1
333, 1405, 2, 0, 1569, 1570, 165, 163, 82.50, 1
334, 1410, 17, 0, 1571, 6635, 5225, 5208, 307.35, 1
335, 1414, 6, 0, 1576, 2337, 923, 917, 153.83, 1
336, 1418, 5, 0, 1581, 1585, 167, 162, 33.40, 1
337, 1421, 5, 0, 1586, 1590, 169, 164, 33.80, 1
338, 1423, 6, 0, 1591, 2338, 915, 909, 152.50, 1
339, 1424, 6, 0, 1596, 2339, 915, 909, 152.50, 1
340, 1434, 30, 0, 1601, 25516, 24082, 24052, 802.73, 1
341, 1436, 10, 0, 1606, 2349, 913, 903, 91.30, 1
342, 1437, 1, 0, 1611, 1611, 174, 173, 174.00, 1
343, 1446, 6, 0, 1612, 2350, 904, 898, 150.67, 1
344, 1451, 3, 0, 1617, 1619, 168, 165, 56.00, 1
345, 1453, 5, 0, 1620, 1624, 171, 166, 34.20, 1
346, 1457, 1, 0, 1625, 1625, 168, 167, 168.00, 1
347, 1466, 1, 0, 1626, 1626, 160, 159, 160.00, 1
348, 1470, 1, 0, 1627, 1627, 157, 156, 157.00, 1
349, 1471, 5, 0, 1628, 1632, 161, 156, 32.20, 1
350, 1477, 2, 0, 1633, 1634, 157, 155, 78.50, 1
351, 1478, 2, 0, 1635, 1636, 158, 156, 79.00, 1
352, 1479, 4, 0, 1637, 1640, 161, 157, 40.25, 1
353, 1481, 1, 0, 1641, 1641, 160, 159, 160.00, 1
354, 1484, 1, 0, 1642, 1642, 158, 157, 158.00, 1
355, 1486, 17, 0, 1643, 6642, 5156, 5139, 303.29, 1
356, 1488, 1, 0, 1648, 1648, 160, 159, 160.00, 1
357, 1492, 3, 0, 1649, 1651, 159, 156, 53.00, 1
358, 1493, 5, 0, 1652, 1656, 163, 158, 32.60, 1
359, 1502, 5, 0, 1657, 1661, 159, 154, 31.80, 1
360, 1507, 1, 0, 1662, 1662, 155, 154, 155.00, 1
361, 1508, 3, 0, 1663, 1665, 157, 154, 52.33, 1
362, 1510, 1, 0, 1666, 1666, 156, 155, 156.00, 1
363, 1514, 9, 0, 1667, 2359, 845, 836, 93.89, 1
364, 1520, 2, 0, 1672, 1673, 153, 151, 76.50, 1
365, 1523, 1, 0, 1674, 1674, 151, 150, 151.00, 1
366, 1524, 2, 0, 1675, 1676, 152, 150, 76.00, 1
367, 1528, 1, 0, 1677, 1677, 149, 148, 149.00, 1
368, 1530, 5, 0, 1678, 1682, 152, 147, 30.40, 1
369, 1531, 1, 0, 1683, 1683, 152, 151, 152.00, 1
370, 1533, 17, 0, 1684, 6644, 5111, 5094, 300.65, 1
371, 1537, 5, 0, 1689, 1693, 156, 151, 31.20, 1
372, 1540, 3, 0, 1694, 1696, 156, 153, 52.00, 1
373, 1541, 8, 0, 1697, 2367, 826, 818, 103.25, 1
374, 1543, 5, 0, 1702, 1706, 163, 158, 32.60, 1
375, 1544, 7, 0, 1707, 2369, 825, 818, 117.86, 1
376, 1549, 4, 0, 1712, 1715, 166, 162, 41.50, 1
377, 1552, 3, 0, 1716, 1718, 166, 163, 55.33, 1
378, 1554, 4, 0, 1719, 1722, 168, 164, 42.00, 1
379, 1558, 2, 0, 1723, 1724, 166, 164, 83.00, 1
380, 1564, 6, 0, 1725, 2370, 806, 800, 134.33, 1
381, 1568, 5, 0, 1730, 1734, 166, 161, 33.20, 1
382, 1576, 2, 0, 1735, 1736, 160, 158, 80.00, 1
383, 1581, 1, 0, 1737, 1737, 156, 155, 156.00, 1
384, 1586, 17, 0, 1738, 6646, 5060, 5043, 297.65, 1
385, 1589, 3, 0, 1743, 1745, 156, 153, 52.00, 1
386, 1591, 8, 0, 1746, 2378, 787, 779, 98.38, 1
387, 1597, 5, 0, 1751, 1755, 158, 153, 31.60, 1
388, 1600, 3, 0, 1756, 1758, 158, 155, 52.67, 1
389, 1602, 9, 0, 1759, 2382, 780, 771, 86.67, 1
390, 1603, 2, 0, 1764, 1765, 162, 160, 81.00, 1
391, 1605, 5, 0, 1766, 1770, 165, 160, 33.00, 1
392, 1612, 3, 0, 1771, 1773, 161, 158, 53.67, 1
393, 1618, 2, 0, 1774, 1775, 157, 155, 78.50, 1
394, 1622, 12, 0, 1776, 3819, 2197, 2185, 183.08, 1
395, 1629, 2, 0, 1781, 1782, 153, 151, 76.50, 1
396, 1631, 1, 0, 1783, 1783, 152, 151, 152.00, 1
397, 1637, 2, 0, 1784, 1785, 148, 146, 74.00, 1
398, 1640, 1, 0, 1786, 1786, 146, 145, 146.00, 1
399, 1642, 11, 0, 1787, 3820, 2178, 2167, 198.00, 1
400, 1646, 2, 0, 1792, 1793, 147, 145, 73.50, 1
401, 1647, 3, 0, 1794, 1796, 149, 146, 49.67, 1
402, 1649, 2, 0, 1797, 1798, 149, 147, 74.50, 1
403, 1652, 2, 0, 1799, 1800, 148, 146, 74.00, 1
404, 1656, 6, 0, 1801, 2393, 737, 731, 122.83, 1
405, 1657, 18, 0, 1806, 6649, 4992, 4974, 277.33, 1
406, 1660, 1, 0, 1811, 1811, 151, 150, 151.00, 1
407, 1662, 18, 0, 1812, 6652, 4990, 4972, 277.22, 1
408, 1663, 4, 0, 1817, 1820, 157, 153, 39.25, 1
409, 1666, 6, 0, 1821, 2404, 738, 732, 123.00, 1
410, 1671, 6, 0, 1826, 2405, 734, 728, 122.33, 1
411, 1676, 2, 0, 1831, 1832, 156, 154, 78.00, 1
412, 1679, 1, 0, 1833, 1833, 154, 153, 154.00, 1
413, 1683, 1, 0, 1834, 1834, 151, 150, 151.00, 1
414, 1686, 2, 0, 1835, 1836, 150, 148, 75.00, 1
415, 1688, 9, 0, 1837, 2409, 721, 712, 80.11, 1
416, 1691, 2, 0, 1842, 1843, 152, 150, 76.00, 1
417, 1692, 9, 0, 1844, 2413, 721, 712, 80.11, 1
418, 1693, 5, 0, 1849, 1853, 160, 155, 32.00, 1
419, 1709, 2, 0, 1854, 1855, 146, 144, 73.00, 1
420, 1711, 5, 0, 1856, 1860, 149, 144, 29.80, 1
421, 1713, 9, 0, 1861, 2417, 704, 695, 78.22, 1
422, 1715, 1, 0, 1866, 1866, 151, 150, 151.00, 1
423, 1718, 1, 0, 1867, 1867, 149, 148, 149.00, 1
424, 1727, 5, 0, 1868, 1872, 145, 140, 29.00, 1
425, 1729, 3, 0, 1873, 1875, 146, 143, 48.67, 1
426, 1730, 1, 0, 1876, 1876, 146, 145, 146.00, 1
427, 1737, 8, 0, 1877, 2420, 683, 675, 85.38, 1
428, 1740, 1, 0, 1882, 1882, 142, 141, 142.00, 1
429, 1749, 2, 0, 1883, 1884, 135, 133, 67.50, 1
430, 1752, 1, 0, 1885, 1885, 133, 132, 133.00, 1
431, 1753, 10, 0, 1886, 2425, 672, 662, 67.20, 1
432, 1769, 1, 0, 1891, 1891, 122, 121, 122.00, 1
433, 1775, 6, 0, 1892, 2426, 651, 645, 108.50, 1
434, 1779, 1, 0, 1897, 1897, 118, 117, 118.00, 1
435, 1785, 2, 0, 1898, 1899, 114, 112, 57.00, 1
436, 1787, 2, 0, 1900, 1901, 114, 112, 57.00, 1
437, 1800, 8, 0, 1902, 2429, 629, 621, 78.62, 1
438, 1803, 1, 0, 1907, 1907, 104, 103, 104.00, 1
439, 1805, 3, 0, 1908, 1910, 105, 102, 35.00, 1
440, 1807, 2, 0, 1911, 1912, 105, 103, 52.50, 1
441, 1810, 5, 0, 1913, 1917, 107, 102, 21.40, 1
442, 1811, 4, 0, 1918, 1921, 110, 106, 27.50, 1
443, 1816, 3, 0, 1922, 1924, 108, 105, 36.00, 1
444, 1827, 8, 0, 1925, 2432, 605, 597, 75.62, 1
445, 1831, 2, 0, 1930, 1931, 100, 98, 50.00, 1
446, 1841, 2, 0, 1932, 1933, 92, 90, 46.00, 1
447, 1844, 2, 0, 1934, 1935, 91, 89, 45.50, 1
448, 1846, 3, 0, 1936, 1938, 92, 89, 30.67, 1
449, 1852, 6, 0, 1939, 2433, 581, 575, 96.83, 1
450, 1854, 3, 0, 1944, 1946, 92, 89, 30.67, 1
451, 1871, 2, 0, 1947, 1948, 77, 75, 38.50, 1
452, 1872, 5, 0, 1949, 1953, 81, 76, 16.20, 1
453, 1877, 7, 0, 1954, 2435, 558, 551, 79.71, 1
454, 1882, 7, 0, 1959, 2437, 555, 548, 79.29, 1
455, 1889, 2, 0, 1964, 1965, 76, 74, 38.00, 1
456, 1892, 9, 0, 1966, 2441, 549, 540, 61.00, 1
457, 1893, 7, 0, 1971, 2443, 550, 543, 78.57, 1
458, 1894, 1, 0, 1976, 1976, 82, 81, 82.00, 1
459, 1897, 3, 0, 1977, 1979, 82, 79, 27.33, 1
460, 1900, 2, 0, 1980, 1981, 81, 79, 40.50, 1
461, 1906, 4, 0, 1982, 1985, 79, 75, 19.75, 1
462, 1907, 4, 0, 1986, 1989, 82, 78, 20.50, 1
463, 1908, 2, 0, 1990, 1991, 83, 81, 41.50, 1
464, 1909, 5, 0, 1992, 1996, 87, 82, 17.40, 1
465, 1913, 5, 0, 1997, 2001, 88, 83, 17.60, 1
466, 1914, 2, 0, 2002, 2003, 89, 87, 44.50, 1
467, 1919, 3, 0, 2004, 2006, 87, 84, 29.00, 1
468, 1920, 3, 0, 2007, 2009, 89, 86, 29.67, 1
469, 1921, 5, 0, 2010, 2014, 93, 88, 18.60, 1
470, 1922, 9, 0, 2015, 2447, 525, 516, 58.33, 1
471, 1924, 7, 0, 2020, 2449, 525, 518, 75.00, 1
472, 1929, 4, 0, 2025, 2028, 99, 95, 24.75, 1
473, 1933, 8, 0, 2029, 2452, 519, 511, 64.88, 1
474, 1936, 1, 0, 2034, 2034, 98, 97, 98.00, 1
475, 1941, 4, 0, 2035, 2038, 97, 93, 24.25, 1
476, 1943, 3, 0, 2039, 2041, 98, 95, 32.67, 1
477, 1947, 13, 0, 2042, 3833, 1886, 1873, 145.08, 1
478, 1949, 1, 0, 2047, 2047, 98, 97, 98.00, 1
479, 1950, 5, 0, 2048, 2052, 102, 97, 20.40, 1
480, 1951, 3, 0, 2053, 2055, 104, 101, 34.67, 1
481, 1957, 16, 0, 2056, 6653, 4696, 4680, 293.50, 1
482, 1958, 2, 0, 2061, 2062, 104, 102, 52.00, 1
483, 1980, 1, 0, 2063, 2063, 83, 82, 83.00, 1
484, 1982, 4, 0, 2064, 2067, 85, 81, 21.25, 1
485, 1983, 31, 0, 2068, 41874, 39891, 39860, 1286.81, 1
486, 1988, 14, 0, 2073, 3847, 1859, 1845, 132.79, 1
487, 1989, 1, 0, 2078, 2078, 89, 88, 89.00, 1
488, 1991, 1, 0, 2079, 2079, 88, 87, 88.00, 1
489, 1993, 3, 0, 2080, 2082, 89, 86, 29.67, 1
490, 2001, 4, 0, 2083, 2086, 85, 81, 21.25, 1
491, 2009, 4, 0, 2087, 2090, 81, 77, 20.25, 1
492, 2014, 1, 0, 2091, 2091, 77, 76, 77.00, 1
493, 2016, 1, 0, 2092, 2092, 76, 75, 76.00, 1
494, 2023, 9, 0, 2093, 2476, 453, 444, 50.33, 1
495, 2027, 2, 0, 2098, 2099, 72, 70, 36.00, 1
496, 2033, 1, 0, 2100, 2100, 67, 66, 67.00, 1
497, 2035, 3, 0, 2101, 2103, 68, 65, 22.67, 1
498, 2041, 3, 0, 2104, 2106, 65, 62, 21.67, 1
499, 2043, 2, 0, 2107, 2108, 65, 63, 32.50, 1
500, 2055, 1, 0, 2109, 2109, 54, 53, 54.00, 1
501, 2056, 2, 0, 2110, 2111, 55, 53, 27.50, 1
502, 2060, 17, 0, 2112, 6660, 4600, 4583, 270.59, 1
503, 2063, 3, 0, 2117, 2119, 56, 53, 18.67, 1
504, 2068, 7, 0, 2120, 2483, 415, 408, 59.29, 1
505, 2069, 17, 0, 2125, 6662, 4593, 4576, 270.18, 1
506, 2075, 4, 0, 2130, 2133, 58, 54, 14.50, 1
507, 2076, 1, 0, 2134, 2134, 58, 57, 58.00, 1
508, 2077, 3, 0, 2135, 2137, 60, 57, 20.00, 1
509, 2079, 8, 0, 2138, 2491, 412, 404, 51.50, 1
510, 2086, 3, 0, 2143, 2145, 59, 56, 19.67, 1
511, 2096, 2, 0, 2146, 2147, 51, 49, 25.50, 1
512, 2106, 7, 0, 2148, 2493, 387, 380, 55.29, 1
513, 2116, 22, 0, 2153, 12601, 10485, 10463, 476.59, 1
514, 2117, 5, 0, 2158, 2162, 45, 40, 9.00, 1
515, 2123, 3, 0, 2163, 2165, 42, 39, 14.00, 1
516, 2125, 18, 0, 2166, 6670, 4545, 4527, 252.50, 1
517, 2135, 12, 0, 2171, 3869, 1734, 1722, 144.50, 1
518, 2151, 1, 0, 2176, 2176, 25, 24, 25.00, 1
519, 2153, 1, 0, 2177, 2177, 24, 23, 24.00, 1
520, 2161, 3, 0, 2178, 2180, 19, 16, 6.33, 1
521, 2164, 7, 0, 2181, 2510, 346, 339, 49.43, 1
522, 2172, 4, 0, 2186, 2189, 17, 13, 4.25, 1
523, 2174, 6, 0, 2190, 2511, 337, 331, 56.17, 1
524, 2176, 14, 0, 2195, 3873, 1697, 1683, 121.21, 1
525, 2179, 1, 0, 2200, 2200, 21, 20, 21.00, 1
526, 2180, 7, 0, 2201, 2518, 338, 331, 48.29, 1
527, 2182, 3, 0, 2206, 2208, 26, 23, 8.67, 1
528, 2183, 1, 0, 2209, 2209, 26, 25, 26.00, 1
529, 2184, 6, 0, 2210, 2519, 335, 329, 55.83, 1
530, 2192, 3, 0, 2215, 2217, 25, 22, 8.33, 1
531, 2194, 26, 0, 2218, 25522, 23328, 23302, 897.23, 1
532, 2199, 1, 0, 2223, 2223, 24, 23, 24.00, 1
533, 2202, 5, 0, 2224, 2228, 26, 21, 5.20, 1
534, 2203, 1, 0, 2229, 2229, 26, 25, 26.00, 1
535, 2205, 6, 0, 2230, 2525, 320, 314, 53.33, 1
536, 2206, 1, 0, 2235, 2235, 29, 28, 29.00, 1
537, 2211, 1, 0, 2236, 2236, 25, 24, 25.00, 1
538, 2219, 4, 0, 2237, 2240, 21, 17, 5.25, 1
539, 2225, 5, 0, 2241, 2245, 20, 15, 4.00, 1
540, 2226, 3, 0, 2246, 2248, 22, 19, 7.33, 1
541, 2244, 5, 0, 2249, 2253, 9, 4, 1.80, 1
542, 2254, 1, 0, 2526, 2526, 272, 271, 272.00, 1
543, 2255, 1, 0, 2527, 2527, 272, 271, 272.00, 1
544, 2256, 1, 0, 2528, 2528, 272, 271, 272.00, 1
545, 2257, 2, 0, 2529, 2530, 273, 271, 136.50, 1
546, 2262, 8, 0, 2531, 3881, 1619, 1611, 202.38, 1
547, 2269, 5, 0, 2536, 2540, 271, 266, 54.20, 1
548, 2274, 2, 0, 2541, 2542, 268, 266, 134.00, 1
549, 2278, 1, 0, 2543, 2543, 265, 264, 265.00, 1
550, 2282, 5, 0, 2544, 2548, 266, 261, 53.20, 1
551, 2284, 4, 0, 2549, 2552, 268, 264, 67.00, 1
552, 2286, 1, 0, 2553, 2553, 267, 266, 267.00, 1
553, 2289, 1, 0, 2554, 2554, 265, 264, 265.00, 1
554, 2292, 1, 0, 2555, 2555, 263, 262, 263.00, 1
555, 2294, 13, 0, 2556, 6678, 4384, 4371, 337.23, 1
556, 2297, 9, 0, 2561, 3890, 1593, 1584, 177.00, 1
557, 2306, 2, 0, 2566, 2567, 261, 259, 130.50, 1
558, 2310, 5, 0, 2568, 2572, 262, 257, 52.40, 1
559, 2317, 9, 0, 2573, 3894, 1577, 1568, 175.22, 1
560, 2318, 3, 0, 2578, 2580, 262, 259, 87.33, 1
561, 2320, 5, 0, 2581, 2585, 265, 260, 53.00, 1
562, 2322, 11, 0, 2586, 6679, 4357, 4346, 396.09, 1
563, 2323, 8, 0, 2591, 3902, 1579, 1571, 197.38, 1
564, 2326, 2, 0, 2596, 2597, 271, 269, 135.50, 1
565, 2330, 2, 0, 2598, 2599, 269, 267, 134.50, 1
566, 2333, 1, 0, 2600, 2600, 267, 266, 267.00, 1
567, 2336, 6, 0, 2601, 3903, 1567, 1561, 261.17, 1
568, 2339, 7, 0, 2606, 3905, 1566, 1559, 223.71, 1
569, 2342, 2, 0, 2611, 2612, 270, 268, 135.00, 1
570, 2348, 1, 0, 2613, 2613, 265, 264, 265.00, 1
571, 2351, 7, 0, 2614, 3907, 1556, 1549, 222.29, 1
572, 2352, 1, 0, 2619, 2619, 267, 266, 267.00, 1
573, 2358, 2, 0, 2620, 2621, 263, 261, 131.50, 1
574, 2360, 5, 0, 2622, 2626, 266, 261, 53.20, 1
575, 2363, 5, 0, 2627, 2631, 268, 263, 53.60, 1
576, 2375, 3, 0, 2632, 2634, 259, 256, 86.33, 1
577, 2376, 3, 0, 2635, 2637, 261, 258, 87.00, 1
578, 2377, 1, 0, 2638, 2638, 261, 260, 261.00, 1
579, 2381, 11, 0, 2639, 6680, 4299, 4288, 390.82, 1
580, 2385, 3, 0, 2644, 2646, 261, 258, 87.00, 1
581, 2390, 12, 0, 2647, 6682, 4292, 4280, 357.67, 1
582, 2394, 1, 0, 2652, 2652, 258, 257, 258.00, 1
583, 2398, 6, 0, 2653, 3918, 1520, 1514, 253.33, 1
584, 2400, 3, 0, 2658, 2660, 260, 257, 86.67, 1
585, 2412, 5, 0, 2661, 2665, 253, 248, 50.60, 1
586, 2416, 1, 0, 2666, 2666, 250, 249, 250.00, 1
587, 2417, 4, 0, 2667, 2670, 253, 249, 63.25, 1
588, 2421, 4, 0, 2671, 2674, 253, 249, 63.25, 1
589, 2428, 7, 0, 2675, 3920, 1492, 1485, 213.14, 1
590, 2430, 7, 0, 2680, 3922, 1492, 1485, 213.14, 1
591, 2432, 1, 0, 2685, 2685, 253, 252, 253.00, 1
592, 2435, 4, 0, 2686, 2689, 254, 250, 63.50, 1
593, 2436, 6, 0, 2690, 3923, 1487, 1481, 247.83, 1
594, 2440, 4, 0, 2695, 2698, 258, 254, 64.50, 1
595, 2443, 8, 0, 2699, 3926, 1483, 1475, 185.38, 1
596, 2448, 9, 0, 2704, 3930, 1482, 1473, 164.67, 1
597, 2453, 2, 0, 2709, 2710, 257, 255, 128.50, 1
598, 2455, 7, 0, 2711, 3932, 1477, 1470, 211.00, 1
599, 2461, 3, 0, 2716, 2718, 257, 254, 85.67, 1
600, 2462, 22, 0, 2719, 25524, 23062, 23040, 1048.27, 1
601, 2465, 2, 0, 2724, 2725, 260, 258, 130.00, 1
602, 2467, 4, 0, 2726, 2729, 262, 258, 65.50, 1
603, 2469, 1, 0, 2730, 2730, 261, 260, 261.00, 1
604, 2470, 6, 0, 2731, 3938, 1468, 1462, 244.67, 1
605, 2471, 3, 0, 2736, 2738, 267, 264, 89.00, 1
606, 2477, 1, 0, 2739, 2739, 262, 261, 262.00, 1
607, 2479, 2, 0, 2740, 2741, 262, 260, 131.00, 1
608, 2481, 3, 0, 2742, 2744, 263, 260, 87.67, 1
609, 2483, 2, 0, 2745, 2746, 263, 261, 131.50, 1
610, 2486, 1, 0, 2747, 2747, 261, 260, 261.00, 1
611, 2492, 5, 0, 2748, 2752, 260, 255, 52.00, 1
612, 2500, 7, 0, 2753, 3940, 1440, 1433, 205.71, 1
613, 2506, 1, 0, 2758, 2758, 252, 251, 252.00, 1
614, 2507, 1, 0, 2759, 2759, 252, 251, 252.00, 1
615, 2508, 2, 0, 2760, 2761, 253, 251, 126.50, 1
616, 2523, 10, 0, 2762, 3945, 1422, 1412, 142.20, 1
617, 2527, 4, 0, 2767, 2770, 243, 239, 60.75, 1
618, 2531, 4, 0, 2771, 2774, 243, 239, 60.75, 1
619, 2532, 2, 0, 2775, 2776, 244, 242, 122.00, 1
620, 2535, 2, 0, 2777, 2778, 243, 241, 121.50, 1
621, 2540, 7, 0, 2779, 3947, 1407, 1400, 201.00, 1
622, 2541, 3, 0, 2784, 2786, 245, 242, 81.67, 1
623, 2546, 10, 0, 2787, 3952, 1406, 1396, 140.60, 1
624, 2551, 2, 0, 2792, 2793, 242, 240, 121.00, 1
625, 2556, 19, 0, 2794, 12615, 10059, 10040, 529.42, 1
626, 2557, 7, 0, 2799, 3959, 1402, 1395, 200.29, 1
627, 2558, 1, 0, 2804, 2804, 246, 245, 246.00, 1
628, 2560, 1, 0, 2805, 2805, 245, 244, 245.00, 1
629, 2577, 2, 0, 2806, 2807, 230, 228, 115.00, 1
630, 2589, 3, 0, 2808, 2810, 221, 218, 73.67, 1
631, 2592, 1, 0, 2811, 2811, 219, 218, 219.00, 1
632, 2594, 6, 0, 2812, 3960, 1366, 1360, 227.67, 1
633, 2598, 5, 0, 2817, 2821, 223, 218, 44.60, 1
634, 2606, 1, 0, 2822, 2822, 216, 215, 216.00, 1
635, 2609, 2, 0, 2823, 2824, 215, 213, 107.50, 1
636, 2613, 2, 0, 2825, 2826, 213, 211, 106.50, 1
637, 2616, 7, 0, 2827, 3962, 1346, 1339, 192.29, 1
638, 2623, 3, 0, 2832, 2834, 211, 208, 70.33, 1
639, 2626, 4, 0, 2835, 2838, 212, 208, 53.00, 1
640, 2628, 2, 0, 2839, 2840, 212, 210, 106.00, 1
641, 2630, 1, 0, 2841, 2841, 211, 210, 211.00, 1
642, 2631, 7, 0, 2842, 3964, 1333, 1326, 190.43, 1
643, 2635, 8, 0, 2847, 3967, 1332, 1324, 166.50, 1
644, 2636, 2, 0, 2852, 2853, 217, 215, 108.50, 1
645, 2638, 8, 0, 2854, 3970, 1332, 1324, 166.50, 1
646, 2640, 3, 0, 2859, 2861, 221, 218, 73.67, 1
647, 2642, 5, 0, 2862, 2866, 224, 219, 44.80, 1
648, 2643, 4, 0, 2867, 2870, 227, 223, 56.75, 1
649, 2644, 5, 0, 2871, 2875, 231, 226, 46.20, 1
650, 2645, 3, 0, 2876, 2878, 233, 230, 77.67, 1
651, 2663, 2, 0, 2879, 2880, 217, 215, 108.50, 1
652, 2669, 9, 0, 2881, 3974, 1305, 1296, 145.00, 1
653, 2671, 1, 0, 2886, 2886, 215, 214, 215.00, 1
654, 2677, 11, 0, 2887, 6693, 4016, 4005, 365.09, 1
655, 2679, 1, 0, 2892, 2892, 213, 212, 213.00, 1
656, 2680, 1, 0, 2893, 2893, 213, 212, 213.00, 1
657, 2681, 1, 0, 2894, 2894, 213, 212, 213.00, 1
658, 2692, 2, 0, 2895, 2896, 204, 202, 102.00, 1
659, 2699, 1, 0, 2897, 2897, 198, 197, 198.00, 1
660, 2700, 6, 0, 2898, 3980, 1280, 1274, 213.33, 1
661, 2702, 3, 0, 2903, 2905, 203, 200, 67.67, 1
662, 2703, 4, 0, 2906, 2909, 206, 202, 51.50, 1
663, 2708, 3, 0, 2910, 2912, 204, 201, 68.00, 1
664, 2714, 4, 0, 2913, 2916, 202, 198, 50.50, 1
665, 2722, 2, 0, 2917, 2918, 196, 194, 98.00, 1
666, 2723, 9, 0, 2919, 3984, 1261, 1252, 140.11, 1
667, 2735, 14, 0, 2924, 6697, 3962, 3948, 283.00, 1
668, 2736, 1, 0, 2929, 2929, 193, 192, 193.00, 1
669, 2743, 5, 0, 2930, 2934, 191, 186, 38.20, 1
670, 2748, 2, 0, 2935, 2936, 188, 186, 94.00, 1
671, 2751, 4, 0, 2937, 2940, 189, 185, 47.25, 1
672, 2752, 1, 0, 2941, 2941, 189, 188, 189.00, 1
673, 2756, 3, 0, 2942, 2944, 188, 185, 62.67, 1
674, 2758, 1, 0, 2945, 2945, 187, 186, 187.00, 1
675, 2763, 10, 0, 2946, 3994, 1231, 1221, 123.10, 1
676, 2770, 11, 0, 2951, 6698, 3928, 3917, 357.09, 1
677, 2775, 2, 0, 2956, 2957, 182, 180, 91.00, 1
678, 2778, 8, 0, 2958, 4002, 1224, 1216, 153.00, 1
679, 2783, 11, 0, 2963, 6699, 3916, 3905, 356.00, 1
680, 2784, 1, 0, 2968, 2968, 184, 183, 184.00, 1
681, 2790, 6, 0, 2969, 4008, 1218, 1212, 203.00, 1
682, 2792, 1, 0, 2974, 2974, 182, 181, 182.00, 1
683, 2801, 5, 0, 2975, 2979, 178, 173, 35.60, 1
684, 2805, 4, 0, 2980, 2983, 178, 174, 44.50, 1
685, 2808, 9, 0, 2984, 4012, 1204, 1195, 133.78, 1
686, 2809, 6, 0, 2989, 4013, 1204, 1198, 200.67, 1
687, 2813, 3, 0, 2994, 2996, 183, 180, 61.00, 1
688, 2817, 3, 0, 2997, 2999, 182, 179, 60.67, 1
689, 2818, 18, 0, 3000, 12618, 9800, 9782, 544.44, 1
690, 2820, 3, 0, 3005, 3007, 187, 184, 62.33, 1
691, 2832, 1, 0, 3008, 3008, 176, 175, 176.00, 1
692, 2833, 5, 0, 3009, 3013, 180, 175, 36.00, 1
693, 2844, 10, 0, 3014, 4023, 1179, 1169, 117.90, 1
694, 2846, 2, 0, 3019, 3020, 174, 172, 87.00, 1
695, 2848, 9, 0, 3021, 4027, 1179, 1170, 131.00, 1
696, 2854, 3, 0, 3026, 3028, 174, 171, 58.00, 1
697, 2860, 2, 0, 3029, 3030, 170, 168, 85.00, 1
698, 2865, 1, 0, 3031, 3031, 166, 165, 166.00, 1
699, 2868, 5, 0, 3032, 3036, 168, 163, 33.60, 1
700, 2870, 12, 0, 3037, 6706, 3836, 3824, 319.67, 1
701, 2872, 4, 0, 3042, 3045, 173, 169, 43.25, 1
702, 2876, 8, 0, 3046, 4035, 1159, 1151, 144.88, 1
703, 2878, 6, 0, 3051, 4036, 1158, 1152, 193.00, 1
704, 2880, 6, 0, 3056, 4037, 1157, 1151, 192.83, 1
705, 2886, 10, 0, 3061, 4042, 1156, 1146, 115.60, 1
706, 2887, 4, 0, 3066, 3069, 182, 178, 45.50, 1
707, 2890, 11, 0, 3070, 6707, 3817, 3806, 347.00, 1
708, 2895, 7, 0, 3075, 4049, 1154, 1147, 164.86, 1
709, 2911, 1, 0, 3080, 3080, 169, 168, 169.00, 1
710, 2912, 1, 0, 3081, 3081, 169, 168, 169.00, 1
711, 2913, 1, 0, 3082, 3082, 169, 168, 169.00, 1
712, 2936, 1, 0, 3083, 3083, 147, 146, 147.00, 1
713, 2938, 2, 0, 3084, 3085, 147, 145, 73.50, 1
714, 2941, 1, 0, 3086, 3086, 145, 144, 145.00, 1
715, 2943, 4, 0, 3087, 3090, 147, 143, 36.75, 1
716, 2961, 6, 0, 3091, 4050, 1089, 1083, 181.50, 1
717, 2962, 4, 0, 3096, 3099, 137, 133, 34.25, 1
718, 2963, 2, 0, 3100, 3101, 138, 136, 69.00, 1
719, 2965, 6, 0, 3102, 4051, 1086, 1080, 181.00, 1
720, 2969, 7, 0, 3107, 4053, 1084, 1077, 154.86, 1
721, 2977, 4, 0, 3112, 3115, 138, 134, 34.50, 1
722, 2979, 4, 0, 3116, 3119, 140, 136, 35.00, 1
723, 2980, 3, 0, 3120, 3122, 142, 139, 47.33, 1
724, 2986, 2, 0, 3123, 3124, 138, 136, 69.00, 1
725, 2995, 2, 0, 3125, 3126, 131, 129, 65.50, 1
726, 3000, 8, 0, 3127, 4056, 1056, 1048, 132.00, 1
727, 3002, 2, 0, 3132, 3133, 131, 129, 65.50, 1
728, 3011, 1, 0, 3134, 3134, 123, 122, 123.00, 1
729, 3012, 3, 0, 3135, 3137, 125, 122, 41.67, 1
730, 3020, 3, 0, 3138, 3140, 120, 117, 40.00, 1
731, 3026, 1, 0, 3141, 3141, 115, 114, 115.00, 1
732, 3034, 21, 0, 3142, 25525, 22491, 22470, 1071.00, 1
733, 3038, 32, 0, 3147, 47024, 43986, 43954, 1374.56, 1
734, 3041, 6, 0, 3152, 4067, 1026, 1020, 171.00, 1
735, 3042, 6, 0, 3157, 4068, 1026, 1020, 171.00, 1
736, 3052, 19, 0, 3162, 12632, 9580, 9561, 504.21, 1
737, 3056, 5, 0, 3167, 3171, 115, 110, 23.00, 1
738, 3059, 8, 0, 3172, 4076, 1017, 1009, 127.12, 1
739, 3060, 5, 0, 3177, 3181, 121, 116, 24.20, 1
740, 3064, 1, 0, 3182, 3182, 118, 117, 118.00, 1
741, 3065, 3, 0, 3183, 3185, 120, 117, 40.00, 1
742, 3066, 1, 0, 3186, 3186, 120, 119, 120.00, 1
743, 3069, 6, 0, 3187, 4077, 1008, 1002, 168.00, 1
744, 3076, 3, 0, 3192, 3194, 118, 115, 39.33, 1
745, 3077, 2, 0, 3195, 3196, 119, 117, 59.50, 1
746, 3084, 8, 0, 3197, 4080, 996, 988, 124.50, 1
747, 3085, 1, 0, 3202, 3202, 117, 116, 117.00, 1
748, 3091, 1, 0, 3203, 3203, 112, 111, 112.00, 1
749, 3097, 6, 0, 3204, 4081, 984, 978, 164.00, 1
750, 3098, 4, 0, 3209, 3212, 114, 110, 28.50, 1
751, 3111, 6, 0, 3213, 4082, 971, 965, 161.83, 1
752, 3112, 5, 0, 3218, 3222, 110, 105, 22.00, 1
753, 3119, 3, 0, 3223, 3225, 106, 103, 35.33, 1
754, 3121, 3, 0, 3226, 3228, 107, 104, 35.67, 1
755, 3131, 8, 0, 3229, 4085, 954, 946, 119.25, 1
756, 3132, 1, 0, 3234, 3234, 102, 101, 102.00, 1
757, 3139, 4, 0, 3235, 3238, 99, 95, 24.75, 1
758, 3145, 2, 0, 3239, 3240, 95, 93, 47.50, 1
759, 3148, 16, 0, 3241, 12633, 9485, 9469, 592.81, 1
760, 3149, 3, 0, 3246, 3248, 99, 96, 33.00, 1
761, 3157, 8, 0, 3249, 4093, 936, 928, 117.00, 1
762, 3161, 1, 0, 3254, 3254, 93, 92, 93.00, 1
763, 3165, 3, 0, 3255, 3257, 92, 89, 30.67, 1
764, 3166, 3, 0, 3258, 3260, 94, 91, 31.33, 1
765, 3167, 11, 0, 3261, 6728, 3561, 3550, 323.73, 1
766, 3173, 4, 0, 3266, 3269, 96, 92, 24.00, 1
767, 3177, 1, 0, 3270, 3270, 93, 92, 93.00, 1
768, 3180, 5, 0, 3271, 3275, 95, 90, 19.00, 1
769, 3190, 2, 0, 3276, 3277, 87, 85, 43.50, 1
770, 3191, 3, 0, 3278, 3280, 89, 86, 29.67, 1
771, 3195, 5, 0, 3281, 3285, 90, 85, 18.00, 1
772, 3200, 3, 0, 3286, 3288, 88, 85, 29.33, 1
773, 3202, 8, 0, 3289, 4101, 899, 891, 112.38, 1
774, 3204, 2, 0, 3294, 3295, 91, 89, 45.50, 1
775, 3209, 2, 0, 3296, 3297, 88, 86, 44.00, 1
776, 3213, 7, 0, 3298, 4103, 890, 883, 127.14, 1
777, 3217, 2, 0, 3303, 3304, 87, 85, 43.50, 1
778, 3219, 1, 0, 3305, 3305, 86, 85, 86.00, 1
779, 3234, 8, 0, 3306, 4106, 872, 864, 109.00, 1
780, 3239, 5, 0, 3311, 3315, 76, 71, 15.20, 1
781, 3241, 6, 0, 3316, 4107, 866, 860, 144.33, 1
782, 3246, 3, 0, 3321, 3323, 77, 74, 25.67, 1
783, 3248, 2, 0, 3324, 3325, 77, 75, 38.50, 1
784, 3252, 5, 0, 3326, 3330, 78, 73, 15.60, 1
785, 3261, 2, 0, 3331, 3332, 71, 69, 35.50, 1
786, 3265, 1, 0, 3333, 3333, 68, 67, 68.00, 1
787, 3266, 4, 0, 3334, 3337, 71, 67, 17.75, 1
788, 3267, 7, 0, 3338, 4109, 842, 835, 120.29, 1
789, 3273, 4, 0, 3343, 3346, 73, 69, 18.25, 1
790, 3277, 6, 0, 3347, 4110, 833, 827, 138.83, 1
791, 3280, 2, 0, 3352, 3353, 73, 71, 36.50, 1
792, 3281, 2, 0, 3354, 3355, 74, 72, 37.00, 1
793, 3284, 4, 0, 3356, 3359, 75, 71, 18.75, 1
794, 3293, 4, 0, 3360, 3363, 70, 66, 17.50, 1
795, 3295, 1, 0, 3364, 3364, 69, 68, 69.00, 1
796, 3296, 3, 0, 3365, 3367, 71, 68, 23.67, 1
797, 3303, 18, 0, 3368, 12636, 9333, 9315, 518.50, 1
798, 3308, 2, 0, 3373, 3374, 66, 64, 33.00, 1
799, 3310, 1, 0, 3375, 3375, 65, 64, 65.00, 1
800, 3325, 5, 0, 3376, 3380, 55, 50, 11.00, 1
801, 3329, 1, 0, 3381, 3381, 52, 51, 52.00, 1
802, 3330, 1, 0, 3382, 3382, 52, 51, 52.00, 1
803, 3333, 1, 0, 3383, 3383, 50, 49, 50.00, 1
804, 3335, 8, 0, 3384, 4118, 783, 775, 97.88, 1
805, 3337, 20, 0, 3389, 12641, 9304, 9284, 465.20, 1
806, 3338, 2, 0, 3394, 3395, 57, 55, 28.50, 1
807, 3341, 7, 0, 3396, 4125, 784, 777, 112.00, 1
808, 3352, 4, 0, 3401, 3404, 52, 48, 13.00, 1
809, 3360, 1, 0, 3405, 3405, 45, 44, 45.00, 1
810, 3362, 3, 0, 3406, 3408, 46, 43, 15.33, 1
811, 3365, 2, 0, 3409, 3410, 45, 43, 22.50, 1
812, 3367, 1, 0, 3411, 3411, 44, 43, 44.00, 1
813, 3370, 2, 0, 3412, 3413, 43, 41, 21.50, 1
814, 3375, 6, 0, 3414, 4126, 751, 745, 125.17, 1
815, 3378, 1, 0, 3419, 3419, 41, 40, 41.00, 1
816, 3379, 2, 0, 3420, 3421, 42, 40, 21.00, 1
817, 3384, 3, 0, 3422, 3424, 40, 37, 13.33, 1
818, 3387, 2, 0, 3425, 3426, 39, 37, 19.50, 1
819, 3390, 6, 0, 3427, 4127, 737, 731, 122.83, 1
820, 3392, 5, 0, 3432, 3436, 44, 39, 8.80, 1
821, 3395, 2, 0, 3437, 3438, 43, 41, 21.50, 1
822, 3396, 11, 0, 3439, 6739, 3343, 3332, 303.91, 1
823, 3401, 5, 0, 3444, 3448, 47, 42, 9.40, 1
824, 3402, 1, 0, 3449, 3449, 47, 46, 47.00, 1
825, 3405, 3, 0, 3450, 3452, 47, 44, 15.67, 1
826, 3406, 1, 0, 3453, 3453, 47, 46, 47.00, 1
827, 3410, 8, 0, 3454, 4135, 725, 717, 90.62, 1
828, 3414, 5, 0, 3459, 3463, 49, 44, 9.80, 1
829, 3415, 4, 0, 3464, 3467, 52, 48, 13.00, 1
830, 3425, 2, 0, 3468, 3469, 44, 42, 22.00, 1
831, 3428, 6, 0, 3470, 4136, 708, 702, 118.00, 1
832, 3431, 10, 0, 3475, 4141, 710, 700, 71.00, 1
833, 3433, 1, 0, 3480, 3480, 47, 46, 47.00, 1
834, 3434, 2, 0, 3481, 3482, 48, 46, 24.00, 1
835, 3437, 12, 0, 3483, 6741, 3304, 3292, 275.33, 1
836, 3442, 7, 0, 3488, 4148, 706, 699, 100.86, 1
837, 3445, 9, 0, 3493, 4152, 707, 698, 78.56, 1
838, 3447, 3, 0, 3498, 3500, 53, 50, 17.67, 1
839, 3451, 4, 0, 3501, 3504, 53, 49, 13.25, 1
840, 3455, 10, 0, 3505, 4157, 702, 692, 70.20, 1
841, 3456, 2, 0, 3510, 3511, 55, 53, 27.50, 1
842, 3459, 4, 0, 3512, 3515, 56, 52, 14.00, 1
843, 3460, 17, 0, 3516, 12643, 9183, 9166, 540.18, 1
844, 3462, 1, 0, 3521, 3521, 59, 58, 59.00, 1
845, 3465, 1, 0, 3522, 3522, 57, 56, 57.00, 1
846, 3466, 11, 0, 3523, 6747, 3281, 3270, 298.27, 1
847, 3472, 2, 0, 3528, 3529, 57, 55, 28.50, 1
848, 3474, 8, 0, 3530, 4170, 696, 688, 87.00, 1
849, 3479, 5, 0, 3535, 3539, 60, 55, 12.00, 1
850, 3482, 13, 0, 3540, 6750, 3268, 3255, 251.38, 1
851, 3486, 5, 0, 3545, 3549, 63, 58, 12.60, 1
852, 3487, 3, 0, 3550, 3552, 65, 62, 21.67, 1
853, 3488, 9, 0, 3553, 4179, 691, 682, 76.78, 1
854, 3498, 2, 0, 3558, 3559, 61, 59, 30.50, 1
855, 3500, 4, 0, 3560, 3563, 63, 59, 15.75, 1
856, 3503, 1, 0, 3564, 3564, 61, 60, 61.00, 1
857, 3504, 3, 0, 3565, 3567, 63, 60, 21.00, 1
858, 3511, 8, 0, 3568, 4182, 671, 663, 83.88, 1
859, 3517, 4, 0, 3573, 3576, 59, 55, 14.75, 1
860, 3519, 11, 0, 3577, 6751, 3232, 3221, 293.82, 1
861, 3520, 1, 0, 3582, 3582, 62, 61, 62.00, 1
862, 3523, 12, 0, 3583, 6753, 3230, 3218, 269.17, 1
863, 3526, 7, 0, 3588, 4194, 668, 661, 95.43, 1
864, 3535, 2, 0, 3593, 3594, 59, 57, 29.50, 1
865, 3537, 3, 0, 3595, 3597, 60, 57, 20.00, 1
866, 3550, 4, 0, 3598, 3601, 51, 47, 12.75, 1
867, 3551, 3, 0, 3602, 3604, 53, 50, 17.67, 1
868, 3554, 3, 0, 3605, 3607, 53, 50, 17.67, 1
869, 3555, 3, 0, 3608, 3610, 55, 52, 18.33, 1
870, 3556, 8, 0, 3611, 4197, 641, 633, 80.12, 1
871, 3560, 10, 0, 3616, 4202, 642, 632, 64.20, 1
872, 3562, 2, 0, 3621, 3622, 60, 58, 30.00, 1
873, 3563, 1, 0, 3623, 3623, 60, 59, 60.00, 1
874, 3578, 2, 0, 3624, 3625, 47, 45, 23.50, 1
875, 3579, 3, 0, 3626, 3628, 49, 46, 16.33, 1
876, 3585, 2, 0, 3629, 3630, 45, 43, 22.50, 1
877, 3587, 6, 0, 3631, 4203, 616, 610, 102.67, 1
878, 3590, 8, 0, 3636, 4206, 616, 608, 77.00, 1
879, 3595, 1, 0, 3641, 3641, 46, 45, 46.00, 1
880, 3597, 10, 0, 3642, 4211, 614, 604, 61.40, 1
881, 3604, 2, 0, 3647, 3648, 44, 42, 22.00, 1
882, 3615, 1, 0, 3649, 3649, 34, 33, 34.00, 1
883, 3625, 2, 0, 3650, 3651, 26, 24, 13.00, 1
884, 3631, 11, 0, 3652, 6754, 3123, 3112, 283.91, 1
885, 3635, 8, 0, 3657, 4219, 584, 576, 73.00, 1
886, 3642, 3, 0, 3662, 3664, 22, 19, 7.33, 1
887, 3644, 1, 0, 3665, 3665, 21, 20, 21.00, 1
888, 3645, 16, 0, 3666, 12644, 8999, 8983, 562.44, 1
889, 3648, 3, 0, 3671, 3673, 25, 22, 8.33, 1
890, 3649, 3, 0, 3674, 3676, 27, 24, 9.00, 1
891, 3652, 1, 0, 3677, 3677, 25, 24, 25.00, 1
892, 3653, 14, 0, 3678, 6763, 3110, 3096, 222.14, 1
893, 3659, 1, 0, 3683, 3683, 24, 23, 24.00, 1
894, 3661, 4, 0, 3684, 3687, 26, 22, 6.50, 1
895, 3667, 5, 0, 3688, 3692, 25, 20, 5.00, 1
896, 3674, 3, 0, 3693, 3695, 21, 18, 7.00, 1
897, 3677, 1, 0, 3696, 3696, 19, 18, 19.00, 1
898, 3680, 3, 0, 3697, 3699, 19, 16, 6.33, 1
899, 3685, 1, 0, 3700, 3700, 15, 14, 15.00, 1
900, 3691, 7, 0, 3701, 4231, 540, 533, 77.14, 1
901, 3693, 6, 0, 3706, 4232, 539, 533, 89.83, 1
902, 3694, 1, 0, 3711, 3711, 17, 16, 17.00, 1
903, 3695, 4, 0, 3712, 3715, 20, 16, 5.00, 1
904, 3699, 7, 0, 3716, 4234, 535, 528, 76.43, 1
905, 3703, 1, 0, 3721, 3721, 18, 17, 18.00, 1
906, 3705, 1, 0, 3722, 3722, 17, 16, 17.00, 1
907, 3712, 4, 0, 3723, 3726, 14, 10, 3.50, 1
908, 3719, 3, 0, 3727, 3729, 10, 7, 3.33, 1
909, 3720, 4, 0, 3730, 3733, 13, 9, 3.25, 1
910, 3722, 3, 0, 3734, 3736, 14, 11, 4.67, 1
911, 3724, 1, 0, 3737, 3737, 13, 12, 13.00, 1
912, 3729, 4, 0, 3738, 3741, 12, 8, 3.00, 1
913, 3732, 8, 0, 3742, 4237, 505, 497, 63.12, 1
914, 3733, 2, 0, 3747, 3748, 15, 13, 7.50, 1
915, 3740, 1, 0, 3749, 3749, 9, 8, 9.00, 1
916, 3749, 5, 0, 3750, 3754, 5, 0, 1.00, 1
917, 3750, 2, 0, 3755, 3756, 6, 4, 3.00, 1
918, 3753, 1, 0, 3757, 3757, 4, 3, 4.00, 1
919, 3758, 5, 0, 4238, 4242, 484, 479, 96.80, 1
920, 3764, 4, 0, 4243, 4246, 482, 478, 120.50, 1
921, 3766, 2, 0, 4247, 4248, 482, 480, 241.00, 1
922, 3770, 4, 0, 4249, 4252, 482, 478, 120.50, 1
923, 3775, 3, 0, 4253, 4255, 480, 477, 160.00, 1
924, 3788, 5, 0, 4256, 4260, 472, 467, 94.40, 1
925, 3791, 2, 0, 4261, 4262, 471, 469, 235.50, 1
926, 3795, 2, 0, 4263, 4264, 469, 467, 234.50, 1
927, 3797, 7, 0, 4265, 6765, 2968, 2961, 424.00, 1
928, 3803, 2, 0, 4270, 4271, 468, 466, 234.00, 1
929, 3806, 8, 0, 4272, 6768, 2962, 2954, 370.25, 1
930, 3808, 2, 0, 4277, 4278, 470, 468, 235.00, 1
931, 3812, 16, 0, 4279, 25531, 21719, 21703, 1357.44, 1
932, 3814, 5, 0, 4284, 4288, 474, 469, 94.80, 1
933, 3819, 1, 0, 4289, 4289, 470, 469, 470.00, 1
934, 3835, 2, 0, 4290, 4291, 456, 454, 228.00, 1
935, 3836, 3, 0, 4292, 4294, 458, 455, 152.67, 1
936, 3837, 9, 0, 4295, 6777, 2940, 2931, 326.67, 1
937, 3838, 3, 0, 4300, 4302, 464, 461, 154.67, 1
938, 3840, 3, 0, 4303, 4305, 465, 462, 155.00, 1
939, 3842, 1, 0, 4306, 4306, 464, 463, 464.00, 1
940, 3844, 6, 0, 4307, 6778, 2934, 2928, 489.00, 1
941, 3850, 6, 0, 4312, 6779, 2929, 2923, 488.17, 1
942, 3853, 5, 0, 4317, 4321, 468, 463, 93.60, 1
943, 3854, 1, 0, 4322, 4322, 468, 467, 468.00, 1
944, 3855, 2, 0, 4323, 4324, 469, 467, 234.50, 1
945, 3862, 14, 0, 4325, 12653, 8791, 8777, 627.93, 1
946, 3867, 3, 0, 4330, 4332, 465, 462, 155.00, 1
947, 3868, 7, 0, 4333, 6786, 2918, 2911, 416.86, 1
948, 3869, 3, 0, 4338, 4340, 471, 468, 157.00, 1
949, 3881, 6, 0, 4341, 6787, 2906, 2900, 484.33, 1
950, 3885, 3, 0, 4346, 4348, 463, 460, 154.33, 1
951, 3888, 3, 0, 4349, 4351, 463, 460, 154.33, 1
952, 3892, 5, 0, 4352, 4356, 464, 459, 92.80, 1
953, 3894, 13, 0, 4357, 12656, 8762, 8749, 674.00, 1
954, 3901, 16, 0, 4362, 25532, 21631, 21615, 1351.94, 1
955, 3902, 6, 0, 4367, 6798, 2896, 2890, 482.67, 1
956, 3905, 2, 0, 4372, 4373, 468, 466, 234.00, 1
957, 3906, 4, 0, 4374, 4377, 471, 467, 117.75, 1
958, 3907, 5, 0, 4378, 4382, 475, 470, 95.00, 1
959, 3908, 5, 0, 4383, 4387, 479, 474, 95.80, 1
960, 3910, 15, 0, 4388, 12666, 8756, 8741, 583.73, 1
961, 3911, 7, 0, 4393, 6805, 2894, 2887, 413.43, 1
962, 3920, 15, 0, 4398, 12671, 8751, 8736, 583.40, 1
963, 3922, 5, 0, 4403, 4407, 485, 480, 97.00, 1
964, 3924, 10, 0, 4408, 6815, 2891, 2881, 289.10, 1
965, 3931, 14, 0, 4413, 12675, 8744, 8730, 624.57, 1
966, 3934, 4, 0, 4418, 4421, 487, 483, 121.75, 1
967, 3935, 1, 0, 4422, 4422, 487, 486, 487.00, 1
968, 3937, 3, 0, 4423, 4425, 488, 485, 162.67, 1
969, 3939, 4, 0, 4426, 4429, 490, 486, 122.50, 1
970, 3943, 10, 0, 4430, 6825, 2882, 2872, 288.20, 1
971, 3945, 6, 0, 4435, 6826, 2881, 2875, 480.17, 1
972, 3946, 2, 0, 4440, 4441, 495, 493, 247.50, 1
973, 3954, 1, 0, 4442, 4442, 488, 487, 488.00, 1
974, 3955, 3, 0, 4443, 4445, 490, 487, 163.33, 1
975, 3957, 19, 0, 4446, 25536, 21579, 21560, 1135.74, 1
976, 3960, 24, 0, 4451, 41883, 37923, 37899, 1580.12, 1
977, 3961, 7, 0, 4456, 6838, 2877, 2870, 411.00, 1
978, 3962, 4, 0, 4461, 4464, 502, 498, 125.50, 1
979, 3966, 4, 0, 4465, 4468, 502, 498, 125.50, 1
980, 3967, 1, 0, 4469, 4469, 502, 501, 502.00, 1
981, 3969, 7, 0, 4470, 6840, 2871, 2864, 410.14, 1
982, 3973, 17, 0, 4475, 25543, 21570, 21553, 1268.82, 1
983, 3976, 4, 0, 4480, 4483, 507, 503, 126.75, 1
984, 3982, 4, 0, 4484, 4487, 505, 501, 126.25, 1
985, 3984, 2, 0, 4488, 4489, 505, 503, 252.50, 1
986, 3995, 7, 0, 4490, 6847, 2852, 2845, 407.43, 1
987, 3997, 1, 0, 4495, 4495, 498, 497, 498.00, 1
988, 4001, 7, 0, 4496, 6849, 2848, 2841, 406.86, 1
989, 4002, 5, 0, 4501, 4505, 503, 498, 100.60, 1
990, 4004, 1, 0, 4506, 4506, 502, 501, 502.00, 1
991, 4005, 1, 0, 4507, 4507, 502, 501, 502.00, 1
992, 4006, 5, 0, 4508, 4512, 506, 501, 101.20, 1
993, 4016, 1, 0, 4513, 4513, 497, 496, 497.00, 1
994, 4020, 5, 0, 4514, 4518, 498, 493, 99.60, 1
995, 4028, 2, 0, 4519, 4520, 492, 490, 246.00, 1
996, 4031, 7, 0, 4521, 6851, 2820, 2813, 402.86, 1
997, 4037, 10, 0, 4526, 6856, 2819, 2809, 281.90, 1
998, 4044, 5, 0, 4531, 4535, 491, 486, 98.20, 1
999, 4047, 3, 0, 4536, 4538, 491, 488, 163.67, 1
1000, 4049, 5, 0, 4539, 4543, 494, 489, 98.80, 1
1001, 4052, 9, 0, 4544, 6860, 2808, 2799, 312.00, 1
1002, 4055, 2, 0, 4549, 4550, 495, 493, 247.50, 1
1003, 4056, 5, 0, 4551, 4555, 499, 494, 99.80, 1
1004, 4061, 1, 0, 4556, 4556, 495, 494, 495.00, 1
1005, 4062, 31, 0, 4557, 48720, 44658, 44627, 1440.58, 1
1006, 4064, 2, 0, 4562, 4563, 499, 497, 249.50, 1
1007, 4065, 4, 0, 4564, 4567, 502, 498, 125.50, 1
1008, 4068, 3, 0, 4568, 4570, 502, 499, 167.33, 1
1009, 4071, 2, 0, 4571, 4572, 501, 499, 250.50, 1
1010, 4073, 3, 0, 4573, 4575, 502, 499, 167.33, 1
1011, 4075, 2, 0, 4576, 4577, 502, 500, 251.00, 1
1012, 4076, 1, 0, 4578, 4578, 502, 501, 502.00, 1
1013, 4080, 3, 0, 4579, 4581, 501, 498, 167.00, 1
1014, 4081, 4, 0, 4582, 4585, 504, 500, 126.00, 1
1015, 4084, 2, 0, 4586, 4587, 503, 501, 251.50, 1
1016, 4085, 2, 0, 4588, 4589, 504, 502, 252.00, 1
1017, 4086, 1, 0, 4590, 4590, 504, 503, 504.00, 1
1018, 4090, 1, 0, 4591, 4591, 501, 500, 501.00, 1
1019, 4095, 4, 0, 4592, 4595, 500, 496, 125.00, 1
1020, 4101, 4, 0, 4596, 4599, 498, 494, 124.50, 1
1021, 4106, 2, 0, 4600, 4601, 495, 493, 247.50, 1
1022, 4107, 9, 0, 4602, 6869, 2762, 2753, 306.89, 1
1023, 4108, 3, 0, 4607, 4609, 501, 498, 167.00, 1
1024, 4109, 11, 0, 4610, 12696, 8587, 8576, 780.64, 1
1025, 4117, 1, 0, 4615, 4615, 498, 497, 498.00, 1
1026, 4120, 3, 0, 4616, 4618, 498, 495, 166.00, 1
1027, 4121, 2, 0, 4619, 4620, 499, 497, 249.50, 1
1028, 4130, 1, 0, 4621, 4621, 491, 490, 491.00, 1
1029, 4139, 5, 0, 4622, 4626, 487, 482, 97.40, 1
1030, 4141, 7, 0, 4627, 6876, 2735, 2728, 390.71, 1
1031, 4142, 1, 0, 4632, 4632, 490, 489, 490.00, 1
1032, 4148, 3, 0, 4633, 4635, 487, 484, 162.33, 1
1033, 4150, 2, 0, 4636, 4637, 487, 485, 243.50, 1
1034, 4160, 4, 0, 4638, 4641, 481, 477, 120.25, 1
1035, 4163, 5, 0, 4642, 4646, 483, 478, 96.60, 1
1036, 4164, 1, 0, 4647, 4647, 483, 482, 483.00, 1
1037, 4167, 2, 0, 4648, 4649, 482, 480, 241.00, 1
1038, 4186, 3, 0, 4650, 4652, 466, 463, 155.33, 1
1039, 4189, 10, 0, 4653, 6881, 2692, 2682, 269.20, 1
1040, 4194, 3, 0, 4658, 4660, 466, 463, 155.33, 1
1041, 4195, 3, 0, 4661, 4663, 468, 465, 156.00, 1
1042, 4207, 8, 0, 4664, 6884, 2677, 2669, 334.62, 1
1043, 4212, 16, 0, 4669, 25549, 21337, 21321, 1333.56, 1
1044, 4218, 1, 0, 4674, 4674, 456, 455, 456.00, 1
1045, 4221, 6, 0, 4675, 6890, 2669, 2663, 444.83, 1
1046, 4229, 2, 0, 4680, 4681, 452, 450, 226.00, 1
1047, 4233, 6, 0, 4682, 6891, 2658, 2652, 443.00, 1
1048, 4235, 4, 0, 4687, 4690, 455, 451, 113.75, 1
1049, 4237, 5, 0, 4691, 4695, 458, 453, 91.60, 1
1050, 4239, 6, 0, 4696, 6892, 2653, 2647, 442.17, 1
1051, 4242, 2, 0, 4701, 4702, 460, 458, 230.00, 1
1052, 4243, 5, 0, 4703, 4707, 464, 459, 92.80, 1
1053, 4245, 4, 0, 4708, 4711, 466, 462, 116.50, 1
1054, 4250, 10, 0, 4712, 6897, 2647, 2637, 264.70, 1
1055, 4256, 6, 0, 4717, 6898, 2642, 2636, 440.33, 1
1056, 4258, 14, 0, 4722, 12705, 8447, 8433, 603.36, 1
1057, 4261, 9, 0, 4727, 6907, 2646, 2637, 294.00, 1
1058, 4262, 1, 0, 4732, 4732, 470, 469, 470.00, 1
1059, 4266, 1, 0, 4733, 4733, 467, 466, 467.00, 1
1060, 4274, 3, 0, 4734, 4736, 462, 459, 154.00, 1
1061, 4276, 9, 0, 4737, 6911, 2635, 2626, 292.78, 1
1062, 4277, 3, 0, 4742, 4744, 467, 464, 155.67, 1
1063, 4280, 2, 0, 4745, 4746, 466, 464, 233.00, 1
1064, 4282, 8, 0, 4747, 6914, 2632, 2624, 329.00, 1
1065, 4286, 3, 0, 4752, 4754, 468, 465, 156.00, 1
1066, 4287, 1, 0, 4755, 4755, 468, 467, 468.00, 1
1067, 4291, 1, 0, 4756, 4756, 465, 464, 465.00, 1
1068, 4303, 3, 0, 4757, 4759, 456, 453, 152.00, 1
1069, 4304, 3, 0, 4760, 4762, 458, 455, 152.67, 1
1070, 4305, 1, 0, 4763, 4763, 458, 457, 458.00, 1
1071, 4307, 5, 0, 4764, 4768, 461, 456, 92.20, 1
1072, 4309, 8, 0, 4769, 6917, 2608, 2600, 326.00, 1
1073, 4312, 9, 0, 4774, 6921, 2609, 2600, 289.89, 1
1074, 4314, 1, 0, 4779, 4779, 465, 464, 465.00, 1
1075, 4316, 2, 0, 4780, 4781, 465, 463, 232.50, 1
1076, 4323, 5, 0, 4782, 4786, 463, 458, 92.60, 1
1077, 4328, 1, 0, 4787, 4787, 459, 458, 459.00, 1
1078, 4334, 7, 0, 4788, 6923, 2589, 2582, 369.86, 1
1079, 4335, 11, 0, 4793, 12706, 8371, 8360, 761.00, 1
1080, 4340, 1, 0, 4798, 4798, 458, 457, 458.00, 1
1081, 4343, 4, 0, 4799, 4802, 459, 455, 114.75, 1
1082, 4344, 2, 0, 4803, 4804, 460, 458, 230.00, 1
1083, 4347, 6, 0, 4805, 6929, 2582, 2576, 430.33, 1
1084, 4351, 10, 0, 4810, 6934, 2583, 2573, 258.30, 1
1085, 4362, 1, 0, 4815, 4815, 453, 452, 453.00, 1
1086, 4366, 3, 0, 4816, 4818, 452, 449, 150.67, 1
1087, 4369, 3, 0, 4819, 4821, 452, 449, 150.67, 1
1088, 4374, 6, 0, 4822, 6935, 2561, 2555, 426.83, 1
1089, 4380, 5, 0, 4827, 4831, 451, 446, 90.20, 1
1090, 4384, 3, 0, 4832, 4834, 450, 447, 150.00, 1
1091, 4385, 4, 0, 4835, 4838, 453, 449, 113.25, 1
1092, 4392, 4, 0, 4839, 4842, 450, 446, 112.50, 1
1093, 4398, 15, 0, 4843, 12711, 8313, 8298, 554.20, 1
1094, 4402, 2, 0, 4848, 4849, 447, 445, 223.50, 1
1095, 4407, 11, 0, 4850, 12712, 8305, 8294, 755.00, 1
1096, 4410, 2, 0, 4855, 4856, 446, 444, 223.00, 1
1097, 4413, 2, 0, 4857, 4858, 445, 443, 222.50, 1
1098, 4415, 9, 0, 4859, 6949, 2534, 2525, 281.56, 1
1099, 4420, 3, 0, 4864, 4866, 446, 443, 148.67, 1
1100, 4423, 5, 0, 4867, 4871, 448, 443, 89.60, 1
1101, 4433, 3, 0, 4872, 4874, 441, 438, 147.00, 1
1102, 4434, 5, 0, 4875, 4879, 445, 440, 89.00, 1
1103, 4440, 7, 0, 4880, 6951, 2511, 2504, 358.71, 1
1104, 4446, 4, 0, 4885, 4888, 442, 438, 110.50, 1
1105, 4449, 6, 0, 4889, 6952, 2503, 2497, 417.17, 1
1106, 4454, 15, 0, 4894, 12717, 8263, 8248, 550.87, 1
1107, 4457, 1, 0, 4899, 4899, 442, 441, 442.00, 1
1108, 4458, 2, 0, 4900, 4901, 443, 441, 221.50, 1
1109, 4469, 4, 0, 4902, 4905, 436, 432, 109.00, 1
1110, 4475, 7, 0, 4906, 6959, 2484, 2477, 354.86, 1
1111, 4478, 4, 0, 4911, 4914, 436, 432, 109.00, 1
1112, 4480, 3, 0, 4915, 4917, 437, 434, 145.67, 1
1113, 4489, 4, 0, 4918, 4921, 432, 428, 108.00, 1
1114, 4492, 1, 0, 4922, 4922, 430, 429, 430.00, 1
1115, 4495, 2, 0, 4923, 4924, 429, 427, 214.50, 1
1116, 4497, 7, 0, 4925, 6961, 2464, 2457, 352.00, 1
1117, 4498, 11, 0, 4930, 12718, 8220, 8209, 747.27, 1
1118, 4502, 5, 0, 4935, 4939, 437, 432, 87.40, 1
1119, 4512, 2, 0, 4940, 4941, 429, 427, 214.50, 1
1120, 4517, 11, 0, 4942, 12719, 8202, 8191, 745.64, 1
1121, 4520, 5, 0, 4947, 4951, 431, 426, 86.20, 1
1122, 4521, 1, 0, 4952, 4952, 431, 430, 431.00, 1
1123, 4528, 7, 0, 4953, 6973, 2445, 2438, 349.29, 1
1124, 4532, 3, 0, 4958, 4960, 428, 425, 142.67, 1
1125, 4540, 3, 0, 4961, 4963, 423, 420, 141.00, 1
1126, 4541, 2, 0, 4964, 4965, 424, 422, 212.00, 1
1127, 4546, 1, 0, 4966, 4966, 420, 419, 420.00, 1
1128, 4549, 1, 0, 4967, 4967, 418, 417, 418.00, 1
1129, 4554, 1, 0, 4968, 4968, 414, 413, 414.00, 1
1130, 4555, 5, 0, 4969, 4973, 418, 413, 83.60, 1
1131, 4563, 9, 0, 4974, 6977, 2414, 2405, 268.22, 1
1132, 4570, 3, 0, 4979, 4981, 411, 408, 137.00, 1
1133, 4572, 1, 0, 4982, 4982, 410, 409, 410.00, 1
1134, 4573, 5, 0, 4983, 4987, 414, 409, 82.80, 1
1135, 4574, 4, 0, 4988, 4991, 417, 413, 104.25, 1
1136, 4575, 15, 0, 4992, 12724, 8149, 8134, 543.27, 1
1137, 4576, 4, 0, 4997, 5000, 424, 420, 106.00, 1
1138, 4577, 9, 0, 5001, 6986, 2409, 2400, 267.67, 1
1139, 4581, 5, 0, 5006, 5010, 429, 424, 85.80, 1
1140, 4584, 17, 0, 5011, 25551, 20967, 20950, 1233.35, 1
1141, 4587, 2, 0, 5016, 5017, 430, 428, 215.00, 1
1142, 4592, 1, 0, 5018, 5018, 426, 425, 426.00, 1
1143, 4598, 2, 0, 5019, 5020, 422, 420, 211.00, 1
1144, 4603, 4, 0, 5021, 5024, 421, 417, 105.25, 1
1145, 4608, 2, 0, 5025, 5026, 418, 416, 209.00, 1
1146, 4611, 3, 0, 5027, 5029, 418, 415, 139.33, 1
1147, 4613, 2, 0, 5030, 5031, 418, 416, 209.00, 1
1148, 4616, 1, 0, 5032, 5032, 416, 415, 416.00, 1
1149, 4618, 3, 0, 5033, 5035, 417, 414, 139.00, 1
1150, 4630, 7, 0, 5036, 6993, 2363, 2356, 337.57, 1
1151, 4635, 2, 0, 5041, 5042, 407, 405, 203.50, 1
1152, 4639, 11, 0, 5043, 12730, 8091, 8080, 735.55, 1
1153, 4640, 2, 0, 5048, 5049, 409, 407, 204.50, 1
1154, 4645, 5, 0, 5050, 5054, 409, 404, 81.80, 1
1155, 4656, 1, 0, 5055, 5055, 399, 398, 399.00, 1
1156, 4663, 3, 0, 5056, 5058, 395, 392, 131.67, 1
1157, 4668, 3, 0, 5059, 5061, 393, 390, 131.00, 1
1158, 4669, 4, 0, 5062, 5065, 396, 392, 99.00, 1
1159, 4674, 1, 0, 5066, 5066, 392, 391, 392.00, 1
1160, 4677, 3, 0, 5067, 5069, 392, 389, 130.67, 1
1161, 4681, 4, 0, 5070, 5073, 392, 388, 98.00, 1
1162, 4684, 7, 0, 5074, 7000, 2316, 2309, 330.86, 1
1163, 4691, 8, 0, 5079, 7003, 2312, 2304, 289.00, 1
1164, 4694, 3, 0, 5084, 5086, 392, 389, 130.67, 1
1165, 4699, 2, 0, 5087, 5088, 389, 387, 194.50, 1
1166, 4702, 3, 0, 5089, 5091, 389, 386, 129.67, 1
1167, 4704, 1, 0, 5092, 5092, 388, 387, 388.00, 1
1168, 4713, 2, 0, 5093, 5094, 381, 379, 190.50, 1
1169, 4723, 5, 0, 5095, 5099, 376, 371, 75.20, 1
1170, 4724, 3, 0, 5100, 5102, 378, 375, 126.00, 1
1171, 4730, 4, 0, 5103, 5106, 376, 372, 94.00, 1
1172, 4737, 2, 0, 5107, 5108, 371, 369, 185.50, 1
1173, 4742, 13, 0, 5109, 12733, 7991, 7978, 614.69, 1
1174, 4744, 2, 0, 5114, 5115, 371, 369, 185.50, 1
1175, 4752, 2, 0, 5116, 5117, 365, 363, 182.50, 1
1176, 4755, 2, 0, 5118, 5119, 364, 362, 182.00, 1
1177, 4768, 10, 0, 5120, 7013, 2245, 2235, 224.50, 1
1178, 4769, 3, 0, 5125, 5127, 358, 355, 119.33, 1
1179, 4771, 4, 0, 5128, 5131, 360, 356, 90.00, 1
1180, 4772, 5, 0, 5132, 5136, 364, 359, 72.80, 1
1181, 4773, 4, 0, 5137, 5140, 367, 363, 91.75, 1
1182, 4775, 7, 0, 5141, 7015, 2240, 2233, 320.00, 1
1183, 4776, 4, 0, 5146, 5149, 373, 369, 93.25, 1
1184, 4778, 6, 0, 5150, 7016, 2238, 2232, 373.00, 1
1185, 4793, 1, 0, 5155, 5155, 362, 361, 362.00, 1
1186, 4796, 3, 0, 5156, 5158, 362, 359, 120.67, 1
1187, 4798, 1, 0, 5159, 5159, 361, 360, 361.00, 1
1188, 4806, 2, 0, 5160, 5161, 355, 353, 177.50, 1
1189, 4807, 1, 0, 5162, 5162, 355, 354, 355.00, 1
1190, 4814, 2, 0, 5163, 5164, 350, 348, 175.00, 1
1191, 4816, 1, 0, 5165, 5165, 349, 348, 349.00, 1
1192, 4820, 6, 0, 5166, 7017, 2197, 2191, 366.17, 1
1193, 4821, 5, 0, 5171, 5175, 354, 349, 70.80, 1
1194, 4823, 17, 0, 5176, 25553, 20730, 20713, 1219.41, 1
1195, 4824, 9, 0, 5181, 7026, 2202, 2193, 244.67, 1
1196, 4829, 11, 0, 5186, 12739, 7910, 7899, 719.09, 1
1197, 4833, 8, 0, 5191, 7034, 2201, 2193, 275.12, 1
1198, 4835, 2, 0, 5196, 5197, 362, 360, 181.00, 1
1199, 4846, 5, 0, 5198, 5202, 356, 351, 71.20, 1
1200, 4856, 6, 0, 5203, 7035, 2179, 2173, 363.17, 1
1201, 4867, 2, 0, 5208, 5209, 342, 340, 171.00, 1
1202, 4869, 1, 0, 5210, 5210, 341, 340, 341.00, 1
1203, 4870, 7, 0, 5211, 7037, 2167, 2160, 309.57, 1
1204, 4871, 7, 0, 5216, 7039, 2168, 2161, 309.71, 1
1205, 4873, 1, 0, 5221, 5221, 348, 347, 348.00, 1
1206, 4874, 9, 0, 5222, 7043, 2169, 2160, 241.00, 1
1207, 4880, 5, 0, 5227, 5231, 351, 346, 70.20, 1
1208, 4881, 7, 0, 5232, 7045, 2164, 2157, 309.14, 1
1209, 4889, 2, 0, 5237, 5238, 349, 347, 174.50, 1
1210, 4898, 12, 0, 5239, 12741, 7843, 7831, 653.58, 1
1211, 4900, 1, 0, 5244, 5244, 344, 343, 344.00, 1
1212, 4901, 2, 0, 5245, 5246, 345, 343, 172.50, 1
1213, 4906, 1, 0, 5247, 5247, 341, 340, 341.00, 1
1214, 4910, 1, 0, 5248, 5248, 338, 337, 338.00, 1
1215, 4917, 2, 0, 5249, 5250, 333, 331, 166.50, 1
1216, 4923, 5, 0, 5251, 5255, 332, 327, 66.40, 1
1217, 4925, 11, 0, 5256, 12742, 7817, 7806, 710.64, 1
1218, 4928, 2, 0, 5261, 5262, 334, 332, 167.00, 1
1219, 4930, 2, 0, 5263, 5264, 334, 332, 167.00, 1
1220, 4933, 5, 0, 5265, 5269, 336, 331, 67.20, 1
1221, 4936, 1, 0, 5270, 5270, 334, 333, 334.00, 1
1222, 4940, 1, 0, 5271, 5271, 331, 330, 331.00, 1
1223, 4953, 1, 0, 5272, 5272, 319, 318, 319.00, 1
1224, 4954, 2, 0, 5273, 5274, 320, 318, 160.00, 1
1225, 4955, 1, 0, 5275, 5275, 320, 319, 320.00, 1
1226, 4958, 4, 0, 5276, 5279, 321, 317, 80.25, 1
1227, 4968, 1, 0, 5280, 5280, 312, 311, 312.00, 1
1228, 4970, 5, 0, 5281, 5285, 315, 310, 63.00, 1
1229, 4972, 4, 0, 5286, 5289, 317, 313, 79.25, 1
1230, 4980, 8, 0, 5290, 7058, 2078, 2070, 259.75, 1
1231, 4982, 1, 0, 5295, 5295, 313, 312, 313.00, 1
1232, 4985, 3, 0, 5296, 5298, 313, 310, 104.33, 1
1233, 4987, 7, 0, 5299, 7060, 2073, 2066, 296.14, 1
1234, 4988, 1, 0, 5304, 5304, 316, 315, 316.00, 1
1235, 4990, 3, 0, 5305, 5307, 317, 314, 105.67, 1
1236, 4994, 16, 0, 5308, 25554, 20560, 20544, 1285.00, 1
1237, 5006, 11, 0, 5313, 12748, 7742, 7731, 703.82, 1
1238, 5010, 29, 0, 5318, 47033, 42023, 41994, 1449.07, 1
1239, 5011, 2, 0, 5323, 5324, 313, 311, 156.50, 1
1240, 5014, 7, 0, 5325, 7077, 2063, 2056, 294.71, 1
1241, 5016, 3, 0, 5330, 5332, 316, 313, 105.33, 1
1242, 5018, 1, 0, 5333, 5333, 315, 314, 315.00, 1
1243, 5022, 2, 0, 5334, 5335, 313, 311, 156.50, 1
1244, 5030, 6, 0, 5336, 7078, 2048, 2042, 341.33, 1
1245, 5031, 6, 0, 5341, 7079, 2048, 2042, 341.33, 1
1246, 5032, 7, 0, 5346, 7081, 2049, 2042, 292.71, 1
1247, 5033, 4, 0, 5351, 5354, 321, 317, 80.25, 1
1248, 5036, 4, 0, 5355, 5358, 322, 318, 80.50, 1
1249, 5039, 4, 0, 5359, 5362, 323, 319, 80.75, 1
1250, 5047, 6, 0, 5363, 7082, 2035, 2029, 339.17, 1
1251, 5053, 3, 0, 5368, 5370, 317, 314, 105.67, 1
1252, 5060, 9, 0, 5371, 7086, 2026, 2017, 225.11, 1
1253, 5064, 3, 0, 5376, 5378, 314, 311, 104.67, 1
1254, 5068, 4, 0, 5379, 5382, 314, 310, 78.50, 1
1255, 5071, 3, 0, 5383, 5385, 314, 311, 104.67, 1
1256, 5076, 3, 0, 5386, 5388, 312, 309, 104.00, 1
1257, 5077, 7, 0, 5389, 7088, 2011, 2004, 287.29, 1
1258, 5079, 1, 0, 5394, 5394, 315, 314, 315.00, 1
1259, 5082, 9, 0, 5395, 7092, 2010, 2001, 223.33, 1
1260, 5087, 6, 0, 5400, 7093, 2006, 2000, 334.33, 1
1261, 5091, 1, 0, 5405, 5405, 314, 313, 314.00, 1
1262, 5096, 16, 0, 5406, 25560, 20464, 20448, 1279.00, 1
1263, 5097, 5, 0, 5411, 5415, 318, 313, 63.60, 1
1264, 5103, 15, 0, 5416, 12763, 7660, 7645, 510.67, 1
1265, 5112, 3, 0, 5421, 5423, 311, 308, 103.67, 1
1266, 5113, 9, 0, 5424, 7107, 1994, 1985, 221.56, 1
1267, 5114, 8, 0, 5429, 7110, 1996, 1988, 249.50, 1
1268, 5116, 4, 0, 5434, 5437, 321, 317, 80.25, 1
1269, 5118, 7, 0, 5438, 7112, 1994, 1987, 284.86, 1
1270, 5120, 8, 0, 5443, 7115, 1995, 1987, 249.38, 1
1271, 5132, 5, 0, 5448, 5452, 320, 315, 64.00, 1
1272, 5133, 6, 0, 5453, 7116, 1983, 1977, 330.50, 1
1273, 5139, 3, 0, 5458, 5460, 321, 318, 107.00, 1
1274, 5143, 3, 0, 5461, 5463, 320, 317, 106.67, 1
1275, 5145, 14, 0, 5464, 12767, 7622, 7608, 544.43, 1
1276, 5146, 1, 0, 5469, 5469, 323, 322, 323.00, 1
1277, 5155, 5, 0, 5470, 5474, 319, 314, 63.80, 1
1278, 5159, 2, 0, 5475, 5476, 317, 315, 158.50, 1
1279, 5163, 6, 0, 5477, 7122, 1959, 1953, 326.50, 1
1280, 5165, 9, 0, 5482, 7126, 1961, 1952, 217.89, 1
1281, 5174, 4, 0, 5487, 5490, 316, 312, 79.00, 1
1282, 5175, 22, 0, 5491, 41895, 36720, 36698, 1669.09, 1
1283, 5187, 1, 0, 5496, 5496, 309, 308, 309.00, 1
1284, 5192, 1, 0, 5497, 5497, 305, 304, 305.00, 1
1285, 5195, 4, 0, 5498, 5501, 306, 302, 76.50, 1
1286, 5197, 1, 0, 5502, 5502, 305, 304, 305.00, 1
1287, 5201, 1, 0, 5503, 5503, 302, 301, 302.00, 1
1288, 5204, 22, 0, 5504, 41897, 36693, 36671, 1667.86, 1
1289, 5205, 3, 0, 5509, 5511, 306, 303, 102.00, 1
1290, 5207, 16, 0, 5512, 25571, 20364, 20348, 1272.75, 1
1291, 5211, 3, 0, 5517, 5519, 308, 305, 102.67, 1
1292, 5216, 6, 0, 5520, 7142, 1926, 1920, 321.00, 1
1293, 5218, 11, 0, 5525, 12783, 7565, 7554, 687.73, 1
1294, 5222, 5, 0, 5530, 5534, 312, 307, 62.40, 1
1295, 5224, 8, 0, 5535, 7150, 1926, 1918, 240.75, 1
1296, 5232, 3, 0, 5540, 5542, 310, 307, 103.33, 1
1297, 5236, 6, 0, 5543, 7151, 1915, 1909, 319.17, 1
1298, 5242, 1, 0, 5548, 5548, 306, 305, 306.00, 1
1299, 5244, 5, 0, 5549, 5553, 309, 304, 61.80, 1
1300, 5251, 13, 0, 5554, 12786, 7535, 7522, 579.62, 1
1301, 5255, 7, 0, 5559, 7158, 1903, 1896, 271.86, 1
1302, 5259, 7, 0, 5564, 7160, 1901, 1894, 271.57, 1
1303, 5260, 1, 0, 5569, 5569, 309, 308, 309.00, 1
1304, 5261, 6, 0, 5570, 7161, 1900, 1894, 316.67, 1
1305, 5262, 12, 0, 5575, 12788, 7526, 7514, 627.17, 1
1306, 5268, 2, 0, 5580, 5581, 313, 311, 156.50, 1
1307, 5269, 1, 0, 5582, 5582, 313, 312, 313.00, 1
1308, 5272, 1, 0, 5583, 5583, 311, 310, 311.00, 1
1309, 5278, 3, 0, 5584, 5586, 308, 305, 102.67, 1
1310, 5282, 3, 0, 5587, 5589, 307, 304, 102.33, 1
1311, 5289, 5, 0, 5590, 5594, 305, 300, 61.00, 1
1312, 5296, 9, 0, 5595, 7170, 1874, 1865, 208.22, 1
1313, 5298, 13, 0, 5600, 12791, 7493, 7480, 576.38, 1
1314, 5304, 1, 0, 5605, 5605, 301, 300, 301.00, 1
1315, 5308, 3, 0, 5606, 5608, 300, 297, 100.00, 1
1316, 5309, 4, 0, 5609, 5612, 303, 299, 75.75, 1
1317, 5311, 1, 0, 5613, 5613, 302, 301, 302.00, 1
1318, 5319, 6, 0, 5614, 7176, 1857, 1851, 309.50, 1
1319, 5335, 1, 0, 5619, 5619, 284, 283, 284.00, 1
1320, 5342, 2, 0, 5620, 5621, 279, 277, 139.50, 1
1321, 5345, 6, 0, 5622, 7177, 1832, 1826, 305.33, 1
1322, 5348, 1, 0, 5627, 5627, 279, 278, 279.00, 1
1323, 5356, 1, 0, 5628, 5628, 272, 271, 272.00, 1
1324, 5361, 4, 0, 5629, 5632, 271, 267, 67.75, 1
1325, 5362, 3, 0, 5633, 5635, 273, 270, 91.00, 1
1326, 5368, 8, 0, 5636, 7180, 1812, 1804, 226.50, 1
1327, 5373, 3, 0, 5641, 5643, 270, 267, 90.00, 1
1328, 5376, 5, 0, 5644, 5648, 272, 267, 54.40, 1
1329, 5377, 3, 0, 5649, 5651, 274, 271, 91.33, 1
1330, 5378, 4, 0, 5652, 5655, 277, 273, 69.25, 1
1331, 5381, 2, 0, 5656, 5657, 276, 274, 138.00, 1
1332, 5387, 2, 0, 5658, 5659, 272, 270, 136.00, 1
1333, 5391, 1, 0, 5660, 5660, 269, 268, 269.00, 1
1334, 5394, 15, 0, 5661, 12796, 7402, 7387, 493.47, 1
1335, 5398, 14, 0, 5666, 12800, 7402, 7388, 528.71, 1
1336, 5409, 4, 0, 5671, 5674, 265, 261, 66.25, 1
1337, 5410, 4, 0, 5675, 5678, 268, 264, 67.00, 1
1338, 5413, 3, 0, 5679, 5681, 268, 265, 89.33, 1
1339, 5418, 5, 0, 5682, 5686, 268, 263, 53.60, 1
1340, 5420, 2, 0, 5687, 5688, 268, 266, 134.00, 1
1341, 5421, 5, 0, 5689, 5693, 272, 267, 54.40, 1
1342, 5422, 1, 0, 5694, 5694, 272, 271, 272.00, 1
1343, 5434, 13, 0, 5695, 12803, 7369, 7356, 566.85, 1
1344, 5438, 4, 0, 5700, 5703, 265, 261, 66.25, 1
1345, 5441, 4, 0, 5704, 5707, 266, 262, 66.50, 1
1346, 5444, 6, 0, 5708, 7196, 1752, 1746, 292.00, 1
1347, 5449, 2, 0, 5713, 5714, 265, 263, 132.50, 1
1348, 5450, 2, 0, 5715, 5716, 266, 264, 133.00, 1
1349, 5456, 2, 0, 5717, 5718, 262, 260, 131.00, 1
1350, 5465, 2, 0, 5719, 5720, 255, 253, 127.50, 1
1351, 5467, 6, 0, 5721, 7197, 1730, 1724, 288.33, 1
1352, 5482, 1, 0, 5726, 5726, 244, 243, 244.00, 1
1353, 5485, 2, 0, 5727, 5728, 243, 241, 121.50, 1
1354, 5486, 3, 0, 5729, 5731, 245, 242, 81.67, 1
1355, 5487, 25, 0, 5732, 41902, 36415, 36390, 1456.60, 1
1356, 5490, 2, 0, 5737, 5738, 248, 246, 124.00, 1
1357, 5492, 2, 0, 5739, 5740, 248, 246, 124.00, 1
1358, 5499, 5, 0, 5741, 5745, 246, 241, 49.20, 1
1359, 5501, 2, 0, 5746, 5747, 246, 244, 123.00, 1
1360, 5505, 1, 0, 5748, 5748, 243, 242, 243.00, 1
1361, 5510, 3, 0, 5749, 5751, 241, 238, 80.33, 1
1362, 5513, 1, 0, 5752, 5752, 239, 238, 239.00, 1
1363, 5514, 6, 0, 5753, 7203, 1689, 1683, 281.50, 1
1364, 5520, 3, 0, 5758, 5760, 240, 237, 80.00, 1
1365, 5521, 2, 0, 5761, 5762, 241, 239, 120.50, 1
1366, 5532, 10, 0, 5763, 7208, 1676, 1666, 167.60, 1
1367, 5533, 8, 0, 5768, 7211, 1678, 1670, 209.75, 1
1368, 5539, 5, 0, 5773, 5777, 238, 233, 47.60, 1
1369, 5541, 1, 0, 5778, 5778, 237, 236, 237.00, 1
1370, 5545, 6, 0, 5779, 7212, 1667, 1661, 277.83, 1
1371, 5548, 4, 0, 5784, 5787, 239, 235, 59.75, 1
1372, 5557, 2, 0, 5788, 5789, 232, 230, 116.00, 1
1373, 5560, 2, 0, 5790, 5791, 231, 229, 115.50, 1
1374, 5562, 1, 0, 5792, 5792, 230, 229, 230.00, 1
1375, 5567, 5, 0, 5793, 5797, 230, 225, 46.00, 1
1376, 5574, 2, 0, 5798, 5799, 225, 223, 112.50, 1
1377, 5579, 1, 0, 5800, 5800, 221, 220, 221.00, 1
1378, 5580, 1, 0, 5801, 5801, 221, 220, 221.00, 1
1379, 5581, 8, 0, 5802, 7215, 1634, 1626, 204.25, 1
1380, 5590, 5, 0, 5807, 5811, 221, 216, 44.20, 1
1381, 5592, 7, 0, 5812, 7217, 1625, 1618, 232.14, 1
1382, 5596, 1, 0, 5817, 5817, 221, 220, 221.00, 1
1383, 5600, 21, 0, 5818, 41903, 36303, 36282, 1728.71, 1
1384, 5602, 4, 0, 5823, 5826, 224, 220, 56.00, 1
1385, 5603, 12, 0, 5827, 12815, 7212, 7200, 601.00, 1
1386, 5606, 11, 0, 5832, 12816, 7210, 7199, 655.45, 1
1387, 5610, 1, 0, 5837, 5837, 227, 226, 227.00, 1
1388, 5612, 15, 0, 5838, 12821, 7209, 7194, 480.60, 1
1389, 5613, 1, 0, 5843, 5843, 230, 229, 230.00, 1
1390, 5615, 3, 0, 5844, 5846, 231, 228, 77.00, 1
1391, 5617, 3, 0, 5847, 5849, 232, 229, 77.33, 1
1392, 5635, 1, 0, 5850, 5850, 215, 214, 215.00, 1
1393, 5643, 12, 0, 5851, 12823, 7180, 7168, 598.33, 1
1394, 5645, 1, 0, 5856, 5856, 211, 210, 211.00, 1
1395, 5646, 19, 0, 5857, 25585, 19939, 19920, 1049.42, 1
1396, 5649, 3, 0, 5862, 5864, 215, 212, 71.67, 1
1397, 5655, 3, 0, 5865, 5867, 212, 209, 70.67, 1
1398, 5659, 6, 0, 5868, 7248, 1589, 1583, 264.83, 1
1399, 5663, 9, 0, 5873, 7252, 1589, 1580, 176.56, 1
1400, 5664, 2, 0, 5878, 5879, 215, 213, 107.50, 1
1401, 5673, 3, 0, 5880, 5882, 209, 206, 69.67, 1
1402, 5680, 2, 0, 5883, 5884, 204, 202, 102.00, 1
1403, 5700, 2, 0, 5885, 5886, 186, 184, 93.00, 1
1404, 5701, 16, 0, 5887, 25586, 19885, 19869, 1242.81, 1
1405, 5704, 4, 0, 5892, 5895, 191, 187, 47.75, 1
1406, 5723, 1, 0, 5896, 5896, 173, 172, 173.00, 1
1407, 5725, 6, 0, 5897, 7258, 1533, 1527, 255.50, 1
1408, 5732, 2, 0, 5902, 5903, 171, 169, 85.50, 1
1409, 5733, 2, 0, 5904, 5905, 172, 170, 86.00, 1
1410, 5738, 1, 0, 5906, 5906, 168, 167, 168.00, 1
1411, 5740, 3, 0, 5907, 5909, 169, 166, 56.33, 1
1412, 5742, 2, 0, 5910, 5911, 169, 167, 84.50, 1
1413, 5750, 4, 0, 5912, 5915, 165, 161, 41.25, 1
1414, 5751, 2, 0, 5916, 5917, 166, 164, 83.00, 1
1415, 5752, 7, 0, 5918, 7260, 1508, 1501, 215.43, 1
1416, 5756, 4, 0, 5923, 5926, 170, 166, 42.50, 1
1417, 5766, 5, 0, 5927, 5931, 165, 160, 33.00, 1
1418, 5769, 7, 0, 5932, 7262, 1493, 1486, 213.29, 1
1419, 5773, 3, 0, 5937, 5939, 166, 163, 55.33, 1
1420, 5780, 4, 0, 5940, 5943, 163, 159, 40.75, 1
1421, 5783, 4, 0, 5944, 5947, 164, 160, 41.00, 1
1422, 5789, 4, 0, 5948, 5951, 162, 158, 40.50, 1
1423, 5797, 3, 0, 5952, 5954, 157, 154, 52.33, 1
1424, 5807, 3, 0, 5955, 5957, 150, 147, 50.00, 1
1425, 5808, 1, 0, 5958, 5958, 150, 149, 150.00, 1
1426, 5809, 4, 0, 5959, 5962, 153, 149, 38.25, 1
1427, 5810, 7, 0, 5963, 7264, 1454, 1447, 207.71, 1
1428, 5818, 4, 0, 5968, 5971, 153, 149, 38.25, 1
1429, 5826, 11, 0, 5972, 12834, 7008, 6997, 637.09, 1
1430, 5837, 4, 0, 5977, 5980, 143, 139, 35.75, 1
1431, 5838, 5, 0, 5981, 5985, 147, 142, 29.40, 1
1432, 5844, 7, 0, 5986, 7271, 1427, 1420, 203.86, 1
1433, 5852, 4, 0, 5991, 5994, 142, 138, 35.50, 1
1434, 5854, 1, 0, 5995, 5995, 141, 140, 141.00, 1
1435, 5855, 4, 0, 5996, 5999, 144, 140, 36.00, 1
1436, 5858, 5, 0, 6000, 6004, 146, 141, 29.20, 1
1437, 5861, 4, 0, 6005, 6008, 147, 143, 36.75, 1
1438, 5863, 1, 0, 6009, 6009, 146, 145, 146.00, 1
1439, 5865, 2, 0, 6010, 6011, 146, 144, 73.00, 1
1440, 5867, 6, 0, 6012, 7272, 1405, 1399, 234.17, 1
1441, 5869, 2, 0, 6017, 6018, 149, 147, 74.50, 1
1442, 5875, 2, 0, 6019, 6020, 145, 143, 72.50, 1
1443, 5879, 6, 0, 6021, 7273, 1394, 1388, 232.33, 1
1444, 5880, 11, 0, 6026, 12835, 6955, 6944, 632.27, 1
1445, 5883, 3, 0, 6031, 6033, 150, 147, 50.00, 1
1446, 5889, 2, 0, 6034, 6035, 146, 144, 73.00, 1
1447, 5892, 1, 0, 6036, 6036, 144, 143, 144.00, 1
1448, 5896, 4, 0, 6037, 6040, 144, 140, 36.00, 1
1449, 5899, 6, 0, 6041, 7279, 1380, 1374, 230.00, 1
1450, 5900, 9, 0, 6046, 7283, 1383, 1374, 153.67, 1
1451, 5901, 2, 0, 6051, 6052, 151, 149, 75.50, 1
1452, 5908, 8, 0, 6053, 7286, 1378, 1370, 172.25, 1
1453, 5909, 7, 0, 6058, 7288, 1379, 1372, 197.00, 1
1454, 5914, 1, 0, 6063, 6063, 149, 148, 149.00, 1
1455, 5918, 3, 0, 6064, 6066, 148, 145, 49.33, 1
1456, 5925, 6, 0, 6067, 7289, 1364, 1358, 227.33, 1
1457, 5926, 1, 0, 6072, 6072, 146, 145, 146.00, 1
1458, 5927, 25, 0, 6073, 41908, 35981, 35956, 1439.24, 1
1459, 5933, 4, 0, 6078, 6081, 148, 144, 37.00, 1
1460, 5941, 7, 0, 6082, 7296, 1355, 1348, 193.57, 1
1461, 5942, 2, 0, 6087, 6088, 146, 144, 73.00, 1
1462, 5944, 9, 0, 6089, 7300, 1356, 1347, 150.67, 1
1463, 5945, 3, 0, 6094, 6096, 151, 148, 50.33, 1
1464, 5948, 2, 0, 6097, 6098, 150, 148, 75.00, 1
1465, 5956, 6, 0, 6099, 7301, 1345, 1339, 224.17, 1
1466, 5976, 4, 0, 6104, 6107, 131, 127, 32.75, 1
1467, 5978, 8, 0, 6108, 7304, 1326, 1318, 165.75, 1
1468, 5982, 9, 0, 6113, 7308, 1326, 1317, 147.33, 1
1469, 5992, 1, 0, 6118, 6118, 126, 125, 126.00, 1
1470, 5998, 2, 0, 6119, 6120, 122, 120, 61.00, 1
1471, 6002, 5, 0, 6121, 6125, 123, 118, 24.60, 1
1472, 6008, 7, 0, 6126, 7310, 1302, 1295, 186.00, 1
1473, 6010, 2, 0, 6131, 6132, 122, 120, 61.00, 1
1474, 6015, 13, 0, 6133, 12843, 6828, 6815, 525.23, 1
1475, 6017, 7, 0, 6138, 7317, 1300, 1293, 185.71, 1
1476, 6021, 4, 0, 6143, 6146, 125, 121, 31.25, 1
1477, 6028, 2, 0, 6147, 6148, 120, 118, 60.00, 1
1478, 6030, 11, 0, 6149, 12844, 6814, 6803, 619.45, 1
1479, 6034, 9, 0, 6154, 7326, 1292, 1283, 143.56, 1
1480, 6037, 16, 0, 6159, 25592, 19555, 19539, 1222.19, 1
1481, 6038, 1, 0, 6164, 6164, 126, 125, 126.00, 1
1482, 6040, 14, 0, 6165, 12853, 6813, 6799, 486.64, 1
1483, 6045, 6, 0, 6170, 7337, 1292, 1286, 215.33, 1
1484, 6052, 9, 0, 6175, 7341, 1289, 1280, 143.22, 1
1485, 6055, 7, 0, 6180, 7343, 1288, 1281, 184.00, 1
1486, 6061, 1, 0, 6185, 6185, 124, 123, 124.00, 1
1487, 6065, 1, 0, 6186, 6186, 121, 120, 121.00, 1
1488, 6071, 4, 0, 6187, 6190, 119, 115, 29.75, 1
1489, 6072, 3, 0, 6191, 6193, 121, 118, 40.33, 1
1490, 6075, 9, 0, 6194, 7347, 1272, 1263, 141.33, 1
1491, 6080, 1, 0, 6199, 6199, 119, 118, 119.00, 1
1492, 6083, 8, 0, 6200, 7350, 1267, 1259, 158.38, 1
1493, 6085, 3, 0, 6205, 6207, 122, 119, 40.67, 1
1494, 6093, 5, 0, 6208, 6212, 119, 114, 23.80, 1
1495, 6096, 4, 0, 6213, 6216, 120, 116, 30.00, 1
1496, 6121, 4, 0, 6217, 6220, 99, 95, 24.75, 1
1497, 6122, 4, 0, 6221, 6224, 102, 98, 25.50, 1
1498, 6123, 1, 0, 6225, 6225, 102, 101, 102.00, 1
1499, 6128, 9, 0, 6226, 7354, 1226, 1217, 136.22, 1
1500, 6132, 1, 0, 6231, 6231, 99, 98, 99.00, 1
1501, 6136, 9, 0, 6232, 7358, 1222, 1213, 135.78, 1
1502, 6137, 8, 0, 6237, 7361, 1224, 1216, 153.00, 1
1503, 6138, 1, 0, 6242, 6242, 104, 103, 104.00, 1
1504, 6140, 2, 0, 6243, 6244, 104, 102, 52.00, 1
1505, 6141, 2, 0, 6245, 6246, 105, 103, 52.50, 1
1506, 6142, 3, 0, 6247, 6249, 107, 104, 35.67, 1
1507, 6143, 5, 0, 6250, 6254, 111, 106, 22.20, 1
1508, 6144, 1, 0, 6255, 6255, 111, 110, 111.00, 1
1509, 6145, 1, 0, 6256, 6256, 111, 110, 111.00, 1
1510, 6150, 7, 0, 6257, 7363, 1213, 1206, 173.29, 1
1511, 6161, 11, 0, 6262, 12854, 6693, 6682, 608.45, 1
1512, 6166, 4, 0, 6267, 6270, 104, 100, 26.00, 1
1513, 6173, 2, 0, 6271, 6272, 99, 97, 49.50, 1
1514, 6177, 13, 0, 6273, 12857, 6680, 6667, 513.85, 1
1515, 6182, 1, 0, 6278, 6278, 96, 95, 96.00, 1
1516, 6183, 6, 0, 6279, 7374, 1191, 1185, 198.50, 1
1517, 6185, 1, 0, 6284, 6284, 99, 98, 99.00, 1
1518, 6186, 18, 0, 6285, 25595, 19409, 19391, 1078.28, 1
1519, 6197, 26, 0, 6290, 47034, 40837, 40811, 1570.65, 1
1520, 6198, 6, 0, 6295, 7385, 1187, 1181, 197.83, 1
1521, 6199, 5, 0, 6300, 6304, 105, 100, 21.00, 1
1522, 6209, 6, 0, 6305, 7386, 1177, 1171, 196.17, 1
1523, 6220, 2, 0, 6310, 6311, 91, 89, 45.50, 1
1524, 6225, 11, 0, 6312, 12868, 6643, 6632, 603.91, 1
1525, 6227, 1, 0, 6317, 6317, 90, 89, 90.00, 1
1526, 6229, 5, 0, 6318, 6322, 93, 88, 18.60, 1
1527, 6232, 5, 0, 6323, 6327, 95, 90, 19.00, 1
1528, 6239, 4, 0, 6328, 6331, 92, 88, 23.00, 1
1529, 6240, 1, 0, 6332, 6332, 92, 91, 92.00, 1
1530, 6242, 1, 0, 6333, 6333, 91, 90, 91.00, 1
1531, 6245, 2, 0, 6334, 6335, 90, 88, 45.00, 1
1532, 6248, 2, 0, 6336, 6337, 89, 87, 44.50, 1
1533, 6252, 8, 0, 6338, 7394, 1142, 1134, 142.75, 1
1534, 6255, 4, 0, 6343, 6346, 91, 87, 22.75, 1
1535, 6274, 9, 0, 6347, 7398, 1124, 1115, 124.89, 1
1536, 6277, 4, 0, 6352, 6355, 78, 74, 19.50, 1
1537, 6282, 3, 0, 6356, 6358, 76, 73, 25.33, 1
1538, 6283, 1, 0, 6359, 6359, 76, 75, 76.00, 1
1539, 6284, 14, 0, 6360, 12872, 6588, 6574, 470.57, 1
1540, 6286, 5, 0, 6365, 6369, 83, 78, 16.60, 1
1541, 6288, 13, 0, 6370, 12875, 6587, 6574, 506.69, 1
1542, 6290, 1, 0, 6375, 6375, 85, 84, 85.00, 1
1543, 6291, 13, 0, 6376, 12878, 6587, 6574, 506.69, 1
1544, 6293, 12, 0, 6381, 12880, 6587, 6575, 548.92, 1
1545, 6295, 5, 0, 6386, 6390, 95, 90, 19.00, 1
1546, 6297, 3, 0, 6391, 6393, 96, 93, 32.00, 1
1547, 6302, 1, 0, 6394, 6394, 92, 91, 92.00, 1
1548, 6303, 2, 0, 6395, 6396, 93, 91, 46.50, 1
1549, 6305, 7, 0, 6397, 7420, 1115, 1108, 159.29, 1
1550, 6306, 3, 0, 6402, 6404, 98, 95, 32.67, 1
1551, 6309, 5, 0, 6405, 6409, 100, 95, 20.00, 1
1552, 6312, 4, 0, 6410, 6413, 101, 97, 25.25, 1
1553, 6314, 1, 0, 6414, 6414, 100, 99, 100.00, 1
1554, 6318, 2, 0, 6415, 6416, 98, 96, 49.00, 1
1555, 6319, 1, 0, 6417, 6417, 98, 97, 98.00, 1
1556, 6322, 13, 0, 6418, 12883, 6561, 6548, 504.69, 1
1557, 6326, 1, 0, 6423, 6423, 97, 96, 97.00, 1
1558, 6327, 1, 0, 6424, 6424, 97, 96, 97.00, 1
1559, 6330, 15, 0, 6425, 12888, 6558, 6543, 437.20, 1
1560, 6331, 2, 0, 6430, 6431, 100, 98, 50.00, 1
1561, 6332, 3, 0, 6432, 6434, 102, 99, 34.00, 1
1562, 6335, 7, 0, 6435, 7432, 1097, 1090, 156.71, 1
1563, 6336, 4, 0, 6440, 6443, 107, 103, 26.75, 1
1564, 6338, 1, 0, 6444, 6444, 106, 105, 106.00, 1
1565, 6340, 2, 0, 6445, 6446, 106, 104, 53.00, 1
1566, 6348, 9, 0, 6447, 7436, 1088, 1079, 120.89, 1
1567, 6350, 5, 0, 6452, 6456, 106, 101, 21.20, 1
1568, 6355, 9, 0, 6457, 7440, 1085, 1076, 120.56, 1
1569, 6358, 8, 0, 6462, 7443, 1085, 1077, 135.62, 1
1570, 6361, 1, 0, 6467, 6467, 106, 105, 106.00, 1
1571, 6362, 3, 0, 6468, 6470, 108, 105, 36.00, 1
1572, 6364, 3, 0, 6471, 6473, 109, 106, 36.33, 1
1573, 6368, 2, 0, 6474, 6475, 107, 105, 53.50, 1
1574, 6370, 12, 0, 6476, 12890, 6520, 6508, 543.33, 1
1575, 6380, 1, 0, 6481, 6481, 101, 100, 101.00, 1
1576, 6385, 4, 0, 6482, 6485, 100, 96, 25.00, 1
1577, 6388, 2, 0, 6486, 6487, 99, 97, 49.50, 1
1578, 6397, 3, 0, 6488, 6490, 93, 90, 31.00, 1
1579, 6404, 4, 0, 6491, 6494, 90, 86, 22.50, 1
1580, 6409, 2, 0, 6495, 6496, 87, 85, 43.50, 1
1581, 6410, 6, 0, 6497, 7449, 1039, 1033, 173.17, 1
1582, 6412, 2, 0, 6502, 6503, 91, 89, 45.50, 1
1583, 6413, 3, 0, 6504, 6506, 93, 90, 31.00, 1
1584, 6416, 2, 0, 6507, 6508, 92, 90, 46.00, 1
1585, 6428, 2, 0, 6509, 6510, 82, 80, 41.00, 1
1586, 6430, 4, 0, 6511, 6514, 84, 80, 21.00, 1
1587, 6431, 6, 0, 6515, 7450, 1019, 1013, 169.83, 1
1588, 6435, 2, 0, 6520, 6521, 86, 84, 43.00, 1
1589, 6443, 3, 0, 6522, 6524, 81, 78, 27.00, 1
1590, 6450, 10, 0, 6525, 7455, 1005, 995, 100.50, 1
1591, 6466, 13, 0, 6530, 12893, 6427, 6414, 494.38, 1
1592, 6468, 4, 0, 6535, 6538, 70, 66, 17.50, 1
1593, 6469, 8, 0, 6539, 7463, 994, 986, 124.25, 1
1594, 6478, 12, 0, 6544, 12895, 6417, 6405, 534.75, 1
1595, 6479, 1, 0, 6549, 6549, 70, 69, 70.00, 1
1596, 6483, 3, 0, 6550, 6552, 69, 66, 23.00, 1
1597, 6485, 1, 0, 6553, 6553, 68, 67, 68.00, 1
1598, 6493, 1, 0, 6554, 6554, 61, 60, 61.00, 1
1599, 6508, 2, 0, 6555, 6556, 48, 46, 24.00, 1
1600, 6511, 1, 0, 6557, 6557, 46, 45, 46.00, 1
1601, 6513, 15, 0, 6558, 12900, 6387, 6372, 425.80, 1
1602, 6518, 1, 0, 6563, 6563, 45, 44, 45.00, 1
1603, 6523, 15, 0, 6564, 12905, 6382, 6367, 425.47, 1
1604, 6530, 4, 0, 6569, 6572, 42, 38, 10.50, 1
1605, 6531, 2, 0, 6573, 6574, 43, 41, 21.50, 1
1606, 6535, 1, 0, 6575, 6575, 40, 39, 40.00, 1
1607, 6539, 1, 0, 6576, 6576, 37, 36, 37.00, 1
1608, 6541, 2, 0, 6577, 6578, 37, 35, 18.50, 1
1609, 6547, 1, 0, 6579, 6579, 32, 31, 32.00, 1
1610, 6550, 3, 0, 6580, 6582, 32, 29, 10.67, 1
1611, 6554, 4, 0, 6583, 6586, 32, 28, 8.00, 1
1612, 6556, 15, 0, 6587, 12910, 6354, 6339, 423.60, 1
1613, 6566, 2, 0, 6592, 6593, 27, 25, 13.50, 1
1614, 6569, 1, 0, 6594, 6594, 25, 24, 25.00, 1
1615, 6574, 2, 0, 6595, 6596, 22, 20, 11.00, 1
1616, 6575, 3, 0, 6597, 6599, 24, 21, 8.00, 1
1617, 6579, 4, 0, 6600, 6603, 24, 20, 6.00, 1
1618, 6584, 2, 0, 6604, 6605, 21, 19, 10.50, 1
1619, 6585, 1, 0, 6606, 6606, 21, 20, 21.00, 1
1620, 6590, 1, 0, 6607, 6607, 17, 16, 17.00, 1
1621, 6598, 3, 0, 6608, 6610, 12, 9, 4.00, 1
1622, 6601, 5, 0, 6611, 6615, 14, 9, 2.80, 1
1623, 6606, 2, 0, 6616, 6617, 11, 9, 5.50, 1
1624, 6609, 1, 0, 6618, 6618, 9, 8, 9.00, 1
1625, 6630, 16, 0, 7484, 41914, 35284, 35268, 2205.25, 1
1626, 6636, 15, 0, 7489, 25610, 18974, 18959, 1264.93, 1
1627, 6637, 2, 0, 7494, 7495, 858, 856, 429.00, 1
1628, 6645, 1, 0, 7496, 7496, 851, 850, 851.00, 1
1629, 6648, 11, 0, 7497, 25611, 18963, 18952, 1723.91, 1
1630, 6650, 4, 0, 7502, 7505, 855, 851, 213.75, 1
1631, 6651, 3, 0, 7506, 7508, 857, 854, 285.67, 1
1632, 6654, 7, 0, 7509, 12927, 6273, 6266, 896.14, 1
1633, 6658, 14, 0, 7514, 25615, 18957, 18943, 1354.07, 1
1634, 6659, 2, 0, 7519, 7520, 861, 859, 430.50, 1
1635, 6664, 5, 0, 7521, 7525, 861, 856, 172.20, 1
1636, 6667, 2, 0, 7526, 7527, 860, 858, 430.00, 1
1637, 6671, 2, 0, 7528, 7529, 858, 856, 429.00, 1
1638, 6675, 6, 0, 7530, 12933, 6258, 6252, 1043.00, 1
1639, 6678, 4, 0, 7535, 7538, 860, 856, 215.00, 1
1640, 6685, 1, 0, 7539, 7539, 854, 853, 854.00, 1
1641, 6691, 1, 0, 7540, 7540, 849, 848, 849.00, 1
1642, 6692, 3, 0, 7541, 7543, 851, 848, 283.67, 1
1643, 6693, 3, 0, 7544, 7546, 853, 850, 284.33, 1
1644, 6695, 4, 0, 7547, 7550, 855, 851, 213.75, 1
1645, 6702, 1, 0, 7551, 7551, 849, 848, 849.00, 1
1646, 6710, 1, 0, 7552, 7552, 842, 841, 842.00, 1
1647, 6717, 1, 0, 7553, 7553, 836, 835, 836.00, 1
1648, 6718, 1, 0, 7554, 7554, 836, 835, 836.00, 1
1649, 6729, 7, 0, 7555, 12935, 6206, 6199, 886.57, 1
1650, 6730, 2, 0, 7560, 7561, 831, 829, 415.50, 1
1651, 6733, 19, 0, 7562, 41918, 35185, 35166, 1851.84, 1
1652, 6737, 2, 0, 7567, 7568, 831, 829, 415.50, 1
1653, 6739, 1, 0, 7569, 7569, 830, 829, 830.00, 1
1654, 6742, 1, 0, 7570, 7570, 828, 827, 828.00, 1
1655, 6743, 1, 0, 7571, 7571, 828, 827, 828.00, 1
1656, 6745, 14, 0, 7572, 25624, 18879, 18865, 1348.50, 1
1657, 6749, 5, 0, 7577, 7581, 832, 827, 166.40, 1
1658, 6753, 1, 0, 7582, 7582, 829, 828, 829.00, 1
1659, 6754, 1, 0, 7583, 7583, 829, 828, 829.00, 1
1660, 6759, 4, 0, 7584, 7587, 828, 824, 207.00, 1
1661, 6762, 3, 0, 7588, 7590, 828, 825, 276.00, 1
1662, 6763, 1, 0, 7591, 7591, 828, 827, 828.00, 1
1663, 6764, 3, 0, 7592, 7594, 830, 827, 276.67, 1
1664, 6765, 1, 0, 7595, 7595, 830, 829, 830.00, 1
1665, 6767, 13, 0, 7596, 25627, 18860, 18847, 1450.77, 1
1666, 6771, 6, 0, 7601, 12951, 6180, 6174, 1030.00, 1
1667, 6772, 1, 0, 7606, 7606, 834, 833, 834.00, 1
1668, 6773, 4, 0, 7607, 7610, 837, 833, 209.25, 1
1669, 6781, 7, 0, 7611, 12953, 6172, 6165, 881.71, 1
1670, 6782, 16, 0, 7616, 41919, 35137, 35121, 2196.06, 1
1671, 6794, 13, 0, 7621, 25635, 18841, 18828, 1449.31, 1
1672, 6811, 3, 0, 7626, 7628, 817, 814, 272.33, 1
1673, 6813, 7, 0, 7629, 12965, 6152, 6145, 878.86, 1
1674, 6836, 2, 0, 7634, 7635, 799, 797, 399.50, 1
1675, 6838, 4, 0, 7636, 7639, 801, 797, 200.25, 1
1676, 6841, 5, 0, 7640, 7644, 803, 798, 160.60, 1
1677, 6843, 3, 0, 7645, 7647, 804, 801, 268.00, 1
1678, 6847, 2, 0, 7648, 7649, 802, 800, 401.00, 1
1679, 6851, 6, 0, 7650, 12966, 6115, 6109, 1019.17, 1
1680, 6852, 5, 0, 7655, 7659, 807, 802, 161.40, 1
1681, 6858, 1, 0, 7660, 7660, 802, 801, 802.00, 1
1682, 6859, 1, 0, 7661, 7661, 802, 801, 802.00, 1
1683, 6860, 6, 0, 7662, 12967, 6107, 6101, 1017.83, 1
1684, 6861, 10, 0, 7667, 12972, 6111, 6101, 611.10, 1
1685, 6863, 3, 0, 7672, 7674, 811, 808, 270.33, 1
1686, 6871, 5, 0, 7675, 7679, 808, 803, 161.60, 1
1687, 6872, 1, 0, 7680, 7680, 808, 807, 808.00, 1
1688, 6874, 2, 0, 7681, 7682, 808, 806, 404.00, 1
1689, 6878, 5, 0, 7683, 7687, 809, 804, 161.80, 1
1690, 6879, 1, 0, 7688, 7688, 809, 808, 809.00, 1
1691, 6880, 7, 0, 7689, 12974, 6094, 6087, 870.57, 1
1692, 6887, 1, 0, 7694, 7694, 807, 806, 807.00, 1
1693, 6889, 5, 0, 7695, 7699, 810, 805, 162.00, 1
1694, 6895, 3, 0, 7700, 7702, 807, 804, 269.00, 1
1695, 6897, 11, 0, 7703, 25636, 18739, 18728, 1703.55, 1
1696, 6901, 14, 0, 7708, 25640, 18739, 18725, 1338.50, 1
1697, 6910, 3, 0, 7713, 7715, 805, 802, 268.33, 1
1698, 6915, 1, 0, 7716, 7716, 801, 800, 801.00, 1
1699, 6920, 3, 0, 7717, 7719, 799, 796, 266.33, 1
1700, 6939, 6, 0, 7720, 12985, 6046, 6040, 1007.67, 1
1701, 6940, 1, 0, 7725, 7725, 785, 784, 785.00, 1
1702, 6942, 3, 0, 7726, 7728, 786, 783, 262.00, 1
1703, 6950, 1, 0, 7729, 7729, 779, 778, 779.00, 1
1704, 6959, 1, 0, 7730, 7730, 771, 770, 771.00, 1
1705, 6960, 2, 0, 7731, 7732, 772, 770, 386.00, 1
1706, 6965, 6, 0, 7733, 12986, 6021, 6015, 1003.50, 1
1707, 6967, 2, 0, 7738, 7739, 772, 770, 386.00, 1
1708, 6971, 18, 0, 7740, 41922, 34951, 34933, 1941.72, 1
1709, 6972, 4, 0, 7745, 7748, 776, 772, 194.00, 1
1710, 6974, 3, 0, 7749, 7751, 777, 774, 259.00, 1
1711, 6982, 9, 0, 7752, 12995, 6013, 6004, 668.11, 1
1712, 6985, 3, 0, 7757, 7759, 774, 771, 258.00, 1
1713, 6989, 6, 0, 7760, 12996, 6007, 6001, 1001.17, 1
1714, 6993, 2, 0, 7765, 7766, 773, 771, 386.50, 1
1715, 6994, 15, 0, 7767, 25650, 18656, 18641, 1243.73, 1
1716, 7005, 2, 0, 7772, 7773, 768, 766, 384.00, 1
1717, 7019, 2, 0, 7774, 7775, 756, 754, 378.00, 1
1718, 7029, 5, 0, 7776, 7780, 751, 746, 150.20, 1
1719, 7030, 3, 0, 7781, 7783, 753, 750, 251.00, 1
1720, 7033, 12, 0, 7784, 25652, 18619, 18607, 1551.58, 1
1721, 7036, 9, 0, 7789, 13010, 5974, 5965, 663.78, 1
1722, 7039, 20, 0, 7794, 41927, 34888, 34868, 1744.40, 1
1723, 7047, 3, 0, 7799, 7801, 754, 751, 251.33, 1
1724, 7050, 8, 0, 7802, 13018, 5968, 5960, 746.00, 1
1725, 7057, 3, 0, 7807, 7809, 752, 749, 250.67, 1
1726, 7058, 3, 0, 7810, 7812, 754, 751, 251.33, 1
1727, 7060, 13, 0, 7813, 25660, 18600, 18587, 1430.77, 1
1728, 7070, 9, 0, 7818, 13027, 5957, 5948, 661.89, 1
1729, 7072, 2, 0, 7823, 7824, 752, 750, 376.00, 1
1730, 7077, 6, 0, 7825, 13028, 5951, 5945, 991.83, 1
1731, 7078, 7, 0, 7830, 13030, 5952, 5945, 850.29, 1
1732, 7080, 8, 0, 7835, 13033, 5953, 5945, 744.12, 1
1733, 7085, 4, 0, 7840, 7843, 758, 754, 189.50, 1
1734, 7086, 1, 0, 7844, 7844, 758, 757, 758.00, 1
1735, 7089, 7, 0, 7845, 13035, 5946, 5939, 849.43, 1
1736, 7092, 2, 0, 7850, 7851, 759, 757, 379.50, 1
1737, 7093, 7, 0, 7852, 13037, 5944, 5937, 849.14, 1
1738, 7097, 9, 0, 7857, 13041, 5944, 5935, 660.44, 1
1739, 7098, 1, 0, 7862, 7862, 764, 763, 764.00, 1
1740, 7100, 3, 0, 7863, 7865, 765, 762, 255.00, 1
1741, 7104, 2, 0, 7866, 7867, 763, 761, 381.50, 1
1742, 7105, 3, 0, 7868, 7870, 765, 762, 255.00, 1
1743, 7110, 6, 0, 7871, 13042, 5932, 5926, 988.67, 1
1744, 7115, 1, 0, 7876, 7876, 761, 760, 761.00, 1
1745, 7116, 4, 0, 7877, 7880, 764, 760, 191.00, 1
1746, 7118, 2, 0, 7881, 7882, 764, 762, 382.00, 1
1747, 7119, 7, 0, 7883, 13044, 5925, 5918, 846.43, 1
1748, 7120, 1, 0, 7888, 7888, 768, 767, 768.00, 1
1749, 7123, 4, 0, 7889, 7892, 769, 765, 192.25, 1
1750, 7127, 5, 0, 7893, 7897, 770, 765, 154.00, 1
1751, 7128, 1, 0, 7898, 7898, 770, 769, 770.00, 1
1752, 7129, 18, 0, 7899, 41930, 34801, 34783, 1933.39, 1
1753, 7130, 6, 0, 7904, 13050, 5920, 5914, 986.67, 1
1754, 7134, 8, 0, 7909, 13053, 5919, 5911, 739.88, 1
1755, 7135, 12, 0, 7914, 25667, 18532, 18520, 1544.33, 1
1756, 7139, 6, 0, 7919, 13059, 5920, 5914, 986.67, 1
1757, 7140, 18, 0, 7924, 41933, 34793, 34775, 1932.94, 1
1758, 7147, 6, 0, 7929, 13065, 5918, 5912, 986.33, 1
1759, 7148, 2, 0, 7934, 7935, 787, 785, 393.50, 1
1760, 7156, 4, 0, 7936, 7939, 783, 779, 195.75, 1
1761, 7157, 7, 0, 7940, 13067, 5910, 5903, 844.29, 1
1762, 7160, 4, 0, 7945, 7948, 788, 784, 197.00, 1
1763, 7165, 6, 0, 7949, 13068, 5903, 5897, 983.83, 1
1764, 7166, 4, 0, 7954, 7957, 791, 787, 197.75, 1
1765, 7170, 1, 0, 7958, 7958, 788, 787, 788.00, 1
1766, 7174, 8, 0, 7959, 13071, 5897, 5889, 737.12, 1
1767, 7175, 8, 0, 7964, 13074, 5899, 5891, 737.38, 1
1768, 7177, 1, 0, 7969, 7969, 792, 791, 792.00, 1
1769, 7179, 7, 0, 7970, 13076, 5897, 5890, 842.43, 1
1770, 7180, 7, 0, 7975, 13078, 5898, 5891, 842.57, 1
1771, 7182, 8, 0, 7980, 13081, 5899, 5891, 737.38, 1
1772, 7186, 5, 0, 7985, 7989, 803, 798, 160.60, 1
1773, 7187, 7, 0, 7990, 13083, 5896, 5889, 842.29, 1
1774, 7189, 2, 0, 7995, 7996, 807, 805, 403.50, 1
1775, 7191, 3, 0, 7997, 7999, 808, 805, 269.33, 1
1776, 7195, 8, 0, 8000, 13086, 5891, 5883, 736.38, 1
1777, 7197, 4, 0, 8005, 8008, 811, 807, 202.75, 1
1778, 7203, 1, 0, 8009, 8009, 806, 805, 806.00, 1
1779, 7206, 3, 0, 8010, 8012, 806, 803, 268.67, 1
1780, 7209, 9, 0, 8013, 13090, 5881, 5872, 653.44, 1
1781, 7216, 6, 0, 8018, 13091, 5875, 5869, 979.17, 1
1782, 7225, 3, 0, 8023, 8025, 800, 797, 266.67, 1
1783, 7226, 2, 0, 8026, 8027, 801, 799, 400.50, 1
1784, 7230, 2, 0, 8028, 8029, 799, 797, 399.50, 1
1785, 7234, 7, 0, 8030, 13093, 5859, 5852, 837.00, 1
1786, 7237, 7, 0, 8035, 13095, 5858, 5851, 836.86, 1
1787, 7240, 2, 0, 8040, 8041, 801, 799, 400.50, 1
1788, 7241, 1, 0, 8042, 8042, 801, 800, 801.00, 1
1789, 7244, 3, 0, 8043, 8045, 801, 798, 267.00, 1
1790, 7246, 1, 0, 8046, 8046, 800, 799, 800.00, 1
1791, 7251, 2, 0, 8047, 8048, 797, 795, 398.50, 1
1792, 7255, 2, 0, 8049, 8050, 795, 793, 397.50, 1
1793, 7266, 4, 0, 8051, 8054, 788, 784, 197.00, 1
1794, 7269, 3, 0, 8055, 8057, 788, 785, 262.67, 1
1795, 7279, 4, 0, 8058, 8061, 782, 778, 195.50, 1
1796, 7282, 7, 0, 8062, 13097, 5815, 5808, 830.71, 1
1797, 7288, 6, 0, 8067, 13098, 5810, 5804, 968.33, 1
1798, 7291, 3, 0, 8072, 8074, 783, 780, 261.00, 1
1799, 7294, 5, 0, 8075, 8079, 785, 780, 157.00, 1
1800, 7304, 5, 0, 8080, 8084, 780, 775, 156.00, 1
1801, 7314, 1, 0, 8085, 8085, 771, 770, 771.00, 1
1802, 7316, 1, 0, 8086, 8086, 770, 769, 770.00, 1
1803, 7325, 5, 0, 8087, 8091, 766, 761, 153.20, 1
1804, 7326, 8, 0, 8092, 13101, 5775, 5767, 721.88, 1
1805, 7327, 1, 0, 8097, 8097, 770, 769, 770.00, 1
1806, 7329, 1, 0, 8098, 8098, 769, 768, 769.00, 1
1807, 7332, 7, 0, 8099, 13103, 5771, 5764, 824.43, 1
1808, 7338, 1, 0, 8104, 8104, 766, 765, 766.00, 1
1809, 7339, 4, 0, 8105, 8108, 769, 765, 192.25, 1
1810, 7347, 20, 0, 8109, 41938, 34591, 34571, 1729.55, 1
1811, 7354, 3, 0, 8114, 8116, 762, 759, 254.00, 1
1812, 7356, 5, 0, 8117, 8121, 765, 760, 153.00, 1
1813, 7357, 8, 0, 8122, 13111, 5754, 5746, 719.25, 1
1814, 7360, 3, 0, 8127, 8129, 769, 766, 256.33, 1
1815, 7364, 2, 0, 8130, 8131, 767, 765, 383.50, 1
1816, 7367, 3, 0, 8132, 8134, 767, 764, 255.67, 1
1817, 7375, 14, 0, 8135, 25681, 18306, 18292, 1307.57, 1
1818, 7380, 20, 0, 8140, 41943, 34563, 34543, 1728.15, 1
1819, 7382, 5, 0, 8145, 8149, 767, 762, 153.40, 1
1820, 7385, 1, 0, 8150, 8150, 765, 764, 765.00, 1
1821, 7387, 18, 0, 8151, 41946, 34559, 34541, 1919.94, 1
1822, 7390, 3, 0, 8156, 8158, 768, 765, 256.00, 1
1823, 7393, 4, 0, 8159, 8162, 769, 765, 192.25, 1
1824, 7395, 4, 0, 8163, 8166, 771, 767, 192.75, 1
1825, 7398, 9, 0, 8167, 13130, 5732, 5723, 636.89, 1
1826, 7400, 3, 0, 8172, 8174, 774, 771, 258.00, 1
1827, 7402, 13, 0, 8175, 25694, 18292, 18279, 1407.08, 1
1828, 7403, 8, 0, 8180, 13138, 5735, 5727, 716.88, 1
1829, 7405, 10, 0, 8185, 13143, 5738, 5728, 573.80, 1
1830, 7407, 2, 0, 8190, 8191, 784, 782, 392.00, 1
1831, 7412, 5, 0, 8192, 8196, 784, 779, 156.80, 1
1832, 7413, 1, 0, 8197, 8197, 784, 783, 784.00, 1
1833, 7415, 4, 0, 8198, 8201, 786, 782, 196.50, 1
1834, 7416, 13, 0, 8202, 25697, 18281, 18268, 1406.23, 1
1835, 7419, 1, 0, 8207, 8207, 788, 787, 788.00, 1
1836, 7421, 9, 0, 8208, 13152, 5731, 5722, 636.78, 1
1837, 7423, 4, 0, 8213, 8216, 793, 789, 198.25, 1
1838, 7425, 4, 0, 8217, 8220, 795, 791, 198.75, 1
1839, 7426, 3, 0, 8221, 8223, 797, 794, 265.67, 1
1840, 7427, 2, 0, 8224, 8225, 798, 796, 399.00, 1
1841, 7434, 2, 0, 8226, 8227, 793, 791, 396.50, 1
1842, 7435, 1, 0, 8228, 8228, 793, 792, 793.00, 1
1843, 7436, 2, 0, 8229, 8230, 794, 792, 397.00, 1
1844, 7439, 15, 0, 8231, 25702, 18263, 18248, 1217.53, 1
1845, 7446, 13, 0, 8236, 25705, 18259, 18246, 1404.54, 1
1846, 7450, 2, 0, 8241, 8242, 792, 790, 396.00, 1
1847, 7451, 10, 0, 8243, 13167, 5716, 5706, 571.60, 1
1848, 7452, 2, 0, 8248, 8249, 797, 795, 398.50, 1
1849, 7455, 10, 0, 8250, 13172, 5717, 5707, 571.70, 1
1850, 7459, 2, 0, 8255, 8256, 797, 795, 398.50, 1
1851, 7460, 3, 0, 8257, 8259, 799, 796, 266.33, 1
1852, 7461, 3, 0, 8260, 8262, 801, 798, 267.00, 1
1853, 7462, 3, 0, 8263, 8265, 803, 800, 267.67, 1
1854, 7465, 14, 0, 8266, 25709, 18244, 18230, 1303.14, 1
1855, 7466, 1, 0, 8271, 8271, 805, 804, 805.00, 1
1856, 7486, 2, 0, 8272, 8273, 787, 785, 393.50, 1
1857, 7487, 9, 0, 8274, 13181, 5694, 5685, 632.67, 1
1858, 7490, 3, 0, 8279, 8281, 791, 788, 263.67, 1
1859, 7492, 7, 0, 8282, 13183, 5691, 5684, 813.00, 1
1860, 7493, 1, 0, 8287, 8287, 794, 793, 794.00, 1
1861, 7496, 10, 0, 8288, 13188, 5692, 5682, 569.20, 1
1862, 7499, 3, 0, 8293, 8295, 796, 793, 265.33, 1
1863, 7507, 7, 0, 8296, 13190, 5683, 5676, 811.86, 1
1864, 7509, 2, 0, 8301, 8302, 793, 791, 396.50, 1
1865, 7511, 5, 0, 8303, 8307, 796, 791, 159.20, 1
1866, 7515, 10, 0, 8308, 13195, 5680, 5670, 568.00, 1
1867, 7518, 4, 0, 8313, 8316, 798, 794, 199.50, 1
1868, 7523, 1, 0, 8317, 8317, 794, 793, 794.00, 1
1869, 7527, 1, 0, 8318, 8318, 791, 790, 791.00, 1
1870, 7534, 9, 0, 8319, 13199, 5665, 5656, 629.44, 1
1871, 7535, 6, 0, 8324, 13200, 5665, 5659, 944.17, 1
1872, 7538, 20, 0, 8329, 41951, 34413, 34393, 1720.65, 1
1873, 7542, 10, 0, 8334, 13210, 5668, 5658, 566.80, 1
1874, 7544, 1, 0, 8339, 8339, 795, 794, 795.00, 1
1875, 7545, 2, 0, 8340, 8341, 796, 794, 398.00, 1
1876, 7547, 4, 0, 8342, 8345, 798, 794, 199.50, 1
1877, 7548, 9, 0, 8346, 13214, 5666, 5657, 629.56, 1
1878, 7550, 4, 0, 8351, 8354, 804, 800, 201.00, 1
1879, 7552, 3, 0, 8355, 8357, 805, 802, 268.33, 1
1880, 7556, 16, 0, 8358, 41952, 34396, 34380, 2149.75, 1
1881, 7558, 2, 0, 8363, 8364, 806, 804, 403.00, 1
1882, 7563, 5, 0, 8365, 8369, 806, 801, 161.20, 1
1883, 7567, 5, 0, 8370, 8374, 807, 802, 161.40, 1
1884, 7580, 4, 0, 8375, 8378, 798, 794, 199.50, 1
1885, 7586, 2, 0, 8379, 8380, 794, 792, 397.00, 1
1886, 7590, 5, 0, 8381, 8385, 795, 790, 159.00, 1
1887, 7592, 3, 0, 8386, 8388, 796, 793, 265.33, 1
1888, 7594, 2, 0, 8389, 8390, 796, 794, 398.00, 1
1889, 7601, 2, 0, 8391, 8392, 791, 789, 395.50, 1
1890, 7610, 3, 0, 8393, 8395, 785, 782, 261.67, 1
1891, 7611, 7, 0, 8396, 13221, 5610, 5603, 801.43, 1
1892, 7612, 8, 0, 8401, 13224, 5612, 5604, 701.50, 1
1893, 7619, 10, 0, 8406, 13229, 5610, 5600, 561.00, 1
1894, 7623, 1, 0, 8411, 8411, 788, 787, 788.00, 1
1895, 7624, 39, 0, 8412, 49521, 41897, 41858, 1074.28, 1
1896, 7634, 7, 0, 8417, 13236, 5602, 5595, 800.29, 1
1897, 7636, 1, 0, 8422, 8422, 786, 785, 786.00, 1
1898, 7643, 4, 0, 8423, 8426, 783, 779, 195.75, 1
1899, 7648, 4, 0, 8427, 8430, 782, 778, 195.50, 1
1900, 7654, 5, 0, 8431, 8435, 781, 776, 156.20, 1
1901, 7658, 2, 0, 8436, 8437, 779, 777, 389.50, 1
1902, 7663, 12, 0, 8438, 25726, 18063, 18051, 1505.25, 1
1903, 7665, 10, 0, 8443, 13246, 5581, 5571, 558.10, 1
1904, 7668, 1, 0, 8448, 8448, 780, 779, 780.00, 1
1905, 7671, 6, 0, 8449, 13247, 5576, 5570, 929.33, 1
1906, 7681, 7, 0, 8454, 13249, 5568, 5561, 795.43, 1
1907, 7682, 9, 0, 8459, 13253, 5571, 5562, 619.00, 1
1908, 7684, 5, 0, 8464, 8468, 784, 779, 156.80, 1
1909, 7689, 17, 0, 8469, 41959, 34270, 34253, 2015.88, 1
1910, 7690, 8, 0, 8474, 13261, 5571, 5563, 696.38, 1
1911, 7699, 7, 0, 8479, 13263, 5564, 5557, 794.86, 1
1912, 7701, 1, 0, 8484, 8484, 783, 782, 783.00, 1
1913, 7707, 2, 0, 8485, 8486, 779, 777, 389.50, 1
1914, 7708, 3, 0, 8487, 8489, 781, 778, 260.33, 1
1915, 7710, 1, 0, 8490, 8490, 780, 779, 780.00, 1
1916, 7712, 3, 0, 8491, 8493, 781, 778, 260.33, 1
1917, 7721, 3, 0, 8494, 8496, 775, 772, 258.33, 1
1918, 7722, 9, 0, 8497, 13267, 5545, 5536, 616.11, 1
1919, 7723, 1, 0, 8502, 8502, 779, 778, 779.00, 1
1920, 7724, 11, 0, 8503, 25732, 18008, 17997, 1637.09, 1
1921, 7734, 3, 0, 8508, 8510, 776, 773, 258.67, 1
1922, 7735, 2, 0, 8511, 8512, 777, 775, 388.50, 1
1923, 7736, 10, 0, 8513, 13277, 5541, 5531, 554.10, 1
1924, 7751, 7, 0, 8518, 13279, 5528, 5521, 789.71, 1
1925, 7752, 9, 0, 8523, 13283, 5531, 5522, 614.56, 1
1926, 7753, 5, 0, 8528, 8532, 779, 774, 155.80, 1
1927, 7756, 2, 0, 8533, 8534, 778, 776, 389.00, 1
1928, 7758, 16, 0, 8535, 41960, 34202, 34186, 2137.62, 1
1929, 7759, 2, 0, 8540, 8541, 782, 780, 391.00, 1
1930, 7761, 2, 0, 8542, 8543, 782, 780, 391.00, 1
1931, 7763, 16, 0, 8544, 41961, 34198, 34182, 2137.38, 1
1932, 7767, 5, 0, 8549, 8553, 786, 781, 157.20, 1
1933, 7770, 4, 0, 8554, 8557, 787, 783, 196.75, 1
1934, 7773, 4, 0, 8558, 8561, 788, 784, 197.00, 1
1935, 7776, 4, 0, 8562, 8565, 789, 785, 197.25, 1
1936, 7780, 1, 0, 8566, 8566, 786, 785, 786.00, 1
1937, 7782, 4, 0, 8567, 8570, 788, 784, 197.00, 1
1938, 7783, 20, 0, 8571, 41966, 34183, 34163, 1709.15, 1
1939, 7784, 10, 0, 8576, 13303, 5519, 5509, 551.90, 1
1940, 7785, 5, 0, 8581, 8585, 800, 795, 160.00, 1
1941, 7787, 1, 0, 8586, 8586, 799, 798, 799.00, 1
1942, 7788, 6, 0, 8587, 13304, 5516, 5510, 919.33, 1
1943, 7790, 8, 0, 8592, 13307, 5517, 5509, 689.62, 1
1944, 7791, 15, 0, 8597, 25752, 17961, 17946, 1197.40, 1
1945, 7803, 2, 0, 8602, 8603, 800, 798, 400.00, 1
1946, 7804, 16, 0, 8604, 41967, 34163, 34147, 2135.19, 1
1947, 7812, 7, 0, 8609, 13319, 5507, 5500, 786.71, 1
1948, 7814, 6, 0, 8614, 13320, 5506, 5500, 917.67, 1
1949, 7815, 2, 0, 8619, 8620, 805, 803, 402.50, 1
1950, 7816, 10, 0, 8621, 13325, 5509, 5499, 550.90, 1
1951, 7820, 3, 0, 8626, 8628, 808, 805, 269.33, 1
1952, 7826, 6, 0, 8629, 13326, 5500, 5494, 916.67, 1
1953, 7827, 10, 0, 8634, 13331, 5504, 5494, 550.40, 1
1954, 7830, 6, 0, 8639, 13332, 5502, 5496, 917.00, 1
1955, 7835, 5, 0, 8644, 8648, 813, 808, 162.60, 1
1956, 7836, 8, 0, 8649, 13335, 5499, 5491, 687.38, 1
1957, 7844, 1, 0, 8654, 8654, 810, 809, 810.00, 1
1958, 7846, 3, 0, 8655, 8657, 811, 808, 270.33, 1
1959, 7851, 5, 0, 8658, 8662, 811, 806, 162.20, 1
1960, 7852, 3, 0, 8663, 8665, 813, 810, 271.00, 1
1961, 7857, 5, 0, 8666, 8670, 813, 808, 162.60, 1
1962, 7861, 9, 0, 8671, 13339, 5478, 5469, 608.67, 1
1963, 7862, 5, 0, 8676, 8680, 818, 813, 163.60, 1
1964, 7870, 5, 0, 8681, 8685, 815, 810, 163.00, 1
1965, 7871, 9, 0, 8686, 13343, 5472, 5463, 608.00, 1
1966, 7876, 5, 0, 8691, 8695, 819, 814, 163.80, 1
1967, 7879, 4, 0, 8696, 8699, 820, 816, 205.00, 1
1968, 7881, 1, 0, 8700, 8700, 819, 818, 819.00, 1
1969, 7882, 7, 0, 8701, 13345, 5463, 5456, 780.43, 1
1970, 7886, 1, 0, 8706, 8706, 820, 819, 820.00, 1
1971, 7889, 8, 0, 8707, 13348, 5459, 5451, 682.38, 1
1972, 7893, 8, 0, 8712, 13351, 5458, 5450, 682.25, 1
1973, 7897, 2, 0, 8717, 8718, 821, 819, 410.50, 1
1974, 7898, 1, 0, 8719, 8719, 821, 820, 821.00, 1
1975, 7900, 1, 0, 8720, 8720, 820, 819, 820.00, 1
1976, 7903, 11, 0, 8721, 25758, 17855, 17844, 1623.18, 1
1977, 7905, 2, 0, 8726, 8727, 822, 820, 411.00, 1
1978, 7911, 14, 0, 8728, 25762, 17851, 17837, 1275.07, 1
1979, 7914, 11, 0, 8733, 25763, 17849, 17838, 1622.64, 1
1980, 7916, 2, 0, 8738, 8739, 823, 821, 411.50, 1
1981, 7919, 13, 0, 8740, 25766, 17847, 17834, 1372.85, 1
1982, 7921, 8, 0, 8745, 13374, 5453, 5445, 681.62, 1
1983, 7925, 4, 0, 8750, 8753, 828, 824, 207.00, 1
1984, 7929, 7, 0, 8754, 13376, 5447, 5440, 778.14, 1
1985, 7933, 2, 0, 8759, 8760, 827, 825, 413.50, 1
1986, 7934, 10, 0, 8761, 13381, 5447, 5437, 544.70, 1
1987, 7936, 1, 0, 8766, 8766, 830, 829, 830.00, 1
1988, 7946, 3, 0, 8767, 8769, 823, 820, 274.33, 1
1989, 7948, 1, 0, 8770, 8770, 822, 821, 822.00, 1
1990, 7950, 6, 0, 8771, 13382, 5432, 5426, 905.33, 1
1991, 7958, 2, 0, 8776, 8777, 819, 817, 409.50, 1
1992, 7960, 5, 0, 8778, 8782, 822, 817, 164.40, 1
1993, 7962, 10, 0, 8783, 13387, 5425, 5415, 542.50, 1
1994, 7963, 5, 0, 8788, 8792, 829, 824, 165.80, 1
1995, 7965, 10, 0, 8793, 13392, 5427, 5417, 542.70, 1
1996, 7966, 5, 0, 8798, 8802, 836, 831, 167.20, 1
1997, 7969, 4, 0, 8803, 8806, 837, 833, 209.25, 1
1998, 7974, 1, 0, 8807, 8807, 833, 832, 833.00, 1
1999, 7976, 3, 0, 8808, 8810, 834, 831, 278.00, 1
2000, 7978, 4, 0, 8811, 8814, 836, 832, 209.00, 1
2001, 7983, 2, 0, 8815, 8816, 833, 831, 416.50, 1
2002, 7985, 1, 0, 8817, 8817, 832, 831, 832.00, 1
2003, 7988, 4, 0, 8818, 8821, 833, 829, 208.25, 1
2004, 7990, 2, 0, 8822, 8823, 833, 831, 416.50, 1
2005, 7992, 4, 0, 8824, 8827, 835, 831, 208.75, 1
2006, 7999, 4, 0, 8828, 8831, 832, 828, 208.00, 1
2007, 8000, 6, 0, 8832, 13393, 5393, 5387, 898.83, 1
2008, 8003, 1, 0, 8837, 8837, 834, 833, 834.00, 1
2009, 8008, 1, 0, 8838, 8838, 830, 829, 830.00, 1
2010, 8010, 2, 0, 8839, 8840, 830, 828, 415.00, 1
2011, 8015, 1, 0, 8841, 8841, 826, 825, 826.00, 1
2012, 8023, 5, 0, 8842, 8846, 823, 818, 164.60, 1
2013, 8026, 2, 0, 8847, 8848, 822, 820, 411.00, 1
2014, 8030, 1, 0, 8849, 8849, 819, 818, 819.00, 1
2015, 8031, 9, 0, 8850, 13397, 5366, 5357, 596.22, 1
2016, 8040, 7, 0, 8855, 13399, 5359, 5352, 765.57, 1
2017, 8046, 4, 0, 8860, 8863, 817, 813, 204.25, 1
2018, 8048, 2, 0, 8864, 8865, 817, 815, 408.50, 1
2019, 8049, 11, 0, 8866, 25767, 17718, 17707, 1610.73, 1
2020, 8051, 1, 0, 8871, 8871, 820, 819, 820.00, 1
2021, 8053, 2, 0, 8872, 8873, 820, 818, 410.00, 1
2022, 8054, 8, 0, 8874, 13407, 5353, 5345, 669.12, 1
2023, 8057, 4, 0, 8879, 8882, 825, 821, 206.25, 1
2024, 8062, 1, 0, 8883, 8883, 821, 820, 821.00, 1
2025, 8065, 10, 0, 8884, 13412, 5347, 5337, 534.70, 1
2026, 8066, 4, 0, 8889, 8892, 826, 822, 206.50, 1
2027, 8070, 1, 0, 8893, 8893, 823, 822, 823.00, 1
2028, 8077, 4, 0, 8894, 8897, 820, 816, 205.00, 1
2029, 8088, 12, 0, 8898, 25769, 17681, 17669, 1473.42, 1
2030, 8089, 2, 0, 8903, 8904, 815, 813, 407.50, 1
2031, 8093, 2, 0, 8905, 8906, 813, 811, 406.50, 1
2032, 8099, 6, 0, 8907, 13418, 5319, 5313, 886.50, 1
2033, 8104, 6, 0, 8912, 13419, 5315, 5309, 885.83, 1
2034, 8113, 10, 0, 8917, 13424, 5311, 5301, 531.10, 1
2035, 8115, 16, 0, 8922, 41968, 33853, 33837, 2115.81, 1
2036, 8120, 4, 0, 8927, 8930, 810, 806, 202.50, 1
2037, 8121, 7, 0, 8931, 13431, 5310, 5303, 758.57, 1
2038, 8125, 2, 0, 8936, 8937, 812, 810, 406.00, 1
2039, 8129, 1, 0, 8938, 8938, 809, 808, 809.00, 1
2040, 8134, 4, 0, 8939, 8942, 808, 804, 202.00, 1
2041, 8136, 4, 0, 8943, 8946, 810, 806, 202.50, 1
2042, 8140, 13, 0, 8947, 25777, 17637, 17624, 1356.69, 1
2043, 8141, 1, 0, 8952, 8952, 811, 810, 811.00, 1
2044, 8148, 10, 0, 8953, 13441, 5293, 5283, 529.30, 1
2045, 8149, 2, 0, 8958, 8959, 810, 808, 405.00, 1
2046, 8151, 9, 0, 8960, 13445, 5294, 5285, 588.22, 1
2047, 8152, 3, 0, 8965, 8967, 815, 812, 271.67, 1
2048, 8164, 1, 0, 8968, 8968, 804, 803, 804.00, 1
2049, 8166, 1, 0, 8969, 8969, 803, 802, 803.00, 1
2050, 8171, 8, 0, 8970, 13448, 5277, 5269, 659.62, 1
2051, 8177, 6, 0, 8975, 13449, 5272, 5266, 878.67, 1
2052, 8178, 3, 0, 8980, 8982, 804, 801, 268.00, 1
2053, 8184, 3, 0, 8983, 8985, 801, 798, 267.00, 1
2054, 8185, 14, 0, 8986, 25781, 17596, 17582, 1256.86, 1
2055, 8192, 12, 0, 8991, 25783, 17591, 17579, 1465.92, 1
2056, 8193, 1, 0, 8996, 8996, 803, 802, 803.00, 1
2057, 8194, 2, 0, 8997, 8998, 804, 802, 402.00, 1
2058, 8195, 3, 0, 8999, 9001, 806, 803, 268.67, 1
2059, 8197, 4, 0, 9002, 9005, 808, 804, 202.00, 1
2060, 8199, 8, 0, 9006, 13462, 5263, 5255, 657.88, 1
2061, 8200, 10, 0, 9011, 13467, 5267, 5257, 526.70, 1
2062, 8204, 5, 0, 9016, 9020, 816, 811, 163.20, 1
2063, 8205, 14, 0, 9021, 25787, 17582, 17568, 1255.86, 1
2064, 8207, 8, 0, 9026, 13475, 5268, 5260, 658.50, 1
2065, 8211, 2, 0, 9031, 9032, 821, 819, 410.50, 1
2066, 8212, 3, 0, 9033, 9035, 823, 820, 274.33, 1
2067, 8213, 4, 0, 9036, 9039, 826, 822, 206.50, 1
2068, 8214, 5, 0, 9040, 9044, 830, 825, 166.00, 1
2069, 8220, 7, 0, 9045, 13477, 5257, 5250, 751.00, 1
2070, 8233, 1, 0, 9050, 9050, 817, 816, 817.00, 1
2071, 8234, 10, 0, 9051, 13482, 5248, 5238, 524.80, 1
2072, 8236, 3, 0, 9056, 9058, 822, 819, 274.00, 1
2073, 8240, 1, 0, 9059, 9059, 819, 818, 819.00, 1
2074, 8243, 5, 0, 9060, 9064, 821, 816, 164.20, 1
2075, 8248, 1, 0, 9065, 9065, 817, 816, 817.00, 1
2076, 8254, 2, 0, 9066, 9067, 813, 811, 406.50, 1
2077, 8259, 5, 0, 9068, 9072, 813, 808, 162.60, 1
2078, 8260, 4, 0, 9073, 9076, 816, 812, 204.00, 1
2079, 8262, 5, 0, 9077, 9081, 819, 814, 163.80, 1
2080, 8275, 18, 0, 9082, 41971, 33696, 33678, 1872.00, 1
2081, 8278, 1, 0, 9087, 9087, 809, 808, 809.00, 1
2082, 8279, 1, 0, 9088, 9088, 809, 808, 809.00, 1
2083, 8282, 2, 0, 9089, 9090, 808, 806, 404.00, 1
2084, 8283, 11, 0, 9091, 25793, 17510, 17499, 1591.82, 1
2085, 8286, 1, 0, 9096, 9096, 810, 809, 810.00, 1
2086, 8292, 5, 0, 9097, 9101, 809, 804, 161.80, 1
2087, 8295, 1, 0, 9102, 9102, 807, 806, 807.00, 1
2088, 8296, 5, 0, 9103, 9107, 811, 806, 162.20, 1
2089, 8304, 1, 0, 9108, 9108, 804, 803, 804.00, 1
2090, 8305, 1, 0, 9109, 9109, 804, 803, 804.00, 1
2091, 8310, 3, 0, 9110, 9112, 802, 799, 267.33, 1
2092, 8313, 4, 0, 9113, 9116, 803, 799, 200.75, 1
2093, 8326, 7, 0, 9117, 13494, 5168, 5161, 738.29, 1
2094, 8327, 8, 0, 9122, 13497, 5170, 5162, 646.25, 1
2095, 8328, 1, 0, 9127, 9127, 799, 798, 799.00, 1
2096, 8341, 9, 0, 9128, 13501, 5160, 5151, 573.33, 1
2097, 8343, 1, 0, 9133, 9133, 790, 789, 790.00, 1
2098, 8350, 8, 0, 9134, 13504, 5154, 5146, 644.25, 1
2099, 8351, 3, 0, 9139, 9141, 790, 787, 263.33, 1
2100, 8352, 8, 0, 9142, 13507, 5155, 5147, 644.38, 1
2101, 8357, 11, 0, 9147, 25794, 17437, 17426, 1585.18, 1
2102, 8359, 2, 0, 9152, 9153, 794, 792, 397.00, 1
2103, 8362, 11, 0, 9154, 25795, 17433, 17422, 1584.82, 1
2104, 8366, 4, 0, 9159, 9162, 796, 792, 199.00, 1
2105, 8370, 2, 0, 9163, 9164, 794, 792, 397.00, 1
2106, 8373, 4, 0, 9165, 9168, 795, 791, 198.75, 1
2107, 8374, 10, 0, 9169, 13522, 5148, 5138, 514.80, 1
2108, 8378, 9, 0, 9174, 13526, 5148, 5139, 572.00, 1
2109, 8386, 5, 0, 9179, 9183, 797, 792, 159.40, 1
2110, 8387, 3, 0, 9184, 9186, 799, 796, 266.33, 1
2111, 8391, 6, 0, 9187, 13527, 5136, 5130, 856.00, 1
2112, 8397, 9, 0, 9192, 13531, 5134, 5125, 570.44, 1
2113, 8399, 3, 0, 9197, 9199, 800, 797, 266.67, 1
2114, 8400, 30, 0, 9200, 48730, 40330, 40300, 1344.33, 1
2115, 8405, 15, 0, 9205, 25805, 17400, 17385, 1160.00, 1
2116, 8409, 12, 0, 9210, 25807, 17398, 17386, 1449.83, 1
2117, 8411, 16, 0, 9215, 41977, 33566, 33550, 2097.88, 1
2118, 8428, 2, 0, 9220, 9221, 793, 791, 396.50, 1
2119, 8429, 4, 0, 9222, 9225, 796, 792, 199.00, 1
2120, 8433, 5, 0, 9226, 9230, 797, 792, 159.40, 1
2121, 8435, 4, 0, 9231, 9234, 799, 795, 199.75, 1
2122, 8442, 6, 0, 9235, 13552, 5110, 5104, 851.67, 1
2123, 8444, 3, 0, 9240, 9242, 798, 795, 266.00, 1
2124, 8445, 2, 0, 9243, 9244, 799, 797, 399.50, 1
2125, 8446, 1, 0, 9245, 9245, 799, 798, 799.00, 1
2126, 8447, 2, 0, 9246, 9247, 800, 798, 400.00, 1
2127, 8449, 5, 0, 9248, 9252, 803, 798, 160.60, 1
2128, 8451, 7, 0, 9253, 13554, 5103, 5096, 729.00, 1
2129, 8454, 2, 0, 9258, 9259, 805, 803, 402.50, 1
2130, 8456, 4, 0, 9260, 9263, 807, 803, 201.75, 1
2131, 8460, 4, 0, 9264, 9267, 807, 803, 201.75, 1
2132, 8463, 7, 0, 9268, 13556, 5093, 5086, 727.57, 1
2133, 8469, 15, 0, 9273, 25817, 17348, 17333, 1156.53, 1
2134, 8475, 2, 0, 9278, 9279, 804, 802, 402.00, 1
2135, 8476, 3, 0, 9280, 9282, 806, 803, 268.67, 1
2136, 8478, 2, 0, 9283, 9284, 806, 804, 403.00, 1
2137, 8484, 4, 0, 9285, 9288, 804, 800, 201.00, 1
2138, 8485, 4, 0, 9289, 9292, 807, 803, 201.75, 1
2139, 8487, 2, 0, 9293, 9294, 807, 805, 403.50, 1
2140, 8489, 5, 0, 9295, 9299, 810, 805, 162.00, 1
2141, 8500, 2, 0, 9300, 9301, 801, 799, 400.50, 1
2142, 8504, 1, 0, 9302, 9302, 798, 797, 798.00, 1
2143, 8505, 5, 0, 9303, 9307, 802, 797, 160.40, 1
2144, 8507, 2, 0, 9308, 9309, 802, 800, 401.00, 1
2145, 8510, 13, 0, 9310, 25820, 17310, 17297, 1331.54, 1
2146, 8511, 1, 0, 9315, 9315, 804, 803, 804.00, 1
2147, 8539, 7, 0, 9316, 13568, 5029, 5022, 718.43, 1
2148, 8543, 5, 0, 9321, 9325, 782, 777, 156.40, 1
2149, 8544, 5, 0, 9326, 9330, 786, 781, 157.20, 1
2150, 8547, 2, 0, 9331, 9332, 785, 783, 392.50, 1
2151, 8554, 3, 0, 9333, 9335, 781, 778, 260.33, 1
2152, 8563, 6, 0, 9336, 13569, 5006, 5000, 834.33, 1
2153, 8567, 2, 0, 9341, 9342, 775, 773, 387.50, 1
2154, 8568, 1, 0, 9343, 9343, 775, 774, 775.00, 1
2155, 8569, 15, 0, 9344, 25825, 17256, 17241, 1150.40, 1
2156, 8570, 5, 0, 9349, 9353, 783, 778, 156.60, 1
2157, 8578, 1, 0, 9354, 9354, 776, 775, 776.00, 1
2158, 8581, 4, 0, 9355, 9358, 777, 773, 194.25, 1
2159, 8583, 3, 0, 9359, 9361, 778, 775, 259.33, 1
2160, 8584, 2, 0, 9362, 9363, 779, 777, 389.50, 1
2161, 8587, 2, 0, 9364, 9365, 778, 776, 389.00, 1
2162, 8592, 2, 0, 9366, 9367, 775, 773, 387.50, 1
2163, 8593, 1, 0, 9368, 9368, 775, 774, 775.00, 1
2164, 8594, 8, 0, 9369, 13577, 4983, 4975, 622.88, 1
2165, 8602, 2, 0, 9374, 9375, 773, 771, 386.50, 1
2166, 8604, 3, 0, 9376, 9378, 774, 771, 258.00, 1
2167, 8606, 3, 0, 9379, 9381, 775, 772, 258.33, 1
2168, 8611, 1, 0, 9382, 9382, 771, 770, 771.00, 1
2169, 8613, 2, 0, 9383, 9384, 771, 769, 385.50, 1
2170, 8614, 8, 0, 9385, 13580, 4966, 4958, 620.75, 1
2171, 8619, 2, 0, 9390, 9391, 772, 770, 386.00, 1
2172, 8620, 6, 0, 9392, 13581, 4961, 4955, 826.83, 1
2173, 8622, 5, 0, 9397, 9401, 779, 774, 155.80, 1
2174, 8623, 4, 0, 9402, 9405, 782, 778, 195.50, 1
2175, 8624, 8, 0, 9406, 13584, 4960, 4952, 620.00, 1
2176, 8629, 3, 0, 9411, 9413, 784, 781, 261.33, 1
2177, 8630, 5, 0, 9414, 9418, 788, 783, 157.60, 1
2178, 8631, 4, 0, 9419, 9422, 791, 787, 197.75, 1
2179, 8633, 1, 0, 9423, 9423, 790, 789, 790.00, 1
2180, 8640, 13, 0, 9424, 25828, 17188, 17175, 1322.15, 1
2181, 8644, 2, 0, 9429, 9430, 786, 784, 393.00, 1
2182, 8653, 3, 0, 9431, 9433, 780, 777, 260.00, 1
2183, 8654, 8, 0, 9434, 13592, 4938, 4930, 617.25, 1
2184, 8655, 1, 0, 9439, 9439, 784, 783, 784.00, 1
2185, 8656, 5, 0, 9440, 9444, 788, 783, 157.60, 1
2186, 8662, 6, 0, 9445, 13593, 4931, 4925, 821.83, 1
2187, 8663, 4, 0, 9450, 9453, 790, 786, 197.50, 1
2188, 8675, 6, 0, 9454, 13594, 4919, 4913, 819.83, 1
2189, 8677, 1, 0, 9459, 9459, 782, 781, 782.00, 1
2190, 8679, 2, 0, 9460, 9461, 782, 780, 391.00, 1
2191, 8683, 3, 0, 9462, 9464, 781, 778, 260.33, 1
2192, 8684, 1, 0, 9465, 9465, 781, 780, 781.00, 1
2193, 8685, 2, 0, 9466, 9467, 782, 780, 391.00, 1
2194, 8686, 20, 0, 9468, 41982, 33296, 33276, 1664.80, 1
2195, 8693, 3, 0, 9473, 9475, 782, 779, 260.67, 1
2196, 8694, 5, 0, 9476, 9480, 786, 781, 157.20, 1
2197, 8701, 1, 0, 9481, 9481, 780, 779, 780.00, 1
2198, 8702, 1, 0, 9482, 9482, 780, 779, 780.00, 1
2199, 8704, 1, 0, 9483, 9483, 779, 778, 779.00, 1
2200, 8714, 8, 0, 9484, 13602, 4888, 4880, 611.00, 1
2201, 8716, 1, 0, 9489, 9489, 773, 772, 773.00, 1
2202, 8717, 1, 0, 9490, 9490, 773, 772, 773.00, 1
2203, 8724, 10, 0, 9491, 13607, 4883, 4873, 488.30, 1
2204, 8729, 13, 0, 9496, 25836, 17107, 17094, 1315.92, 1
2205, 8731, 3, 0, 9501, 9503, 772, 769, 257.33, 1
2206, 8736, 5, 0, 9504, 9508, 772, 767, 154.40, 1
2207, 8739, 1, 0, 9509, 9509, 770, 769, 770.00, 1
2208, 8746, 4, 0, 9510, 9513, 767, 763, 191.75, 1
2209, 8752, 5, 0, 9514, 9518, 766, 761, 153.20, 1
2210, 8761, 9, 0, 9519, 13616, 4855, 4846, 539.44, 1
2211, 8762, 3, 0, 9524, 9526, 764, 761, 254.67, 1
2212, 8763, 3, 0, 9527, 9529, 766, 763, 255.33, 1
2213, 8770, 2, 0, 9530, 9531, 761, 759, 380.50, 1
2214, 8773, 8, 0, 9532, 13619, 4846, 4838, 605.75, 1
2215, 8777, 1, 0, 9537, 9537, 760, 759, 760.00, 1
2216, 8779, 1, 0, 9538, 9538, 759, 758, 759.00, 1
2217, 8780, 5, 0, 9539, 9543, 763, 758, 152.60, 1
2218, 8783, 13, 0, 9544, 25839, 17056, 17043, 1312.00, 1
2219, 8790, 5, 0, 9549, 9553, 763, 758, 152.60, 1
2220, 8793, 1, 0, 9554, 9554, 761, 760, 761.00, 1
2221, 8796, 4, 0, 9555, 9558, 762, 758, 190.50, 1
2222, 8804, 26, 0, 9559, 48731, 39927, 39901, 1535.65, 1
2223, 8806, 12, 0, 9564, 25846, 17040, 17028, 1420.00, 1
2224, 8808, 5, 0, 9569, 9573, 765, 760, 153.00, 1
2225, 8816, 2, 0, 9574, 9575, 759, 757, 379.50, 1
2226, 8819, 8, 0, 9576, 13637, 4818, 4810, 602.25, 1
2227, 8822, 2, 0, 9581, 9582, 760, 758, 380.00, 1
2228, 8824, 10, 0, 9583, 13642, 4818, 4808, 481.80, 1
2229, 8831, 1, 0, 9588, 9588, 757, 756, 757.00, 1
2230, 8838, 6, 0, 9589, 13643, 4805, 4799, 800.83, 1
2231, 8842, 3, 0, 9594, 9596, 754, 751, 251.33, 1
2232, 8843, 4, 0, 9597, 9600, 757, 753, 189.25, 1
2233, 8844, 7, 0, 9601, 13645, 4801, 4794, 685.86, 1
2234, 8849, 4, 0, 9606, 9609, 760, 756, 190.00, 1
2235, 8854, 6, 0, 9610, 13646, 4792, 4786, 798.67, 1
2236, 8862, 3, 0, 9615, 9617, 755, 752, 251.67, 1
2237, 8865, 4, 0, 9618, 9621, 756, 752, 189.00, 1
2238, 8871, 1, 0, 9622, 9622, 751, 750, 751.00, 1
2239, 8877, 6, 0, 9623, 13647, 4770, 4764, 795.00, 1
2240, 8883, 9, 0, 9628, 13651, 4768, 4759, 529.78, 1
2241, 8885, 1, 0, 9633, 9633, 748, 747, 748.00, 1
2242, 8895, 4, 0, 9634, 9637, 742, 738, 185.50, 1
2243, 8897, 4, 0, 9638, 9641, 744, 740, 186.00, 1
2244, 8898, 2, 0, 9642, 9643, 745, 743, 372.50, 1
2245, 8905, 5, 0, 9644, 9648, 743, 738, 148.60, 1
2246, 8907, 8, 0, 9649, 13654, 4747, 4739, 593.38, 1
2247, 8923, 2, 0, 9654, 9655, 732, 730, 366.00, 1
2248, 8925, 3, 0, 9656, 9658, 733, 730, 244.33, 1
2249, 8934, 4, 0, 9659, 9662, 728, 724, 182.00, 1
2250, 8936, 3, 0, 9663, 9665, 729, 726, 243.00, 1
2251, 8942, 15, 0, 9666, 25851, 16909, 16894, 1127.27, 1
2252, 8952, 1, 0, 9671, 9671, 719, 718, 719.00, 1
2253, 8958, 7, 0, 9672, 13661, 4703, 4696, 671.86, 1
2254, 8960, 13, 0, 9677, 25854, 16894, 16881, 1299.54, 1
2255, 8964, 8, 0, 9682, 13669, 4705, 4697, 588.12, 1
2256, 8968, 2, 0, 9687, 9688, 720, 718, 360.00, 1
2257, 8970, 1, 0, 9689, 9689, 719, 718, 719.00, 1
2258, 8973, 4, 0, 9690, 9693, 720, 716, 180.00, 1
2259, 8977, 4, 0, 9694, 9697, 720, 716, 180.00, 1
2260, 8978, 7, 0, 9698, 13671, 4693, 4686, 670.43, 1
2261, 8991, 7, 0, 9703, 13673, 4682, 4675, 668.86, 1
2262, 8992, 7, 0, 9708, 13675, 4683, 4676, 669.00, 1
2263, 8995, 1, 0, 9713, 9713, 718, 717, 718.00, 1
2264, 8999, 4, 0, 9714, 9717, 718, 714, 179.50, 1
2265, 9003, 6, 0, 9718, 13676, 4673, 4667, 778.83, 1
2266, 9010, 1, 0, 9723, 9723, 713, 712, 713.00, 1
2267, 9012, 12, 0, 9724, 25856, 16844, 16832, 1403.67, 1
2268, 9015, 4, 0, 9729, 9732, 717, 713, 179.25, 1
2269, 9018, 2, 0, 9733, 9734, 716, 714, 358.00, 1
2270, 9024, 9, 0, 9735, 13685, 4661, 4652, 517.89, 1
2271, 9025, 7, 0, 9740, 13687, 4662, 4655, 666.00, 1
2272, 9027, 5, 0, 9745, 9749, 722, 717, 144.40, 1
2273, 9034, 2, 0, 9750, 9751, 717, 715, 358.50, 1
2274, 9039, 3, 0, 9752, 9754, 715, 712, 238.33, 1
2275, 9040, 9, 0, 9755, 13691, 4651, 4642, 516.78, 1
2276, 9044, 3, 0, 9760, 9762, 718, 715, 239.33, 1
2277, 9049, 4, 0, 9763, 9766, 717, 713, 179.25, 1
2278, 9052, 14, 0, 9767, 25860, 16808, 16794, 1200.57, 1
2279, 9053, 6, 0, 9772, 13697, 4644, 4638, 774.00, 1
2280, 9055, 2, 0, 9777, 9778, 723, 721, 361.50, 1
2281, 9056, 1, 0, 9779, 9779, 723, 722, 723.00, 1
2282, 9063, 3, 0, 9780, 9782, 719, 716, 239.67, 1
2283, 9065, 17, 0, 9783, 41989, 32924, 32907, 1936.71, 1
2284, 9075, 5, 0, 9788, 9792, 717, 712, 143.40, 1
2285, 9077, 2, 0, 9793, 9794, 717, 715, 358.50, 1
2286, 9080, 1, 0, 9795, 9795, 715, 714, 715.00, 1
2287, 9081, 5, 0, 9796, 9800, 719, 714, 143.80, 1
2288, 9086, 6, 0, 9801, 13703, 4617, 4611, 769.50, 1
2289, 9090, 2, 0, 9806, 9807, 717, 715, 358.50, 1
2290, 9092, 5, 0, 9808, 9812, 720, 715, 144.00, 1
2291, 9094, 18, 0, 9813, 41992, 32898, 32880, 1827.67, 1
2292, 9097, 5, 0, 9818, 9822, 725, 720, 145.00, 1
2293, 9100, 1, 0, 9823, 9823, 723, 722, 723.00, 1
2294, 9103, 2, 0, 9824, 9825, 722, 720, 361.00, 1
2295, 9104, 3, 0, 9826, 9828, 724, 721, 241.33, 1
2296, 9108, 13, 0, 9829, 25873, 16765, 16752, 1289.62, 1
2297, 9113, 2, 0, 9834, 9835, 722, 720, 361.00, 1
2298, 9116, 16, 0, 9836, 41993, 32877, 32861, 2054.81, 1
2299, 9121, 4, 0, 9841, 9844, 723, 719, 180.75, 1
2300, 9124, 1, 0, 9845, 9845, 721, 720, 721.00, 1
2301, 9126, 1, 0, 9846, 9846, 720, 719, 720.00, 1
2302, 9132, 6, 0, 9847, 13719, 4587, 4581, 764.50, 1
2303, 9135, 2, 0, 9852, 9853, 718, 716, 359.00, 1
2304, 9136, 1, 0, 9854, 9854, 718, 717, 718.00, 1
2305, 9140, 9, 0, 9855, 13723, 4583, 4574, 509.22, 1
2306, 9142, 1, 0, 9860, 9860, 718, 717, 718.00, 1
2307, 9145, 1, 0, 9861, 9861, 716, 715, 716.00, 1
2308, 9148, 2, 0, 9862, 9863, 715, 713, 357.50, 1
2309, 9153, 2, 0, 9864, 9865, 712, 710, 356.00, 1
2310, 9157, 4, 0, 9866, 9869, 712, 708, 178.00, 1
2311, 9174, 5, 0, 9870, 9874, 700, 695, 140.00, 1
2312, 9177, 2, 0, 9875, 9876, 699, 697, 349.50, 1
2313, 9196, 5, 0, 9877, 9881, 685, 680, 137.00, 1
2314, 9199, 9, 0, 9882, 13727, 4528, 4519, 503.11, 1
2315, 9203, 3, 0, 9887, 9889, 686, 683, 228.67, 1
2316, 9204, 2, 0, 9890, 9891, 687, 685, 343.50, 1
2317, 9213, 2, 0, 9892, 9893, 680, 678, 340.00, 1
2318, 9215, 3, 0, 9894, 9896, 681, 678, 227.00, 1
2319, 9221, 16, 0, 9897, 41994, 32773, 32757, 2048.31, 1
2320, 9227, 2, 0, 9902, 9903, 676, 674, 338.00, 1
2321, 9228, 1, 0, 9904, 9904, 676, 675, 676.00, 1
2322, 9231, 1, 0, 9905, 9905, 674, 673, 674.00, 1
2323, 9234, 4, 0, 9906, 9909, 675, 671, 168.75, 1
2324, 9245, 4, 0, 9910, 9913, 668, 664, 167.00, 1
2325, 9249, 9, 0, 9914, 13736, 4487, 4478, 498.56, 1
2326, 9254, 1, 0, 9919, 9919, 665, 664, 665.00, 1
2327, 9255, 8, 0, 9920, 13739, 4484, 4476, 560.50, 1
2328, 9257, 3, 0, 9925, 9927, 670, 667, 223.33, 1
2329, 9262, 4, 0, 9928, 9931, 669, 665, 167.25, 1
2330, 9266, 1, 0, 9932, 9932, 666, 665, 666.00, 1
2331, 9271, 1, 0, 9933, 9933, 662, 661, 662.00, 1
2332, 9282, 1, 0, 9934, 9934, 652, 651, 652.00, 1
2333, 9287, 15, 0, 9935, 25888, 16601, 16586, 1106.73, 1
2334, 9288, 1, 0, 9940, 9940, 652, 651, 652.00, 1
2335, 9292, 10, 0, 9941, 13749, 4457, 4447, 445.70, 1
2336, 9296, 2, 0, 9946, 9947, 651, 649, 325.50, 1
2337, 9298, 1, 0, 9948, 9948, 650, 649, 650.00, 1
2338, 9300, 5, 0, 9949, 9953, 653, 648, 130.60, 1
2339, 9305, 2, 0, 9954, 9955, 650, 648, 325.00, 1
2340, 9317, 5, 0, 9956, 9960, 643, 638, 128.60, 1
2341, 9322, 9, 0, 9961, 13753, 4431, 4422, 492.33, 1
2342, 9331, 1, 0, 9966, 9966, 635, 634, 635.00, 1
2343, 9332, 3, 0, 9967, 9969, 637, 634, 212.33, 1
2344, 9333, 12, 0, 9970, 25890, 16557, 16545, 1379.75, 1
2345, 9340, 2, 0, 9975, 9976, 636, 634, 318.00, 1
2346, 9342, 2, 0, 9977, 9978, 636, 634, 318.00, 1
2347, 9346, 2, 0, 9979, 9980, 634, 632, 317.00, 1
2348, 9347, 1, 0, 9981, 9981, 634, 633, 634.00, 1
2349, 9358, 4, 0, 9982, 9985, 627, 623, 156.75, 1
2350, 9360, 5, 0, 9986, 9990, 630, 625, 126.00, 1
2351, 9364, 5, 0, 9991, 9995, 631, 626, 126.20, 1
2352, 9366, 1, 0, 9996, 9996, 630, 629, 630.00, 1
2353, 9367, 6, 0, 9997, 13759, 4392, 4386, 732.00, 1
2354, 9373, 4, 0, 10002, 10005, 632, 628, 158.00, 1
2355, 9375, 8, 0, 10006, 13762, 4387, 4379, 548.38, 1
2356, 9380, 5, 0, 10011, 10015, 635, 630, 127.00, 1
2357, 9384, 12, 0, 10016, 25892, 16508, 16496, 1375.67, 1
2358, 9385, 3, 0, 10021, 10023, 638, 635, 212.67, 1
2359, 9386, 5, 0, 10024, 10028, 642, 637, 128.40, 1
2360, 9396, 7, 0, 10029, 13769, 4373, 4366, 624.71, 1
2361, 9401, 3, 0, 10034, 10036, 635, 632, 211.67, 1
2362, 9406, 5, 0, 10037, 10041, 635, 630, 127.00, 1
2363, 9411, 9, 0, 10042, 13773, 4362, 4353, 484.67, 1
2364, 9414, 2, 0, 10047, 10048, 634, 632, 317.00, 1
2365, 9425, 3, 0, 10049, 10051, 626, 623, 208.67, 1
2366, 9427, 1, 0, 10052, 10052, 625, 624, 625.00, 1
2367, 9428, 1, 0, 10053, 10053, 625, 624, 625.00, 1
2368, 9436, 11, 0, 10054, 25893, 16457, 16446, 1496.09, 1
2369, 9441, 5, 0, 10059, 10063, 622, 617, 124.40, 1
2370, 9443, 11, 0, 10064, 25894, 16451, 16440, 1495.55, 1
2371, 9445, 6, 0, 10069, 13784, 4339, 4333, 723.17, 1
2372, 9449, 1, 0, 10074, 10074, 625, 624, 625.00, 1
2373, 9458, 10, 0, 10075, 13789, 4331, 4321, 433.10, 1
2374, 9464, 4, 0, 10080, 10083, 619, 615, 154.75, 1
2375, 9477, 6, 0, 10084, 13790, 4313, 4307, 718.83, 1
2376, 9481, 5, 0, 10089, 10093, 612, 607, 122.40, 1
2377, 9482, 3, 0, 10094, 10096, 614, 611, 204.67, 1
2378, 9486, 7, 0, 10097, 13792, 4306, 4299, 615.14, 1
2379, 9493, 1, 0, 10102, 10102, 609, 608, 609.00, 1
2380, 9500, 6, 0, 10103, 13793, 4293, 4287, 715.50, 1
2381, 9504, 5, 0, 10108, 10112, 608, 603, 121.60, 1
2382, 9505, 3, 0, 10113, 10115, 610, 607, 203.33, 1
2383, 9511, 1, 0, 10116, 10116, 605, 604, 605.00, 1
2384, 9516, 4, 0, 10117, 10120, 604, 600, 151.00, 1
2385, 9519, 4, 0, 10121, 10124, 605, 601, 151.25, 1
2386, 9520, 4, 0, 10125, 10128, 608, 604, 152.00, 1
2387, 9523, 11, 0, 10129, 25895, 16372, 16361, 1488.36, 1
2388, 9526, 15, 0, 10134, 25900, 16374, 16359, 1091.60, 1
2389, 9527, 2, 0, 10139, 10140, 613, 611, 306.50, 1
2390, 9528, 6, 0, 10141, 13804, 4276, 4270, 712.67, 1
2391, 9531, 2, 0, 10146, 10147, 616, 614, 308.00, 1
2392, 9539, 1, 0, 10148, 10148, 609, 608, 609.00, 1
2393, 9540, 13, 0, 10149, 25903, 16363, 16350, 1258.69, 1
2394, 9542, 1, 0, 10154, 10154, 612, 611, 612.00, 1
2395, 9546, 1, 0, 10155, 10155, 609, 608, 609.00, 1
2396, 9547, 2, 0, 10156, 10157, 610, 608, 305.00, 1
2397, 9555, 1, 0, 10158, 10158, 603, 602, 603.00, 1
2398, 9556, 1, 0, 10159, 10159, 603, 602, 603.00, 1
2399, 9562, 1, 0, 10160, 10160, 598, 597, 598.00, 1
2400, 9567, 5, 0, 10161, 10165, 598, 593, 119.60, 1
2401, 9568, 2, 0, 10166, 10167, 599, 597, 299.50, 1
2402, 9571, 4, 0, 10168, 10171, 600, 596, 150.00, 1
2403, 9573, 2, 0, 10172, 10173, 600, 598, 300.00, 1
2404, 9577, 1, 0, 10174, 10174, 597, 596, 597.00, 1
2405, 9583, 3, 0, 10175, 10177, 594, 591, 198.00, 1
2406, 9585, 2, 0, 10178, 10179, 594, 592, 297.00, 1
2407, 9588, 2, 0, 10180, 10181, 593, 591, 296.50, 1
2408, 9589, 3, 0, 10182, 10184, 595, 592, 198.33, 1
2409, 9595, 2, 0, 10185, 10186, 591, 589, 295.50, 1
2410, 9599, 10, 0, 10187, 13814, 4215, 4205, 421.50, 1
2411, 9601, 14, 0, 10192, 25907, 16306, 16292, 1164.71, 1
2412, 9603, 10, 0, 10197, 13824, 4221, 4211, 422.10, 1
2413, 9609, 8, 0, 10202, 13827, 4218, 4210, 527.25, 1
2414, 9611, 5, 0, 10207, 10211, 600, 595, 120.00, 1
2415, 9614, 1, 0, 10212, 10212, 598, 597, 598.00, 1
2416, 9615, 14, 0, 10213, 25911, 16296, 16282, 1164.00, 1
2417, 9630, 2, 0, 10218, 10219, 589, 587, 294.50, 1
2418, 9633, 2, 0, 10220, 10221, 588, 586, 294.00, 1
2419, 9639, 9, 0, 10222, 13836, 4197, 4188, 466.33, 1
2420, 9640, 24, 0, 10227, 47053, 37413, 37389, 1558.88, 1
2421, 9644, 12, 0, 10232, 25918, 16274, 16262, 1356.17, 1
2422, 9650, 2, 0, 10237, 10238, 588, 586, 294.00, 1
2423, 9659, 4, 0, 10239, 10242, 583, 579, 145.75, 1
2424, 9660, 5, 0, 10243, 10247, 587, 582, 117.40, 1
2425, 9661, 2, 0, 10248, 10249, 588, 586, 294.00, 1
2426, 9663, 6, 0, 10250, 13847, 4184, 4178, 697.33, 1
2427, 9668, 5, 0, 10255, 10259, 591, 586, 118.20, 1
2428, 9675, 5, 0, 10260, 10264, 589, 584, 117.80, 1
2429, 9677, 8, 0, 10265, 13850, 4173, 4165, 521.62, 1
2430, 9678, 1, 0, 10270, 10270, 592, 591, 592.00, 1
2431, 9681, 4, 0, 10271, 10274, 593, 589, 148.25, 1
2432, 9687, 25, 0, 10275, 47058, 37371, 37346, 1494.84, 1
2433, 9688, 3, 0, 10280, 10282, 594, 591, 198.00, 1
2434, 9689, 1, 0, 10283, 10283, 594, 593, 594.00, 1
2435, 9695, 14, 0, 10284, 25927, 16232, 16218, 1159.43, 1
2436, 9700, 1, 0, 10289, 10289, 589, 588, 589.00, 1
2437, 9702, 3, 0, 10290, 10292, 590, 587, 196.67, 1
2438, 9704, 6, 0, 10293, 13861, 4157, 4151, 692.83, 1
2439, 9712, 3, 0, 10298, 10300, 588, 585, 196.00, 1
2440, 9717, 1, 0, 10301, 10301, 584, 583, 584.00, 1
2441, 9725, 5, 0, 10302, 10306, 581, 576, 116.20, 1
2442, 9731, 7, 0, 10307, 13863, 4132, 4125, 590.29, 1
2443, 9735, 11, 0, 10312, 25928, 16193, 16182, 1472.09, 1
2444, 9745, 2, 0, 10317, 10318, 573, 571, 286.50, 1
2445, 9748, 17, 0, 10319, 42006, 32258, 32241, 1897.53, 1
2446, 9754, 1, 0, 10324, 10324, 570, 569, 570.00, 1
2447, 9755, 5, 0, 10325, 10329, 574, 569, 114.80, 1
2448, 9757, 11, 0, 10330, 25934, 16177, 16166, 1470.64, 1
2449, 9758, 10, 0, 10335, 13883, 4125, 4115, 412.50, 1
2450, 9759, 5, 0, 10340, 10344, 585, 580, 117.00, 1
2451, 9760, 1, 0, 10345, 10345, 585, 584, 585.00, 1
2452, 9762, 5, 0, 10346, 10350, 588, 583, 117.60, 1
2453, 9773, 15, 0, 10351, 25939, 16166, 16151, 1077.73, 1
2454, 9792, 7, 0, 10356, 13890, 4098, 4091, 585.43, 1
2455, 9796, 1, 0, 10361, 10361, 565, 564, 565.00, 1
2456, 9805, 1, 0, 10362, 10362, 557, 556, 557.00, 1
2457, 9809, 3, 0, 10363, 10365, 556, 553, 185.33, 1
2458, 9810, 6, 0, 10366, 13891, 4081, 4075, 680.17, 1
2459, 9818, 3, 0, 10371, 10373, 555, 552, 185.00, 1
2460, 9822, 19, 0, 10374, 42010, 32188, 32169, 1694.11, 1
2461, 9830, 2, 0, 10379, 10380, 550, 548, 275.00, 1
2462, 9849, 2, 0, 10381, 10382, 533, 531, 266.50, 1
2463, 9850, 1, 0, 10383, 10383, 533, 532, 533.00, 1
2464, 9857, 3, 0, 10384, 10386, 529, 526, 176.33, 1
2465, 9860, 4, 0, 10387, 10390, 530, 526, 132.50, 1
2466, 9864, 14, 0, 10391, 25948, 16084, 16070, 1148.86, 1
2467, 9865, 1, 0, 10396, 10396, 531, 530, 531.00, 1
2468, 9877, 1, 0, 10397, 10397, 520, 519, 520.00, 1
2469, 9899, 5, 0, 10398, 10402, 503, 498, 100.60, 1
2470, 9904, 2, 0, 10403, 10404, 500, 498, 250.00, 1
2471, 9909, 14, 0, 10405, 25952, 16043, 16029, 1145.93, 1
2472, 9915, 2, 0, 10410, 10411, 496, 494, 248.00, 1
2473, 9917, 12, 0, 10412, 25954, 16037, 16025, 1336.42, 1
2474, 9919, 1, 0, 10417, 10417, 498, 497, 498.00, 1
2475, 9934, 2, 0, 10418, 10419, 485, 483, 242.50, 1
2476, 9936, 2, 0, 10420, 10421, 485, 483, 242.50, 1
2477, 9937, 4, 0, 10422, 10425, 488, 484, 122.00, 1
2478, 9940, 7, 0, 10426, 13913, 3973, 3966, 567.57, 1
2479, 9941, 6, 0, 10431, 13914, 3973, 3967, 662.17, 1
2480, 9945, 1, 0, 10436, 10436, 491, 490, 491.00, 1
2481, 9946, 4, 0, 10437, 10440, 494, 490, 123.50, 1
2482, 9951, 1, 0, 10441, 10441, 490, 489, 490.00, 1
2483, 9964, 10, 0, 10442, 13919, 3955, 3945, 395.50, 1
2484, 9965, 11, 0, 10447, 25955, 15990, 15979, 1453.64, 1
2485, 9967, 3, 0, 10452, 10454, 487, 484, 162.33, 1
2486, 9969, 4, 0, 10455, 10458, 489, 485, 122.25, 1
2487, 9977, 13, 0, 10459, 25958, 15981, 15968, 1229.31, 1
2488, 9983, 14, 0, 10464, 25962, 15979, 15965, 1141.36, 1
2489, 9988, 11, 0, 10469, 25963, 15975, 15964, 1452.27, 1
2490, 9989, 9, 0, 10474, 13943, 3954, 3945, 439.33, 1
2491, 9991, 16, 0, 10479, 42011, 32020, 32004, 2001.25, 1
2492, 9994, 6, 0, 10484, 13949, 3955, 3949, 659.17, 1
2493, 9998, 14, 0, 10489, 25972, 15974, 15960, 1141.00, 1
2494, 10003, 1, 0, 10494, 10494, 491, 490, 491.00, 1
2495, 10009, 4, 0, 10495, 10498, 489, 485, 122.25, 1
2496, 10012, 1, 0, 10499, 10499, 487, 486, 487.00, 1
2497, 10017, 1, 0, 10500, 10500, 483, 482, 483.00, 1
2498, 10018, 5, 0, 10501, 10505, 487, 482, 97.40, 1
2499, 10027, 1, 0, 10506, 10506, 479, 478, 479.00, 1
2500, 10029, 7, 0, 10507, 13956, 3927, 3920, 561.00, 1
2501, 10034, 6, 0, 10512, 13957, 3923, 3917, 653.83, 1
2502, 10039, 5, 0, 10517, 10521, 482, 477, 96.40, 1
2503, 10042, 23, 0, 10522, 47061, 37019, 36996, 1609.52, 1
2504, 10043, 6, 0, 10527, 13963, 3920, 3914, 653.33, 1
2505, 10049, 9, 0, 10532, 13967, 3918, 3909, 435.33, 1
2506, 10059, 2, 0, 10537, 10538, 479, 477, 239.50, 1
2507, 10061, 11, 0, 10539, 25978, 15917, 15906, 1447.00, 1
2508, 10095, 3, 0, 10544, 10546, 451, 448, 150.33, 1
2509, 10109, 12, 0, 10547, 25980, 15871, 15859, 1322.58, 1
2510, 10111, 7, 0, 10552, 13979, 3868, 3861, 552.57, 1
2511, 10114, 1, 0, 10557, 10557, 443, 442, 443.00, 1
2512, 10120, 5, 0, 10558, 10562, 442, 437, 88.40, 1
2513, 10127, 4, 0, 10563, 10566, 439, 435, 109.75, 1
2514, 10138, 5, 0, 10567, 10571, 433, 428, 86.60, 1
2515, 10143, 3, 0, 10572, 10574, 431, 428, 143.67, 1
2516, 10144, 11, 0, 10575, 25981, 15837, 15826, 1439.73, 1
2517, 10145, 16, 0, 10580, 42017, 31872, 31856, 1992.00, 1
2518, 10147, 6, 0, 10585, 13990, 3843, 3837, 640.50, 1
2519, 10150, 2, 0, 10590, 10591, 441, 439, 220.50, 1
2520, 10153, 1, 0, 10592, 10592, 439, 438, 439.00, 1
2521, 10154, 11, 0, 10593, 25987, 15833, 15822, 1439.36, 1
2522, 10159, 2, 0, 10598, 10599, 440, 438, 220.00, 1
2523, 10165, 4, 0, 10600, 10603, 438, 434, 109.50, 1
2524, 10173, 13, 0, 10604, 25990, 15817, 15804, 1216.69, 1
2525, 10175, 1, 0, 10609, 10609, 434, 433, 434.00, 1
2526, 10180, 1, 0, 10610, 10610, 430, 429, 430.00, 1
2527, 10190, 3, 0, 10611, 10613, 423, 420, 141.00, 1
2528, 10192, 5, 0, 10614, 10618, 426, 421, 85.20, 1
2529, 10193, 1, 0, 10619, 10619, 426, 425, 426.00, 1
2530, 10204, 4, 0, 10620, 10623, 419, 415, 104.75, 1
2531, 10210, 2, 0, 10624, 10625, 415, 413, 207.50, 1
2532, 10216, 4, 0, 10626, 10629, 413, 409, 103.25, 1
2533, 10226, 6, 0, 10630, 14001, 3775, 3769, 629.17, 1
2534, 10236, 1, 0, 10635, 10635, 399, 398, 399.00, 1
2535, 10237, 9, 0, 10636, 14005, 3768, 3759, 418.67, 1
2536, 10242, 2, 0, 10641, 10642, 400, 398, 200.00, 1
2537, 10247, 2, 0, 10643, 10644, 397, 395, 198.50, 1
2538, 10264, 1, 0, 10645, 10645, 381, 380, 381.00, 1
2539, 10269, 13, 0, 10646, 25993, 15724, 15711, 1209.54, 1
2540, 10270, 9, 0, 10651, 14014, 3744, 3735, 416.00, 1
2541, 10271, 5, 0, 10656, 10660, 389, 384, 77.80, 1
2542, 10275, 2, 0, 10661, 10662, 387, 385, 193.50, 1
2543, 10278, 6, 0, 10663, 14015, 3737, 3731, 622.83, 1
2544, 10286, 4, 0, 10668, 10671, 385, 381, 96.25, 1
2545, 10297, 7, 0, 10672, 14017, 3720, 3713, 531.43, 1
2546, 10316, 5, 0, 10677, 10681, 365, 360, 73.00, 1
2547, 10318, 2, 0, 10682, 10683, 365, 363, 182.50, 1
2548, 10319, 1, 0, 10684, 10684, 365, 364, 365.00, 1
2549, 10320, 3, 0, 10685, 10687, 367, 364, 122.33, 1
2550, 10327, 4, 0, 10688, 10691, 364, 360, 91.00, 1
2551, 10328, 1, 0, 10692, 10692, 364, 363, 364.00, 1
2552, 10345, 5, 0, 10693, 10697, 352, 347, 70.40, 1
2553, 10346, 14, 0, 10698, 25997, 15651, 15637, 1117.93, 1
2554, 10349, 9, 0, 10703, 14026, 3677, 3668, 408.56, 1
2555, 10352, 6, 0, 10708, 14027, 3675, 3669, 612.50, 1
2556, 10353, 3, 0, 10713, 10715, 362, 359, 120.67, 1
2557, 10360, 5, 0, 10716, 10720, 360, 355, 72.00, 1
2558, 10362, 11, 0, 10721, 25998, 15636, 15625, 1421.45, 1
2559, 10363, 12, 0, 10726, 26000, 15637, 15625, 1303.08, 1
2560, 10372, 15, 0, 10731, 26005, 15633, 15618, 1042.20, 1
2561, 10373, 11, 0, 10736, 26006, 15633, 15622, 1421.18, 1
2562, 10381, 7, 0, 10741, 14049, 3668, 3661, 524.00, 1
2563, 10385, 4, 0, 10746, 10749, 364, 360, 91.00, 1
2564, 10386, 5, 0, 10750, 10754, 368, 363, 73.60, 1
2565, 10387, 6, 0, 10755, 14050, 3663, 3657, 610.50, 1
2566, 10392, 6, 0, 10760, 14051, 3659, 3653, 609.83, 1
2567, 10396, 1, 0, 10765, 10765, 369, 368, 369.00, 1
2568, 10398, 3, 0, 10766, 10768, 370, 367, 123.33, 1
2569, 10416, 1, 0, 10769, 10769, 353, 352, 353.00, 1
2570, 10420, 17, 0, 10770, 42019, 31599, 31582, 1858.76, 1
2571, 10421, 15, 0, 10775, 26016, 15595, 15580, 1039.67, 1
2572, 10428, 6, 0, 10780, 14062, 3634, 3628, 605.67, 1
2573, 10431, 14, 0, 10785, 26020, 15589, 15575, 1113.50, 1
2574, 10434, 5, 0, 10790, 10794, 360, 355, 72.00, 1
2575, 10435, 3, 0, 10795, 10797, 362, 359, 120.67, 1
2576, 10437, 2, 0, 10798, 10799, 362, 360, 181.00, 1
2577, 10442, 2, 0, 10800, 10801, 359, 357, 179.50, 1
2578, 10449, 4, 0, 10802, 10805, 356, 352, 89.00, 1
2579, 10453, 8, 0, 10806, 14070, 3617, 3609, 452.12, 1
2580, 10459, 10, 0, 10811, 14075, 3616, 3606, 361.60, 1
2581, 10462, 6, 0, 10816, 14076, 3614, 3608, 602.33, 1
2582, 10463, 5, 0, 10821, 10825, 362, 357, 72.40, 1
2583, 10465, 1, 0, 10826, 10826, 361, 360, 361.00, 1
2584, 10468, 1, 0, 10827, 10827, 359, 358, 359.00, 1
2585, 10470, 2, 0, 10828, 10829, 359, 357, 179.50, 1
2586, 10471, 1, 0, 10830, 10830, 359, 358, 359.00, 1
2587, 10474, 5, 0, 10831, 10835, 361, 356, 72.20, 1
2588, 10476, 1, 0, 10836, 10836, 360, 359, 360.00, 1
2589, 10487, 5, 0, 10837, 10841, 354, 349, 70.80, 1
2590, 10490, 3, 0, 10842, 10844, 354, 351, 118.00, 1
2591, 10491, 2, 0, 10845, 10846, 355, 353, 177.50, 1
2592, 10492, 1, 0, 10847, 10847, 355, 354, 355.00, 1
2593, 10493, 8, 0, 10848, 14079, 3586, 3578, 448.25, 1
2594, 10499, 1, 0, 10853, 10853, 354, 353, 354.00, 1
2595, 10504, 11, 0, 10854, 26021, 15517, 15506, 1410.64, 1
2596, 10508, 3, 0, 10859, 10861, 353, 350, 117.67, 1
2597, 10513, 4, 0, 10862, 10865, 352, 348, 88.00, 1
2598, 10518, 5, 0, 10866, 10870, 352, 347, 70.40, 1
2599, 10523, 1, 0, 10871, 10871, 348, 347, 348.00, 1
2600, 10528, 2, 0, 10872, 10873, 345, 343, 172.50, 1
2601, 10530, 2, 0, 10874, 10875, 345, 343, 172.50, 1
2602, 10532, 2, 0, 10876, 10877, 345, 343, 172.50, 1
2603, 10534, 3, 0, 10878, 10880, 346, 343, 115.33, 1
2604, 10536, 1, 0, 10881, 10881, 345, 344, 345.00, 1
2605, 10541, 4, 0, 10882, 10885, 344, 340, 86.00, 1
2606, 10543, 2, 0, 10886, 10887, 344, 342, 172.00, 1
2607, 10544, 3, 0, 10888, 10890, 346, 343, 115.33, 1
2608, 10546, 10, 0, 10891, 14089, 3543, 3533, 354.30, 1
2609, 10560, 10, 0, 10896, 14094, 3534, 3524, 353.40, 1
2610, 10562, 5, 0, 10901, 10905, 343, 338, 68.60, 1
2611, 10564, 1, 0, 10906, 10906, 342, 341, 342.00, 1
2612, 10580, 2, 0, 10907, 10908, 328, 326, 164.00, 1
2613, 10583, 18, 0, 10909, 42022, 31439, 31421, 1746.61, 1
2614, 10585, 4, 0, 10914, 10917, 332, 328, 83.00, 1
2615, 10588, 1, 0, 10918, 10918, 330, 329, 330.00, 1
2616, 10592, 1, 0, 10919, 10919, 327, 326, 327.00, 1
2617, 10593, 18, 0, 10920, 42025, 31432, 31414, 1746.22, 1
2618, 10602, 11, 0, 10925, 26032, 15430, 15419, 1402.73, 1
2619, 10610, 6, 0, 10930, 14110, 3500, 3494, 583.33, 1
2620, 10611, 1, 0, 10935, 10935, 324, 323, 324.00, 1
2621, 10621, 6, 0, 10936, 14111, 3490, 3484, 581.67, 1
2622, 10628, 1, 0, 10941, 10941, 313, 312, 313.00, 1
2623, 10629, 6, 0, 10942, 14112, 3483, 3477, 580.50, 1
2624, 10635, 3, 0, 10947, 10949, 314, 311, 104.67, 1
2625, 10644, 9, 0, 10950, 14116, 3472, 3463, 385.78, 1
2626, 10646, 10, 0, 10955, 14121, 3475, 3465, 347.50, 1
2627, 10655, 4, 0, 10960, 10963, 308, 304, 77.00, 1
2628, 10664, 1, 0, 10964, 10964, 300, 299, 300.00, 1
2629, 10666, 6, 0, 10965, 14122, 3456, 3450, 576.00, 1
2630, 10668, 22, 0, 10970, 47063, 36395, 36373, 1654.32, 1
2631, 10669, 3, 0, 10975, 10977, 308, 305, 102.67, 1
2632, 10670, 31, 0, 10978, 49332, 38662, 38631, 1247.16, 1
2633, 10672, 1, 0, 10983, 10983, 311, 310, 311.00, 1
2634, 10676, 3, 0, 10984, 10986, 310, 307, 103.33, 1
2635, 10678, 3, 0, 10987, 10989, 311, 308, 103.67, 1
2636, 10682, 1, 0, 10990, 10990, 308, 307, 308.00, 1
2637, 10692, 3, 0, 10991, 10993, 301, 298, 100.33, 1
2638, 10699, 1, 0, 10994, 10994, 295, 294, 295.00, 1
2639, 10705, 2, 0, 10995, 10996, 291, 289, 145.50, 1
2640, 10713, 3, 0, 10997, 10999, 286, 283, 95.33, 1
2641, 10716, 8, 0, 11000, 14135, 3419, 3411, 427.38, 1
2642, 10717, 12, 0, 11005, 26044, 15327, 15315, 1277.25, 1
2643, 10724, 11, 0, 11010, 26045, 15321, 15310, 1392.82, 1
2644, 10728, 4, 0, 11015, 11018, 290, 286, 72.50, 1
2645, 10731, 5, 0, 11019, 11023, 292, 287, 58.40, 1
2646, 10735, 10, 0, 11024, 14150, 3415, 3405, 341.50, 1
2647, 10737, 1, 0, 11029, 11029, 292, 291, 292.00, 1
2648, 10739, 3, 0, 11030, 11032, 293, 290, 97.67, 1
2649, 10745, 1, 0, 11033, 11033, 288, 287, 288.00, 1
2650, 10748, 3, 0, 11034, 11036, 288, 285, 96.00, 1
2651, 10754, 2, 0, 11037, 11038, 284, 282, 142.00, 1
2652, 10758, 6, 0, 11039, 14151, 3393, 3387, 565.50, 1
2653, 10766, 14, 0, 11044, 26049, 15283, 15269, 1091.64, 1
2654, 10770, 3, 0, 11049, 11051, 281, 278, 93.67, 1
2655, 10774, 14, 0, 11052, 26053, 15279, 15265, 1091.36, 1
2656, 10789, 7, 0, 11057, 14163, 3374, 3367, 482.00, 1
2657, 10791, 7, 0, 11062, 14165, 3374, 3367, 482.00, 1
2658, 10796, 6, 0, 11067, 14166, 3370, 3364, 561.67, 1
2659, 10797, 3, 0, 11072, 11074, 277, 274, 92.33, 1
2660, 10807, 1, 0, 11075, 11075, 268, 267, 268.00, 1
2661, 10808, 1, 0, 11076, 11076, 268, 267, 268.00, 1
2662, 10810, 1, 0, 11077, 11077, 267, 266, 267.00, 1
2663, 10813, 14, 0, 11078, 26057, 15244, 15230, 1088.86, 1
2664, 10816, 4, 0, 11083, 11086, 270, 266, 67.50, 1
2665, 10817, 3, 0, 11087, 11089, 272, 269, 90.67, 1
2666, 10831, 16, 0, 11090, 42036, 31205, 31189, 1950.31, 1
2667, 10832, 10, 0, 11095, 14181, 3349, 3339, 334.90, 1
2668, 10842, 3, 0, 11100, 11102, 260, 257, 86.67, 1
2669, 10843, 2, 0, 11103, 11104, 261, 259, 130.50, 1
2670, 10844, 4, 0, 11105, 11108, 264, 260, 66.00, 1
2671, 10850, 1, 0, 11109, 11109, 259, 258, 259.00, 1
2672, 10851, 2, 0, 11110, 11111, 260, 258, 130.00, 1
2673, 10854, 7, 0, 11112, 14183, 3329, 3322, 475.57, 1
2674, 10855, 1, 0, 11117, 11117, 262, 261, 262.00, 1
2675, 10856, 8, 0, 11118, 14186, 3330, 3322, 416.25, 1
2676, 10857, 2, 0, 11123, 11124, 267, 265, 133.50, 1
2677, 10858, 3, 0, 11125, 11127, 269, 266, 89.67, 1
2678, 10867, 8, 0, 11128, 14189, 3322, 3314, 415.25, 1
2679, 10869, 1, 0, 11133, 11133, 264, 263, 264.00, 1
2680, 10883, 2, 0, 11134, 11135, 252, 250, 126.00, 1
2681, 10885, 1, 0, 11136, 11136, 251, 250, 251.00, 1
2682, 10887, 2, 0, 11137, 11138, 251, 249, 125.50, 1
2683, 10888, 7, 0, 11139, 14191, 3303, 3296, 471.86, 1
2684, 10890, 1, 0, 11144, 11144, 254, 253, 254.00, 1
2685, 10894, 5, 0, 11145, 11149, 255, 250, 51.00, 1
2686, 10897, 1, 0, 11150, 11150, 253, 252, 253.00, 1
2687, 10898, 2, 0, 11151, 11152, 254, 252, 127.00, 1
2688, 10902, 4, 0, 11153, 11156, 254, 250, 63.50, 1
2689, 10904, 7, 0, 11157, 14193, 3289, 3282, 469.86, 1
2690, 10905, 1, 0, 11162, 11162, 257, 256, 257.00, 1
2691, 10907, 7, 0, 11163, 14195, 3288, 3281, 469.71, 1
2692, 10914, 2, 0, 11168, 11169, 255, 253, 127.50, 1
2693, 10926, 4, 0, 11170, 11173, 247, 243, 61.75, 1
2694, 10928, 2, 0, 11174, 11175, 247, 245, 123.50, 1
2695, 10930, 2, 0, 11176, 11177, 247, 245, 123.50, 1
2696, 10936, 5, 0, 11178, 11182, 246, 241, 49.20, 1
2697, 10943, 8, 0, 11183, 14198, 3255, 3247, 406.88, 1
2698, 10947, 1, 0, 11188, 11188, 241, 240, 241.00, 1
2699, 10951, 9, 0, 11189, 14202, 3251, 3242, 361.22, 1
2700, 10952, 7, 0, 11194, 14204, 3252, 3245, 464.57, 1
2701, 10955, 2, 0, 11199, 11200, 245, 243, 122.50, 1
2702, 10960, 8, 0, 11201, 14207, 3247, 3239, 405.88, 1
2703, 10964, 9, 0, 11206, 14211, 3247, 3238, 360.78, 1
2704, 10970, 8, 0, 11211, 14214, 3244, 3236, 405.50, 1
2705, 10972, 4, 0, 11216, 11219, 247, 243, 61.75, 1
2706, 10974, 2, 0, 11220, 11221, 247, 245, 123.50, 1
2707, 10975, 1, 0, 11222, 11222, 247, 246, 247.00, 1
2708, 10983, 2, 0, 11223, 11224, 241, 239, 120.50, 1
2709, 10987, 1, 0, 11225, 11225, 238, 237, 238.00, 1
2710, 10989, 4, 0, 11226, 11229, 240, 236, 60.00, 1
2711, 10991, 1, 0, 11230, 11230, 239, 238, 239.00, 1
2712, 11001, 2, 0, 11231, 11232, 231, 229, 115.50, 1
2713, 11017, 4, 0, 11233, 11236, 219, 215, 54.75, 1
2714, 11020, 3, 0, 11237, 11239, 219, 216, 73.00, 1
2715, 11028, 4, 0, 11240, 11243, 215, 211, 53.75, 1
2716, 11029, 6, 0, 11244, 14215, 3186, 3180, 531.00, 1
2717, 11034, 12, 0, 11249, 26064, 15030, 15018, 1252.50, 1
2718, 11037, 4, 0, 11254, 11257, 220, 216, 55.00, 1
2719, 11038, 2, 0, 11258, 11259, 221, 219, 110.50, 1
2720, 11040, 6, 0, 11260, 14221, 3181, 3175, 530.17, 1
2721, 11041, 1, 0, 11265, 11265, 224, 223, 224.00, 1
2722, 11047, 2, 0, 11266, 11267, 220, 218, 110.00, 1
2723, 11050, 6, 0, 11268, 14222, 3172, 3166, 528.67, 1
2724, 11052, 3, 0, 11273, 11275, 223, 220, 74.33, 1
2725, 11064, 5, 0, 11276, 11280, 216, 211, 43.20, 1
2726, 11069, 2, 0, 11281, 11282, 213, 211, 106.50, 1
2727, 11078, 4, 0, 11283, 11286, 208, 204, 52.00, 1
2728, 11083, 1, 0, 11287, 11287, 204, 203, 204.00, 1
2729, 11086, 5, 0, 11288, 11292, 206, 201, 41.20, 1
2730, 11092, 2, 0, 11293, 11294, 202, 200, 101.00, 1
2731, 11093, 1, 0, 11295, 11295, 202, 201, 202.00, 1
2732, 11094, 1, 0, 11296, 11296, 202, 201, 202.00, 1
2733, 11098, 2, 0, 11297, 11298, 200, 198, 100.00, 1
2734, 11102, 1, 0, 11299, 11299, 197, 196, 197.00, 1
2735, 11106, 1, 0, 11300, 11300, 194, 193, 194.00, 1
2736, 11111, 1, 0, 11301, 11301, 190, 189, 190.00, 1
2737, 11115, 1, 0, 11302, 11302, 187, 186, 187.00, 1
2738, 11116, 3, 0, 11303, 11305, 189, 186, 63.00, 1
2739, 11117, 1, 0, 11306, 11306, 189, 188, 189.00, 1
2740, 11121, 4, 0, 11307, 11310, 189, 185, 47.25, 1
2741, 11127, 6, 0, 11311, 14223, 3096, 3090, 516.00, 1
2742, 11128, 6, 0, 11316, 14224, 3096, 3090, 516.00, 1
2743, 11130, 3, 0, 11321, 11323, 193, 190, 64.33, 1
2744, 11135, 6, 0, 11324, 14225, 3090, 3084, 515.00, 1
2745, 11139, 21, 0, 11329, 47069, 35930, 35909, 1710.95, 1
2746, 11143, 4, 0, 11334, 11337, 194, 190, 48.50, 1
2747, 11145, 9, 0, 11338, 14234, 3089, 3080, 343.22, 1
2748, 11147, 3, 0, 11343, 11345, 198, 195, 66.00, 1
2749, 11148, 8, 0, 11346, 14237, 3089, 3081, 386.12, 1
2750, 11152, 7, 0, 11351, 14239, 3087, 3080, 441.00, 1
2751, 11156, 2, 0, 11356, 11357, 201, 199, 100.50, 1
2752, 11163, 6, 0, 11358, 14240, 3077, 3071, 512.83, 1
2753, 11165, 4, 0, 11363, 11366, 201, 197, 50.25, 1
2754, 11171, 5, 0, 11367, 11371, 200, 195, 40.00, 1
2755, 11174, 17, 0, 11372, 42043, 30869, 30852, 1815.82, 1
2756, 11176, 5, 0, 11377, 11381, 205, 200, 41.00, 1
2757, 11177, 6, 0, 11382, 14246, 3069, 3063, 511.50, 1
2758, 11186, 7, 0, 11387, 14248, 3062, 3055, 437.43, 1
2759, 11188, 6, 0, 11392, 14249, 3061, 3055, 510.17, 1
2760, 11191, 1, 0, 11397, 11397, 206, 205, 206.00, 1
2761, 11192, 5, 0, 11398, 11402, 210, 205, 42.00, 1
2762, 11194, 1, 0, 11403, 11403, 209, 208, 209.00, 1
2763, 11208, 9, 0, 11404, 14253, 3045, 3036, 338.33, 1
2764, 11210, 1, 0, 11409, 11409, 199, 198, 199.00, 1
2765, 11211, 11, 0, 11410, 26075, 14864, 14853, 1351.27, 1
2766, 11214, 4, 0, 11415, 11418, 204, 200, 51.00, 1
2767, 11215, 2, 0, 11419, 11420, 205, 203, 102.50, 1
2768, 11220, 19, 0, 11421, 42047, 30827, 30808, 1622.47, 1
2769, 11228, 16, 0, 11426, 42048, 30820, 30804, 1926.25, 1
2770, 11235, 1, 0, 11431, 11431, 196, 195, 196.00, 1
2771, 11240, 11, 0, 11432, 26086, 14846, 14835, 1349.64, 1
2772, 11250, 7, 0, 11437, 14275, 3025, 3018, 432.14, 1
2773, 11252, 11, 0, 11442, 26087, 14835, 14824, 1348.64, 1
2774, 11262, 2, 0, 11447, 11448, 186, 184, 93.00, 1
2775, 11264, 1, 0, 11449, 11449, 185, 184, 185.00, 1
2776, 11268, 12, 0, 11450, 26089, 14821, 14809, 1235.08, 1
2777, 11271, 4, 0, 11455, 11458, 187, 183, 46.75, 1
2778, 11273, 2, 0, 11459, 11460, 187, 185, 93.50, 1
2779, 11282, 4, 0, 11461, 11464, 182, 178, 45.50, 1
2780, 11285, 8, 0, 11465, 14288, 3003, 2995, 375.38, 1
2781, 11288, 4, 0, 11470, 11473, 185, 181, 46.25, 1
2782, 11298, 13, 0, 11474, 26092, 14794, 14781, 1138.00, 1
2783, 11306, 2, 0, 11479, 11480, 174, 172, 87.00, 1
2784, 11307, 11, 0, 11481, 26093, 14786, 14775, 1344.18, 1
2785, 11310, 5, 0, 11486, 11490, 180, 175, 36.00, 1
2786, 11312, 1, 0, 11491, 11491, 179, 178, 179.00, 1
2787, 11315, 7, 0, 11492, 14300, 2985, 2978, 426.43, 1
2788, 11316, 3, 0, 11497, 11499, 183, 180, 61.00, 1
2789, 11323, 1, 0, 11500, 11500, 177, 176, 177.00, 1
2790, 11334, 6, 0, 11501, 14301, 2967, 2961, 494.50, 1
2791, 11335, 9, 0, 11506, 14305, 2970, 2961, 330.00, 1
2792, 11336, 16, 0, 11511, 42049, 30713, 30697, 1919.56, 1
2793, 11339, 12, 0, 11516, 26100, 14761, 14749, 1230.08, 1
2794, 11341, 11, 0, 11521, 26101, 14760, 14749, 1341.82, 1
2795, 11342, 1, 0, 11526, 11526, 184, 183, 184.00, 1
2796, 11345, 2, 0, 11527, 11528, 183, 181, 91.50, 1
2797, 11351, 6, 0, 11529, 14321, 2970, 2964, 495.00, 1
2798, 11356, 2, 0, 11534, 11535, 179, 177, 89.50, 1
2799, 11359, 4, 0, 11536, 11539, 180, 176, 45.00, 1
2800, 11360, 13, 0, 11540, 26104, 14744, 14731, 1134.15, 1
2801, 11361, 2, 0, 11545, 11546, 185, 183, 92.50, 1
2802, 11364, 12, 0, 11547, 26106, 14742, 14730, 1228.50, 1
2803, 11366, 10, 0, 11552, 14336, 2970, 2960, 297.00, 1
2804, 11368, 9, 0, 11557, 14340, 2972, 2963, 330.22, 1
2805, 11374, 18, 0, 11562, 42052, 30678, 30660, 1704.33, 1
2806, 11378, 1, 0, 11567, 11567, 189, 188, 189.00, 1
2807, 11402, 5, 0, 11568, 11572, 170, 165, 34.00, 1
2808, 11412, 9, 0, 11573, 14349, 2937, 2928, 326.33, 1
2809, 11418, 4, 0, 11578, 11581, 163, 159, 40.75, 1
2810, 11420, 8, 0, 11582, 14352, 2932, 2924, 366.50, 1
2811, 11424, 2, 0, 11587, 11588, 164, 162, 82.00, 1
2812, 11426, 1, 0, 11589, 11589, 163, 162, 163.00, 1
2813, 11427, 1, 0, 11590, 11590, 163, 162, 163.00, 1
2814, 11430, 2, 0, 11591, 11592, 162, 160, 81.00, 1
2815, 11431, 1, 0, 11593, 11593, 162, 161, 162.00, 1
2816, 11435, 1, 0, 11594, 11594, 159, 158, 159.00, 1
2817, 11439, 5, 0, 11595, 11599, 160, 155, 32.00, 1
2818, 11440, 3, 0, 11600, 11602, 162, 159, 54.00, 1
2819, 11443, 5, 0, 11603, 11607, 164, 159, 32.80, 1
2820, 11445, 30, 0, 11608, 48741, 37296, 37266, 1243.20, 1
2821, 11451, 2, 0, 11613, 11614, 163, 161, 81.50, 1
2822, 11456, 6, 0, 11615, 14358, 2902, 2896, 483.67, 1
2823, 11459, 1, 0, 11620, 11620, 161, 160, 161.00, 1
2824, 11460, 2, 0, 11621, 11622, 162, 160, 81.00, 1
2825, 11462, 7, 0, 11623, 14360, 2898, 2891, 414.00, 1
2826, 11465, 4, 0, 11628, 11631, 166, 162, 41.50, 1
2827, 11468, 6, 0, 11632, 14361, 2893, 2887, 482.17, 1
2828, 11470, 5, 0, 11637, 11641, 171, 166, 34.20, 1
2829, 11471, 4, 0, 11642, 11645, 174, 170, 43.50, 1
2830, 11478, 5, 0, 11646, 11650, 172, 167, 34.40, 1
2831, 11482, 3, 0, 11651, 11653, 171, 168, 57.00, 1
2832, 11483, 3, 0, 11654, 11656, 173, 170, 57.67, 1
2833, 11486, 18, 0, 11657, 42060, 30574, 30556, 1698.56, 1
2834, 11488, 7, 0, 11662, 14368, 2880, 2873, 411.43, 1
2835, 11493, 1, 0, 11667, 11667, 174, 173, 174.00, 1
2836, 11498, 3, 0, 11668, 11670, 172, 169, 57.33, 1
2837, 11503, 2, 0, 11671, 11672, 169, 167, 84.50, 1
2838, 11506, 15, 0, 11673, 26126, 14620, 14605, 974.67, 1
2839, 11513, 4, 0, 11678, 11681, 168, 164, 42.00, 1
2840, 11514, 1, 0, 11682, 11682, 168, 167, 168.00, 1
2841, 11517, 1, 0, 11683, 11683, 166, 165, 166.00, 1
2842, 11519, 3, 0, 11684, 11686, 167, 164, 55.67, 1
2843, 11521, 2, 0, 11687, 11688, 167, 165, 83.50, 1
2844, 11538, 1, 0, 11689, 11689, 151, 150, 151.00, 1
2845, 11542, 2, 0, 11690, 11691, 149, 147, 74.50, 1
2846, 11543, 2, 0, 11692, 11693, 150, 148, 75.00, 1
2847, 11546, 6, 0, 11694, 14374, 2828, 2822, 471.33, 1
2848, 11547, 3, 0, 11699, 11701, 154, 151, 51.33, 1
2849, 11548, 3, 0, 11702, 11704, 156, 153, 52.00, 1
2850, 11551, 2, 0, 11705, 11706, 155, 153, 77.50, 1
2851, 11552, 3, 0, 11707, 11709, 157, 154, 52.33, 1
2852, 11554, 3, 0, 11710, 11712, 158, 155, 52.67, 1
2853, 11558, 1, 0, 11713, 11713, 155, 154, 155.00, 1
2854, 11559, 4, 0, 11714, 11717, 158, 154, 39.50, 1
2855, 11568, 1, 0, 11718, 11718, 150, 149, 150.00, 1
2856, 11569, 1, 0, 11719, 11719, 150, 149, 150.00, 1
2857, 11572, 14, 0, 11720, 26130, 14558, 14544, 1039.86, 1
2858, 11574, 6, 0, 11725, 14380, 2806, 2800, 467.67, 1
2859, 11575, 5, 0, 11730, 11734, 159, 154, 31.80, 1
2860, 11578, 5, 0, 11735, 11739, 161, 156, 32.20, 1
2861, 11580, 3, 0, 11740, 11742, 162, 159, 54.00, 1
2862, 11583, 3, 0, 11743, 11745, 162, 159, 54.00, 1
2863, 11586, 6, 0, 11746, 14381, 2795, 2789, 465.83, 1
2864, 11591, 3, 0, 11751, 11753, 162, 159, 54.00, 1
2865, 11594, 5, 0, 11754, 11758, 164, 159, 32.80, 1
2866, 11595, 3, 0, 11759, 11761, 166, 163, 55.33, 1
2867, 11599, 1, 0, 11762, 11762, 163, 162, 163.00, 1
2868, 11600, 4, 0, 11763, 11766, 166, 162, 41.50, 1
2869, 11601, 12, 0, 11767, 26132, 14531, 14519, 1210.92, 1
2870, 11608, 8, 0, 11772, 14389, 2781, 2773, 347.62, 1
2871, 11613, 5, 0, 11777, 11781, 168, 163, 33.60, 1
2872, 11619, 2, 0, 11782, 11783, 164, 162, 82.00, 1
2873, 11631, 6, 0, 11784, 14390, 2759, 2753, 459.83, 1
2874, 11635, 10, 0, 11789, 14395, 2760, 2750, 276.00, 1
2875, 11643, 2, 0, 11794, 11795, 152, 150, 76.00, 1
2876, 11645, 5, 0, 11796, 11800, 155, 150, 31.00, 1
2877, 11651, 1, 0, 11801, 11801, 150, 149, 150.00, 1
2878, 11653, 2, 0, 11802, 11803, 150, 148, 75.00, 1
2879, 11654, 8, 0, 11804, 14398, 2744, 2736, 343.00, 1
2880, 11656, 5, 0, 11809, 11813, 157, 152, 31.40, 1
2881, 11662, 4, 0, 11814, 11817, 155, 151, 38.75, 1
2882, 11666, 9, 0, 11818, 14402, 2736, 2727, 304.00, 1
2883, 11669, 3, 0, 11823, 11825, 156, 153, 52.00, 1
2884, 11671, 10, 0, 11826, 14407, 2736, 2726, 273.60, 1
2885, 11672, 8, 0, 11831, 14410, 2738, 2730, 342.25, 1
2886, 11674, 19, 0, 11836, 42064, 30390, 30371, 1599.47, 1
2887, 11686, 1, 0, 11841, 11841, 155, 154, 155.00, 1
2888, 11694, 6, 0, 11842, 14416, 2722, 2716, 453.67, 1
2889, 11695, 2, 0, 11847, 11848, 153, 151, 76.50, 1
2890, 11697, 14, 0, 11849, 26141, 14444, 14430, 1031.71, 1
2891, 11699, 4, 0, 11854, 11857, 158, 154, 39.50, 1
2892, 11702, 4, 0, 11858, 11861, 159, 155, 39.75, 1
2893, 11709, 4, 0, 11862, 11865, 156, 152, 39.00, 1
2894, 11723, 7, 0, 11866, 14423, 2700, 2693, 385.71, 1
2895, 11724, 8, 0, 11871, 14426, 2702, 2694, 337.75, 1
2896, 11727, 2, 0, 11876, 11877, 150, 148, 75.00, 1
2897, 11730, 12, 0, 11878, 26143, 14413, 14401, 1201.08, 1
2898, 11735, 2, 0, 11883, 11884, 149, 147, 74.50, 1
2899, 11737, 5, 0, 11885, 11889, 152, 147, 30.40, 1
2900, 11740, 10, 0, 11890, 14436, 2696, 2686, 269.60, 1
2901, 11741, 6, 0, 11895, 14437, 2696, 2690, 449.33, 1
2902, 11743, 3, 0, 11900, 11902, 159, 156, 53.00, 1
2903, 11747, 7, 0, 11903, 14439, 2692, 2685, 384.57, 1
2904, 11749, 21, 0, 11908, 47075, 35326, 35305, 1682.19, 1
2905, 11756, 6, 0, 11913, 14445, 2689, 2683, 448.17, 1
2906, 11761, 14, 0, 11918, 26152, 14391, 14377, 1027.93, 1
2907, 11763, 2, 0, 11923, 11924, 161, 159, 80.50, 1
2908, 11765, 1, 0, 11925, 11925, 160, 159, 160.00, 1
2909, 11772, 6, 0, 11926, 14451, 2679, 2673, 446.50, 1
2910, 11774, 6, 0, 11931, 14452, 2678, 2672, 446.33, 1
2911, 11784, 5, 0, 11936, 11940, 156, 151, 31.20, 1
2912, 11787, 10, 0, 11941, 14457, 2670, 2660, 267.00, 1
2913, 11792, 1, 0, 11946, 11946, 154, 153, 154.00, 1
2914, 11799, 10, 0, 11947, 14462, 2663, 2653, 266.30, 1
2915, 11800, 1, 0, 11952, 11952, 152, 151, 152.00, 1
2916, 11802, 9, 0, 11953, 14466, 2664, 2655, 296.00, 1
2917, 11804, 3, 0, 11958, 11960, 156, 153, 52.00, 1
2918, 11808, 15, 0, 11961, 26157, 14349, 14334, 956.60, 1
2919, 11810, 6, 0, 11966, 14472, 2662, 2656, 443.67, 1
2920, 11811, 7, 0, 11971, 14474, 2663, 2656, 380.43, 1
2921, 11818, 7, 0, 11976, 14476, 2658, 2651, 379.71, 1
2922, 11819, 4, 0, 11981, 11984, 165, 161, 41.25, 1
2923, 11836, 5, 0, 11985, 11989, 153, 148, 30.60, 1
2924, 11840, 1, 0, 11990, 11990, 150, 149, 150.00, 1
2925, 11858, 2, 0, 11991, 11992, 134, 132, 67.00, 1
2926, 11865, 5, 0, 11993, 11997, 132, 127, 26.40, 1
2927, 11868, 7, 0, 11998, 14478, 2610, 2603, 372.86, 1
2928, 11871, 6, 0, 12003, 14479, 2608, 2602, 434.67, 1
2929, 11876, 2, 0, 12008, 12009, 133, 131, 66.50, 1
2930, 11878, 9, 0, 12010, 14483, 2605, 2596, 289.44, 1
2931, 11879, 15, 0, 12015, 26162, 14283, 14268, 952.20, 1
2932, 11881, 4, 0, 12020, 12023, 142, 138, 35.50, 1
2933, 11884, 37, 0, 12024, 49523, 37639, 37602, 1017.27, 1
2934, 11892, 3, 0, 12029, 12031, 139, 136, 46.33, 1
2935, 11894, 8, 0, 12032, 14496, 2602, 2594, 325.25, 1
2936, 11896, 1, 0, 12037, 12037, 141, 140, 141.00, 1
2937, 11898, 10, 0, 12038, 14501, 2603, 2593, 260.30, 1
2938, 11902, 5, 0, 12043, 12047, 145, 140, 29.00, 1
2939, 11903, 2, 0, 12048, 12049, 146, 144, 73.00, 1
2940, 11908, 19, 0, 12050, 42078, 30170, 30151, 1587.89, 1
2941, 11911, 5, 0, 12055, 12059, 148, 143, 29.60, 1
2942, 11915, 1, 0, 12060, 12060, 145, 144, 145.00, 1
2943, 11925, 1, 0, 12061, 12061, 136, 135, 136.00, 1
2944, 11929, 7, 0, 12062, 14508, 2579, 2572, 368.43, 1
2945, 11930, 4, 0, 12067, 12070, 140, 136, 35.00, 1
2946, 11933, 1, 0, 12071, 12071, 138, 137, 138.00, 1
2947, 11934, 2, 0, 12072, 12073, 139, 137, 69.50, 1
2948, 11939, 1, 0, 12074, 12074, 135, 134, 135.00, 1
2949, 11943, 5, 0, 12075, 12079, 136, 131, 27.20, 1
2950, 11944, 2, 0, 12080, 12081, 137, 135, 68.50, 1
2951, 11948, 3, 0, 12082, 12084, 136, 133, 45.33, 1
2952, 11959, 3, 0, 12085, 12087, 128, 125, 42.67, 1
2953, 11962, 1, 0, 12088, 12088, 126, 125, 126.00, 1
2954, 11964, 10, 0, 12089, 14513, 2549, 2539, 254.90, 1
2955, 11974, 1, 0, 12094, 12094, 120, 119, 120.00, 1
2956, 11984, 3, 0, 12095, 12097, 113, 110, 37.67, 1
2957, 12009, 2, 0, 12098, 12099, 90, 88, 45.00, 1
2958, 12011, 2, 0, 12100, 12101, 90, 88, 45.00, 1
2959, 12012, 12, 0, 12102, 26174, 14162, 14150, 1180.17, 1
2960, 12013, 1, 0, 12107, 12107, 94, 93, 94.00, 1
2961, 12016, 8, 0, 12108, 14521, 2505, 2497, 313.12, 1
2962, 12017, 13, 0, 12113, 26177, 14160, 14147, 1089.23, 1
2963, 12021, 15, 0, 12118, 26182, 14161, 14146, 944.07, 1
2964, 12025, 3, 0, 12123, 12125, 100, 97, 33.33, 1
2965, 12038, 6, 0, 12126, 14532, 2494, 2488, 415.67, 1
2966, 12042, 7, 0, 12131, 14534, 2492, 2485, 356.00, 1
2967, 12044, 3, 0, 12136, 12138, 94, 91, 31.33, 1
2968, 12046, 1, 0, 12139, 12139, 93, 92, 93.00, 1
2969, 12047, 11, 0, 12140, 26183, 14136, 14125, 1285.09, 1
2970, 12051, 15, 0, 12145, 26188, 14137, 14122, 942.47, 1
2971, 12053, 6, 0, 12150, 14545, 2492, 2486, 415.33, 1
2972, 12054, 3, 0, 12155, 12157, 103, 100, 34.33, 1
2973, 12060, 3, 0, 12158, 12160, 100, 97, 33.33, 1
2974, 12063, 19, 0, 12161, 42082, 30019, 30000, 1579.95, 1
2975, 12067, 5, 0, 12166, 12170, 103, 98, 20.60, 1
2976, 12069, 8, 0, 12171, 14553, 2484, 2476, 310.50, 1
2977, 12073, 7, 0, 12176, 14555, 2482, 2475, 354.57, 1
2978, 12092, 11, 0, 12181, 26194, 14102, 14091, 1282.00, 1
2979, 12100, 2, 0, 12186, 12187, 87, 85, 43.50, 1
2980, 12103, 1, 0, 12188, 12188, 85, 84, 85.00, 1
2981, 12105, 12, 0, 12189, 26196, 14091, 14079, 1174.25, 1
2982, 12109, 2, 0, 12194, 12195, 86, 84, 43.00, 1
2983, 12114, 3, 0, 12196, 12198, 84, 81, 28.00, 1
2984, 12116, 19, 0, 12199, 42086, 29970, 29951, 1577.37, 1
2985, 12117, 7, 0, 12204, 14572, 2455, 2448, 350.71, 1
2986, 12125, 2, 0, 12209, 12210, 85, 83, 42.50, 1
2987, 12128, 4, 0, 12211, 12214, 86, 82, 21.50, 1
2988, 12129, 4, 0, 12215, 12218, 89, 85, 22.25, 1
2989, 12134, 6, 0, 12219, 14573, 2439, 2433, 406.50, 1
2990, 12135, 5, 0, 12224, 12228, 93, 88, 18.60, 1
2991, 12136, 1, 0, 12229, 12229, 93, 92, 93.00, 1
2992, 12137, 2, 0, 12230, 12231, 94, 92, 47.00, 1
2993, 12144, 1, 0, 12232, 12232, 88, 87, 88.00, 1
2994, 12151, 3, 0, 12233, 12235, 84, 81, 28.00, 1
2995, 12154, 3, 0, 12236, 12238, 84, 81, 28.00, 1
2996, 12157, 1, 0, 12239, 12239, 82, 81, 82.00, 1
2997, 12165, 2, 0, 12240, 12241, 76, 74, 38.00, 1
2998, 12166, 1, 0, 12242, 12242, 76, 75, 76.00, 1
2999, 12167, 12, 0, 12243, 26203, 14036, 14024, 1169.67, 1
3000, 12172, 9, 0, 12248, 14582, 2410, 2401, 267.78, 1
3001, 12176, 11, 0, 12253, 26204, 14028, 14017, 1275.27, 1
3002, 12179, 8, 0, 12258, 14590, 2411, 2403, 301.38, 1
3003, 12183, 3, 0, 12263, 12265, 82, 79, 27.33, 1
3004, 12184, 3, 0, 12266, 12268, 84, 81, 28.00, 1
3005, 12188, 1, 0, 12269, 12269, 81, 80, 81.00, 1
3006, 12195, 2, 0, 12270, 12271, 76, 74, 38.00, 1
3007, 12197, 2, 0, 12272, 12273, 76, 74, 38.00, 1
3008, 12198, 10, 0, 12274, 14595, 2397, 2387, 239.70, 1
3009, 12200, 2, 0, 12279, 12280, 80, 78, 40.00, 1
3010, 12201, 8, 0, 12281, 14598, 2397, 2389, 299.62, 1
3011, 12204, 6, 0, 12286, 14599, 2395, 2389, 399.17, 1
3012, 12206, 2, 0, 12291, 12292, 86, 84, 43.00, 1
3013, 12207, 3, 0, 12293, 12295, 88, 85, 29.33, 1
3014, 12208, 10, 0, 12296, 14604, 2396, 2386, 239.60, 1
3015, 12210, 5, 0, 12301, 12305, 95, 90, 19.00, 1
3016, 12211, 4, 0, 12306, 12309, 98, 94, 24.50, 1
3017, 12223, 3, 0, 12310, 12312, 89, 86, 29.67, 1
3018, 12226, 4, 0, 12313, 12316, 90, 86, 22.50, 1
3019, 12228, 7, 0, 12317, 14606, 2378, 2371, 339.71, 1
3020, 12229, 1, 0, 12322, 12322, 93, 92, 93.00, 1
3021, 12232, 1, 0, 12323, 12323, 91, 90, 91.00, 1
3022, 12235, 2, 0, 12324, 12325, 90, 88, 45.00, 1
3023, 12238, 9, 0, 12326, 14610, 2372, 2363, 263.56, 1
3024, 12241, 6, 0, 12331, 14611, 2370, 2364, 395.00, 1
3025, 12250, 4, 0, 12336, 12339, 89, 85, 22.25, 1
3026, 12253, 1, 0, 12340, 12340, 87, 86, 87.00, 1
3027, 12254, 4, 0, 12341, 12344, 90, 86, 22.50, 1
3028, 12266, 5, 0, 12345, 12349, 83, 78, 16.60, 1
3029, 12271, 8, 0, 12350, 14614, 2343, 2335, 292.88, 1
3030, 12272, 2, 0, 12355, 12356, 84, 82, 42.00, 1
3031, 12278, 15, 0, 12357, 26209, 13931, 13916, 928.73, 1
3032, 12279, 3, 0, 12362, 12364, 85, 82, 28.33, 1
3033, 12282, 6, 0, 12365, 14620, 2338, 2332, 389.67, 1
3034, 12283, 1, 0, 12370, 12370, 87, 86, 87.00, 1
3035, 12284, 1, 0, 12371, 12371, 87, 86, 87.00, 1
3036, 12290, 13, 0, 12372, 26212, 13922, 13909, 1070.92, 1
3037, 12292, 1, 0, 12377, 12377, 85, 84, 85.00, 1
3038, 12296, 7, 0, 12378, 14627, 2331, 2324, 333.00, 1
3039, 12300, 1, 0, 12383, 12383, 83, 82, 83.00, 1
3040, 12311, 6, 0, 12384, 14628, 2317, 2311, 386.17, 1
3041, 12317, 2, 0, 12389, 12390, 73, 71, 36.50, 1
3042, 12320, 2, 0, 12391, 12392, 72, 70, 36.00, 1
3043, 12327, 6, 0, 12393, 14629, 2302, 2296, 383.67, 1
3044, 12329, 3, 0, 12398, 12400, 71, 68, 23.67, 1
3045, 12330, 11, 0, 12401, 26213, 13883, 13872, 1262.09, 1
3046, 12332, 7, 0, 12406, 14636, 2304, 2297, 329.14, 1
3047, 12335, 2, 0, 12411, 12412, 77, 75, 38.50, 1
3048, 12349, 8, 0, 12413, 14639, 2290, 2282, 286.25, 1
3049, 12372, 2, 0, 12418, 12419, 47, 45, 23.50, 1
3050, 12376, 7, 0, 12420, 14641, 2265, 2258, 323.57, 1
3051, 12377, 2, 0, 12425, 12426, 49, 47, 24.50, 1
3052, 12383, 5, 0, 12427, 12431, 48, 43, 9.60, 1
3053, 12390, 2, 0, 12432, 12433, 43, 41, 21.50, 1
3054, 12394, 4, 0, 12434, 12437, 43, 39, 10.75, 1
3055, 12397, 3, 0, 12438, 12440, 43, 40, 14.33, 1
3056, 12403, 1, 0, 12441, 12441, 38, 37, 38.00, 1
3057, 12404, 2, 0, 12442, 12443, 39, 37, 19.50, 1
3058, 12410, 17, 0, 12444, 42088, 29678, 29661, 1745.76, 1
3059, 12413, 10, 0, 12449, 14651, 2238, 2228, 223.80, 1
3060, 12424, 7, 0, 12454, 14653, 2229, 2222, 318.43, 1
3061, 12433, 1, 0, 12459, 12459, 26, 25, 26.00, 1
3062, 12437, 5, 0, 12460, 12464, 27, 22, 5.40, 1
3063, 12438, 4, 0, 12465, 12468, 30, 26, 7.50, 1
3064, 12441, 3, 0, 12469, 12471, 30, 27, 10.00, 1
3065, 12442, 15, 0, 12472, 26223, 13781, 13766, 918.73, 1
3066, 12443, 4, 0, 12477, 12480, 37, 33, 9.25, 1
3067, 12446, 1, 0, 12481, 12481, 35, 34, 35.00, 1
3068, 12452, 11, 0, 12482, 26224, 13772, 13761, 1252.00, 1
3069, 12465, 12, 0, 12487, 26226, 13761, 13749, 1146.75, 1
3070, 12469, 5, 0, 12492, 12496, 27, 22, 5.40, 1
3071, 12480, 7, 0, 12497, 14670, 2190, 2183, 312.86, 1
3072, 12481, 1, 0, 12502, 12502, 21, 20, 21.00, 1
3073, 12483, 14, 0, 12503, 26230, 13747, 13733, 981.93, 1
3074, 12485, 3, 0, 12508, 12510, 25, 22, 8.33, 1
3075, 12487, 2, 0, 12511, 12512, 25, 23, 12.50, 1
3076, 12490, 6, 0, 12513, 14676, 2186, 2180, 364.33, 1
3077, 12501, 2, 0, 12518, 12519, 18, 16, 9.00, 1
3078, 12505, 3, 0, 12520, 12522, 17, 14, 5.67, 1
3079, 12511, 4, 0, 12523, 12526, 15, 11, 3.75, 1
3080, 12512, 1, 0, 12527, 12527, 15, 14, 15.00, 1
3081, 12514, 6, 0, 12528, 14677, 2163, 2157, 360.50, 1
3082, 12520, 2, 0, 12533, 12534, 14, 12, 7.00, 1
3083, 12524, 1, 0, 12535, 12535, 11, 10, 11.00, 1
3084, 12525, 1, 0, 12536, 12536, 11, 10, 11.00, 1
3085, 12528, 1, 0, 12537, 12537, 9, 8, 9.00, 1
3086, 12531, 1, 0, 12538, 12538, 7, 6, 7.00, 1
3087, 12537, 3, 0, 12539, 12541, 4, 1, 1.33, 1
3088, 12539, 4, 0, 12542, 12545, 6, 2, 1.50, 1
3089, 12540, 1, 0, 12546, 12546, 6, 5, 6.00, 1
3090, 12541, 2, 0, 12547, 12548, 7, 5, 3.50, 1
3091, 12542, 1, 0, 12549, 12549, 7, 6, 7.00, 1
3092, 12545, 5, 0, 12550, 12554, 9, 4, 1.80, 1
3093, 12546, 6, 0, 12555, 14678, 2132, 2126, 355.33, 1
3094, 12547, 8, 0, 12560, 14681, 2134, 2126, 266.75, 1
3095, 12550, 2, 0, 12565, 12566, 16, 14, 8.00, 1
3096, 12557, 3, 0, 12567, 12569, 12, 9, 4.00, 1
3097, 12568, 8, 0, 12570, 14684, 2116, 2108, 264.50, 1
3098, 12569, 2, 0, 12575, 12576, 7, 5, 3.50, 1
3099, 12571, 5, 0, 12577, 12581, 10, 5, 2.00, 1
3100, 12572, 1, 0, 12582, 12582, 10, 9, 10.00, 1
3101, 12577, 2, 0, 12583, 12584, 7, 5, 3.50, 1
3102, 12587, 6, 0, 14685, 26231, 13644, 13638, 2274.00, 1
3103, 12589, 9, 0, 14690, 26235, 13646, 13637, 1516.22, 1
3104, 12599, 14, 0, 14695, 42092, 29493, 29479, 2106.64, 1
3105, 12601, 2, 0, 14700, 14701, 2100, 2098, 1050.00, 1
3106, 12604, 9, 0, 14702, 26244, 13640, 13631, 1515.56, 1
3107, 12609, 5, 0, 14707, 14711, 2102, 2097, 420.40, 1
3108, 12618, 12, 0, 14712, 42094, 29476, 29464, 2456.33, 1
3109, 12620, 5, 0, 14717, 14721, 2101, 2096, 420.20, 1
3110, 12621, 1, 0, 14722, 14722, 2101, 2100, 2101.00, 1
3111, 12628, 3, 0, 14723, 14725, 2097, 2094, 699.00, 1
3112, 12633, 5, 0, 14726, 14730, 2097, 2092, 419.40, 1
3113, 12634, 5, 0, 14731, 14735, 2101, 2096, 420.20, 1
3114, 12643, 8, 0, 14736, 26252, 13609, 13601, 1701.12, 1
3115, 12644, 3, 0, 14741, 14743, 2099, 2096, 699.67, 1
3116, 12646, 9, 0, 14744, 26256, 13610, 13601, 1512.22, 1
3117, 12648, 5, 0, 14749, 14753, 2105, 2100, 421.00, 1
3118, 12650, 15, 0, 14754, 42099, 29449, 29434, 1963.27, 1
3119, 12660, 9, 0, 14759, 26265, 13605, 13596, 1511.67, 1
3120, 12663, 10, 0, 14764, 26270, 13607, 13597, 1360.70, 1
3121, 12666, 6, 0, 14769, 26271, 13605, 13599, 2267.50, 1
3122, 12668, 5, 0, 14774, 14778, 2110, 2105, 422.00, 1
3123, 12671, 10, 0, 14779, 26276, 13605, 13595, 1360.50, 1
3124, 12676, 3, 0, 14784, 14786, 2110, 2107, 703.33, 1
3125, 12679, 3, 0, 14787, 14789, 2110, 2107, 703.33, 1
3126, 12682, 11, 0, 14790, 42100, 29418, 29407, 2674.36, 1
3127, 12684, 3, 0, 14795, 14797, 2113, 2110, 704.33, 1
3128, 12691, 2, 0, 14798, 14799, 2108, 2106, 1054.00, 1
3129, 12692, 2, 0, 14800, 14801, 2109, 2107, 1054.50, 1
3130, 12699, 6, 0, 14802, 26282, 13583, 13577, 2263.83, 1
3131, 12708, 6, 0, 14807, 26283, 13575, 13569, 2262.50, 1
3132, 12710, 11, 0, 14812, 42101, 29391, 29380, 2671.91, 1
3133, 12719, 18, 0, 14817, 47083, 34364, 34346, 1909.11, 1
3134, 12720, 1, 0, 14822, 14822, 2102, 2101, 2102.00, 1
3135, 12723, 1, 0, 14823, 14823, 2100, 2099, 2100.00, 1
3136, 12724, 5, 0, 14824, 14828, 2104, 2099, 420.80, 1
3137, 12725, 5, 0, 14829, 14833, 2108, 2103, 421.60, 1
3138, 12726, 13, 0, 14834, 42109, 29383, 29370, 2260.23, 1
3139, 12740, 12, 0, 14839, 42111, 29371, 29359, 2447.58, 1
3140, 12753, 3, 0, 14844, 14846, 2093, 2090, 697.67, 1
3141, 12757, 8, 0, 14847, 26306, 13549, 13541, 1693.62, 1
3142, 12763, 1, 0, 14852, 14852, 2089, 2088, 2089.00, 1
3143, 12772, 2, 0, 14853, 14854, 2082, 2080, 1041.00, 1
3144, 12780, 6, 0, 14855, 26307, 13527, 13521, 2254.50, 1
3145, 12781, 1, 0, 14860, 14860, 2079, 2078, 2079.00, 1
3146, 12786, 2, 0, 14861, 14862, 2076, 2074, 1038.00, 1
3147, 12789, 2, 0, 14863, 14864, 2075, 2073, 1037.50, 1
3148, 12790, 13, 0, 14865, 42114, 29324, 29311, 2255.69, 1
3149, 12794, 2, 0, 14870, 14871, 2077, 2075, 1038.50, 1
3150, 12796, 13, 0, 14872, 42117, 29321, 29308, 2255.46, 1
3151, 12800, 11, 0, 14877, 42118, 29318, 29307, 2665.27, 1
3152, 12803, 5, 0, 14882, 14886, 2083, 2078, 416.60, 1
3153, 12804, 8, 0, 14887, 26325, 13521, 13513, 1690.12, 1
3154, 12809, 1, 0, 14892, 14892, 2083, 2082, 2083.00, 1
3155, 12811, 22, 0, 14893, 48748, 35937, 35915, 1633.50, 1
3156, 12813, 2, 0, 14898, 14899, 2086, 2084, 1043.00, 1
3157, 12814, 5, 0, 14900, 14904, 2090, 2085, 418.00, 1
3158, 12818, 9, 0, 14905, 26334, 13516, 13507, 1501.78, 1
3159, 12819, 1, 0, 14910, 14910, 2091, 2090, 2091.00, 1
3160, 12820, 7, 0, 14911, 26336, 13516, 13509, 1930.86, 1
3161, 12823, 5, 0, 14916, 14920, 2097, 2092, 419.40, 1
3162, 12833, 1, 0, 14921, 14921, 2088, 2087, 2088.00, 1
3163, 12834, 18, 0, 14922, 47091, 34257, 34239, 1903.17, 1
3164, 12838, 6, 0, 14927, 26342, 13504, 13498, 2250.67, 1
3165, 12840, 15, 0, 14932, 42133, 29293, 29278, 1952.87, 1
3166, 12841, 3, 0, 14937, 14939, 2098, 2095, 699.33, 1
3167, 12842, 2, 0, 14940, 14941, 2099, 2097, 1049.50, 1
3168, 12848, 1, 0, 14942, 14942, 2094, 2093, 2094.00, 1
3169, 12849, 4, 0, 14943, 14946, 2097, 2093, 524.25, 1
3170, 12851, 3, 0, 14947, 14949, 2098, 2095, 699.33, 1
3171, 12860, 2, 0, 14950, 14951, 2091, 2089, 1045.50, 1
3172, 12863, 24, 0, 14952, 48752, 35889, 35865, 1495.38, 1
3173, 12865, 1, 0, 14957, 14957, 2092, 2091, 2092.00, 1
3174, 12866, 24, 0, 14958, 48756, 35890, 35866, 1495.42, 1
3175, 12875, 1, 0, 14963, 14963, 2088, 2087, 2088.00, 1
3176, 12876, 4, 0, 14964, 14967, 2091, 2087, 522.75, 1
3177, 12880, 7, 0, 14968, 26359, 13479, 13472, 1925.57, 1
3178, 12888, 8, 0, 14973, 26362, 13474, 13466, 1684.25, 1
3179, 12891, 3, 0, 14978, 14980, 2089, 2086, 696.33, 1
3180, 12892, 2, 0, 14981, 14982, 2090, 2088, 1045.00, 1
3181, 12897, 5, 0, 14983, 14987, 2090, 2085, 418.00, 1
3182, 12903, 1, 0, 14988, 14988, 2085, 2084, 2085.00, 1
3183, 12905, 2, 0, 14989, 14990, 2085, 2083, 1042.50, 1
3184, 12908, 5, 0, 14991, 14995, 2087, 2082, 417.40, 1
3185, 12917, 6, 0, 14996, 26363, 13446, 13440, 2241.00, 1
3186, 12918, 1, 0, 15001, 15001, 2083, 2082, 2083.00, 1
3187, 12923, 11, 0, 15002, 42144, 29221, 29210, 2656.45, 1
3188, 12925, 1, 0, 15007, 15007, 2082, 2081, 2082.00, 1
3189, 12926, 5, 0, 15008, 15012, 2086, 2081, 417.20, 1
3190, 12930, 13, 0, 15013, 42147, 29217, 29204, 2247.46, 1
3191, 12932, 12, 0, 15018, 42149, 29217, 29205, 2434.75, 1
3192, 12937, 8, 0, 15023, 26381, 13444, 13436, 1680.50, 1
3193, 12940, 9, 0, 15028, 26385, 13445, 13436, 1493.89, 1
3194, 12947, 1, 0, 15033, 15033, 2086, 2085, 2086.00, 1
3195, 12949, 4, 0, 15034, 15037, 2088, 2084, 522.00, 1
3196, 12952, 4, 0, 15038, 15041, 2089, 2085, 522.25, 1
3197, 12953, 13, 0, 15042, 42152, 29199, 29186, 2246.08, 1
3198, 12957, 1, 0, 15047, 15047, 2090, 2089, 2090.00, 1
3199, 12958, 8, 0, 15048, 26393, 13435, 13427, 1679.38, 1
3200, 12962, 2, 0, 15053, 15054, 2092, 2090, 1046.00, 1
3201, 12963, 5, 0, 15055, 15059, 2096, 2091, 419.20, 1
3202, 12964, 1, 0, 15060, 15060, 2096, 2095, 2096.00, 1
3203, 12966, 8, 0, 15061, 26396, 13430, 13422, 1678.75, 1
3204, 12970, 13, 0, 15066, 42155, 29185, 29172, 2245.00, 1
3205, 12974, 13, 0, 15071, 42158, 29184, 29171, 2244.92, 1
3206, 12979, 14, 0, 15076, 42162, 29183, 29169, 2084.50, 1
3207, 12981, 4, 0, 15081, 15084, 2103, 2099, 525.75, 1
3208, 12983, 7, 0, 15085, 26413, 13430, 13423, 1918.57, 1
3209, 12987, 8, 0, 15090, 26416, 13429, 13421, 1678.62, 1
3210, 12989, 2, 0, 15095, 15096, 2107, 2105, 1053.50, 1
3211, 12991, 3, 0, 15097, 15099, 2108, 2105, 702.67, 1
3212, 12992, 10, 0, 15100, 26421, 13429, 13419, 1342.90, 1
3213, 12994, 2, 0, 15105, 15106, 2112, 2110, 1056.00, 1
3214, 12995, 1, 0, 15107, 15107, 2112, 2111, 2112.00, 1
3215, 12997, 7, 0, 15108, 26423, 13426, 13419, 1918.00, 1
3216, 12998, 3, 0, 15113, 15115, 2117, 2114, 705.67, 1
3217, 13008, 4, 0, 15116, 15119, 2111, 2107, 527.75, 1
3218, 13010, 2, 0, 15120, 15121, 2111, 2109, 1055.50, 1
3219, 13018, 1, 0, 15122, 15122, 2104, 2103, 2104.00, 1
3220, 13022, 4, 0, 15123, 15126, 2104, 2100, 526.00, 1
3221, 13024, 19, 0, 15127, 47105, 34081, 34062, 1793.74, 1
3222, 13042, 2, 0, 15132, 15133, 2091, 2089, 1045.50, 1
3223, 13045, 13, 0, 15134, 42170, 29125, 29112, 2240.38, 1
3224, 13055, 6, 0, 15139, 26434, 13379, 13373, 2229.83, 1
3225, 13057, 8, 0, 15144, 26437, 13380, 13372, 1672.50, 1
3226, 13059, 1, 0, 15149, 15149, 2090, 2089, 2090.00, 1
3227, 13060, 3, 0, 15150, 15152, 2092, 2089, 697.33, 1
3228, 13067, 5, 0, 15153, 15157, 2090, 2085, 418.00, 1
3229, 13074, 5, 0, 15158, 15162, 2088, 2083, 417.60, 1
3230, 13079, 3, 0, 15163, 15165, 2086, 2083, 695.33, 1
3231, 13082, 2, 0, 15166, 15167, 2085, 2083, 1042.50, 1
3232, 13085, 2, 0, 15168, 15169, 2084, 2082, 1042.00, 1
3233, 13087, 2, 0, 15170, 15171, 2084, 2082, 1042.00, 1
3234, 13104, 4, 0, 15172, 15175, 2071, 2067, 517.75, 1
3235, 13114, 4, 0, 15176, 15179, 2065, 2061, 516.25, 1
3236, 13118, 1, 0, 15180, 15180, 2062, 2061, 2062.00, 1
3237, 13121, 5, 0, 15181, 15185, 2064, 2059, 412.80, 1
3238, 13122, 7, 0, 15186, 26439, 13317, 13310, 1902.43, 1
3239, 13125, 2, 0, 15191, 15192, 2067, 2065, 1033.50, 1
3240, 13128, 1, 0, 15193, 15193, 2065, 2064, 2065.00, 1
3241, 13140, 4, 0, 15194, 15197, 2057, 2053, 514.25, 1
3242, 13141, 3, 0, 15198, 15200, 2059, 2056, 686.33, 1
3243, 13153, 2, 0, 15201, 15202, 2049, 2047, 1024.50, 1
3244, 13158, 3, 0, 15203, 15205, 2047, 2044, 682.33, 1
3245, 13162, 3, 0, 15206, 15208, 2046, 2043, 682.00, 1
3246, 13163, 8, 0, 15209, 26442, 13279, 13271, 1659.88, 1
3247, 13167, 9, 0, 15214, 26446, 13279, 13270, 1475.44, 1
3248, 13174, 1, 0, 15219, 15219, 2045, 2044, 2045.00, 1
3249, 13185, 2, 0, 15220, 15221, 2036, 2034, 1018.00, 1
3250, 13187, 4, 0, 15222, 15225, 2038, 2034, 509.50, 1
3251, 13188, 4, 0, 15226, 15229, 2041, 2037, 510.25, 1
3252, 13195, 1, 0, 15230, 15230, 2035, 2034, 2035.00, 1
3253, 13201, 1, 0, 15231, 15231, 2030, 2029, 2030.00, 1
3254, 13207, 1, 0, 15232, 15232, 2025, 2024, 2025.00, 1
3255, 13208, 7, 0, 15233, 26448, 13240, 13233, 1891.43, 1
3256, 13209, 5, 0, 15238, 15242, 2033, 2028, 406.60, 1
3257, 13212, 10, 0, 15243, 26453, 13241, 13231, 1324.10, 1
3258, 13226, 8, 0, 15248, 26456, 13230, 13222, 1653.75, 1
3259, 13234, 8, 0, 15253, 26459, 13225, 13217, 1653.12, 1
3260, 13237, 2, 0, 15258, 15259, 2022, 2020, 1011.00, 1
3261, 13241, 1, 0, 15260, 15260, 2019, 2018, 2019.00, 1
3262, 13244, 3, 0, 15261, 15263, 2019, 2016, 673.00, 1
3263, 13245, 2, 0, 15264, 15265, 2020, 2018, 1010.00, 1
3264, 13251, 1, 0, 15266, 15266, 2015, 2014, 2015.00, 1
3265, 13261, 3, 0, 15267, 15269, 2008, 2005, 669.33, 1
3266, 13264, 2, 0, 15270, 15271, 2007, 2005, 1003.50, 1
3267, 13265, 2, 0, 15272, 15273, 2008, 2006, 1004.00, 1
3268, 13266, 12, 0, 15274, 42172, 28906, 28894, 2408.83, 1
3269, 13268, 3, 0, 15279, 15281, 2013, 2010, 671.00, 1
3270, 13269, 1, 0, 15282, 15282, 2013, 2012, 2013.00, 1
3271, 13282, 5, 0, 15283, 15287, 2005, 2000, 401.00, 1
3272, 13283, 4, 0, 15288, 15291, 2008, 2004, 502.00, 1
3273, 13285, 3, 0, 15292, 15294, 2009, 2006, 669.67, 1
3274, 13291, 4, 0, 15295, 15298, 2007, 2003, 501.75, 1
3275, 13304, 3, 0, 15299, 15301, 1997, 1994, 665.67, 1
3276, 13306, 23, 0, 15302, 48759, 35453, 35430, 1541.43, 1
3277, 13314, 9, 0, 15307, 26473, 13159, 13150, 1462.11, 1
3278, 13318, 7, 0, 15312, 26475, 13157, 13150, 1879.57, 1
3279, 13322, 4, 0, 15317, 15320, 1998, 1994, 499.50, 1
3280, 13325, 3, 0, 15321, 15323, 1998, 1995, 666.00, 1
3281, 13330, 6, 0, 15324, 26476, 13146, 13140, 2191.00, 1
3282, 13342, 12, 0, 15329, 42179, 28837, 28825, 2403.08, 1
3283, 13343, 7, 0, 15334, 26483, 13140, 13133, 1877.14, 1
3284, 13344, 4, 0, 15339, 15342, 1998, 1994, 499.50, 1
3285, 13346, 1, 0, 15343, 15343, 1997, 1996, 1997.00, 1
3286, 13347, 5, 0, 15344, 15348, 2001, 1996, 400.20, 1
3287, 13348, 5, 0, 15349, 15353, 2005, 2000, 401.00, 1
3288, 13352, 5, 0, 15354, 15358, 2006, 2001, 401.20, 1
3289, 13356, 6, 0, 15359, 26484, 13128, 13122, 2188.00, 1
3290, 13357, 4, 0, 15364, 15367, 2010, 2006, 502.50, 1
3291, 13360, 2, 0, 15368, 15369, 2009, 2007, 1004.50, 1
3292, 13363, 5, 0, 15370, 15374, 2011, 2006, 402.20, 1
3293, 13364, 3, 0, 15375, 15377, 2013, 2010, 671.00, 1
3294, 13366, 2, 0, 15378, 15379, 2013, 2011, 1006.50, 1
3295, 13369, 14, 0, 15380, 42183, 28814, 28800, 2058.14, 1
3296, 13373, 4, 0, 15385, 15388, 2015, 2011, 503.75, 1
3297, 13374, 7, 0, 15389, 26491, 13117, 13110, 1873.86, 1
3298, 13379, 2, 0, 15394, 15395, 2016, 2014, 1008.00, 1
3299, 13381, 5, 0, 15396, 15400, 2019, 2014, 403.80, 1
3300, 13387, 6, 0, 15401, 26492, 13105, 13099, 2184.17, 1
3301, 13388, 4, 0, 15406, 15409, 2021, 2017, 505.25, 1
3302, 13389, 2, 0, 15410, 15411, 2022, 2020, 1011.00, 1
3303, 13393, 3, 0, 15412, 15414, 2021, 2018, 673.67, 1
3304, 13395, 1, 0, 15415, 15415, 2020, 2019, 2020.00, 1
3305, 13396, 6, 0, 15416, 26493, 13097, 13091, 2182.83, 1
3306, 13397, 10, 0, 15421, 26498, 13101, 13091, 1310.10, 1
3307, 13399, 5, 0, 15426, 15430, 2031, 2026, 406.20, 1
3308, 13402, 2, 0, 15431, 15432, 2030, 2028, 1015.00, 1
3309, 13403, 7, 0, 15433, 26500, 13097, 13090, 1871.00, 1
3310, 13405, 3, 0, 15438, 15440, 2035, 2032, 678.33, 1
3311, 13410, 4, 0, 15441, 15444, 2034, 2030, 508.50, 1
3312, 13411, 9, 0, 15445, 26504, 13093, 13084, 1454.78, 1
3313, 13412, 4, 0, 15450, 15453, 2041, 2037, 510.25, 1
3314, 13414, 1, 0, 15454, 15454, 2040, 2039, 2040.00, 1
3315, 13415, 13, 0, 15455, 42186, 28771, 28758, 2213.15, 1
3316, 13416, 8, 0, 15460, 26512, 13096, 13088, 1637.00, 1
3317, 13418, 18, 0, 15465, 47113, 33695, 33677, 1871.94, 1
3318, 13419, 5, 0, 15470, 15474, 2055, 2050, 411.00, 1
3319, 13423, 3, 0, 15475, 15477, 2054, 2051, 684.67, 1
3320, 13427, 5, 0, 15478, 15482, 2055, 2050, 411.00, 1
3321, 13437, 13, 0, 15483, 42194, 28757, 28744, 2212.08, 1
3322, 13438, 7, 0, 15488, 26524, 13086, 13079, 1869.43, 1
3323, 13439, 8, 0, 15493, 26527, 13088, 13080, 1636.00, 1
3324, 13448, 5, 0, 15498, 15502, 2054, 2049, 410.80, 1
3325, 13449, 3, 0, 15503, 15505, 2056, 2053, 685.33, 1
3326, 13451, 6, 0, 15506, 26528, 13077, 13071, 2179.50, 1
3327, 13452, 4, 0, 15511, 15514, 2062, 2058, 515.50, 1
3328, 13453, 2, 0, 15515, 15516, 2063, 2061, 1031.50, 1
3329, 13456, 4, 0, 15517, 15520, 2064, 2060, 516.00, 1
3330, 13471, 1, 0, 15521, 15521, 2050, 2049, 2050.00, 1
3331, 13472, 7, 0, 15522, 26530, 13058, 13051, 1865.43, 1
3332, 13473, 2, 0, 15527, 15528, 2055, 2053, 1027.50, 1
3333, 13474, 9, 0, 15529, 26534, 13060, 13051, 1451.11, 1
3334, 13480, 1, 0, 15534, 15534, 2054, 2053, 2054.00, 1
3335, 13483, 2, 0, 15535, 15536, 2053, 2051, 1026.50, 1
3336, 13490, 21, 0, 15537, 48760, 35270, 35249, 1679.52, 1
3337, 13491, 6, 0, 15542, 26540, 13049, 13043, 2174.83, 1
3338, 13494, 4, 0, 15547, 15550, 2056, 2052, 514.00, 1
3339, 13498, 15, 0, 15551, 42204, 28706, 28691, 1913.73, 1
3340, 13500, 6, 0, 15556, 26546, 13046, 13040, 2174.33, 1
3341, 13501, 16, 0, 15561, 47119, 33618, 33602, 2101.12, 1
3342, 13502, 6, 0, 15566, 26552, 13050, 13044, 2175.00, 1
3343, 13503, 3, 0, 15571, 15573, 2070, 2067, 690.00, 1
3344, 13506, 2, 0, 15574, 15575, 2069, 2067, 1034.50, 1
3345, 13507, 6, 0, 15576, 26553, 13046, 13040, 2174.33, 1
3346, 13508, 7, 0, 15581, 26555, 13047, 13040, 1863.86, 1
3347, 13509, 2, 0, 15586, 15587, 2078, 2076, 1039.00, 1
3348, 13513, 7, 0, 15588, 26557, 13044, 13037, 1863.43, 1
3349, 13520, 8, 0, 15593, 26560, 13040, 13032, 1630.00, 1
3350, 13523, 24, 0, 15598, 48764, 35241, 35217, 1468.38, 1
3351, 13524, 3, 0, 15603, 15605, 2081, 2078, 693.67, 1
3352, 13526, 7, 0, 15606, 26567, 13041, 13034, 1863.00, 1
3353, 13527, 18, 0, 15611, 47127, 33600, 33582, 1866.67, 1
3354, 13535, 2, 0, 15616, 15617, 2082, 2080, 1041.00, 1
3355, 13543, 3, 0, 15618, 15620, 2077, 2074, 692.33, 1
3356, 13544, 5, 0, 15621, 15625, 2081, 2076, 416.20, 1
3357, 13553, 2, 0, 15626, 15627, 2074, 2072, 1037.00, 1
3358, 13554, 2, 0, 15628, 15629, 2075, 2073, 1037.50, 1
3359, 13559, 4, 0, 15630, 15633, 2074, 2070, 518.50, 1
3360, 13566, 3, 0, 15634, 15636, 2070, 2067, 690.00, 1
3361, 13573, 10, 0, 15637, 26577, 13004, 12994, 1300.40, 1
3362, 13575, 13, 0, 15642, 42222, 28647, 28634, 2203.62, 1
3363, 13577, 2, 0, 15647, 15648, 2071, 2069, 1035.50, 1
3364, 13578, 8, 0, 15649, 26585, 13007, 12999, 1625.88, 1
3365, 13580, 1, 0, 15654, 15654, 2074, 2073, 2074.00, 1
3366, 13582, 4, 0, 15655, 15658, 2076, 2072, 519.00, 1
3367, 13585, 4, 0, 15659, 15662, 2077, 2073, 519.25, 1
3368, 13586, 1, 0, 15663, 15663, 2077, 2076, 2077.00, 1
3369, 13588, 2, 0, 15664, 15665, 2077, 2075, 1038.50, 1
3370, 13604, 3, 0, 15666, 15668, 2064, 2061, 688.00, 1
3371, 13606, 8, 0, 15669, 26588, 12982, 12974, 1622.75, 1
3372, 13608, 6, 0, 15674, 26589, 12981, 12975, 2163.50, 1
3373, 13610, 2, 0, 15679, 15680, 2070, 2068, 1035.00, 1
3374, 13622, 3, 0, 15681, 15683, 2061, 2058, 687.00, 1
3375, 13624, 7, 0, 15684, 26591, 12967, 12960, 1852.43, 1
3376, 13625, 1, 0, 15689, 15689, 2064, 2063, 2064.00, 1
3377, 13631, 3, 0, 15690, 15692, 2061, 2058, 687.00, 1
3378, 13633, 3, 0, 15693, 15695, 2062, 2059, 687.33, 1
3379, 13639, 7, 0, 15696, 26593, 12954, 12947, 1850.57, 1
3380, 13642, 10, 0, 15701, 26598, 12956, 12946, 1295.60, 1
3381, 13643, 4, 0, 15706, 15709, 2066, 2062, 516.50, 1
3382, 13644, 2, 0, 15710, 15711, 2067, 2065, 1033.50, 1
3383, 13647, 6, 0, 15712, 26599, 12952, 12946, 2158.67, 1
3384, 13652, 2, 0, 15717, 15718, 2066, 2064, 1033.00, 1
3385, 13653, 2, 0, 15719, 15720, 2067, 2065, 1033.50, 1
3386, 13662, 4, 0, 15721, 15724, 2062, 2058, 515.50, 1
3387, 13665, 4, 0, 15725, 15728, 2063, 2059, 515.75, 1
3388, 13666, 10, 0, 15729, 26604, 12938, 12928, 1293.80, 1
3389, 13672, 4, 0, 15734, 15737, 2065, 2061, 516.25, 1
3390, 13674, 4, 0, 15738, 15741, 2067, 2063, 516.75, 1
3391, 13675, 10, 0, 15742, 26609, 12934, 12924, 1293.40, 1
3392, 13676, 2, 0, 15747, 15748, 2072, 2070, 1036.00, 1
3393, 13678, 1, 0, 15749, 15749, 2071, 2070, 2071.00, 1
3394, 13685, 3, 0, 15750, 15752, 2067, 2064, 689.00, 1
3395, 13693, 2, 0, 15753, 15754, 2061, 2059, 1030.50, 1
3396, 13707, 1, 0, 15755, 15755, 2048, 2047, 2048.00, 1
3397, 13708, 3, 0, 15756, 15758, 2050, 2047, 683.33, 1
3398, 13710, 9, 0, 15759, 26613, 12903, 12894, 1433.67, 1
3399, 13716, 1, 0, 15764, 15764, 2048, 2047, 2048.00, 1
3400, 13721, 11, 0, 15765, 42223, 28502, 28491, 2591.09, 1
3401, 13725, 6, 0, 15770, 26619, 12894, 12888, 2149.00, 1
3402, 13726, 2, 0, 15775, 15776, 2050, 2048, 1025.00, 1
3403, 13730, 5, 0, 15777, 15781, 2051, 2046, 410.20, 1
3404, 13731, 4, 0, 15782, 15785, 2054, 2050, 513.50, 1
3405, 13733, 1, 0, 15786, 15786, 2053, 2052, 2053.00, 1
3406, 13738, 5, 0, 15787, 15791, 2053, 2048, 410.60, 1
3407, 13739, 12, 0, 15792, 42225, 28486, 28474, 2373.83, 1
3408, 13740, 7, 0, 15797, 26626, 12886, 12879, 1840.86, 1
3409, 13743, 2, 0, 15802, 15803, 2060, 2058, 1030.00, 1
3410, 13749, 7, 0, 15804, 26628, 12879, 12872, 1839.86, 1
3411, 13754, 4, 0, 15809, 15812, 2058, 2054, 514.50, 1
3412, 13762, 6, 0, 15813, 26629, 12867, 12861, 2144.50, 1
3413, 13763, 5, 0, 15818, 15822, 2059, 2054, 411.80, 1
3414, 13764, 4, 0, 15823, 15826, 2062, 2058, 515.50, 1
3415, 13767, 2, 0, 15827, 15828, 2061, 2059, 1030.50, 1
3416, 13768, 1, 0, 15829, 15829, 2061, 2060, 2061.00, 1
3417, 13773, 7, 0, 15830, 26631, 12858, 12851, 1836.86, 1
3418, 13776, 6, 0, 15835, 26632, 12856, 12850, 2142.67, 1
3419, 13781, 2, 0, 15840, 15841, 2060, 2058, 1030.00, 1
3420, 13784, 3, 0, 15842, 15844, 2060, 2057, 686.67, 1
3421, 13788, 6, 0, 15845, 26633, 12845, 12839, 2140.83, 1
3422, 13790, 3, 0, 15850, 15852, 2062, 2059, 687.33, 1
3423, 13792, 2, 0, 15853, 15854, 2062, 2060, 1031.00, 1
3424, 13796, 4, 0, 15855, 15858, 2062, 2058, 515.50, 1
3425, 13802, 4, 0, 15859, 15862, 2060, 2056, 515.00, 1
3426, 13803, 2, 0, 15863, 15864, 2061, 2059, 1030.50, 1
3427, 13810, 5, 0, 15865, 15869, 2059, 2054, 411.80, 1
3428, 13811, 1, 0, 15870, 15870, 2059, 2058, 2059.00, 1
3429, 13812, 5, 0, 15871, 15875, 2063, 2058, 412.60, 1
3430, 13817, 7, 0, 15876, 26635, 12818, 12811, 1831.14, 1
3431, 13819, 10, 0, 15881, 26640, 12821, 12811, 1282.10, 1
3432, 13820, 15, 0, 15886, 42230, 28410, 28395, 1894.00, 1
3433, 13821, 1, 0, 15891, 15891, 2070, 2069, 2070.00, 1
3434, 13824, 4, 0, 15892, 15895, 2071, 2067, 517.75, 1
3435, 13828, 1, 0, 15896, 15896, 2068, 2067, 2068.00, 1
3436, 13829, 3, 0, 15897, 15899, 2070, 2067, 690.00, 1
3437, 13839, 1, 0, 15900, 15900, 2061, 2060, 2061.00, 1
3438, 13845, 6, 0, 15901, 26646, 12801, 12795, 2133.50, 1
3439, 13846, 7, 0, 15906, 26648, 12802, 12795, 1828.86, 1
3440, 13851, 4, 0, 15911, 15914, 2063, 2059, 515.75, 1
3441, 13854, 4, 0, 15915, 15918, 2064, 2060, 516.00, 1
3442, 13859, 9, 0, 15919, 26652, 12793, 12784, 1421.44, 1
3443, 13874, 3, 0, 15924, 15926, 2052, 2049, 684.00, 1
3444, 13881, 9, 0, 15927, 26656, 12775, 12766, 1419.44, 1
3445, 13883, 7, 0, 15932, 26658, 12775, 12768, 1825.00, 1
3446, 13885, 2, 0, 15937, 15938, 2053, 2051, 1026.50, 1
3447, 13903, 4, 0, 15939, 15942, 2039, 2035, 509.75, 1
3448, 13904, 3, 0, 15943, 15945, 2041, 2038, 680.33, 1
3449, 13912, 10, 0, 15946, 26663, 12751, 12741, 1275.10, 1
3450, 13913, 6, 0, 15951, 26664, 12751, 12745, 2125.17, 1
3451, 13917, 2, 0, 15956, 15957, 2040, 2038, 1020.00, 1
3452, 13919, 13, 0, 15958, 42233, 28314, 28301, 2178.00, 1
3453, 13922, 1, 0, 15963, 15963, 2041, 2040, 2041.00, 1
3454, 13924, 3, 0, 15964, 15966, 2042, 2039, 680.67, 1
3455, 13930, 3, 0, 15967, 15969, 2039, 2036, 679.67, 1
3456, 13932, 13, 0, 15970, 42236, 28304, 28291, 2177.23, 1
3457, 13933, 2, 0, 15975, 15976, 2043, 2041, 1021.50, 1
3458, 13936, 4, 0, 15977, 15980, 2044, 2040, 511.00, 1
3459, 13938, 2, 0, 15981, 15982, 2044, 2042, 1022.00, 1
3460, 13949, 3, 0, 15983, 15985, 2036, 2033, 678.67, 1
3461, 13952, 2, 0, 15986, 15987, 2035, 2033, 1017.50, 1
3462, 13953, 7, 0, 15988, 26676, 12723, 12716, 1817.57, 1
3463, 13961, 1, 0, 15993, 15993, 2032, 2031, 2032.00, 1
3464, 13965, 2, 0, 15994, 15995, 2030, 2028, 1015.00, 1
3465, 13968, 1, 0, 15996, 15996, 2028, 2027, 2028.00, 1
3466, 13972, 1, 0, 15997, 15997, 2025, 2024, 2025.00, 1
3467, 13974, 1, 0, 15998, 15998, 2024, 2023, 2024.00, 1
3468, 13975, 1, 0, 15999, 15999, 2024, 2023, 2024.00, 1
3469, 13979, 1, 0, 16000, 16000, 2021, 2020, 2021.00, 1
3470, 13984, 8, 0, 16001, 26679, 12695, 12687, 1586.88, 1
3471, 13994, 6, 0, 16006, 26680, 12686, 12680, 2114.33, 1
3472, 13995, 3, 0, 16011, 16013, 2018, 2015, 672.67, 1
3473, 14006, 8, 0, 16014, 26683, 12677, 12669, 1584.62, 1
3474, 14011, 2, 0, 16019, 16020, 2009, 2007, 1004.50, 1
3475, 14016, 12, 0, 16021, 42238, 28222, 28210, 2351.83, 1
3476, 14020, 6, 0, 16026, 26689, 12669, 12663, 2111.50, 1
3477, 14024, 3, 0, 16031, 16033, 2009, 2006, 669.67, 1
3478, 14025, 25, 0, 16034, 48769, 34744, 34719, 1389.76, 1
3479, 14026, 3, 0, 16039, 16041, 2015, 2012, 671.67, 1
3480, 14029, 6, 0, 16042, 26695, 12666, 12660, 2111.00, 1
3481, 14031, 3, 0, 16047, 16049, 2018, 2015, 672.67, 1
3482, 14034, 4, 0, 16050, 16053, 2019, 2015, 504.75, 1
3483, 14038, 1, 0, 16054, 16054, 2016, 2015, 2016.00, 1
3484, 14041, 11, 0, 16055, 42244, 28203, 28192, 2563.91, 1
3485, 14042, 2, 0, 16060, 16061, 2019, 2017, 1009.50, 1
3486, 14043, 8, 0, 16062, 26703, 12660, 12652, 1582.50, 1
3487, 14048, 3, 0, 16067, 16069, 2021, 2018, 673.67, 1
3488, 14049, 4, 0, 16070, 16073, 2024, 2020, 506.00, 1
3489, 14059, 5, 0, 16074, 16078, 2019, 2014, 403.80, 1
3490, 14061, 1, 0, 16079, 16079, 2018, 2017, 2018.00, 1
3491, 14063, 7, 0, 16080, 26705, 12642, 12635, 1806.00, 1
3492, 14080, 1, 0, 16085, 16085, 2005, 2004, 2005.00, 1
3493, 14084, 5, 0, 16086, 16090, 2006, 2001, 401.20, 1
3494, 14089, 7, 0, 16091, 26707, 12618, 12611, 1802.57, 1
3495, 14090, 8, 0, 16096, 26710, 12620, 12612, 1577.50, 1
3496, 14092, 2, 0, 16101, 16102, 2010, 2008, 1005.00, 1
3497, 14095, 1, 0, 16103, 16103, 2008, 2007, 2008.00, 1
3498, 14097, 3, 0, 16104, 16106, 2009, 2006, 669.67, 1
3499, 14107, 6, 0, 16107, 26711, 12604, 12598, 2100.67, 1
3500, 14108, 1, 0, 16112, 16112, 2004, 2003, 2004.00, 1
3501, 14114, 9, 0, 16113, 26715, 12601, 12592, 1400.11, 1
3502, 14118, 3, 0, 16118, 16120, 2002, 1999, 667.33, 1
3503, 14120, 4, 0, 16121, 16124, 2004, 2000, 501.00, 1
3504, 14126, 2, 0, 16125, 16126, 2000, 1998, 1000.00, 1
3505, 14146, 6, 0, 16127, 26716, 12570, 12564, 2095.00, 1
3506, 14153, 2, 0, 16132, 16133, 1980, 1978, 990.00, 1
3507, 14159, 11, 0, 16134, 42245, 28086, 28075, 2553.27, 1
3508, 14167, 1, 0, 16139, 16139, 1972, 1971, 1972.00, 1
3509, 14173, 4, 0, 16140, 16143, 1970, 1966, 492.50, 1
3510, 14177, 1, 0, 16144, 16144, 1967, 1966, 1967.00, 1
3511, 14178, 1, 0, 16145, 16145, 1967, 1966, 1967.00, 1
3512, 14179, 16, 0, 16146, 47133, 32954, 32938, 2059.62, 1
3513, 14181, 5, 0, 16151, 16155, 1974, 1969, 394.80, 1
3514, 14189, 1, 0, 16156, 16156, 1967, 1966, 1967.00, 1
3515, 14191, 2, 0, 16157, 16158, 1967, 1965, 983.50, 1
3516, 14194, 1, 0, 16159, 16159, 1965, 1964, 1965.00, 1
3517, 14195, 27, 0, 16160, 49339, 35144, 35117, 1301.63, 1
3518, 14199, 6, 0, 16165, 26732, 12533, 12527, 2088.83, 1
3519, 14200, 3, 0, 16170, 16172, 1972, 1969, 657.33, 1
3520, 14202, 1, 0, 16173, 16173, 1971, 1970, 1971.00, 1
3521, 14206, 17, 0, 16174, 47140, 32934, 32917, 1937.29, 1
3522, 14209, 5, 0, 16179, 16183, 1974, 1969, 394.80, 1
3523, 14214, 1, 0, 16184, 16184, 1970, 1969, 1970.00, 1
3524, 14216, 1, 0, 16185, 16185, 1969, 1968, 1969.00, 1
3525, 14219, 14, 0, 16186, 42264, 28045, 28031, 2003.21, 1
3526, 14220, 4, 0, 16191, 16194, 1974, 1970, 493.50, 1
3527, 14222, 4, 0, 16195, 16198, 1976, 1972, 494.00, 1
3528, 14229, 1, 0, 16199, 16199, 1970, 1969, 1970.00, 1
3529, 14234, 1, 0, 16200, 16200, 1966, 1965, 1966.00, 1
3530, 14239, 1, 0, 16201, 16201, 1962, 1961, 1962.00, 1
3531, 14241, 3, 0, 16202, 16204, 1963, 1960, 654.33, 1
3532, 14247, 19, 0, 16205, 47144, 32897, 32878, 1731.42, 1
3533, 14249, 6, 0, 16210, 26748, 12499, 12493, 2083.17, 1
3534, 14251, 2, 0, 16215, 16216, 1965, 1963, 982.50, 1
3535, 14257, 2, 0, 16217, 16218, 1961, 1959, 980.50, 1
3536, 14258, 1, 0, 16219, 16219, 1961, 1960, 1961.00, 1
3537, 14266, 1, 0, 16220, 16220, 1954, 1953, 1954.00, 1
3538, 14271, 4, 0, 16221, 16224, 1953, 1949, 488.25, 1
3539, 14274, 5, 0, 16225, 16229, 1955, 1950, 391.00, 1
3540, 14275, 4, 0, 16230, 16233, 1958, 1954, 489.50, 1
3541, 14277, 2, 0, 16234, 16235, 1958, 1956, 979.00, 1
3542, 14281, 2, 0, 16236, 16237, 1956, 1954, 978.00, 1
3543, 14282, 3, 0, 16238, 16240, 1958, 1955, 652.67, 1
3544, 14284, 2, 0, 16241, 16242, 1958, 1956, 979.00, 1
3545, 14285, 1, 0, 16243, 16243, 1958, 1957, 1958.00, 1
3546, 14286, 1, 0, 16244, 16244, 1958, 1957, 1958.00, 1
3547, 14288, 14, 0, 16245, 42273, 27985, 27971, 1998.93, 1
3548, 14291, 3, 0, 16250, 16252, 1961, 1958, 653.67, 1
3549, 14295, 4, 0, 16253, 16256, 1961, 1957, 490.25, 1
3550, 14297, 13, 0, 16257, 42276, 27979, 27966, 2152.23, 1
3551, 14298, 13, 0, 16262, 42279, 27981, 27968, 2152.38, 1
3552, 14299, 7, 0, 16267, 26765, 12466, 12459, 1780.86, 1
3553, 14302, 6, 0, 16272, 26766, 12464, 12458, 2077.33, 1
3554, 14311, 5, 0, 16277, 16281, 1970, 1965, 394.00, 1
3555, 14313, 3, 0, 16282, 16284, 1971, 1968, 657.00, 1
3556, 14314, 2, 0, 16285, 16286, 1972, 1970, 986.00, 1
3557, 14325, 2, 0, 16287, 16288, 1963, 1961, 981.50, 1
3558, 14326, 2, 0, 16289, 16290, 1964, 1962, 982.00, 1
3559, 14328, 1, 0, 16291, 16291, 1963, 1962, 1963.00, 1
3560, 14332, 2, 0, 16292, 16293, 1961, 1959, 980.50, 1
3561, 14335, 4, 0, 16294, 16297, 1962, 1958, 490.50, 1
3562, 14340, 2, 0, 16298, 16299, 1959, 1957, 979.50, 1
3563, 14342, 6, 0, 16300, 26767, 12425, 12419, 2070.83, 1
3564, 14345, 3, 0, 16305, 16307, 1962, 1959, 654.00, 1
3565, 14347, 4, 0, 16308, 16311, 1964, 1960, 491.00, 1
3566, 14351, 3, 0, 16312, 16314, 1963, 1960, 654.33, 1
3567, 14353, 4, 0, 16315, 16318, 1965, 1961, 491.25, 1
3568, 14356, 5, 0, 16319, 16323, 1967, 1962, 393.40, 1
3569, 14358, 4, 0, 16324, 16327, 1969, 1965, 492.25, 1
3570, 14360, 2, 0, 16328, 16329, 1969, 1967, 984.50, 1
3571, 14361, 2, 0, 16330, 16331, 1970, 1968, 985.00, 1
3572, 14363, 9, 0, 16332, 26771, 12408, 12399, 1378.67, 1
3573, 14368, 1, 0, 16337, 16337, 1969, 1968, 1969.00, 1
3574, 14370, 5, 0, 16338, 16342, 1972, 1967, 394.40, 1
3575, 14374, 4, 0, 16343, 16346, 1972, 1968, 493.00, 1
3576, 14378, 8, 0, 16347, 26774, 12396, 12388, 1549.50, 1
3577, 14384, 1, 0, 16352, 16352, 1968, 1967, 1968.00, 1
3578, 14386, 3, 0, 16353, 16355, 1969, 1966, 656.33, 1
3579, 14395, 1, 0, 16356, 16356, 1961, 1960, 1961.00, 1
3580, 14404, 1, 0, 16357, 16357, 1953, 1952, 1953.00, 1
3581, 14407, 14, 0, 16358, 42283, 27876, 27862, 1991.14, 1
3582, 14414, 2, 0, 16363, 16364, 1950, 1948, 975.00, 1
3583, 14416, 8, 0, 16365, 26782, 12366, 12358, 1545.75, 1
3584, 14420, 4, 0, 16370, 16373, 1953, 1949, 488.25, 1
3585, 14422, 1, 0, 16374, 16374, 1952, 1951, 1952.00, 1
3586, 14427, 12, 0, 16375, 42285, 27858, 27846, 2321.50, 1
3587, 14428, 16, 0, 16380, 47145, 32717, 32701, 2044.81, 1
3588, 14430, 2, 0, 16385, 16386, 1956, 1954, 978.00, 1
3589, 14439, 5, 0, 16387, 16391, 1952, 1947, 390.40, 1
3590, 14452, 2, 0, 16392, 16393, 1941, 1939, 970.50, 1
3591, 14455, 1, 0, 16394, 16394, 1939, 1938, 1939.00, 1
3592, 14457, 6, 0, 16395, 26793, 12336, 12330, 2056.00, 1
3593, 14459, 1, 0, 16400, 16400, 1941, 1940, 1941.00, 1
3594, 14463, 2, 0, 16401, 16402, 1939, 1937, 969.50, 1
3595, 14466, 2, 0, 16403, 16404, 1938, 1936, 969.00, 1
3596, 14471, 16, 0, 16405, 47146, 32675, 32659, 2042.19, 1
3597, 14478, 1, 0, 16410, 16410, 1932, 1931, 1932.00, 1
3598, 14479, 1, 0, 16411, 16411, 1932, 1931, 1932.00, 1
3599, 14481, 7, 0, 16412, 26800, 12319, 12312, 1759.86, 1
3600, 14489, 7, 0, 16417, 26802, 12313, 12306, 1759.00, 1
3601, 14490, 3, 0, 16422, 16424, 1934, 1931, 644.67, 1
3602, 14494, 2, 0, 16425, 16426, 1932, 1930, 966.00, 1
3603, 14498, 3, 0, 16427, 16429, 1931, 1928, 643.67, 1
3604, 14500, 1, 0, 16430, 16430, 1930, 1929, 1930.00, 1
3605, 14502, 3, 0, 16431, 16433, 1931, 1928, 643.67, 1
3606, 14503, 1, 0, 16434, 16434, 1931, 1930, 1931.00, 1
3607, 14507, 5, 0, 16435, 16439, 1932, 1927, 386.40, 1
3608, 14510, 2, 0, 16440, 16441, 1931, 1929, 965.50, 1
3609, 14519, 7, 0, 16442, 26804, 12285, 12278, 1755.00, 1
3610, 14520, 6, 0, 16447, 26805, 12285, 12279, 2047.50, 1
3611, 14523, 8, 0, 16452, 26808, 12285, 12277, 1535.62, 1
3612, 14526, 2, 0, 16457, 16458, 1932, 1930, 966.00, 1
3613, 14527, 12, 0, 16459, 42297, 27770, 27758, 2314.17, 1
3614, 14530, 5, 0, 16464, 16468, 1938, 1933, 387.60, 1
3615, 14531, 2, 0, 16469, 16470, 1939, 1937, 969.50, 1
3616, 14537, 2, 0, 16471, 16472, 1935, 1933, 967.50, 1
3617, 14540, 6, 0, 16473, 26814, 12274, 12268, 2045.67, 1
3618, 14541, 1, 0, 16478, 16478, 1937, 1936, 1937.00, 1
3619, 14547, 5, 0, 16479, 16483, 1936, 1931, 387.20, 1
3620, 14548, 1, 0, 16484, 16484, 1936, 1935, 1936.00, 1
3621, 14550, 4, 0, 16485, 16488, 1938, 1934, 484.50, 1
3622, 14553, 1, 0, 16489, 16489, 1936, 1935, 1936.00, 1
3623, 14556, 6, 0, 16490, 26815, 12259, 12253, 2043.17, 1
3624, 14559, 1, 0, 16495, 16495, 1936, 1935, 1936.00, 1
3625, 14563, 1, 0, 16496, 16496, 1933, 1932, 1933.00, 1
3626, 14566, 3, 0, 16497, 16499, 1933, 1930, 644.33, 1
3627, 14568, 16, 0, 16500, 47147, 32579, 32563, 2036.19, 1
3628, 14578, 4, 0, 16505, 16508, 1930, 1926, 482.50, 1
3629, 14580, 3, 0, 16509, 16511, 1931, 1928, 643.67, 1
3630, 14584, 2, 0, 16512, 16513, 1929, 1927, 964.50, 1
3631, 14587, 21, 0, 16514, 48775, 34188, 34167, 1628.00, 1
3632, 14589, 5, 0, 16519, 16523, 1934, 1929, 386.80, 1
3633, 14590, 16, 0, 16524, 47153, 32563, 32547, 2035.19, 1
3634, 14599, 15, 0, 16529, 42317, 27718, 27703, 1847.87, 1
3635, 14600, 3, 0, 16534, 16536, 1936, 1933, 645.33, 1
3636, 14608, 33, 0, 16537, 49526, 34918, 34885, 1058.12, 1
3637, 14617, 5, 0, 16542, 16546, 1929, 1924, 385.80, 1
3638, 14621, 3, 0, 16547, 16549, 1928, 1925, 642.67, 1
3639, 14622, 4, 0, 16550, 16553, 1931, 1927, 482.75, 1
3640, 14640, 1, 0, 16554, 16554, 1914, 1913, 1914.00, 1
3641, 14642, 10, 0, 16555, 26845, 12203, 12193, 1220.30, 1
3642, 14644, 4, 0, 16560, 16563, 1919, 1915, 479.75, 1
3643, 14645, 2, 0, 16564, 16565, 1920, 1918, 960.00, 1
3644, 14647, 1, 0, 16566, 16566, 1919, 1918, 1919.00, 1
3645, 14649, 9, 0, 16567, 26849, 12200, 12191, 1355.56, 1
3646, 14666, 21, 0, 16572, 48781, 34115, 34094, 1624.52, 1
3647, 14667, 7, 0, 16577, 26856, 12189, 12182, 1741.29, 1
3648, 14669, 7, 0, 16582, 26858, 12189, 12182, 1741.29, 1
3649, 14670, 4, 0, 16587, 16590, 1920, 1916, 480.00, 1
3650, 14679, 6, 0, 16591, 26859, 12180, 12174, 2030.00, 1
3651, 14692, 1, 0, 16596, 16596, 1904, 1903, 1904.00, 1
3652, 14694, 2, 0, 16597, 16598, 1904, 1902, 952.00, 1
3653, 14701, 19, 0, 16599, 47167, 32466, 32447, 1708.74, 1
3654, 14702, 3, 0, 16604, 16606, 1904, 1901, 634.67, 1
3655, 14705, 23, 0, 16607, 48784, 34079, 34056, 1481.70, 1
3656, 14708, 6, 0, 16612, 26870, 12162, 12156, 2027.00, 1
3657, 14713, 2, 0, 16617, 16618, 1905, 1903, 952.50, 1
3658, 14724, 1, 0, 16619, 16619, 1895, 1894, 1895.00, 1
3659, 14734, 3, 0, 16620, 16622, 1888, 1885, 629.33, 1
3660, 14735, 12, 0, 16623, 42339, 27604, 27592, 2300.33, 1
3661, 14736, 1, 0, 16628, 16628, 1892, 1891, 1892.00, 1
3662, 14741, 1, 0, 16629, 16629, 1888, 1887, 1888.00, 1
3663, 14742, 6, 0, 16630, 26876, 12134, 12128, 2022.33, 1
3664, 14751, 2, 0, 16635, 16636, 1885, 1883, 942.50, 1
3665, 14768, 6, 0, 16637, 26877, 12109, 12103, 2018.17, 1
3666, 14771, 1, 0, 16642, 16642, 1871, 1870, 1871.00, 1
3667, 14772, 2, 0, 16643, 16644, 1872, 1870, 936.00, 1
3668, 14776, 6, 0, 16645, 26878, 12102, 12096, 2017.00, 1
3669, 14778, 1, 0, 16650, 16650, 1872, 1871, 1872.00, 1
3670, 14781, 3, 0, 16651, 16653, 1872, 1869, 624.00, 1
3671, 14784, 1, 0, 16654, 16654, 1870, 1869, 1870.00, 1
3672, 14789, 11, 0, 16655, 42340, 27551, 27540, 2504.64, 1
3673, 14792, 8, 0, 16660, 26886, 12094, 12086, 1511.75, 1
3674, 14796, 7, 0, 16665, 26888, 12092, 12085, 1727.43, 1
3675, 14800, 11, 0, 16670, 42341, 27541, 27530, 2503.73, 1
3676, 14809, 5, 0, 16675, 16679, 1870, 1865, 374.00, 1
3677, 14817, 8, 0, 16680, 26896, 12079, 12071, 1509.88, 1
3678, 14821, 10, 0, 16685, 26901, 12080, 12070, 1208.00, 1
3679, 14826, 5, 0, 16690, 16694, 1868, 1863, 373.60, 1
3680, 14827, 1, 0, 16695, 16695, 1868, 1867, 1868.00, 1
3681, 14829, 1, 0, 16696, 16696, 1867, 1866, 1867.00, 1
3682, 14832, 2, 0, 16697, 16698, 1866, 1864, 933.00, 1
3683, 14838, 5, 0, 16699, 16703, 1865, 1860, 373.00, 1
3684, 14839, 4, 0, 16704, 16707, 1868, 1864, 467.00, 1
3685, 14843, 5, 0, 16708, 16712, 1869, 1864, 373.80, 1
3686, 14849, 12, 0, 16713, 42343, 27494, 27482, 2291.17, 1
3687, 14853, 5, 0, 16718, 16722, 1869, 1864, 373.80, 1
3688, 14868, 11, 0, 16723, 42344, 27476, 27465, 2497.82, 1
3689, 14872, 2, 0, 16728, 16729, 1857, 1855, 928.50, 1
3690, 14874, 4, 0, 16730, 16733, 1859, 1855, 464.75, 1
3691, 14875, 1, 0, 16734, 16734, 1859, 1858, 1859.00, 1
3692, 14881, 6, 0, 16735, 26912, 12031, 12025, 2005.17, 1
3693, 14891, 6, 0, 16740, 26913, 12022, 12016, 2003.67, 1
3694, 14893, 8, 0, 16745, 26916, 12023, 12015, 1502.88, 1
3695, 14898, 2, 0, 16750, 16751, 1853, 1851, 926.50, 1
3696, 14910, 4, 0, 16752, 16755, 1845, 1841, 461.25, 1
3697, 14915, 2, 0, 16756, 16757, 1842, 1840, 921.00, 1
3698, 14918, 4, 0, 16758, 16761, 1843, 1839, 460.75, 1
3699, 14930, 7, 0, 16762, 26918, 11988, 11981, 1712.57, 1
3700, 14931, 13, 0, 16767, 42347, 27416, 27403, 2108.92, 1
3701, 14936, 1, 0, 16772, 16772, 1836, 1835, 1836.00, 1
3702, 14938, 22, 0, 16773, 48786, 33848, 33826, 1538.55, 1
3703, 14944, 3, 0, 16778, 16780, 1836, 1833, 612.00, 1
3704, 14946, 1, 0, 16781, 16781, 1835, 1834, 1835.00, 1
3705, 14950, 3, 0, 16782, 16784, 1834, 1831, 611.33, 1
3706, 14954, 2, 0, 16785, 16786, 1832, 1830, 916.00, 1
3707, 14956, 4, 0, 16787, 16790, 1834, 1830, 458.50, 1
3708, 14969, 1, 0, 16791, 16791, 1822, 1821, 1822.00, 1
3709, 14977, 1, 0, 16792, 16792, 1815, 1814, 1815.00, 1
3710, 14979, 3, 0, 16793, 16795, 1816, 1813, 605.33, 1
3711, 14982, 3, 0, 16796, 16798, 1816, 1813, 605.33, 1
3712, 14984, 14, 0, 16799, 42356, 27372, 27358, 1955.14, 1
3713, 14987, 1, 0, 16804, 16804, 1817, 1816, 1817.00, 1
3714, 14988, 9, 0, 16805, 26937, 11949, 11940, 1327.67, 1
3715, 14990, 10, 0, 16810, 26942, 11952, 11942, 1195.20, 1
3716, 14992, 2, 0, 16815, 16816, 1824, 1822, 912.00, 1
3717, 14993, 21, 0, 16817, 48787, 33794, 33773, 1609.24, 1
3718, 14997, 2, 0, 16822, 16823, 1826, 1824, 913.00, 1
3719, 15001, 6, 0, 16824, 26948, 11947, 11941, 1991.17, 1
3720, 15005, 8, 0, 16829, 26951, 11946, 11938, 1493.25, 1
3721, 15008, 18, 0, 16834, 47185, 32177, 32159, 1787.61, 1
3722, 15009, 2, 0, 16839, 16840, 1831, 1829, 915.50, 1
3723, 15011, 2, 0, 16841, 16842, 1831, 1829, 915.50, 1
3724, 15015, 2, 0, 16843, 16844, 1829, 1827, 914.50, 1
3725, 15017, 4, 0, 16845, 16848, 1831, 1827, 457.75, 1
3726, 15019, 22, 0, 16849, 48789, 33770, 33748, 1535.00, 1
3727, 15024, 2, 0, 16854, 16855, 1831, 1829, 915.50, 1
3728, 15027, 13, 0, 16856, 42374, 27347, 27334, 2103.62, 1
3729, 15039, 1, 0, 16861, 16861, 1822, 1821, 1822.00, 1
3730, 15041, 11, 0, 16862, 42375, 27334, 27323, 2484.91, 1
3731, 15043, 7, 0, 16867, 26973, 11930, 11923, 1704.29, 1
3732, 15045, 1, 0, 16872, 16872, 1827, 1826, 1827.00, 1
3733, 15048, 3, 0, 16873, 16875, 1827, 1824, 609.00, 1
3734, 15050, 4, 0, 16876, 16879, 1829, 1825, 457.25, 1
3735, 15053, 16, 0, 16880, 47191, 32138, 32122, 2008.62, 1
3736, 15054, 1, 0, 16885, 16885, 1831, 1830, 1831.00, 1
3737, 15056, 5, 0, 16886, 16890, 1834, 1829, 366.80, 1
3738, 15064, 3, 0, 16891, 16893, 1829, 1826, 609.67, 1
3739, 15069, 1, 0, 16894, 16894, 1825, 1824, 1825.00, 1
3740, 15072, 3, 0, 16895, 16897, 1825, 1822, 608.33, 1
3741, 15076, 1, 0, 16898, 16898, 1822, 1821, 1822.00, 1
3742, 15083, 1, 0, 16899, 16899, 1816, 1815, 1816.00, 1
3743, 15086, 5, 0, 16900, 16904, 1818, 1813, 363.60, 1
3744, 15092, 3, 0, 16905, 16907, 1815, 1812, 605.00, 1
3745, 15094, 6, 0, 16908, 26979, 11885, 11879, 1980.83, 1
3746, 15096, 7, 0, 16913, 26981, 11885, 11878, 1697.86, 1
3747, 15100, 8, 0, 16918, 26984, 11884, 11876, 1485.50, 1
3748, 15101, 1, 0, 16923, 16923, 1822, 1821, 1822.00, 1
3749, 15102, 1, 0, 16924, 16924, 1822, 1821, 1822.00, 1
3750, 15109, 6, 0, 16925, 26985, 11876, 11870, 1979.33, 1
3751, 15113, 7, 0, 16930, 26987, 11874, 11867, 1696.29, 1
3752, 15114, 7, 0, 16935, 26989, 11875, 11868, 1696.43, 1
3753, 15119, 1, 0, 16940, 16940, 1821, 1820, 1821.00, 1
3754, 15129, 4, 0, 16941, 16944, 1815, 1811, 453.75, 1
3755, 15135, 1, 0, 16945, 16945, 1810, 1809, 1810.00, 1
3756, 15137, 2, 0, 16946, 16947, 1810, 1808, 905.00, 1
3757, 15140, 5, 0, 16948, 16952, 1812, 1807, 362.40, 1
3758, 15142, 3, 0, 16953, 16955, 1813, 1810, 604.33, 1
3759, 15143, 12, 0, 16956, 42382, 27239, 27227, 2269.92, 1
3760, 15148, 5, 0, 16961, 16965, 1817, 1812, 363.40, 1
3761, 15149, 17, 0, 16966, 47193, 32044, 32027, 1884.94, 1
3762, 15150, 5, 0, 16971, 16975, 1825, 1820, 365.00, 1
3763, 15151, 4, 0, 16976, 16979, 1828, 1824, 457.00, 1
3764, 15152, 6, 0, 16980, 27000, 11848, 11842, 1974.67, 1
3765, 15163, 7, 0, 16985, 27002, 11839, 11832, 1691.29, 1
3766, 15175, 8, 0, 16990, 27005, 11830, 11822, 1478.75, 1
3767, 15176, 4, 0, 16995, 16998, 1822, 1818, 455.50, 1
3768, 15177, 1, 0, 16999, 16999, 1822, 1821, 1822.00, 1
3769, 15184, 5, 0, 17000, 17004, 1820, 1815, 364.00, 1
3770, 15185, 7, 0, 17005, 27007, 11822, 11815, 1688.86, 1
3771, 15186, 3, 0, 17010, 17012, 1826, 1823, 608.67, 1
3772, 15188, 5, 0, 17013, 17017, 1829, 1824, 365.80, 1
3773, 15191, 10, 0, 17018, 27012, 11821, 11811, 1182.10, 1
3774, 15193, 2, 0, 17023, 17024, 1831, 1829, 915.50, 1
3775, 15201, 5, 0, 17025, 17029, 1828, 1823, 365.60, 1
3776, 15213, 2, 0, 17030, 17031, 1818, 1816, 909.00, 1
3777, 15215, 2, 0, 17032, 17033, 1818, 1816, 909.00, 1
3778, 15216, 4, 0, 17034, 17037, 1821, 1817, 455.25, 1
3779, 15219, 4, 0, 17038, 17041, 1822, 1818, 455.50, 1
3780, 15220, 24, 0, 17042, 48793, 33573, 33549, 1398.88, 1
3781, 15225, 14, 0, 17047, 42396, 27171, 27157, 1940.79, 1
3782, 15228, 5, 0, 17052, 17056, 1828, 1823, 365.60, 1
3783, 15233, 1, 0, 17057, 17057, 1824, 1823, 1824.00, 1
3784, 15238, 1, 0, 17058, 17058, 1820, 1819, 1820.00, 1
3785, 15240, 7, 0, 17059, 27024, 11784, 11777, 1683.43, 1
3786, 15244, 4, 0, 17064, 17067, 1823, 1819, 455.75, 1
3787, 15265, 7, 0, 17068, 27026, 11761, 11754, 1680.14, 1
3788, 15272, 1, 0, 17073, 17073, 1801, 1800, 1801.00, 1
3789, 15273, 1, 0, 17074, 17074, 1801, 1800, 1801.00, 1
3790, 15277, 1, 0, 17075, 17075, 1798, 1797, 1798.00, 1
3791, 15278, 5, 0, 17076, 17080, 1802, 1797, 360.40, 1
3792, 15281, 1, 0, 17081, 17081, 1800, 1799, 1800.00, 1
3793, 15289, 1, 0, 17082, 17082, 1793, 1792, 1793.00, 1
3794, 15291, 1, 0, 17083, 17083, 1792, 1791, 1792.00, 1
3795, 15304, 5, 0, 17084, 17088, 1784, 1779, 356.80, 1
3796, 15308, 3, 0, 17089, 17091, 1783, 1780, 594.33, 1
3797, 15312, 1, 0, 17092, 17092, 1780, 1779, 1780.00, 1
3798, 15314, 5, 0, 17093, 17097, 1783, 1778, 356.60, 1
3799, 15317, 2, 0, 17098, 17099, 1782, 1780, 891.00, 1
3800, 15321, 2, 0, 17100, 17101, 1780, 1778, 890.00, 1
3801, 15322, 1, 0, 17102, 17102, 1780, 1779, 1780.00, 1
3802, 15326, 2, 0, 17103, 17104, 1778, 1776, 889.00, 1
3803, 15328, 2, 0, 17105, 17106, 1778, 1776, 889.00, 1
3804, 15329, 3, 0, 17107, 17109, 1780, 1777, 593.33, 1
3805, 15331, 1, 0, 17110, 17110, 1779, 1778, 1779.00, 1
3806, 15345, 3, 0, 17111, 17113, 1768, 1765, 589.33, 1
3807, 15346, 5, 0, 17114, 17118, 1772, 1767, 354.40, 1
3808, 15349, 5, 0, 17119, 17123, 1774, 1769, 354.80, 1
3809, 15356, 13, 0, 17124, 42399, 27043, 27030, 2080.23, 1
3810, 15358, 13, 0, 17129, 42402, 27044, 27031, 2080.31, 1
3811, 15360, 1, 0, 17134, 17134, 1774, 1773, 1774.00, 1
3812, 15366, 1, 0, 17135, 17135, 1769, 1768, 1769.00, 1
3813, 15372, 11, 0, 17136, 42403, 27031, 27020, 2457.36, 1
3814, 15374, 3, 0, 17141, 17143, 1769, 1766, 589.67, 1
3815, 15377, 4, 0, 17144, 17147, 1770, 1766, 442.50, 1
3816, 15383, 2, 0, 17148, 17149, 1766, 1764, 883.00, 1
3817, 15385, 1, 0, 17150, 17150, 1765, 1764, 1765.00, 1
3818, 15389, 4, 0, 17151, 17154, 1765, 1761, 441.25, 1
3819, 15391, 9, 0, 17155, 27045, 11654, 11645, 1294.89, 1
3820, 15393, 4, 0, 17160, 17163, 1770, 1766, 442.50, 1
3821, 15396, 1, 0, 17164, 17164, 1768, 1767, 1768.00, 1
3822, 15400, 3, 0, 17165, 17167, 1767, 1764, 589.00, 1
3823, 15404, 2, 0, 17168, 17169, 1765, 1763, 882.50, 1
3824, 15405, 14, 0, 17170, 42407, 27002, 26988, 1928.71, 1
3825, 15408, 2, 0, 17175, 17176, 1768, 1766, 884.00, 1
3826, 15411, 5, 0, 17177, 17181, 1770, 1765, 354.00, 1
3827, 15414, 3, 0, 17182, 17184, 1770, 1767, 590.00, 1
3828, 15418, 3, 0, 17185, 17187, 1769, 1766, 589.67, 1
3829, 15429, 1, 0, 17188, 17188, 1759, 1758, 1759.00, 1
3830, 15432, 4, 0, 17189, 17192, 1760, 1756, 440.00, 1
3831, 15437, 1, 0, 17193, 17193, 1756, 1755, 1756.00, 1
3832, 15439, 5, 0, 17194, 17198, 1759, 1754, 351.80, 1
3833, 15441, 1, 0, 17199, 17199, 1758, 1757, 1758.00, 1
3834, 15442, 5, 0, 17200, 17204, 1762, 1757, 352.40, 1
3835, 15445, 4, 0, 17205, 17208, 1763, 1759, 440.75, 1
3836, 15449, 11, 0, 17209, 42408, 26959, 26948, 2450.82, 1
3837, 15457, 2, 0, 17214, 17215, 1758, 1756, 879.00, 1
3838, 15461, 6, 0, 17216, 27056, 11595, 11589, 1932.50, 1
3839, 15467, 3, 0, 17221, 17223, 1756, 1753, 585.33, 1
3840, 15472, 4, 0, 17224, 17227, 1755, 1751, 438.75, 1
3841, 15474, 2, 0, 17228, 17229, 1755, 1753, 877.50, 1
3842, 15476, 3, 0, 17230, 17232, 1756, 1753, 585.33, 1
3843, 15477, 1, 0, 17233, 17233, 1756, 1755, 1756.00, 1
3844, 15478, 4, 0, 17234, 17237, 1759, 1755, 439.75, 1
3845, 15479, 7, 0, 17238, 27058, 11579, 11572, 1654.14, 1
3846, 15483, 2, 0, 17243, 17244, 1761, 1759, 880.50, 1
3847, 15488, 4, 0, 17245, 17248, 1760, 1756, 440.00, 1
3848, 15491, 1, 0, 17249, 17249, 1758, 1757, 1758.00, 1
3849, 15492, 2, 0, 17250, 17251, 1759, 1757, 879.50, 1
3850, 15495, 5, 0, 17252, 17256, 1761, 1756, 352.20, 1
3851, 15505, 4, 0, 17257, 17260, 1755, 1751, 438.75, 1
3852, 15506, 6, 0, 17261, 27059, 11553, 11547, 1925.50, 1
3853, 15514, 15, 0, 17266, 42413, 26899, 26884, 1793.27, 1
3854, 15518, 2, 0, 17271, 17272, 1754, 1752, 877.00, 1
3855, 15527, 2, 0, 17273, 17274, 1747, 1745, 873.50, 1
3856, 15532, 1, 0, 17275, 17275, 1743, 1742, 1743.00, 1
3857, 15536, 3, 0, 17276, 17278, 1742, 1739, 580.67, 1
3858, 15537, 5, 0, 17279, 17283, 1746, 1741, 349.20, 1
3859, 15538, 1, 0, 17284, 17284, 1746, 1745, 1746.00, 1
3860, 15540, 3, 0, 17285, 17287, 1747, 1744, 582.33, 1
3861, 15550, 2, 0, 17288, 17289, 1739, 1737, 869.50, 1
3862, 15552, 3, 0, 17290, 17292, 1740, 1737, 580.00, 1
3863, 15554, 4, 0, 17293, 17296, 1742, 1738, 435.50, 1
3864, 15556, 1, 0, 17297, 17297, 1741, 1740, 1741.00, 1
3865, 15559, 1, 0, 17298, 17298, 1739, 1738, 1739.00, 1
3866, 15562, 3, 0, 17299, 17301, 1739, 1736, 579.67, 1
3867, 15563, 5, 0, 17302, 17306, 1743, 1738, 348.60, 1
3868, 15567, 3, 0, 17307, 17309, 1742, 1739, 580.67, 1
3869, 15569, 3, 0, 17310, 17312, 1743, 1740, 581.00, 1
3870, 15571, 9, 0, 17313, 27068, 11497, 11488, 1277.44, 1
3871, 15578, 5, 0, 17318, 17322, 1744, 1739, 348.80, 1
3872, 15583, 7, 0, 17323, 27070, 11487, 11480, 1641.00, 1
3873, 15584, 1, 0, 17328, 17328, 1744, 1743, 1744.00, 1
3874, 15592, 7, 0, 17329, 27072, 11480, 11473, 1640.00, 1
3875, 15595, 8, 0, 17334, 27075, 11480, 11472, 1435.00, 1
3876, 15596, 1, 0, 17339, 17339, 1743, 1742, 1743.00, 1
3877, 15597, 2, 0, 17340, 17341, 1744, 1742, 872.00, 1
3878, 15600, 27, 0, 17342, 49346, 33746, 33719, 1249.85, 1
3879, 15607, 8, 0, 17347, 27083, 11476, 11468, 1434.50, 1
3880, 15617, 2, 0, 17352, 17353, 1736, 1734, 868.00, 1
3881, 15622, 2, 0, 17354, 17355, 1733, 1731, 866.50, 1
3882, 15629, 1, 0, 17356, 17356, 1727, 1726, 1727.00, 1
3883, 15638, 4, 0, 17357, 17360, 1722, 1718, 430.50, 1
3884, 15641, 3, 0, 17361, 17363, 1722, 1719, 574.00, 1
3885, 15642, 12, 0, 17364, 42420, 26778, 26766, 2231.50, 1
3886, 15643, 6, 0, 17369, 27089, 11446, 11440, 1907.67, 1
3887, 15645, 6, 0, 17374, 27090, 11445, 11439, 1907.50, 1
3888, 15648, 15, 0, 17379, 42425, 26777, 26762, 1785.13, 1
3889, 15664, 6, 0, 17384, 27096, 11432, 11426, 1905.33, 1
3890, 15669, 3, 0, 17389, 17391, 1722, 1719, 574.00, 1
3891, 15674, 11, 0, 17392, 42426, 26752, 26741, 2432.00, 1
3892, 15678, 5, 0, 17397, 17401, 1723, 1718, 344.60, 1
3893, 15679, 8, 0, 17402, 27104, 11425, 11417, 1428.12, 1
3894, 15682, 1, 0, 17407, 17407, 1725, 1724, 1725.00, 1
3895, 15684, 1, 0, 17408, 17408, 1724, 1723, 1724.00, 1
3896, 15692, 1, 0, 17409, 17409, 1717, 1716, 1717.00, 1
3897, 15703, 4, 0, 17410, 17413, 1710, 1706, 427.50, 1
3898, 15704, 11, 0, 17414, 42427, 26723, 26712, 2429.36, 1
3899, 15713, 2, 0, 17419, 17420, 1707, 1705, 853.50, 1
3900, 15715, 1, 0, 17421, 17421, 1706, 1705, 1706.00, 1
3901, 15717, 2, 0, 17422, 17423, 1706, 1704, 853.00, 1
3902, 15720, 4, 0, 17424, 17427, 1707, 1703, 426.75, 1
3903, 15728, 3, 0, 17428, 17430, 1702, 1699, 567.33, 1
3904, 15729, 5, 0, 17431, 17435, 1706, 1701, 341.20, 1
3905, 15732, 10, 0, 17436, 27114, 11382, 11372, 1138.20, 1
3906, 15737, 3, 0, 17441, 17443, 1706, 1703, 568.67, 1
3907, 15750, 3, 0, 17444, 17446, 1696, 1693, 565.33, 1
3908, 15758, 4, 0, 17447, 17450, 1692, 1688, 423.00, 1
3909, 15764, 8, 0, 17451, 27117, 11353, 11345, 1419.12, 1
3910, 15765, 3, 0, 17456, 17458, 1693, 1690, 564.33, 1
3911, 15768, 12, 0, 17459, 42429, 26661, 26649, 2221.75, 1
3912, 15769, 1, 0, 17464, 17464, 1695, 1694, 1695.00, 1
3913, 15770, 6, 0, 17465, 27123, 11353, 11347, 1892.17, 1
3914, 15785, 6, 0, 17470, 27124, 11339, 11333, 1889.83, 1
3915, 15791, 18, 0, 17475, 47206, 31415, 31397, 1745.28, 1
3916, 15794, 9, 0, 17480, 27133, 11339, 11330, 1259.89, 1
3917, 15798, 8, 0, 17485, 27136, 11338, 11330, 1417.25, 1
3918, 15799, 5, 0, 17490, 17494, 1695, 1690, 339.00, 1
3919, 15810, 1, 0, 17495, 17495, 1685, 1684, 1685.00, 1
3920, 15816, 5, 0, 17496, 17500, 1684, 1679, 336.80, 1
3921, 15817, 7, 0, 17501, 27138, 11321, 11314, 1617.29, 1
3922, 15834, 2, 0, 17506, 17507, 1673, 1671, 836.50, 1
3923, 15839, 2, 0, 17508, 17509, 1670, 1668, 835.00, 1
3924, 15842, 10, 0, 17510, 27143, 11301, 11291, 1130.10, 1
3925, 15843, 2, 0, 17515, 17516, 1673, 1671, 836.50, 1
3926, 15848, 15, 0, 17517, 42439, 26591, 26576, 1772.73, 1
3927, 15849, 13, 0, 17522, 42442, 26593, 26580, 2045.62, 1
3928, 15850, 5, 0, 17527, 17531, 1681, 1676, 336.20, 1
3929, 15855, 5, 0, 17532, 17536, 1681, 1676, 336.20, 1
3930, 15858, 6, 0, 17537, 27154, 11296, 11290, 1882.67, 1
3931, 15862, 2, 0, 17542, 17543, 1681, 1679, 840.50, 1
3932, 15863, 3, 0, 17544, 17546, 1683, 1680, 561.00, 1
3933, 15869, 8, 0, 17547, 27157, 11288, 11280, 1411.00, 1
3934, 15870, 1, 0, 17552, 17552, 1682, 1681, 1682.00, 1
3935, 15874, 6, 0, 17553, 27158, 11284, 11278, 1880.67, 1
3936, 15879, 4, 0, 17558, 17561, 1682, 1678, 420.50, 1
3937, 15880, 8, 0, 17562, 27161, 11281, 11273, 1410.12, 1
3938, 15882, 2, 0, 17567, 17568, 1686, 1684, 843.00, 1
3939, 15886, 6, 0, 17569, 27162, 11276, 11270, 1879.33, 1
3940, 15888, 3, 0, 17574, 17576, 1688, 1685, 562.67, 1
3941, 15891, 1, 0, 17577, 17577, 1686, 1685, 1686.00, 1
3942, 15892, 6, 0, 17578, 27163, 11271, 11265, 1878.50, 1
3943, 15896, 1, 0, 17583, 17583, 1687, 1686, 1687.00, 1
3944, 15897, 4, 0, 17584, 17587, 1690, 1686, 422.50, 1
3945, 15898, 2, 0, 17588, 17589, 1691, 1689, 845.50, 1
3946, 15901, 10, 0, 17590, 27168, 11267, 11257, 1126.70, 1
3947, 15902, 1, 0, 17595, 17595, 1693, 1692, 1693.00, 1
3948, 15903, 6, 0, 17596, 27169, 11266, 11260, 1877.67, 1
3949, 15904, 1, 0, 17601, 17601, 1697, 1696, 1697.00, 1
3950, 15912, 5, 0, 17602, 17606, 1694, 1689, 338.80, 1
3951, 15922, 6, 0, 17607, 27170, 11248, 11242, 1874.67, 1
3952, 15931, 1, 0, 17612, 17612, 1681, 1680, 1681.00, 1
3953, 15932, 4, 0, 17613, 17616, 1684, 1680, 421.00, 1
3954, 15934, 1, 0, 17617, 17617, 1683, 1682, 1683.00, 1
3955, 15940, 1, 0, 17618, 17618, 1678, 1677, 1678.00, 1
3956, 15950, 2, 0, 17619, 17620, 1670, 1668, 835.00, 1
3957, 15953, 3, 0, 17621, 17623, 1670, 1667, 556.67, 1
3958, 15954, 3, 0, 17624, 17626, 1672, 1669, 557.33, 1
3959, 15957, 7, 0, 17627, 27172, 11215, 11208, 1602.14, 1
3960, 15961, 2, 0, 17632, 17633, 1672, 1670, 836.00, 1
3961, 15963, 3, 0, 17634, 17636, 1673, 1670, 557.67, 1
3962, 15964, 3, 0, 17637, 17639, 1675, 1672, 558.33, 1
3963, 15966, 7, 0, 17640, 27174, 11208, 11201, 1601.14, 1
3964, 15974, 12, 0, 17645, 42444, 26470, 26458, 2205.83, 1
3965, 15977, 3, 0, 17650, 17652, 1675, 1672, 558.33, 1
3966, 15979, 6, 0, 17653, 27180, 11201, 11195, 1866.83, 1
3967, 15981, 7, 0, 17658, 27182, 11201, 11194, 1600.14, 1
3968, 15982, 9, 0, 17663, 27186, 11204, 11195, 1244.89, 1
3969, 15987, 1, 0, 17668, 17668, 1681, 1680, 1681.00, 1
3970, 15989, 3, 0, 17669, 17671, 1682, 1679, 560.67, 1
3971, 15990, 6, 0, 17672, 27187, 11197, 11191, 1866.17, 1
3972, 15995, 6, 0, 17677, 27188, 11193, 11187, 1865.50, 1
3973, 16001, 3, 0, 17682, 17684, 1683, 1680, 561.00, 1
3974, 16002, 8, 0, 17685, 27191, 11189, 11181, 1398.62, 1
3975, 16007, 5, 0, 17690, 17694, 1687, 1682, 337.40, 1
3976, 16008, 6, 0, 17695, 27192, 11184, 11178, 1864.00, 1
3977, 16009, 6, 0, 17700, 27193, 11184, 11178, 1864.00, 1
3978, 16020, 8, 0, 17705, 27196, 11176, 11168, 1397.00, 1
3979, 16022, 1, 0, 17710, 17710, 1688, 1687, 1688.00, 1
3980, 16023, 4, 0, 17711, 17714, 1691, 1687, 422.75, 1
3981, 16024, 7, 0, 17715, 27198, 11174, 11167, 1596.29, 1
3982, 16036, 3, 0, 17720, 17722, 1686, 1683, 562.00, 1
3983, 16037, 8, 0, 17723, 27201, 11164, 11156, 1395.50, 1
3984, 16038, 10, 0, 17728, 27206, 11168, 11158, 1116.80, 1
3985, 16041, 4, 0, 17733, 17736, 1695, 1691, 423.75, 1
3986, 16043, 2, 0, 17737, 17738, 1695, 1693, 847.50, 1
3987, 16045, 8, 0, 17739, 27209, 11164, 11156, 1395.50, 1
3988, 16048, 3, 0, 17744, 17746, 1698, 1695, 566.00, 1
3989, 16049, 4, 0, 17747, 17750, 1701, 1697, 425.25, 1
3990, 16050, 2, 0, 17751, 17752, 1702, 1700, 851.00, 1
3991, 16053, 2, 0, 17753, 17754, 1701, 1699, 850.50, 1
3992, 16057, 2, 0, 17755, 17756, 1699, 1697, 849.50, 1
3993, 16058, 4, 0, 17757, 17760, 1702, 1698, 425.50, 1
3994, 16062, 1, 0, 17761, 17761, 1699, 1698, 1699.00, 1
3995, 16064, 5, 0, 17762, 17766, 1702, 1697, 340.40, 1
3996, 16065, 1, 0, 17767, 17767, 1702, 1701, 1702.00, 1
3997, 16066, 1, 0, 17768, 17768, 1702, 1701, 1702.00, 1
3998, 16067, 3, 0, 17769, 17771, 1704, 1701, 568.00, 1
3999, 16071, 9, 0, 17772, 27213, 11142, 11133, 1238.00, 1
4000, 16077, 5, 0, 17777, 17781, 1704, 1699, 340.80, 1
4001, 16080, 3, 0, 17782, 17784, 1704, 1701, 568.00, 1
4002, 16083, 8, 0, 17785, 27216, 11133, 11125, 1391.62, 1
4003, 16087, 1, 0, 17790, 17790, 1703, 1702, 1703.00, 1
4004, 16088, 5, 0, 17791, 17795, 1707, 1702, 341.40, 1
4005, 16090, 1, 0, 17796, 17796, 1706, 1705, 1706.00, 1
4006, 16092, 3, 0, 17797, 17799, 1707, 1704, 569.00, 1
4007, 16097, 1, 0, 17800, 17800, 1703, 1702, 1703.00, 1
4008, 16109, 9, 0, 17801, 27220, 11111, 11102, 1234.56, 1
4009, 16110, 18, 0, 17806, 47209, 31099, 31081, 1727.72, 1
4010, 16111, 5, 0, 17811, 17815, 1704, 1699, 340.80, 1
4011, 16116, 1, 0, 17816, 17816, 1700, 1699, 1700.00, 1
4012, 16118, 1, 0, 17817, 17817, 1699, 1698, 1699.00, 1
4013, 16120, 7, 0, 17818, 27227, 11107, 11100, 1586.71, 1
4014, 16129, 3, 0, 17823, 17825, 1696, 1693, 565.33, 1
4015, 16141, 3, 0, 17826, 17828, 1687, 1684, 562.33, 1
4016, 16144, 2, 0, 17829, 17830, 1686, 1684, 843.00, 1
4017, 16148, 13, 0, 17831, 42452, 26304, 26291, 2023.38, 1
4018, 16156, 11, 0, 17836, 42453, 26297, 26286, 2390.64, 1
4019, 16157, 5, 0, 17841, 17845, 1688, 1683, 337.60, 1
4020, 16159, 11, 0, 17846, 42454, 26295, 26284, 2390.45, 1
4021, 16160, 3, 0, 17851, 17853, 1693, 1690, 564.33, 1
4022, 16162, 2, 0, 17854, 17855, 1693, 1691, 846.50, 1
4023, 16167, 3, 0, 17856, 17858, 1691, 1688, 563.67, 1
4024, 16175, 7, 0, 17859, 27244, 11069, 11062, 1581.29, 1
4025, 16176, 13, 0, 17864, 42457, 26281, 26268, 2021.62, 1
4026, 16178, 6, 0, 17869, 27250, 11072, 11066, 1845.33, 1
4027, 16184, 5, 0, 17874, 17878, 1694, 1689, 338.80, 1
4028, 16193, 4, 0, 17879, 17882, 1689, 1685, 422.25, 1
4029, 16198, 8, 0, 17883, 27253, 11055, 11047, 1381.88, 1
4030, 16202, 5, 0, 17888, 17892, 1690, 1685, 338.00, 1
4031, 16209, 4, 0, 17893, 17896, 1687, 1683, 421.75, 1
4032, 16211, 3, 0, 17897, 17899, 1688, 1685, 562.67, 1
4033, 16215, 1, 0, 17900, 17900, 1685, 1684, 1685.00, 1
4034, 16224, 6, 0, 17901, 27254, 11030, 11024, 1838.33, 1
4035, 16232, 2, 0, 17906, 17907, 1675, 1673, 837.50, 1
4036, 16234, 4, 0, 17908, 17911, 1677, 1673, 419.25, 1
4037, 16241, 3, 0, 17912, 17914, 1673, 1670, 557.67, 1
4038, 16243, 11, 0, 17915, 42458, 26215, 26204, 2383.18, 1
4039, 16247, 2, 0, 17920, 17921, 1674, 1672, 837.00, 1
4040, 16248, 1, 0, 17922, 17922, 1674, 1673, 1674.00, 1
4041, 16251, 3, 0, 17923, 17925, 1674, 1671, 558.00, 1
4042, 16260, 5, 0, 17926, 17930, 1670, 1665, 334.00, 1
4043, 16263, 3, 0, 17931, 17933, 1670, 1667, 556.67, 1
4044, 16264, 1, 0, 17934, 17934, 1670, 1669, 1670.00, 1
4045, 16268, 16, 0, 17935, 47210, 30942, 30926, 1933.88, 1
4046, 16271, 1, 0, 17940, 17940, 1669, 1668, 1669.00, 1
4047, 16278, 1, 0, 17941, 17941, 1663, 1662, 1663.00, 1
4048, 16292, 6, 0, 17942, 27265, 10973, 10967, 1828.83, 1
4049, 16330, 3, 0, 17947, 17949, 1619, 1616, 539.67, 1
4050, 16338, 1, 0, 17950, 17950, 1612, 1611, 1612.00, 1
4051, 16340, 12, 0, 17951, 42465, 26125, 26113, 2177.08, 1
4052, 16345, 9, 0, 17956, 27274, 10929, 10920, 1214.33, 1
4053, 16348, 2, 0, 17961, 17962, 1614, 1612, 807.00, 1
4054, 16366, 1, 0, 17963, 17963, 1597, 1596, 1597.00, 1
4055, 16370, 3, 0, 17964, 17966, 1596, 1593, 532.00, 1
4056, 16375, 2, 0, 17967, 17968, 1593, 1591, 796.50, 1
4057, 16377, 7, 0, 17969, 27276, 10899, 10892, 1557.00, 1
4058, 16384, 2, 0, 17974, 17975, 1591, 1589, 795.50, 1
4059, 16386, 1, 0, 17976, 17976, 1590, 1589, 1590.00, 1
4060, 16388, 4, 0, 17977, 17980, 1592, 1588, 398.00, 1
4061, 16391, 1, 0, 17981, 17981, 1590, 1589, 1590.00, 1
4062, 16405, 3, 0, 17982, 17984, 1579, 1576, 526.33, 1
4063, 16406, 1, 0, 17985, 17985, 1579, 1578, 1579.00, 1
4064, 16407, 7, 0, 17986, 27278, 10871, 10864, 1553.00, 1
4065, 16409, 9, 0, 17991, 27282, 10873, 10864, 1208.11, 1
4066, 16410, 6, 0, 17996, 27283, 10873, 10867, 1812.17, 1
4067, 16412, 1, 0, 18001, 18001, 1589, 1588, 1589.00, 1
4068, 16414, 2, 0, 18002, 18003, 1589, 1587, 794.50, 1
4069, 16415, 4, 0, 18004, 18007, 1592, 1588, 398.00, 1
4070, 16417, 5, 0, 18008, 18012, 1595, 1590, 319.00, 1
4071, 16421, 4, 0, 18013, 18016, 1595, 1591, 398.75, 1
4072, 16426, 2, 0, 18017, 18018, 1592, 1590, 796.00, 1
4073, 16427, 8, 0, 18019, 27286, 10859, 10851, 1357.38, 1
4074, 16429, 6, 0, 18024, 27287, 10858, 10852, 1809.67, 1
4075, 16432, 7, 0, 18029, 27289, 10857, 10850, 1551.00, 1
4076, 16437, 2, 0, 18034, 18035, 1598, 1596, 799.00, 1
4077, 16442, 8, 0, 18036, 27292, 10850, 10842, 1356.25, 1
4078, 16446, 5, 0, 18041, 18045, 1599, 1594, 319.80, 1
4079, 16448, 6, 0, 18046, 27293, 10845, 10839, 1807.50, 1
4080, 16449, 6, 0, 18051, 27294, 10845, 10839, 1807.50, 1
4081, 16451, 3, 0, 18056, 18058, 1607, 1604, 535.67, 1
4082, 16452, 5, 0, 18059, 18063, 1611, 1606, 322.20, 1
4083, 16456, 6, 0, 18064, 27295, 10839, 10833, 1806.50, 1
4084, 16461, 5, 0, 18069, 18073, 1612, 1607, 322.40, 1
4085, 16465, 3, 0, 18074, 18076, 1611, 1608, 537.00, 1
4086, 16468, 3, 0, 18077, 18079, 1611, 1608, 537.00, 1
4087, 16474, 6, 0, 18080, 27296, 10822, 10816, 1803.67, 1
4088, 16475, 2, 0, 18085, 18086, 1611, 1609, 805.50, 1
4089, 16480, 2, 0, 18087, 18088, 1608, 1606, 804.00, 1
4090, 16488, 2, 0, 18089, 18090, 1602, 1600, 801.00, 1
4091, 16496, 2, 0, 18091, 18092, 1596, 1594, 798.00, 1
4092, 16499, 11, 0, 18093, 42466, 25967, 25956, 2360.64, 1
4093, 16500, 9, 0, 18098, 27305, 10805, 10796, 1200.56, 1
4094, 16510, 7, 0, 18103, 27307, 10797, 10790, 1542.43, 1
4095, 16512, 14, 0, 18108, 42470, 25958, 25944, 1854.14, 1
4096, 16513, 4, 0, 18113, 18116, 1603, 1599, 400.75, 1
4097, 16516, 3, 0, 18117, 18119, 1603, 1600, 534.33, 1
4098, 16518, 15, 0, 18120, 42475, 25957, 25942, 1730.47, 1
4099, 16519, 10, 0, 18125, 27322, 10803, 10793, 1080.30, 1
4100, 16520, 1, 0, 18130, 18130, 1610, 1609, 1610.00, 1
4101, 16521, 12, 0, 18131, 42477, 25956, 25944, 2163.00, 1
4102, 16522, 3, 0, 18136, 18138, 1616, 1613, 538.67, 1
4103, 16538, 1, 0, 18139, 18139, 1601, 1600, 1601.00, 1
4104, 16541, 4, 0, 18140, 18143, 1602, 1598, 400.50, 1
4105, 16544, 4, 0, 18144, 18147, 1603, 1599, 400.75, 1
4106, 16549, 2, 0, 18148, 18149, 1600, 1598, 800.00, 1
4107, 16554, 8, 0, 18150, 27330, 10776, 10768, 1347.00, 1
4108, 16557, 13, 0, 18155, 42480, 25923, 25910, 1994.08, 1
4109, 16567, 2, 0, 18160, 18161, 1594, 1592, 797.00, 1
4110, 16570, 14, 0, 18162, 42484, 25914, 25900, 1851.00, 1
4111, 16571, 1, 0, 18167, 18167, 1596, 1595, 1596.00, 1
4112, 16573, 2, 0, 18168, 18169, 1596, 1594, 798.00, 1
4113, 16577, 3, 0, 18170, 18172, 1595, 1592, 531.67, 1
4114, 16580, 17, 0, 18173, 47212, 30632, 30615, 1801.88, 1
4115, 16581, 4, 0, 18178, 18181, 1600, 1596, 400.00, 1
4116, 16585, 11, 0, 18182, 42490, 25905, 25894, 2355.00, 1
4117, 16587, 13, 0, 18187, 42493, 25906, 25893, 1992.77, 1
4118, 16589, 8, 0, 18192, 27358, 10769, 10761, 1346.12, 1
4119, 16590, 1, 0, 18197, 18197, 1607, 1606, 1607.00, 1
4120, 16592, 1, 0, 18198, 18198, 1606, 1605, 1606.00, 1
4121, 16594, 5, 0, 18199, 18203, 1609, 1604, 321.80, 1
4122, 16595, 7, 0, 18204, 27360, 10765, 10758, 1537.86, 1
4123, 16597, 6, 0, 18209, 27361, 10764, 10758, 1794.00, 1
4124, 16598, 6, 0, 18214, 27362, 10764, 10758, 1794.00, 1
4125, 16600, 7, 0, 18219, 27364, 10764, 10757, 1537.71, 1
4126, 16604, 1, 0, 18224, 18224, 1620, 1619, 1620.00, 1
4127, 16606, 6, 0, 18225, 27365, 10759, 10753, 1793.17, 1
4128, 16614, 10, 0, 18230, 27370, 10756, 10746, 1075.60, 1
4129, 16621, 12, 0, 18235, 42495, 25874, 25862, 2156.17, 1
4130, 16622, 3, 0, 18240, 18242, 1620, 1617, 540.00, 1
4131, 16626, 24, 0, 18243, 48802, 32176, 32152, 1340.67, 1
4132, 16627, 1, 0, 18248, 18248, 1621, 1620, 1621.00, 1
4133, 16629, 1, 0, 18249, 18249, 1620, 1619, 1620.00, 1
4134, 16635, 4, 0, 18250, 18253, 1618, 1614, 404.50, 1
4135, 16639, 7, 0, 18254, 27382, 10743, 10736, 1534.71, 1
4136, 16644, 1, 0, 18259, 18259, 1615, 1614, 1615.00, 1
4137, 16649, 1, 0, 18260, 18260, 1611, 1610, 1611.00, 1
4138, 16650, 9, 0, 18261, 27386, 10736, 10727, 1192.89, 1
4139, 16652, 4, 0, 18266, 18269, 1617, 1613, 404.25, 1
4140, 16654, 3, 0, 18270, 18272, 1618, 1615, 539.33, 1
4141, 16657, 2, 0, 18273, 18274, 1617, 1615, 808.50, 1
4142, 16658, 8, 0, 18275, 27389, 10731, 10723, 1341.38, 1
4143, 16659, 3, 0, 18280, 18282, 1623, 1620, 541.00, 1
4144, 16661, 17, 0, 18283, 47219, 30558, 30541, 1797.53, 1
4145, 16662, 1, 0, 18288, 18288, 1626, 1625, 1626.00, 1
4146, 16668, 3, 0, 18289, 18291, 1623, 1620, 541.00, 1
4147, 16669, 11, 0, 18292, 42506, 25837, 25826, 2348.82, 1
4148, 16673, 2, 0, 18297, 18298, 1625, 1623, 812.50, 1
4149, 16676, 3, 0, 18299, 18301, 1625, 1622, 541.67, 1
4150, 16683, 2, 0, 18302, 18303, 1620, 1618, 810.00, 1
4151, 16695, 3, 0, 18304, 18306, 1611, 1608, 537.00, 1
4152, 16698, 3, 0, 18307, 18309, 1611, 1608, 537.00, 1
4153, 16699, 3, 0, 18310, 18312, 1613, 1610, 537.67, 1
4154, 16700, 5, 0, 18313, 18317, 1617, 1612, 323.40, 1
4155, 16702, 1, 0, 18318, 18318, 1616, 1615, 1616.00, 1
4156, 16706, 4, 0, 18319, 18322, 1616, 1612, 404.00, 1
4157, 16709, 9, 0, 18323, 27403, 10694, 10685, 1188.22, 1
4158, 16710, 3, 0, 18328, 18330, 1620, 1617, 540.00, 1
4159, 16717, 15, 0, 18331, 42511, 25794, 25779, 1719.60, 1
4160, 16718, 18, 0, 18336, 47222, 30504, 30486, 1694.67, 1
4161, 16720, 4, 0, 18341, 18344, 1624, 1620, 406.00, 1
4162, 16723, 5, 0, 18345, 18349, 1626, 1621, 325.20, 1
4163, 16725, 1, 0, 18350, 18350, 1625, 1624, 1625.00, 1
4164, 16727, 1, 0, 18351, 18351, 1624, 1623, 1624.00, 1
4165, 16731, 4, 0, 18352, 18355, 1624, 1620, 406.00, 1
4166, 16740, 5, 0, 18356, 18360, 1620, 1615, 324.00, 1
4167, 16752, 2, 0, 18361, 18362, 1610, 1608, 805.00, 1
4168, 16755, 9, 0, 18363, 27417, 10662, 10653, 1184.67, 1
4169, 16762, 5, 0, 18368, 18372, 1610, 1605, 322.00, 1
4170, 16771, 5, 0, 18373, 18377, 1606, 1601, 321.20, 1
4171, 16773, 1, 0, 18378, 18378, 1605, 1604, 1605.00, 1
4172, 16776, 4, 0, 18379, 18382, 1606, 1602, 401.50, 1
4173, 16778, 4, 0, 18383, 18386, 1608, 1604, 402.00, 1
4174, 16780, 12, 0, 18387, 42518, 25738, 25726, 2144.83, 1
4175, 16786, 1, 0, 18392, 18392, 1606, 1605, 1606.00, 1
4176, 16789, 1, 0, 18393, 18393, 1604, 1603, 1604.00, 1
4177, 16790, 1, 0, 18394, 18394, 1604, 1603, 1604.00, 1
4178, 16794, 7, 0, 18395, 27424, 10630, 10623, 1518.57, 1
4179, 16806, 3, 0, 18400, 18402, 1596, 1593, 532.00, 1
4180, 16807, 1, 0, 18403, 18403, 1596, 1595, 1596.00, 1
4181, 16808, 3, 0, 18404, 18406, 1598, 1595, 532.67, 1
4182, 16817, 1, 0, 18407, 18407, 1590, 1589, 1590.00, 1
4183, 16819, 6, 0, 18408, 27425, 10606, 10600, 1767.67, 1
4184, 16821, 13, 0, 18413, 42521, 25700, 25687, 1976.92, 1
4185, 16825, 7, 0, 18418, 27432, 10607, 10600, 1515.29, 1
4186, 16830, 3, 0, 18423, 18425, 1595, 1592, 531.67, 1
4187, 16833, 2, 0, 18426, 18427, 1594, 1592, 797.00, 1
4188, 16835, 5, 0, 18428, 18432, 1597, 1592, 319.40, 1
4189, 16839, 14, 0, 18433, 42525, 25686, 25672, 1834.71, 1
4190, 16842, 2, 0, 18438, 18439, 1597, 1595, 798.50, 1
4191, 16848, 3, 0, 18440, 18442, 1594, 1591, 531.33, 1
4192, 16849, 4, 0, 18443, 18446, 1597, 1593, 399.25, 1
4193, 16850, 1, 0, 18447, 18447, 1597, 1596, 1597.00, 1
4194, 16854, 2, 0, 18448, 18449, 1595, 1593, 797.50, 1
4195, 16864, 1, 0, 18450, 18450, 1586, 1585, 1586.00, 1
4196, 16870, 4, 0, 18451, 18454, 1584, 1580, 396.00, 1
4197, 16876, 1, 0, 18455, 18455, 1579, 1578, 1579.00, 1
4198, 16879, 1, 0, 18456, 18456, 1577, 1576, 1577.00, 1
4199, 16883, 5, 0, 18457, 18461, 1578, 1573, 315.60, 1
4200, 16888, 1, 0, 18462, 18462, 1574, 1573, 1574.00, 1
4201, 16889, 6, 0, 18463, 27438, 10549, 10543, 1758.17, 1
4202, 16893, 1, 0, 18468, 18468, 1575, 1574, 1575.00, 1
4203, 16895, 8, 0, 18469, 27441, 10546, 10538, 1318.25, 1
4204, 16905, 1, 0, 18474, 18474, 1569, 1568, 1569.00, 1
4205, 16907, 11, 0, 18475, 42526, 25619, 25608, 2329.00, 1
4206, 16908, 1, 0, 18480, 18480, 1572, 1571, 1572.00, 1
4207, 16909, 3, 0, 18481, 18483, 1574, 1571, 524.67, 1
4208, 16910, 2, 0, 18484, 18485, 1575, 1573, 787.50, 1
4209, 16917, 8, 0, 18486, 27449, 10532, 10524, 1316.50, 1
4210, 16918, 1, 0, 18491, 18491, 1573, 1572, 1573.00, 1
4211, 16924, 10, 0, 18492, 27454, 10530, 10520, 1053.00, 1
4212, 16932, 3, 0, 18497, 18499, 1567, 1564, 522.33, 1
4213, 16935, 4, 0, 18500, 18503, 1568, 1564, 392.00, 1
4214, 16944, 4, 0, 18504, 18507, 1563, 1559, 390.75, 1
4215, 16947, 4, 0, 18508, 18511, 1564, 1560, 391.00, 1
4216, 16949, 9, 0, 18512, 27458, 10509, 10500, 1167.67, 1
4217, 16950, 15, 0, 18517, 42531, 25581, 25566, 1705.40, 1
4218, 16963, 4, 0, 18522, 18525, 1562, 1558, 390.50, 1
4219, 16964, 1, 0, 18526, 18526, 1562, 1561, 1562.00, 1
4220, 16972, 5, 0, 18527, 18531, 1559, 1554, 311.80, 1
4221, 16978, 2, 0, 18532, 18533, 1555, 1553, 777.50, 1
4222, 16985, 2, 0, 18534, 18535, 1550, 1548, 775.00, 1
4223, 16988, 6, 0, 18536, 27464, 10476, 10470, 1746.00, 1
4224, 16993, 4, 0, 18541, 18544, 1551, 1547, 387.75, 1
4225, 16995, 7, 0, 18545, 27466, 10471, 10464, 1495.86, 1
4226, 17001, 2, 0, 18550, 18551, 1550, 1548, 775.00, 1
4227, 17003, 4, 0, 18552, 18555, 1552, 1548, 388.00, 1
4228, 17007, 2, 0, 18556, 18557, 1550, 1548, 775.00, 1
4229, 17011, 9, 0, 18558, 27470, 10459, 10450, 1162.11, 1
4230, 17013, 4, 0, 18563, 18566, 1553, 1549, 388.25, 1
4231, 17014, 2, 0, 18567, 18568, 1554, 1552, 777.00, 1
4232, 17015, 2, 0, 18569, 18570, 1555, 1553, 777.50, 1
4233, 17016, 1, 0, 18571, 18571, 1555, 1554, 1555.00, 1
4234, 17017, 12, 0, 18572, 42533, 25516, 25504, 2126.33, 1
4235, 17019, 4, 0, 18577, 18580, 1561, 1557, 390.25, 1
4236, 17022, 4, 0, 18581, 18584, 1562, 1558, 390.50, 1
4237, 17024, 11, 0, 18585, 42534, 25510, 25499, 2319.09, 1
4238, 17031, 1, 0, 18590, 18590, 1559, 1558, 1559.00, 1
4239, 17032, 1, 0, 18591, 18591, 1559, 1558, 1559.00, 1
4240, 17033, 8, 0, 18592, 27483, 10450, 10442, 1306.25, 1
4241, 17034, 10, 0, 18597, 27488, 10454, 10444, 1045.40, 1
4242, 17048, 1, 0, 18602, 18602, 1554, 1553, 1554.00, 1
4243, 17049, 2, 0, 18603, 18604, 1555, 1553, 777.50, 1
4244, 17056, 9, 0, 18605, 27492, 10436, 10427, 1159.56, 1
4245, 17060, 6, 0, 18610, 27493, 10433, 10427, 1738.83, 1
4246, 17063, 2, 0, 18615, 18616, 1553, 1551, 776.50, 1
4247, 17064, 1, 0, 18617, 18617, 1553, 1552, 1553.00, 1
4248, 17067, 4, 0, 18618, 18621, 1554, 1550, 388.50, 1
4249, 17068, 4, 0, 18622, 18625, 1557, 1553, 389.25, 1
4250, 17073, 5, 0, 18626, 18630, 1557, 1552, 311.40, 1
4251, 17074, 2, 0, 18631, 18632, 1558, 1556, 779.00, 1
4252, 17076, 2, 0, 18633, 18634, 1558, 1556, 779.00, 1
4253, 17082, 6, 0, 18635, 27494, 10412, 10406, 1735.33, 1
4254, 17086, 3, 0, 18640, 18642, 1556, 1553, 518.67, 1
4255, 17091, 4, 0, 18643, 18646, 1555, 1551, 388.75, 1
4256, 17093, 13, 0, 18647, 42537, 25444, 25431, 1957.23, 1
4257, 17095, 1, 0, 18652, 18652, 1557, 1556, 1557.00, 1
4258, 17098, 6, 0, 18653, 27500, 10402, 10396, 1733.67, 1
4259, 17104, 9, 0, 18658, 27504, 10400, 10391, 1155.56, 1
4260, 17111, 4, 0, 18663, 18666, 1555, 1551, 388.75, 1
4261, 17113, 7, 0, 18667, 27506, 10393, 10386, 1484.71, 1
4262, 17122, 22, 0, 18672, 48804, 31682, 31660, 1440.09, 1
4263, 17124, 5, 0, 18677, 18681, 1557, 1552, 311.40, 1
4264, 17125, 2, 0, 18682, 18683, 1558, 1556, 779.00, 1
4265, 17126, 6, 0, 18684, 27512, 10386, 10380, 1731.00, 1
4266, 17127, 7, 0, 18689, 27514, 10387, 10380, 1483.86, 1
4267, 17132, 7, 0, 18694, 27516, 10384, 10377, 1483.43, 1
4268, 17135, 2, 0, 18699, 18700, 1565, 1563, 782.50, 1
4269, 17138, 3, 0, 18701, 18703, 1565, 1562, 521.67, 1
4270, 17140, 1, 0, 18704, 18704, 1564, 1563, 1564.00, 1
4271, 17141, 3, 0, 18705, 18707, 1566, 1563, 522.00, 1
4272, 17143, 1, 0, 18708, 18708, 1565, 1564, 1565.00, 1
4273, 17144, 8, 0, 18709, 27519, 10375, 10367, 1296.88, 1
4274, 17149, 19, 0, 18714, 47231, 30082, 30063, 1583.26, 1
4275, 17162, 21, 0, 18719, 48805, 31643, 31622, 1506.81, 1
4276, 17163, 10, 0, 18724, 27534, 10371, 10361, 1037.10, 1
4277, 17164, 9, 0, 18729, 27538, 10374, 10365, 1152.67, 1
4278, 17173, 7, 0, 18734, 27540, 10367, 10360, 1481.00, 1
4279, 17175, 1, 0, 18739, 18739, 1564, 1563, 1564.00, 1
4280, 17178, 5, 0, 18740, 18744, 1566, 1561, 313.20, 1
4281, 17182, 10, 0, 18745, 27545, 10363, 10353, 1036.30, 1
4282, 17183, 5, 0, 18750, 18754, 1571, 1566, 314.20, 1
4283, 17186, 5, 0, 18755, 18759, 1573, 1568, 314.60, 1
4284, 17200, 6, 0, 18760, 27546, 10346, 10340, 1724.33, 1
4285, 17203, 12, 0, 18765, 42554, 25351, 25339, 2112.58, 1
4286, 17205, 2, 0, 18770, 18771, 1566, 1564, 783.00, 1
4287, 17206, 4, 0, 18772, 18775, 1569, 1565, 392.25, 1
4288, 17207, 2, 0, 18776, 18777, 1570, 1568, 785.00, 1
4289, 17211, 5, 0, 18778, 18782, 1571, 1566, 314.20, 1
4290, 17213, 4, 0, 18783, 18786, 1573, 1569, 393.25, 1
4291, 17221, 1, 0, 18787, 18787, 1566, 1565, 1566.00, 1
4292, 17222, 10, 0, 18788, 27556, 10334, 10324, 1033.40, 1
4293, 17224, 7, 0, 18793, 27558, 10334, 10327, 1476.29, 1
4294, 17233, 1, 0, 18798, 18798, 1565, 1564, 1565.00, 1
4295, 17239, 3, 0, 18799, 18801, 1562, 1559, 520.67, 1
4296, 17242, 3, 0, 18802, 18804, 1562, 1559, 520.67, 1
4297, 17244, 10, 0, 18805, 27563, 10319, 10309, 1031.90, 1
4298, 17248, 2, 0, 18810, 18811, 1563, 1561, 781.50, 1
4299, 17256, 5, 0, 18812, 18816, 1560, 1555, 312.00, 1
4300, 17260, 3, 0, 18817, 18819, 1559, 1556, 519.67, 1
4301, 17262, 9, 0, 18820, 27567, 10305, 10296, 1145.00, 1
4302, 17270, 8, 0, 18825, 27570, 10300, 10292, 1287.50, 1
4303, 17271, 6, 0, 18830, 27571, 10300, 10294, 1716.67, 1
4304, 17275, 3, 0, 18835, 18837, 1562, 1559, 520.67, 1
4305, 17278, 2, 0, 18838, 18839, 1561, 1559, 780.50, 1
4306, 17279, 5, 0, 18840, 18844, 1565, 1560, 313.00, 1
4307, 17285, 14, 0, 18845, 42558, 25273, 25259, 1805.21, 1
4308, 17286, 7, 0, 18850, 27578, 10292, 10285, 1470.29, 1
4309, 17288, 4, 0, 18855, 18858, 1570, 1566, 392.50, 1
4310, 17289, 1, 0, 18859, 18859, 1570, 1569, 1570.00, 1
4311, 17296, 2, 0, 18860, 18861, 1565, 1563, 782.50, 1
4312, 17299, 5, 0, 18862, 18866, 1567, 1562, 313.40, 1
4313, 17301, 14, 0, 18867, 42562, 25261, 25247, 1804.36, 1
4314, 17303, 3, 0, 18872, 18874, 1571, 1568, 523.67, 1
4315, 17312, 1, 0, 18875, 18875, 1563, 1562, 1563.00, 1
4316, 17316, 1, 0, 18876, 18876, 1560, 1559, 1560.00, 1
4317, 17318, 13, 0, 18877, 42565, 25247, 25234, 1942.08, 1
4318, 17319, 5, 0, 18882, 18886, 1567, 1562, 313.40, 1
4319, 17323, 5, 0, 18887, 18891, 1568, 1563, 313.60, 1
4320, 17325, 8, 0, 18892, 27591, 10266, 10258, 1283.25, 1
4321, 17329, 3, 0, 18897, 18899, 1570, 1567, 523.33, 1
4322, 17332, 2, 0, 18900, 18901, 1569, 1567, 784.50, 1
4323, 17333, 1, 0, 18902, 18902, 1569, 1568, 1569.00, 1
4324, 17337, 2, 0, 18903, 18904, 1567, 1565, 783.50, 1
4325, 17344, 1, 0, 18905, 18905, 1561, 1560, 1561.00, 1
4326, 17355, 2, 0, 18906, 18907, 1552, 1550, 776.00, 1
4327, 17361, 13, 0, 18908, 42568, 25207, 25194, 1939.00, 1
4328, 17363, 32, 0, 18913, 49528, 32165, 32133, 1005.16, 1
4329, 17365, 2, 0, 18918, 18919, 1554, 1552, 777.00, 1
4330, 17367, 1, 0, 18920, 18920, 1553, 1552, 1553.00, 1
4331, 17372, 8, 0, 18921, 27604, 10232, 10224, 1279.00, 1
4332, 17374, 5, 0, 18926, 18930, 1556, 1551, 311.20, 1
4333, 17376, 5, 0, 18931, 18935, 1559, 1554, 311.80, 1
4334, 17377, 5, 0, 18936, 18940, 1563, 1558, 312.60, 1
4335, 17380, 10, 0, 18941, 27609, 10229, 10219, 1022.90, 1
4336, 17388, 3, 0, 18946, 18948, 1560, 1557, 520.00, 1
4337, 17393, 2, 0, 18949, 18950, 1557, 1555, 778.50, 1
4338, 17396, 9, 0, 18951, 27613, 10217, 10208, 1135.22, 1
4339, 17398, 4, 0, 18956, 18959, 1561, 1557, 390.25, 1
4340, 17401, 1, 0, 18960, 18960, 1559, 1558, 1559.00, 1
4341, 17404, 16, 0, 18961, 47242, 29838, 29822, 1864.88, 1
4342, 17408, 9, 0, 18966, 27622, 10214, 10205, 1134.89, 1
4343, 17421, 7, 0, 18971, 27624, 10203, 10196, 1457.57, 1
4344, 17423, 3, 0, 18976, 18978, 1555, 1552, 518.33, 1
4345, 17425, 2, 0, 18979, 18980, 1555, 1553, 777.50, 1
4346, 17430, 5, 0, 18981, 18985, 1555, 1550, 311.00, 1
4347, 17437, 7, 0, 18986, 27626, 10189, 10182, 1455.57, 1
4348, 17438, 10, 0, 18991, 27631, 10193, 10183, 1019.30, 1
4349, 17440, 7, 0, 18996, 27633, 10193, 10186, 1456.14, 1
4350, 17445, 3, 0, 19001, 19003, 1558, 1555, 519.33, 1
4351, 17447, 4, 0, 19004, 19007, 1560, 1556, 390.00, 1
4352, 17448, 5, 0, 19008, 19012, 1564, 1559, 312.80, 1
4353, 17455, 6, 0, 19013, 27634, 10179, 10173, 1696.50, 1
4354, 17462, 4, 0, 19018, 19021, 1559, 1555, 389.75, 1
4355, 17463, 2, 0, 19022, 19023, 1560, 1558, 780.00, 1
4356, 17469, 2, 0, 19024, 19025, 1556, 1554, 778.00, 1
4357, 17470, 17, 0, 19026, 47244, 29774, 29757, 1751.41, 1
4358, 17477, 3, 0, 19031, 19033, 1556, 1553, 518.67, 1
4359, 17478, 5, 0, 19034, 19038, 1560, 1555, 312.00, 1
4360, 17484, 2, 0, 19039, 19040, 1556, 1554, 778.00, 1
4361, 17486, 2, 0, 19041, 19042, 1556, 1554, 778.00, 1
4362, 17491, 17, 0, 19043, 47246, 29755, 29738, 1750.29, 1
4363, 17497, 6, 0, 19048, 27645, 10148, 10142, 1691.33, 1
4364, 17505, 7, 0, 19053, 27647, 10142, 10135, 1448.86, 1
4365, 17506, 1, 0, 19058, 19058, 1552, 1551, 1552.00, 1
4366, 17510, 1, 0, 19059, 19059, 1549, 1548, 1549.00, 1
4367, 17515, 10, 0, 19060, 27652, 10137, 10127, 1013.70, 1
4368, 17519, 4, 0, 19065, 19068, 1549, 1545, 387.25, 1
4369, 17524, 4, 0, 19069, 19072, 1548, 1544, 387.00, 1
4370, 17525, 9, 0, 19073, 27656, 10131, 10122, 1125.67, 1
4371, 17527, 13, 0, 19078, 42591, 25064, 25051, 1928.00, 1
4372, 17531, 13, 0, 19083, 42594, 25063, 25050, 1927.92, 1
4373, 17534, 1, 0, 19088, 19088, 1554, 1553, 1554.00, 1
4374, 17536, 5, 0, 19089, 19093, 1557, 1552, 311.40, 1
4375, 17537, 5, 0, 19094, 19098, 1561, 1556, 312.20, 1
4376, 17538, 2, 0, 19099, 19100, 1562, 1560, 781.00, 1
4377, 17543, 10, 0, 19101, 27671, 10128, 10118, 1012.80, 1
4378, 17558, 2, 0, 19106, 19107, 1549, 1547, 774.50, 1
4379, 17564, 1, 0, 19108, 19108, 1544, 1543, 1544.00, 1
4380, 17570, 4, 0, 19109, 19112, 1542, 1538, 385.50, 1
4381, 17571, 1, 0, 19113, 19113, 1542, 1541, 1542.00, 1
4382, 17583, 1, 0, 19114, 19114, 1531, 1530, 1531.00, 1
4383, 17587, 1, 0, 19115, 19115, 1528, 1527, 1528.00, 1
4384, 17594, 1, 0, 19116, 19116, 1522, 1521, 1522.00, 1
4385, 17603, 1, 0, 19117, 19117, 1514, 1513, 1514.00, 1
4386, 17620, 2, 0, 19118, 19119, 1499, 1497, 749.50, 1
4387, 17626, 4, 0, 19120, 19123, 1497, 1493, 374.25, 1
4388, 17634, 1, 0, 19124, 19124, 1490, 1489, 1490.00, 1
4389, 17649, 2, 0, 19125, 19126, 1477, 1475, 738.50, 1
4390, 17650, 10, 0, 19127, 27676, 10026, 10016, 1002.60, 1
4391, 17654, 7, 0, 19132, 27678, 10024, 10017, 1432.00, 1
4392, 17655, 6, 0, 19137, 27679, 10024, 10018, 1670.67, 1
4393, 17656, 3, 0, 19142, 19144, 1488, 1485, 496.00, 1
4394, 17658, 4, 0, 19145, 19148, 1490, 1486, 372.50, 1
4395, 17659, 10, 0, 19149, 27684, 10025, 10015, 1002.50, 1
4396, 17661, 1, 0, 19154, 19154, 1493, 1492, 1493.00, 1
4397, 17666, 5, 0, 19155, 19159, 1493, 1488, 298.60, 1
4398, 17672, 4, 0, 19160, 19163, 1491, 1487, 372.75, 1
4399, 17673, 2, 0, 19164, 19165, 1492, 1490, 746.00, 1
4400, 17676, 22, 0, 19166, 48812, 31136, 31114, 1415.27, 1
4401, 17678, 2, 0, 19171, 19172, 1494, 1492, 747.00, 1
4402, 17684, 1, 0, 19173, 19173, 1489, 1488, 1489.00, 1
4403, 17691, 5, 0, 19174, 19178, 1487, 1482, 297.40, 1
4404, 17692, 1, 0, 19179, 19179, 1487, 1486, 1487.00, 1
4405, 17703, 1, 0, 19180, 19180, 1477, 1476, 1477.00, 1
4406, 17706, 4, 0, 19181, 19184, 1478, 1474, 369.50, 1
4407, 17711, 1, 0, 19185, 19185, 1474, 1473, 1474.00, 1
4408, 17713, 1, 0, 19186, 19186, 1473, 1472, 1473.00, 1
4409, 17716, 5, 0, 19187, 19191, 1475, 1470, 295.00, 1
4410, 17719, 9, 0, 19192, 27693, 9974, 9965, 1108.22, 1
4411, 17720, 3, 0, 19197, 19199, 1479, 1476, 493.00, 1
4412, 17721, 4, 0, 19200, 19203, 1482, 1478, 370.50, 1
4413, 17724, 3, 0, 19204, 19206, 1482, 1479, 494.00, 1
4414, 17725, 8, 0, 19207, 27696, 9971, 9963, 1246.38, 1
4415, 17731, 2, 0, 19212, 19213, 1482, 1480, 741.00, 1
4416, 17737, 1, 0, 19214, 19214, 1477, 1476, 1477.00, 1
4417, 17739, 9, 0, 19215, 27700, 9961, 9952, 1106.78, 1
4418, 17741, 9, 0, 19220, 27704, 9963, 9954, 1107.00, 1
4419, 17742, 3, 0, 19225, 19227, 1485, 1482, 495.00, 1
4420, 17746, 4, 0, 19228, 19231, 1485, 1481, 371.25, 1
4421, 17750, 1, 0, 19232, 19232, 1482, 1481, 1482.00, 1
4422, 17760, 4, 0, 19233, 19236, 1476, 1472, 369.00, 1
4423, 17762, 1, 0, 19237, 19237, 1475, 1474, 1475.00, 1
4424, 17772, 1, 0, 19238, 19238, 1466, 1465, 1466.00, 1
4425, 17774, 11, 0, 19239, 42600, 24826, 24815, 2256.91, 1
4426, 17775, 9, 0, 19244, 27713, 9938, 9929, 1104.22, 1
4427, 17776, 12, 0, 19249, 42602, 24826, 24814, 2068.83, 1
4428, 17779, 2, 0, 19254, 19255, 1476, 1474, 738.00, 1
4429, 17781, 1, 0, 19256, 19256, 1475, 1474, 1475.00, 1
4430, 17795, 4, 0, 19257, 19260, 1465, 1461, 366.25, 1
4431, 17797, 3, 0, 19261, 19263, 1466, 1463, 488.67, 1
4432, 17799, 4, 0, 19264, 19267, 1468, 1464, 367.00, 1
4433, 17801, 4, 0, 19268, 19271, 1470, 1466, 367.50, 1
4434, 17808, 4, 0, 19272, 19275, 1467, 1463, 366.75, 1
4435, 17811, 4, 0, 19276, 19279, 1468, 1464, 367.00, 1
4436, 17821, 12, 0, 19280, 42604, 24783, 24771, 2065.25, 1
4437, 17822, 1, 0, 19285, 19285, 1463, 1462, 1463.00, 1
4438, 17825, 9, 0, 19286, 27727, 9902, 9893, 1100.22, 1
4439, 17826, 9, 0, 19291, 27731, 9905, 9896, 1100.56, 1
4440, 17828, 5, 0, 19296, 19300, 1472, 1467, 294.40, 1
4441, 17834, 10, 0, 19301, 27736, 9902, 9892, 990.20, 1
4442, 17837, 1, 0, 19306, 19306, 1469, 1468, 1469.00, 1
4443, 17844, 6, 0, 19307, 27737, 9893, 9887, 1648.83, 1
4444, 17845, 4, 0, 19312, 19315, 1470, 1466, 367.50, 1
4445, 17848, 3, 0, 19316, 19318, 1470, 1467, 490.00, 1
4446, 17851, 10, 0, 19319, 27742, 9891, 9881, 989.10, 1
4447, 17857, 2, 0, 19324, 19325, 1468, 1466, 734.00, 1
4448, 17859, 5, 0, 19326, 19330, 1471, 1466, 294.20, 1
4449, 17873, 2, 0, 19331, 19332, 1459, 1457, 729.50, 1
4450, 17877, 34, 0, 19333, 49532, 31655, 31621, 931.03, 1
4451, 17889, 3, 0, 19338, 19340, 1451, 1448, 483.67, 1
4452, 17898, 3, 0, 19341, 19343, 1445, 1442, 481.67, 1
4453, 17904, 1, 0, 19344, 19344, 1440, 1439, 1440.00, 1
4454, 17907, 4, 0, 19345, 19348, 1441, 1437, 360.25, 1
4455, 17908, 1, 0, 19349, 19349, 1441, 1440, 1441.00, 1
4456, 17909, 2, 0, 19350, 19351, 1442, 1440, 721.00, 1
4457, 17910, 10, 0, 19352, 27752, 9842, 9832, 984.20, 1
4458, 17918, 2, 0, 19357, 19358, 1440, 1438, 720.00, 1
4459, 17919, 3, 0, 19359, 19361, 1442, 1439, 480.67, 1
4460, 17924, 5, 0, 19362, 19366, 1442, 1437, 288.40, 1
4461, 17925, 17, 0, 19367, 47258, 29333, 29316, 1725.47, 1
4462, 17930, 6, 0, 19372, 27758, 9828, 9822, 1638.00, 1
4463, 17933, 4, 0, 19377, 19380, 1447, 1443, 361.75, 1
4464, 17934, 3, 0, 19381, 19383, 1449, 1446, 483.00, 1
4465, 17936, 11, 0, 19384, 42615, 24679, 24668, 2243.55, 1
4466, 17942, 11, 0, 19389, 42616, 24674, 24663, 2243.09, 1
4467, 17953, 1, 0, 19394, 19394, 1441, 1440, 1441.00, 1
4468, 17954, 6, 0, 19395, 27769, 9815, 9809, 1635.83, 1
4469, 17964, 1, 0, 19400, 19400, 1436, 1435, 1436.00, 1
4470, 17966, 14, 0, 19401, 42620, 24654, 24640, 1761.00, 1
4471, 17968, 1, 0, 19406, 19406, 1438, 1437, 1438.00, 1
4472, 17971, 1, 0, 19407, 19407, 1436, 1435, 1436.00, 1
4473, 17977, 1, 0, 19408, 19408, 1431, 1430, 1431.00, 1
4474, 17983, 7, 0, 19409, 27776, 9793, 9786, 1399.00, 1
4475, 17985, 7, 0, 19414, 27778, 9793, 9786, 1399.00, 1
4476, 17991, 1, 0, 19419, 19419, 1428, 1427, 1428.00, 1
4477, 17999, 3, 0, 19420, 19422, 1423, 1420, 474.33, 1
4478, 18005, 2, 0, 19423, 19424, 1419, 1417, 709.50, 1
4479, 18011, 4, 0, 19425, 19428, 1417, 1413, 354.25, 1
4480, 18017, 6, 0, 19429, 27779, 9762, 9756, 1627.00, 1
4481, 18023, 1, 0, 19434, 19434, 1411, 1410, 1411.00, 1
4482, 18029, 1, 0, 19435, 19435, 1406, 1405, 1406.00, 1
4483, 18034, 8, 0, 19436, 27782, 9748, 9740, 1218.50, 1
4484, 18039, 2, 0, 19441, 19442, 1403, 1401, 701.50, 1
4485, 18041, 4, 0, 19443, 19446, 1405, 1401, 351.25, 1
4486, 18045, 3, 0, 19447, 19449, 1404, 1401, 468.00, 1
4487, 18051, 2, 0, 19450, 19451, 1400, 1398, 700.00, 1
4488, 18054, 1, 0, 19452, 19452, 1398, 1397, 1398.00, 1
4489, 18055, 3, 0, 19453, 19455, 1400, 1397, 466.67, 1
4490, 18058, 1, 0, 19456, 19456, 1398, 1397, 1398.00, 1
4491, 18059, 2, 0, 19457, 19458, 1399, 1397, 699.50, 1
4492, 18060, 2, 0, 19459, 19460, 1400, 1398, 700.00, 1
4493, 18066, 4, 0, 19461, 19464, 1398, 1394, 349.50, 1
4494, 18072, 1, 0, 19465, 19465, 1393, 1392, 1393.00, 1
4495, 18083, 1, 0, 19466, 19466, 1383, 1382, 1383.00, 1
4496, 18088, 1, 0, 19467, 19467, 1379, 1378, 1379.00, 1
4497, 18093, 6, 0, 19468, 27783, 9690, 9684, 1615.00, 1
4498, 18099, 1, 0, 19473, 19473, 1374, 1373, 1374.00, 1
4499, 18102, 8, 0, 19474, 27786, 9684, 9676, 1210.50, 1
4500, 18112, 1, 0, 19479, 19479, 1367, 1366, 1367.00, 1
4501, 18115, 1, 0, 19480, 19480, 1365, 1364, 1365.00, 1
4502, 18118, 6, 0, 19481, 27787, 9669, 9663, 1611.50, 1
4503, 18124, 3, 0, 19486, 19488, 1364, 1361, 454.67, 1
4504, 18126, 7, 0, 19489, 27789, 9663, 9656, 1380.43, 1
4505, 18127, 3, 0, 19494, 19496, 1369, 1366, 456.33, 1
4506, 18129, 14, 0, 19497, 42624, 24495, 24481, 1749.64, 1
4507, 18130, 2, 0, 19502, 19503, 1373, 1371, 686.50, 1
4508, 18131, 6, 0, 19504, 27795, 9664, 9658, 1610.67, 1
4509, 18137, 1, 0, 19509, 19509, 1372, 1371, 1372.00, 1
4510, 18144, 4, 0, 19510, 19513, 1369, 1365, 342.25, 1
4511, 18146, 10, 0, 19514, 27800, 9654, 9644, 965.40, 1
4512, 18149, 2, 0, 19519, 19520, 1371, 1369, 685.50, 1
4513, 18151, 3, 0, 19521, 19523, 1372, 1369, 457.33, 1
4514, 18160, 4, 0, 19524, 19527, 1367, 1363, 341.75, 1
4515, 18164, 1, 0, 19528, 19528, 1364, 1363, 1364.00, 1
4516, 18167, 9, 0, 19529, 27804, 9637, 9628, 1070.78, 1
4517, 18176, 4, 0, 19534, 19537, 1361, 1357, 340.25, 1
4518, 18180, 1, 0, 19538, 19538, 1358, 1357, 1358.00, 1
4519, 18190, 2, 0, 19539, 19540, 1350, 1348, 675.00, 1
4520, 18193, 8, 0, 19541, 27807, 9614, 9606, 1201.75, 1
4521, 18196, 2, 0, 19546, 19547, 1351, 1349, 675.50, 1
4522, 18205, 13, 0, 19548, 42627, 24422, 24409, 1878.62, 1
4523, 18212, 1, 0, 19553, 19553, 1341, 1340, 1341.00, 1
4524, 18216, 1, 0, 19554, 19554, 1338, 1337, 1338.00, 1
4525, 18219, 2, 0, 19555, 19556, 1337, 1335, 668.50, 1
4526, 18220, 10, 0, 19557, 27817, 9597, 9587, 959.70, 1
4527, 18224, 4, 0, 19562, 19565, 1341, 1337, 335.25, 1
4528, 18228, 7, 0, 19566, 27819, 9591, 9584, 1370.14, 1
4529, 18238, 7, 0, 19571, 27821, 9583, 9576, 1369.00, 1
4530, 18241, 4, 0, 19576, 19579, 1338, 1334, 334.50, 1
4531, 18245, 7, 0, 19580, 27823, 9578, 9571, 1368.29, 1
4532, 18250, 1, 0, 19585, 19585, 1335, 1334, 1335.00, 1
4533, 18251, 9, 0, 19586, 27827, 9576, 9567, 1064.00, 1
4534, 18255, 1, 0, 19591, 19591, 1336, 1335, 1336.00, 1
4535, 18259, 8, 0, 19592, 27830, 9571, 9563, 1196.38, 1
4536, 18277, 9, 0, 19597, 27834, 9557, 9548, 1061.89, 1
4537, 18280, 9, 0, 19602, 27838, 9558, 9549, 1062.00, 1
4538, 18283, 1, 0, 19607, 19607, 1324, 1323, 1324.00, 1
4539, 18285, 16, 0, 19608, 47259, 28974, 28958, 1810.88, 1
4540, 18292, 2, 0, 19613, 19614, 1322, 1320, 661.00, 1
4541, 18295, 3, 0, 19615, 19617, 1322, 1319, 440.67, 1
4542, 18298, 4, 0, 19618, 19621, 1323, 1319, 330.75, 1
4543, 18302, 7, 0, 19622, 27845, 9543, 9536, 1363.29, 1
4544, 18304, 4, 0, 19627, 19630, 1326, 1322, 331.50, 1
4545, 18306, 5, 0, 19631, 19635, 1329, 1324, 265.80, 1
4546, 18317, 1, 0, 19636, 19636, 1319, 1318, 1319.00, 1
4547, 18320, 7, 0, 19637, 27847, 9527, 9520, 1361.00, 1
4548, 18321, 10, 0, 19642, 27852, 9531, 9521, 953.10, 1
4549, 18329, 2, 0, 19647, 19648, 1319, 1317, 659.50, 1
4550, 18332, 2, 0, 19649, 19650, 1318, 1316, 659.00, 1
4551, 18340, 1, 0, 19651, 19651, 1311, 1310, 1311.00, 1
4552, 18344, 2, 0, 19652, 19653, 1309, 1307, 654.50, 1
4553, 18345, 4, 0, 19654, 19657, 1312, 1308, 328.00, 1
4554, 18346, 2, 0, 19658, 19659, 1313, 1311, 656.50, 1
4555, 18348, 4, 0, 19660, 19663, 1315, 1311, 328.75, 1
4556, 18355, 2, 0, 19664, 19665, 1310, 1308, 655.00, 1
4557, 18356, 3, 0, 19666, 19668, 1312, 1309, 437.33, 1
4558, 18357, 18, 0, 19669, 47262, 28905, 28887, 1605.83, 1
4559, 18360, 3, 0, 19674, 19676, 1316, 1313, 438.67, 1
4560, 18361, 5, 0, 19677, 19681, 1320, 1315, 264.00, 1
4561, 18365, 1, 0, 19682, 19682, 1317, 1316, 1317.00, 1
4562, 18369, 1, 0, 19683, 19683, 1314, 1313, 1314.00, 1
4563, 18378, 1, 0, 19684, 19684, 1306, 1305, 1306.00, 1
4564, 18385, 7, 0, 19685, 27859, 9474, 9467, 1353.43, 1
4565, 18386, 2, 0, 19690, 19691, 1305, 1303, 652.50, 1
4566, 18388, 3, 0, 19692, 19694, 1306, 1303, 435.33, 1
4567, 18390, 1, 0, 19695, 19695, 1305, 1304, 1305.00, 1
4568, 18397, 5, 0, 19696, 19700, 1303, 1298, 260.60, 1
4569, 18400, 2, 0, 19701, 19702, 1302, 1300, 651.00, 1
4570, 18402, 4, 0, 19703, 19706, 1304, 1300, 326.00, 1
4571, 18406, 2, 0, 19707, 19708, 1302, 1300, 651.00, 1
4572, 18409, 1, 0, 19709, 19709, 1300, 1299, 1300.00, 1
4573, 18412, 1, 0, 19710, 19710, 1298, 1297, 1298.00, 1
4574, 18414, 7, 0, 19711, 27861, 9447, 9440, 1349.57, 1
4575, 18415, 5, 0, 19716, 19720, 1305, 1300, 261.00, 1
4576, 18421, 6, 0, 19721, 27862, 9441, 9435, 1573.50, 1
4577, 18424, 10, 0, 19726, 27867, 9443, 9433, 944.30, 1
4578, 18432, 21, 0, 19731, 48818, 30386, 30365, 1446.95, 1
4579, 18433, 4, 0, 19736, 19739, 1306, 1302, 326.50, 1
4580, 18436, 15, 0, 19740, 42647, 24211, 24196, 1614.07, 1
4581, 18438, 3, 0, 19745, 19747, 1309, 1306, 436.33, 1
4582, 18441, 3, 0, 19748, 19750, 1309, 1306, 436.33, 1
4583, 18452, 2, 0, 19751, 19752, 1300, 1298, 650.00, 1
4584, 18456, 11, 0, 19753, 42648, 24192, 24181, 2199.27, 1
4585, 18458, 2, 0, 19758, 19759, 1301, 1299, 650.50, 1
4586, 18459, 9, 0, 19760, 27886, 9427, 9418, 1047.44, 1
4587, 18460, 4, 0, 19765, 19768, 1308, 1304, 327.00, 1
4588, 18463, 1, 0, 19769, 19769, 1306, 1305, 1306.00, 1
4589, 18469, 4, 0, 19770, 19773, 1304, 1300, 326.00, 1
4590, 18472, 1, 0, 19774, 19774, 1302, 1301, 1302.00, 1
4591, 18473, 5, 0, 19775, 19779, 1306, 1301, 261.20, 1
4592, 18477, 2, 0, 19780, 19781, 1304, 1302, 652.00, 1
4593, 18484, 3, 0, 19782, 19784, 1300, 1297, 433.33, 1
4594, 18486, 3, 0, 19785, 19787, 1301, 1298, 433.67, 1
4595, 18490, 1, 0, 19788, 19788, 1298, 1297, 1298.00, 1
4596, 18491, 2, 0, 19789, 19790, 1299, 1297, 649.50, 1
4597, 18497, 3, 0, 19791, 19793, 1296, 1293, 432.00, 1
4598, 18499, 7, 0, 19794, 27888, 9389, 9382, 1341.29, 1
4599, 18507, 6, 0, 19799, 27889, 9382, 9376, 1563.67, 1
4600, 18510, 5, 0, 19804, 19808, 1298, 1293, 259.60, 1
4601, 18512, 4, 0, 19809, 19812, 1300, 1296, 325.00, 1
4602, 18515, 12, 0, 19813, 42650, 24135, 24123, 2011.25, 1
4603, 18526, 9, 0, 19818, 27898, 9372, 9363, 1041.33, 1
4604, 18528, 2, 0, 19823, 19824, 1296, 1294, 648.00, 1
4605, 18535, 1, 0, 19825, 19825, 1290, 1289, 1290.00, 1
4606, 18545, 4, 0, 19826, 19829, 1284, 1280, 321.00, 1
4607, 18553, 2, 0, 19830, 19831, 1278, 1276, 639.00, 1
4608, 18556, 8, 0, 19832, 27901, 9345, 9337, 1168.12, 1
4609, 18559, 7, 0, 19837, 27903, 9344, 9337, 1334.86, 1
4610, 18560, 4, 0, 19842, 19845, 1285, 1281, 321.25, 1
4611, 18563, 2, 0, 19846, 19847, 1284, 1282, 642.00, 1
4612, 18566, 14, 0, 19848, 42654, 24088, 24074, 1720.57, 1
4613, 18577, 1, 0, 19853, 19853, 1276, 1275, 1276.00, 1
4614, 18579, 1, 0, 19854, 19854, 1275, 1274, 1275.00, 1
4615, 18583, 2, 0, 19855, 19856, 1273, 1271, 636.50, 1
4616, 18586, 3, 0, 19857, 19859, 1273, 1270, 424.33, 1
4617, 18588, 10, 0, 19860, 27913, 9325, 9315, 932.50, 1
4618, 18596, 13, 0, 19865, 42657, 24061, 24048, 1850.85, 1
4619, 18601, 2, 0, 19870, 19871, 1270, 1268, 635.00, 1
4620, 18607, 1, 0, 19872, 19872, 1265, 1264, 1265.00, 1
4621, 18610, 3, 0, 19873, 19875, 1265, 1262, 421.67, 1
4622, 18622, 2, 0, 19876, 19877, 1255, 1253, 627.50, 1
4623, 18623, 1, 0, 19878, 19878, 1255, 1254, 1255.00, 1
4624, 18626, 2, 0, 19879, 19880, 1254, 1252, 627.00, 1
4625, 18631, 1, 0, 19881, 19881, 1250, 1249, 1250.00, 1
4626, 18636, 4, 0, 19882, 19885, 1249, 1245, 312.25, 1
4627, 18643, 7, 0, 19886, 27920, 9277, 9270, 1325.29, 1
4628, 18653, 2, 0, 19891, 19892, 1239, 1237, 619.50, 1
4629, 18660, 7, 0, 19893, 27922, 9262, 9255, 1323.14, 1
4630, 18661, 13, 0, 19898, 42660, 23999, 23986, 1846.08, 1
4631, 18666, 3, 0, 19903, 19905, 1239, 1236, 413.00, 1
4632, 18680, 18, 0, 19906, 47270, 28590, 28572, 1588.33, 1
4633, 18681, 1, 0, 19911, 19911, 1230, 1229, 1230.00, 1
4634, 18686, 1, 0, 19912, 19912, 1226, 1225, 1226.00, 1
4635, 18687, 3, 0, 19913, 19915, 1228, 1225, 409.33, 1
4636, 18688, 2, 0, 19916, 19917, 1229, 1227, 614.50, 1
4637, 18689, 3, 0, 19918, 19920, 1231, 1228, 410.33, 1
4638, 18693, 1, 0, 19921, 19921, 1228, 1227, 1228.00, 1
4639, 18694, 8, 0, 19922, 27935, 9241, 9233, 1155.12, 1
4640, 18695, 7, 0, 19927, 27937, 9242, 9235, 1320.29, 1
4641, 18697, 5, 0, 19932, 19936, 1239, 1234, 247.80, 1
4642, 18698, 6, 0, 19937, 27938, 9240, 9234, 1540.00, 1
4643, 18706, 9, 0, 19942, 27942, 9236, 9227, 1026.22, 1
4644, 18721, 1, 0, 19947, 19947, 1226, 1225, 1226.00, 1
4645, 18724, 6, 0, 19948, 27943, 9219, 9213, 1536.50, 1
4646, 18726, 1, 0, 19953, 19953, 1227, 1226, 1227.00, 1
4647, 18732, 1, 0, 19954, 19954, 1222, 1221, 1222.00, 1
4648, 18733, 6, 0, 19955, 27944, 9211, 9205, 1535.17, 1
4649, 18734, 3, 0, 19960, 19962, 1228, 1225, 409.33, 1
4650, 18743, 2, 0, 19963, 19964, 1221, 1219, 610.50, 1
4651, 18746, 1, 0, 19965, 19965, 1219, 1218, 1219.00, 1
4652, 18747, 1, 0, 19966, 19966, 1219, 1218, 1219.00, 1
4653, 18748, 11, 0, 19967, 42666, 23918, 23907, 2174.36, 1
4654, 18752, 2, 0, 19972, 19973, 1221, 1219, 610.50, 1
4655, 18756, 18, 0, 19974, 47273, 28517, 28499, 1584.28, 1
4656, 18757, 7, 0, 19979, 27956, 9199, 9192, 1314.14, 1
4657, 18758, 11, 0, 19984, 42672, 23914, 23903, 2174.00, 1
4658, 18760, 3, 0, 19989, 19991, 1231, 1228, 410.33, 1
4659, 18765, 1, 0, 19992, 19992, 1227, 1226, 1227.00, 1
4660, 18766, 4, 0, 19993, 19996, 1230, 1226, 307.50, 1
4661, 18773, 24, 0, 19997, 48822, 30049, 30025, 1252.04, 1
4662, 18778, 6, 0, 20002, 27967, 9189, 9183, 1531.50, 1
4663, 18784, 6, 0, 20007, 27968, 9184, 9178, 1530.67, 1
4664, 18793, 1, 0, 20012, 20012, 1219, 1218, 1219.00, 1
4665, 18798, 10, 0, 20013, 27973, 9175, 9165, 917.50, 1
4666, 18802, 3, 0, 20018, 20020, 1218, 1215, 406.00, 1
4667, 18812, 2, 0, 20021, 20022, 1210, 1208, 605.00, 1
4668, 18816, 1, 0, 20023, 20023, 1207, 1206, 1207.00, 1
4669, 18817, 5, 0, 20024, 20028, 1211, 1206, 242.20, 1
4670, 18818, 2, 0, 20029, 20030, 1212, 1210, 606.00, 1
4671, 18829, 4, 0, 20031, 20034, 1205, 1201, 301.25, 1
4672, 18830, 6, 0, 20035, 27974, 9144, 9138, 1524.00, 1
4673, 18834, 9, 0, 20040, 27978, 9144, 9135, 1016.00, 1
4674, 18838, 2, 0, 20045, 20046, 1208, 1206, 604.00, 1
4675, 18839, 6, 0, 20047, 27979, 9140, 9134, 1523.33, 1
4676, 18840, 5, 0, 20052, 20056, 1216, 1211, 243.20, 1
4677, 18842, 5, 0, 20057, 20061, 1219, 1214, 243.80, 1
4678, 18853, 1, 0, 20062, 20062, 1209, 1208, 1209.00, 1
4679, 18856, 2, 0, 20063, 20064, 1208, 1206, 604.00, 1
4680, 18857, 3, 0, 20065, 20067, 1210, 1207, 403.33, 1
4681, 18858, 1, 0, 20068, 20068, 1210, 1209, 1210.00, 1
4682, 18859, 4, 0, 20069, 20072, 1213, 1209, 303.25, 1
4683, 18865, 1, 0, 20073, 20073, 1208, 1207, 1208.00, 1
4684, 18867, 2, 0, 20074, 20075, 1208, 1206, 604.00, 1
4685, 18878, 1, 0, 20076, 20076, 1198, 1197, 1198.00, 1
4686, 18881, 1, 0, 20077, 20077, 1196, 1195, 1196.00, 1
4687, 18883, 3, 0, 20078, 20080, 1197, 1194, 399.00, 1
4688, 18894, 2, 0, 20081, 20082, 1188, 1186, 594.00, 1
4689, 18895, 2, 0, 20083, 20084, 1189, 1187, 594.50, 1
4690, 18903, 4, 0, 20085, 20088, 1185, 1181, 296.25, 1
4691, 18908, 8, 0, 20089, 27982, 9074, 9066, 1134.25, 1
4692, 18915, 2, 0, 20094, 20095, 1180, 1178, 590.00, 1
4693, 18917, 2, 0, 20096, 20097, 1180, 1178, 590.00, 1
4694, 18920, 2, 0, 20098, 20099, 1179, 1177, 589.50, 1
4695, 18921, 3, 0, 20100, 20102, 1181, 1178, 393.67, 1
4696, 18923, 10, 0, 20103, 27987, 9064, 9054, 906.40, 1
4697, 18933, 4, 0, 20108, 20111, 1178, 1174, 294.50, 1
4698, 18940, 7, 0, 20112, 27989, 9049, 9042, 1292.71, 1
4699, 18941, 4, 0, 20117, 20120, 1179, 1175, 294.75, 1
4700, 18948, 2, 0, 20121, 20122, 1174, 1172, 587.00, 1
4701, 18950, 8, 0, 20123, 27992, 9042, 9034, 1130.25, 1
4702, 18962, 7, 0, 20128, 27994, 9032, 9025, 1290.29, 1
4703, 18966, 1, 0, 20133, 20133, 1167, 1166, 1167.00, 1
4704, 18968, 1, 0, 20134, 20134, 1166, 1165, 1166.00, 1
4705, 18973, 6, 0, 20135, 27995, 9022, 9016, 1503.67, 1
4706, 18978, 7, 0, 20140, 27997, 9019, 9012, 1288.43, 1
4707, 18982, 2, 0, 20145, 20146, 1164, 1162, 582.00, 1
4708, 18989, 6, 0, 20147, 27998, 9009, 9003, 1501.50, 1
4709, 18999, 3, 0, 20152, 20154, 1155, 1152, 385.00, 1
4710, 19000, 21, 0, 20155, 48823, 29823, 29802, 1420.14, 1
4711, 19001, 1, 0, 20160, 20160, 1159, 1158, 1159.00, 1
4712, 19002, 5, 0, 20161, 20165, 1163, 1158, 232.60, 1
4713, 19004, 3, 0, 20166, 20168, 1164, 1161, 388.00, 1
4714, 19008, 3, 0, 20169, 20171, 1163, 1160, 387.67, 1
4715, 19010, 1, 0, 20172, 20172, 1162, 1161, 1162.00, 1
4716, 19014, 5, 0, 20173, 20177, 1163, 1158, 232.60, 1
4717, 19018, 8, 0, 20178, 28006, 8988, 8980, 1123.50, 1
4718, 19019, 1, 0, 20183, 20183, 1164, 1163, 1164.00, 1
4719, 19020, 7, 0, 20184, 28008, 8988, 8981, 1284.00, 1
4720, 19022, 10, 0, 20189, 28013, 8991, 8981, 899.10, 1
4721, 19023, 5, 0, 20194, 20198, 1175, 1170, 235.00, 1
4722, 19027, 8, 0, 20199, 28016, 8989, 8981, 1123.62, 1
4723, 19031, 2, 0, 20204, 20205, 1174, 1172, 587.00, 1
4724, 19039, 7, 0, 20206, 28018, 8979, 8972, 1282.71, 1
4725, 19041, 3, 0, 20211, 20213, 1172, 1169, 390.67, 1
4726, 19042, 1, 0, 20214, 20214, 1172, 1171, 1172.00, 1
4727, 19043, 3, 0, 20215, 20217, 1174, 1171, 391.33, 1
4728, 19045, 1, 0, 20218, 20218, 1173, 1172, 1173.00, 1
4729, 19048, 7, 0, 20219, 28020, 8972, 8965, 1281.71, 1
4730, 19050, 5, 0, 20224, 20228, 1178, 1173, 235.60, 1
4731, 19054, 1, 0, 20229, 20229, 1175, 1174, 1175.00, 1
4732, 19075, 7, 0, 20230, 28022, 8947, 8940, 1278.14, 1
4733, 19082, 3, 0, 20235, 20237, 1155, 1152, 385.00, 1
4734, 19084, 7, 0, 20238, 28024, 8940, 8933, 1277.14, 1
4735, 19085, 2, 0, 20243, 20244, 1159, 1157, 579.50, 1
4736, 19092, 4, 0, 20245, 20248, 1156, 1152, 289.00, 1
4737, 19093, 5, 0, 20249, 20253, 1160, 1155, 232.00, 1
4738, 19099, 1, 0, 20254, 20254, 1155, 1154, 1155.00, 1
4739, 19104, 3, 0, 20255, 20257, 1153, 1150, 384.33, 1
4740, 19106, 2, 0, 20258, 20259, 1153, 1151, 576.50, 1
4741, 19108, 6, 0, 20260, 28025, 8917, 8911, 1486.17, 1
4742, 19109, 1, 0, 20265, 20265, 1156, 1155, 1156.00, 1
4743, 19110, 24, 0, 20266, 48827, 29717, 29693, 1238.21, 1
4744, 19112, 9, 0, 20271, 28034, 8922, 8913, 991.33, 1
4745, 19113, 5, 0, 20276, 20280, 1167, 1162, 233.40, 1
4746, 19114, 1, 0, 20281, 20281, 1167, 1166, 1167.00, 1
4747, 19119, 4, 0, 20282, 20285, 1166, 1162, 291.50, 1
4748, 19123, 6, 0, 20286, 28035, 8912, 8906, 1485.33, 1
4749, 19124, 3, 0, 20291, 20293, 1169, 1166, 389.67, 1
4750, 19126, 8, 0, 20294, 28038, 8912, 8904, 1114.00, 1
4751, 19128, 2, 0, 20299, 20300, 1172, 1170, 586.00, 1
4752, 19130, 10, 0, 20301, 28043, 8913, 8903, 891.30, 1
4753, 19138, 2, 0, 20306, 20307, 1169, 1167, 584.50, 1
4754, 19140, 3, 0, 20308, 20310, 1170, 1167, 390.00, 1
4755, 19147, 1, 0, 20311, 20311, 1164, 1163, 1164.00, 1
4756, 19148, 3, 0, 20312, 20314, 1166, 1163, 388.67, 1
4757, 19149, 8, 0, 20315, 28046, 8897, 8889, 1112.12, 1
4758, 19153, 11, 0, 20320, 42688, 23535, 23524, 2139.55, 1
4759, 19166, 1, 0, 20325, 20325, 1159, 1158, 1159.00, 1
4760, 19170, 2, 0, 20326, 20327, 1157, 1155, 578.50, 1
4761, 19171, 12, 0, 20328, 42690, 23519, 23507, 1959.92, 1
4762, 19182, 9, 0, 20333, 28060, 8878, 8869, 986.44, 1
4763, 19183, 1, 0, 20338, 20338, 1155, 1154, 1155.00, 1
4764, 19188, 7, 0, 20339, 28062, 8874, 8867, 1267.71, 1
4765, 19196, 4, 0, 20344, 20347, 1151, 1147, 287.75, 1
4766, 19199, 2, 0, 20348, 20349, 1150, 1148, 575.00, 1
4767, 19200, 1, 0, 20350, 20350, 1150, 1149, 1150.00, 1
4768, 19202, 15, 0, 20351, 42695, 23493, 23478, 1566.20, 1
4769, 19205, 3, 0, 20356, 20358, 1153, 1150, 384.33, 1
4770, 19208, 7, 0, 20359, 28069, 8861, 8854, 1265.86, 1
4771, 19215, 4, 0, 20364, 20367, 1152, 1148, 288.00, 1
4772, 19216, 3, 0, 20368, 20370, 1154, 1151, 384.67, 1
4773, 19217, 1, 0, 20371, 20371, 1154, 1153, 1154.00, 1
4774, 19221, 2, 0, 20372, 20373, 1152, 1150, 576.00, 1
4775, 19224, 10, 0, 20374, 28074, 8850, 8840, 885.00, 1
4776, 19234, 2, 0, 20379, 20380, 1146, 1144, 573.00, 1
4777, 19235, 2, 0, 20381, 20382, 1147, 1145, 573.50, 1
4778, 19236, 6, 0, 20383, 28075, 8839, 8833, 1473.17, 1
4779, 19240, 3, 0, 20388, 20390, 1150, 1147, 383.33, 1
4780, 19242, 9, 0, 20391, 28079, 8837, 8828, 981.89, 1
4781, 19244, 6, 0, 20396, 28080, 8836, 8830, 1472.67, 1
4782, 19247, 5, 0, 20401, 20405, 1158, 1153, 231.60, 1
4783, 19248, 5, 0, 20406, 20410, 1162, 1157, 232.40, 1
4784, 19252, 1, 0, 20411, 20411, 1159, 1158, 1159.00, 1
4785, 19256, 9, 0, 20412, 28084, 8828, 8819, 980.89, 1
4786, 19257, 2, 0, 20417, 20418, 1161, 1159, 580.50, 1
4787, 19260, 2, 0, 20419, 20420, 1160, 1158, 580.00, 1
4788, 19264, 14, 0, 20421, 42699, 23435, 23421, 1673.93, 1
4789, 19265, 1, 0, 20426, 20426, 1161, 1160, 1161.00, 1
4790, 19271, 5, 0, 20427, 20431, 1160, 1155, 232.00, 1
4791, 19274, 8, 0, 20432, 28092, 8818, 8810, 1102.25, 1
4792, 19275, 2, 0, 20437, 20438, 1163, 1161, 581.50, 1
4793, 19276, 1, 0, 20439, 20439, 1163, 1162, 1163.00, 1
4794, 19278, 1, 0, 20440, 20440, 1162, 1161, 1162.00, 1
4795, 19279, 1, 0, 20441, 20441, 1162, 1161, 1162.00, 1
4796, 19284, 4, 0, 20442, 20445, 1161, 1157, 290.25, 1
4797, 19289, 4, 0, 20446, 20449, 1160, 1156, 290.00, 1
4798, 19292, 2, 0, 20450, 20451, 1159, 1157, 579.50, 1
4799, 19295, 9, 0, 20452, 28096, 8801, 8792, 977.89, 1
4800, 19304, 1, 0, 20457, 20457, 1153, 1152, 1153.00, 1
4801, 19305, 3, 0, 20458, 20460, 1155, 1152, 385.00, 1
4802, 19306, 1, 0, 20461, 20461, 1155, 1154, 1155.00, 1
4803, 19313, 2, 0, 20462, 20463, 1150, 1148, 575.00, 1
4804, 19315, 1, 0, 20464, 20464, 1149, 1148, 1149.00, 1
4805, 19319, 2, 0, 20465, 20466, 1147, 1145, 573.50, 1
4806, 19325, 5, 0, 20467, 20471, 1146, 1141, 229.20, 1
4807, 19327, 2, 0, 20472, 20473, 1146, 1144, 573.00, 1
4808, 19334, 7, 0, 20474, 28098, 8764, 8757, 1252.00, 1
4809, 19348, 5, 0, 20479, 20483, 1135, 1130, 227.00, 1
4810, 19349, 3, 0, 20484, 20486, 1137, 1134, 379.00, 1
4811, 19351, 3, 0, 20487, 20489, 1138, 1135, 379.33, 1
4812, 19358, 4, 0, 20490, 20493, 1135, 1131, 283.75, 1
4813, 19362, 2, 0, 20494, 20495, 1133, 1131, 566.50, 1
4814, 19363, 8, 0, 20496, 28101, 8738, 8730, 1092.25, 1
4815, 19365, 9, 0, 20501, 28105, 8740, 8731, 971.11, 1
4816, 19367, 2, 0, 20506, 20507, 1140, 1138, 570.00, 1
4817, 19375, 4, 0, 20508, 20511, 1136, 1132, 284.00, 1
4818, 19378, 6, 0, 20512, 28106, 8728, 8722, 1454.67, 1
4819, 19380, 18, 0, 20517, 47291, 27911, 27893, 1550.61, 1
4820, 19381, 1, 0, 20522, 20522, 1141, 1140, 1141.00, 1
4821, 19384, 11, 0, 20523, 42705, 23321, 23310, 2120.09, 1
4822, 19385, 1, 0, 20528, 20528, 1143, 1142, 1143.00, 1
4823, 19387, 7, 0, 20529, 28118, 8731, 8724, 1247.29, 1
4824, 19388, 1, 0, 20534, 20534, 1146, 1145, 1146.00, 1
4825, 19394, 7, 0, 20535, 28120, 8726, 8719, 1246.57, 1
4826, 19397, 2, 0, 20540, 20541, 1144, 1142, 572.00, 1
4827, 19398, 4, 0, 20542, 20545, 1147, 1143, 286.75, 1
4828, 19406, 5, 0, 20546, 20550, 1144, 1139, 228.80, 1
4829, 19407, 7, 0, 20551, 28122, 8715, 8708, 1245.00, 1
4830, 19408, 9, 0, 20556, 28126, 8718, 8709, 968.67, 1
4831, 19409, 1, 0, 20561, 20561, 1152, 1151, 1152.00, 1
4832, 19412, 3, 0, 20562, 20564, 1152, 1149, 384.00, 1
4833, 19417, 4, 0, 20565, 20568, 1151, 1147, 287.75, 1
4834, 19418, 5, 0, 20569, 20573, 1155, 1150, 231.00, 1
4835, 19419, 3, 0, 20574, 20576, 1157, 1154, 385.67, 1
4836, 19425, 3, 0, 20577, 20579, 1154, 1151, 384.67, 1
4837, 19426, 9, 0, 20580, 28130, 8704, 8695, 967.11, 1
4838, 19430, 2, 0, 20585, 20586, 1156, 1154, 578.00, 1
4839, 19431, 6, 0, 20587, 28131, 8700, 8694, 1450.00, 1
4840, 19432, 3, 0, 20592, 20594, 1162, 1159, 387.33, 1
4841, 19439, 4, 0, 20595, 20598, 1159, 1155, 289.75, 1
4842, 19442, 7, 0, 20599, 28133, 8691, 8684, 1241.57, 1
4843, 19443, 6, 0, 20604, 28134, 8691, 8685, 1448.50, 1
4844, 19444, 2, 0, 20609, 20610, 1166, 1164, 583.00, 1
4845, 19445, 3, 0, 20611, 20613, 1168, 1165, 389.33, 1
4846, 19447, 2, 0, 20614, 20615, 1168, 1166, 584.00, 1
4847, 19452, 1, 0, 20616, 20616, 1164, 1163, 1164.00, 1
4848, 19454, 11, 0, 20617, 42706, 23252, 23241, 2113.82, 1
4849, 19465, 1, 0, 20622, 20622, 1157, 1156, 1157.00, 1
4850, 19477, 2, 0, 20623, 20624, 1147, 1145, 573.50, 1
4851, 19481, 1, 0, 20625, 20625, 1144, 1143, 1144.00, 1
4852, 19487, 3, 0, 20626, 20628, 1141, 1138, 380.33, 1
4853, 19494, 4, 0, 20629, 20632, 1138, 1134, 284.50, 1
4854, 19501, 3, 0, 20633, 20635, 1134, 1131, 378.00, 1
4855, 19502, 10, 0, 20636, 28144, 8642, 8632, 864.20, 1
4856, 19526, 5, 0, 20641, 20645, 1119, 1114, 223.80, 1
4857, 19530, 3, 0, 20646, 20648, 1118, 1115, 372.67, 1
4858, 19533, 4, 0, 20649, 20652, 1119, 1115, 279.75, 1
4859, 19538, 4, 0, 20653, 20656, 1118, 1114, 279.50, 1
4860, 19539, 4, 0, 20657, 20660, 1121, 1117, 280.25, 1
4861, 19541, 4, 0, 20661, 20664, 1123, 1119, 280.75, 1
4862, 19543, 4, 0, 20665, 20668, 1125, 1121, 281.25, 1
4863, 19547, 3, 0, 20669, 20671, 1124, 1121, 374.67, 1
4864, 19549, 12, 0, 20672, 42708, 23159, 23147, 1929.92, 1
4865, 19553, 1, 0, 20677, 20677, 1124, 1123, 1124.00, 1
4866, 19568, 2, 0, 20678, 20679, 1111, 1109, 555.50, 1
4867, 19573, 11, 0, 20680, 42709, 23136, 23125, 2103.27, 1
4868, 19579, 1, 0, 20685, 20685, 1106, 1105, 1106.00, 1
4869, 19583, 18, 0, 20686, 47294, 27711, 27693, 1539.50, 1
4870, 19599, 4, 0, 20691, 20694, 1095, 1091, 273.75, 1
4871, 19604, 2, 0, 20695, 20696, 1092, 1090, 546.00, 1
4872, 19605, 1, 0, 20697, 20697, 1092, 1091, 1092.00, 1
4873, 19611, 2, 0, 20698, 20699, 1088, 1086, 544.00, 1
4874, 19612, 1, 0, 20700, 20700, 1088, 1087, 1088.00, 1
4875, 19613, 5, 0, 20701, 20705, 1092, 1087, 218.40, 1
4876, 19617, 2, 0, 20706, 20707, 1090, 1088, 545.00, 1
4877, 19633, 5, 0, 20708, 20712, 1079, 1074, 215.80, 1
4878, 19635, 3, 0, 20713, 20715, 1080, 1077, 360.00, 1
4879, 19643, 8, 0, 20716, 28162, 8519, 8511, 1064.88, 1
4880, 19644, 1, 0, 20721, 20721, 1077, 1076, 1077.00, 1
4881, 19647, 4, 0, 20722, 20725, 1078, 1074, 269.50, 1
4882, 19653, 5, 0, 20726, 20730, 1077, 1072, 215.40, 1
4883, 19657, 2, 0, 20731, 20732, 1075, 1073, 537.50, 1
4884, 19661, 1, 0, 20733, 20733, 1072, 1071, 1072.00, 1
4885, 19663, 4, 0, 20734, 20737, 1074, 1070, 268.50, 1
4886, 19664, 2, 0, 20738, 20739, 1075, 1073, 537.50, 1
4887, 19665, 2, 0, 20740, 20741, 1076, 1074, 538.00, 1
4888, 19668, 1, 0, 20742, 20742, 1074, 1073, 1074.00, 1
4889, 19669, 1, 0, 20743, 20743, 1074, 1073, 1074.00, 1
4890, 19670, 2, 0, 20744, 20745, 1075, 1073, 537.50, 1
4891, 19674, 3, 0, 20746, 20748, 1074, 1071, 358.00, 1
4892, 19676, 1, 0, 20749, 20749, 1073, 1072, 1073.00, 1
4893, 19685, 31, 0, 20750, 49533, 29848, 29817, 962.84, 1
4894, 19686, 27, 0, 20755, 49363, 29677, 29650, 1099.15, 1
4895, 19688, 4, 0, 20760, 20763, 1075, 1071, 268.75, 1
4896, 19690, 4, 0, 20764, 20767, 1077, 1073, 269.25, 1
4897, 19693, 9, 0, 20768, 28176, 8483, 8474, 942.56, 1
4898, 19695, 2, 0, 20773, 20774, 1079, 1077, 539.50, 1
4899, 19697, 8, 0, 20775, 28179, 8482, 8474, 1060.25, 1
4900, 19703, 1, 0, 20780, 20780, 1077, 1076, 1077.00, 1
4901, 19704, 19, 0, 20781, 47308, 27604, 27585, 1452.84, 1
4902, 19708, 4, 0, 20786, 20789, 1081, 1077, 270.25, 1
4903, 19709, 1, 0, 20790, 20790, 1081, 1080, 1081.00, 1
4904, 19710, 1, 0, 20791, 20791, 1081, 1080, 1081.00, 1
4905, 19713, 2, 0, 20792, 20793, 1080, 1078, 540.00, 1
4906, 19719, 8, 0, 20794, 28187, 8468, 8460, 1058.50, 1
4907, 19722, 2, 0, 20799, 20800, 1078, 1076, 539.00, 1
4908, 19726, 14, 0, 20801, 42733, 23007, 22993, 1643.36, 1
4909, 19733, 29, 0, 20806, 49367, 29634, 29605, 1021.86, 1
4910, 19738, 8, 0, 20811, 28200, 8462, 8454, 1057.75, 1
4911, 19740, 9, 0, 20816, 28204, 8464, 8455, 940.44, 1
4912, 19742, 9, 0, 20821, 28208, 8466, 8457, 940.67, 1
4913, 19744, 3, 0, 20826, 20828, 1084, 1081, 361.33, 1
4914, 19745, 5, 0, 20829, 20833, 1088, 1083, 217.60, 1
4915, 19749, 2, 0, 20834, 20835, 1086, 1084, 543.00, 1
4916, 19750, 4, 0, 20836, 20839, 1089, 1085, 272.25, 1
4917, 19761, 1, 0, 20840, 20840, 1079, 1078, 1079.00, 1
4918, 19763, 4, 0, 20841, 20844, 1081, 1077, 270.25, 1
4919, 19768, 1, 0, 20845, 20845, 1077, 1076, 1077.00, 1
4920, 19769, 12, 0, 20846, 42740, 22971, 22959, 1914.25, 1
4921, 19775, 4, 0, 20851, 20854, 1079, 1075, 269.75, 1
4922, 19776, 1, 0, 20855, 20855, 1079, 1078, 1079.00, 1
4923, 19778, 4, 0, 20856, 20859, 1081, 1077, 270.25, 1
4924, 19779, 4, 0, 20860, 20863, 1084, 1080, 271.00, 1
4925, 19780, 14, 0, 20864, 42744, 22964, 22950, 1640.29, 1
4926, 19783, 8, 0, 20869, 28221, 8438, 8430, 1054.75, 1
4927, 19791, 8, 0, 20874, 28224, 8433, 8425, 1054.12, 1
4928, 19794, 1, 0, 20879, 20879, 1085, 1084, 1085.00, 1
4929, 19795, 7, 0, 20880, 28226, 8431, 8424, 1204.43, 1
4930, 19796, 7, 0, 20885, 28228, 8432, 8425, 1204.57, 1
4931, 19799, 14, 0, 20890, 42748, 22949, 22935, 1639.21, 1
4932, 19800, 10, 0, 20895, 28238, 8438, 8428, 843.80, 1
4933, 19801, 9, 0, 20900, 28242, 8441, 8432, 937.89, 1
4934, 19802, 2, 0, 20905, 20906, 1104, 1102, 552.00, 1
4935, 19810, 1, 0, 20907, 20907, 1097, 1096, 1097.00, 1
4936, 19811, 5, 0, 20908, 20912, 1101, 1096, 220.20, 1
4937, 19817, 1, 0, 20913, 20913, 1096, 1095, 1096.00, 1
4938, 19820, 1, 0, 20914, 20914, 1094, 1093, 1094.00, 1
4939, 19821, 13, 0, 20915, 42751, 22930, 22917, 1763.85, 1
4940, 19823, 19, 0, 20920, 47317, 27494, 27475, 1447.05, 1
4941, 19836, 4, 0, 20925, 20928, 1092, 1088, 273.00, 1
4942, 19841, 4, 0, 20929, 20932, 1091, 1087, 272.75, 1
4943, 19847, 6, 0, 20933, 28253, 8406, 8400, 1401.00, 1
4944, 19850, 4, 0, 20938, 20941, 1091, 1087, 272.75, 1
4945, 19856, 3, 0, 20942, 20944, 1088, 1085, 362.67, 1
4946, 19862, 1, 0, 20945, 20945, 1083, 1082, 1083.00, 1
4947, 19864, 10, 0, 20946, 28258, 8394, 8384, 839.40, 1
4948, 19871, 3, 0, 20951, 20953, 1082, 1079, 360.67, 1
4949, 19873, 7, 0, 20954, 28260, 8387, 8380, 1198.14, 1
4950, 19879, 1, 0, 20959, 20959, 1080, 1079, 1080.00, 1
4951, 19887, 3, 0, 20960, 20962, 1075, 1072, 358.33, 1
4952, 19888, 25, 0, 20963, 48847, 28959, 28934, 1158.36, 1
4953, 19889, 6, 0, 20968, 28266, 8377, 8371, 1396.17, 1
4954, 19893, 9, 0, 20973, 28270, 8377, 8368, 930.78, 1
4955, 19903, 5, 0, 20978, 20982, 1079, 1074, 215.80, 1
4956, 19905, 2, 0, 20983, 20984, 1079, 1077, 539.50, 1
4957, 19910, 4, 0, 20985, 20988, 1078, 1074, 269.50, 1
4958, 19913, 3, 0, 20989, 20991, 1078, 1075, 359.33, 1
4959, 19917, 3, 0, 20992, 20994, 1077, 1074, 359.00, 1
4960, 19919, 2, 0, 20995, 20996, 1077, 1075, 538.50, 1
4961, 19924, 1, 0, 20997, 20997, 1073, 1072, 1073.00, 1
4962, 19927, 2, 0, 20998, 20999, 1072, 1070, 536.00, 1
4963, 19929, 2, 0, 21000, 21001, 1072, 1070, 536.00, 1
4964, 19930, 1, 0, 21002, 21002, 1072, 1071, 1072.00, 1
4965, 19933, 29, 0, 21003, 49371, 29438, 29409, 1015.10, 1
4966, 19934, 5, 0, 21008, 21012, 1078, 1073, 215.60, 1
4967, 19941, 10, 0, 21013, 28280, 8339, 8329, 833.90, 1
4968, 19943, 6, 0, 21018, 28281, 8338, 8332, 1389.67, 1
4969, 19944, 8, 0, 21023, 28284, 8340, 8332, 1042.50, 1
4970, 19945, 4, 0, 21028, 21031, 1086, 1082, 271.50, 1
4971, 19948, 1, 0, 21032, 21032, 1084, 1083, 1084.00, 1
4972, 19950, 16, 0, 21033, 47328, 27378, 27362, 1711.12, 1
4973, 19952, 2, 0, 21038, 21039, 1087, 1085, 543.50, 1
4974, 19956, 2, 0, 21040, 21041, 1085, 1083, 542.50, 1
4975, 19967, 2, 0, 21042, 21043, 1076, 1074, 538.00, 1
4976, 19970, 3, 0, 21044, 21046, 1076, 1073, 358.67, 1
4977, 19975, 11, 0, 21047, 42772, 22797, 22786, 2072.45, 1
4978, 19979, 5, 0, 21052, 21056, 1077, 1072, 215.40, 1
4979, 19986, 2, 0, 21057, 21058, 1072, 1070, 536.00, 1
4980, 19988, 7, 0, 21059, 28296, 8308, 8301, 1186.86, 1
4981, 19990, 15, 0, 21064, 42777, 22787, 22772, 1519.13, 1
4982, 19993, 2, 0, 21069, 21070, 1077, 1075, 538.50, 1
4983, 19996, 4, 0, 21071, 21074, 1078, 1074, 269.50, 1
4984, 19999, 4, 0, 21075, 21078, 1079, 1075, 269.75, 1
4985, 20003, 2, 0, 21079, 21080, 1077, 1075, 538.50, 1
4986, 20007, 1, 0, 21081, 21081, 1074, 1073, 1074.00, 1
4987, 20009, 2, 0, 21082, 21083, 1074, 1072, 537.00, 1
4988, 20010, 2, 0, 21084, 21085, 1075, 1073, 537.50, 1
4989, 20013, 4, 0, 21086, 21089, 1076, 1072, 269.00, 1
4990, 20014, 10, 0, 21090, 28306, 8292, 8282, 829.20, 1
4991, 20018, 3, 0, 21095, 21097, 1079, 1076, 359.67, 1
4992, 20021, 8, 0, 21098, 28309, 8288, 8280, 1036.00, 1
4993, 20026, 10, 0, 21103, 28314, 8288, 8278, 828.80, 1
4994, 20029, 10, 0, 21108, 28319, 8290, 8280, 829.00, 1
4995, 20031, 2, 0, 21113, 21114, 1083, 1081, 541.50, 1
4996, 20036, 6, 0, 21115, 28320, 8284, 8278, 1380.67, 1
4997, 20040, 5, 0, 21120, 21124, 1084, 1079, 216.80, 1
4998, 20046, 7, 0, 21125, 28322, 8276, 8269, 1182.29, 1
4999, 20050, 2, 0, 21130, 21131, 1081, 1079, 540.50, 1
5000, 20051, 6, 0, 21132, 28323, 8272, 8266, 1378.67, 1
5001, 20056, 6, 0, 21137, 28324, 8268, 8262, 1378.00, 1
5002, 20058, 9, 0, 21142, 28328, 8270, 8261, 918.89, 1
5003, 20060, 1, 0, 21147, 21147, 1087, 1086, 1087.00, 1
5004, 20063, 1, 0, 21148, 21148, 1085, 1084, 1085.00, 1
5005, 20065, 4, 0, 21149, 21152, 1087, 1083, 271.75, 1
5006, 20070, 14, 0, 21153, 42781, 22711, 22697, 1622.21, 1
5007, 20071, 1, 0, 21158, 21158, 1087, 1086, 1087.00, 1
5008, 20073, 4, 0, 21159, 21162, 1089, 1085, 272.25, 1
5009, 20077, 3, 0, 21163, 21165, 1088, 1085, 362.67, 1
5010, 20080, 1, 0, 21166, 21166, 1086, 1085, 1086.00, 1
5011, 20083, 2, 0, 21167, 21168, 1085, 1083, 542.50, 1
5012, 20084, 3, 0, 21169, 21171, 1087, 1084, 362.33, 1
5013, 20106, 1, 0, 21172, 21172, 1066, 1065, 1066.00, 1
5014, 20112, 4, 0, 21173, 21176, 1064, 1060, 266.00, 1
5015, 20118, 2, 0, 21177, 21178, 1060, 1058, 530.00, 1
5016, 20121, 2, 0, 21179, 21180, 1059, 1057, 529.50, 1
5017, 20122, 4, 0, 21181, 21184, 1062, 1058, 265.50, 1
5018, 20126, 5, 0, 21185, 21189, 1063, 1058, 212.60, 1
5019, 20142, 8, 0, 21190, 28336, 8194, 8186, 1024.25, 1
5020, 20145, 5, 0, 21195, 21199, 1054, 1049, 210.80, 1
5021, 20150, 2, 0, 21200, 21201, 1051, 1049, 525.50, 1
5022, 20151, 1, 0, 21202, 21202, 1051, 1050, 1051.00, 1
5023, 20158, 4, 0, 21203, 21206, 1048, 1044, 262.00, 1
5024, 20165, 1, 0, 21207, 21207, 1042, 1041, 1042.00, 1
5025, 20168, 5, 0, 21208, 21212, 1044, 1039, 208.80, 1
5026, 20172, 8, 0, 21213, 28339, 8167, 8159, 1020.88, 1
5027, 20173, 1, 0, 21218, 21218, 1045, 1044, 1045.00, 1
5028, 20180, 1, 0, 21219, 21219, 1039, 1038, 1039.00, 1
5029, 20184, 1, 0, 21220, 21220, 1036, 1035, 1036.00, 1
5030, 20191, 7, 0, 21221, 28341, 8150, 8143, 1164.29, 1
5031, 20195, 2, 0, 21226, 21227, 1032, 1030, 516.00, 1
5032, 20199, 2, 0, 21228, 21229, 1030, 1028, 515.00, 1
5033, 20205, 4, 0, 21230, 21233, 1028, 1024, 257.00, 1
5034, 20221, 2, 0, 21234, 21235, 1014, 1012, 507.00, 1
5035, 20224, 3, 0, 21236, 21238, 1014, 1011, 338.00, 1
5036, 20227, 5, 0, 21239, 21243, 1016, 1011, 203.20, 1
5037, 20228, 2, 0, 21244, 21245, 1017, 1015, 508.50, 1
5038, 20229, 6, 0, 21246, 28342, 8113, 8107, 1352.17, 1
5039, 20232, 10, 0, 21251, 28347, 8115, 8105, 811.50, 1
5040, 20237, 4, 0, 21256, 21259, 1022, 1018, 255.50, 1
5041, 20238, 13, 0, 21260, 42784, 22546, 22533, 1734.31, 1
5042, 20242, 1, 0, 21265, 21265, 1023, 1022, 1023.00, 1
5043, 20255, 3, 0, 21266, 21268, 1013, 1010, 337.67, 1
5044, 20260, 5, 0, 21269, 21273, 1013, 1008, 202.60, 1
5045, 20261, 4, 0, 21274, 21277, 1016, 1012, 254.00, 1
5046, 20262, 2, 0, 21278, 21279, 1017, 1015, 508.50, 1
5047, 20274, 10, 0, 21280, 28357, 8083, 8073, 808.30, 1
5048, 20289, 8, 0, 21285, 28360, 8071, 8063, 1008.88, 1
5049, 20294, 5, 0, 21290, 21294, 1000, 995, 200.00, 1
5050, 20296, 24, 0, 21295, 48856, 28560, 28536, 1190.00, 1
5051, 20306, 3, 0, 21300, 21302, 996, 993, 332.00, 1
5052, 20310, 6, 0, 21303, 28366, 8056, 8050, 1342.67, 1
5053, 20311, 9, 0, 21308, 28370, 8059, 8050, 895.44, 1
5054, 20313, 9, 0, 21313, 28374, 8061, 8052, 895.67, 1
5055, 20316, 4, 0, 21318, 21321, 1005, 1001, 251.25, 1
5056, 20317, 9, 0, 21322, 28378, 8061, 8052, 895.67, 1
5057, 20319, 4, 0, 21327, 21330, 1011, 1007, 252.75, 1
5058, 20321, 2, 0, 21331, 21332, 1011, 1009, 505.50, 1
5059, 20323, 7, 0, 21333, 28380, 8057, 8050, 1151.00, 1
5060, 20327, 1, 0, 21338, 21338, 1011, 1010, 1011.00, 1
5061, 20332, 13, 0, 21339, 42792, 22460, 22447, 1727.69, 1
5062, 20333, 4, 0, 21344, 21347, 1014, 1010, 253.50, 1
5063, 20336, 4, 0, 21348, 21351, 1015, 1011, 253.75, 1
5064, 20337, 1, 0, 21352, 21352, 1015, 1014, 1015.00, 1
5065, 20340, 4, 0, 21353, 21356, 1016, 1012, 254.00, 1
5066, 20342, 1, 0, 21357, 21357, 1015, 1014, 1015.00, 1
5067, 20344, 9, 0, 21358, 28389, 8045, 8036, 893.89, 1
5068, 20349, 3, 0, 21363, 21365, 1016, 1013, 338.67, 1
5069, 20350, 9, 0, 21366, 28393, 8043, 8034, 893.67, 1
5070, 20357, 2, 0, 21371, 21372, 1015, 1013, 507.50, 1
5071, 20359, 5, 0, 21373, 21377, 1018, 1013, 203.60, 1
5072, 20362, 4, 0, 21378, 21381, 1019, 1015, 254.75, 1
5073, 20372, 3, 0, 21382, 21384, 1012, 1009, 337.33, 1
5074, 20378, 1, 0, 21385, 21385, 1007, 1006, 1007.00, 1
5075, 20380, 4, 0, 21386, 21389, 1009, 1005, 252.25, 1
5076, 20382, 3, 0, 21390, 21392, 1010, 1007, 336.67, 1
5077, 20387, 2, 0, 21393, 21394, 1007, 1005, 503.50, 1
5078, 20395, 9, 0, 21395, 28397, 8002, 7993, 889.11, 1
5079, 20402, 1, 0, 21400, 21400, 998, 997, 998.00, 1
5080, 20406, 2, 0, 21401, 21402, 996, 994, 498.00, 1
5081, 20408, 3, 0, 21403, 21405, 997, 994, 332.33, 1
5082, 20409, 6, 0, 21406, 28398, 7989, 7983, 1331.50, 1
5083, 20410, 4, 0, 21411, 21414, 1004, 1000, 251.00, 1
5084, 20415, 2, 0, 21415, 21416, 1001, 999, 500.50, 1
5085, 20416, 1, 0, 21417, 21417, 1001, 1000, 1001.00, 1
5086, 20417, 4, 0, 21418, 21421, 1004, 1000, 251.00, 1
5087, 20421, 9, 0, 21422, 28402, 7981, 7972, 886.78, 1
5088, 20422, 1, 0, 21427, 21427, 1005, 1004, 1005.00, 1
5089, 20426, 1, 0, 21428, 21428, 1002, 1001, 1002.00, 1
5090, 20432, 4, 0, 21429, 21432, 1000, 996, 250.00, 1
5091, 20436, 4, 0, 21433, 21436, 1000, 996, 250.00, 1
5092, 20439, 3, 0, 21437, 21439, 1000, 997, 333.33, 1
5093, 20440, 10, 0, 21440, 28407, 7967, 7957, 796.70, 1
5094, 20441, 4, 0, 21445, 21448, 1007, 1003, 251.75, 1
5095, 20446, 2, 0, 21449, 21450, 1004, 1002, 502.00, 1
5096, 20453, 18, 0, 21451, 47336, 26883, 26865, 1493.50, 1
5097, 20459, 6, 0, 21456, 28413, 7954, 7948, 1325.67, 1
5098, 20460, 18, 0, 21461, 47339, 26879, 26861, 1493.28, 1
5099, 20461, 4, 0, 21466, 21469, 1008, 1004, 252.00, 1
5100, 20463, 1, 0, 21470, 21470, 1007, 1006, 1007.00, 1
5101, 20464, 1, 0, 21471, 21471, 1007, 1006, 1007.00, 1
5102, 20469, 2, 0, 21472, 21473, 1004, 1002, 502.00, 1
5103, 20471, 2, 0, 21474, 21475, 1004, 1002, 502.00, 1
5104, 20472, 1, 0, 21476, 21476, 1004, 1003, 1004.00, 1
5105, 20479, 1, 0, 21477, 21477, 998, 997, 998.00, 1
5106, 20489, 3, 0, 21478, 21480, 991, 988, 330.33, 1
5107, 20494, 6, 0, 21481, 28419, 7925, 7919, 1320.83, 1
5108, 20496, 6, 0, 21486, 28420, 7924, 7918, 1320.67, 1
5109, 20505, 2, 0, 21491, 21492, 987, 985, 493.50, 1
5110, 20506, 4, 0, 21493, 21496, 990, 986, 247.50, 1
5111, 20517, 10, 0, 21497, 28425, 7908, 7898, 790.80, 1
5112, 20520, 9, 0, 21502, 28429, 7909, 7900, 878.78, 1
5113, 20521, 9, 0, 21507, 28433, 7912, 7903, 879.11, 1
5114, 20526, 7, 0, 21512, 28435, 7909, 7902, 1129.86, 1
5115, 20530, 7, 0, 21517, 28437, 7907, 7900, 1129.57, 1
5116, 20531, 1, 0, 21522, 21522, 991, 990, 991.00, 1
5117, 20532, 2, 0, 21523, 21524, 992, 990, 496.00, 1
5118, 20540, 1, 0, 21525, 21525, 985, 984, 985.00, 1
5119, 20542, 1, 0, 21526, 21526, 984, 983, 984.00, 1
5120, 20543, 7, 0, 21527, 28439, 7896, 7889, 1128.00, 1
5121, 20548, 2, 0, 21532, 21533, 985, 983, 492.50, 1
5122, 20559, 3, 0, 21534, 21536, 977, 974, 325.67, 1
5123, 20563, 2, 0, 21537, 21538, 975, 973, 487.50, 1
5124, 20564, 1, 0, 21539, 21539, 975, 974, 975.00, 1
5125, 20567, 7, 0, 21540, 28441, 7874, 7867, 1124.86, 1
5126, 20584, 30, 0, 21545, 49376, 28792, 28762, 959.73, 1
5127, 20596, 9, 0, 21550, 28450, 7854, 7845, 872.67, 1
5128, 20608, 2, 0, 21555, 21556, 948, 946, 474.00, 1
5129, 20611, 5, 0, 21557, 21561, 950, 945, 190.00, 1
5130, 20614, 2, 0, 21562, 21563, 949, 947, 474.50, 1
5131, 20618, 8, 0, 21564, 28453, 7835, 7827, 979.38, 1
5132, 20619, 5, 0, 21569, 21573, 954, 949, 190.80, 1
5133, 20624, 1, 0, 21574, 21574, 950, 949, 950.00, 1
5134, 20636, 1, 0, 21575, 21575, 939, 938, 939.00, 1
5135, 20646, 2, 0, 21576, 21577, 931, 929, 465.50, 1
5136, 20653, 6, 0, 21578, 28454, 7801, 7795, 1300.17, 1
5137, 20657, 18, 0, 21583, 47347, 26690, 26672, 1482.78, 1
5138, 20659, 4, 0, 21588, 21591, 932, 928, 233.00, 1
5139, 20668, 4, 0, 21592, 21595, 927, 923, 231.75, 1
5140, 20670, 2, 0, 21596, 21597, 927, 925, 463.50, 1
5141, 20671, 4, 0, 21598, 21601, 930, 926, 232.50, 1
5142, 20677, 2, 0, 21602, 21603, 926, 924, 463.00, 1
5143, 20678, 4, 0, 21604, 21607, 929, 925, 232.25, 1
5144, 20682, 1, 0, 21608, 21608, 926, 925, 926.00, 1
5145, 20696, 6, 0, 21609, 28460, 7764, 7758, 1294.00, 1
5146, 20701, 2, 0, 21614, 21615, 914, 912, 457.00, 1
5147, 20708, 8, 0, 21616, 28463, 7755, 7747, 969.38, 1
5148, 20717, 1, 0, 21621, 21621, 904, 903, 904.00, 1
5149, 20721, 3, 0, 21622, 21624, 903, 900, 301.00, 1
5150, 20725, 1, 0, 21625, 21625, 900, 899, 900.00, 1
5151, 20729, 13, 0, 21626, 42815, 22086, 22073, 1698.92, 1
5152, 20736, 6, 0, 21631, 28469, 7733, 7727, 1288.83, 1
5153, 20737, 4, 0, 21636, 21639, 902, 898, 225.50, 1
5154, 20738, 3, 0, 21640, 21642, 904, 901, 301.33, 1
5155, 20739, 2, 0, 21643, 21644, 905, 903, 452.50, 1
5156, 20743, 2, 0, 21645, 21646, 903, 901, 451.50, 1
5157, 20744, 3, 0, 21647, 21649, 905, 902, 301.67, 1
5158, 20745, 1, 0, 21650, 21650, 905, 904, 905.00, 1
5159, 20746, 1, 0, 21651, 21651, 905, 904, 905.00, 1
5160, 20747, 1, 0, 21652, 21652, 905, 904, 905.00, 1
5161, 20748, 1, 0, 21653, 21653, 905, 904, 905.00, 1
5162, 20749, 9, 0, 21654, 28473, 7724, 7715, 858.22, 1
5163, 20752, 5, 0, 21659, 21663, 911, 906, 182.20, 1
5164, 20753, 5, 0, 21664, 21668, 915, 910, 183.00, 1
5165, 20755, 1, 0, 21669, 21669, 914, 913, 914.00, 1
5166, 20758, 7, 0, 21670, 28475, 7717, 7710, 1102.43, 1
5167, 20774, 2, 0, 21675, 21676, 902, 900, 451.00, 1
5168, 20778, 2, 0, 21677, 21678, 900, 898, 450.00, 1
5169, 20780, 4, 0, 21679, 21682, 902, 898, 225.50, 1
5170, 20783, 10, 0, 21683, 28480, 7697, 7687, 769.70, 1
5171, 20784, 3, 0, 21688, 21690, 906, 903, 302.00, 1
5172, 20791, 1, 0, 21691, 21691, 900, 899, 900.00, 1
5173, 20795, 4, 0, 21692, 21695, 900, 896, 225.00, 1
5174, 20807, 14, 0, 21696, 42819, 22012, 21998, 1572.29, 1
5175, 20808, 11, 0, 21701, 42820, 22012, 22001, 2001.09, 1
5176, 20809, 4, 0, 21706, 21709, 900, 896, 225.00, 1
5177, 20812, 6, 0, 21710, 28491, 7679, 7673, 1279.83, 1
5178, 20817, 7, 0, 21715, 28493, 7676, 7669, 1096.57, 1
5179, 20831, 3, 0, 21720, 21722, 891, 888, 297.00, 1
5180, 20833, 15, 0, 21723, 42825, 21992, 21977, 1466.13, 1
5181, 20841, 1, 0, 21728, 21728, 887, 886, 887.00, 1
5182, 20848, 9, 0, 21729, 28502, 7654, 7645, 850.44, 1
5183, 20850, 12, 0, 21734, 42827, 21977, 21965, 1831.42, 1
5184, 20858, 1, 0, 21739, 21739, 881, 880, 881.00, 1
5185, 20863, 3, 0, 21740, 21742, 879, 876, 293.00, 1
5186, 20869, 2, 0, 21743, 21744, 875, 873, 437.50, 1
5187, 20872, 2, 0, 21745, 21746, 874, 872, 437.00, 1
5188, 20873, 2, 0, 21747, 21748, 875, 873, 437.50, 1
5189, 20878, 4, 0, 21749, 21752, 874, 870, 218.50, 1
5190, 20883, 19, 0, 21753, 47351, 26468, 26449, 1393.05, 1
5191, 20896, 5, 0, 21758, 21762, 866, 861, 173.20, 1
5192, 20900, 2, 0, 21763, 21764, 864, 862, 432.00, 1
5193, 20901, 1, 0, 21765, 21765, 864, 863, 864.00, 1
5194, 20908, 1, 0, 21766, 21766, 858, 857, 858.00, 1
5195, 20924, 1, 0, 21767, 21767, 843, 842, 843.00, 1
5196, 20930, 2, 0, 21768, 21769, 839, 837, 419.50, 1
5197, 20931, 8, 0, 21770, 28515, 7584, 7576, 948.00, 1
5198, 20939, 4, 0, 21775, 21778, 839, 835, 209.75, 1
5199, 20941, 6, 0, 21779, 28516, 7575, 7569, 1262.50, 1
5200, 20945, 2, 0, 21784, 21785, 840, 838, 420.00, 1
5201, 20954, 1, 0, 21786, 21786, 832, 831, 832.00, 1
5202, 20959, 2, 0, 21787, 21788, 829, 827, 414.50, 1
5203, 20961, 1, 0, 21789, 21789, 828, 827, 828.00, 1
5204, 20962, 1, 0, 21790, 21790, 828, 827, 828.00, 1
5205, 20966, 5, 0, 21791, 21795, 829, 824, 165.80, 1
5206, 20983, 3, 0, 21796, 21798, 815, 812, 271.67, 1
5207, 20988, 1, 0, 21799, 21799, 811, 810, 811.00, 1
5208, 20993, 7, 0, 21800, 28518, 7525, 7518, 1075.00, 1
5209, 20995, 1, 0, 21805, 21805, 810, 809, 810.00, 1
5210, 20996, 3, 0, 21806, 21808, 812, 809, 270.67, 1
5211, 20999, 4, 0, 21809, 21812, 813, 809, 203.25, 1
5212, 21009, 2, 0, 21813, 21814, 805, 803, 402.50, 1
5213, 21010, 3, 0, 21815, 21817, 807, 804, 269.00, 1
5214, 21014, 9, 0, 21818, 28522, 7508, 7499, 834.22, 1
5215, 21015, 24, 0, 21823, 48865, 27850, 27826, 1160.42, 1
5216, 21022, 3, 0, 21828, 21830, 808, 805, 269.33, 1
5217, 21024, 1, 0, 21831, 21831, 807, 806, 807.00, 1
5218, 21027, 9, 0, 21832, 28531, 7504, 7495, 833.78, 1
5219, 21028, 4, 0, 21837, 21840, 812, 808, 203.00, 1
5220, 21032, 4, 0, 21841, 21844, 812, 808, 203.00, 1
5221, 21033, 1, 0, 21845, 21845, 812, 811, 812.00, 1
5222, 21034, 7, 0, 21846, 28533, 7499, 7492, 1071.29, 1
5223, 21035, 3, 0, 21851, 21853, 818, 815, 272.67, 1
5224, 21036, 3, 0, 21854, 21856, 820, 817, 273.33, 1
5225, 21038, 6, 0, 21857, 28534, 7496, 7490, 1249.33, 1
5226, 21052, 4, 0, 21862, 21865, 813, 809, 203.25, 1
5227, 21057, 12, 0, 21866, 42839, 21782, 21770, 1815.17, 1
5228, 21059, 15, 0, 21871, 42844, 21785, 21770, 1452.33, 1
5229, 21060, 3, 0, 21876, 21878, 818, 815, 272.67, 1
5230, 21062, 3, 0, 21879, 21881, 819, 816, 273.00, 1
5231, 21063, 1, 0, 21882, 21882, 819, 818, 819.00, 1
5232, 21065, 1, 0, 21883, 21883, 818, 817, 818.00, 1
5233, 21072, 5, 0, 21884, 21888, 816, 811, 163.20, 1
5234, 21074, 10, 0, 21889, 28549, 7475, 7465, 747.50, 1
5235, 21082, 1, 0, 21894, 21894, 812, 811, 812.00, 1
5236, 21083, 15, 0, 21895, 42849, 21766, 21751, 1451.07, 1
5237, 21085, 2, 0, 21900, 21901, 816, 814, 408.00, 1
5238, 21086, 1, 0, 21902, 21902, 816, 815, 816.00, 1
5239, 21093, 5, 0, 21903, 21907, 814, 809, 162.80, 1
5240, 21094, 2, 0, 21908, 21909, 815, 813, 407.50, 1
5241, 21104, 17, 0, 21910, 47358, 26254, 26237, 1544.35, 1
5242, 21105, 5, 0, 21915, 21919, 814, 809, 162.80, 1
5243, 21107, 2, 0, 21920, 21921, 814, 812, 407.00, 1
5244, 21108, 5, 0, 21922, 21926, 818, 813, 163.60, 1
5245, 21109, 6, 0, 21927, 28560, 7451, 7445, 1241.83, 1
5246, 21112, 2, 0, 21932, 21933, 821, 819, 410.50, 1
5247, 21113, 12, 0, 21934, 42856, 21743, 21731, 1811.92, 1
5248, 21114, 7, 0, 21939, 28567, 7453, 7446, 1064.71, 1
5249, 21116, 5, 0, 21944, 21948, 832, 827, 166.40, 1
5250, 21125, 2, 0, 21949, 21950, 825, 823, 412.50, 1
5251, 21128, 7, 0, 21951, 28569, 7441, 7434, 1063.00, 1
5252, 21129, 11, 0, 21956, 42857, 21728, 21717, 1975.27, 1
5253, 21133, 1, 0, 21961, 21961, 828, 827, 828.00, 1
5254, 21138, 1, 0, 21962, 21962, 824, 823, 824.00, 1
5255, 21142, 7, 0, 21963, 28576, 7434, 7427, 1062.00, 1
5256, 21143, 6, 0, 21968, 28577, 7434, 7428, 1239.00, 1
5257, 21144, 10, 0, 21973, 28582, 7438, 7428, 743.80, 1
5258, 21146, 1, 0, 21978, 21978, 832, 831, 832.00, 1
5259, 21148, 1, 0, 21979, 21979, 831, 830, 831.00, 1
5260, 21149, 12, 0, 21980, 42859, 21710, 21698, 1809.17, 1
5261, 21152, 3, 0, 21985, 21987, 835, 832, 278.33, 1
5262, 21154, 3, 0, 21988, 21990, 836, 833, 278.67, 1
5263, 21156, 6, 0, 21991, 28588, 7432, 7426, 1238.67, 1
5264, 21160, 2, 0, 21996, 21997, 837, 835, 418.50, 1
5265, 21164, 3, 0, 21998, 22000, 836, 833, 278.67, 1
5266, 21165, 2, 0, 22001, 22002, 837, 835, 418.50, 1
5267, 21167, 1, 0, 22003, 22003, 836, 835, 836.00, 1
5268, 21169, 5, 0, 22004, 22008, 839, 834, 167.80, 1
5269, 21170, 2, 0, 22009, 22010, 840, 838, 420.00, 1
5270, 21176, 2, 0, 22011, 22012, 836, 834, 418.00, 1
5271, 21178, 1, 0, 22013, 22013, 835, 834, 835.00, 1
5272, 21187, 6, 0, 22014, 28589, 7402, 7396, 1233.67, 1
5273, 21188, 15, 0, 22019, 42864, 21676, 21661, 1445.07, 1
5274, 21189, 2, 0, 22024, 22025, 836, 834, 418.00, 1
5275, 21192, 3, 0, 22026, 22028, 836, 833, 278.67, 1
5276, 21193, 4, 0, 22029, 22032, 839, 835, 209.75, 1
5277, 21200, 4, 0, 22033, 22036, 836, 832, 209.00, 1
5278, 21203, 3, 0, 22037, 22039, 836, 833, 278.67, 1
5279, 21205, 6, 0, 22040, 28595, 7390, 7384, 1231.67, 1
5280, 21207, 10, 0, 22045, 28600, 7393, 7383, 739.30, 1
5281, 21215, 2, 0, 22050, 22051, 836, 834, 418.00, 1
5282, 21219, 3, 0, 22052, 22054, 835, 832, 278.33, 1
5283, 21223, 3, 0, 22055, 22057, 834, 831, 278.00, 1
5284, 21226, 1, 0, 22058, 22058, 832, 831, 832.00, 1
5285, 21228, 8, 0, 22059, 28603, 7375, 7367, 921.88, 1
5286, 21229, 4, 0, 22064, 22067, 838, 834, 209.50, 1
5287, 21231, 2, 0, 22068, 22069, 838, 836, 419.00, 1
5288, 21239, 1, 0, 22070, 22070, 831, 830, 831.00, 1
5289, 21241, 7, 0, 22071, 28605, 7364, 7357, 1052.00, 1
5290, 21242, 6, 0, 22076, 28606, 7364, 7358, 1227.33, 1
5291, 21246, 5, 0, 22081, 22085, 839, 834, 167.80, 1
5292, 21248, 4, 0, 22086, 22089, 841, 837, 210.25, 1
5293, 21249, 2, 0, 22090, 22091, 842, 840, 421.00, 1
5294, 21251, 4, 0, 22092, 22095, 844, 840, 211.00, 1
5295, 21253, 4, 0, 22096, 22099, 846, 842, 211.50, 1
5296, 21262, 7, 0, 22100, 28608, 7346, 7339, 1049.43, 1
5297, 21263, 4, 0, 22105, 22108, 845, 841, 211.25, 1
5298, 21266, 9, 0, 22109, 28612, 7346, 7337, 816.22, 1
5299, 21271, 1, 0, 22114, 22114, 843, 842, 843.00, 1
5300, 21272, 4, 0, 22115, 22118, 846, 842, 211.50, 1
5301, 21273, 1, 0, 22119, 22119, 846, 845, 846.00, 1
5302, 21276, 1, 0, 22120, 22120, 844, 843, 844.00, 1
5303, 21279, 3, 0, 22121, 22123, 844, 841, 281.33, 1
5304, 21280, 3, 0, 22124, 22126, 846, 843, 282.00, 1
5305, 21288, 3, 0, 22127, 22129, 841, 838, 280.33, 1
5306, 21290, 6, 0, 22130, 28613, 7323, 7317, 1220.50, 1
5307, 21293, 6, 0, 22135, 28614, 7321, 7315, 1220.17, 1
5308, 21296, 14, 0, 22140, 42868, 21572, 21558, 1540.86, 1
5309, 21298, 2, 0, 22145, 22146, 848, 846, 424.00, 1
5310, 21301, 3, 0, 22147, 22149, 848, 845, 282.67, 1
5311, 21303, 3, 0, 22150, 22152, 849, 846, 283.00, 1
5312, 21310, 4, 0, 22153, 22156, 846, 842, 211.50, 1
5313, 21313, 1, 0, 22157, 22157, 844, 843, 844.00, 1
5314, 21314, 4, 0, 22158, 22161, 847, 843, 211.75, 1
5315, 21325, 1, 0, 22162, 22162, 837, 836, 837.00, 1
5316, 21327, 4, 0, 22163, 22166, 839, 835, 209.75, 1
5317, 21332, 2, 0, 22167, 22168, 836, 834, 418.00, 1
5318, 21334, 3, 0, 22169, 22171, 837, 834, 279.00, 1
5319, 21336, 1, 0, 22172, 22172, 836, 835, 836.00, 1
5320, 21348, 1, 0, 22173, 22173, 825, 824, 825.00, 1
5321, 21351, 2, 0, 22174, 22175, 824, 822, 412.00, 1
5322, 21357, 2, 0, 22176, 22177, 820, 818, 410.00, 1
5323, 21359, 2, 0, 22178, 22179, 820, 818, 410.00, 1
5324, 21373, 4, 0, 22180, 22183, 810, 806, 202.50, 1
5325, 21378, 10, 0, 22184, 28624, 7246, 7236, 724.60, 1
5326, 21391, 4, 0, 22189, 22192, 801, 797, 200.25, 1
5327, 21394, 2, 0, 22193, 22194, 800, 798, 400.00, 1
5328, 21398, 3, 0, 22195, 22197, 799, 796, 266.33, 1
5329, 21402, 6, 0, 22198, 28625, 7223, 7217, 1203.83, 1
5330, 21404, 5, 0, 22203, 22207, 803, 798, 160.60, 1
5331, 21405, 4, 0, 22208, 22211, 806, 802, 201.50, 1
5332, 21413, 10, 0, 22212, 28630, 7217, 7207, 721.70, 1
5333, 21423, 11, 0, 22217, 42869, 21446, 21435, 1949.64, 1
5334, 21428, 2, 0, 22222, 22223, 795, 793, 397.50, 1
5335, 21437, 7, 0, 22224, 28637, 7200, 7193, 1028.57, 1
5336, 21441, 1, 0, 22229, 22229, 788, 787, 788.00, 1
5337, 21443, 2, 0, 22230, 22231, 788, 786, 394.00, 1
5338, 21445, 14, 0, 22232, 42873, 21428, 21414, 1530.57, 1
5339, 21456, 10, 0, 22237, 28647, 7191, 7181, 719.10, 1
5340, 21457, 5, 0, 22242, 22246, 789, 784, 157.80, 1
5341, 21458, 1, 0, 22247, 22247, 789, 788, 789.00, 1
5342, 21466, 1, 0, 22248, 22248, 782, 781, 782.00, 1
5343, 21470, 4, 0, 22249, 22252, 782, 778, 195.50, 1
5344, 21476, 7, 0, 22253, 28649, 7173, 7166, 1024.71, 1
5345, 21482, 1, 0, 22258, 22258, 776, 775, 776.00, 1
5346, 21485, 5, 0, 22259, 22263, 778, 773, 155.60, 1
5347, 21495, 19, 0, 22264, 47362, 25867, 25848, 1361.42, 1
5348, 21500, 16, 0, 22269, 47363, 25863, 25847, 1616.44, 1
5349, 21507, 4, 0, 22274, 22277, 770, 766, 192.50, 1
5350, 21508, 1, 0, 22278, 22278, 770, 769, 770.00, 1
5351, 21510, 1, 0, 22279, 22279, 769, 768, 769.00, 1
5352, 21511, 1, 0, 22280, 22280, 769, 768, 769.00, 1
5353, 21516, 4, 0, 22281, 22284, 768, 764, 192.00, 1
5354, 21518, 33, 0, 22285, 49536, 28018, 27985, 849.03, 1
5355, 21529, 1, 0, 22290, 22290, 761, 760, 761.00, 1
5356, 21535, 2, 0, 22291, 22292, 757, 755, 378.50, 1
5357, 21536, 2, 0, 22293, 22294, 758, 756, 379.00, 1
5358, 21538, 2, 0, 22295, 22296, 758, 756, 379.00, 1
5359, 21559, 1, 0, 22297, 22297, 738, 737, 738.00, 1
5360, 21565, 8, 0, 22298, 28667, 7102, 7094, 887.75, 1
5361, 21566, 5, 0, 22303, 22307, 741, 736, 148.20, 1
5362, 21575, 2, 0, 22308, 22309, 734, 732, 367.00, 1
5363, 21576, 11, 0, 22310, 42889, 21313, 21302, 1937.55, 1
5364, 21577, 12, 0, 22315, 42891, 21314, 21302, 1776.17, 1
5365, 21580, 11, 0, 22320, 42892, 21312, 21301, 1937.45, 1
5366, 21584, 3, 0, 22325, 22327, 743, 740, 247.67, 1
5367, 21610, 7, 0, 22328, 28684, 7074, 7067, 1010.57, 1
5368, 21613, 7, 0, 22333, 28686, 7073, 7066, 1010.43, 1
5369, 21616, 12, 0, 22338, 42894, 21278, 21266, 1773.17, 1
5370, 21618, 11, 0, 22343, 42895, 21277, 21266, 1934.27, 1
5371, 21622, 2, 0, 22348, 22349, 727, 725, 363.50, 1
5372, 21623, 3, 0, 22350, 22352, 729, 726, 243.00, 1
5373, 21630, 1, 0, 22353, 22353, 723, 722, 723.00, 1
5374, 21633, 1, 0, 22354, 22354, 721, 720, 721.00, 1
5375, 21634, 3, 0, 22355, 22357, 723, 720, 241.00, 1
5376, 21639, 8, 0, 22358, 28699, 7060, 7052, 882.50, 1
5377, 21646, 3, 0, 22363, 22365, 719, 716, 239.67, 1
5378, 21652, 3, 0, 22366, 22368, 716, 713, 238.67, 1
5379, 21653, 2, 0, 22369, 22370, 717, 715, 358.50, 1
5380, 21656, 2, 0, 22371, 22372, 716, 714, 358.00, 1
5381, 21658, 1, 0, 22373, 22373, 715, 714, 715.00, 1
5382, 21659, 11, 0, 22374, 42896, 21237, 21226, 1930.64, 1
5383, 21661, 9, 0, 22379, 28708, 7047, 7038, 783.00, 1
5384, 21663, 1, 0, 22384, 22384, 721, 720, 721.00, 1
5385, 21665, 1, 0, 22385, 22385, 720, 719, 720.00, 1
5386, 21668, 3, 0, 22386, 22388, 720, 717, 240.00, 1
5387, 21669, 1, 0, 22389, 22389, 720, 719, 720.00, 1
5388, 21672, 10, 0, 22390, 28713, 7041, 7031, 704.10, 1
5389, 21679, 6, 0, 22395, 28714, 7035, 7029, 1172.50, 1
5390, 21682, 3, 0, 22400, 22402, 720, 717, 240.00, 1
5391, 21686, 1, 0, 22403, 22403, 717, 716, 717.00, 1
5392, 21692, 3, 0, 22404, 22406, 714, 711, 238.00, 1
5393, 21695, 1, 0, 22407, 22407, 712, 711, 712.00, 1
5394, 21698, 7, 0, 22408, 28716, 7018, 7011, 1002.57, 1
5395, 21699, 3, 0, 22413, 22415, 716, 713, 238.67, 1
5396, 21703, 3, 0, 22416, 22418, 715, 712, 238.33, 1
5397, 21708, 9, 0, 22419, 28720, 7012, 7003, 779.11, 1
5398, 21711, 5, 0, 22424, 22428, 717, 712, 143.40, 1
5399, 21714, 7, 0, 22429, 28722, 7008, 7001, 1001.14, 1
5400, 21716, 2, 0, 22434, 22435, 719, 717, 359.50, 1
5401, 21725, 3, 0, 22436, 22438, 713, 710, 237.67, 1
5402, 21731, 7, 0, 22439, 28724, 6993, 6986, 999.00, 1
5403, 21732, 1, 0, 22444, 22444, 712, 711, 712.00, 1
5404, 21743, 5, 0, 22445, 22449, 706, 701, 141.20, 1
5405, 21751, 3, 0, 22450, 22452, 701, 698, 233.67, 1
5406, 21756, 5, 0, 22453, 22457, 701, 696, 140.20, 1
5407, 21758, 7, 0, 22458, 28726, 6968, 6961, 995.43, 1
5408, 21763, 1, 0, 22463, 22463, 700, 699, 700.00, 1
5409, 21768, 16, 0, 22464, 47369, 25601, 25585, 1600.06, 1
5410, 21769, 13, 0, 22469, 42904, 21135, 21122, 1625.77, 1
5411, 21773, 1, 0, 22474, 22474, 701, 700, 701.00, 1
5412, 21781, 3, 0, 22475, 22477, 696, 693, 232.00, 1
5413, 21789, 5, 0, 22478, 22482, 693, 688, 138.60, 1
5414, 21790, 11, 0, 22483, 42905, 21115, 21104, 1919.55, 1
5415, 21797, 5, 0, 22488, 22492, 695, 690, 139.00, 1
5416, 21804, 4, 0, 22493, 22496, 692, 688, 173.00, 1
5417, 21805, 3, 0, 22497, 22499, 694, 691, 231.33, 1
5418, 21808, 2, 0, 22500, 22501, 693, 691, 346.50, 1
5419, 21811, 6, 0, 22502, 28742, 6931, 6925, 1155.17, 1
5420, 21813, 1, 0, 22507, 22507, 694, 693, 694.00, 1
5421, 21816, 13, 0, 22508, 42908, 21092, 21079, 1622.46, 1
5422, 21821, 3, 0, 22513, 22515, 694, 691, 231.33, 1
5423, 21825, 2, 0, 22516, 22517, 692, 690, 346.00, 1
5424, 21827, 3, 0, 22518, 22520, 693, 690, 231.00, 1
5425, 21831, 2, 0, 22521, 22522, 691, 689, 345.50, 1
5426, 21839, 2, 0, 22523, 22524, 685, 683, 342.50, 1
5427, 21842, 7, 0, 22525, 28749, 6907, 6900, 986.71, 1
5428, 21849, 7, 0, 22530, 28751, 6902, 6895, 986.00, 1
5429, 21850, 2, 0, 22535, 22536, 686, 684, 343.00, 1
5430, 21854, 3, 0, 22537, 22539, 685, 682, 228.33, 1
5431, 21858, 3, 0, 22540, 22542, 684, 681, 228.00, 1
5432, 21859, 1, 0, 22543, 22543, 684, 683, 684.00, 1
5433, 21868, 1, 0, 22544, 22544, 676, 675, 676.00, 1
5434, 21869, 2, 0, 22545, 22546, 677, 675, 338.50, 1
5435, 21870, 2, 0, 22547, 22548, 678, 676, 339.00, 1
5436, 21874, 1, 0, 22549, 22549, 675, 674, 675.00, 1
5437, 21881, 7, 0, 22550, 28753, 6872, 6865, 981.71, 1
5438, 21897, 11, 0, 22555, 42909, 21012, 21001, 1910.18, 1
5439, 21909, 13, 0, 22560, 42912, 21003, 20990, 1615.62, 1
5440, 21912, 1, 0, 22565, 22565, 653, 652, 653.00, 1
5441, 21915, 8, 0, 22566, 28766, 6851, 6843, 856.38, 1
5442, 21924, 3, 0, 22571, 22573, 649, 646, 216.33, 1
5443, 21925, 2, 0, 22574, 22575, 650, 648, 325.00, 1
5444, 21926, 1, 0, 22576, 22576, 650, 649, 650.00, 1
5445, 21932, 5, 0, 22577, 22581, 649, 644, 129.80, 1
5446, 21933, 1, 0, 22582, 22582, 649, 648, 649.00, 1
5447, 21937, 1, 0, 22583, 22583, 646, 645, 646.00, 1
5448, 21940, 1, 0, 22584, 22584, 644, 643, 644.00, 1
5449, 21951, 1, 0, 22585, 22585, 634, 633, 634.00, 1
5450, 21953, 5, 0, 22586, 22590, 637, 632, 127.40, 1
5451, 21955, 1, 0, 22591, 22591, 636, 635, 636.00, 1
5452, 21963, 2, 0, 22592, 22593, 630, 628, 315.00, 1
5453, 21967, 5, 0, 22594, 22598, 631, 626, 126.20, 1
5454, 21968, 4, 0, 22599, 22602, 634, 630, 158.50, 1
5455, 21970, 4, 0, 22603, 22606, 636, 632, 159.00, 1
5456, 21974, 4, 0, 22607, 22610, 636, 632, 159.00, 1
5457, 21980, 5, 0, 22611, 22615, 635, 630, 127.00, 1
5458, 21985, 1, 0, 22616, 22616, 631, 630, 631.00, 1
5459, 21988, 4, 0, 22617, 22620, 632, 628, 158.00, 1
5460, 22003, 1, 0, 22621, 22621, 618, 617, 618.00, 1
5461, 22005, 3, 0, 22622, 22624, 619, 616, 206.33, 1
5462, 22006, 1, 0, 22625, 22625, 619, 618, 619.00, 1
5463, 22014, 5, 0, 22626, 22630, 616, 611, 123.20, 1
5464, 22017, 14, 0, 22631, 42916, 20899, 20885, 1492.79, 1
5465, 22019, 5, 0, 22636, 22640, 621, 616, 124.20, 1
5466, 22020, 12, 0, 22641, 42918, 20898, 20886, 1741.50, 1
5467, 22022, 3, 0, 22646, 22648, 626, 623, 208.67, 1
5468, 22025, 3, 0, 22649, 22651, 626, 623, 208.67, 1
5469, 22027, 1, 0, 22652, 22652, 625, 624, 625.00, 1
5470, 22028, 3, 0, 22653, 22655, 627, 624, 209.00, 1
5471, 22031, 8, 0, 22656, 28779, 6748, 6740, 843.50, 1
5472, 22037, 3, 0, 22661, 22663, 626, 623, 208.67, 1
5473, 22038, 3, 0, 22664, 22666, 628, 625, 209.33, 1
5474, 22042, 5, 0, 22667, 22671, 629, 624, 125.80, 1
5475, 22043, 22, 0, 22672, 48872, 26829, 26807, 1219.50, 1
5476, 22046, 2, 0, 22677, 22678, 632, 630, 316.00, 1
5477, 22047, 3, 0, 22679, 22681, 634, 631, 211.33, 1
5478, 22052, 2, 0, 22682, 22683, 631, 629, 315.50, 1
5479, 22054, 1, 0, 22684, 22684, 630, 629, 630.00, 1
5480, 22056, 4, 0, 22685, 22688, 632, 628, 158.00, 1
5481, 22058, 1, 0, 22689, 22689, 631, 630, 631.00, 1
5482, 22059, 10, 0, 22690, 28789, 6730, 6720, 673.00, 1
5483, 22064, 1, 0, 22695, 22695, 631, 630, 631.00, 1
5484, 22071, 4, 0, 22696, 22699, 628, 624, 157.00, 1
5485, 22072, 4, 0, 22700, 22703, 631, 627, 157.75, 1
5486, 22077, 3, 0, 22704, 22706, 629, 626, 209.67, 1
5487, 22085, 24, 0, 22707, 48876, 26791, 26767, 1116.29, 1
5488, 22086, 6, 0, 22712, 28795, 6709, 6703, 1118.17, 1
5489, 22088, 10, 0, 22717, 28800, 6712, 6702, 671.20, 1
5490, 22090, 1, 0, 22722, 22722, 632, 631, 632.00, 1
5491, 22093, 2, 0, 22723, 22724, 631, 629, 315.50, 1
5492, 22094, 5, 0, 22725, 22729, 635, 630, 127.00, 1
5493, 22098, 11, 0, 22730, 42929, 20831, 20820, 1893.73, 1
5494, 22100, 4, 0, 22735, 22738, 638, 634, 159.50, 1
5495, 22101, 4, 0, 22739, 22742, 641, 637, 160.25, 1
5496, 22104, 4, 0, 22743, 22746, 642, 638, 160.50, 1
5497, 22106, 13, 0, 22747, 42932, 20826, 20813, 1602.00, 1
5498, 22109, 1, 0, 22752, 22752, 643, 642, 643.00, 1
5499, 22114, 2, 0, 22753, 22754, 640, 638, 320.00, 1
5500, 22116, 11, 0, 22755, 42933, 20817, 20806, 1892.45, 1
5501, 22131, 4, 0, 22760, 22763, 632, 628, 158.00, 1
5502, 22136, 3, 0, 22764, 22766, 630, 627, 210.00, 1
5503, 22138, 4, 0, 22767, 22770, 632, 628, 158.00, 1
5504, 22141, 1, 0, 22771, 22771, 630, 629, 630.00, 1
5505, 22143, 1, 0, 22772, 22772, 629, 628, 629.00, 1
5506, 22147, 6, 0, 22773, 28816, 6669, 6663, 1111.50, 1
5507, 22150, 19, 0, 22778, 47383, 25233, 25214, 1328.05, 1
5508, 22152, 5, 0, 22783, 22787, 635, 630, 127.00, 1
5509, 22157, 4, 0, 22788, 22791, 634, 630, 158.50, 1
5510, 22158, 4, 0, 22792, 22795, 637, 633, 159.25, 1
5511, 22169, 5, 0, 22796, 22800, 631, 626, 126.20, 1
5512, 22170, 5, 0, 22801, 22805, 635, 630, 127.00, 1
5513, 22176, 3, 0, 22806, 22808, 632, 629, 210.67, 1
5514, 22177, 5, 0, 22809, 22813, 636, 631, 127.20, 1
5515, 22178, 7, 0, 22814, 28823, 6645, 6638, 949.29, 1
5516, 22182, 15, 0, 22819, 42943, 20761, 20746, 1384.07, 1
5517, 22184, 7, 0, 22824, 28830, 6646, 6639, 949.43, 1
5518, 22185, 5, 0, 22829, 22833, 648, 643, 129.60, 1
5519, 22188, 2, 0, 22834, 22835, 647, 645, 323.50, 1
5520, 22190, 3, 0, 22836, 22838, 648, 645, 216.00, 1
5521, 22194, 6, 0, 22839, 28831, 6637, 6631, 1106.17, 1
5522, 22201, 5, 0, 22844, 22848, 647, 642, 129.40, 1
5523, 22205, 1, 0, 22849, 22849, 644, 643, 644.00, 1
5524, 22206, 3, 0, 22850, 22852, 646, 643, 215.33, 1
5525, 22209, 1, 0, 22853, 22853, 644, 643, 644.00, 1
5526, 22220, 1, 0, 22854, 22854, 634, 633, 634.00, 1
5527, 22226, 1, 0, 22855, 22855, 629, 628, 629.00, 1
5528, 22227, 7, 0, 22856, 28833, 6606, 6599, 943.71, 1
5529, 22230, 1, 0, 22861, 22861, 631, 630, 631.00, 1
5530, 22235, 4, 0, 22862, 22865, 630, 626, 157.50, 1
5531, 22239, 5, 0, 22866, 22870, 631, 626, 126.20, 1
5532, 22251, 1, 0, 22871, 22871, 620, 619, 620.00, 1
5533, 22256, 4, 0, 22872, 22875, 619, 615, 154.75, 1
5534, 22260, 6, 0, 22876, 28834, 6574, 6568, 1095.67, 1
5535, 22264, 3, 0, 22881, 22883, 619, 616, 206.33, 1
5536, 22267, 2, 0, 22884, 22885, 618, 616, 309.00, 1
5537, 22273, 10, 0, 22886, 28839, 6566, 6556, 656.60, 1
5538, 22276, 1, 0, 22891, 22891, 615, 614, 615.00, 1
5539, 22277, 6, 0, 22892, 28840, 6563, 6557, 1093.83, 1
5540, 22278, 5, 0, 22897, 22901, 623, 618, 124.60, 1
5541, 22281, 1, 0, 22902, 22902, 621, 620, 621.00, 1
5542, 22283, 1, 0, 22903, 22903, 620, 619, 620.00, 1
5543, 22288, 3, 0, 22904, 22906, 618, 615, 206.00, 1
5544, 22289, 2, 0, 22907, 22908, 619, 617, 309.50, 1
5545, 22296, 4, 0, 22909, 22912, 616, 612, 154.00, 1
5546, 22298, 1, 0, 22913, 22913, 615, 614, 615.00, 1
5547, 22301, 5, 0, 22914, 22918, 617, 612, 123.40, 1
5548, 22305, 6, 0, 22919, 28841, 6536, 6530, 1089.33, 1
5549, 22309, 10, 0, 22924, 28846, 6537, 6527, 653.70, 1
5550, 22310, 1, 0, 22929, 22929, 619, 618, 619.00, 1
5551, 22320, 2, 0, 22930, 22931, 611, 609, 305.50, 1
5552, 22323, 9, 0, 22932, 28850, 6527, 6518, 725.22, 1
5553, 22332, 1, 0, 22937, 22937, 605, 604, 605.00, 1
5554, 22334, 13, 0, 22938, 42946, 20612, 20599, 1585.54, 1
5555, 22338, 3, 0, 22943, 22945, 607, 604, 202.33, 1
5556, 22339, 1, 0, 22946, 22946, 607, 606, 607.00, 1
5557, 22343, 1, 0, 22947, 22947, 604, 603, 604.00, 1
5558, 22353, 5, 0, 22948, 22952, 599, 594, 119.80, 1
5559, 22354, 6, 0, 22953, 28856, 6502, 6496, 1083.67, 1
5560, 22355, 7, 0, 22958, 28858, 6503, 6496, 929.00, 1
5561, 22362, 3, 0, 22963, 22965, 603, 600, 201.00, 1
5562, 22367, 7, 0, 22966, 28860, 6493, 6486, 927.57, 1
5563, 22370, 1, 0, 22971, 22971, 601, 600, 601.00, 1
5564, 22372, 4, 0, 22972, 22975, 603, 599, 150.75, 1
5565, 22375, 2, 0, 22976, 22977, 602, 600, 301.00, 1
5566, 22381, 2, 0, 22978, 22979, 598, 596, 299.00, 1
5567, 22383, 3, 0, 22980, 22982, 599, 596, 199.67, 1
5568, 22391, 3, 0, 22983, 22985, 594, 591, 198.00, 1
5569, 22396, 8, 0, 22986, 28863, 6467, 6459, 808.38, 1
5570, 22398, 6, 0, 22991, 28864, 6466, 6460, 1077.67, 1
5571, 22400, 4, 0, 22996, 22999, 599, 595, 149.75, 1
5572, 22402, 17, 0, 23000, 47385, 24983, 24966, 1469.59, 1
5573, 22403, 17, 0, 23005, 47387, 24984, 24967, 1469.65, 1
5574, 22407, 1, 0, 23010, 23010, 603, 602, 603.00, 1
5575, 22408, 1, 0, 23011, 23011, 603, 602, 603.00, 1
5576, 22411, 2, 0, 23012, 23013, 602, 600, 301.00, 1
5577, 22412, 4, 0, 23014, 23017, 605, 601, 151.25, 1
5578, 22414, 6, 0, 23018, 28875, 6461, 6455, 1076.83, 1
5579, 22415, 6, 0, 23023, 28876, 6461, 6455, 1076.83, 1
5580, 22416, 3, 0, 23028, 23030, 614, 611, 204.67, 1
5581, 22421, 2, 0, 23031, 23032, 611, 609, 305.50, 1
5582, 22423, 2, 0, 23033, 23034, 611, 609, 305.50, 1
5583, 22425, 2, 0, 23035, 23036, 611, 609, 305.50, 1
5584, 22429, 2, 0, 23037, 23038, 609, 607, 304.50, 1
5585, 22431, 2, 0, 23039, 23040, 609, 607, 304.50, 1
5586, 22434, 1, 0, 23041, 23041, 607, 606, 607.00, 1
5587, 22438, 4, 0, 23042, 23045, 607, 603, 151.75, 1
5588, 22443, 1, 0, 23046, 23046, 603, 602, 603.00, 1
5589, 22445, 24, 0, 23047, 48880, 26435, 26411, 1101.46, 1
5590, 22447, 2, 0, 23052, 23053, 606, 604, 303.00, 1
5591, 22449, 15, 0, 23054, 42966, 20517, 20502, 1367.80, 1
5592, 22454, 4, 0, 23059, 23062, 608, 604, 152.00, 1
5593, 22460, 2, 0, 23063, 23064, 604, 602, 302.00, 1
5594, 22470, 2, 0, 23065, 23066, 596, 594, 298.00, 1
5595, 22476, 4, 0, 23067, 23070, 594, 590, 148.50, 1
5596, 22477, 1, 0, 23071, 23071, 594, 593, 594.00, 1
5597, 22482, 2, 0, 23072, 23073, 591, 589, 295.50, 1
5598, 22484, 1, 0, 23074, 23074, 590, 589, 590.00, 1
5599, 22487, 4, 0, 23075, 23078, 591, 587, 147.75, 1
5600, 22489, 6, 0, 23079, 28887, 6398, 6392, 1066.33, 1
5601, 22491, 5, 0, 23084, 23088, 597, 592, 119.40, 1
5602, 22492, 4, 0, 23089, 23092, 600, 596, 150.00, 1
5603, 22494, 8, 0, 23093, 28890, 6396, 6388, 799.50, 1
5604, 22499, 11, 0, 23098, 42967, 20468, 20457, 1860.73, 1
5605, 22503, 1, 0, 23103, 23103, 600, 599, 600.00, 1
5606, 22510, 8, 0, 23104, 28898, 6388, 6380, 798.50, 1
5607, 22514, 22, 0, 23109, 48882, 26368, 26346, 1198.55, 1
5608, 22517, 7, 0, 23114, 28905, 6388, 6381, 912.57, 1
5609, 22521, 2, 0, 23119, 23120, 599, 597, 299.50, 1
5610, 22525, 9, 0, 23121, 28909, 6384, 6375, 709.33, 1
5611, 22528, 9, 0, 23126, 28913, 6385, 6376, 709.44, 1
5612, 22531, 2, 0, 23131, 23132, 601, 599, 300.50, 1
5613, 22532, 3, 0, 23133, 23135, 603, 600, 201.00, 1
5614, 22536, 2, 0, 23136, 23137, 601, 599, 300.50, 1
5615, 22541, 8, 0, 23138, 28916, 6375, 6367, 796.88, 1
5616, 22543, 2, 0, 23143, 23144, 601, 599, 300.50, 1
5617, 22547, 1, 0, 23145, 23145, 598, 597, 598.00, 1
5618, 22549, 1, 0, 23146, 23146, 597, 596, 597.00, 1
5619, 22555, 10, 0, 23147, 28921, 6366, 6356, 636.60, 1
5620, 22561, 4, 0, 23152, 23155, 594, 590, 148.50, 1
5621, 22563, 5, 0, 23156, 23160, 597, 592, 119.40, 1
5622, 22569, 3, 0, 23161, 23163, 594, 591, 198.00, 1
5623, 22572, 7, 0, 23164, 28923, 6351, 6344, 907.29, 1
5624, 22575, 6, 0, 23169, 28924, 6349, 6343, 1058.17, 1
5625, 22577, 9, 0, 23174, 28928, 6351, 6342, 705.67, 1
5626, 22580, 1, 0, 23179, 23179, 599, 598, 599.00, 1
5627, 22582, 1, 0, 23180, 23180, 598, 597, 598.00, 1
5628, 22592, 1, 0, 23181, 23181, 589, 588, 589.00, 1
5629, 22593, 3, 0, 23182, 23184, 591, 588, 197.00, 1
5630, 22594, 7, 0, 23185, 28930, 6336, 6329, 905.14, 1
5631, 22602, 14, 0, 23190, 42976, 20374, 20360, 1455.29, 1
5632, 22609, 13, 0, 23195, 42979, 20370, 20357, 1566.92, 1
5633, 22614, 3, 0, 23200, 23202, 588, 585, 196.00, 1
5634, 22616, 3, 0, 23203, 23205, 589, 586, 196.33, 1
5635, 22621, 6, 0, 23206, 28941, 6320, 6314, 1053.33, 1
5636, 22622, 6, 0, 23211, 28942, 6320, 6314, 1053.33, 1
5637, 22624, 4, 0, 23216, 23219, 595, 591, 148.75, 1
5638, 22625, 2, 0, 23220, 23221, 596, 594, 298.00, 1
5639, 22628, 3, 0, 23222, 23224, 596, 593, 198.67, 1
5640, 22632, 6, 0, 23225, 28943, 6311, 6305, 1051.83, 1
5641, 22634, 7, 0, 23230, 28945, 6311, 6304, 901.57, 1
5642, 22643, 6, 0, 23235, 28946, 6303, 6297, 1050.50, 1
5643, 22644, 2, 0, 23240, 23241, 597, 595, 298.50, 1
5644, 22645, 13, 0, 23242, 42982, 20337, 20324, 1564.38, 1
5645, 22657, 4, 0, 23247, 23250, 593, 589, 148.25, 1
5646, 22666, 4, 0, 23251, 23254, 588, 584, 147.00, 1
5647, 22667, 9, 0, 23255, 28955, 6288, 6279, 698.67, 1
5648, 22670, 2, 0, 23260, 23261, 591, 589, 295.50, 1
5649, 22673, 4, 0, 23262, 23265, 592, 588, 148.00, 1
5650, 22678, 1, 0, 23266, 23266, 588, 587, 588.00, 1
5651, 22681, 6, 0, 23267, 28956, 6275, 6269, 1045.83, 1
5652, 22683, 5, 0, 23272, 23276, 593, 588, 118.60, 1
5653, 22684, 1, 0, 23277, 23277, 593, 592, 593.00, 1
5654, 22685, 4, 0, 23278, 23281, 596, 592, 149.00, 1
5655, 22687, 1, 0, 23282, 23282, 595, 594, 595.00, 1
5656, 22698, 3, 0, 23283, 23285, 587, 584, 195.67, 1
5657, 22705, 11, 0, 23286, 42983, 20278, 20267, 1843.45, 1
5658, 22708, 2, 0, 23291, 23292, 584, 582, 292.00, 1
5659, 22715, 16, 0, 23293, 47398, 24683, 24667, 1542.69, 1
5660, 22718, 2, 0, 23298, 23299, 581, 579, 290.50, 1
5661, 22725, 8, 0, 23300, 28969, 6244, 6236, 780.50, 1
5662, 22729, 2, 0, 23305, 23306, 577, 575, 288.50, 1
5663, 22730, 5, 0, 23307, 23311, 581, 576, 116.20, 1
5664, 22732, 2, 0, 23312, 23313, 581, 579, 290.50, 1
5665, 22733, 8, 0, 23314, 28972, 6239, 6231, 779.88, 1
5666, 22734, 5, 0, 23319, 23323, 589, 584, 117.80, 1
5667, 22745, 1, 0, 23324, 23324, 579, 578, 579.00, 1
5668, 22748, 5, 0, 23325, 23329, 581, 576, 116.20, 1
5669, 22749, 12, 0, 23330, 42990, 20241, 20229, 1686.75, 1
5670, 22756, 3, 0, 23335, 23337, 581, 578, 193.67, 1
5671, 22757, 1, 0, 23338, 23338, 581, 580, 581.00, 1
5672, 22758, 6, 0, 23339, 28978, 6220, 6214, 1036.67, 1
5673, 22759, 7, 0, 23344, 28980, 6221, 6214, 888.71, 1
5674, 22764, 1, 0, 23349, 23349, 585, 584, 585.00, 1
5675, 22769, 1, 0, 23350, 23350, 581, 580, 581.00, 1
5676, 22770, 1, 0, 23351, 23351, 581, 580, 581.00, 1
5677, 22781, 6, 0, 23352, 28981, 6200, 6194, 1033.33, 1
5678, 22786, 4, 0, 23357, 23360, 574, 570, 143.50, 1
5679, 22790, 2, 0, 23361, 23362, 572, 570, 286.00, 1
5680, 22795, 2, 0, 23363, 23364, 569, 567, 284.50, 1
5681, 22797, 1, 0, 23365, 23365, 568, 567, 568.00, 1
5682, 22808, 6, 0, 23366, 28982, 6174, 6168, 1029.00, 1
5683, 22809, 3, 0, 23371, 23373, 564, 561, 188.00, 1
5684, 22815, 5, 0, 23374, 23378, 563, 558, 112.60, 1
5685, 22816, 2, 0, 23379, 23380, 564, 562, 282.00, 1
5686, 22819, 3, 0, 23381, 23383, 564, 561, 188.00, 1
5687, 22821, 1, 0, 23384, 23384, 563, 562, 563.00, 1
5688, 22825, 1, 0, 23385, 23385, 560, 559, 560.00, 1
5689, 22830, 2, 0, 23386, 23387, 557, 555, 278.50, 1
5690, 22834, 1, 0, 23388, 23388, 554, 553, 554.00, 1
5691, 22836, 3, 0, 23389, 23391, 555, 552, 185.00, 1
5692, 22837, 8, 0, 23392, 28985, 6148, 6140, 768.50, 1
5693, 22839, 1, 0, 23397, 23397, 558, 557, 558.00, 1
5694, 22842, 2, 0, 23398, 23399, 557, 555, 278.50, 1
5695, 22846, 1, 0, 23400, 23400, 554, 553, 554.00, 1
5696, 22848, 3, 0, 23401, 23403, 555, 552, 185.00, 1
5697, 22850, 2, 0, 23404, 23405, 555, 553, 277.50, 1
5698, 22854, 4, 0, 23406, 23409, 555, 551, 138.75, 1
5699, 22860, 9, 0, 23410, 28989, 6129, 6120, 681.00, 1
5700, 22866, 11, 0, 23415, 42991, 20125, 20114, 1829.55, 1
5701, 22872, 2, 0, 23420, 23421, 549, 547, 274.50, 1
5702, 22877, 2, 0, 23422, 23423, 546, 544, 273.00, 1
5703, 22878, 4, 0, 23424, 23427, 549, 545, 137.25, 1
5704, 22879, 10, 0, 23428, 28999, 6120, 6110, 612.00, 1
5705, 22883, 6, 0, 23433, 29000, 6117, 6111, 1019.50, 1
5706, 22887, 3, 0, 23438, 23440, 553, 550, 184.33, 1
5707, 22888, 8, 0, 23441, 29003, 6115, 6107, 764.38, 1
5708, 22890, 1, 0, 23446, 23446, 556, 555, 556.00, 1
5709, 22891, 6, 0, 23447, 29004, 6113, 6107, 1018.83, 1
5710, 22894, 4, 0, 23452, 23455, 561, 557, 140.25, 1
5711, 22897, 3, 0, 23456, 23458, 561, 558, 187.00, 1
5712, 22898, 7, 0, 23459, 29006, 6108, 6101, 872.57, 1
5713, 22902, 3, 0, 23464, 23466, 564, 561, 188.00, 1
5714, 22912, 3, 0, 23467, 23469, 557, 554, 185.67, 1
5715, 22919, 2, 0, 23470, 23471, 552, 550, 276.00, 1
5716, 22925, 6, 0, 23472, 29007, 6082, 6076, 1013.67, 1
5717, 22927, 1, 0, 23477, 23477, 550, 549, 550.00, 1
5718, 22930, 3, 0, 23478, 23480, 550, 547, 183.33, 1
5719, 22932, 3, 0, 23481, 23483, 551, 548, 183.67, 1
5720, 22936, 3, 0, 23484, 23486, 550, 547, 183.33, 1
5721, 22945, 6, 0, 23487, 29008, 6063, 6057, 1010.50, 1
5722, 22946, 22, 0, 23492, 48884, 25938, 25916, 1179.00, 1
5723, 22950, 7, 0, 23497, 29015, 6065, 6058, 866.43, 1
5724, 22961, 4, 0, 23502, 23505, 544, 540, 136.00, 1
5725, 22962, 5, 0, 23506, 23510, 548, 543, 109.60, 1
5726, 22963, 2, 0, 23511, 23512, 549, 547, 274.50, 1
5727, 22969, 4, 0, 23513, 23516, 547, 543, 136.75, 1
5728, 22974, 2, 0, 23517, 23518, 544, 542, 272.00, 1
5729, 22981, 7, 0, 23519, 29017, 6036, 6029, 862.29, 1
5730, 22987, 4, 0, 23524, 23527, 540, 536, 135.00, 1
5731, 22990, 9, 0, 23528, 29021, 6031, 6022, 670.11, 1
5732, 22991, 5, 0, 23533, 23537, 546, 541, 109.20, 1
5733, 22994, 2, 0, 23538, 23539, 545, 543, 272.50, 1
5734, 22995, 1, 0, 23540, 23540, 545, 544, 545.00, 1
5735, 22998, 4, 0, 23541, 23544, 546, 542, 136.50, 1
5736, 22999, 2, 0, 23545, 23546, 547, 545, 273.50, 1
5737, 23003, 1, 0, 23547, 23547, 544, 543, 544.00, 1
5738, 23004, 13, 0, 23548, 42999, 19995, 19982, 1538.08, 1
5739, 23011, 5, 0, 23553, 23557, 546, 541, 109.20, 1
5740, 23013, 10, 0, 23558, 29031, 6018, 6008, 601.80, 1
5741, 23019, 6, 0, 23563, 29032, 6013, 6007, 1002.17, 1
5742, 23021, 9, 0, 23568, 29036, 6015, 6006, 668.33, 1
5743, 23022, 2, 0, 23573, 23574, 552, 550, 276.00, 1
5744, 23026, 2, 0, 23575, 23576, 550, 548, 275.00, 1
5745, 23030, 13, 0, 23577, 43002, 19972, 19959, 1536.31, 1
5746, 23031, 8, 0, 23582, 29044, 6013, 6005, 751.62, 1
5747, 23036, 3, 0, 23587, 23589, 553, 550, 184.33, 1
5748, 23039, 1, 0, 23590, 23590, 551, 550, 551.00, 1
5749, 23041, 4, 0, 23591, 23594, 553, 549, 138.25, 1
5750, 23043, 1, 0, 23595, 23595, 552, 551, 552.00, 1
5751, 23048, 18, 0, 23596, 47406, 24358, 24340, 1353.22, 1
5752, 23058, 1, 0, 23601, 23601, 543, 542, 543.00, 1
5753, 23063, 2, 0, 23602, 23603, 540, 538, 270.00, 1
5754, 23072, 6, 0, 23604, 29050, 5978, 5972, 996.33, 1
5755, 23079, 9, 0, 23609, 29054, 5975, 5966, 663.89, 1
5756, 23083, 2, 0, 23614, 23615, 532, 530, 266.00, 1
5757, 23084, 7, 0, 23616, 29056, 5972, 5965, 853.14, 1
5758, 23088, 12, 0, 23621, 43009, 19921, 19909, 1660.08, 1
5759, 23090, 1, 0, 23626, 23626, 536, 535, 536.00, 1
5760, 23093, 6, 0, 23627, 29062, 5969, 5963, 994.83, 1
5761, 23096, 14, 0, 23632, 43013, 19917, 19903, 1422.64, 1
5762, 23097, 6, 0, 23637, 29068, 5971, 5965, 995.17, 1
5763, 23102, 2, 0, 23642, 23643, 541, 539, 270.50, 1
5764, 23112, 1, 0, 23644, 23644, 532, 531, 532.00, 1
5765, 23118, 13, 0, 23645, 43016, 19898, 19885, 1530.62, 1
5766, 23122, 6, 0, 23650, 29074, 5952, 5946, 992.00, 1
5767, 23131, 7, 0, 23655, 29076, 5945, 5938, 849.29, 1
5768, 23135, 4, 0, 23660, 23663, 528, 524, 132.00, 1
5769, 23141, 1, 0, 23664, 23664, 523, 522, 523.00, 1
5770, 23142, 5, 0, 23665, 23669, 527, 522, 105.40, 1
5771, 23148, 1, 0, 23670, 23670, 522, 521, 522.00, 1
5772, 23151, 6, 0, 23671, 29077, 5926, 5920, 987.67, 1
5773, 23157, 6, 0, 23676, 29078, 5921, 5915, 986.83, 1
5774, 23160, 1, 0, 23681, 23681, 521, 520, 521.00, 1
5775, 23163, 8, 0, 23682, 29081, 5918, 5910, 739.75, 1
5776, 23164, 8, 0, 23687, 29084, 5920, 5912, 740.00, 1
5777, 23175, 5, 0, 23692, 23696, 521, 516, 104.20, 1
5778, 23176, 2, 0, 23697, 23698, 522, 520, 261.00, 1
5779, 23186, 13, 0, 23699, 43019, 19833, 19820, 1525.62, 1
5780, 23192, 1, 0, 23704, 23704, 512, 511, 512.00, 1
5781, 23194, 7, 0, 23705, 29091, 5897, 5890, 842.43, 1
5782, 23200, 2, 0, 23710, 23711, 511, 509, 255.50, 1
5783, 23201, 3, 0, 23712, 23714, 513, 510, 171.00, 1
5784, 23209, 3, 0, 23715, 23717, 508, 505, 169.33, 1
5785, 23211, 2, 0, 23718, 23719, 508, 506, 254.00, 1
5786, 23213, 3, 0, 23720, 23722, 509, 506, 169.67, 1
5787, 23214, 2, 0, 23723, 23724, 510, 508, 255.00, 1
5788, 23219, 7, 0, 23725, 29093, 5874, 5867, 839.14, 1
5789, 23220, 16, 0, 23730, 47407, 24187, 24171, 1511.69, 1
5790, 23221, 2, 0, 23735, 23736, 515, 513, 257.50, 1
5791, 23224, 11, 0, 23737, 43025, 19801, 19790, 1800.09, 1
5792, 23229, 2, 0, 23742, 23743, 514, 512, 257.00, 1
5793, 23233, 1, 0, 23744, 23744, 511, 510, 511.00, 1
5794, 23235, 6, 0, 23745, 29104, 5869, 5863, 978.17, 1
5795, 23236, 7, 0, 23750, 29106, 5870, 5863, 838.57, 1
5796, 23239, 9, 0, 23755, 29110, 5871, 5862, 652.33, 1
5797, 23248, 1, 0, 23760, 23760, 512, 511, 512.00, 1
5798, 23249, 3, 0, 23761, 23763, 514, 511, 171.33, 1
5799, 23250, 14, 0, 23764, 43029, 19779, 19765, 1412.79, 1
5800, 23252, 7, 0, 23769, 29117, 5865, 5858, 837.86, 1
5801, 23254, 6, 0, 23774, 29118, 5864, 5858, 977.33, 1
5802, 23259, 6, 0, 23779, 29119, 5860, 5854, 976.67, 1
5803, 23268, 5, 0, 23784, 23788, 520, 515, 104.00, 1
5804, 23272, 2, 0, 23789, 23790, 518, 516, 259.00, 1
5805, 23273, 6, 0, 23791, 29120, 5847, 5841, 974.50, 1
5806, 23275, 2, 0, 23796, 23797, 522, 520, 261.00, 1
5807, 23280, 4, 0, 23798, 23801, 521, 517, 130.25, 1
5808, 23281, 5, 0, 23802, 23806, 525, 520, 105.00, 1
5809, 23284, 7, 0, 23807, 29122, 5838, 5831, 834.00, 1
5810, 23291, 3, 0, 23812, 23814, 523, 520, 174.33, 1
5811, 23294, 3, 0, 23815, 23817, 523, 520, 174.33, 1
5812, 23297, 3, 0, 23818, 23820, 523, 520, 174.33, 1
5813, 23299, 17, 0, 23821, 47409, 24110, 24093, 1418.24, 1
5814, 23300, 2, 0, 23826, 23827, 527, 525, 263.50, 1
5815, 23303, 1, 0, 23828, 23828, 525, 524, 525.00, 1
5816, 23306, 6, 0, 23829, 29128, 5822, 5816, 970.33, 1
5817, 23307, 2, 0, 23834, 23835, 528, 526, 264.00, 1
5818, 23316, 11, 0, 23836, 43035, 19719, 19708, 1792.64, 1
5819, 23322, 2, 0, 23841, 23842, 520, 518, 260.00, 1
5820, 23325, 2, 0, 23843, 23844, 519, 517, 259.50, 1
5821, 23328, 5, 0, 23845, 23849, 521, 516, 104.20, 1
5822, 23330, 2, 0, 23850, 23851, 521, 519, 260.50, 1
5823, 23335, 1, 0, 23852, 23852, 517, 516, 517.00, 1
5824, 23339, 13, 0, 23853, 43038, 19699, 19686, 1515.31, 1
5825, 23340, 6, 0, 23858, 29139, 5799, 5793, 966.50, 1
5826, 23348, 2, 0, 23863, 23864, 516, 514, 258.00, 1
5827, 23351, 5, 0, 23865, 23869, 518, 513, 103.60, 1
5828, 23352, 6, 0, 23870, 29140, 5788, 5782, 964.67, 1
5829, 23366, 5, 0, 23875, 23879, 513, 508, 102.60, 1
5830, 23368, 4, 0, 23880, 23883, 515, 511, 128.75, 1
5831, 23384, 2, 0, 23884, 23885, 501, 499, 250.50, 1
5832, 23390, 6, 0, 23886, 29141, 5751, 5745, 958.50, 1
5833, 23398, 11, 0, 23891, 43039, 19641, 19630, 1785.55, 1
5834, 23403, 6, 0, 23896, 29147, 5744, 5738, 957.33, 1
5835, 23405, 3, 0, 23901, 23903, 498, 495, 166.00, 1
5836, 23409, 1, 0, 23904, 23904, 495, 494, 495.00, 1
5837, 23411, 2, 0, 23905, 23906, 495, 493, 247.50, 1
5838, 23415, 1, 0, 23907, 23907, 492, 491, 492.00, 1
5839, 23416, 3, 0, 23908, 23910, 494, 491, 164.67, 1
5840, 23419, 5, 0, 23911, 23915, 496, 491, 99.20, 1
5841, 23423, 8, 0, 23916, 29150, 5727, 5719, 715.88, 1
5842, 23436, 3, 0, 23921, 23923, 487, 484, 162.33, 1
5843, 23439, 6, 0, 23924, 29151, 5712, 5706, 952.00, 1
5844, 23440, 2, 0, 23929, 23930, 490, 488, 245.00, 1
5845, 23445, 12, 0, 23931, 43041, 19596, 19584, 1633.00, 1
5846, 23450, 1, 0, 23936, 23936, 486, 485, 486.00, 1
5847, 23462, 8, 0, 23937, 29159, 5697, 5689, 712.12, 1
5848, 23464, 3, 0, 23942, 23944, 480, 477, 160.00, 1
5849, 23466, 2, 0, 23945, 23946, 480, 478, 240.00, 1
5850, 23471, 9, 0, 23947, 29163, 5692, 5683, 632.44, 1
5851, 23475, 2, 0, 23952, 23953, 478, 476, 239.00, 1
5852, 23476, 1, 0, 23954, 23954, 478, 477, 478.00, 1
5853, 23482, 11, 0, 23955, 43042, 19560, 19549, 1778.18, 1
5854, 23483, 14, 0, 23960, 43046, 19563, 19549, 1397.36, 1
5855, 23485, 6, 0, 23965, 29174, 5689, 5683, 948.17, 1
5856, 23490, 10, 0, 23970, 29179, 5689, 5679, 568.90, 1
5857, 23492, 5, 0, 23975, 23979, 487, 482, 97.40, 1
5858, 23495, 2, 0, 23980, 23981, 486, 484, 243.00, 1
5859, 23499, 4, 0, 23982, 23985, 486, 482, 121.50, 1
5860, 23502, 1, 0, 23986, 23986, 484, 483, 484.00, 1
5861, 23503, 5, 0, 23987, 23991, 488, 483, 97.60, 1
5862, 23506, 2, 0, 23992, 23993, 487, 485, 243.50, 1
5863, 23509, 4, 0, 23994, 23997, 488, 484, 122.00, 1
5864, 23510, 2, 0, 23998, 23999, 489, 487, 244.50, 1
5865, 23513, 4, 0, 24000, 24003, 490, 486, 122.50, 1
5866, 23519, 1, 0, 24004, 24004, 485, 484, 485.00, 1
5867, 23521, 18, 0, 24005, 47412, 23891, 23873, 1327.28, 1
5868, 23523, 11, 0, 24010, 43052, 19529, 19518, 1775.36, 1
5869, 23524, 5, 0, 24015, 24019, 495, 490, 99.00, 1
5870, 23526, 3, 0, 24020, 24022, 496, 493, 165.33, 1
5871, 23528, 22, 0, 24023, 48886, 25358, 25336, 1152.64, 1
5872, 23529, 4, 0, 24028, 24031, 502, 498, 125.50, 1
5873, 23530, 10, 0, 24032, 29199, 5669, 5659, 566.90, 1
5874, 23533, 3, 0, 24037, 24039, 506, 503, 168.67, 1
5875, 23539, 2, 0, 24040, 24041, 502, 500, 251.00, 1
5876, 23544, 5, 0, 24042, 24046, 502, 497, 100.40, 1
5877, 23549, 9, 0, 24047, 29203, 5654, 5645, 628.22, 1
5878, 23557, 4, 0, 24052, 24055, 498, 494, 124.50, 1
5879, 23566, 14, 0, 24056, 43061, 19495, 19481, 1392.50, 1
5880, 23573, 2, 0, 24061, 24062, 489, 487, 244.50, 1
5881, 23574, 8, 0, 24063, 29211, 5637, 5629, 704.62, 1
5882, 23575, 3, 0, 24068, 24070, 495, 492, 165.00, 1
5883, 23582, 10, 0, 24071, 29216, 5634, 5624, 563.40, 1
5884, 23594, 1, 0, 24076, 24076, 482, 481, 482.00, 1
5885, 23595, 1, 0, 24077, 24077, 482, 481, 482.00, 1
5886, 23597, 8, 0, 24078, 29219, 5622, 5614, 702.75, 1
5887, 23598, 6, 0, 24083, 29220, 5622, 5616, 937.00, 1
5888, 23601, 1, 0, 24088, 24088, 487, 486, 487.00, 1
5889, 23605, 1, 0, 24089, 24089, 484, 483, 484.00, 1
5890, 23608, 4, 0, 24090, 24093, 485, 481, 121.25, 1
5891, 23615, 8, 0, 24094, 29223, 5608, 5600, 701.00, 1
5892, 23617, 1, 0, 24099, 24099, 482, 481, 482.00, 1
5893, 23620, 2, 0, 24100, 24101, 481, 479, 240.50, 1
5894, 23621, 1, 0, 24102, 24102, 481, 480, 481.00, 1
5895, 23624, 1, 0, 24103, 24103, 479, 478, 479.00, 1
5896, 23625, 1, 0, 24104, 24104, 479, 478, 479.00, 1
5897, 23627, 1, 0, 24105, 24105, 478, 477, 478.00, 1
5898, 23631, 9, 0, 24106, 29227, 5596, 5587, 621.78, 1
5899, 23638, 2, 0, 24111, 24112, 474, 472, 237.00, 1
5900, 23643, 6, 0, 24113, 29228, 5585, 5579, 930.83, 1
5901, 23647, 2, 0, 24118, 24119, 472, 470, 236.00, 1
5902, 23653, 3, 0, 24120, 24122, 469, 466, 156.33, 1
5903, 23662, 8, 0, 24123, 29231, 5569, 5561, 696.12, 1
5904, 23663, 5, 0, 24128, 24132, 469, 464, 93.80, 1
5905, 23666, 3, 0, 24133, 24135, 469, 466, 156.33, 1
5906, 23671, 11, 0, 24136, 43062, 19391, 19380, 1762.82, 1
5907, 23672, 1, 0, 24141, 24141, 469, 468, 469.00, 1
5908, 23676, 1, 0, 24142, 24142, 466, 465, 466.00, 1
5909, 23678, 1, 0, 24143, 24143, 465, 464, 465.00, 1
5910, 23693, 8, 0, 24144, 29239, 5546, 5538, 693.25, 1
5911, 23694, 7, 0, 24149, 29241, 5547, 5540, 792.43, 1
5912, 23696, 6, 0, 24154, 29242, 5546, 5540, 924.33, 1
5913, 23702, 1, 0, 24159, 24159, 457, 456, 457.00, 1
5914, 23706, 4, 0, 24160, 24163, 457, 453, 114.25, 1
5915, 23709, 1, 0, 24164, 24164, 455, 454, 455.00, 1
5916, 23712, 7, 0, 24165, 29244, 5532, 5525, 790.29, 1
5917, 23713, 7, 0, 24170, 29246, 5533, 5526, 790.43, 1
5918, 23720, 3, 0, 24175, 24177, 457, 454, 152.33, 1
5919, 23724, 6, 0, 24178, 29247, 5523, 5517, 920.50, 1
5920, 23728, 2, 0, 24183, 24184, 456, 454, 228.00, 1
5921, 23732, 2, 0, 24185, 24186, 454, 452, 227.00, 1
5922, 23738, 1, 0, 24187, 24187, 449, 448, 449.00, 1
5923, 23739, 2, 0, 24188, 24189, 450, 448, 225.00, 1
5924, 23740, 5, 0, 24190, 24194, 454, 449, 90.80, 1
5925, 23741, 13, 0, 24195, 43065, 19324, 19311, 1486.46, 1
5926, 23751, 1, 0, 24200, 24200, 449, 448, 449.00, 1
5927, 23761, 1, 0, 24201, 24201, 440, 439, 440.00, 1
5928, 23762, 1, 0, 24202, 24202, 440, 439, 440.00, 1
5929, 23766, 4, 0, 24203, 24206, 440, 436, 110.00, 1
5930, 23774, 12, 0, 24207, 43067, 19293, 19281, 1607.75, 1
5931, 23781, 12, 0, 24212, 43069, 19288, 19276, 1607.33, 1
5932, 23782, 3, 0, 24217, 24219, 437, 434, 145.67, 1
5933, 23785, 6, 0, 24220, 29263, 5478, 5472, 913.00, 1
5934, 23788, 2, 0, 24225, 24226, 438, 436, 219.00, 1
5935, 23794, 1, 0, 24227, 24227, 433, 432, 433.00, 1
5936, 23796, 4, 0, 24228, 24231, 435, 431, 108.75, 1
5937, 23800, 7, 0, 24232, 29265, 5465, 5458, 780.71, 1
5938, 23803, 5, 0, 24237, 24241, 438, 433, 87.60, 1
5939, 23813, 3, 0, 24242, 24244, 431, 428, 143.67, 1
5940, 23815, 2, 0, 24245, 24246, 431, 429, 215.50, 1
5941, 23817, 5, 0, 24247, 24251, 434, 429, 86.80, 1
5942, 23819, 2, 0, 24252, 24253, 434, 432, 217.00, 1
5943, 23832, 1, 0, 24254, 24254, 422, 421, 422.00, 1
5944, 23834, 2, 0, 24255, 24256, 422, 420, 211.00, 1
5945, 23835, 7, 0, 24257, 29267, 5432, 5425, 776.00, 1
5946, 23838, 11, 0, 24262, 43070, 19232, 19221, 1748.36, 1
5947, 23839, 1, 0, 24267, 24267, 428, 427, 428.00, 1
5948, 23840, 2, 0, 24268, 24269, 429, 427, 214.50, 1
5949, 23841, 14, 0, 24270, 43074, 19233, 19219, 1373.79, 1
5950, 23842, 3, 0, 24275, 24277, 435, 432, 145.00, 1
5951, 23845, 4, 0, 24278, 24281, 436, 432, 109.00, 1
5952, 23846, 7, 0, 24282, 29279, 5433, 5426, 776.14, 1
5953, 23851, 2, 0, 24287, 24288, 437, 435, 218.50, 1
5954, 23858, 20, 0, 24289, 47422, 23564, 23544, 1178.20, 1
5955, 23867, 2, 0, 24294, 24295, 428, 426, 214.00, 1
5956, 23868, 1, 0, 24296, 24296, 428, 427, 428.00, 1
5957, 23877, 4, 0, 24297, 24300, 423, 419, 105.75, 1
5958, 23878, 3, 0, 24301, 24303, 425, 422, 141.67, 1
5959, 23881, 3, 0, 24304, 24306, 425, 422, 141.67, 1
5960, 23891, 1, 0, 24307, 24307, 416, 415, 416.00, 1
5961, 23893, 4, 0, 24308, 24311, 418, 414, 104.50, 1
5962, 23894, 9, 0, 24312, 29288, 5394, 5385, 599.33, 1
5963, 23896, 4, 0, 24317, 24320, 424, 420, 106.00, 1
5964, 23898, 2, 0, 24321, 24322, 424, 422, 212.00, 1
5965, 23899, 6, 0, 24323, 29289, 5390, 5384, 898.33, 1
5966, 23904, 4, 0, 24328, 24331, 427, 423, 106.75, 1
5967, 23910, 4, 0, 24332, 24335, 425, 421, 106.25, 1
5968, 23913, 1, 0, 24336, 24336, 423, 422, 423.00, 1
5969, 23922, 9, 0, 24337, 29293, 5371, 5362, 596.78, 1
5970, 23934, 1, 0, 24342, 24342, 408, 407, 408.00, 1
5971, 23945, 10, 0, 24343, 29298, 5353, 5343, 535.30, 1
5972, 23946, 1, 0, 24348, 24348, 402, 401, 402.00, 1
5973, 23947, 6, 0, 24349, 29299, 5352, 5346, 892.00, 1
5974, 23951, 3, 0, 24354, 24356, 405, 402, 135.00, 1
5975, 23953, 6, 0, 24357, 29300, 5347, 5341, 891.17, 1
5976, 23954, 6, 0, 24362, 29301, 5347, 5341, 891.17, 1
5977, 23957, 3, 0, 24367, 24369, 412, 409, 137.33, 1
5978, 23965, 3, 0, 24370, 24372, 407, 404, 135.67, 1
5979, 23967, 2, 0, 24373, 24374, 407, 405, 203.50, 1
5980, 23968, 1, 0, 24375, 24375, 407, 406, 407.00, 1
5981, 23971, 13, 0, 24376, 43082, 19111, 19098, 1470.08, 1
5982, 23973, 3, 0, 24381, 24383, 410, 407, 136.67, 1
5983, 23978, 1, 0, 24384, 24384, 406, 405, 406.00, 1
5984, 23981, 4, 0, 24385, 24388, 407, 403, 101.75, 1
5985, 23993, 5, 0, 24389, 24393, 400, 395, 80.00, 1
5986, 24001, 2, 0, 24394, 24395, 394, 392, 197.00, 1
5987, 24002, 5, 0, 24396, 24400, 398, 393, 79.60, 1
5988, 24003, 9, 0, 24401, 29310, 5307, 5298, 589.67, 1
5989, 24005, 6, 0, 24406, 29311, 5306, 5300, 884.33, 1
5990, 24008, 3, 0, 24411, 24413, 405, 402, 135.00, 1
5991, 24016, 3, 0, 24414, 24416, 400, 397, 133.33, 1
5992, 24017, 2, 0, 24417, 24418, 401, 399, 200.50, 1
5993, 24025, 5, 0, 24419, 24423, 398, 393, 79.60, 1
5994, 24034, 2, 0, 24424, 24425, 391, 389, 195.50, 1
5995, 24036, 5, 0, 24426, 24430, 394, 389, 78.80, 1
5996, 24039, 2, 0, 24431, 24432, 393, 391, 196.50, 1
5997, 24041, 4, 0, 24433, 24436, 395, 391, 98.75, 1
5998, 24042, 3, 0, 24437, 24439, 397, 394, 132.33, 1
5999, 24046, 4, 0, 24440, 24443, 397, 393, 99.25, 1
6000, 24055, 14, 0, 24444, 43086, 19031, 19017, 1359.36, 1
6001, 24058, 3, 0, 24449, 24451, 393, 390, 131.00, 1
6002, 24063, 11, 0, 24452, 43087, 19024, 19013, 1729.45, 1
6003, 24065, 3, 0, 24457, 24459, 394, 391, 131.33, 1
6004, 24069, 8, 0, 24460, 29324, 5255, 5247, 656.88, 1
6005, 24080, 2, 0, 24465, 24466, 386, 384, 193.00, 1
6006, 24082, 12, 0, 24467, 43089, 19007, 18995, 1583.92, 1
6007, 24088, 2, 0, 24472, 24473, 385, 383, 192.50, 1
6008, 24090, 4, 0, 24474, 24477, 387, 383, 96.75, 1
6009, 24100, 5, 0, 24478, 24482, 382, 377, 76.40, 1
6010, 24101, 1, 0, 24483, 24483, 382, 381, 382.00, 1
6011, 24109, 2, 0, 24484, 24485, 376, 374, 188.00, 1
6012, 24111, 1, 0, 24486, 24486, 375, 374, 375.00, 1
6013, 24115, 2, 0, 24487, 24488, 373, 371, 186.50, 1
6014, 24116, 1, 0, 24489, 24489, 373, 372, 373.00, 1
6015, 24122, 3, 0, 24490, 24492, 370, 367, 123.33, 1
6016, 24124, 3, 0, 24493, 24495, 371, 368, 123.67, 1
6017, 24127, 3, 0, 24496, 24498, 371, 368, 123.67, 1
6018, 24134, 1, 0, 24499, 24499, 365, 364, 365.00, 1
6019, 24140, 3, 0, 24500, 24502, 362, 359, 120.67, 1
6020, 24147, 3, 0, 24503, 24505, 358, 355, 119.33, 1
6021, 24155, 6, 0, 24506, 29330, 5175, 5169, 862.50, 1
6022, 24164, 8, 0, 24511, 29333, 5169, 5161, 646.12, 1
6023, 24172, 4, 0, 24516, 24519, 347, 343, 86.75, 1
6024, 24179, 4, 0, 24520, 24523, 344, 340, 86.00, 1
6025, 24185, 2, 0, 24524, 24525, 340, 338, 170.00, 1
6026, 24188, 6, 0, 24526, 29334, 5146, 5140, 857.67, 1
6027, 24197, 6, 0, 24531, 29335, 5138, 5132, 856.33, 1
6028, 24199, 8, 0, 24536, 29338, 5139, 5131, 642.38, 1
6029, 24211, 1, 0, 24541, 24541, 330, 329, 330.00, 1
6030, 24216, 2, 0, 24542, 24543, 327, 325, 163.50, 1
6031, 24221, 1, 0, 24544, 24544, 323, 322, 323.00, 1
6032, 24225, 5, 0, 24545, 24549, 324, 319, 64.80, 1
6033, 24230, 6, 0, 24550, 29339, 5109, 5103, 851.50, 1
6034, 24237, 4, 0, 24555, 24558, 321, 317, 80.25, 1
6035, 24242, 5, 0, 24559, 24563, 321, 316, 64.20, 1
6036, 24244, 13, 0, 24564, 43092, 18848, 18835, 1449.85, 1
6037, 24246, 1, 0, 24569, 24569, 323, 322, 323.00, 1
6038, 24247, 2, 0, 24570, 24571, 324, 322, 162.00, 1
6039, 24249, 2, 0, 24572, 24573, 324, 322, 162.00, 1
6040, 24255, 11, 0, 24574, 43093, 18838, 18827, 1712.55, 1
6041, 24258, 2, 0, 24579, 24580, 322, 320, 161.00, 1
6042, 24265, 4, 0, 24581, 24584, 319, 315, 79.75, 1
6043, 24266, 3, 0, 24585, 24587, 321, 318, 107.00, 1
6044, 24267, 1, 0, 24588, 24588, 321, 320, 321.00, 1
6045, 24273, 1, 0, 24589, 24589, 316, 315, 316.00, 1
6046, 24277, 4, 0, 24590, 24593, 316, 312, 79.00, 1
6047, 24284, 1, 0, 24594, 24594, 310, 309, 310.00, 1
6048, 24285, 2, 0, 24595, 24596, 311, 309, 155.50, 1
6049, 24287, 9, 0, 24597, 29353, 5066, 5057, 562.89, 1
6050, 24301, 1, 0, 24602, 24602, 301, 300, 301.00, 1
6051, 24303, 4, 0, 24603, 24606, 303, 299, 75.75, 1
6052, 24305, 3, 0, 24607, 24609, 304, 301, 101.33, 1
6053, 24311, 3, 0, 24610, 24612, 301, 298, 100.33, 1
6054, 24322, 3, 0, 24613, 24615, 293, 290, 97.67, 1
6055, 24325, 6, 0, 24616, 29354, 5029, 5023, 838.17, 1
6056, 24332, 1, 0, 24621, 24621, 289, 288, 289.00, 1
6057, 24342, 5, 0, 24622, 24626, 284, 279, 56.80, 1
6058, 24344, 2, 0, 24627, 24628, 284, 282, 142.00, 1
6059, 24345, 2, 0, 24629, 24630, 285, 283, 142.50, 1
6060, 24353, 3, 0, 24631, 24633, 280, 277, 93.33, 1
6061, 24356, 1, 0, 24634, 24634, 278, 277, 278.00, 1
6062, 24357, 1, 0, 24635, 24635, 278, 277, 278.00, 1
6063, 24366, 3, 0, 24636, 24638, 272, 269, 90.67, 1
6064, 24367, 9, 0, 24639, 29358, 4991, 4982, 554.56, 1
6065, 24370, 2, 0, 24644, 24645, 275, 273, 137.50, 1
6066, 24374, 1, 0, 24646, 24646, 272, 271, 272.00, 1
6067, 24375, 7, 0, 24647, 29360, 4985, 4978, 712.14, 1
6068, 24378, 2, 0, 24652, 24653, 275, 273, 137.50, 1
6069, 24379, 5, 0, 24654, 24658, 279, 274, 55.80, 1
6070, 24386, 1, 0, 24659, 24659, 273, 272, 273.00, 1
6071, 24388, 1, 0, 24660, 24660, 272, 271, 272.00, 1
6072, 24391, 3, 0, 24661, 24663, 272, 269, 90.67, 1
6073, 24394, 5, 0, 24664, 24668, 274, 269, 54.80, 1
6074, 24396, 3, 0, 24669, 24671, 275, 272, 91.67, 1
6075, 24400, 1, 0, 24672, 24672, 272, 271, 272.00, 1
6076, 24402, 8, 0, 24673, 29363, 4961, 4953, 620.12, 1
6077, 24406, 6, 0, 24678, 29364, 4958, 4952, 826.33, 1
6078, 24412, 1, 0, 24683, 24683, 271, 270, 271.00, 1
6079, 24413, 7, 0, 24684, 29366, 4953, 4946, 707.57, 1
6080, 24416, 4, 0, 24689, 24692, 276, 272, 69.00, 1
6081, 24418, 3, 0, 24693, 24695, 277, 274, 92.33, 1
6082, 24419, 18, 0, 24696, 47425, 23006, 22988, 1278.11, 1
6083, 24425, 6, 0, 24701, 29372, 4947, 4941, 824.50, 1
6084, 24428, 1, 0, 24706, 24706, 278, 277, 278.00, 1
6085, 24429, 3, 0, 24707, 24709, 280, 277, 93.33, 1
6086, 24430, 1, 0, 24710, 24710, 280, 279, 280.00, 1
6087, 24434, 3, 0, 24711, 24713, 279, 276, 93.00, 1
6088, 24441, 1, 0, 24714, 24714, 273, 272, 273.00, 1
6089, 24443, 1, 0, 24715, 24715, 272, 271, 272.00, 1
6090, 24457, 2, 0, 24716, 24717, 260, 258, 130.00, 1
6091, 24460, 3, 0, 24718, 24720, 260, 257, 86.67, 1
6092, 24464, 5, 0, 24721, 24725, 261, 256, 52.20, 1
6093, 24465, 7, 0, 24726, 29374, 4909, 4902, 701.29, 1
6094, 24466, 2, 0, 24731, 24732, 266, 264, 133.00, 1
6095, 24468, 2, 0, 24733, 24734, 266, 264, 133.00, 1
6096, 24473, 13, 0, 24735, 43101, 18628, 18615, 1432.92, 1
6097, 24481, 10, 0, 24740, 29384, 4903, 4893, 490.30, 1
6098, 24483, 2, 0, 24745, 24746, 263, 261, 131.50, 1
6099, 24492, 2, 0, 24747, 24748, 256, 254, 128.00, 1
6100, 24499, 2, 0, 24749, 24750, 251, 249, 125.50, 1
6101, 24502, 2, 0, 24751, 24752, 250, 248, 125.00, 1
6102, 24506, 6, 0, 24753, 29385, 4879, 4873, 813.17, 1
6103, 24509, 1, 0, 24758, 24758, 249, 248, 249.00, 1
6104, 24519, 12, 0, 24759, 43103, 18584, 18572, 1548.67, 1
6105, 24522, 12, 0, 24764, 43105, 18583, 18571, 1548.58, 1
6106, 24525, 1, 0, 24769, 24769, 244, 243, 244.00, 1
6107, 24527, 7, 0, 24770, 29397, 4870, 4863, 695.71, 1
6108, 24543, 2, 0, 24775, 24776, 233, 231, 116.50, 1
6109, 24544, 1, 0, 24777, 24777, 233, 232, 233.00, 1
6110, 24545, 1, 0, 24778, 24778, 233, 232, 233.00, 1
6111, 24546, 3, 0, 24779, 24781, 235, 232, 78.33, 1
6112, 24548, 6, 0, 24782, 29398, 4850, 4844, 808.33, 1
6113, 24550, 7, 0, 24787, 29400, 4850, 4843, 692.86, 1
6114, 24554, 3, 0, 24792, 24794, 240, 237, 80.00, 1
6115, 24558, 10, 0, 24795, 29405, 4847, 4837, 484.70, 1
6116, 24566, 6, 0, 24800, 29406, 4840, 4834, 806.67, 1
6117, 24568, 1, 0, 24805, 24805, 237, 236, 237.00, 1
6118, 24575, 11, 0, 24806, 43106, 18531, 18520, 1684.64, 1
6119, 24577, 1, 0, 24811, 24811, 234, 233, 234.00, 1
6120, 24578, 1, 0, 24812, 24812, 234, 233, 234.00, 1
6121, 24580, 2, 0, 24813, 24814, 234, 232, 117.00, 1
6122, 24581, 2, 0, 24815, 24816, 235, 233, 117.50, 1
6123, 24587, 11, 0, 24817, 43107, 18520, 18509, 1683.64, 1
6124, 24594, 5, 0, 24822, 24826, 232, 227, 46.40, 1
6125, 24595, 2, 0, 24827, 24828, 233, 231, 116.50, 1
6126, 24604, 11, 0, 24829, 43108, 18504, 18493, 1682.18, 1
6127, 24612, 1, 0, 24834, 24834, 222, 221, 222.00, 1
6128, 24614, 4, 0, 24835, 24838, 224, 220, 56.00, 1
6129, 24616, 4, 0, 24839, 24842, 226, 222, 56.50, 1
6130, 24617, 1, 0, 24843, 24843, 226, 225, 226.00, 1
6131, 24621, 6, 0, 24844, 29422, 4801, 4795, 800.17, 1
6132, 24624, 5, 0, 24849, 24853, 229, 224, 45.80, 1
6133, 24640, 13, 0, 24854, 43111, 18471, 18458, 1420.85, 1
6134, 24646, 12, 0, 24859, 43113, 18467, 18455, 1538.92, 1
6135, 24648, 2, 0, 24864, 24865, 217, 215, 108.50, 1
6136, 24650, 3, 0, 24866, 24868, 218, 215, 72.67, 1
6137, 24652, 9, 0, 24869, 29436, 4784, 4775, 531.56, 1
6138, 24653, 6, 0, 24874, 29437, 4784, 4778, 797.33, 1
6139, 24666, 3, 0, 24879, 24881, 215, 212, 71.67, 1
6140, 24668, 4, 0, 24882, 24885, 217, 213, 54.25, 1
6141, 24674, 7, 0, 24886, 29439, 4765, 4758, 680.71, 1
6142, 24676, 13, 0, 24891, 43116, 18440, 18427, 1418.46, 1
6143, 24680, 21, 0, 24896, 48887, 24207, 24186, 1152.71, 1
6144, 24681, 4, 0, 24901, 24904, 223, 219, 55.75, 1
6145, 24685, 2, 0, 24905, 24906, 221, 219, 110.50, 1
6146, 24687, 9, 0, 24907, 29453, 4766, 4757, 529.56, 1
6147, 24688, 16, 0, 24912, 47431, 22743, 22727, 1421.44, 1
6148, 24700, 1, 0, 24917, 24917, 217, 216, 217.00, 1
6149, 24708, 5, 0, 24918, 24922, 214, 209, 42.80, 1
6150, 24709, 2, 0, 24923, 24924, 215, 213, 107.50, 1
6151, 24721, 7, 0, 24925, 29460, 4739, 4732, 677.00, 1
6152, 24730, 2, 0, 24930, 24931, 201, 199, 100.50, 1
6153, 24732, 2, 0, 24932, 24933, 201, 199, 100.50, 1
6154, 24733, 4, 0, 24934, 24937, 204, 200, 51.00, 1
6155, 24738, 4, 0, 24938, 24941, 203, 199, 50.75, 1
6156, 24743, 5, 0, 24942, 24946, 203, 198, 40.60, 1
6157, 24744, 6, 0, 24947, 29461, 4717, 4711, 786.17, 1
6158, 24749, 5, 0, 24952, 24956, 207, 202, 41.40, 1
6159, 24754, 1, 0, 24957, 24957, 203, 202, 203.00, 1
6160, 24757, 5, 0, 24958, 24962, 205, 200, 41.00, 1
6161, 24762, 7, 0, 24963, 29463, 4701, 4694, 671.57, 1
6162, 24763, 29, 0, 24968, 49385, 24622, 24593, 849.03, 1
6163, 24765, 2, 0, 24973, 24974, 209, 207, 104.50, 1
6164, 24770, 4, 0, 24975, 24978, 208, 204, 52.00, 1
6165, 24779, 1, 0, 24979, 24979, 200, 199, 200.00, 1
6166, 24788, 1, 0, 24980, 24980, 192, 191, 192.00, 1
6167, 24789, 4, 0, 24981, 24984, 195, 191, 48.75, 1
6168, 24792, 3, 0, 24985, 24987, 195, 192, 65.00, 1
6169, 24801, 6, 0, 24988, 29469, 4668, 4662, 778.00, 1
6170, 24805, 7, 0, 24993, 29471, 4666, 4659, 666.57, 1
6171, 24818, 9, 0, 24998, 29475, 4657, 4648, 517.44, 1
6172, 24822, 4, 0, 25003, 25006, 184, 180, 46.00, 1
6173, 24825, 8, 0, 25007, 29478, 4653, 4645, 581.62, 1
6174, 24826, 4, 0, 25012, 25015, 189, 185, 47.25, 1
6175, 24834, 23, 0, 25016, 48895, 24061, 24038, 1046.13, 1
6176, 24842, 2, 0, 25021, 25022, 180, 178, 90.00, 1
6177, 24855, 5, 0, 25023, 25027, 172, 167, 34.40, 1
6178, 24858, 3, 0, 25028, 25030, 172, 169, 57.33, 1
6179, 24860, 2, 0, 25031, 25032, 172, 170, 86.00, 1
6180, 24862, 5, 0, 25033, 25037, 175, 170, 35.00, 1
6181, 24865, 3, 0, 25038, 25040, 175, 172, 58.33, 1
6182, 24867, 5, 0, 25041, 25045, 178, 173, 35.60, 1
6183, 24874, 8, 0, 25046, 29486, 4612, 4604, 576.50, 1
6184, 24877, 7, 0, 25051, 29488, 4611, 4604, 658.71, 1
6185, 24879, 3, 0, 25056, 25058, 179, 176, 59.67, 1
6186, 24881, 1, 0, 25059, 25059, 178, 177, 178.00, 1
6187, 24883, 7, 0, 25060, 29490, 4607, 4600, 658.14, 1
6188, 24884, 1, 0, 25065, 25065, 181, 180, 181.00, 1
6189, 24886, 6, 0, 25066, 29491, 4605, 4599, 767.50, 1
6190, 24887, 1, 0, 25071, 25071, 184, 183, 184.00, 1
6191, 24888, 5, 0, 25072, 25076, 188, 183, 37.60, 1
6192, 24891, 1, 0, 25077, 25077, 186, 185, 186.00, 1
6193, 24892, 2, 0, 25078, 25079, 187, 185, 93.50, 1
6194, 24897, 1, 0, 25080, 25080, 183, 182, 183.00, 1
6195, 24899, 7, 0, 25081, 29493, 4594, 4587, 656.29, 1
6196, 24901, 3, 0, 25086, 25088, 187, 184, 62.33, 1
6197, 24908, 3, 0, 25089, 25091, 183, 180, 61.00, 1
6198, 24909, 12, 0, 25092, 43138, 18229, 18217, 1519.08, 1
6199, 24910, 3, 0, 25097, 25099, 189, 186, 63.00, 1
6200, 24911, 1, 0, 25100, 25100, 189, 188, 189.00, 1
6201, 24922, 4, 0, 25101, 25104, 182, 178, 45.50, 1
6202, 24923, 9, 0, 25105, 29502, 4579, 4570, 508.78, 1
6203, 24927, 13, 0, 25110, 43141, 18214, 18201, 1401.08, 1
6204, 24928, 3, 0, 25115, 25117, 189, 186, 63.00, 1
6205, 24929, 2, 0, 25118, 25119, 190, 188, 95.00, 1
6206, 24934, 3, 0, 25120, 25122, 188, 185, 62.67, 1
6207, 24937, 3, 0, 25123, 25125, 188, 185, 62.67, 1
6208, 24945, 6, 0, 25126, 29508, 4563, 4557, 760.50, 1
6209, 24949, 3, 0, 25131, 25133, 184, 181, 61.33, 1
6210, 24952, 2, 0, 25134, 25135, 183, 181, 91.50, 1
6211, 24955, 1, 0, 25136, 25136, 181, 180, 181.00, 1
6212, 24957, 5, 0, 25137, 25141, 184, 179, 36.80, 1
6213, 24959, 2, 0, 25142, 25143, 184, 182, 92.00, 1
6214, 24960, 3, 0, 25144, 25146, 186, 183, 62.00, 1
6215, 24965, 1, 0, 25147, 25147, 182, 181, 182.00, 1
6216, 24966, 3, 0, 25148, 25150, 184, 181, 61.33, 1
6217, 24968, 1, 0, 25151, 25151, 183, 182, 183.00, 1
6218, 24969, 1, 0, 25152, 25152, 183, 182, 183.00, 1
6219, 24970, 5, 0, 25153, 25157, 187, 182, 37.40, 1
6220, 24976, 4, 0, 25158, 25161, 185, 181, 46.25, 1
6221, 24978, 1, 0, 25162, 25162, 184, 183, 184.00, 1
6222, 24984, 1, 0, 25163, 25163, 179, 178, 179.00, 1
6223, 24987, 4, 0, 25164, 25167, 180, 176, 45.00, 1
6224, 24989, 8, 0, 25168, 29511, 4522, 4514, 565.25, 1
6225, 24991, 2, 0, 25173, 25174, 183, 181, 91.50, 1
6226, 24994, 1, 0, 25175, 25175, 181, 180, 181.00, 1
6227, 24999, 2, 0, 25176, 25177, 178, 176, 89.00, 1
6228, 25001, 1, 0, 25178, 25178, 177, 176, 177.00, 1
6229, 25009, 3, 0, 25179, 25181, 172, 169, 57.33, 1
6230, 25010, 2, 0, 25182, 25183, 173, 171, 86.50, 1
6231, 25014, 11, 0, 25184, 43142, 18128, 18117, 1648.00, 1
6232, 25017, 2, 0, 25189, 25190, 173, 171, 86.50, 1
6233, 25020, 2, 0, 25191, 25192, 172, 170, 86.00, 1
6234, 25026, 2, 0, 25193, 25194, 168, 166, 84.00, 1
6235, 25037, 6, 0, 25195, 29517, 4480, 4474, 746.67, 1
6236, 25053, 6, 0, 25200, 29518, 4465, 4459, 744.17, 1
6237, 25058, 8, 0, 25205, 29521, 4463, 4455, 557.88, 1
6238, 25059, 3, 0, 25210, 25212, 153, 150, 51.00, 1
6239, 25062, 3, 0, 25213, 25215, 153, 150, 51.00, 1
6240, 25065, 11, 0, 25216, 43143, 18078, 18067, 1643.45, 1
6241, 25067, 5, 0, 25221, 25225, 158, 153, 31.60, 1
6242, 25069, 21, 0, 25226, 48896, 23827, 23806, 1134.62, 1
6243, 25070, 1, 0, 25231, 25231, 161, 160, 161.00, 1
6244, 25081, 5, 0, 25232, 25236, 155, 150, 31.00, 1
6245, 25089, 3, 0, 25237, 25239, 150, 147, 50.00, 1
6246, 25090, 2, 0, 25240, 25241, 151, 149, 75.50, 1
6247, 25092, 1, 0, 25242, 25242, 150, 149, 150.00, 1
6248, 25095, 2, 0, 25243, 25244, 149, 147, 74.50, 1
6249, 25099, 22, 0, 25245, 48898, 23799, 23777, 1081.77, 1
6250, 25109, 1, 0, 25250, 25250, 141, 140, 141.00, 1
6251, 25116, 1, 0, 25251, 25251, 135, 134, 135.00, 1
6252, 25120, 12, 0, 25252, 43155, 18035, 18023, 1502.92, 1
6253, 25126, 2, 0, 25257, 25258, 132, 130, 66.00, 1
6254, 25132, 1, 0, 25259, 25259, 127, 126, 127.00, 1
6255, 25137, 3, 0, 25260, 25262, 125, 122, 41.67, 1
6256, 25144, 2, 0, 25263, 25264, 120, 118, 60.00, 1
6257, 25147, 1, 0, 25265, 25265, 118, 117, 118.00, 1
6258, 25148, 4, 0, 25266, 25269, 121, 117, 30.25, 1
6259, 25153, 7, 0, 25270, 29543, 4390, 4383, 627.14, 1
6260, 25162, 6, 0, 25275, 29544, 4382, 4376, 730.33, 1
6261, 25165, 4, 0, 25280, 25283, 118, 114, 29.50, 1
6262, 25179, 4, 0, 25284, 25287, 108, 104, 27.00, 1
6263, 25190, 1, 0, 25288, 25288, 98, 97, 98.00, 1
6264, 25194, 11, 0, 25289, 43156, 17962, 17951, 1632.91, 1
6265, 25198, 1, 0, 25294, 25294, 96, 95, 96.00, 1
6266, 25199, 2, 0, 25295, 25296, 97, 95, 48.50, 1
6267, 25200, 9, 0, 25297, 29553, 4353, 4344, 483.67, 1
6268, 25206, 2, 0, 25302, 25303, 97, 95, 48.50, 1
6269, 25217, 2, 0, 25304, 25305, 88, 86, 44.00, 1
6270, 25223, 6, 0, 25306, 29554, 4331, 4325, 721.83, 1
6271, 25231, 12, 0, 25311, 43158, 17927, 17915, 1493.92, 1
6272, 25232, 8, 0, 25316, 29562, 4330, 4322, 541.25, 1
6273, 25233, 3, 0, 25321, 25323, 90, 87, 30.00, 1
6274, 25234, 1, 0, 25324, 25324, 90, 89, 90.00, 1
6275, 25235, 5, 0, 25325, 25329, 94, 89, 18.80, 1
6276, 25236, 1, 0, 25330, 25330, 94, 93, 94.00, 1
6277, 25237, 7, 0, 25331, 29564, 4327, 4320, 618.14, 1
6278, 25249, 1, 0, 25336, 25336, 87, 86, 87.00, 1
6279, 25250, 2, 0, 25337, 25338, 88, 86, 44.00, 1
6280, 25252, 3, 0, 25339, 25341, 89, 86, 29.67, 1
6281, 25256, 3, 0, 25342, 25344, 88, 85, 29.33, 1
6282, 25261, 1, 0, 25345, 25345, 84, 83, 84.00, 1
6283, 25278, 1, 0, 25346, 25346, 68, 67, 68.00, 1
6284, 25285, 5, 0, 25347, 25351, 66, 61, 13.20, 1
6285, 25286, 8, 0, 25352, 29567, 4281, 4273, 535.12, 1
6286, 25293, 11, 0, 25357, 43159, 17866, 17855, 1624.18, 1
6287, 25304, 10, 0, 25362, 29577, 4273, 4263, 427.30, 1
6288, 25308, 1, 0, 25367, 25367, 59, 58, 59.00, 1
6289, 25314, 5, 0, 25368, 25372, 58, 53, 11.60, 1
6290, 25327, 3, 0, 25373, 25375, 48, 45, 16.00, 1
6291, 25333, 12, 0, 25376, 43161, 17828, 17816, 1485.67, 1
6292, 25335, 1, 0, 25381, 25381, 46, 45, 46.00, 1
6293, 25339, 13, 0, 25382, 43164, 17825, 17812, 1371.15, 1
6294, 25342, 9, 0, 25387, 29591, 4249, 4240, 472.11, 1
6295, 25352, 1, 0, 25392, 25392, 40, 39, 40.00, 1
6296, 25356, 2, 0, 25393, 25394, 38, 36, 19.00, 1
6297, 25357, 3, 0, 25395, 25397, 40, 37, 13.33, 1
6298, 25360, 2, 0, 25398, 25399, 39, 37, 19.50, 1
6299, 25362, 15, 0, 25400, 43169, 17807, 17792, 1187.13, 1
6300, 25364, 2, 0, 25405, 25406, 42, 40, 21.00, 1
6301, 25367, 2, 0, 25407, 25408, 41, 39, 20.50, 1
6302, 25370, 2, 0, 25409, 25410, 40, 38, 20.00, 1
6303, 25372, 5, 0, 25411, 25415, 43, 38, 8.60, 1
6304, 25375, 2, 0, 25416, 25417, 42, 40, 21.00, 1
6305, 25377, 3, 0, 25418, 25420, 43, 40, 14.33, 1
6306, 25387, 4, 0, 25421, 25424, 37, 33, 9.25, 1
6307, 25390, 2, 0, 25425, 25426, 36, 34, 18.00, 1
6308, 25392, 1, 0, 25427, 25427, 35, 34, 35.00, 1
6309, 25396, 4, 0, 25428, 25431, 35, 31, 8.75, 1
6310, 25402, 1, 0, 25432, 25432, 30, 29, 30.00, 1
6311, 25404, 9, 0, 25433, 29600, 4196, 4187, 466.22, 1
6312, 25409, 13, 0, 25438, 43172, 17763, 17750, 1366.38, 1
6313, 25411, 1, 0, 25443, 25443, 32, 31, 32.00, 1
6314, 25413, 8, 0, 25444, 29608, 4195, 4187, 524.38, 1
6315, 25415, 1, 0, 25449, 25449, 34, 33, 34.00, 1
6316, 25416, 4, 0, 25450, 25453, 37, 33, 9.25, 1
6317, 25417, 2, 0, 25454, 25455, 38, 36, 19.00, 1
6318, 25420, 6, 0, 25456, 29609, 4189, 4183, 698.17, 1
6319, 25434, 11, 0, 25461, 43173, 17739, 17728, 1612.64, 1
6320, 25438, 5, 0, 25466, 25470, 32, 27, 6.40, 1
6321, 25447, 1, 0, 25471, 25471, 24, 23, 24.00, 1
6322, 25455, 2, 0, 25472, 25473, 18, 16, 9.00, 1
6323, 25462, 10, 0, 25474, 29619, 4157, 4147, 415.70, 1
6324, 25469, 4, 0, 25479, 25482, 13, 9, 3.25, 1
6325, 25478, 2, 0, 25483, 25484, 6, 4, 3.00, 1
6326, 25479, 5, 0, 25485, 25489, 10, 5, 2.00, 1
6327, 25485, 3, 0, 25490, 25492, 7, 4, 2.33, 1
6328, 25487, 3, 0, 25493, 25495, 8, 5, 2.67, 1
6329, 25491, 1, 0, 25496, 25496, 5, 4, 5.00, 1
6330, 25493, 4, 0, 25497, 25500, 7, 3, 1.75, 1
6331, 25497, 5, 0, 25501, 25505, 8, 3, 1.60, 1
6332, 25503, 1, 0, 25506, 25506, 3, 2, 3.00, 1
6333, 25508, 5, 0, 29620, 29624, 4116, 4111, 823.20, 1
6334, 25514, 2, 0, 29625, 29626, 4112, 4110, 2056.00, 1
6335, 25516, 4, 0, 29627, 29630, 4114, 4110, 1028.50, 1
6336, 25524, 2, 0, 29631, 29632, 4108, 4106, 2054.00, 1
6337, 25528, 3, 0, 29633, 29635, 4107, 4104, 1369.00, 1
6338, 25532, 17, 0, 29636, 48900, 23368, 23351, 1374.59, 1
6339, 25542, 1, 0, 29641, 29641, 4099, 4098, 4099.00, 1
6340, 25543, 8, 0, 29642, 43181, 17638, 17630, 2204.75, 1
6341, 25544, 3, 0, 29647, 29649, 4105, 4102, 1368.33, 1
6342, 25548, 2, 0, 29650, 29651, 4103, 4101, 2051.50, 1
6343, 25551, 5, 0, 29652, 29656, 4105, 4100, 821.00, 1
6344, 25556, 6, 0, 29657, 43182, 17626, 17620, 2937.67, 1
6345, 25557, 3, 0, 29662, 29664, 4107, 4104, 1369.00, 1
6346, 25561, 3, 0, 29665, 29667, 4106, 4103, 1368.67, 1
6347, 25571, 2, 0, 29668, 29669, 4098, 4096, 2049.00, 1
6348, 25575, 3, 0, 29670, 29672, 4097, 4094, 1365.67, 1
6349, 25579, 1, 0, 29673, 29673, 4094, 4093, 4094.00, 1
6350, 25580, 4, 0, 29674, 29677, 4097, 4093, 1024.25, 1
6351, 25588, 6, 0, 29678, 43183, 17595, 17589, 2932.50, 1
6352, 25589, 1, 0, 29683, 29683, 4094, 4093, 4094.00, 1
6353, 25603, 11, 0, 29684, 47457, 21854, 21843, 1986.73, 1
6354, 25610, 3, 0, 29689, 29691, 4081, 4078, 1360.33, 1
6355, 25614, 1, 0, 29692, 29692, 4078, 4077, 4078.00, 1
6356, 25619, 8, 0, 29693, 43191, 17572, 17564, 2196.50, 1
6357, 25628, 6, 0, 29698, 43192, 17564, 17558, 2927.33, 1
6358, 25630, 1, 0, 29703, 29703, 4073, 4072, 4073.00, 1
6359, 25638, 1, 0, 29704, 29704, 4066, 4065, 4066.00, 1
6360, 25639, 2, 0, 29705, 29706, 4067, 4065, 2033.50, 1
6361, 25650, 2, 0, 29707, 29708, 4058, 4056, 2029.00, 1
6362, 25653, 2, 0, 29709, 29710, 4057, 4055, 2028.50, 1
6363, 25655, 6, 0, 29711, 43193, 17538, 17532, 2923.00, 1
6364, 25657, 2, 0, 29716, 29717, 4060, 4058, 2030.00, 1
6365, 25663, 5, 0, 29718, 29722, 4059, 4054, 811.80, 1
6366, 25665, 5, 0, 29723, 29727, 4062, 4057, 812.40, 1
6367, 25669, 7, 0, 29728, 43195, 17526, 17519, 2503.71, 1
6368, 25674, 3, 0, 29733, 29735, 4061, 4058, 1353.67, 1
6369, 25681, 2, 0, 29736, 29737, 4056, 4054, 2028.00, 1
6370, 25682, 7, 0, 29738, 43197, 17515, 17508, 2502.14, 1
6371, 25686, 4, 0, 29743, 29746, 4060, 4056, 1015.00, 1
6372, 25689, 2, 0, 29747, 29748, 4059, 4057, 2029.50, 1
6373, 25691, 1, 0, 29749, 29749, 4058, 4057, 4058.00, 1
6374, 25695, 1, 0, 29750, 29750, 4055, 4054, 4055.00, 1
6375, 25704, 6, 0, 29751, 43198, 17494, 17488, 2915.67, 1
6376, 25707, 4, 0, 29756, 29759, 4052, 4048, 1013.00, 1
6377, 25714, 12, 0, 29760, 47459, 21745, 21733, 1812.08, 1
6378, 25718, 18, 0, 29765, 48903, 23185, 23167, 1288.06, 1
6379, 25721, 10, 0, 29770, 43213, 17492, 17482, 1749.20, 1
6380, 25722, 14, 0, 29775, 47468, 21746, 21732, 1553.29, 1
6381, 25724, 1, 0, 29780, 29780, 4056, 4055, 4056.00, 1
6382, 25725, 1, 0, 29781, 29781, 4056, 4055, 4056.00, 1
6383, 25729, 4, 0, 29782, 29785, 4056, 4052, 1014.00, 1
6384, 25731, 3, 0, 29786, 29788, 4057, 4054, 1352.33, 1
6385, 25732, 1, 0, 29789, 29789, 4057, 4056, 4057.00, 1
6386, 25733, 13, 0, 29790, 47471, 21738, 21725, 1672.15, 1
6387, 25735, 8, 0, 29795, 43226, 17491, 17483, 2186.38, 1
6388, 25739, 3, 0, 29800, 29802, 4063, 4060, 1354.33, 1
6389, 25743, 10, 0, 29803, 43231, 17488, 17478, 1748.80, 1
6390, 25744, 5, 0, 29808, 29812, 4068, 4063, 813.60, 1
6391, 25746, 2, 0, 29813, 29814, 4068, 4066, 2034.00, 1
6392, 25753, 10, 0, 29815, 43236, 17483, 17473, 1748.30, 1
6393, 25757, 10, 0, 29820, 43241, 17484, 17474, 1748.40, 1
6394, 25759, 3, 0, 29825, 29827, 4068, 4065, 1356.00, 1
6395, 25767, 6, 0, 29828, 43242, 17475, 17469, 2912.50, 1
6396, 25768, 5, 0, 29833, 29837, 4069, 4064, 813.80, 1
6397, 25771, 1, 0, 29838, 29838, 4067, 4066, 4067.00, 1
6398, 25772, 5, 0, 29839, 29843, 4071, 4066, 814.20, 1
6399, 25776, 3, 0, 29844, 29846, 4070, 4067, 1356.67, 1
6400, 25781, 1, 0, 29847, 29847, 4066, 4065, 4066.00, 1
6401, 25784, 10, 0, 29848, 43247, 17463, 17453, 1746.30, 1
6402, 25795, 2, 0, 29853, 29854, 4059, 4057, 2029.50, 1
6403, 25796, 9, 0, 29855, 43251, 17455, 17446, 1939.44, 1
6404, 25805, 1, 0, 29860, 29860, 4055, 4054, 4055.00, 1
6405, 25806, 1, 0, 29861, 29861, 4055, 4054, 4055.00, 1
6406, 25807, 6, 0, 29862, 43252, 17445, 17439, 2907.50, 1
6407, 25811, 7, 0, 29867, 43254, 17443, 17436, 2491.86, 1
6408, 25812, 3, 0, 29872, 29874, 4062, 4059, 1354.00, 1
6409, 25813, 1, 0, 29875, 29875, 4062, 4061, 4062.00, 1
6410, 25826, 4, 0, 29876, 29879, 4053, 4049, 1013.25, 1
6411, 25839, 9, 0, 29880, 43258, 17419, 17410, 1935.44, 1
6412, 25843, 1, 0, 29885, 29885, 4042, 4041, 4042.00, 1
6413, 25856, 2, 0, 29886, 29887, 4031, 4029, 2015.50, 1
6414, 25857, 8, 0, 29888, 43261, 17404, 17396, 2175.50, 1
6415, 25858, 14, 0, 29893, 47475, 21617, 21603, 1544.07, 1
6416, 25861, 5, 0, 29898, 29902, 4041, 4036, 808.20, 1
6417, 25866, 7, 0, 29903, 43268, 17402, 17395, 2486.00, 1
6418, 25870, 2, 0, 29908, 29909, 4039, 4037, 2019.50, 1
6419, 25873, 7, 0, 29910, 43270, 17397, 17390, 2485.29, 1
6420, 25879, 6, 0, 29915, 43271, 17392, 17386, 2898.67, 1
6421, 25883, 12, 0, 29920, 47477, 21594, 21582, 1799.50, 1
6422, 25901, 1, 0, 29925, 29925, 4024, 4023, 4024.00, 1
6423, 25902, 8, 0, 29926, 43279, 17377, 17369, 2172.12, 1
6424, 25903, 4, 0, 29931, 29934, 4031, 4027, 1007.75, 1
6425, 25905, 7, 0, 29935, 43281, 17376, 17369, 2482.29, 1
6426, 25906, 4, 0, 29940, 29943, 4037, 4033, 1009.25, 1
6427, 25908, 3, 0, 29944, 29946, 4038, 4035, 1346.00, 1
6428, 25913, 3, 0, 29947, 29949, 4036, 4033, 1345.33, 1
6429, 25914, 1, 0, 29950, 29950, 4036, 4035, 4036.00, 1
6430, 25918, 9, 0, 29951, 43285, 17367, 17358, 1929.67, 1
6431, 25919, 12, 0, 29956, 47479, 21560, 21548, 1796.67, 1
6432, 25922, 8, 0, 29961, 43293, 17371, 17363, 2171.38, 1
6433, 25926, 5, 0, 29966, 29970, 4044, 4039, 808.80, 1
6434, 25930, 4, 0, 29971, 29974, 4044, 4040, 1011.00, 1
6435, 25932, 1, 0, 29975, 29975, 4043, 4042, 4043.00, 1
6436, 25933, 5, 0, 29976, 29980, 4047, 4042, 809.40, 1
6437, 25937, 1, 0, 29981, 29981, 4044, 4043, 4044.00, 1
6438, 25938, 5, 0, 29982, 29986, 4048, 4043, 809.60, 1
6439, 25940, 1, 0, 29987, 29987, 4047, 4046, 4047.00, 1
6440, 25946, 8, 0, 29988, 43296, 17350, 17342, 2168.75, 1
6441, 25949, 3, 0, 29993, 29995, 4046, 4043, 1348.67, 1
6442, 25951, 2, 0, 29996, 29997, 4046, 4044, 2023.00, 1
6443, 25957, 4, 0, 29998, 30001, 4044, 4040, 1011.00, 1
6444, 25958, 5, 0, 30002, 30006, 4048, 4043, 809.60, 1
6445, 25974, 3, 0, 30007, 30009, 4035, 4032, 1345.00, 1
6446, 25977, 2, 0, 30010, 30011, 4034, 4032, 2017.00, 1
6447, 25979, 1, 0, 30012, 30012, 4033, 4032, 4033.00, 1
6448, 25984, 1, 0, 30013, 30013, 4029, 4028, 4029.00, 1
6449, 25992, 9, 0, 30014, 43300, 17308, 17299, 1923.11, 1
6450, 25995, 2, 0, 30019, 30020, 4025, 4023, 2012.50, 1
6451, 25998, 3, 0, 30021, 30023, 4025, 4022, 1341.67, 1
6452, 26000, 4, 0, 30024, 30027, 4027, 4023, 1006.75, 1
6453, 26010, 2, 0, 30028, 30029, 4019, 4017, 2009.50, 1
6454, 26013, 3, 0, 30030, 30032, 4019, 4016, 1339.67, 1
6455, 26016, 2, 0, 30033, 30034, 4018, 4016, 2009.00, 1
6456, 26018, 7, 0, 30035, 43302, 17284, 17277, 2469.14, 1
6457, 26024, 6, 0, 30040, 43303, 17279, 17273, 2879.83, 1
6458, 26025, 13, 0, 30045, 47482, 21457, 21444, 1650.54, 1
6459, 26028, 11, 0, 30050, 47483, 21455, 21444, 1950.45, 1
6460, 26034, 2, 0, 30055, 30056, 4022, 4020, 2011.00, 1
6461, 26040, 2, 0, 30057, 30058, 4018, 4016, 2009.00, 1
6462, 26042, 3, 0, 30059, 30061, 4019, 4016, 1339.67, 1
6463, 26045, 2, 0, 30062, 30063, 4018, 4016, 2009.00, 1
6464, 26048, 9, 0, 30064, 43317, 17269, 17260, 1918.78, 1
6465, 26052, 4, 0, 30069, 30072, 4020, 4016, 1005.00, 1
6466, 26056, 2, 0, 30073, 30074, 4018, 4016, 2009.00, 1
6467, 26060, 6, 0, 30075, 43318, 17258, 17252, 2876.33, 1
6468, 26076, 8, 0, 30080, 43321, 17245, 17237, 2155.62, 1
6469, 26078, 2, 0, 30085, 30086, 4008, 4006, 2004.00, 1
6470, 26079, 4, 0, 30087, 30090, 4011, 4007, 1002.75, 1
6471, 26081, 1, 0, 30091, 30091, 4010, 4009, 4010.00, 1
6472, 26084, 10, 0, 30092, 43326, 17242, 17232, 1724.20, 1
6473, 26090, 6, 0, 30097, 43327, 17237, 17231, 2872.83, 1
6474, 26095, 5, 0, 30102, 30106, 4011, 4006, 802.20, 1
6475, 26099, 10, 0, 30107, 43332, 17233, 17223, 1723.30, 1
6476, 26101, 4, 0, 30112, 30115, 4014, 4010, 1003.50, 1
6477, 26102, 7, 0, 30116, 43334, 17232, 17225, 2461.71, 1
6478, 26103, 2, 0, 30121, 30122, 4019, 4017, 2009.50, 1
6479, 26107, 8, 0, 30123, 43337, 17230, 17222, 2153.75, 1
6480, 26112, 1, 0, 30128, 30128, 4016, 4015, 4016.00, 1
6481, 26118, 2, 0, 30129, 30130, 4012, 4010, 2006.00, 1
6482, 26121, 1, 0, 30131, 30131, 4010, 4009, 4010.00, 1
6483, 26123, 3, 0, 30132, 30134, 4011, 4008, 1337.00, 1
6484, 26124, 6, 0, 30135, 43338, 17214, 17208, 2869.00, 1
6485, 26127, 7, 0, 30140, 43340, 17213, 17206, 2459.00, 1
6486, 26130, 2, 0, 30145, 30146, 4016, 4014, 2008.00, 1
6487, 26131, 2, 0, 30147, 30148, 4017, 4015, 2008.50, 1
6488, 26134, 8, 0, 30149, 43343, 17209, 17201, 2151.12, 1
6489, 26136, 19, 0, 30154, 48907, 22771, 22752, 1198.47, 1
6490, 26138, 2, 0, 30159, 30160, 4022, 4020, 2011.00, 1
6491, 26146, 1, 0, 30161, 30161, 4015, 4014, 4015.00, 1
6492, 26151, 8, 0, 30162, 43351, 17200, 17192, 2150.00, 1
6493, 26156, 6, 0, 30167, 43352, 17196, 17190, 2866.00, 1
6494, 26157, 1, 0, 30172, 30172, 4015, 4014, 4015.00, 1
6495, 26165, 3, 0, 30173, 30175, 4010, 4007, 1336.67, 1
6496, 26169, 7, 0, 30176, 43354, 17185, 17178, 2455.00, 1
6497, 26170, 5, 0, 30181, 30185, 4015, 4010, 803.00, 1
6498, 26180, 2, 0, 30186, 30187, 4007, 4005, 2003.50, 1
6499, 26182, 4, 0, 30188, 30191, 4009, 4005, 1002.25, 1
6500, 26184, 3, 0, 30192, 30194, 4010, 4007, 1336.67, 1
6501, 26198, 16, 0, 30195, 48908, 22710, 22694, 1419.38, 1
6502, 26199, 1, 0, 30200, 30200, 4001, 4000, 4001.00, 1
6503, 26200, 1, 0, 30201, 30201, 4001, 4000, 4001.00, 1
6504, 26201, 8, 0, 30202, 43362, 17161, 17153, 2145.12, 1
6505, 26202, 1, 0, 30207, 30207, 4005, 4004, 4005.00, 1
6506, 26221, 2, 0, 30208, 30209, 3988, 3986, 1994.00, 1
6507, 26232, 5, 0, 30210, 30214, 3982, 3977, 796.40, 1
6508, 26236, 5, 0, 30215, 30219, 3983, 3978, 796.60, 1
6509, 26242, 1, 0, 30220, 30220, 3978, 3977, 3978.00, 1
6510, 26244, 6, 0, 30221, 43363, 17119, 17113, 2853.17, 1
6511, 26246, 4, 0, 30226, 30229, 3983, 3979, 995.75, 1
6512, 26247, 1, 0, 30230, 30230, 3983, 3982, 3983.00, 1
6513, 26248, 4, 0, 30231, 30234, 3986, 3982, 996.50, 1
6514, 26259, 1, 0, 30235, 30235, 3976, 3975, 3976.00, 1
6515, 26266, 15, 0, 30236, 47498, 21232, 21217, 1415.47, 1
6516, 26278, 6, 0, 30241, 43369, 17091, 17085, 2848.50, 1
6517, 26279, 8, 0, 30246, 43372, 17093, 17085, 2136.62, 1
6518, 26281, 3, 0, 30251, 30253, 3972, 3969, 1324.00, 1
6519, 26282, 8, 0, 30254, 43375, 17093, 17085, 2136.62, 1
6520, 26284, 1, 0, 30259, 30259, 3975, 3974, 3975.00, 1
6521, 26286, 6, 0, 30260, 43376, 17090, 17084, 2848.33, 1
6522, 26291, 1, 0, 30265, 30265, 3974, 3973, 3974.00, 1
6523, 26293, 4, 0, 30266, 30269, 3976, 3972, 994.00, 1
6524, 26294, 3, 0, 30270, 30272, 3978, 3975, 1326.00, 1
6525, 26297, 3, 0, 30273, 30275, 3978, 3975, 1326.00, 1
6526, 26305, 3, 0, 30276, 30278, 3973, 3970, 1324.33, 1
6527, 26306, 2, 0, 30279, 30280, 3974, 3972, 1987.00, 1
6528, 26321, 1, 0, 30281, 30281, 3960, 3959, 3960.00, 1
6529, 26322, 5, 0, 30282, 30286, 3964, 3959, 792.80, 1
6530, 26324, 5, 0, 30287, 30291, 3967, 3962, 793.40, 1
6531, 26325, 6, 0, 30292, 43377, 17052, 17046, 2842.00, 1
6532, 26336, 1, 0, 30297, 30297, 3961, 3960, 3961.00, 1
6533, 26338, 1, 0, 30298, 30298, 3960, 3959, 3960.00, 1
6534, 26339, 1, 0, 30299, 30299, 3960, 3959, 3960.00, 1
6535, 26341, 1, 0, 30300, 30300, 3959, 3958, 3959.00, 1
6536, 26344, 4, 0, 30301, 30304, 3960, 3956, 990.00, 1
6537, 26352, 13, 0, 30305, 47501, 21149, 21136, 1626.85, 1
6538, 26355, 1, 0, 30310, 30310, 3955, 3954, 3955.00, 1
6539, 26359, 3, 0, 30311, 30313, 3954, 3951, 1318.00, 1
6540, 26361, 9, 0, 30314, 43386, 17025, 17016, 1891.67, 1
6541, 26363, 6, 0, 30319, 43387, 17024, 17018, 2837.33, 1
6542, 26366, 1, 0, 30324, 30324, 3958, 3957, 3958.00, 1
6543, 26377, 6, 0, 30325, 43388, 17011, 17005, 2835.17, 1
6544, 26383, 4, 0, 30330, 30333, 3950, 3946, 987.50, 1
6545, 26385, 2, 0, 30334, 30335, 3950, 3948, 1975.00, 1
6546, 26387, 14, 0, 30336, 47505, 21118, 21104, 1508.43, 1
6547, 26390, 1, 0, 30341, 30341, 3951, 3950, 3951.00, 1
6548, 26391, 1, 0, 30342, 30342, 3951, 3950, 3951.00, 1
6549, 26393, 3, 0, 30343, 30345, 3952, 3949, 1317.33, 1
6550, 26402, 5, 0, 30346, 30350, 3948, 3943, 789.60, 1
6551, 26408, 10, 0, 30351, 43398, 16990, 16980, 1699.00, 1
6552, 26414, 1, 0, 30356, 30356, 3942, 3941, 3942.00, 1
6553, 26416, 1, 0, 30357, 30357, 3941, 3940, 3941.00, 1
6554, 26418, 1, 0, 30358, 30358, 3940, 3939, 3940.00, 1
6555, 26424, 1, 0, 30359, 30359, 3935, 3934, 3935.00, 1
6556, 26427, 5, 0, 30360, 30364, 3937, 3932, 787.40, 1
6557, 26438, 7, 0, 30365, 43400, 16962, 16955, 2423.14, 1
6558, 26439, 1, 0, 30370, 30370, 3931, 3930, 3931.00, 1
6559, 26449, 3, 0, 30371, 30373, 3924, 3921, 1308.00, 1
6560, 26452, 6, 0, 30374, 43401, 16949, 16943, 2824.83, 1
6561, 26455, 1, 0, 30379, 30379, 3924, 3923, 3924.00, 1
6562, 26465, 2, 0, 30380, 30381, 3916, 3914, 1958.00, 1
6563, 26467, 1, 0, 30382, 30382, 3915, 3914, 3915.00, 1
6564, 26474, 5, 0, 30383, 30387, 3913, 3908, 782.60, 1
6565, 26475, 9, 0, 30388, 43405, 16930, 16921, 1881.11, 1
6566, 26479, 22, 0, 30393, 49387, 22908, 22886, 1041.27, 1
6567, 26481, 6, 0, 30398, 43411, 16930, 16924, 2821.67, 1
6568, 26490, 1, 0, 30403, 30403, 3913, 3912, 3913.00, 1
6569, 26491, 3, 0, 30404, 30406, 3915, 3912, 1305.00, 1
6570, 26493, 4, 0, 30407, 30410, 3917, 3913, 979.25, 1
6571, 26495, 3, 0, 30411, 30413, 3918, 3915, 1306.00, 1
6572, 26497, 2, 0, 30414, 30415, 3918, 3916, 1959.00, 1
6573, 26499, 4, 0, 30416, 30419, 3920, 3916, 980.00, 1
6574, 26500, 11, 0, 30420, 47511, 21011, 21000, 1910.09, 1
6575, 26502, 3, 0, 30425, 30427, 3925, 3922, 1308.33, 1
6576, 26504, 7, 0, 30428, 43418, 16914, 16907, 2416.29, 1
6577, 26505, 2, 0, 30433, 30434, 3929, 3927, 1964.50, 1
6578, 26509, 16, 0, 30435, 48914, 22405, 22389, 1400.31, 1
6579, 26521, 1, 0, 30440, 30440, 3919, 3918, 3919.00, 1
6580, 26525, 2, 0, 30441, 30442, 3917, 3915, 1958.50, 1
6581, 26530, 3, 0, 30443, 30445, 3915, 3912, 1305.00, 1
6582, 26535, 6, 0, 30446, 43424, 16889, 16883, 2814.83, 1
6583, 26536, 4, 0, 30451, 30454, 3918, 3914, 979.50, 1
6584, 26544, 4, 0, 30455, 30458, 3914, 3910, 978.50, 1
6585, 26545, 1, 0, 30459, 30459, 3914, 3913, 3914.00, 1
6586, 26546, 2, 0, 30460, 30461, 3915, 3913, 1957.50, 1
6587, 26550, 2, 0, 30462, 30463, 3913, 3911, 1956.50, 1
6588, 26554, 2, 0, 30464, 30465, 3911, 3909, 1955.50, 1
6589, 26557, 2, 0, 30466, 30467, 3910, 3908, 1955.00, 1
6590, 26560, 2, 0, 30468, 30469, 3909, 3907, 1954.50, 1
6591, 26561, 8, 0, 30470, 43427, 16866, 16858, 2108.25, 1
6592, 26563, 4, 0, 30475, 30478, 3915, 3911, 978.75, 1
6593, 26564, 6, 0, 30479, 43428, 16864, 16858, 2810.67, 1
6594, 26568, 16, 0, 30484, 48915, 22347, 22331, 1396.69, 1
6595, 26569, 2, 0, 30489, 30490, 3921, 3919, 1960.50, 1
6596, 26573, 4, 0, 30491, 30494, 3921, 3917, 980.25, 1
6597, 26579, 6, 0, 30495, 43434, 16855, 16849, 2809.17, 1
6598, 26581, 9, 0, 30500, 43438, 16857, 16848, 1873.00, 1
6599, 26585, 3, 0, 30505, 30507, 3922, 3919, 1307.33, 1
6600, 26587, 1, 0, 30508, 30508, 3921, 3920, 3921.00, 1
6601, 26589, 2, 0, 30509, 30510, 3921, 3919, 1960.50, 1
6602, 26598, 5, 0, 30511, 30515, 3917, 3912, 783.40, 1
6603, 26600, 1, 0, 30516, 30516, 3916, 3915, 3916.00, 1
6604, 26603, 5, 0, 30517, 30521, 3918, 3913, 783.60, 1
6605, 26606, 1, 0, 30522, 30522, 3916, 3915, 3916.00, 1
6606, 26607, 13, 0, 30523, 47524, 20917, 20904, 1609.00, 1
6607, 26608, 3, 0, 30528, 30530, 3922, 3919, 1307.33, 1
6608, 26612, 1, 0, 30531, 30531, 3919, 3918, 3919.00, 1
6609, 26616, 3, 0, 30532, 30534, 3918, 3915, 1306.00, 1
6610, 26619, 6, 0, 30535, 43444, 16825, 16819, 2804.17, 1
6611, 26620, 3, 0, 30540, 30542, 3922, 3919, 1307.33, 1
6612, 26624, 7, 0, 30543, 43446, 16822, 16815, 2403.14, 1
6613, 26627, 4, 0, 30548, 30551, 3924, 3920, 981.00, 1
6614, 26630, 2, 0, 30552, 30553, 3923, 3921, 1961.50, 1
6615, 26632, 7, 0, 30554, 43448, 16816, 16809, 2402.29, 1
6616, 26633, 10, 0, 30559, 43453, 16820, 16810, 1682.00, 1
6617, 26636, 1, 0, 30564, 30564, 3928, 3927, 3928.00, 1
6618, 26638, 4, 0, 30565, 30568, 3930, 3926, 982.50, 1
6619, 26639, 1, 0, 30569, 30569, 3930, 3929, 3930.00, 1
6620, 26645, 7, 0, 30570, 43455, 16810, 16803, 2401.43, 1
6621, 26651, 1, 0, 30575, 30575, 3924, 3923, 3924.00, 1
6622, 26652, 1, 0, 30576, 30576, 3924, 3923, 3924.00, 1
6623, 26654, 5, 0, 30577, 30581, 3927, 3922, 785.40, 1
6624, 26658, 11, 0, 30582, 47525, 20867, 20856, 1897.00, 1
6625, 26662, 2, 0, 30587, 30588, 3926, 3924, 1963.00, 1
6626, 26668, 5, 0, 30589, 30593, 3925, 3920, 785.00, 1
6627, 26672, 1, 0, 30594, 30594, 3922, 3921, 3922.00, 1
6628, 26674, 10, 0, 30595, 43465, 16791, 16781, 1679.10, 1
6629, 26676, 1, 0, 30600, 30600, 3924, 3923, 3924.00, 1
6630, 26685, 1, 0, 30601, 30601, 3916, 3915, 3916.00, 1
6631, 26687, 6, 0, 30602, 43466, 16779, 16773, 2796.50, 1
6632, 26688, 3, 0, 30607, 30609, 3921, 3918, 1307.00, 1
6633, 26691, 2, 0, 30610, 30611, 3920, 3918, 1960.00, 1
6634, 26696, 1, 0, 30612, 30612, 3916, 3915, 3916.00, 1
6635, 26698, 4, 0, 30613, 30616, 3918, 3914, 979.50, 1
6636, 26704, 7, 0, 30617, 43468, 16764, 16757, 2394.86, 1
6637, 26708, 5, 0, 30622, 30626, 3918, 3913, 783.60, 1
6638, 26713, 1, 0, 30627, 30627, 3914, 3913, 3914.00, 1
6639, 26715, 10, 0, 30628, 43473, 16758, 16748, 1675.80, 1
6640, 26717, 14, 0, 30633, 47529, 20812, 20798, 1486.57, 1
6641, 26722, 6, 0, 30638, 43479, 16757, 16751, 2792.83, 1
6642, 26726, 16, 0, 30643, 48916, 22190, 22174, 1386.88, 1
6643, 26737, 7, 0, 30648, 43486, 16749, 16742, 2392.71, 1
6644, 26742, 7, 0, 30653, 43488, 16746, 16739, 2392.29, 1
6645, 26746, 1, 0, 30658, 30658, 3912, 3911, 3912.00, 1
6646, 26748, 11, 0, 30659, 47535, 20787, 20776, 1889.73, 1
6647, 26753, 7, 0, 30664, 43495, 16742, 16735, 2391.71, 1
6648, 26758, 25, 0, 30669, 49392, 22634, 22609, 905.36, 1
6649, 26761, 6, 0, 30674, 43501, 16740, 16734, 2790.00, 1
6650, 26773, 5, 0, 30679, 30683, 3910, 3905, 782.00, 1
6651, 26775, 1, 0, 30684, 30684, 3909, 3908, 3909.00, 1
6652, 26780, 4, 0, 30685, 30688, 3908, 3904, 977.00, 1
6653, 26781, 1, 0, 30689, 30689, 3908, 3907, 3908.00, 1
6654, 26783, 2, 0, 30690, 30691, 3908, 3906, 1954.00, 1
6655, 26785, 1, 0, 30692, 30692, 3907, 3906, 3907.00, 1
6656, 26790, 7, 0, 30693, 43503, 16713, 16706, 2387.57, 1
6657, 26794, 12, 0, 30698, 47542, 20748, 20736, 1729.00, 1
6658, 26797, 4, 0, 30703, 30706, 3909, 3905, 977.25, 1
6659, 26801, 2, 0, 30707, 30708, 3907, 3905, 1953.50, 1
6660, 26806, 3, 0, 30709, 30711, 3905, 3902, 1301.67, 1
6661, 26809, 2, 0, 30712, 30713, 3904, 3902, 1952.00, 1
6662, 26811, 2, 0, 30714, 30715, 3904, 3902, 1952.00, 1
6663, 26817, 8, 0, 30716, 43511, 16694, 16686, 2086.75, 1
6664, 26819, 4, 0, 30721, 30724, 3905, 3901, 976.25, 1
6665, 26824, 1, 0, 30725, 30725, 3901, 3900, 3901.00, 1
6666, 26825, 2, 0, 30726, 30727, 3902, 3900, 1951.00, 1
6667, 26830, 5, 0, 30728, 30732, 3902, 3897, 780.40, 1
6668, 26833, 4, 0, 30733, 30736, 3903, 3899, 975.75, 1
6669, 26835, 2, 0, 30737, 30738, 3903, 3901, 1951.50, 1
6670, 26844, 5, 0, 30739, 30743, 3899, 3894, 779.80, 1
6671, 26846, 9, 0, 30744, 43515, 16669, 16660, 1852.11, 1
6672, 26848, 1, 0, 30749, 30749, 3901, 3900, 3901.00, 1
6673, 26857, 7, 0, 30750, 43517, 16660, 16653, 2380.00, 1
6674, 26867, 21, 0, 30755, 49393, 22526, 22505, 1072.67, 1
6675, 26876, 3, 0, 30760, 30762, 3886, 3883, 1295.33, 1
6676, 26879, 4, 0, 30763, 30766, 3887, 3883, 971.75, 1
6677, 26898, 12, 0, 30767, 47549, 20651, 20639, 1720.92, 1
6678, 26905, 2, 0, 30772, 30773, 3868, 3866, 1934.00, 1
6679, 26915, 3, 0, 30774, 30776, 3861, 3858, 1287.00, 1
6680, 26920, 9, 0, 30777, 43531, 16611, 16602, 1845.67, 1
6681, 26921, 20, 0, 30782, 48931, 22010, 21990, 1100.50, 1
6682, 26924, 6, 0, 30787, 43537, 16613, 16607, 2768.83, 1
6683, 26935, 1, 0, 30792, 30792, 3857, 3856, 3857.00, 1
6684, 26940, 6, 0, 30793, 43538, 16598, 16592, 2766.33, 1
6685, 26941, 6, 0, 30798, 43539, 16598, 16592, 2766.33, 1
6686, 26947, 1, 0, 30803, 30803, 3856, 3855, 3856.00, 1
6687, 26950, 5, 0, 30804, 30808, 3858, 3853, 771.60, 1
6688, 26951, 7, 0, 30809, 43541, 16590, 16583, 2370.00, 1
6689, 26957, 2, 0, 30814, 30815, 3858, 3856, 1929.00, 1
6690, 26959, 1, 0, 30816, 30816, 3857, 3856, 3857.00, 1
6691, 26960, 3, 0, 30817, 30819, 3859, 3856, 1286.33, 1
6692, 26961, 10, 0, 30820, 43546, 16585, 16575, 1658.50, 1
6693, 26965, 2, 0, 30825, 30826, 3861, 3859, 1930.50, 1
6694, 26967, 2, 0, 30827, 30828, 3861, 3859, 1930.50, 1
6695, 26974, 4, 0, 30829, 30832, 3858, 3854, 964.50, 1
6696, 26976, 1, 0, 30833, 30833, 3857, 3856, 3857.00, 1
6697, 26979, 7, 0, 30834, 43548, 16569, 16562, 2367.00, 1
6698, 26982, 11, 0, 30839, 47555, 20573, 20562, 1870.27, 1
6699, 26983, 1, 0, 30844, 30844, 3861, 3860, 3861.00, 1
6700, 26986, 5, 0, 30845, 30849, 3863, 3858, 772.60, 1
6701, 26989, 2, 0, 30850, 30851, 3862, 3860, 1931.00, 1
6702, 26990, 1, 0, 30852, 30852, 3862, 3861, 3862.00, 1
6703, 26995, 2, 0, 30853, 30854, 3859, 3857, 1929.50, 1
6704, 27001, 7, 0, 30855, 43555, 16554, 16547, 2364.86, 1
6705, 27004, 14, 0, 30860, 47559, 20555, 20541, 1468.21, 1
6706, 27005, 2, 0, 30865, 30866, 3861, 3859, 1930.50, 1
6707, 27009, 1, 0, 30867, 30867, 3858, 3857, 3858.00, 1
6708, 27013, 2, 0, 30868, 30869, 3856, 3854, 1928.00, 1
6709, 27015, 1, 0, 30870, 30870, 3855, 3854, 3855.00, 1
6710, 27023, 5, 0, 30871, 30875, 3852, 3847, 770.40, 1
6711, 27026, 2, 0, 30876, 30877, 3851, 3849, 1925.50, 1
6712, 27029, 1, 0, 30878, 30878, 3849, 3848, 3849.00, 1
6713, 27032, 6, 0, 30879, 43561, 16529, 16523, 2754.83, 1
6714, 27036, 1, 0, 30884, 30884, 3848, 3847, 3848.00, 1
6715, 27039, 3, 0, 30885, 30887, 3848, 3845, 1282.67, 1
6716, 27041, 3, 0, 30888, 30890, 3849, 3846, 1283.00, 1
6717, 27044, 1, 0, 30891, 30891, 3847, 3846, 3847.00, 1
6718, 27046, 1, 0, 30892, 30892, 3846, 3845, 3846.00, 1
6719, 27050, 3, 0, 30893, 30895, 3845, 3842, 1281.67, 1
6720, 27054, 2, 0, 30896, 30897, 3843, 3841, 1921.50, 1
6721, 27055, 6, 0, 30898, 43562, 16507, 16501, 2751.17, 1
6722, 27063, 1, 0, 30903, 30903, 3840, 3839, 3840.00, 1
6723, 27071, 3, 0, 30904, 30906, 3835, 3832, 1278.33, 1
6724, 27073, 2, 0, 30907, 30908, 3835, 3833, 1917.50, 1
6725, 27075, 2, 0, 30909, 30910, 3835, 3833, 1917.50, 1
6726, 27077, 1, 0, 30911, 30911, 3834, 3833, 3834.00, 1
6727, 27079, 5, 0, 30912, 30916, 3837, 3832, 767.40, 1
6728, 27082, 3, 0, 30917, 30919, 3837, 3834, 1279.00, 1
6729, 27084, 4, 0, 30920, 30923, 3839, 3835, 959.75, 1
6730, 27089, 8, 0, 30924, 43565, 16476, 16468, 2059.50, 1
6731, 27096, 3, 0, 30929, 30931, 3835, 3832, 1278.33, 1
6732, 27100, 2, 0, 30932, 30933, 3833, 3831, 1916.50, 1
6733, 27101, 1, 0, 30934, 30934, 3833, 3832, 3833.00, 1
6734, 27103, 1, 0, 30935, 30935, 3832, 3831, 3832.00, 1
6735, 27104, 4, 0, 30936, 30939, 3835, 3831, 958.75, 1
6736, 27107, 7, 0, 30940, 43567, 16460, 16453, 2351.43, 1
6737, 27112, 1, 0, 30945, 30945, 3833, 3832, 3833.00, 1
6738, 27115, 6, 0, 30946, 43568, 16453, 16447, 2742.17, 1
6739, 27120, 1, 0, 30951, 30951, 3831, 3830, 3831.00, 1
6740, 27121, 1, 0, 30952, 30952, 3831, 3830, 3831.00, 1
6741, 27127, 6, 0, 30953, 43569, 16442, 16436, 2740.33, 1
6742, 27135, 1, 0, 30958, 30958, 3823, 3822, 3823.00, 1
6743, 27137, 3, 0, 30959, 30961, 3824, 3821, 1274.67, 1
6744, 27141, 7, 0, 30962, 43571, 16430, 16423, 2347.14, 1
6745, 27146, 5, 0, 30967, 30971, 3825, 3820, 765.00, 1
6746, 27147, 9, 0, 30972, 43575, 16428, 16419, 1825.33, 1
6747, 27159, 12, 0, 30977, 47561, 20402, 20390, 1700.17, 1
6748, 27169, 9, 0, 30982, 43584, 16415, 16406, 1823.89, 1
6749, 27173, 1, 0, 30987, 30987, 3814, 3813, 3814.00, 1
6750, 27176, 8, 0, 30988, 43587, 16411, 16403, 2051.38, 1
6751, 27181, 8, 0, 30993, 43590, 16409, 16401, 2051.12, 1
6752, 27182, 5, 0, 30998, 31002, 3820, 3815, 764.00, 1
6753, 27187, 3, 0, 31003, 31005, 3818, 3815, 1272.67, 1
6754, 27192, 4, 0, 31006, 31009, 3817, 3813, 954.25, 1
6755, 27195, 2, 0, 31010, 31011, 3816, 3814, 1908.00, 1
6756, 27196, 4, 0, 31012, 31015, 3819, 3815, 954.75, 1
6757, 27197, 18, 0, 31016, 48934, 21737, 21719, 1207.61, 1
6758, 27199, 8, 0, 31021, 43598, 16399, 16391, 2049.88, 1
6759, 27202, 1, 0, 31026, 31026, 3824, 3823, 3824.00, 1
6760, 27206, 1, 0, 31027, 31027, 3821, 3820, 3821.00, 1
6761, 27210, 4, 0, 31028, 31031, 3821, 3817, 955.25, 1
6762, 27212, 7, 0, 31032, 43600, 16388, 16381, 2341.14, 1
6763, 27214, 5, 0, 31037, 31041, 3827, 3822, 765.40, 1
6764, 27219, 3, 0, 31042, 31044, 3825, 3822, 1275.00, 1
6765, 27223, 1, 0, 31045, 31045, 3822, 3821, 3822.00, 1
6766, 27224, 1, 0, 31046, 31046, 3822, 3821, 3822.00, 1
6767, 27226, 7, 0, 31047, 43602, 16376, 16369, 2339.43, 1
6768, 27227, 7, 0, 31052, 43604, 16377, 16370, 2339.57, 1
6769, 27228, 13, 0, 31057, 47569, 20341, 20328, 1564.69, 1
6770, 27232, 4, 0, 31062, 31065, 3833, 3829, 958.25, 1
6771, 27234, 11, 0, 31066, 47570, 20336, 20325, 1848.73, 1
6772, 27237, 3, 0, 31071, 31073, 3836, 3833, 1278.67, 1
6773, 27239, 5, 0, 31074, 31078, 3839, 3834, 767.80, 1
6774, 27240, 2, 0, 31079, 31080, 3840, 3838, 1920.00, 1
6775, 27241, 1, 0, 31081, 31081, 3840, 3839, 3840.00, 1
6776, 27243, 4, 0, 31082, 31085, 3842, 3838, 960.50, 1
6777, 27245, 2, 0, 31086, 31087, 3842, 3840, 1921.00, 1
6778, 27248, 13, 0, 31088, 47573, 20325, 20312, 1563.46, 1
6779, 27250, 1, 0, 31093, 31093, 3843, 3842, 3843.00, 1
6780, 27252, 2, 0, 31094, 31095, 3843, 3841, 1921.50, 1
6781, 27254, 1, 0, 31096, 31096, 3842, 3841, 3842.00, 1
6782, 27258, 4, 0, 31097, 31100, 3842, 3838, 960.50, 1
6783, 27259, 11, 0, 31101, 47574, 20315, 20304, 1846.82, 1
6784, 27266, 1, 0, 31106, 31106, 3840, 3839, 3840.00, 1
6785, 27268, 1, 0, 31107, 31107, 3839, 3838, 3839.00, 1
6786, 27271, 11, 0, 31108, 47575, 20304, 20293, 1845.82, 1
6787, 27278, 4, 0, 31113, 31116, 3838, 3834, 959.50, 1
6788, 27287, 1, 0, 31117, 31117, 3830, 3829, 3830.00, 1
6789, 27291, 5, 0, 31118, 31122, 3831, 3826, 766.20, 1
6790, 27297, 1, 0, 31123, 31123, 3826, 3825, 3826.00, 1
6791, 27304, 8, 0, 31124, 43632, 16328, 16320, 2041.00, 1
6792, 27306, 2, 0, 31129, 31130, 3824, 3822, 1912.00, 1
6793, 27313, 3, 0, 31131, 31133, 3820, 3817, 1273.33, 1
6794, 27323, 1, 0, 31134, 31134, 3811, 3810, 3811.00, 1
6795, 27326, 12, 0, 31135, 47577, 20251, 20239, 1687.58, 1
6796, 27327, 7, 0, 31140, 43639, 16312, 16305, 2330.29, 1
6797, 27328, 10, 0, 31145, 43644, 16316, 16306, 1631.60, 1
6798, 27332, 2, 0, 31150, 31151, 3819, 3817, 1909.50, 1
6799, 27335, 17, 0, 31152, 48936, 21601, 21584, 1270.65, 1
6800, 27339, 3, 0, 31157, 31159, 3820, 3817, 1273.33, 1
6801, 27340, 3, 0, 31160, 31162, 3822, 3819, 1274.00, 1
6802, 27344, 3, 0, 31163, 31165, 3821, 3818, 1273.67, 1
6803, 27345, 1, 0, 31166, 31166, 3821, 3820, 3821.00, 1
6804, 27350, 5, 0, 31167, 31171, 3821, 3816, 764.20, 1
6805, 27351, 5, 0, 31172, 31176, 3825, 3820, 765.00, 1
6806, 27359, 2, 0, 31177, 31178, 3819, 3817, 1909.50, 1
6807, 27362, 7, 0, 31179, 43651, 16289, 16282, 2327.00, 1
6808, 27365, 7, 0, 31184, 43653, 16288, 16281, 2326.86, 1
6809, 27366, 2, 0, 31189, 31190, 3824, 3822, 1912.00, 1
6810, 27380, 17, 0, 31191, 48938, 21558, 21541, 1268.12, 1
6811, 27381, 3, 0, 31196, 31198, 3817, 3814, 1272.33, 1
6812, 27382, 16, 0, 31199, 48939, 21557, 21541, 1347.31, 1
6813, 27384, 9, 0, 31204, 43667, 16283, 16274, 1809.22, 1
6814, 27395, 1, 0, 31209, 31209, 3814, 3813, 3814.00, 1
6815, 27400, 4, 0, 31210, 31213, 3813, 3809, 953.25, 1
6816, 27402, 6, 0, 31214, 43668, 16266, 16260, 2711.00, 1
6817, 27403, 1, 0, 31219, 31219, 3816, 3815, 3816.00, 1
6818, 27409, 2, 0, 31220, 31221, 3812, 3810, 1906.00, 1
6819, 27414, 8, 0, 31222, 43671, 16257, 16249, 2032.12, 1
6820, 27416, 3, 0, 31227, 31229, 3813, 3810, 1271.00, 1
6821, 27423, 5, 0, 31230, 31234, 3811, 3806, 762.20, 1
6822, 27425, 3, 0, 31235, 31237, 3812, 3809, 1270.67, 1
6823, 27426, 4, 0, 31238, 31241, 3815, 3811, 953.75, 1
6824, 27427, 12, 0, 31242, 47594, 20167, 20155, 1680.58, 1
6825, 27429, 4, 0, 31247, 31250, 3821, 3817, 955.25, 1
6826, 27430, 2, 0, 31251, 31252, 3822, 3820, 1911.00, 1
6827, 27431, 8, 0, 31253, 43679, 16248, 16240, 2031.00, 1
6828, 27437, 5, 0, 31258, 31262, 3825, 3820, 765.00, 1
6829, 27439, 11, 0, 31263, 47595, 20156, 20145, 1832.36, 1
6830, 27449, 2, 0, 31268, 31269, 3820, 3818, 1910.00, 1
6831, 27453, 8, 0, 31270, 43687, 16234, 16226, 2029.25, 1
6832, 27458, 6, 0, 31275, 43688, 16230, 16224, 2705.00, 1
6833, 27463, 1, 0, 31280, 31280, 3817, 3816, 3817.00, 1
6834, 27465, 3, 0, 31281, 31283, 3818, 3815, 1272.67, 1
6835, 27469, 6, 0, 31284, 43689, 16220, 16214, 2703.33, 1
6836, 27473, 4, 0, 31289, 31292, 3819, 3815, 954.75, 1
6837, 27492, 4, 0, 31293, 31296, 3804, 3800, 951.00, 1
6838, 27497, 5, 0, 31297, 31301, 3804, 3799, 760.80, 1
6839, 27512, 3, 0, 31302, 31304, 3792, 3789, 1264.00, 1
6840, 27514, 2, 0, 31305, 31306, 3792, 3790, 1896.00, 1
6841, 27518, 11, 0, 31307, 47596, 20078, 20067, 1825.27, 1
6842, 27520, 11, 0, 31312, 47597, 20077, 20066, 1825.18, 1
6843, 27534, 7, 0, 31317, 43701, 16167, 16160, 2309.57, 1
6844, 27539, 3, 0, 31322, 31324, 3785, 3782, 1261.67, 1
6845, 27540, 20, 0, 31325, 48944, 21404, 21384, 1070.20, 1
6846, 27541, 1, 0, 31330, 31330, 3789, 3788, 3789.00, 1
6847, 27546, 1, 0, 31331, 31331, 3785, 3784, 3785.00, 1
6848, 27548, 2, 0, 31332, 31333, 3785, 3783, 1892.50, 1
6849, 27549, 3, 0, 31334, 31336, 3787, 3784, 1262.33, 1
6850, 27550, 5, 0, 31337, 31341, 3791, 3786, 758.20, 1
6851, 27568, 7, 0, 31342, 43708, 16140, 16133, 2305.71, 1
6852, 27572, 1, 0, 31347, 31347, 3775, 3774, 3775.00, 1
6853, 27580, 1, 0, 31348, 31348, 3768, 3767, 3768.00, 1
6854, 27581, 1, 0, 31349, 31349, 3768, 3767, 3768.00, 1
6855, 27583, 2, 0, 31350, 31351, 3768, 3766, 1884.00, 1
6856, 27593, 1, 0, 31352, 31352, 3759, 3758, 3759.00, 1
6857, 27600, 1, 0, 31353, 31353, 3753, 3752, 3753.00, 1
6858, 27610, 8, 0, 31354, 43711, 16101, 16093, 2012.62, 1
6859, 27617, 2, 0, 31359, 31360, 3743, 3741, 1871.50, 1
6860, 27621, 12, 0, 31361, 47604, 19983, 19971, 1665.25, 1
6861, 27623, 3, 0, 31366, 31368, 3745, 3742, 1248.33, 1
6862, 27630, 3, 0, 31369, 31371, 3741, 3738, 1247.00, 1
6863, 27634, 17, 0, 31372, 48946, 21312, 21295, 1253.65, 1
6864, 27640, 7, 0, 31377, 43723, 16083, 16076, 2297.57, 1
6865, 27643, 2, 0, 31382, 31383, 3740, 3738, 1870.00, 1
6866, 27645, 2, 0, 31384, 31385, 3740, 3738, 1870.00, 1
6867, 27647, 13, 0, 31386, 47612, 19965, 19952, 1535.77, 1
6868, 27655, 5, 0, 31391, 31395, 3740, 3735, 748.00, 1
6869, 27658, 2, 0, 31396, 31397, 3739, 3737, 1869.50, 1
6870, 27660, 1, 0, 31398, 31398, 3738, 3737, 3738.00, 1
6871, 27665, 2, 0, 31399, 31400, 3735, 3733, 1867.50, 1
6872, 27667, 4, 0, 31401, 31404, 3737, 3733, 934.25, 1
6873, 27669, 6, 0, 31405, 43729, 16060, 16054, 2676.67, 1
6874, 27674, 12, 0, 31410, 47614, 19940, 19928, 1661.67, 1
6875, 27678, 9, 0, 31415, 43738, 16060, 16051, 1784.44, 1
6876, 27683, 1, 0, 31420, 31420, 3737, 3736, 3737.00, 1
6877, 27688, 2, 0, 31421, 31422, 3734, 3732, 1867.00, 1
6878, 27695, 6, 0, 31423, 43739, 16044, 16038, 2674.00, 1
6879, 27704, 7, 0, 31428, 43741, 16037, 16030, 2291.00, 1
6880, 27705, 1, 0, 31433, 31433, 3728, 3727, 3728.00, 1
6881, 27709, 6, 0, 31434, 43742, 16033, 16027, 2672.17, 1
6882, 27710, 1, 0, 31439, 31439, 3729, 3728, 3729.00, 1
6883, 27716, 1, 0, 31440, 31440, 3724, 3723, 3724.00, 1
6884, 27718, 1, 0, 31441, 31441, 3723, 3722, 3723.00, 1
6885, 27721, 2, 0, 31442, 31443, 3722, 3720, 1861.00, 1
6886, 27724, 3, 0, 31444, 31446, 3722, 3719, 1240.67, 1
6887, 27725, 1, 0, 31447, 31447, 3722, 3721, 3722.00, 1
6888, 27726, 1, 0, 31448, 31448, 3722, 3721, 3722.00, 1
6889, 27728, 3, 0, 31449, 31451, 3723, 3720, 1241.00, 1
6890, 27739, 2, 0, 31452, 31453, 3714, 3712, 1857.00, 1
6891, 27741, 1, 0, 31454, 31454, 3713, 3712, 3713.00, 1
6892, 27747, 9, 0, 31455, 43746, 15999, 15990, 1777.67, 1
6893, 27752, 3, 0, 31460, 31462, 3710, 3707, 1236.67, 1
6894, 27760, 1, 0, 31463, 31463, 3703, 3702, 3703.00, 1
6895, 27765, 5, 0, 31464, 31468, 3703, 3698, 740.60, 1
6896, 27767, 13, 0, 31469, 47617, 19850, 19837, 1526.92, 1
6897, 27771, 4, 0, 31474, 31477, 3706, 3702, 926.50, 1
6898, 27775, 2, 0, 31478, 31479, 3704, 3702, 1852.00, 1
6899, 27776, 3, 0, 31480, 31482, 3706, 3703, 1235.33, 1
6900, 27777, 2, 0, 31483, 31484, 3707, 3705, 1853.50, 1
6901, 27779, 2, 0, 31485, 31486, 3707, 3705, 1853.50, 1
6902, 27780, 4, 0, 31487, 31490, 3710, 3706, 927.50, 1
6903, 27784, 1, 0, 31491, 31491, 3707, 3706, 3707.00, 1
6904, 27786, 14, 0, 31492, 47621, 19835, 19821, 1416.79, 1
6905, 27787, 1, 0, 31497, 31497, 3710, 3709, 3710.00, 1
6906, 27795, 6, 0, 31498, 43757, 15962, 15956, 2660.33, 1
6907, 27797, 5, 0, 31503, 31507, 3710, 3705, 742.00, 1
6908, 27798, 1, 0, 31508, 31508, 3710, 3709, 3710.00, 1
6909, 27801, 4, 0, 31509, 31512, 3711, 3707, 927.75, 1
6910, 27802, 1, 0, 31513, 31513, 3711, 3710, 3711.00, 1
6911, 27803, 1, 0, 31514, 31514, 3711, 3710, 3711.00, 1
6912, 27806, 3, 0, 31515, 31517, 3711, 3708, 1237.00, 1
6913, 27808, 6, 0, 31518, 43758, 15950, 15944, 2658.33, 1
6914, 27810, 2, 0, 31523, 31524, 3714, 3712, 1857.00, 1
6915, 27811, 7, 0, 31525, 43760, 15949, 15942, 2278.43, 1
6916, 27813, 4, 0, 31530, 31533, 3720, 3716, 930.00, 1
6917, 27816, 4, 0, 31534, 31537, 3721, 3717, 930.25, 1
6918, 27817, 1, 0, 31538, 31538, 3721, 3720, 3721.00, 1
6919, 27821, 8, 0, 31539, 43763, 15942, 15934, 1992.75, 1
6920, 27822, 1, 0, 31544, 31544, 3722, 3721, 3722.00, 1
6921, 27823, 4, 0, 31545, 31548, 3725, 3721, 931.25, 1
6922, 27824, 3, 0, 31549, 31551, 3727, 3724, 1242.33, 1
6923, 27825, 2, 0, 31552, 31553, 3728, 3726, 1864.00, 1
6924, 27831, 2, 0, 31554, 31555, 3724, 3722, 1862.00, 1
6925, 27837, 8, 0, 31556, 43766, 15929, 15921, 1991.12, 1
6926, 27842, 1, 0, 31561, 31561, 3719, 3718, 3719.00, 1
6927, 27846, 1, 0, 31562, 31562, 3716, 3715, 3716.00, 1
6928, 27847, 1, 0, 31563, 31563, 3716, 3715, 3716.00, 1
6929, 27850, 6, 0, 31564, 43767, 15917, 15911, 2652.83, 1
6930, 27851, 10, 0, 31569, 43772, 15921, 15911, 1592.10, 1
6931, 27853, 2, 0, 31574, 31575, 3722, 3720, 1861.00, 1
6932, 27861, 15, 0, 31576, 47626, 19765, 19750, 1317.67, 1
6933, 27864, 3, 0, 31581, 31583, 3719, 3716, 1239.67, 1
6934, 27866, 1, 0, 31584, 31584, 3718, 3717, 3718.00, 1
6935, 27872, 1, 0, 31585, 31585, 3713, 3712, 3713.00, 1
6936, 27874, 12, 0, 31586, 47628, 19754, 19742, 1646.17, 1
6937, 27875, 3, 0, 31591, 31593, 3718, 3715, 1239.33, 1
6938, 27887, 9, 0, 31594, 43786, 15899, 15890, 1766.56, 1
6939, 27896, 2, 0, 31599, 31600, 3704, 3702, 1852.00, 1
6940, 27898, 9, 0, 31601, 43790, 15892, 15883, 1765.78, 1
6941, 27902, 1, 0, 31606, 31606, 3704, 3703, 3704.00, 1
6942, 27908, 4, 0, 31607, 31610, 3702, 3698, 925.50, 1
6943, 27911, 2, 0, 31611, 31612, 3701, 3699, 1850.50, 1
6944, 27912, 8, 0, 31613, 43793, 15881, 15873, 1985.12, 1
6945, 27924, 2, 0, 31618, 31619, 3695, 3693, 1847.50, 1
6946, 27926, 1, 0, 31620, 31620, 3694, 3693, 3694.00, 1
6947, 27931, 2, 0, 31621, 31622, 3691, 3689, 1845.50, 1
6948, 27936, 3, 0, 31623, 31625, 3689, 3686, 1229.67, 1
6949, 27947, 9, 0, 31626, 43797, 15850, 15841, 1761.11, 1
6950, 27951, 14, 0, 31631, 47632, 19681, 19667, 1405.79, 1
6951, 27953, 5, 0, 31636, 31640, 3687, 3682, 737.40, 1
6952, 27955, 10, 0, 31641, 43807, 15852, 15842, 1585.20, 1
6953, 27957, 4, 0, 31646, 31649, 3692, 3688, 923.00, 1
6954, 27963, 2, 0, 31650, 31651, 3688, 3686, 1844.00, 1
6955, 27964, 5, 0, 31652, 31656, 3692, 3687, 738.40, 1
6956, 27977, 8, 0, 31657, 43810, 15833, 15825, 1979.12, 1
6957, 27979, 8, 0, 31662, 43813, 15834, 15826, 1979.25, 1
6958, 27980, 15, 0, 31667, 47637, 19657, 19642, 1310.47, 1
6959, 27984, 1, 0, 31672, 31672, 3688, 3687, 3688.00, 1
6960, 27995, 7, 0, 31673, 43820, 15825, 15818, 2260.71, 1
6961, 27996, 5, 0, 31678, 31682, 3686, 3681, 737.20, 1
6962, 27998, 3, 0, 31683, 31685, 3687, 3684, 1229.00, 1
6963, 28003, 1, 0, 31686, 31686, 3683, 3682, 3683.00, 1
6964, 28006, 10, 0, 31687, 43825, 15819, 15809, 1581.90, 1
6965, 28010, 2, 0, 31692, 31693, 3683, 3681, 1841.50, 1
6966, 28021, 4, 0, 31694, 31697, 3676, 3672, 919.00, 1
6967, 28023, 8, 0, 31698, 43828, 15805, 15797, 1975.62, 1
6968, 28024, 6, 0, 31703, 43829, 15805, 15799, 2634.17, 1
6969, 28026, 11, 0, 31708, 47638, 19612, 19601, 1782.91, 1
6970, 28030, 16, 0, 31713, 48947, 20917, 20901, 1307.31, 1
6971, 28032, 1, 0, 31718, 31718, 3686, 3685, 3686.00, 1
6972, 28046, 2, 0, 31719, 31720, 3674, 3672, 1837.00, 1
6973, 28062, 4, 0, 31721, 31724, 3662, 3658, 915.50, 1
6974, 28063, 5, 0, 31725, 31729, 3666, 3661, 733.20, 1
6975, 28068, 2, 0, 31730, 31731, 3663, 3661, 1831.50, 1
6976, 28070, 3, 0, 31732, 31734, 3664, 3661, 1221.33, 1
6977, 28071, 2, 0, 31735, 31736, 3665, 3663, 1832.50, 1
6978, 28093, 4, 0, 31737, 31740, 3647, 3643, 911.75, 1
6979, 28096, 15, 0, 31741, 47648, 19552, 19537, 1303.47, 1
6980, 28101, 3, 0, 31746, 31748, 3647, 3644, 1215.67, 1
6981, 28107, 1, 0, 31749, 31749, 3642, 3641, 3642.00, 1
6982, 28108, 2, 0, 31750, 31751, 3643, 3641, 1821.50, 1
6983, 28109, 22, 0, 31752, 49395, 21286, 21264, 967.55, 1
6984, 28111, 1, 0, 31757, 31757, 3646, 3645, 3646.00, 1
6985, 28113, 7, 0, 31758, 43851, 15738, 15731, 2248.29, 1
6986, 28115, 13, 0, 31763, 47656, 19541, 19528, 1503.15, 1
6987, 28117, 7, 0, 31768, 43858, 15741, 15734, 2248.71, 1
6988, 28123, 1, 0, 31773, 31773, 3650, 3649, 3650.00, 1
6989, 28128, 7, 0, 31774, 43860, 15732, 15725, 2247.43, 1
6990, 28130, 1, 0, 31779, 31779, 3649, 3648, 3649.00, 1
6991, 28131, 10, 0, 31780, 43865, 15734, 15724, 1573.40, 1
6992, 28140, 3, 0, 31785, 31787, 3647, 3644, 1215.67, 1
6993, 28142, 7, 0, 31788, 43867, 15725, 15718, 2246.43, 1
6994, 28148, 19, 0, 31793, 48956, 20808, 20789, 1095.16, 1
6995, 28149, 15, 0, 31798, 47666, 19517, 19502, 1301.13, 1
6996, 28157, 2, 0, 31803, 31804, 3647, 3645, 1823.50, 1
6997, 28167, 2, 0, 31805, 31806, 3639, 3637, 1819.50, 1
6998, 28170, 12, 0, 31807, 47668, 19498, 19486, 1624.83, 1
6999, 28174, 12, 0, 31812, 47670, 19496, 19484, 1624.67, 1
7000, 28177, 1, 0, 31817, 31817, 3640, 3639, 3640.00, 1
7001, 28178, 3, 0, 31818, 31820, 3642, 3639, 1214.00, 1
7002, 28180, 6, 0, 31821, 43888, 15708, 15702, 2618.00, 1
7003, 28181, 1, 0, 31826, 31826, 3645, 3644, 3645.00, 1
7004, 28183, 1, 0, 31827, 31827, 3644, 3643, 3644.00, 1
7005, 28184, 5, 0, 31828, 31832, 3648, 3643, 729.60, 1
7006, 28190, 3, 0, 31833, 31835, 3645, 3642, 1215.00, 1
7007, 28193, 3, 0, 31836, 31838, 3645, 3642, 1215.00, 1
7008, 28205, 14, 0, 31839, 47674, 19469, 19455, 1390.64, 1
7009, 28213, 1, 0, 31844, 31844, 3631, 3630, 3631.00, 1
7010, 28219, 1, 0, 31845, 31845, 3626, 3625, 3626.00, 1
7011, 28223, 4, 0, 31846, 31849, 3626, 3622, 906.50, 1
7012, 28226, 1, 0, 31850, 31850, 3624, 3623, 3624.00, 1
7013, 28229, 3, 0, 31851, 31853, 3624, 3621, 1208.00, 1
7014, 28235, 15, 0, 31854, 47679, 19444, 19429, 1296.27, 1
7015, 28237, 3, 0, 31859, 31861, 3624, 3621, 1208.00, 1
7016, 28243, 9, 0, 31862, 43902, 15659, 15650, 1739.89, 1
7017, 28250, 15, 0, 31867, 47684, 19434, 19419, 1295.60, 1
7018, 28252, 6, 0, 31872, 43908, 15656, 15650, 2609.33, 1
7019, 28256, 3, 0, 31877, 31879, 3623, 3620, 1207.67, 1
7020, 28257, 1, 0, 31880, 31880, 3623, 3622, 3623.00, 1
7021, 28260, 4, 0, 31881, 31884, 3624, 3620, 906.00, 1
7022, 28262, 3, 0, 31885, 31887, 3625, 3622, 1208.33, 1
7023, 28266, 4, 0, 31888, 31891, 3625, 3621, 906.25, 1
7024, 28272, 7, 0, 31892, 43910, 15638, 15631, 2234.00, 1
7025, 28275, 5, 0, 31897, 31901, 3626, 3621, 725.20, 1
7026, 28276, 6, 0, 31902, 43911, 15635, 15629, 2605.83, 1
7027, 28278, 1, 0, 31907, 31907, 3629, 3628, 3629.00, 1
7028, 28283, 3, 0, 31908, 31910, 3627, 3624, 1209.00, 1
7029, 28285, 4, 0, 31911, 31914, 3629, 3625, 907.25, 1
7030, 28293, 2, 0, 31915, 31916, 3623, 3621, 1811.50, 1
7031, 28299, 2, 0, 31917, 31918, 3619, 3617, 1809.50, 1
7032, 28301, 25, 0, 31919, 49400, 21099, 21074, 843.96, 1
7033, 28302, 1, 0, 31924, 31924, 3622, 3621, 3622.00, 1
7034, 28307, 5, 0, 31925, 31929, 3622, 3617, 724.40, 1
7035, 28309, 6, 0, 31930, 43917, 15608, 15602, 2601.33, 1
7036, 28312, 7, 0, 31935, 43919, 15607, 15600, 2229.57, 1
7037, 28313, 5, 0, 31940, 31944, 3631, 3626, 726.20, 1
7038, 28336, 1, 0, 31945, 31945, 3609, 3608, 3609.00, 1
7039, 28337, 2, 0, 31946, 31947, 3610, 3608, 1805.00, 1
7040, 28339, 2, 0, 31948, 31949, 3610, 3608, 1805.00, 1
7041, 28347, 1, 0, 31950, 31950, 3603, 3602, 3603.00, 1
7042, 28348, 3, 0, 31951, 31953, 3605, 3602, 1201.67, 1
7043, 28349, 3, 0, 31954, 31956, 3607, 3604, 1202.33, 1
7044, 28353, 4, 0, 31957, 31960, 3607, 3603, 901.75, 1
7045, 28354, 19, 0, 31961, 48965, 20611, 20592, 1084.79, 1
7046, 28360, 2, 0, 31966, 31967, 3607, 3605, 1803.50, 1
7047, 28363, 4, 0, 31968, 31971, 3608, 3604, 902.00, 1
7048, 28367, 4, 0, 31972, 31975, 3608, 3604, 902.00, 1
7049, 28368, 3, 0, 31976, 31978, 3610, 3607, 1203.33, 1
7050, 28370, 1, 0, 31979, 31979, 3609, 3608, 3609.00, 1
7051, 28372, 9, 0, 31980, 43928, 15556, 15547, 1728.44, 1
7052, 28373, 1, 0, 31985, 31985, 3612, 3611, 3612.00, 1
7053, 28379, 1, 0, 31986, 31986, 3607, 3606, 3607.00, 1
7054, 28381, 1, 0, 31987, 31987, 3606, 3605, 3606.00, 1
7055, 28382, 16, 0, 31988, 48966, 20584, 20568, 1286.50, 1
7056, 28385, 5, 0, 31993, 31997, 3612, 3607, 722.40, 1
7057, 28390, 2, 0, 31998, 31999, 3609, 3607, 1804.50, 1
7058, 28419, 3, 0, 32000, 32002, 3583, 3580, 1194.33, 1
7059, 28421, 8, 0, 32003, 43936, 15515, 15507, 1939.38, 1
7060, 28424, 1, 0, 32008, 32008, 3584, 3583, 3584.00, 1
7061, 28429, 4, 0, 32009, 32012, 3583, 3579, 895.75, 1
7062, 28433, 2, 0, 32013, 32014, 3581, 3579, 1790.50, 1
7063, 28438, 7, 0, 32015, 43938, 15500, 15493, 2214.29, 1
7064, 28440, 1, 0, 32020, 32020, 3580, 3579, 3580.00, 1
7065, 28441, 4, 0, 32021, 32024, 3583, 3579, 895.75, 1
7066, 28443, 8, 0, 32025, 43941, 15498, 15490, 1937.25, 1
7067, 28447, 2, 0, 32030, 32031, 3584, 3582, 1792.00, 1
7068, 28450, 1, 0, 32032, 32032, 3582, 3581, 3582.00, 1
7069, 28451, 1, 0, 32033, 32033, 3582, 3581, 3582.00, 1
7070, 28452, 4, 0, 32034, 32037, 3585, 3581, 896.25, 1
7071, 28455, 6, 0, 32038, 43942, 15487, 15481, 2581.17, 1
7072, 28456, 3, 0, 32043, 32045, 3589, 3586, 1196.33, 1
7073, 28464, 1, 0, 32046, 32046, 3582, 3581, 3582.00, 1
7074, 28466, 9, 0, 32047, 43946, 15480, 15471, 1720.00, 1
7075, 28469, 4, 0, 32052, 32055, 3586, 3582, 896.50, 1
7076, 28475, 4, 0, 32056, 32059, 3584, 3580, 896.00, 1
7077, 28478, 2, 0, 32060, 32061, 3583, 3581, 1791.50, 1
7078, 28483, 2, 0, 32062, 32063, 3580, 3578, 1790.00, 1
7079, 28484, 10, 0, 32064, 43951, 15467, 15457, 1546.70, 1
7080, 28496, 3, 0, 32069, 32071, 3575, 3572, 1191.67, 1
7081, 28499, 1, 0, 32072, 32072, 3573, 3572, 3573.00, 1
7082, 28507, 1, 0, 32073, 32073, 3566, 3565, 3566.00, 1
7083, 28513, 1, 0, 32074, 32074, 3561, 3560, 3561.00, 1
7084, 28514, 11, 0, 32075, 47700, 19186, 19175, 1744.18, 1
7085, 28517, 8, 0, 32080, 43959, 15442, 15434, 1930.25, 1
7086, 28519, 2, 0, 32085, 32086, 3567, 3565, 1783.50, 1
7087, 28521, 2, 0, 32087, 32088, 3567, 3565, 1783.50, 1
7088, 28523, 2, 0, 32089, 32090, 3567, 3565, 1783.50, 1
7089, 28527, 3, 0, 32091, 32093, 3566, 3563, 1188.67, 1
7090, 28529, 5, 0, 32094, 32098, 3569, 3564, 713.80, 1
7091, 28532, 6, 0, 32099, 43960, 15428, 15422, 2571.33, 1
7092, 28533, 8, 0, 32104, 43963, 15430, 15422, 1928.75, 1
7093, 28550, 4, 0, 32109, 32112, 3562, 3558, 890.50, 1
7094, 28552, 13, 0, 32113, 47703, 19151, 19138, 1473.15, 1
7095, 28560, 3, 0, 32118, 32120, 3560, 3557, 1186.67, 1
7096, 28561, 7, 0, 32121, 43970, 15409, 15402, 2201.29, 1
7097, 28564, 1, 0, 32126, 32126, 3562, 3561, 3562.00, 1
7098, 28567, 2, 0, 32127, 32128, 3561, 3559, 1780.50, 1
7099, 28572, 2, 0, 32129, 32130, 3558, 3556, 1779.00, 1
7100, 28576, 2, 0, 32131, 32132, 3556, 3554, 1778.00, 1
7101, 28578, 22, 0, 32133, 49402, 20824, 20802, 946.55, 1
7102, 28581, 2, 0, 32138, 32139, 3558, 3556, 1779.00, 1
7103, 28592, 7, 0, 32140, 43977, 15385, 15378, 2197.86, 1
7104, 28600, 3, 0, 32145, 32147, 3547, 3544, 1182.33, 1
7105, 28607, 6, 0, 32148, 43978, 15371, 15365, 2561.83, 1
7106, 28610, 1, 0, 32153, 32153, 3543, 3542, 3543.00, 1
7107, 28618, 4, 0, 32154, 32157, 3539, 3535, 884.75, 1
7108, 28620, 6, 0, 32158, 43979, 15359, 15353, 2559.83, 1
7109, 28627, 3, 0, 32163, 32165, 3538, 3535, 1179.33, 1
7110, 28628, 4, 0, 32166, 32169, 3541, 3537, 885.25, 1
7111, 28632, 1, 0, 32170, 32170, 3538, 3537, 3538.00, 1
7112, 28633, 2, 0, 32171, 32172, 3539, 3537, 1769.50, 1
7113, 28636, 4, 0, 32173, 32176, 3540, 3536, 885.00, 1
7114, 28645, 3, 0, 32177, 32179, 3534, 3531, 1178.00, 1
7115, 28648, 10, 0, 32180, 43984, 15336, 15326, 1533.60, 1
7116, 28649, 8, 0, 32185, 43987, 15338, 15330, 1917.25, 1
7117, 28650, 2, 0, 32190, 32191, 3541, 3539, 1770.50, 1
7118, 28653, 1, 0, 32192, 32192, 3539, 3538, 3539.00, 1
7119, 28657, 2, 0, 32193, 32194, 3537, 3535, 1768.50, 1
7120, 28659, 5, 0, 32195, 32199, 3540, 3535, 708.00, 1
7121, 28660, 1, 0, 32200, 32200, 3540, 3539, 3540.00, 1
7122, 28661, 4, 0, 32201, 32204, 3543, 3539, 885.75, 1
7123, 28665, 3, 0, 32205, 32207, 3542, 3539, 1180.67, 1
7124, 28666, 1, 0, 32208, 32208, 3542, 3541, 3542.00, 1
7125, 28672, 3, 0, 32209, 32211, 3539, 3536, 1179.67, 1
7126, 28673, 5, 0, 32212, 32216, 3543, 3538, 708.60, 1
7127, 28680, 7, 0, 32217, 43989, 15309, 15302, 2187.00, 1
7128, 28683, 11, 0, 32222, 47709, 19026, 19015, 1729.64, 1
7129, 28689, 2, 0, 32227, 32228, 3539, 3537, 1769.50, 1
7130, 28696, 3, 0, 32229, 32231, 3535, 3532, 1178.33, 1
7131, 28697, 3, 0, 32232, 32234, 3537, 3534, 1179.00, 1
7132, 28699, 2, 0, 32235, 32236, 3537, 3535, 1768.50, 1
7133, 28704, 1, 0, 32237, 32237, 3533, 3532, 3533.00, 1
7134, 28705, 1, 0, 32238, 32238, 3533, 3532, 3533.00, 1
7135, 28716, 26, 0, 32239, 49537, 20821, 20795, 800.81, 1
7136, 28718, 9, 0, 32244, 44003, 15285, 15276, 1698.33, 1
7137, 28732, 6, 0, 32249, 44004, 15272, 15266, 2545.33, 1
7138, 28740, 1, 0, 32254, 32254, 3514, 3513, 3514.00, 1
7139, 28743, 1, 0, 32255, 32255, 3512, 3511, 3512.00, 1
7140, 28748, 2, 0, 32256, 32257, 3509, 3507, 1754.50, 1
7141, 28751, 5, 0, 32258, 32262, 3511, 3506, 702.20, 1
7142, 28754, 4, 0, 32263, 32266, 3512, 3508, 878.00, 1
7143, 28757, 10, 0, 32267, 44009, 15252, 15242, 1525.20, 1
7144, 28766, 3, 0, 32272, 32274, 3508, 3505, 1169.33, 1
7145, 28770, 9, 0, 32275, 44013, 15243, 15234, 1693.67, 1
7146, 28776, 5, 0, 32280, 32284, 3508, 3503, 701.60, 1
7147, 28779, 4, 0, 32285, 32288, 3509, 3505, 877.25, 1
7148, 28782, 2, 0, 32289, 32290, 3508, 3506, 1754.00, 1
7149, 28787, 1, 0, 32291, 32291, 3504, 3503, 3504.00, 1
7150, 28788, 4, 0, 32292, 32295, 3507, 3503, 876.75, 1
7151, 28789, 2, 0, 32296, 32297, 3508, 3506, 1754.00, 1
7152, 28792, 3, 0, 32298, 32300, 3508, 3505, 1169.33, 1
7153, 28801, 2, 0, 32301, 32302, 3501, 3499, 1750.50, 1
7154, 28804, 2, 0, 32303, 32304, 3500, 3498, 1750.00, 1
7155, 28811, 1, 0, 32305, 32305, 3494, 3493, 3494.00, 1
7156, 28812, 4, 0, 32306, 32309, 3497, 3493, 874.25, 1
7157, 28817, 4, 0, 32310, 32313, 3496, 3492, 874.00, 1
7158, 28828, 17, 0, 32314, 48978, 20150, 20133, 1185.29, 1
7159, 28830, 2, 0, 32319, 32320, 3490, 3488, 1745.00, 1
7160, 28835, 2, 0, 32321, 32322, 3487, 3485, 1743.50, 1
7161, 28836, 6, 0, 32323, 44019, 15183, 15177, 2530.50, 1
7162, 28842, 5, 0, 32328, 32332, 3490, 3485, 698.00, 1
7163, 28843, 6, 0, 32333, 44020, 15177, 15171, 2529.50, 1
7164, 28844, 2, 0, 32338, 32339, 3495, 3493, 1747.50, 1
7165, 28847, 1, 0, 32340, 32340, 3493, 3492, 3493.00, 1
7166, 28853, 3, 0, 32341, 32343, 3490, 3487, 1163.33, 1
7167, 28855, 9, 0, 32344, 44024, 15169, 15160, 1685.44, 1
7168, 28856, 4, 0, 32349, 32352, 3496, 3492, 874.00, 1
7169, 28859, 2, 0, 32353, 32354, 3495, 3493, 1747.50, 1
7170, 28860, 1, 0, 32355, 32355, 3495, 3494, 3495.00, 1
7171, 28861, 11, 0, 32356, 47720, 18859, 18848, 1714.45, 1
7172, 28872, 3, 0, 32361, 32363, 3491, 3488, 1163.67, 1
7173, 28875, 11, 0, 32364, 47721, 18846, 18835, 1713.27, 1
7174, 28877, 6, 0, 32369, 44035, 15158, 15152, 2526.33, 1
7175, 28879, 11, 0, 32374, 47722, 18843, 18832, 1713.00, 1
7176, 28881, 14, 0, 32379, 47726, 18845, 18831, 1346.07, 1
7177, 28883, 6, 0, 32384, 44046, 15163, 15157, 2527.17, 1
7178, 28884, 3, 0, 32389, 32391, 3507, 3504, 1169.00, 1
7179, 28887, 3, 0, 32392, 32394, 3507, 3504, 1169.00, 1
7180, 28892, 3, 0, 32395, 32397, 3505, 3502, 1168.33, 1
7181, 28896, 1, 0, 32398, 32398, 3502, 3501, 3502.00, 1
7182, 28898, 2, 0, 32399, 32400, 3502, 3500, 1751.00, 1
7183, 28908, 5, 0, 32401, 32405, 3497, 3492, 699.40, 1
7184, 28909, 2, 0, 32406, 32407, 3498, 3496, 1749.00, 1
7185, 28919, 4, 0, 32408, 32411, 3492, 3488, 873.00, 1
7186, 28926, 5, 0, 32412, 32416, 3490, 3485, 698.00, 1
7187, 28929, 1, 0, 32417, 32417, 3488, 3487, 3488.00, 1
7188, 28932, 4, 0, 32418, 32421, 3489, 3485, 872.25, 1
7189, 28939, 9, 0, 32422, 44050, 15111, 15102, 1679.00, 1
7190, 28951, 3, 0, 32427, 32429, 3478, 3475, 1159.33, 1
7191, 28955, 5, 0, 32430, 32434, 3479, 3474, 695.80, 1
7192, 28963, 7, 0, 32435, 44052, 15089, 15082, 2155.57, 1
7193, 28964, 20, 0, 32440, 48983, 20019, 19999, 1000.95, 1
7194, 28968, 6, 0, 32445, 44058, 15090, 15084, 2515.00, 1
7195, 28970, 4, 0, 32450, 32453, 3483, 3479, 870.75, 1
7196, 28977, 3, 0, 32454, 32456, 3479, 3476, 1159.67, 1
7197, 28979, 6, 0, 32457, 44059, 15080, 15074, 2513.33, 1
7198, 28981, 5, 0, 32462, 32466, 3485, 3480, 697.00, 1
7199, 28984, 9, 0, 32467, 44063, 15079, 15070, 1675.44, 1
7200, 28985, 4, 0, 32472, 32475, 3490, 3486, 872.50, 1
7201, 28986, 3, 0, 32476, 32478, 3492, 3489, 1164.00, 1
7202, 28990, 2, 0, 32479, 32480, 3490, 3488, 1745.00, 1
7203, 28994, 6, 0, 32481, 44064, 15070, 15064, 2511.67, 1
7204, 28996, 6, 0, 32486, 44065, 15069, 15063, 2511.50, 1
7205, 29005, 4, 0, 32491, 32494, 3489, 3485, 872.25, 1
7206, 29007, 3, 0, 32495, 32497, 3490, 3487, 1163.33, 1
7207, 29016, 8, 0, 32498, 44068, 15052, 15044, 1881.50, 1
7208, 29021, 1, 0, 32503, 32503, 3482, 3481, 3482.00, 1
7209, 29022, 2, 0, 32504, 32505, 3483, 3481, 1741.50, 1
7210, 29023, 3, 0, 32506, 32508, 3485, 3482, 1161.67, 1
7211, 29036, 3, 0, 32509, 32511, 3475, 3472, 1158.33, 1
7212, 29039, 1, 0, 32512, 32512, 3473, 3472, 3473.00, 1
7213, 29042, 2, 0, 32513, 32514, 3472, 3470, 1736.00, 1
7214, 29045, 6, 0, 32515, 44069, 15024, 15018, 2504.00, 1
7215, 29048, 10, 0, 32520, 44074, 15026, 15016, 1502.60, 1
7216, 29054, 4, 0, 32525, 32528, 3474, 3470, 868.50, 1
7217, 29055, 1, 0, 32529, 32529, 3474, 3473, 3474.00, 1
7218, 29057, 5, 0, 32530, 32534, 3477, 3472, 695.40, 1
7219, 29059, 5, 0, 32535, 32539, 3480, 3475, 696.00, 1
7220, 29061, 5, 0, 32540, 32544, 3483, 3478, 696.60, 1
7221, 29065, 3, 0, 32545, 32547, 3482, 3479, 1160.67, 1
7222, 29070, 1, 0, 32548, 32548, 3478, 3477, 3478.00, 1
7223, 29074, 1, 0, 32549, 32549, 3475, 3474, 3475.00, 1
7224, 29079, 2, 0, 32550, 32551, 3472, 3470, 1736.00, 1
7225, 29084, 17, 0, 32552, 48985, 19901, 19884, 1170.65, 1
7226, 29089, 2, 0, 32557, 32558, 3469, 3467, 1734.50, 1
7227, 29095, 1, 0, 32559, 32559, 3464, 3463, 3464.00, 1
7228, 29098, 2, 0, 32560, 32561, 3463, 3461, 1731.50, 1
7229, 29099, 3, 0, 32562, 32564, 3465, 3462, 1155.00, 1
7230, 29103, 6, 0, 32565, 44080, 14977, 14971, 2496.17, 1
7231, 29104, 15, 0, 32570, 47741, 18637, 18622, 1242.47, 1
7232, 29108, 9, 0, 32575, 44089, 14981, 14972, 1664.56, 1
7233, 29110, 4, 0, 32580, 32583, 3473, 3469, 868.25, 1
7234, 29114, 11, 0, 32584, 47742, 18628, 18617, 1693.45, 1
7235, 29117, 8, 0, 32589, 44097, 14980, 14972, 1872.50, 1
7236, 29118, 7, 0, 32594, 44099, 14981, 14974, 2140.14, 1
7237, 29119, 4, 0, 32599, 32602, 3483, 3479, 870.75, 1
7238, 29122, 2, 0, 32603, 32604, 3482, 3480, 1741.00, 1
7239, 29127, 3, 0, 32605, 32607, 3480, 3477, 1160.00, 1
7240, 29134, 4, 0, 32608, 32611, 3477, 3473, 869.25, 1
7241, 29135, 3, 0, 32612, 32614, 3479, 3476, 1159.67, 1
7242, 29138, 4, 0, 32615, 32618, 3480, 3476, 870.00, 1
7243, 29141, 5, 0, 32619, 32623, 3482, 3477, 696.40, 1
7244, 29143, 6, 0, 32624, 44100, 14957, 14951, 2492.83, 1
7245, 29144, 9, 0, 32629, 44104, 14960, 14951, 1662.22, 1
7246, 29145, 9, 0, 32634, 44108, 14963, 14954, 1662.56, 1
7247, 29147, 10, 0, 32639, 44113, 14966, 14956, 1496.60, 1
7248, 29153, 1, 0, 32644, 32644, 3491, 3490, 3491.00, 1
7249, 29156, 11, 0, 32645, 47743, 18587, 18576, 1689.73, 1
7250, 29157, 7, 0, 32650, 44120, 14963, 14956, 2137.57, 1
7251, 29163, 12, 0, 32655, 47745, 18582, 18570, 1548.50, 1
7252, 29165, 12, 0, 32660, 47747, 18582, 18570, 1548.50, 1
7253, 29166, 2, 0, 32665, 32666, 3500, 3498, 1750.00, 1
7254, 29167, 1, 0, 32667, 32667, 3500, 3499, 3500.00, 1
7255, 29171, 3, 0, 32668, 32670, 3499, 3496, 1166.33, 1
7256, 29176, 10, 0, 32671, 44135, 14959, 14949, 1495.90, 1
7257, 29177, 21, 0, 32676, 49408, 20231, 20210, 963.38, 1
7258, 29179, 5, 0, 32681, 32685, 3506, 3501, 701.20, 1
7259, 29186, 1, 0, 32686, 32686, 3500, 3499, 3500.00, 1
7260, 29188, 1, 0, 32687, 32687, 3499, 3498, 3499.00, 1
7261, 29192, 7, 0, 32688, 44142, 14950, 14943, 2135.71, 1
7262, 29194, 2, 0, 32693, 32694, 3500, 3498, 1750.00, 1
7263, 29197, 1, 0, 32695, 32695, 3498, 3497, 3498.00, 1
7264, 29213, 2, 0, 32696, 32697, 3484, 3482, 1742.00, 1
7265, 29214, 3, 0, 32698, 32700, 3486, 3483, 1162.00, 1
7266, 29217, 1, 0, 32701, 32701, 3484, 3483, 3484.00, 1
7267, 29226, 2, 0, 32702, 32703, 3477, 3475, 1738.50, 1
7268, 29227, 6, 0, 32704, 44143, 14916, 14910, 2486.00, 1
7269, 29239, 2, 0, 32709, 32710, 3471, 3469, 1735.50, 1
7270, 29242, 4, 0, 32711, 32714, 3472, 3468, 868.00, 1
7271, 29245, 1, 0, 32715, 32715, 3470, 3469, 3470.00, 1
7272, 29252, 3, 0, 32716, 32718, 3466, 3463, 1155.33, 1
7273, 29258, 4, 0, 32719, 32722, 3464, 3460, 866.00, 1
7274, 29263, 1, 0, 32723, 32723, 3460, 3459, 3460.00, 1
7275, 29269, 7, 0, 32724, 44145, 14876, 14869, 2125.14, 1
7276, 29272, 4, 0, 32729, 32732, 3460, 3456, 865.00, 1
7277, 29273, 7, 0, 32733, 44147, 14874, 14867, 2124.86, 1
7278, 29274, 1, 0, 32738, 32738, 3464, 3463, 3464.00, 1
7279, 29275, 2, 0, 32739, 32740, 3465, 3463, 1732.50, 1
7280, 29276, 7, 0, 32741, 44149, 14873, 14866, 2124.71, 1
7281, 29278, 5, 0, 32746, 32750, 3472, 3467, 694.40, 1
7282, 29280, 4, 0, 32751, 32754, 3474, 3470, 868.50, 1
7283, 29292, 6, 0, 32755, 44150, 14858, 14852, 2476.33, 1
7284, 29299, 1, 0, 32760, 32760, 3461, 3460, 3461.00, 1
7285, 29303, 4, 0, 32761, 32764, 3461, 3457, 865.25, 1
7286, 29304, 3, 0, 32765, 32767, 3463, 3460, 1154.33, 1
7287, 29305, 1, 0, 32768, 32768, 3463, 3462, 3463.00, 1
7288, 29319, 1, 0, 32769, 32769, 3450, 3449, 3450.00, 1
7289, 29327, 7, 0, 32770, 44152, 14825, 14818, 2117.86, 1
7290, 29329, 1, 0, 32775, 32775, 3446, 3445, 3446.00, 1
7291, 29337, 4, 0, 32776, 32779, 3442, 3438, 860.50, 1
7292, 29339, 6, 0, 32780, 44153, 14814, 14808, 2469.00, 1
7293, 29342, 1, 0, 32785, 32785, 3443, 3442, 3443.00, 1
7294, 29349, 3, 0, 32786, 32788, 3439, 3436, 1146.33, 1
7295, 29350, 6, 0, 32789, 44154, 14804, 14798, 2467.33, 1
7296, 29351, 2, 0, 32794, 32795, 3444, 3442, 1722.00, 1
7297, 29354, 6, 0, 32796, 44155, 14801, 14795, 2466.83, 1
7298, 29361, 2, 0, 32801, 32802, 3441, 3439, 1720.50, 1
7299, 29362, 2, 0, 32803, 32804, 3442, 3440, 1721.00, 1
7300, 29365, 20, 0, 32805, 48995, 19630, 19610, 981.50, 1
7301, 29366, 4, 0, 32810, 32813, 3447, 3443, 861.75, 1
7302, 29376, 2, 0, 32814, 32815, 3439, 3437, 1719.50, 1
7303, 29378, 2, 0, 32816, 32817, 3439, 3437, 1719.50, 1
7304, 29379, 3, 0, 32818, 32820, 3441, 3438, 1147.00, 1
7305, 29380, 1, 0, 32821, 32821, 3441, 3440, 3441.00, 1
7306, 29383, 2, 0, 32822, 32823, 3440, 3438, 1720.00, 1
7307, 29384, 2, 0, 32824, 32825, 3441, 3439, 1720.50, 1
7308, 29385, 15, 0, 32826, 47762, 18377, 18362, 1225.13, 1
7309, 29386, 2, 0, 32831, 32832, 3446, 3444, 1723.00, 1
7310, 29391, 2, 0, 32833, 32834, 3443, 3441, 1721.50, 1
7311, 29394, 4, 0, 32835, 32838, 3444, 3440, 861.00, 1
7312, 29396, 2, 0, 32839, 32840, 3444, 3442, 1722.00, 1
7313, 29398, 4, 0, 32841, 32844, 3446, 3442, 861.50, 1
7314, 29399, 5, 0, 32845, 32849, 3450, 3445, 690.00, 1
7315, 29400, 5, 0, 32850, 32854, 3454, 3449, 690.80, 1
7316, 29403, 3, 0, 32855, 32857, 3454, 3451, 1151.33, 1
7317, 29406, 5, 0, 32858, 32862, 3456, 3451, 691.20, 1
7318, 29408, 10, 0, 32863, 44170, 14762, 14752, 1476.20, 1
7319, 29411, 1, 0, 32868, 32868, 3457, 3456, 3457.00, 1
7320, 29422, 2, 0, 32869, 32870, 3448, 3446, 1724.00, 1
7321, 29429, 9, 0, 32871, 44174, 14745, 14736, 1638.33, 1
7322, 29430, 4, 0, 32876, 32879, 3449, 3445, 862.25, 1
7323, 29432, 2, 0, 32880, 32881, 3449, 3447, 1724.50, 1
7324, 29434, 2, 0, 32882, 32883, 3449, 3447, 1724.50, 1
7325, 29448, 14, 0, 32884, 47766, 18318, 18304, 1308.43, 1
7326, 29451, 3, 0, 32889, 32891, 3440, 3437, 1146.67, 1
7327, 29457, 2, 0, 32892, 32893, 3436, 3434, 1718.00, 1
7328, 29460, 1, 0, 32894, 32894, 3434, 3433, 3434.00, 1
7329, 29461, 3, 0, 32895, 32897, 3436, 3433, 1145.33, 1
7330, 29465, 19, 0, 32898, 48999, 19534, 19515, 1028.11, 1
7331, 29467, 7, 0, 32903, 44186, 14719, 14712, 2102.71, 1
7332, 29468, 19, 0, 32908, 49003, 19535, 19516, 1028.16, 1
7333, 29472, 4, 0, 32913, 32916, 3444, 3440, 861.00, 1
7334, 29478, 11, 0, 32917, 47777, 18299, 18288, 1663.55, 1
7335, 29483, 10, 0, 32922, 44201, 14718, 14708, 1471.80, 1
7336, 29490, 3, 0, 32927, 32929, 3439, 3436, 1146.33, 1
7337, 29491, 5, 0, 32930, 32934, 3443, 3438, 688.60, 1
7338, 29493, 5, 0, 32935, 32939, 3446, 3441, 689.20, 1
7339, 29495, 1, 0, 32940, 32940, 3445, 3444, 3445.00, 1
7340, 29496, 10, 0, 32941, 44206, 14710, 14700, 1471.00, 1
7341, 29500, 3, 0, 32946, 32948, 3448, 3445, 1149.33, 1
7342, 29502, 6, 0, 32949, 44207, 14705, 14699, 2450.83, 1
7343, 29508, 18, 0, 32954, 49006, 19498, 19480, 1083.22, 1
7344, 29512, 1, 0, 32959, 32959, 3447, 3446, 3447.00, 1
7345, 29516, 3, 0, 32960, 32962, 3446, 3443, 1148.67, 1
7346, 29517, 1, 0, 32963, 32963, 3446, 3445, 3446.00, 1
7347, 29519, 3, 0, 32964, 32966, 3447, 3444, 1149.00, 1
7348, 29524, 2, 0, 32967, 32968, 3444, 3442, 1722.00, 1
7349, 29531, 7, 0, 32969, 44214, 14683, 14676, 2097.57, 1
7350, 29538, 2, 0, 32974, 32975, 3437, 3435, 1718.50, 1
7351, 29540, 4, 0, 32976, 32979, 3439, 3435, 859.75, 1
7352, 29541, 18, 0, 32980, 49009, 19468, 19450, 1081.56, 1
7353, 29549, 11, 0, 32985, 47788, 18239, 18228, 1658.09, 1
7354, 29553, 6, 0, 32990, 44225, 14672, 14666, 2445.33, 1
7355, 29555, 18, 0, 32995, 49012, 19457, 19439, 1080.94, 1
7356, 29559, 1, 0, 33000, 33000, 3441, 3440, 3441.00, 1
7357, 29572, 3, 0, 33001, 33003, 3431, 3428, 1143.67, 1
7358, 29574, 6, 0, 33004, 44231, 14657, 14651, 2442.83, 1
7359, 29588, 7, 0, 33009, 44233, 14645, 14638, 2092.14, 1
7360, 29589, 5, 0, 33014, 33018, 3429, 3424, 685.80, 1
7361, 29599, 2, 0, 33019, 33020, 3421, 3419, 1710.50, 1
7362, 29607, 13, 0, 33021, 47796, 18189, 18176, 1399.15, 1
7363, 29614, 4, 0, 33026, 33029, 3415, 3411, 853.75, 1
7364, 29617, 9, 0, 33030, 44242, 14625, 14616, 1625.00, 1
7365, 29618, 1, 0, 33035, 33035, 3417, 3416, 3417.00, 1
7366, 29622, 8, 0, 33036, 44245, 14623, 14615, 1827.88, 1
7367, 29623, 6, 0, 33041, 44246, 14623, 14617, 2437.17, 1
7368, 29624, 1, 0, 33046, 33046, 3422, 3421, 3422.00, 1
7369, 29628, 3, 0, 33047, 33049, 3421, 3418, 1140.33, 1
7370, 29635, 6, 0, 33050, 44247, 14612, 14606, 2435.33, 1
7371, 29638, 7, 0, 33055, 44249, 14611, 14604, 2087.29, 1
7372, 29642, 14, 0, 33060, 47800, 18158, 18144, 1297.00, 1
7373, 29645, 14, 0, 33065, 47804, 18159, 18145, 1297.07, 1
7374, 29648, 3, 0, 33070, 33072, 3424, 3421, 1141.33, 1
7375, 29654, 2, 0, 33073, 33074, 3420, 3418, 1710.00, 1
7376, 29658, 7, 0, 33075, 44261, 14603, 14596, 2086.14, 1
7377, 29660, 6, 0, 33080, 44262, 14602, 14596, 2433.67, 1
7378, 29665, 1, 0, 33085, 33085, 3420, 3419, 3420.00, 1
7379, 29666, 8, 0, 33086, 44265, 14599, 14591, 1824.88, 1
7380, 29673, 3, 0, 33091, 33093, 3420, 3417, 1140.00, 1
7381, 29677, 3, 0, 33094, 33096, 3419, 3416, 1139.67, 1
7382, 29684, 3, 0, 33097, 33099, 3415, 3412, 1138.33, 1
7383, 29685, 3, 0, 33100, 33102, 3417, 3414, 1139.00, 1
7384, 29688, 2, 0, 33103, 33104, 3416, 3414, 1708.00, 1
7385, 29691, 2, 0, 33105, 33106, 3415, 3413, 1707.50, 1
7386, 29693, 2, 0, 33107, 33108, 3415, 3413, 1707.50, 1
7387, 29694, 7, 0, 33109, 44267, 14573, 14566, 2081.86, 1
7388, 29698, 2, 0, 33114, 33115, 3417, 3415, 1708.50, 1
7389, 29703, 7, 0, 33116, 44269, 14566, 14559, 2080.86, 1
7390, 29707, 9, 0, 33121, 44273, 14566, 14557, 1618.44, 1
7391, 29708, 1, 0, 33126, 33126, 3418, 3417, 3418.00, 1
7392, 29709, 21, 0, 33127, 49409, 19700, 19679, 938.10, 1
7393, 29710, 3, 0, 33132, 33134, 3424, 3421, 1141.33, 1
7394, 29712, 2, 0, 33135, 33136, 3424, 3422, 1712.00, 1
7395, 29717, 1, 0, 33137, 33137, 3420, 3419, 3420.00, 1
7396, 29719, 17, 0, 33138, 49019, 19300, 19283, 1135.29, 1
7397, 29722, 18, 0, 33143, 49022, 19300, 19282, 1072.22, 1
7398, 29724, 2, 0, 33148, 33149, 3425, 3423, 1712.50, 1
7399, 29726, 6, 0, 33150, 44289, 14563, 14557, 2427.17, 1
7400, 29728, 4, 0, 33155, 33158, 3430, 3426, 857.50, 1
7401, 29729, 4, 0, 33159, 33162, 3433, 3429, 858.25, 1
7402, 29732, 4, 0, 33163, 33166, 3434, 3430, 858.50, 1
7403, 29754, 5, 0, 33167, 33171, 3417, 3412, 683.40, 1
7404, 29756, 1, 0, 33172, 33172, 3416, 3415, 3416.00, 1
7405, 29758, 16, 0, 33173, 49023, 19265, 19249, 1204.06, 1
7406, 29759, 2, 0, 33178, 33179, 3420, 3418, 1710.00, 1
7407, 29761, 3, 0, 33180, 33182, 3421, 3418, 1140.33, 1
7408, 29762, 10, 0, 33183, 44299, 14537, 14527, 1453.70, 1
7409, 29768, 1, 0, 33188, 33188, 3420, 3419, 3420.00, 1
7410, 29774, 7, 0, 33189, 44301, 14527, 14520, 2075.29, 1
7411, 29779, 2, 0, 33194, 33195, 3416, 3414, 1708.00, 1
7412, 29783, 5, 0, 33196, 33200, 3417, 3412, 683.40, 1
7413, 29786, 1, 0, 33201, 33201, 3415, 3414, 3415.00, 1
7414, 29791, 2, 0, 33202, 33203, 3412, 3410, 1706.00, 1
7415, 29793, 3, 0, 33204, 33206, 3413, 3410, 1137.67, 1
7416, 29795, 5, 0, 33207, 33211, 3416, 3411, 683.20, 1
7417, 29797, 2, 0, 33212, 33213, 3416, 3414, 1708.00, 1
7418, 29801, 13, 0, 33214, 47827, 18026, 18013, 1386.62, 1
7419, 29803, 1, 0, 33219, 33219, 3416, 3415, 3416.00, 1
7420, 29806, 7, 0, 33220, 44308, 14502, 14495, 2071.71, 1
7421, 29810, 1, 0, 33225, 33225, 3415, 3414, 3415.00, 1
7422, 29813, 9, 0, 33226, 44312, 14499, 14490, 1611.00, 1
7423, 29814, 10, 0, 33231, 44317, 14503, 14493, 1450.30, 1
7424, 29815, 2, 0, 33236, 33237, 3422, 3420, 1711.00, 1
7425, 29816, 2, 0, 33238, 33239, 3423, 3421, 1711.50, 1
7426, 29818, 4, 0, 33240, 33243, 3425, 3421, 856.25, 1
7427, 29819, 4, 0, 33244, 33247, 3428, 3424, 857.00, 1
7428, 29824, 1, 0, 33248, 33248, 3424, 3423, 3424.00, 1
7429, 29836, 2, 0, 33249, 33250, 3414, 3412, 1707.00, 1
7430, 29838, 4, 0, 33251, 33254, 3416, 3412, 854.00, 1
7431, 29847, 4, 0, 33255, 33258, 3411, 3407, 852.75, 1
7432, 29853, 3, 0, 33259, 33261, 3408, 3405, 1136.00, 1
7433, 29858, 8, 0, 33262, 44320, 14462, 14454, 1807.75, 1
7434, 29865, 2, 0, 33267, 33268, 3403, 3401, 1701.50, 1
7435, 29881, 6, 0, 33269, 44321, 14440, 14434, 2406.67, 1
7436, 29883, 2, 0, 33274, 33275, 3392, 3390, 1696.00, 1
7437, 29886, 1, 0, 33276, 33276, 3390, 3389, 3390.00, 1
7438, 29895, 6, 0, 33277, 44322, 14427, 14421, 2404.50, 1
7439, 29896, 3, 0, 33282, 33284, 3388, 3385, 1129.33, 1
7440, 29905, 1, 0, 33285, 33285, 3380, 3379, 3380.00, 1
7441, 29919, 10, 0, 33286, 44327, 14408, 14398, 1440.80, 1
7442, 29921, 3, 0, 33291, 33293, 3372, 3369, 1124.00, 1
7443, 29930, 4, 0, 33294, 33297, 3367, 3363, 841.75, 1
7444, 29933, 2, 0, 33298, 33299, 3366, 3364, 1683.00, 1
7445, 29934, 2, 0, 33300, 33301, 3367, 3365, 1683.50, 1
7446, 29935, 10, 0, 33302, 44332, 14397, 14387, 1439.70, 1
7447, 29937, 8, 0, 33307, 44335, 14398, 14390, 1799.75, 1
7448, 29940, 2, 0, 33312, 33313, 3373, 3371, 1686.50, 1
7449, 29945, 2, 0, 33314, 33315, 3370, 3368, 1685.00, 1
7450, 29946, 5, 0, 33316, 33320, 3374, 3369, 674.80, 1
7451, 29952, 1, 0, 33321, 33321, 3369, 3368, 3369.00, 1
7452, 29956, 8, 0, 33322, 44338, 14382, 14374, 1797.75, 1
7453, 29961, 3, 0, 33327, 33329, 3368, 3365, 1122.67, 1
7454, 29962, 4, 0, 33330, 33333, 3371, 3367, 842.75, 1
7455, 29968, 3, 0, 33334, 33336, 3368, 3365, 1122.67, 1
7456, 29970, 7, 0, 33337, 44340, 14370, 14363, 2052.86, 1
7457, 29973, 1, 0, 33342, 33342, 3369, 3368, 3369.00, 1
7458, 29976, 1, 0, 33343, 33343, 3367, 3366, 3367.00, 1
7459, 29983, 3, 0, 33344, 33346, 3363, 3360, 1121.00, 1
7460, 29985, 10, 0, 33347, 44345, 14360, 14350, 1436.00, 1
7461, 29989, 1, 0, 33352, 33352, 3363, 3362, 3363.00, 1
7462, 30000, 4, 0, 33353, 33356, 3356, 3352, 839.00, 1
7463, 30001, 2, 0, 33357, 33358, 3357, 3355, 1678.50, 1
7464, 30003, 1, 0, 33359, 33359, 3356, 3355, 3356.00, 1
7465, 30010, 6, 0, 33360, 44346, 14336, 14330, 2389.33, 1
7466, 30012, 1, 0, 33365, 33365, 3353, 3352, 3353.00, 1
7467, 30015, 1, 0, 33366, 33366, 3351, 3350, 3351.00, 1
7468, 30018, 2, 0, 33367, 33368, 3350, 3348, 1675.00, 1
7469, 30021, 2, 0, 33369, 33370, 3349, 3347, 1674.50, 1
7470, 30026, 14, 0, 33371, 47831, 17805, 17791, 1271.79, 1
7471, 30029, 5, 0, 33376, 33380, 3351, 3346, 670.20, 1
7472, 30031, 2, 0, 33381, 33382, 3351, 3349, 1675.50, 1
7473, 30035, 13, 0, 33383, 47834, 17799, 17786, 1369.15, 1
7474, 30036, 1, 0, 33388, 33388, 3352, 3351, 3352.00, 1
7475, 30037, 13, 0, 33389, 47837, 17800, 17787, 1369.23, 1
7476, 30040, 4, 0, 33394, 33397, 3357, 3353, 839.25, 1
7477, 30052, 3, 0, 33398, 33400, 3348, 3345, 1116.00, 1
7478, 30054, 2, 0, 33401, 33402, 3348, 3346, 1674.00, 1
7479, 30055, 15, 0, 33403, 47842, 17787, 17772, 1185.80, 1
7480, 30057, 4, 0, 33408, 33411, 3354, 3350, 838.50, 1
7481, 30071, 11, 0, 33412, 47843, 17772, 17761, 1615.64, 1
7482, 30078, 2, 0, 33417, 33418, 3340, 3338, 1670.00, 1
7483, 30084, 2, 0, 33419, 33420, 3336, 3334, 1668.00, 1
7484, 30085, 3, 0, 33421, 33423, 3338, 3335, 1112.67, 1
7485, 30088, 3, 0, 33424, 33426, 3338, 3335, 1112.67, 1
7486, 30089, 4, 0, 33427, 33430, 3341, 3337, 835.25, 1
7487, 30095, 6, 0, 33431, 44372, 14277, 14271, 2379.50, 1
7488, 30100, 1, 0, 33436, 33436, 3336, 3335, 3336.00, 1
7489, 30106, 16, 0, 33437, 49024, 18918, 18902, 1182.38, 1
7490, 30109, 11, 0, 33442, 47849, 17740, 17729, 1612.73, 1
7491, 30111, 6, 0, 33447, 44383, 14272, 14266, 2378.67, 1
7492, 30115, 3, 0, 33452, 33454, 3339, 3336, 1113.00, 1
7493, 30122, 2, 0, 33455, 33456, 3334, 3332, 1667.00, 1
7494, 30129, 1, 0, 33457, 33457, 3328, 3327, 3328.00, 1
7495, 30130, 13, 0, 33458, 47852, 17722, 17709, 1363.23, 1
7496, 30131, 24, 0, 33463, 49413, 19282, 19258, 803.42, 1
7497, 30134, 3, 0, 33468, 33470, 3336, 3333, 1112.00, 1
7498, 30140, 14, 0, 33471, 47861, 17721, 17707, 1265.79, 1
7499, 30142, 2, 0, 33476, 33477, 3335, 3333, 1667.50, 1
7500, 30150, 2, 0, 33478, 33479, 3329, 3327, 1664.50, 1
7501, 30151, 3, 0, 33480, 33482, 3331, 3328, 1110.33, 1
7502, 30154, 3, 0, 33483, 33485, 3331, 3328, 1110.33, 1
7503, 30155, 1, 0, 33486, 33486, 3331, 3330, 3331.00, 1
7504, 30156, 18, 0, 33487, 49032, 18876, 18858, 1048.67, 1
7505, 30158, 6, 0, 33492, 44404, 14246, 14240, 2374.33, 1
7506, 30162, 6, 0, 33497, 44405, 14243, 14237, 2373.83, 1
7507, 30163, 6, 0, 33502, 44406, 14243, 14237, 2373.83, 1
7508, 30167, 1, 0, 33507, 33507, 3340, 3339, 3340.00, 1
7509, 30168, 1, 0, 33508, 33508, 3340, 3339, 3340.00, 1
7510, 30170, 6, 0, 33509, 44407, 14237, 14231, 2372.83, 1
7511, 30171, 3, 0, 33514, 33516, 3345, 3342, 1115.00, 1
7512, 30173, 9, 0, 33517, 44411, 14238, 14229, 1582.00, 1
7513, 30180, 1, 0, 33522, 33522, 3342, 3341, 3342.00, 1
7514, 30182, 1, 0, 33523, 33523, 3341, 3340, 3341.00, 1
7515, 30186, 1, 0, 33524, 33524, 3338, 3337, 3338.00, 1
7516, 30187, 6, 0, 33525, 44412, 14225, 14219, 2370.83, 1
7517, 30190, 4, 0, 33530, 33533, 3343, 3339, 835.75, 1
7518, 30192, 3, 0, 33534, 33536, 3344, 3341, 1114.67, 1
7519, 30194, 3, 0, 33537, 33539, 3345, 3342, 1115.00, 1
7520, 30195, 7, 0, 33540, 44414, 14219, 14212, 2031.29, 1
7521, 30197, 4, 0, 33545, 33548, 3351, 3347, 837.75, 1
7522, 30198, 1, 0, 33549, 33549, 3351, 3350, 3351.00, 1
7523, 30199, 3, 0, 33550, 33552, 3353, 3350, 1117.67, 1
7524, 30201, 7, 0, 33553, 44416, 14215, 14208, 2030.71, 1
7525, 30204, 2, 0, 33558, 33559, 3355, 3353, 1677.50, 1
7526, 30205, 4, 0, 33560, 33563, 3358, 3354, 839.50, 1
7527, 30209, 2, 0, 33564, 33565, 3356, 3354, 1678.00, 1
7528, 30216, 2, 0, 33566, 33567, 3351, 3349, 1675.50, 1
7529, 30217, 3, 0, 33568, 33570, 3353, 3350, 1117.67, 1
7530, 30218, 1, 0, 33571, 33571, 3353, 3352, 3353.00, 1
7531, 30224, 8, 0, 33572, 44419, 14195, 14187, 1774.38, 1
7532, 30226, 5, 0, 33577, 33581, 3355, 3350, 671.00, 1
7533, 30229, 6, 0, 33582, 44420, 14191, 14185, 2365.17, 1
7534, 30233, 12, 0, 33587, 47868, 17635, 17623, 1469.58, 1
7535, 30236, 28, 0, 33592, 49540, 19304, 19276, 689.43, 1
7536, 30238, 4, 0, 33597, 33600, 3362, 3358, 840.50, 1
7537, 30239, 6, 0, 33601, 44431, 14192, 14186, 2365.33, 1
7538, 30242, 4, 0, 33606, 33609, 3367, 3363, 841.75, 1
7539, 30243, 3, 0, 33610, 33612, 3369, 3366, 1123.00, 1
7540, 30248, 1, 0, 33613, 33613, 3365, 3364, 3365.00, 1
7541, 30252, 3, 0, 33614, 33616, 3364, 3361, 1121.33, 1
7542, 30262, 5, 0, 33617, 33621, 3359, 3354, 671.80, 1
7543, 30265, 7, 0, 33622, 44433, 14168, 14161, 2024.00, 1
7544, 30267, 2, 0, 33627, 33628, 3361, 3359, 1680.50, 1
7545, 30268, 4, 0, 33629, 33632, 3364, 3360, 841.00, 1
7546, 30278, 7, 0, 33633, 44435, 14157, 14150, 2022.43, 1
7547, 30279, 4, 0, 33638, 33641, 3362, 3358, 840.50, 1
7548, 30280, 8, 0, 33642, 44438, 14158, 14150, 1769.75, 1
7549, 30283, 7, 0, 33647, 44440, 14157, 14150, 2022.43, 1
7550, 30289, 3, 0, 33652, 33654, 3365, 3362, 1121.67, 1
7551, 30294, 2, 0, 33655, 33656, 3362, 3360, 1681.00, 1
7552, 30295, 19, 0, 33657, 49041, 18746, 18727, 986.63, 1
7553, 30300, 3, 0, 33662, 33664, 3364, 3361, 1121.33, 1
7554, 30308, 6, 0, 33665, 44446, 14138, 14132, 2356.33, 1
7555, 30312, 8, 0, 33670, 44449, 14137, 14129, 1767.12, 1
7556, 30314, 2, 0, 33675, 33676, 3362, 3360, 1681.00, 1
7557, 30317, 1, 0, 33677, 33677, 3360, 3359, 3360.00, 1
7558, 30318, 3, 0, 33678, 33680, 3362, 3359, 1120.67, 1
7559, 30319, 1, 0, 33681, 33681, 3362, 3361, 3362.00, 1
7560, 30326, 8, 0, 33682, 44452, 14126, 14118, 1765.75, 1
7561, 30340, 2, 0, 33687, 33688, 3348, 3346, 1674.00, 1
7562, 30354, 3, 0, 33689, 33691, 3337, 3334, 1112.33, 1
7563, 30355, 3, 0, 33692, 33694, 3339, 3336, 1113.00, 1
7564, 30356, 2, 0, 33695, 33696, 3340, 3338, 1670.00, 1
7565, 30357, 22, 0, 33697, 49420, 19063, 19041, 866.50, 1
7566, 30361, 4, 0, 33702, 33705, 3344, 3340, 836.00, 1
7567, 30362, 4, 0, 33706, 33709, 3347, 3343, 836.75, 1
7568, 30369, 3, 0, 33710, 33712, 3343, 3340, 1114.33, 1
7569, 30370, 1, 0, 33713, 33713, 3343, 3342, 3343.00, 1
7570, 30373, 1, 0, 33714, 33714, 3341, 3340, 3341.00, 1
7571, 30374, 1, 0, 33715, 33715, 3341, 3340, 3341.00, 1
7572, 30376, 1, 0, 33716, 33716, 3340, 3339, 3340.00, 1
7573, 30381, 3, 0, 33717, 33719, 3338, 3335, 1112.67, 1
7574, 30385, 8, 0, 33720, 44460, 14075, 14067, 1759.38, 1
7575, 30391, 1, 0, 33725, 33725, 3334, 3333, 3334.00, 1
7576, 30394, 3, 0, 33726, 33728, 3334, 3331, 1111.33, 1
7577, 30408, 1, 0, 33729, 33729, 3321, 3320, 3321.00, 1
7578, 30411, 10, 0, 33730, 44465, 14054, 14044, 1405.40, 1
7579, 30412, 20, 0, 33735, 49051, 18639, 18619, 931.95, 1
7580, 30414, 3, 0, 33740, 33742, 3328, 3325, 1109.33, 1
7581, 30421, 5, 0, 33743, 33747, 3326, 3321, 665.20, 1
7582, 30424, 3, 0, 33748, 33750, 3326, 3323, 1108.67, 1
7583, 30425, 5, 0, 33751, 33755, 3330, 3325, 666.00, 1
7584, 30427, 12, 0, 33756, 47890, 17463, 17451, 1455.25, 1
7585, 30428, 10, 0, 33761, 44480, 14052, 14042, 1405.20, 1
7586, 30445, 3, 0, 33766, 33768, 3323, 3320, 1107.67, 1
7587, 30447, 2, 0, 33769, 33770, 3323, 3321, 1661.50, 1
7588, 30450, 1, 0, 33771, 33771, 3321, 3320, 3321.00, 1
7589, 30453, 1, 0, 33772, 33772, 3319, 3318, 3319.00, 1
7590, 30458, 4, 0, 33773, 33776, 3318, 3314, 829.50, 1
7591, 30463, 1, 0, 33777, 33777, 3314, 3313, 3314.00, 1
7592, 30467, 1, 0, 33778, 33778, 3311, 3310, 3311.00, 1
7593, 30472, 4, 0, 33779, 33782, 3310, 3306, 827.50, 1
7594, 30478, 3, 0, 33783, 33785, 3307, 3304, 1102.33, 1
7595, 30484, 4, 0, 33786, 33789, 3305, 3301, 826.25, 1
7596, 30495, 2, 0, 33790, 33791, 3296, 3294, 1648.00, 1
7597, 30501, 4, 0, 33792, 33795, 3294, 3290, 823.50, 1
7598, 30508, 2, 0, 33796, 33797, 3289, 3287, 1644.50, 1
7599, 30509, 4, 0, 33798, 33801, 3292, 3288, 823.00, 1
7600, 30512, 2, 0, 33802, 33803, 3291, 3289, 1645.50, 1
7601, 30516, 5, 0, 33804, 33808, 3292, 3287, 658.40, 1
7602, 30518, 1, 0, 33809, 33809, 3291, 3290, 3291.00, 1
7603, 30527, 2, 0, 33810, 33811, 3284, 3282, 1642.00, 1
7604, 30530, 4, 0, 33812, 33815, 3285, 3281, 821.25, 1
7605, 30535, 1, 0, 33816, 33816, 3281, 3280, 3281.00, 1
7606, 30536, 2, 0, 33817, 33818, 3282, 3280, 1641.00, 1
7607, 30538, 3, 0, 33819, 33821, 3283, 3280, 1094.33, 1
7608, 30539, 1, 0, 33822, 33822, 3283, 3282, 3283.00, 1
7609, 30551, 4, 0, 33823, 33826, 3275, 3271, 818.75, 1
7610, 30552, 8, 0, 33827, 44483, 13931, 13923, 1741.38, 1
7611, 30556, 1, 0, 33832, 33832, 3276, 3275, 3276.00, 1
7612, 30559, 14, 0, 33833, 47894, 17335, 17321, 1238.21, 1
7613, 30572, 4, 0, 33838, 33841, 3269, 3265, 817.25, 1
7614, 30573, 5, 0, 33842, 33846, 3273, 3268, 654.60, 1
7615, 30576, 10, 0, 33847, 44493, 13917, 13907, 1391.70, 1
7616, 30582, 3, 0, 33852, 33854, 3272, 3269, 1090.67, 1
7617, 30585, 1, 0, 33855, 33855, 3270, 3269, 3270.00, 1
7618, 30592, 1, 0, 33856, 33856, 3264, 3263, 3264.00, 1
7619, 30595, 5, 0, 33857, 33861, 3266, 3261, 653.20, 1
7620, 30600, 18, 0, 33862, 49054, 18454, 18436, 1025.22, 1
7621, 30602, 1, 0, 33867, 33867, 3265, 3264, 3265.00, 1
7622, 30604, 3, 0, 33868, 33870, 3266, 3263, 1088.67, 1
7623, 30606, 2, 0, 33871, 33872, 3266, 3264, 1633.00, 1
7624, 30608, 2, 0, 33873, 33874, 3266, 3264, 1633.00, 1
7625, 30609, 12, 0, 33875, 47901, 17292, 17280, 1441.00, 1
7626, 30610, 32, 0, 33880, 49585, 18975, 18943, 592.97, 1
7627, 30615, 9, 0, 33885, 44512, 13897, 13888, 1544.11, 1
7628, 30620, 3, 0, 33890, 33892, 3272, 3269, 1090.67, 1
7629, 30624, 10, 0, 33893, 44517, 13893, 13883, 1389.30, 1
7630, 30625, 3, 0, 33898, 33900, 3275, 3272, 1091.67, 1
7631, 30627, 5, 0, 33901, 33905, 3278, 3273, 655.60, 1
7632, 30631, 1, 0, 33906, 33906, 3275, 3274, 3275.00, 1
7633, 30645, 8, 0, 33907, 44520, 13875, 13867, 1734.38, 1
7634, 30650, 5, 0, 33912, 33916, 3266, 3261, 653.20, 1
7635, 30664, 2, 0, 33917, 33918, 3254, 3252, 1627.00, 1
7636, 30665, 1, 0, 33919, 33919, 3254, 3253, 3254.00, 1
7637, 30667, 12, 0, 33920, 47908, 17241, 17229, 1436.75, 1
7638, 30668, 8, 0, 33925, 44528, 13860, 13852, 1732.50, 1
7639, 30676, 2, 0, 33930, 33931, 3255, 3253, 1627.50, 1
7640, 30679, 7, 0, 33932, 44530, 13851, 13844, 1978.71, 1
7641, 30683, 4, 0, 33937, 33940, 3257, 3253, 814.25, 1
7642, 30686, 2, 0, 33941, 33942, 3256, 3254, 1628.00, 1
7643, 30694, 3, 0, 33943, 33945, 3251, 3248, 1083.67, 1
7644, 30695, 3, 0, 33946, 33948, 3253, 3250, 1084.33, 1
7645, 30696, 4, 0, 33949, 33952, 3256, 3252, 814.00, 1
7646, 30697, 2, 0, 33953, 33954, 3257, 3255, 1628.50, 1
7647, 30699, 8, 0, 33955, 44533, 13834, 13826, 1729.25, 1
7648, 30705, 11, 0, 33960, 47909, 17204, 17193, 1564.00, 1
7649, 30707, 2, 0, 33965, 33966, 3259, 3257, 1629.50, 1
7650, 30708, 3, 0, 33967, 33969, 3261, 3258, 1087.00, 1
7651, 30709, 5, 0, 33970, 33974, 3265, 3260, 653.00, 1
7652, 30719, 6, 0, 33975, 44539, 13820, 13814, 2303.33, 1
7653, 30725, 8, 0, 33980, 44542, 13817, 13809, 1727.12, 1
7654, 30739, 2, 0, 33985, 33986, 3247, 3245, 1623.50, 1
7655, 30742, 5, 0, 33987, 33991, 3249, 3244, 649.80, 1
7656, 30743, 1, 0, 33992, 33992, 3249, 3248, 3249.00, 1
7657, 30744, 10, 0, 33993, 44547, 13803, 13793, 1380.30, 1
7658, 30747, 13, 0, 33998, 47912, 17165, 17152, 1320.38, 1
7659, 30748, 3, 0, 34003, 34005, 3257, 3254, 1085.67, 1
7660, 30750, 3, 0, 34006, 34008, 3258, 3255, 1086.00, 1
7661, 30753, 1, 0, 34009, 34009, 3256, 3255, 3256.00, 1
7662, 30754, 1, 0, 34010, 34010, 3256, 3255, 3256.00, 1
7663, 30756, 6, 0, 34011, 44553, 13797, 13791, 2299.50, 1
7664, 30761, 7, 0, 34016, 44555, 13794, 13787, 1970.57, 1
7665, 30773, 4, 0, 34021, 34024, 3251, 3247, 812.75, 1
7666, 30774, 5, 0, 34025, 34029, 3255, 3250, 651.00, 1
7667, 30780, 2, 0, 34030, 34031, 3251, 3249, 1625.50, 1
7668, 30781, 10, 0, 34032, 44560, 13779, 13769, 1377.90, 1
7669, 30782, 8, 0, 34037, 44563, 13781, 13773, 1722.62, 1
7670, 30783, 11, 0, 34042, 47913, 17130, 17119, 1557.27, 1
7671, 30787, 2, 0, 34047, 34048, 3261, 3259, 1630.50, 1
7672, 30789, 3, 0, 34049, 34051, 3262, 3259, 1087.33, 1
7673, 30791, 4, 0, 34052, 34055, 3264, 3260, 816.00, 1
7674, 30792, 12, 0, 34056, 47915, 17123, 17111, 1426.92, 1
7675, 30796, 1, 0, 34061, 34061, 3265, 3264, 3265.00, 1
7676, 30799, 3, 0, 34062, 34064, 3265, 3262, 1088.33, 1
7677, 30800, 3, 0, 34065, 34067, 3267, 3264, 1089.00, 1
7678, 30807, 4, 0, 34068, 34071, 3264, 3260, 816.00, 1
7679, 30811, 1, 0, 34072, 34072, 3261, 3260, 3261.00, 1
7680, 30820, 12, 0, 34073, 47917, 17097, 17085, 1424.75, 1
7681, 30823, 7, 0, 34078, 44580, 13757, 13750, 1965.29, 1
7682, 30824, 1, 0, 34083, 34083, 3259, 3258, 3259.00, 1
7683, 30826, 9, 0, 34084, 44584, 13758, 13749, 1528.67, 1
7684, 30833, 2, 0, 34089, 34090, 3257, 3255, 1628.50, 1
7685, 30834, 4, 0, 34091, 34094, 3260, 3256, 815.00, 1
7686, 30835, 2, 0, 34095, 34096, 3261, 3259, 1630.50, 1
7687, 30838, 1, 0, 34097, 34097, 3259, 3258, 3259.00, 1
7688, 30844, 1, 0, 34098, 34098, 3254, 3253, 3254.00, 1
7689, 30849, 9, 0, 34099, 44588, 13739, 13730, 1526.56, 1
7690, 30850, 3, 0, 34104, 34106, 3256, 3253, 1085.33, 1
7691, 30854, 2, 0, 34107, 34108, 3254, 3252, 1627.00, 1
7692, 30862, 3, 0, 34109, 34111, 3249, 3246, 1083.00, 1
7693, 30864, 7, 0, 34112, 44590, 13726, 13719, 1960.86, 1
7694, 30884, 16, 0, 34117, 49060, 18176, 18160, 1136.00, 1
7695, 30886, 4, 0, 34122, 34125, 3239, 3235, 809.75, 1
7696, 30887, 12, 0, 34126, 47924, 17037, 17025, 1419.75, 1
7697, 30888, 3, 0, 34131, 34133, 3245, 3242, 1081.67, 1
7698, 30894, 3, 0, 34134, 34136, 3242, 3239, 1080.67, 1
7699, 30896, 2, 0, 34137, 34138, 3242, 3240, 1621.00, 1
7700, 30901, 1, 0, 34139, 34139, 3238, 3237, 3238.00, 1
7701, 30905, 4, 0, 34140, 34143, 3238, 3234, 809.50, 1
7702, 30917, 6, 0, 34144, 44601, 13684, 13678, 2280.67, 1
7703, 30919, 2, 0, 34149, 34150, 3231, 3229, 1615.50, 1
7704, 30920, 6, 0, 34151, 44602, 13682, 13676, 2280.33, 1
7705, 30925, 6, 0, 34156, 44603, 13678, 13672, 2279.67, 1
7706, 30931, 3, 0, 34161, 34163, 3232, 3229, 1077.33, 1
7707, 30937, 1, 0, 34164, 34164, 3227, 3226, 3227.00, 1
7708, 30943, 6, 0, 34165, 44604, 13661, 13655, 2276.83, 1
7709, 30950, 4, 0, 34170, 34173, 3223, 3219, 805.75, 1
7710, 30952, 3, 0, 34174, 34176, 3224, 3221, 1074.67, 1
7711, 30955, 1, 0, 34177, 34177, 3222, 3221, 3222.00, 1
7712, 30962, 7, 0, 34178, 44606, 13644, 13637, 1949.14, 1
7713, 30963, 6, 0, 34183, 44607, 13644, 13638, 2274.00, 1
7714, 30972, 2, 0, 34188, 34189, 3217, 3215, 1608.50, 1
7715, 30976, 18, 0, 34190, 49063, 18087, 18069, 1004.83, 1
7716, 30977, 3, 0, 34195, 34197, 3220, 3217, 1073.33, 1
7717, 30980, 10, 0, 34198, 44617, 13637, 13627, 1363.70, 1
7718, 30983, 4, 0, 34203, 34206, 3223, 3219, 805.75, 1
7719, 30986, 3, 0, 34207, 34209, 3223, 3220, 1074.33, 1
7720, 30992, 8, 0, 34210, 44620, 13628, 13620, 1703.50, 1
7721, 30993, 1, 0, 34215, 34215, 3222, 3221, 3222.00, 1
7722, 30994, 2, 0, 34216, 34217, 3223, 3221, 1611.50, 1
7723, 30997, 2, 0, 34218, 34219, 3222, 3220, 1611.00, 1
7724, 31008, 2, 0, 34220, 34221, 3213, 3211, 1606.50, 1
7725, 31017, 4, 0, 34222, 34225, 3208, 3204, 802.00, 1
7726, 31038, 2, 0, 34226, 34227, 3189, 3187, 1594.50, 1
7727, 31043, 1, 0, 34228, 34228, 3185, 3184, 3185.00, 1
7728, 31051, 3, 0, 34229, 34231, 3180, 3177, 1060.00, 1
7729, 31063, 9, 0, 34232, 44624, 13561, 13552, 1506.78, 1
7730, 31090, 1, 0, 34237, 34237, 3147, 3146, 3147.00, 1
7731, 31094, 5, 0, 34238, 34242, 3148, 3143, 629.60, 1
7732, 31101, 8, 0, 34243, 44627, 13526, 13518, 1690.75, 1
7733, 31106, 2, 0, 34248, 34249, 3143, 3141, 1571.50, 1
7734, 31107, 6, 0, 34250, 44628, 13521, 13515, 2253.50, 1
7735, 31110, 6, 0, 34255, 44629, 13519, 13513, 2253.17, 1
7736, 31117, 14, 0, 34260, 47933, 16816, 16802, 1201.14, 1
7737, 31119, 2, 0, 34265, 34266, 3147, 3145, 1573.50, 1
7738, 31139, 4, 0, 34267, 34270, 3131, 3127, 782.75, 1
7739, 31140, 3, 0, 34271, 34273, 3133, 3130, 1044.33, 1
7740, 31141, 5, 0, 34274, 34278, 3137, 3132, 627.40, 1
7741, 31143, 7, 0, 34279, 44636, 13493, 13486, 1927.57, 1
7742, 31146, 7, 0, 34284, 44638, 13492, 13485, 1927.43, 1
7743, 31149, 9, 0, 34289, 44642, 13493, 13484, 1499.22, 1
7744, 31154, 8, 0, 34294, 44645, 13491, 13483, 1686.38, 1
7745, 31155, 6, 0, 34299, 44646, 13491, 13485, 2248.50, 1
7746, 31156, 8, 0, 34304, 44649, 13493, 13485, 1686.62, 1
7747, 31160, 11, 0, 34309, 47934, 16774, 16763, 1524.91, 1
7748, 31166, 8, 0, 34314, 44657, 13491, 13483, 1686.38, 1
7749, 31167, 5, 0, 34319, 34323, 3156, 3151, 631.20, 1
7750, 31173, 18, 0, 34324, 49066, 17893, 17875, 994.06, 1
7751, 31176, 2, 0, 34329, 34330, 3154, 3152, 1577.00, 1
7752, 31177, 4, 0, 34331, 34334, 3157, 3153, 789.25, 1
7753, 31179, 3, 0, 34335, 34337, 3158, 3155, 1052.67, 1
7754, 31181, 3, 0, 34338, 34340, 3159, 3156, 1053.00, 1
7755, 31182, 4, 0, 34341, 34344, 3162, 3158, 790.50, 1
7756, 31187, 1, 0, 34345, 34345, 3158, 3157, 3158.00, 1
7757, 31189, 5, 0, 34346, 34350, 3161, 3156, 632.20, 1
7758, 31191, 3, 0, 34351, 34353, 3162, 3159, 1054.00, 1
7759, 31195, 14, 0, 34354, 47943, 16748, 16734, 1196.29, 1
7760, 31196, 5, 0, 34359, 34363, 3167, 3162, 633.40, 1
7761, 31202, 8, 0, 34364, 44670, 13468, 13460, 1683.50, 1
7762, 31209, 1, 0, 34369, 34369, 3160, 3159, 3160.00, 1
7763, 31211, 6, 0, 34370, 44671, 13460, 13454, 2243.33, 1
7764, 31214, 6, 0, 34375, 44672, 13458, 13452, 2243.00, 1
7765, 31219, 8, 0, 34380, 44675, 13456, 13448, 1682.00, 1
7766, 31226, 3, 0, 34385, 34387, 3161, 3158, 1053.67, 1
7767, 31228, 1, 0, 34388, 34388, 3160, 3159, 3160.00, 1
7768, 31230, 1, 0, 34389, 34389, 3159, 3158, 3159.00, 1
7769, 31231, 5, 0, 34390, 34394, 3163, 3158, 632.60, 1
7770, 31241, 4, 0, 34395, 34398, 3157, 3153, 789.25, 1
7771, 31242, 1, 0, 34399, 34399, 3157, 3156, 3157.00, 1
7772, 31249, 2, 0, 34400, 34401, 3152, 3150, 1576.00, 1
7773, 31253, 2, 0, 34402, 34403, 3150, 3148, 1575.00, 1
7774, 31264, 1, 0, 34404, 34404, 3140, 3139, 3140.00, 1
7775, 31272, 14, 0, 34405, 47947, 16675, 16661, 1191.07, 1
7776, 31275, 1, 0, 34410, 34410, 3135, 3134, 3135.00, 1
7777, 31278, 3, 0, 34411, 34413, 3135, 3132, 1045.00, 1
7778, 31280, 2, 0, 34414, 34415, 3135, 3133, 1567.50, 1
7779, 31281, 2, 0, 34416, 34417, 3136, 3134, 1568.00, 1
7780, 31282, 1, 0, 34418, 34418, 3136, 3135, 3136.00, 1
7781, 31291, 4, 0, 34419, 34422, 3131, 3127, 782.75, 1
7782, 31293, 1, 0, 34423, 34423, 3130, 3129, 3130.00, 1
7783, 31301, 4, 0, 34424, 34427, 3126, 3122, 781.50, 1
7784, 31304, 9, 0, 34428, 44684, 13380, 13371, 1486.67, 1
7785, 31306, 6, 0, 34433, 44685, 13379, 13373, 2229.83, 1
7786, 31308, 1, 0, 34438, 34438, 3130, 3129, 3130.00, 1
7787, 31313, 2, 0, 34439, 34440, 3127, 3125, 1563.50, 1
7788, 31314, 5, 0, 34441, 34445, 3131, 3126, 626.20, 1
7789, 31320, 3, 0, 34446, 34448, 3128, 3125, 1042.67, 1
7790, 31322, 6, 0, 34449, 44686, 13364, 13358, 2227.33, 1
7791, 31326, 4, 0, 34454, 34457, 3131, 3127, 782.75, 1
7792, 31327, 3, 0, 34458, 34460, 3133, 3130, 1044.33, 1
7793, 31334, 4, 0, 34461, 34464, 3130, 3126, 782.50, 1
7794, 31336, 3, 0, 34465, 34467, 3131, 3128, 1043.67, 1
7795, 31338, 6, 0, 34468, 44687, 13349, 13343, 2224.83, 1
7796, 31340, 1, 0, 34473, 34473, 3133, 3132, 3133.00, 1
7797, 31341, 3, 0, 34474, 34476, 3135, 3132, 1045.00, 1
7798, 31342, 1, 0, 34477, 34477, 3135, 3134, 3135.00, 1
7799, 31349, 4, 0, 34478, 34481, 3132, 3128, 783.00, 1
7800, 31350, 13, 0, 34482, 47950, 16600, 16587, 1276.92, 1
7801, 31351, 4, 0, 34487, 34490, 3139, 3135, 784.75, 1
7802, 31355, 1, 0, 34491, 34491, 3136, 3135, 3136.00, 1
7803, 31362, 1, 0, 34492, 34492, 3130, 3129, 3130.00, 1
7804, 31363, 3, 0, 34493, 34495, 3132, 3129, 1044.00, 1
7805, 31364, 1, 0, 34496, 34496, 3132, 3131, 3132.00, 1
7806, 31365, 3, 0, 34497, 34499, 3134, 3131, 1044.67, 1
7807, 31368, 1, 0, 34500, 34500, 3132, 3131, 3132.00, 1
7808, 31372, 7, 0, 34501, 44694, 13322, 13315, 1903.14, 1
7809, 31373, 5, 0, 34506, 34510, 3137, 3132, 627.40, 1
7810, 31374, 2, 0, 34511, 34512, 3138, 3136, 1569.00, 1
7811, 31377, 3, 0, 34513, 34515, 3138, 3135, 1046.00, 1
7812, 31378, 6, 0, 34516, 44695, 13317, 13311, 2219.50, 1
7813, 31383, 1, 0, 34521, 34521, 3138, 3137, 3138.00, 1
7814, 31384, 1, 0, 34522, 34522, 3138, 3137, 3138.00, 1
7815, 31385, 5, 0, 34523, 34527, 3142, 3137, 628.40, 1
7816, 31391, 3, 0, 34528, 34530, 3139, 3136, 1046.33, 1
7817, 31395, 10, 0, 34531, 44700, 13305, 13295, 1330.50, 1
7818, 31396, 6, 0, 34536, 44701, 13305, 13299, 2217.50, 1
7819, 31397, 2, 0, 34541, 34542, 3145, 3143, 1572.50, 1
7820, 31398, 8, 0, 34543, 44704, 13306, 13298, 1663.25, 1
7821, 31405, 2, 0, 34548, 34549, 3144, 3142, 1572.00, 1
7822, 31406, 1, 0, 34550, 34550, 3144, 3143, 3144.00, 1
7823, 31408, 4, 0, 34551, 34554, 3146, 3142, 786.50, 1
7824, 31409, 6, 0, 34555, 44705, 13296, 13290, 2216.00, 1
7825, 31410, 1, 0, 34560, 34560, 3150, 3149, 3150.00, 1
7826, 31414, 1, 0, 34561, 34561, 3147, 3146, 3147.00, 1
7827, 31418, 2, 0, 34562, 34563, 3145, 3143, 1572.50, 1
7828, 31420, 8, 0, 34564, 44708, 13288, 13280, 1661.00, 1
7829, 31422, 2, 0, 34569, 34570, 3148, 3146, 1574.00, 1
7830, 31425, 1, 0, 34571, 34571, 3146, 3145, 3146.00, 1
7831, 31427, 13, 0, 34572, 47953, 16526, 16513, 1271.23, 1
7832, 31431, 1, 0, 34577, 34577, 3146, 3145, 3146.00, 1
7833, 31432, 2, 0, 34578, 34579, 3147, 3145, 1573.50, 1
7834, 31437, 4, 0, 34580, 34583, 3146, 3142, 786.50, 1
7835, 31451, 8, 0, 34584, 44716, 13265, 13257, 1658.12, 1
7836, 31453, 1, 0, 34589, 34589, 3136, 3135, 3136.00, 1
7837, 31458, 11, 0, 34590, 47954, 16496, 16485, 1499.64, 1
7838, 31464, 1, 0, 34595, 34595, 3131, 3130, 3131.00, 1
7839, 31471, 2, 0, 34596, 34597, 3126, 3124, 1563.00, 1
7840, 31472, 11, 0, 34598, 47955, 16483, 16472, 1498.45, 1
7841, 31475, 2, 0, 34603, 34604, 3129, 3127, 1564.50, 1
7842, 31477, 1, 0, 34605, 34605, 3128, 3127, 3128.00, 1
7843, 31481, 12, 0, 34606, 47957, 16476, 16464, 1373.00, 1
7844, 31482, 2, 0, 34611, 34612, 3130, 3128, 1565.00, 1
7845, 31489, 3, 0, 34613, 34615, 3126, 3123, 1042.00, 1
7846, 31490, 1, 0, 34616, 34616, 3126, 3125, 3126.00, 1
7847, 31494, 3, 0, 34617, 34619, 3125, 3122, 1041.67, 1
7848, 31502, 2, 0, 34620, 34621, 3119, 3117, 1559.50, 1
7849, 31503, 3, 0, 34622, 34624, 3121, 3118, 1040.33, 1
7850, 31507, 1, 0, 34625, 34625, 3118, 3117, 3118.00, 1
7851, 31509, 1, 0, 34626, 34626, 3117, 3116, 3117.00, 1
7852, 31511, 3, 0, 34627, 34629, 3118, 3115, 1039.33, 1
7853, 31517, 3, 0, 34630, 34632, 3115, 3112, 1038.33, 1
7854, 31518, 3, 0, 34633, 34635, 3117, 3114, 1039.00, 1
7855, 31520, 5, 0, 34636, 34640, 3120, 3115, 624.00, 1
7856, 31531, 1, 0, 34641, 34641, 3110, 3109, 3110.00, 1
7857, 31534, 1, 0, 34642, 34642, 3108, 3107, 3108.00, 1
7858, 31539, 3, 0, 34643, 34645, 3106, 3103, 1035.33, 1
7859, 31540, 4, 0, 34646, 34649, 3109, 3105, 777.25, 1
7860, 31550, 3, 0, 34650, 34652, 3102, 3099, 1034.00, 1
7861, 31554, 14, 0, 34653, 47961, 16407, 16393, 1171.93, 1
7862, 31556, 13, 0, 34658, 47964, 16408, 16395, 1262.15, 1
7863, 31559, 8, 0, 34663, 44744, 13185, 13177, 1648.12, 1
7864, 31561, 6, 0, 34668, 44745, 13184, 13178, 2197.33, 1
7865, 31563, 12, 0, 34673, 47966, 16403, 16391, 1366.92, 1
7866, 31569, 1, 0, 34678, 34678, 3109, 3108, 3109.00, 1
7867, 31573, 5, 0, 34679, 34683, 3110, 3105, 622.00, 1
7868, 31576, 10, 0, 34684, 44755, 13179, 13169, 1317.90, 1
7869, 31577, 23, 0, 34689, 49428, 17851, 17828, 776.13, 1
7870, 31582, 16, 0, 34694, 49072, 17490, 17474, 1093.12, 1
7871, 31585, 4, 0, 34699, 34702, 3117, 3113, 779.25, 1
7872, 31590, 2, 0, 34703, 34704, 3114, 3112, 1557.00, 1
7873, 31591, 5, 0, 34705, 34709, 3118, 3113, 623.60, 1
7874, 31597, 6, 0, 34710, 44766, 13169, 13163, 2194.83, 1
7875, 31601, 5, 0, 34715, 34719, 3118, 3113, 623.60, 1
7876, 31606, 1, 0, 34720, 34720, 3114, 3113, 3114.00, 1
7877, 31616, 1, 0, 34721, 34721, 3105, 3104, 3105.00, 1
7878, 31621, 1, 0, 34722, 34722, 3101, 3100, 3101.00, 1
7879, 31622, 3, 0, 34723, 34725, 3103, 3100, 1034.33, 1
7880, 31624, 15, 0, 34726, 47981, 16357, 16342, 1090.47, 1
7881, 31625, 1, 0, 34731, 34731, 3106, 3105, 3106.00, 1
7882, 31628, 3, 0, 34732, 34734, 3106, 3103, 1035.33, 1
7883, 31631, 1, 0, 34735, 34735, 3104, 3103, 3104.00, 1
7884, 31632, 8, 0, 34736, 44774, 13142, 13134, 1642.75, 1
7885, 31633, 4, 0, 34741, 34744, 3111, 3107, 777.75, 1
7886, 31634, 1, 0, 34745, 34745, 3111, 3110, 3111.00, 1
7887, 31637, 1, 0, 34746, 34746, 3109, 3108, 3109.00, 1
7888, 31638, 10, 0, 34747, 44779, 13141, 13131, 1314.10, 1
7889, 31641, 11, 0, 34752, 47982, 16341, 16330, 1485.55, 1
7890, 31648, 8, 0, 34757, 44787, 13139, 13131, 1642.38, 1
7891, 31650, 2, 0, 34762, 34763, 3113, 3111, 1556.50, 1
7892, 31651, 8, 0, 34764, 44790, 13139, 13131, 1642.38, 1
7893, 31662, 2, 0, 34769, 34770, 3108, 3106, 1554.00, 1
7894, 31663, 2, 0, 34771, 34772, 3109, 3107, 1554.50, 1
7895, 31667, 1, 0, 34773, 34773, 3106, 3105, 3106.00, 1
7896, 31671, 2, 0, 34774, 34775, 3104, 3102, 1552.00, 1
7897, 31674, 1, 0, 34776, 34776, 3102, 3101, 3102.00, 1
7898, 31676, 3, 0, 34777, 34779, 3103, 3100, 1034.33, 1
7899, 31680, 6, 0, 34780, 44791, 13111, 13105, 2185.17, 1
7900, 31692, 10, 0, 34785, 44796, 13104, 13094, 1310.40, 1
7901, 31704, 1, 0, 34790, 34790, 3086, 3085, 3086.00, 1
7902, 31716, 2, 0, 34791, 34792, 3076, 3074, 1538.00, 1
7903, 31724, 2, 0, 34793, 34794, 3070, 3068, 1535.00, 1
7904, 31737, 7, 0, 34795, 44798, 13061, 13054, 1865.86, 1
7905, 31745, 3, 0, 34800, 34802, 3057, 3054, 1019.00, 1
7906, 31750, 1, 0, 34803, 34803, 3053, 3052, 3053.00, 1
7907, 31752, 4, 0, 34804, 34807, 3055, 3051, 763.75, 1
7908, 31754, 7, 0, 34808, 44800, 13046, 13039, 1863.71, 1
7909, 31756, 4, 0, 34813, 34816, 3060, 3056, 765.00, 1
7910, 31759, 1, 0, 34817, 34817, 3058, 3057, 3058.00, 1
7911, 31761, 5, 0, 34818, 34822, 3061, 3056, 612.20, 1
7912, 31763, 7, 0, 34823, 44802, 13039, 13032, 1862.71, 1
7913, 31767, 3, 0, 34828, 34830, 3063, 3060, 1021.00, 1
7914, 31774, 6, 0, 34831, 44803, 13029, 13023, 2171.50, 1
7915, 31775, 21, 0, 34836, 49429, 17654, 17633, 840.67, 1
7916, 31778, 5, 0, 34841, 34845, 3067, 3062, 613.40, 1
7917, 31783, 1, 0, 34846, 34846, 3063, 3062, 3063.00, 1
7918, 31793, 8, 0, 34847, 44811, 13018, 13010, 1627.25, 1
7919, 31796, 12, 0, 34852, 47989, 16193, 16181, 1349.42, 1
7920, 31801, 4, 0, 34857, 34860, 3059, 3055, 764.75, 1
7921, 31803, 9, 0, 34861, 44820, 13017, 13008, 1446.33, 1
7922, 31805, 2, 0, 34866, 34867, 3062, 3060, 1531.00, 1
7923, 31809, 19, 0, 34868, 49081, 17272, 17253, 909.05, 1
7924, 31810, 3, 0, 34873, 34875, 3065, 3062, 1021.67, 1
7925, 31814, 6, 0, 34876, 44826, 13012, 13006, 2168.67, 1
7926, 31819, 4, 0, 34881, 34884, 3065, 3061, 766.25, 1
7927, 31827, 3, 0, 34885, 34887, 3060, 3057, 1020.00, 1
7928, 31834, 1, 0, 34888, 34888, 3054, 3053, 3054.00, 1
7929, 31837, 25, 0, 34889, 49434, 17597, 17572, 703.88, 1
7930, 31839, 2, 0, 34894, 34895, 3056, 3054, 1528.00, 1
7931, 31848, 6, 0, 34896, 44832, 12984, 12978, 2164.00, 1
7932, 31851, 1, 0, 34901, 34901, 3050, 3049, 3050.00, 1
7933, 31852, 3, 0, 34902, 34904, 3052, 3049, 1017.33, 1
7934, 31853, 3, 0, 34905, 34907, 3054, 3051, 1018.00, 1
7935, 31854, 7, 0, 34908, 44834, 12980, 12973, 1854.29, 1
7936, 31855, 3, 0, 34913, 34915, 3060, 3057, 1020.00, 1
7937, 31856, 4, 0, 34916, 34919, 3063, 3059, 765.75, 1
7938, 31858, 4, 0, 34920, 34923, 3065, 3061, 766.25, 1
7939, 31877, 2, 0, 34924, 34925, 3048, 3046, 1524.00, 1
7940, 31880, 4, 0, 34926, 34929, 3049, 3045, 762.25, 1
7941, 31881, 1, 0, 34930, 34930, 3049, 3048, 3049.00, 1
7942, 31886, 2, 0, 34931, 34932, 3046, 3044, 1523.00, 1
7943, 31896, 3, 0, 34933, 34935, 3039, 3036, 1013.00, 1
7944, 31901, 10, 0, 34936, 44839, 12938, 12928, 1293.80, 1
7945, 31903, 4, 0, 34941, 34944, 3041, 3037, 760.25, 1
7946, 31906, 27, 0, 34945, 49547, 17641, 17614, 653.37, 1
7947, 31914, 10, 0, 34950, 44849, 12935, 12925, 1293.50, 1
7948, 31917, 2, 0, 34955, 34956, 3039, 3037, 1519.50, 1
7949, 31922, 2, 0, 34957, 34958, 3036, 3034, 1518.00, 1
7950, 31923, 1, 0, 34959, 34959, 3036, 3035, 3036.00, 1
7951, 31927, 4, 0, 34960, 34963, 3036, 3032, 759.00, 1
7952, 31931, 6, 0, 34964, 44850, 12919, 12913, 2153.17, 1
7953, 31934, 2, 0, 34969, 34970, 3036, 3034, 1518.00, 1
7954, 31935, 5, 0, 34971, 34975, 3040, 3035, 608.00, 1
7955, 31949, 2, 0, 34976, 34977, 3028, 3026, 1514.00, 1
7956, 31953, 4, 0, 34978, 34981, 3028, 3024, 757.00, 1
7957, 31960, 7, 0, 34982, 44852, 12892, 12885, 1841.71, 1
7958, 31961, 1, 0, 34987, 34987, 3026, 3025, 3026.00, 1
7959, 31964, 3, 0, 34988, 34990, 3026, 3023, 1008.67, 1
7960, 31970, 2, 0, 34991, 34992, 3022, 3020, 1511.00, 1
7961, 31973, 7, 0, 34993, 44854, 12881, 12874, 1840.14, 1
7962, 31975, 10, 0, 34998, 44859, 12884, 12874, 1288.40, 1
7963, 31986, 1, 0, 35003, 35003, 3017, 3016, 3017.00, 1
7964, 31992, 4, 0, 35004, 35007, 3015, 3011, 753.75, 1
7965, 31997, 2, 0, 35008, 35009, 3012, 3010, 1506.00, 1
7966, 31998, 3, 0, 35010, 35012, 3014, 3011, 1004.67, 1
7967, 32001, 4, 0, 35013, 35016, 3015, 3011, 753.75, 1
7968, 32004, 9, 0, 35017, 44863, 12859, 12850, 1428.78, 1
7969, 32006, 5, 0, 35022, 35026, 3020, 3015, 604.00, 1
7970, 32008, 2, 0, 35027, 35028, 3020, 3018, 1510.00, 1
7971, 32013, 2, 0, 35029, 35030, 3017, 3015, 1508.50, 1
7972, 32019, 8, 0, 35031, 44866, 12847, 12839, 1605.88, 1
7973, 32020, 3, 0, 35036, 35038, 3018, 3015, 1006.00, 1
7974, 32022, 2, 0, 35039, 35040, 3018, 3016, 1509.00, 1
7975, 32028, 1, 0, 35041, 35041, 3013, 3012, 3013.00, 1
7976, 32032, 5, 0, 35042, 35046, 3014, 3009, 602.80, 1
7977, 32033, 10, 0, 35047, 44871, 12838, 12828, 1283.80, 1
7978, 32047, 8, 0, 35052, 44874, 12827, 12819, 1603.38, 1
7979, 32058, 11, 0, 35057, 48005, 15947, 15936, 1449.73, 1
7980, 32060, 11, 0, 35062, 48006, 15946, 15935, 1449.64, 1
7981, 32062, 3, 0, 35067, 35069, 3007, 3004, 1002.33, 1
7982, 32064, 8, 0, 35070, 44887, 12823, 12815, 1602.88, 1
7983, 32066, 3, 0, 35075, 35077, 3011, 3008, 1003.67, 1
7984, 32069, 5, 0, 35078, 35082, 3013, 3008, 602.60, 1
7985, 32071, 1, 0, 35083, 35083, 3012, 3011, 3012.00, 1
7986, 32072, 2, 0, 35084, 35085, 3013, 3011, 1506.50, 1
7987, 32078, 1, 0, 35086, 35086, 3008, 3007, 3008.00, 1
7988, 32079, 2, 0, 35087, 35088, 3009, 3007, 1504.50, 1
7989, 32082, 1, 0, 35089, 35089, 3007, 3006, 3007.00, 1
7990, 32083, 6, 0, 35090, 44888, 12805, 12799, 2134.17, 1
7991, 32085, 3, 0, 35095, 35097, 3012, 3009, 1004.00, 1
7992, 32086, 7, 0, 35098, 44890, 12804, 12797, 1829.14, 1
7993, 32089, 4, 0, 35103, 35106, 3017, 3013, 754.25, 1
7994, 32092, 4, 0, 35107, 35110, 3018, 3014, 754.50, 1
7995, 32094, 2, 0, 35111, 35112, 3018, 3016, 1509.00, 1
7996, 32095, 1, 0, 35113, 35113, 3018, 3017, 3018.00, 1
7997, 32096, 1, 0, 35114, 35114, 3018, 3017, 3018.00, 1
7998, 32100, 1, 0, 35115, 35115, 3015, 3014, 3015.00, 1
7999, 32104, 1, 0, 35116, 35116, 3012, 3011, 3012.00, 1
8000, 32107, 3, 0, 35117, 35119, 3012, 3009, 1004.00, 1
8001, 32132, 3, 0, 35120, 35122, 2990, 2987, 996.67, 1
8002, 32138, 11, 0, 35123, 48007, 15869, 15858, 1442.64, 1
8003, 32139, 1, 0, 35128, 35128, 2989, 2988, 2989.00, 1
8004, 32141, 9, 0, 35129, 44899, 12758, 12749, 1417.56, 1
8005, 32144, 3, 0, 35134, 35136, 2992, 2989, 997.33, 1
8006, 32146, 3, 0, 35137, 35139, 2993, 2990, 997.67, 1
8007, 32147, 17, 0, 35140, 49093, 16946, 16929, 996.82, 1
8008, 32151, 1, 0, 35145, 35145, 2994, 2993, 2994.00, 1
8009, 32158, 8, 0, 35146, 44907, 12749, 12741, 1593.62, 1
8010, 32159, 4, 0, 35151, 35154, 2995, 2991, 748.75, 1
8011, 32172, 2, 0, 35155, 35156, 2984, 2982, 1492.00, 1
8012, 32173, 2, 0, 35157, 35158, 2985, 2983, 1492.50, 1
8013, 32175, 9, 0, 35159, 44911, 12736, 12727, 1415.11, 1
8014, 32177, 3, 0, 35164, 35166, 2989, 2986, 996.33, 1
8015, 32179, 9, 0, 35167, 44915, 12736, 12727, 1415.11, 1
8016, 32183, 3, 0, 35172, 35174, 2991, 2988, 997.00, 1
8017, 32188, 16, 0, 35175, 49094, 16906, 16890, 1056.62, 1
8018, 32203, 2, 0, 35180, 35181, 2978, 2976, 1489.00, 1
8019, 32213, 15, 0, 35182, 48022, 15809, 15794, 1053.93, 1
8020, 32220, 9, 0, 35187, 44929, 12709, 12700, 1412.11, 1
8021, 32226, 3, 0, 35192, 35194, 2968, 2965, 989.33, 1
8022, 32227, 6, 0, 35195, 44930, 12703, 12697, 2117.17, 1
8023, 32229, 2, 0, 35200, 35201, 2972, 2970, 1486.00, 1
8024, 32234, 3, 0, 35202, 35204, 2970, 2967, 990.00, 1
8025, 32237, 9, 0, 35205, 44934, 12697, 12688, 1410.78, 1
8026, 32240, 4, 0, 35210, 35213, 2973, 2969, 743.25, 1
8027, 32241, 6, 0, 35214, 44935, 12694, 12688, 2115.67, 1
8028, 32242, 2, 0, 35219, 35220, 2978, 2976, 1489.00, 1
8029, 32243, 3, 0, 35221, 35223, 2980, 2977, 993.33, 1
8030, 32247, 7, 0, 35224, 44937, 12690, 12683, 1812.86, 1
8031, 32248, 8, 0, 35229, 44940, 12692, 12684, 1586.50, 1
8032, 32253, 1, 0, 35234, 35234, 2981, 2980, 2981.00, 1
8033, 32254, 3, 0, 35235, 35237, 2983, 2980, 994.33, 1
8034, 32256, 7, 0, 35238, 44942, 12686, 12679, 1812.29, 1
8035, 32259, 1, 0, 35243, 35243, 2984, 2983, 2984.00, 1
8036, 32270, 5, 0, 35244, 35248, 2978, 2973, 595.60, 1
8037, 32273, 5, 0, 35249, 35253, 2980, 2975, 596.00, 1
8038, 32274, 5, 0, 35254, 35258, 2984, 2979, 596.80, 1
8039, 32275, 5, 0, 35259, 35263, 2988, 2983, 597.60, 1
8040, 32280, 5, 0, 35264, 35268, 2988, 2983, 597.60, 1
8041, 32282, 4, 0, 35269, 35272, 2990, 2986, 747.50, 1
8042, 32288, 5, 0, 35273, 35277, 2989, 2984, 597.80, 1
8043, 32291, 9, 0, 35278, 44946, 12655, 12646, 1406.11, 1
8044, 32292, 4, 0, 35283, 35286, 2994, 2990, 748.50, 1
8045, 32295, 2, 0, 35287, 35288, 2993, 2991, 1496.50, 1
8046, 32299, 15, 0, 35289, 48027, 15728, 15713, 1048.53, 1
8047, 32303, 4, 0, 35294, 35297, 2994, 2990, 748.50, 1
8048, 32305, 3, 0, 35298, 35300, 2995, 2992, 998.33, 1
8049, 32332, 2, 0, 35301, 35302, 2970, 2968, 1485.00, 1
8050, 32342, 6, 0, 35303, 44952, 12610, 12604, 2101.67, 1
8051, 32344, 19, 0, 35308, 49098, 16754, 16735, 881.79, 1
8052, 32346, 5, 0, 35313, 35317, 2971, 2966, 594.20, 1
8053, 32347, 8, 0, 35318, 44960, 12613, 12605, 1576.62, 1
8054, 32355, 5, 0, 35323, 35327, 2972, 2967, 594.40, 1
8055, 32357, 4, 0, 35328, 35331, 2974, 2970, 743.50, 1
8056, 32360, 1, 0, 35332, 35332, 2972, 2971, 2972.00, 1
8057, 32361, 4, 0, 35333, 35336, 2975, 2971, 743.75, 1
8058, 32370, 3, 0, 35337, 35339, 2969, 2966, 989.67, 1
8059, 32371, 5, 0, 35340, 35344, 2973, 2968, 594.60, 1
8060, 32374, 4, 0, 35345, 35348, 2974, 2970, 743.50, 1
8061, 32375, 2, 0, 35349, 35350, 2975, 2973, 1487.50, 1
8062, 32378, 6, 0, 35351, 44961, 12583, 12577, 2097.17, 1
8063, 32379, 1, 0, 35356, 35356, 2977, 2976, 2977.00, 1
8064, 32380, 1, 0, 35357, 35357, 2977, 2976, 2977.00, 1
8065, 32381, 3, 0, 35358, 35360, 2979, 2976, 993.00, 1
8066, 32382, 2, 0, 35361, 35362, 2980, 2978, 1490.00, 1
8067, 32392, 8, 0, 35363, 44964, 12572, 12564, 1571.50, 1
8068, 32394, 10, 0, 35368, 44969, 12575, 12565, 1257.50, 1
8069, 32395, 1, 0, 35373, 35373, 2978, 2977, 2978.00, 1
8070, 32397, 7, 0, 35374, 44971, 12574, 12567, 1796.29, 1
8071, 32399, 8, 0, 35379, 44974, 12575, 12567, 1571.88, 1
8072, 32409, 3, 0, 35384, 35386, 2977, 2974, 992.33, 1
8073, 32416, 20, 0, 35387, 49103, 16687, 16667, 834.35, 1
8074, 32418, 5, 0, 35392, 35396, 2978, 2973, 595.60, 1
8075, 32425, 4, 0, 35397, 35400, 2975, 2971, 743.75, 1
8076, 32429, 12, 0, 35401, 48039, 15610, 15598, 1300.83, 1
8077, 32432, 9, 0, 35406, 44988, 12556, 12547, 1395.11, 1
8078, 32435, 3, 0, 35411, 35413, 2978, 2975, 992.67, 1
8079, 32436, 4, 0, 35414, 35417, 2981, 2977, 745.25, 1
8080, 32447, 1, 0, 35418, 35418, 2971, 2970, 2971.00, 1
8081, 32451, 5, 0, 35419, 35423, 2972, 2967, 594.40, 1
8082, 32454, 1, 0, 35424, 35424, 2970, 2969, 2970.00, 1
8083, 32460, 2, 0, 35425, 35426, 2966, 2964, 1483.00, 1
8084, 32461, 2, 0, 35427, 35428, 2967, 2965, 1483.50, 1
8085, 32464, 9, 0, 35429, 44992, 12528, 12519, 1392.00, 1
8086, 32467, 12, 0, 35434, 48041, 15574, 15562, 1297.83, 1
8087, 32468, 3, 0, 35439, 35441, 2973, 2970, 991.00, 1
8088, 32469, 3, 0, 35442, 35444, 2975, 2972, 991.67, 1
8089, 32472, 1, 0, 35445, 35445, 2973, 2972, 2973.00, 1
8090, 32477, 2, 0, 35446, 35447, 2970, 2968, 1485.00, 1
8091, 32479, 11, 0, 35448, 48042, 15563, 15552, 1414.82, 1
8092, 32485, 6, 0, 35453, 45003, 12518, 12512, 2086.33, 1
8093, 32486, 2, 0, 35458, 35459, 2973, 2971, 1486.50, 1
8094, 32488, 5, 0, 35460, 35464, 2976, 2971, 595.20, 1
8095, 32491, 13, 0, 35465, 48045, 15554, 15541, 1196.46, 1
8096, 32493, 8, 0, 35470, 45011, 12518, 12510, 1564.75, 1
8097, 32500, 2, 0, 35475, 35476, 2976, 2974, 1488.00, 1
8098, 32503, 5, 0, 35477, 35481, 2978, 2973, 595.60, 1
8099, 32517, 1, 0, 35482, 35482, 2965, 2964, 2965.00, 1
8100, 32522, 9, 0, 35483, 45015, 12493, 12484, 1388.11, 1
8101, 32535, 2, 0, 35488, 35489, 2954, 2952, 1477.00, 1
8102, 32538, 3, 0, 35490, 35492, 2954, 2951, 984.67, 1
8103, 32541, 10, 0, 35493, 45020, 12479, 12469, 1247.90, 1
8104, 32566, 5, 0, 35498, 35502, 2936, 2931, 587.20, 1
8105, 32568, 17, 0, 35503, 49105, 16537, 16520, 972.76, 1
8106, 32575, 2, 0, 35508, 35509, 2934, 2932, 1467.00, 1
8107, 32579, 2, 0, 35510, 35511, 2932, 2930, 1466.00, 1
8108, 32585, 2, 0, 35512, 35513, 2928, 2926, 1464.00, 1
8109, 32588, 1, 0, 35514, 35514, 2926, 2925, 2926.00, 1
8110, 32592, 3, 0, 35515, 35517, 2925, 2922, 975.00, 1
8111, 32598, 1, 0, 35518, 35518, 2920, 2919, 2920.00, 1
8112, 32608, 1, 0, 35519, 35519, 2911, 2910, 2911.00, 1
8113, 32618, 1, 0, 35520, 35520, 2902, 2901, 2902.00, 1
8114, 32625, 2, 0, 35521, 35522, 2897, 2895, 1448.50, 1
8115, 32629, 2, 0, 35523, 35524, 2895, 2893, 1447.50, 1
8116, 32630, 9, 0, 35525, 45029, 12399, 12390, 1377.67, 1
8117, 32632, 2, 0, 35530, 35531, 2899, 2897, 1449.50, 1
8118, 32634, 2, 0, 35532, 35533, 2899, 2897, 1449.50, 1
8119, 32639, 3, 0, 35534, 35536, 2897, 2894, 965.67, 1
8120, 32640, 11, 0, 35537, 48051, 15411, 15400, 1401.00, 1
8121, 32645, 1, 0, 35542, 35542, 2897, 2896, 2897.00, 1
8122, 32649, 5, 0, 35543, 35547, 2898, 2893, 579.60, 1
8123, 32652, 8, 0, 35548, 45037, 12385, 12377, 1548.12, 1
8124, 32660, 4, 0, 35553, 35556, 2896, 2892, 724.00, 1
8125, 32669, 5, 0, 35557, 35561, 2892, 2887, 578.40, 1
8126, 32671, 2, 0, 35562, 35563, 2892, 2890, 1446.00, 1
8127, 32673, 4, 0, 35564, 35567, 2894, 2890, 723.50, 1
8128, 32675, 3, 0, 35568, 35570, 2895, 2892, 965.00, 1
8129, 32683, 11, 0, 35571, 48052, 15369, 15358, 1397.18, 1
8130, 32687, 7, 0, 35576, 45044, 12357, 12350, 1765.29, 1
8131, 32689, 1, 0, 35581, 35581, 2892, 2891, 2892.00, 1
8132, 32690, 3, 0, 35582, 35584, 2894, 2891, 964.67, 1
8133, 32692, 15, 0, 35585, 48057, 15365, 15350, 1024.33, 1
8134, 32698, 3, 0, 35590, 35592, 2894, 2891, 964.67, 1
8135, 32702, 6, 0, 35593, 45050, 12348, 12342, 2058.00, 1
8136, 32704, 5, 0, 35598, 35602, 2898, 2893, 579.60, 1
8137, 32708, 2, 0, 35603, 35604, 2896, 2894, 1448.00, 1
8138, 32709, 3, 0, 35605, 35607, 2898, 2895, 966.00, 1
8139, 32711, 4, 0, 35608, 35611, 2900, 2896, 725.00, 1
8140, 32713, 6, 0, 35612, 45051, 12338, 12332, 2056.33, 1
8141, 32715, 3, 0, 35617, 35619, 2904, 2901, 968.00, 1
8142, 32718, 4, 0, 35620, 35623, 2905, 2901, 726.25, 1
8143, 32719, 1, 0, 35624, 35624, 2905, 2904, 2905.00, 1
8144, 32722, 8, 0, 35625, 45054, 12332, 12324, 1541.50, 1
8145, 32724, 1, 0, 35630, 35630, 2906, 2905, 2906.00, 1
8146, 32725, 2, 0, 35631, 35632, 2907, 2905, 1453.50, 1
8147, 32726, 1, 0, 35633, 35633, 2907, 2906, 2907.00, 1
8148, 32731, 3, 0, 35634, 35636, 2905, 2902, 968.33, 1
8149, 32734, 2, 0, 35637, 35638, 2904, 2902, 1452.00, 1
8150, 32741, 10, 0, 35639, 45059, 12318, 12308, 1231.80, 1
8151, 32742, 5, 0, 35644, 35648, 2906, 2901, 581.20, 1
8152, 32744, 12, 0, 35649, 48059, 15315, 15303, 1276.25, 1
8153, 32745, 5, 0, 35654, 35658, 2913, 2908, 582.60, 1
8154, 32747, 1, 0, 35659, 35659, 2912, 2911, 2912.00, 1
8155, 32751, 12, 0, 35660, 48061, 15310, 15298, 1275.83, 1
8156, 32753, 4, 0, 35665, 35668, 2915, 2911, 728.75, 1
8157, 32760, 1, 0, 35669, 35669, 2909, 2908, 2909.00, 1
8158, 32762, 8, 0, 35670, 45072, 12310, 12302, 1538.75, 1
8159, 32763, 4, 0, 35675, 35678, 2915, 2911, 728.75, 1
8160, 32767, 4, 0, 35679, 35682, 2915, 2911, 728.75, 1
8161, 32774, 1, 0, 35683, 35683, 2909, 2908, 2909.00, 1
8162, 32775, 5, 0, 35684, 35688, 2913, 2908, 582.60, 1
8163, 32776, 2, 0, 35689, 35690, 2914, 2912, 1457.00, 1
8164, 32791, 3, 0, 35691, 35693, 2902, 2899, 967.33, 1
8165, 32795, 2, 0, 35694, 35695, 2900, 2898, 1450.00, 1
8166, 32798, 2, 0, 35696, 35697, 2899, 2897, 1449.50, 1
8167, 32800, 4, 0, 35698, 35701, 2901, 2897, 725.25, 1
8168, 32801, 5, 0, 35702, 35706, 2905, 2900, 581.00, 1
8169, 32805, 1, 0, 35707, 35707, 2902, 2901, 2902.00, 1
8170, 32806, 3, 0, 35708, 35710, 2904, 2901, 968.00, 1
8171, 32808, 1, 0, 35711, 35711, 2903, 2902, 2903.00, 1
8172, 32810, 5, 0, 35712, 35716, 2906, 2901, 581.20, 1
8173, 32812, 4, 0, 35717, 35720, 2908, 2904, 727.00, 1
8174, 32813, 5, 0, 35721, 35725, 2912, 2907, 582.40, 1
8175, 32817, 1, 0, 35726, 35726, 2909, 2908, 2909.00, 1
8176, 32826, 1, 0, 35727, 35727, 2901, 2900, 2901.00, 1
8177, 32828, 1, 0, 35728, 35728, 2900, 2899, 2900.00, 1
8178, 32838, 1, 0, 35729, 35729, 2891, 2890, 2891.00, 1
8179, 32840, 6, 0, 35730, 45073, 12233, 12227, 2038.83, 1
8180, 32841, 3, 0, 35735, 35737, 2896, 2893, 965.33, 1
8181, 32852, 4, 0, 35738, 35741, 2889, 2885, 722.25, 1
8182, 32859, 1, 0, 35742, 35742, 2883, 2882, 2883.00, 1
8183, 32864, 10, 0, 35743, 45078, 12214, 12204, 1221.40, 1
8184, 32867, 1, 0, 35748, 35748, 2881, 2880, 2881.00, 1
8185, 32873, 1, 0, 35749, 35749, 2876, 2875, 2876.00, 1
8186, 32883, 6, 0, 35750, 45079, 12196, 12190, 2032.67, 1
8187, 32884, 4, 0, 35755, 35758, 2874, 2870, 718.50, 1
8188, 32887, 8, 0, 35759, 45082, 12195, 12187, 1524.38, 1
8189, 32888, 2, 0, 35764, 35765, 2877, 2875, 1438.50, 1
8190, 32889, 9, 0, 35766, 45086, 12197, 12188, 1355.22, 1
8191, 32890, 1, 0, 35771, 35771, 2881, 2880, 2881.00, 1
8192, 32893, 2, 0, 35772, 35773, 2880, 2878, 1440.00, 1
8193, 32897, 4, 0, 35774, 35777, 2880, 2876, 720.00, 1
8194, 32899, 8, 0, 35778, 45089, 12190, 12182, 1523.75, 1
8195, 32900, 5, 0, 35783, 35787, 2887, 2882, 577.40, 1
8196, 32901, 8, 0, 35788, 45092, 12191, 12183, 1523.88, 1
8197, 32902, 4, 0, 35793, 35796, 2894, 2890, 723.50, 1
8198, 32916, 4, 0, 35797, 35800, 2884, 2880, 721.00, 1
8199, 32926, 10, 0, 35801, 45097, 12171, 12161, 1217.10, 1
8200, 32927, 1, 0, 35806, 35806, 2879, 2878, 2879.00, 1
8201, 32933, 1, 0, 35807, 35807, 2874, 2873, 2874.00, 1
8202, 32938, 2, 0, 35808, 35809, 2871, 2869, 1435.50, 1
8203, 32941, 5, 0, 35810, 35814, 2873, 2868, 574.60, 1
8204, 32955, 1, 0, 35815, 35815, 2860, 2859, 2860.00, 1
8205, 32969, 2, 0, 35816, 35817, 2848, 2846, 1424.00, 1
8206, 32974, 6, 0, 35818, 45098, 12124, 12118, 2020.67, 1
8207, 32984, 2, 0, 35823, 35824, 2840, 2838, 1420.00, 1
8208, 32986, 3, 0, 35825, 35827, 2841, 2838, 947.00, 1
8209, 32992, 1, 0, 35828, 35828, 2836, 2835, 2836.00, 1
8210, 33013, 1, 0, 35829, 35829, 2816, 2815, 2816.00, 1
8211, 33014, 1, 0, 35830, 35830, 2816, 2815, 2816.00, 1
8212, 33020, 6, 0, 35831, 45099, 12079, 12073, 2013.17, 1
8213, 33021, 3, 0, 35836, 35838, 2817, 2814, 939.00, 1
8214, 33023, 5, 0, 35839, 35843, 2820, 2815, 564.00, 1
8215, 33024, 3, 0, 35844, 35846, 2822, 2819, 940.67, 1
8216, 33030, 12, 0, 35847, 48063, 15033, 15021, 1252.75, 1
8217, 33032, 1, 0, 35852, 35852, 2820, 2819, 2820.00, 1
8218, 33037, 2, 0, 35853, 35854, 2817, 2815, 1408.50, 1
8219, 33039, 9, 0, 35855, 45108, 12069, 12060, 1341.00, 1
8220, 33040, 2, 0, 35860, 35861, 2821, 2819, 1410.50, 1
8221, 33043, 3, 0, 35862, 35864, 2821, 2818, 940.33, 1
8222, 33045, 4, 0, 35865, 35868, 2823, 2819, 705.75, 1
8223, 33048, 11, 0, 35869, 48064, 15016, 15005, 1365.09, 1
8224, 33059, 4, 0, 35874, 35877, 2818, 2814, 704.50, 1
8225, 33061, 12, 0, 35878, 48066, 15005, 14993, 1250.42, 1
8226, 33063, 10, 0, 35883, 45123, 12060, 12050, 1206.00, 1
8227, 33067, 6, 0, 35888, 45124, 12057, 12051, 2009.50, 1
8228, 33068, 2, 0, 35893, 35894, 2826, 2824, 1413.00, 1
8229, 33070, 3, 0, 35895, 35897, 2827, 2824, 942.33, 1
8230, 33073, 1, 0, 35898, 35898, 2825, 2824, 2825.00, 1
8231, 33078, 1, 0, 35899, 35899, 2821, 2820, 2821.00, 1
8232, 33080, 6, 0, 35900, 45125, 12045, 12039, 2007.50, 1
8233, 33084, 4, 0, 35905, 35908, 2824, 2820, 706.00, 1
8234, 33088, 2, 0, 35909, 35910, 2822, 2820, 1411.00, 1
8235, 33090, 2, 0, 35911, 35912, 2822, 2820, 1411.00, 1
8236, 33094, 4, 0, 35913, 35916, 2822, 2818, 705.50, 1
8237, 33097, 10, 0, 35917, 45130, 12033, 12023, 1203.30, 1
8238, 33098, 4, 0, 35922, 35925, 2827, 2823, 706.75, 1
8239, 33101, 8, 0, 35926, 45133, 12032, 12024, 1504.00, 1
8240, 33102, 3, 0, 35931, 35933, 2831, 2828, 943.67, 1
8241, 33105, 1, 0, 35934, 35934, 2829, 2828, 2829.00, 1
8242, 33109, 4, 0, 35935, 35938, 2829, 2825, 707.25, 1
8243, 33110, 3, 0, 35939, 35941, 2831, 2828, 943.67, 1
8244, 33112, 2, 0, 35942, 35943, 2831, 2829, 1415.50, 1
8245, 33115, 3, 0, 35944, 35946, 2831, 2828, 943.67, 1
8246, 33116, 2, 0, 35947, 35948, 2832, 2830, 1416.00, 1
8247, 33120, 2, 0, 35949, 35950, 2830, 2828, 1415.00, 1
8248, 33122, 2, 0, 35951, 35952, 2830, 2828, 1415.00, 1
8249, 33124, 6, 0, 35953, 45134, 12010, 12004, 2001.67, 1
8250, 33128, 17, 0, 35958, 49107, 15979, 15962, 939.94, 1
8251, 33129, 2, 0, 35963, 35964, 2835, 2833, 1417.50, 1
8252, 33135, 21, 0, 35965, 49440, 16305, 16284, 776.43, 1
8253, 33138, 3, 0, 35970, 35972, 2834, 2831, 944.67, 1
8254, 33141, 2, 0, 35973, 35974, 2833, 2831, 1416.50, 1
8255, 33145, 6, 0, 35975, 45145, 12000, 11994, 2000.00, 1
8256, 33153, 4, 0, 35980, 35983, 2830, 2826, 707.50, 1
8257, 33156, 2, 0, 35984, 35985, 2829, 2827, 1414.50, 1
8258, 33157, 3, 0, 35986, 35988, 2831, 2828, 943.67, 1
8259, 33172, 10, 0, 35989, 45150, 11978, 11968, 1197.80, 1
8260, 33174, 4, 0, 35994, 35997, 2823, 2819, 705.75, 1
8261, 33175, 3, 0, 35998, 36000, 2825, 2822, 941.67, 1
8262, 33183, 2, 0, 36001, 36002, 2819, 2817, 1409.50, 1
8263, 33190, 3, 0, 36003, 36005, 2815, 2812, 938.33, 1
8264, 33192, 6, 0, 36006, 45151, 11959, 11953, 1993.17, 1
8265, 33194, 3, 0, 36011, 36013, 2819, 2816, 939.67, 1
8266, 33199, 5, 0, 36014, 36018, 2819, 2814, 563.80, 1
8267, 33200, 6, 0, 36019, 45152, 11952, 11946, 1992.00, 1
8268, 33210, 2, 0, 36024, 36025, 2815, 2813, 1407.50, 1
8269, 33211, 12, 0, 36026, 48078, 14867, 14855, 1238.92, 1
8270, 33217, 5, 0, 36031, 36035, 2818, 2813, 563.60, 1
8271, 33220, 2, 0, 36036, 36037, 2817, 2815, 1408.50, 1
8272, 33227, 2, 0, 36038, 36039, 2812, 2810, 1406.00, 1
8273, 33233, 6, 0, 36040, 45158, 11925, 11919, 1987.50, 1
8274, 33235, 3, 0, 36045, 36047, 2812, 2809, 937.33, 1
8275, 33239, 6, 0, 36048, 45159, 11920, 11914, 1986.67, 1
8276, 33245, 7, 0, 36053, 45161, 11916, 11909, 1702.29, 1
8277, 33246, 1, 0, 36058, 36058, 2812, 2811, 2812.00, 1
8278, 33249, 6, 0, 36059, 45162, 11913, 11907, 1985.50, 1
8279, 33250, 1, 0, 36064, 36064, 2814, 2813, 2814.00, 1
8280, 33252, 5, 0, 36065, 36069, 2817, 2812, 563.40, 1
8281, 33254, 1, 0, 36070, 36070, 2816, 2815, 2816.00, 1
8282, 33262, 10, 0, 36071, 45167, 11905, 11895, 1190.50, 1
8283, 33264, 3, 0, 36076, 36078, 2814, 2811, 938.00, 1
8284, 33265, 5, 0, 36079, 36083, 2818, 2813, 563.60, 1
8285, 33274, 2, 0, 36084, 36085, 2811, 2809, 1405.50, 1
8286, 33276, 1, 0, 36086, 36086, 2810, 2809, 2810.00, 1
8287, 33280, 2, 0, 36087, 36088, 2808, 2806, 1404.00, 1
8288, 33287, 6, 0, 36089, 45168, 11881, 11875, 1980.17, 1
8289, 33288, 2, 0, 36094, 36095, 2807, 2805, 1403.50, 1
8290, 33290, 1, 0, 36096, 36096, 2806, 2805, 2806.00, 1
8291, 33292, 6, 0, 36097, 45169, 11877, 11871, 1979.50, 1
8292, 33303, 3, 0, 36102, 36104, 2801, 2798, 933.67, 1
8293, 33305, 2, 0, 36105, 36106, 2801, 2799, 1400.50, 1
8294, 33306, 14, 0, 36107, 48082, 14776, 14762, 1055.43, 1
8295, 33312, 3, 0, 36112, 36114, 2802, 2799, 934.00, 1
8296, 33314, 10, 0, 36115, 45179, 11865, 11855, 1186.50, 1
8297, 33316, 3, 0, 36120, 36122, 2806, 2803, 935.33, 1
8298, 33320, 3, 0, 36123, 36125, 2805, 2802, 935.00, 1
8299, 33325, 20, 0, 36126, 49117, 15792, 15772, 789.60, 1
8300, 33327, 2, 0, 36131, 36132, 2805, 2803, 1402.50, 1
8301, 33332, 5, 0, 36133, 36137, 2805, 2800, 561.00, 1
8302, 33334, 6, 0, 36138, 45185, 11851, 11845, 1975.17, 1
8303, 33337, 9, 0, 36143, 45189, 11852, 11843, 1316.89, 1
8304, 33340, 1, 0, 36148, 36148, 2808, 2807, 2808.00, 1
8305, 33343, 2, 0, 36149, 36150, 2807, 2805, 1403.50, 1
8306, 33346, 1, 0, 36151, 36151, 2805, 2804, 2805.00, 1
8307, 33351, 12, 0, 36152, 48089, 14738, 14726, 1228.17, 1
8308, 33353, 7, 0, 36157, 45196, 11843, 11836, 1691.86, 1
8309, 33356, 2, 0, 36162, 36163, 2807, 2805, 1403.50, 1
8310, 33359, 8, 0, 36164, 45199, 11840, 11832, 1480.00, 1
8311, 33361, 2, 0, 36169, 36170, 2809, 2807, 1404.50, 1
8312, 33362, 6, 0, 36171, 45200, 11838, 11832, 1973.00, 1
8313, 33365, 4, 0, 36176, 36179, 2814, 2810, 703.50, 1
8314, 33369, 4, 0, 36180, 36183, 2814, 2810, 703.50, 1
8315, 33383, 1, 0, 36184, 36184, 2801, 2800, 2801.00, 1
8316, 33390, 2, 0, 36185, 36186, 2796, 2794, 1398.00, 1
8317, 33395, 6, 0, 36187, 45201, 11806, 11800, 1967.67, 1
8318, 33397, 1, 0, 36192, 36192, 2795, 2794, 2795.00, 1
8319, 33407, 10, 0, 36193, 45206, 11799, 11789, 1179.90, 1
8320, 33419, 1, 0, 36198, 36198, 2779, 2778, 2779.00, 1
8321, 33422, 9, 0, 36199, 45210, 11788, 11779, 1309.78, 1
8322, 33423, 5, 0, 36204, 36208, 2785, 2780, 557.00, 1
8323, 33424, 4, 0, 36209, 36212, 2788, 2784, 697.00, 1
8324, 33426, 3, 0, 36213, 36215, 2789, 2786, 929.67, 1
8325, 33429, 10, 0, 36216, 45215, 11786, 11776, 1178.60, 1
8326, 33440, 1, 0, 36221, 36221, 2781, 2780, 2781.00, 1
8327, 33441, 1, 0, 36222, 36222, 2781, 2780, 2781.00, 1
8328, 33442, 12, 0, 36223, 48091, 14649, 14637, 1220.75, 1
8329, 33443, 3, 0, 36228, 36230, 2787, 2784, 929.00, 1
8330, 33446, 6, 0, 36231, 45221, 11775, 11769, 1962.50, 1
8331, 33450, 2, 0, 36236, 36237, 2787, 2785, 1393.50, 1
8332, 33451, 7, 0, 36238, 45223, 11772, 11765, 1681.71, 1
8333, 33453, 5, 0, 36243, 36247, 2794, 2789, 558.80, 1
8334, 33457, 5, 0, 36248, 36252, 2795, 2790, 559.00, 1
8335, 33465, 1, 0, 36253, 36253, 2788, 2787, 2788.00, 1
8336, 33477, 1, 0, 36254, 36254, 2777, 2776, 2777.00, 1
8337, 33479, 6, 0, 36255, 45224, 11745, 11739, 1957.50, 1
8338, 33480, 2, 0, 36260, 36261, 2781, 2779, 1390.50, 1
8339, 33481, 2, 0, 36262, 36263, 2782, 2780, 1391.00, 1
8340, 33482, 3, 0, 36264, 36266, 2784, 2781, 928.00, 1
8341, 33484, 12, 0, 36267, 48093, 14609, 14597, 1217.42, 1
8342, 33485, 8, 0, 36272, 45232, 11747, 11739, 1468.38, 1
8343, 33487, 1, 0, 36277, 36277, 2790, 2789, 2790.00, 1
8344, 33494, 4, 0, 36278, 36281, 2787, 2783, 696.75, 1
8345, 33498, 6, 0, 36282, 45233, 11735, 11729, 1955.83, 1
8346, 33499, 3, 0, 36287, 36289, 2790, 2787, 930.00, 1
8347, 33501, 5, 0, 36290, 36294, 2793, 2788, 558.60, 1
8348, 33507, 35, 0, 36295, 49590, 16083, 16048, 459.51, 1
8349, 33515, 10, 0, 36300, 45243, 11728, 11718, 1172.80, 1
8350, 33532, 1, 0, 36305, 36305, 2773, 2772, 2773.00, 1
8351, 33535, 17, 0, 36306, 49124, 15589, 15572, 917.00, 1
8352, 33543, 2, 0, 36311, 36312, 2769, 2767, 1384.50, 1
8353, 33559, 2, 0, 36313, 36314, 2755, 2753, 1377.50, 1
8354, 33562, 1, 0, 36315, 36315, 2753, 2752, 2753.00, 1
8355, 33576, 7, 0, 36316, 45250, 11674, 11667, 1667.71, 1
8356, 33582, 4, 0, 36321, 36324, 2742, 2738, 685.50, 1
8357, 33593, 3, 0, 36325, 36327, 2734, 2731, 911.33, 1
8358, 33594, 6, 0, 36328, 45251, 11657, 11651, 1942.83, 1
8359, 33595, 4, 0, 36333, 36336, 2741, 2737, 685.25, 1
8360, 33597, 1, 0, 36337, 36337, 2740, 2739, 2740.00, 1
8361, 33600, 6, 0, 36338, 45252, 11652, 11646, 1942.00, 1
8362, 33601, 1, 0, 36343, 36343, 2742, 2741, 2742.00, 1
8363, 33608, 7, 0, 36344, 45254, 11646, 11639, 1663.71, 1
8364, 33618, 8, 0, 36349, 45257, 11639, 11631, 1454.88, 1
8365, 33622, 4, 0, 36354, 36357, 2735, 2731, 683.75, 1
8366, 33632, 3, 0, 36358, 36360, 2728, 2725, 909.33, 1
8367, 33640, 8, 0, 36361, 45260, 11620, 11612, 1452.50, 1
8368, 33641, 16, 0, 36366, 49125, 15484, 15468, 967.75, 1
8369, 33642, 2, 0, 36371, 36372, 2730, 2728, 1365.00, 1
8370, 33643, 3, 0, 36373, 36375, 2732, 2729, 910.67, 1
8371, 33649, 14, 0, 36376, 48112, 14463, 14449, 1033.07, 1
8372, 33652, 2, 0, 36381, 36382, 2730, 2728, 1365.00, 1
8373, 33655, 4, 0, 36383, 36386, 2731, 2727, 682.75, 1
8374, 33656, 2, 0, 36387, 36388, 2732, 2730, 1366.00, 1
8375, 33663, 3, 0, 36389, 36391, 2728, 2725, 909.33, 1
8376, 33665, 4, 0, 36392, 36395, 2730, 2726, 682.50, 1
8377, 33666, 3, 0, 36396, 36398, 2732, 2729, 910.67, 1
8378, 33669, 2, 0, 36399, 36400, 2731, 2729, 1365.50, 1
8379, 33670, 1, 0, 36401, 36401, 2731, 2730, 2731.00, 1
8380, 33679, 2, 0, 36402, 36403, 2724, 2722, 1362.00, 1
8381, 33683, 11, 0, 36404, 48113, 14430, 14419, 1311.82, 1
8382, 33688, 5, 0, 36409, 36413, 2725, 2720, 545.00, 1
8383, 33690, 1, 0, 36414, 36414, 2724, 2723, 2724.00, 1
8384, 33691, 6, 0, 36415, 45276, 11585, 11579, 1930.83, 1
8385, 33692, 1, 0, 36420, 36420, 2728, 2727, 2728.00, 1
8386, 33696, 12, 0, 36421, 48115, 14419, 14407, 1201.58, 1
8387, 33699, 5, 0, 36426, 36430, 2731, 2726, 546.20, 1
8388, 33700, 15, 0, 36431, 48120, 14420, 14405, 961.33, 1
8389, 33701, 7, 0, 36436, 45288, 11587, 11580, 1655.29, 1
8390, 33706, 2, 0, 36441, 36442, 2736, 2734, 1368.00, 1
8391, 33708, 4, 0, 36443, 36446, 2738, 2734, 684.50, 1
8392, 33714, 3, 0, 36447, 36449, 2735, 2732, 911.67, 1
8393, 33721, 4, 0, 36450, 36453, 2732, 2728, 683.00, 1
8394, 33723, 2, 0, 36454, 36455, 2732, 2730, 1366.00, 1
8395, 33729, 7, 0, 36456, 45290, 11561, 11554, 1651.57, 1
8396, 33736, 11, 0, 36461, 48121, 14385, 14374, 1307.73, 1
8397, 33745, 4, 0, 36466, 36469, 2724, 2720, 681.00, 1
8398, 33746, 2, 0, 36470, 36471, 2725, 2723, 1362.50, 1
8399, 33748, 5, 0, 36472, 36476, 2728, 2723, 545.60, 1
8400, 33750, 1, 0, 36477, 36477, 2727, 2726, 2727.00, 1
8401, 33754, 9, 0, 36478, 45299, 11545, 11536, 1282.78, 1
8402, 33756, 2, 0, 36483, 36484, 2728, 2726, 1364.00, 1
8403, 33768, 20, 0, 36485, 49130, 15362, 15342, 768.10, 1
8404, 33771, 4, 0, 36490, 36493, 2722, 2718, 680.50, 1
8405, 33777, 4, 0, 36494, 36497, 2720, 2716, 680.00, 1
8406, 33779, 7, 0, 36498, 45306, 11527, 11520, 1646.71, 1
8407, 33780, 12, 0, 36503, 48128, 14348, 14336, 1195.67, 1
8408, 33782, 4, 0, 36508, 36511, 2729, 2725, 682.25, 1
8409, 33789, 1, 0, 36512, 36512, 2723, 2722, 2723.00, 1
8410, 33790, 4, 0, 36513, 36516, 2726, 2722, 681.50, 1
8411, 33798, 3, 0, 36517, 36519, 2721, 2718, 907.00, 1
8412, 33804, 1, 0, 36520, 36520, 2716, 2715, 2716.00, 1
8413, 33808, 2, 0, 36521, 36522, 2714, 2712, 1357.00, 1
8414, 33810, 6, 0, 36523, 45312, 11502, 11496, 1917.00, 1
8415, 33811, 7, 0, 36528, 45314, 11503, 11496, 1643.29, 1
8416, 33814, 1, 0, 36533, 36533, 2719, 2718, 2719.00, 1
8417, 33816, 1, 0, 36534, 36534, 2718, 2717, 2718.00, 1
8418, 33817, 8, 0, 36535, 45317, 11500, 11492, 1437.50, 1
8419, 33828, 3, 0, 36540, 36542, 2714, 2711, 904.67, 1
8420, 33829, 2, 0, 36543, 36544, 2715, 2713, 1357.50, 1
8421, 33830, 1, 0, 36545, 36545, 2715, 2714, 2715.00, 1
8422, 33831, 4, 0, 36546, 36549, 2718, 2714, 679.50, 1
8423, 33847, 2, 0, 36550, 36551, 2704, 2702, 1352.00, 1
8424, 33848, 2, 0, 36552, 36553, 2705, 2703, 1352.50, 1
8425, 33849, 1, 0, 36554, 36554, 2705, 2704, 2705.00, 1
8426, 33858, 2, 0, 36555, 36556, 2698, 2696, 1349.00, 1
8427, 33859, 7, 0, 36557, 45319, 11460, 11453, 1637.14, 1
8428, 33860, 3, 0, 36562, 36564, 2704, 2701, 901.33, 1
8429, 33862, 1, 0, 36565, 36565, 2703, 2702, 2703.00, 1
8430, 33863, 11, 0, 36566, 48129, 14266, 14255, 1296.91, 1
8431, 33865, 6, 0, 36571, 45325, 11460, 11454, 1910.00, 1
8432, 33873, 11, 0, 36576, 48130, 14257, 14246, 1296.09, 1
8433, 33876, 2, 0, 36581, 36582, 2706, 2704, 1353.00, 1
8434, 33877, 17, 0, 36583, 49132, 15255, 15238, 897.35, 1
8435, 33889, 14, 0, 36588, 48139, 14250, 14236, 1017.86, 1
8436, 33892, 4, 0, 36593, 36596, 2704, 2700, 676.00, 1
8437, 33898, 10, 0, 36597, 45345, 11447, 11437, 1144.70, 1
8438, 33902, 1, 0, 36602, 36602, 2700, 2699, 2700.00, 1
8439, 33907, 10, 0, 36603, 45350, 11443, 11433, 1144.30, 1
8440, 33913, 2, 0, 36608, 36609, 2696, 2694, 1348.00, 1
8441, 33916, 4, 0, 36610, 36613, 2697, 2693, 674.25, 1
8442, 33920, 11, 0, 36614, 48140, 14220, 14209, 1292.73, 1
8443, 33928, 4, 0, 36619, 36622, 2694, 2690, 673.50, 1
8444, 33931, 2, 0, 36623, 36624, 2693, 2691, 1346.50, 1
8445, 33938, 3, 0, 36625, 36627, 2689, 2686, 896.33, 1
8446, 33942, 3, 0, 36628, 36630, 2688, 2685, 896.00, 1
8447, 33944, 9, 0, 36631, 45359, 11415, 11406, 1268.33, 1
8448, 33949, 9, 0, 36636, 45363, 11414, 11405, 1268.22, 1
8449, 33957, 11, 0, 36641, 48141, 14184, 14173, 1289.45, 1
8450, 33959, 1, 0, 36646, 36646, 2687, 2686, 2687.00, 1
8451, 33968, 6, 0, 36647, 45369, 11401, 11395, 1900.17, 1
8452, 33970, 13, 0, 36652, 48144, 14174, 14161, 1090.31, 1
8453, 33971, 4, 0, 36657, 36660, 2689, 2685, 672.25, 1
8454, 33975, 1, 0, 36661, 36661, 2686, 2685, 2686.00, 1
8455, 33976, 3, 0, 36662, 36664, 2688, 2685, 896.00, 1
8456, 33977, 1, 0, 36665, 36665, 2688, 2687, 2688.00, 1
8457, 33980, 5, 0, 36666, 36670, 2690, 2685, 538.00, 1
8458, 33983, 1, 0, 36671, 36671, 2688, 2687, 2688.00, 1
8459, 33987, 1, 0, 36672, 36672, 2685, 2684, 2685.00, 1
8460, 33989, 6, 0, 36673, 45375, 11386, 11380, 1897.67, 1
8461, 33990, 3, 0, 36678, 36680, 2690, 2687, 896.67, 1
8462, 33996, 11, 0, 36681, 48145, 14149, 14138, 1286.27, 1
8463, 34007, 2, 0, 36686, 36687, 2680, 2678, 1340.00, 1
8464, 34008, 1, 0, 36688, 36688, 2680, 2679, 2680.00, 1
8465, 34012, 26, 0, 36689, 49553, 15541, 15515, 597.73, 1
8466, 34018, 10, 0, 36694, 45390, 11372, 11362, 1137.20, 1
8467, 34021, 6, 0, 36699, 45391, 11370, 11364, 1895.00, 1
8468, 34022, 2, 0, 36704, 36705, 2683, 2681, 1341.50, 1
8469, 34023, 3, 0, 36706, 36708, 2685, 2682, 895.00, 1
8470, 34024, 7, 0, 36709, 45393, 11369, 11362, 1624.14, 1
8471, 34035, 5, 0, 36714, 36718, 2683, 2678, 536.60, 1
8472, 34036, 3, 0, 36719, 36721, 2685, 2682, 895.00, 1
8473, 34039, 12, 0, 36722, 48152, 14113, 14101, 1176.08, 1
8474, 34044, 2, 0, 36727, 36728, 2684, 2682, 1342.00, 1
8475, 34045, 4, 0, 36729, 36732, 2687, 2683, 671.75, 1
8476, 34047, 5, 0, 36733, 36737, 2690, 2685, 538.00, 1
8477, 34050, 1, 0, 36738, 36738, 2688, 2687, 2688.00, 1
8478, 34052, 10, 0, 36739, 45403, 11351, 11341, 1135.10, 1
8479, 34055, 5, 0, 36744, 36748, 2693, 2688, 538.60, 1
8480, 34056, 1, 0, 36749, 36749, 2693, 2692, 2693.00, 1
8481, 34058, 3, 0, 36750, 36752, 2694, 2691, 898.00, 1
8482, 34059, 5, 0, 36753, 36757, 2698, 2693, 539.60, 1
8483, 34064, 1, 0, 36758, 36758, 2694, 2693, 2694.00, 1
8484, 34066, 5, 0, 36759, 36763, 2697, 2692, 539.40, 1
8485, 34072, 2, 0, 36764, 36765, 2693, 2691, 1346.50, 1
8486, 34073, 15, 0, 36766, 48157, 14084, 14069, 938.93, 1
8487, 34078, 3, 0, 36771, 36773, 2695, 2692, 898.33, 1
8488, 34079, 3, 0, 36774, 36776, 2697, 2694, 899.00, 1
8489, 34082, 4, 0, 36777, 36780, 2698, 2694, 674.50, 1
8490, 34089, 4, 0, 36781, 36784, 2695, 2691, 673.75, 1
8491, 34091, 2, 0, 36785, 36786, 2695, 2693, 1347.50, 1
8492, 34096, 3, 0, 36787, 36789, 2693, 2690, 897.67, 1
8493, 34100, 4, 0, 36790, 36793, 2693, 2689, 673.25, 1
8494, 34104, 2, 0, 36794, 36795, 2691, 2689, 1345.50, 1
8495, 34105, 1, 0, 36796, 36796, 2691, 2690, 2691.00, 1
8496, 34112, 7, 0, 36797, 45410, 11298, 11291, 1614.00, 1
8497, 34125, 7, 0, 36802, 45412, 11287, 11280, 1612.43, 1
8498, 34127, 4, 0, 36807, 36810, 2683, 2679, 670.75, 1
8499, 34132, 7, 0, 36811, 45414, 11282, 11275, 1611.71, 1
8500, 34133, 1, 0, 36816, 36816, 2683, 2682, 2683.00, 1
8501, 34145, 3, 0, 36817, 36819, 2674, 2671, 891.33, 1
8502, 34150, 10, 0, 36820, 45419, 11269, 11259, 1126.90, 1
8503, 34154, 6, 0, 36825, 45420, 11266, 11260, 1877.67, 1
8504, 34160, 3, 0, 36830, 36832, 2672, 2669, 890.67, 1
8505, 34161, 2, 0, 36833, 36834, 2673, 2671, 1336.50, 1
8506, 34165, 1, 0, 36835, 36835, 2670, 2669, 2670.00, 1
8507, 34167, 1, 0, 36836, 36836, 2669, 2668, 2669.00, 1
8508, 34171, 3, 0, 36837, 36839, 2668, 2665, 889.33, 1
8509, 34173, 6, 0, 36840, 45421, 11248, 11242, 1874.67, 1
8510, 34177, 2, 0, 36845, 36846, 2669, 2667, 1334.50, 1
8511, 34181, 11, 0, 36847, 48158, 13977, 13966, 1270.64, 1
8512, 34188, 1, 0, 36852, 36852, 2664, 2663, 2664.00, 1
8513, 34193, 1, 0, 36853, 36853, 2660, 2659, 2660.00, 1
8514, 34201, 6, 0, 36854, 45427, 11226, 11220, 1871.00, 1
8515, 34211, 5, 0, 36859, 36863, 2652, 2647, 530.40, 1
8516, 34212, 11, 0, 36864, 48159, 13947, 13936, 1267.91, 1
8517, 34215, 1, 0, 36869, 36869, 2654, 2653, 2654.00, 1
8518, 34218, 4, 0, 36870, 36873, 2655, 2651, 663.75, 1
8519, 34219, 2, 0, 36874, 36875, 2656, 2654, 1328.00, 1
8520, 34223, 1, 0, 36876, 36876, 2653, 2652, 2653.00, 1
8521, 34225, 1, 0, 36877, 36877, 2652, 2651, 2652.00, 1
8522, 34228, 5, 0, 36878, 36882, 2654, 2649, 530.80, 1
8523, 34230, 1, 0, 36883, 36883, 2653, 2652, 2653.00, 1
8524, 34251, 4, 0, 36884, 36887, 2636, 2632, 659.00, 1
8525, 34254, 7, 0, 36888, 45434, 11180, 11173, 1597.14, 1
8526, 34255, 5, 0, 36893, 36897, 2642, 2637, 528.40, 1
8527, 34256, 10, 0, 36898, 45439, 11183, 11173, 1118.30, 1
8528, 34257, 1, 0, 36903, 36903, 2646, 2645, 2646.00, 1
8529, 34258, 1, 0, 36904, 36904, 2646, 2645, 2646.00, 1
8530, 34259, 12, 0, 36905, 48161, 13902, 13890, 1158.50, 1
8531, 34262, 4, 0, 36910, 36913, 2651, 2647, 662.75, 1
8532, 34265, 3, 0, 36914, 36916, 2651, 2648, 883.67, 1
8533, 34273, 4, 0, 36917, 36920, 2647, 2643, 661.75, 1
8534, 34277, 10, 0, 36921, 45449, 11172, 11162, 1117.20, 1
8535, 34278, 6, 0, 36926, 45450, 11172, 11166, 1862.00, 1
8536, 34280, 3, 0, 36931, 36933, 2653, 2650, 884.33, 1
8537, 34283, 1, 0, 36934, 36934, 2651, 2650, 2651.00, 1
8538, 34285, 11, 0, 36935, 48162, 13877, 13866, 1261.55, 1
8539, 34289, 4, 0, 36940, 36943, 2654, 2650, 663.50, 1
8540, 34294, 2, 0, 36944, 36945, 2651, 2649, 1325.50, 1
8541, 34297, 2, 0, 36946, 36947, 2650, 2648, 1325.00, 1
8542, 34303, 4, 0, 36948, 36951, 2648, 2644, 662.00, 1
8543, 34306, 3, 0, 36952, 36954, 2648, 2645, 882.67, 1
8544, 34307, 7, 0, 36955, 45457, 11150, 11143, 1592.86, 1
8545, 34308, 7, 0, 36960, 45459, 11151, 11144, 1593.00, 1
8546, 34314, 1, 0, 36965, 36965, 2651, 2650, 2651.00, 1
8547, 34320, 1, 0, 36966, 36966, 2646, 2645, 2646.00, 1
8548, 34321, 2, 0, 36967, 36968, 2647, 2645, 1323.50, 1
8549, 34324, 4, 0, 36969, 36972, 2648, 2644, 662.00, 1
8550, 34330, 1, 0, 36973, 36973, 2643, 2642, 2643.00, 1
8551, 34338, 5, 0, 36974, 36978, 2640, 2635, 528.00, 1
8552, 34341, 2, 0, 36979, 36980, 2639, 2637, 1319.50, 1
8553, 34344, 8, 0, 36981, 45462, 11118, 11110, 1389.75, 1
8554, 34345, 3, 0, 36986, 36988, 2643, 2640, 881.00, 1
8555, 34349, 1, 0, 36989, 36989, 2640, 2639, 2640.00, 1
8556, 34350, 4, 0, 36990, 36993, 2643, 2639, 660.75, 1
8557, 34355, 5, 0, 36994, 36998, 2643, 2638, 528.60, 1
8558, 34356, 18, 0, 36999, 49140, 14784, 14766, 821.33, 1
8559, 34363, 15, 0, 37004, 48172, 13809, 13794, 920.60, 1
8560, 34367, 2, 0, 37009, 37010, 2643, 2641, 1321.50, 1
8561, 34370, 15, 0, 37011, 48177, 13807, 13792, 920.47, 1
8562, 34380, 1, 0, 37016, 37016, 2636, 2635, 2636.00, 1
8563, 34382, 4, 0, 37017, 37020, 2638, 2634, 659.50, 1
8564, 34383, 6, 0, 37021, 45478, 11095, 11089, 1849.17, 1
8565, 34385, 1, 0, 37026, 37026, 2641, 2640, 2641.00, 1
8566, 34388, 2, 0, 37027, 37028, 2640, 2638, 1320.00, 1
8567, 34392, 16, 0, 37029, 49141, 14749, 14733, 921.81, 1
8568, 34399, 3, 0, 37034, 37036, 2637, 2634, 879.00, 1
8569, 34403, 2, 0, 37037, 37038, 2635, 2633, 1317.50, 1
8570, 34411, 3, 0, 37039, 37041, 2630, 2627, 876.67, 1
8571, 34416, 3, 0, 37042, 37044, 2628, 2625, 876.00, 1
8572, 34420, 9, 0, 37045, 45487, 11067, 11058, 1229.67, 1
8573, 34434, 16, 0, 37050, 49142, 14708, 14692, 919.25, 1
8574, 34435, 5, 0, 37055, 37059, 2624, 2619, 524.80, 1
8575, 34436, 2, 0, 37060, 37061, 2625, 2623, 1312.50, 1
8576, 34438, 9, 0, 37062, 45496, 11058, 11049, 1228.67, 1
8577, 34447, 13, 0, 37067, 48190, 13743, 13730, 1057.15, 1
8578, 34448, 4, 0, 37072, 37075, 2627, 2623, 656.75, 1
8579, 34452, 12, 0, 37076, 48192, 13740, 13728, 1145.00, 1
8580, 34461, 2, 0, 37081, 37082, 2621, 2619, 1310.50, 1
8581, 34463, 2, 0, 37083, 37084, 2621, 2619, 1310.50, 1
8582, 34464, 6, 0, 37085, 45507, 11043, 11037, 1840.50, 1
8583, 34466, 1, 0, 37090, 37090, 2624, 2623, 2624.00, 1
8584, 34467, 6, 0, 37091, 45508, 11041, 11035, 1840.17, 1
8585, 34473, 1, 0, 37096, 37096, 2623, 2622, 2623.00, 1
8586, 34475, 7, 0, 37097, 45510, 11035, 11028, 1576.43, 1
8587, 34476, 7, 0, 37102, 45512, 11036, 11029, 1576.57, 1
8588, 34479, 5, 0, 37107, 37111, 2632, 2627, 526.40, 1
8589, 34480, 4, 0, 37112, 37115, 2635, 2631, 658.75, 1
8590, 34484, 1, 0, 37116, 37116, 2632, 2631, 2632.00, 1
8591, 34485, 1, 0, 37117, 37117, 2632, 2631, 2632.00, 1
8592, 34487, 4, 0, 37118, 37121, 2634, 2630, 658.50, 1
8593, 34488, 10, 0, 37122, 45517, 11029, 11019, 1102.90, 1
8594, 34490, 1, 0, 37127, 37127, 2637, 2636, 2637.00, 1
8595, 34491, 3, 0, 37128, 37130, 2639, 2636, 879.67, 1
8596, 34497, 4, 0, 37131, 37134, 2637, 2633, 659.25, 1
8597, 34500, 2, 0, 37135, 37136, 2636, 2634, 1318.00, 1
8598, 34503, 4, 0, 37137, 37140, 2637, 2633, 659.25, 1
8599, 34507, 1, 0, 37141, 37141, 2634, 2633, 2634.00, 1
8600, 34512, 6, 0, 37142, 45518, 11006, 11000, 1834.33, 1
8601, 34515, 4, 0, 37147, 37150, 2635, 2631, 658.75, 1
8602, 34522, 3, 0, 37151, 37153, 2631, 2628, 877.00, 1
8603, 34523, 1, 0, 37154, 37154, 2631, 2630, 2631.00, 1
8604, 34532, 6, 0, 37155, 45519, 10987, 10981, 1831.17, 1
8605, 34536, 7, 0, 37160, 45521, 10985, 10978, 1569.29, 1
8606, 34538, 1, 0, 37165, 37165, 2627, 2626, 2627.00, 1
8607, 34540, 1, 0, 37166, 37166, 2626, 2625, 2626.00, 1
8608, 34541, 3, 0, 37167, 37169, 2628, 2625, 876.00, 1
8609, 34542, 1, 0, 37170, 37170, 2628, 2627, 2628.00, 1
8610, 34547, 4, 0, 37171, 37174, 2627, 2623, 656.75, 1
8611, 34548, 2, 0, 37175, 37176, 2628, 2626, 1314.00, 1
8612, 34552, 3, 0, 37177, 37179, 2627, 2624, 875.67, 1
8613, 34553, 5, 0, 37180, 37184, 2631, 2626, 526.20, 1
8614, 34554, 27, 0, 37185, 49555, 15001, 14974, 555.59, 1
8615, 34559, 5, 0, 37190, 37194, 2635, 2630, 527.00, 1
8616, 34564, 3, 0, 37195, 37197, 2633, 2630, 877.67, 1
8617, 34568, 8, 0, 37198, 45529, 10961, 10953, 1370.12, 1
8618, 34570, 2, 0, 37203, 37204, 2634, 2632, 1317.00, 1
8619, 34573, 2, 0, 37205, 37206, 2633, 2631, 1316.50, 1
8620, 34580, 3, 0, 37207, 37209, 2629, 2626, 876.33, 1
8621, 34582, 8, 0, 37210, 45532, 10950, 10942, 1368.75, 1
8622, 34590, 3, 0, 37215, 37217, 2627, 2624, 875.67, 1
8623, 34593, 10, 0, 37218, 45537, 10944, 10934, 1094.40, 1
8624, 34594, 5, 0, 37223, 37227, 2633, 2628, 526.60, 1
8625, 34595, 5, 0, 37228, 37232, 2637, 2632, 527.40, 1
8626, 34601, 1, 0, 37233, 37233, 2632, 2631, 2632.00, 1
8627, 34603, 7, 0, 37234, 45539, 10936, 10929, 1562.29, 1
8628, 34607, 21, 0, 37239, 49456, 14849, 14828, 707.10, 1
8629, 34612, 16, 0, 37244, 49153, 14541, 14525, 908.81, 1
8630, 34614, 4, 0, 37249, 37252, 2638, 2634, 659.50, 1
8631, 34617, 7, 0, 37253, 45551, 10934, 10927, 1562.00, 1
8632, 34618, 6, 0, 37258, 45552, 10934, 10928, 1822.33, 1
8633, 34622, 2, 0, 37263, 37264, 2642, 2640, 1321.00, 1
8634, 34630, 3, 0, 37265, 37267, 2637, 2634, 879.00, 1
8635, 34631, 3, 0, 37268, 37270, 2639, 2636, 879.67, 1
8636, 34633, 3, 0, 37271, 37273, 2640, 2637, 880.00, 1
8637, 34634, 5, 0, 37274, 37278, 2644, 2639, 528.80, 1
8638, 34638, 4, 0, 37279, 37282, 2644, 2640, 661.00, 1
8639, 34643, 6, 0, 37283, 45553, 10910, 10904, 1818.33, 1
8640, 34656, 1, 0, 37288, 37288, 2632, 2631, 2632.00, 1
8641, 34658, 15, 0, 37289, 48212, 13554, 13539, 903.60, 1
8642, 34660, 1, 0, 37294, 37294, 2634, 2633, 2634.00, 1
8643, 34661, 3, 0, 37295, 37297, 2636, 2633, 878.67, 1
8644, 34665, 5, 0, 37298, 37302, 2637, 2632, 527.40, 1
8645, 34666, 5, 0, 37303, 37307, 2641, 2636, 528.20, 1
8646, 34675, 4, 0, 37308, 37311, 2636, 2632, 659.00, 1
8647, 34677, 1, 0, 37312, 37312, 2635, 2634, 2635.00, 1
8648, 34678, 7, 0, 37313, 45560, 10882, 10875, 1554.57, 1
8649, 34679, 4, 0, 37318, 37321, 2642, 2638, 660.50, 1
8650, 34680, 1, 0, 37322, 37322, 2642, 2641, 2642.00, 1
8651, 34681, 1, 0, 37323, 37323, 2642, 2641, 2642.00, 1
8652, 34682, 6, 0, 37324, 45561, 10879, 10873, 1813.17, 1
8653, 34683, 4, 0, 37329, 37332, 2649, 2645, 662.25, 1
8654, 34686, 6, 0, 37333, 45562, 10876, 10870, 1812.67, 1
8655, 34691, 3, 0, 37338, 37340, 2649, 2646, 883.00, 1
8656, 34695, 6, 0, 37341, 45563, 10868, 10862, 1811.33, 1
8657, 34699, 2, 0, 37346, 37347, 2648, 2646, 1324.00, 1
8658, 34709, 15, 0, 37348, 48217, 13508, 13493, 900.53, 1
8659, 34711, 5, 0, 37353, 37357, 2646, 2641, 529.20, 1
8660, 34712, 1, 0, 37358, 37358, 2646, 2645, 2646.00, 1
8661, 34715, 4, 0, 37359, 37362, 2647, 2643, 661.75, 1
8662, 34719, 6, 0, 37363, 45569, 10850, 10844, 1808.33, 1
8663, 34722, 16, 0, 37368, 49154, 14432, 14416, 902.00, 1
8664, 34723, 4, 0, 37373, 37376, 2653, 2649, 663.25, 1
8665, 34727, 2, 0, 37377, 37378, 2651, 2649, 1325.50, 1
8666, 34737, 4, 0, 37379, 37382, 2645, 2641, 661.25, 1
8667, 34739, 8, 0, 37383, 45577, 10838, 10830, 1354.75, 1
8668, 34742, 5, 0, 37388, 37392, 2650, 2645, 530.00, 1
8669, 34744, 5, 0, 37393, 37397, 2653, 2648, 530.60, 1
8670, 34766, 7, 0, 37398, 45579, 10813, 10806, 1544.71, 1
8671, 34774, 5, 0, 37403, 37407, 2633, 2628, 526.60, 1
8672, 34775, 1, 0, 37408, 37408, 2633, 2632, 2633.00, 1
8673, 34780, 2, 0, 37409, 37410, 2630, 2628, 1315.00, 1
8674, 34784, 2, 0, 37411, 37412, 2628, 2626, 1314.00, 1
8675, 34789, 4, 0, 37413, 37416, 2627, 2623, 656.75, 1
8676, 34790, 10, 0, 37417, 45584, 10794, 10784, 1079.40, 1
8677, 34794, 1, 0, 37422, 37422, 2628, 2627, 2628.00, 1
8678, 34796, 4, 0, 37423, 37426, 2630, 2626, 657.50, 1
8679, 34797, 1, 0, 37427, 37427, 2630, 2629, 2630.00, 1
8680, 34801, 5, 0, 37428, 37432, 2631, 2626, 526.20, 1
8681, 34803, 11, 0, 37433, 48223, 13420, 13409, 1220.00, 1
8682, 34805, 6, 0, 37438, 45590, 10785, 10779, 1797.50, 1
8683, 34808, 13, 0, 37443, 48226, 13418, 13405, 1032.15, 1
8684, 34811, 14, 0, 37448, 48230, 13419, 13405, 958.50, 1
8685, 34838, 1, 0, 37453, 37453, 2615, 2614, 2615.00, 1
8686, 34839, 6, 0, 37454, 45601, 10762, 10756, 1793.67, 1
8687, 34841, 4, 0, 37459, 37462, 2621, 2617, 655.25, 1
8688, 34848, 8, 0, 37463, 45604, 10756, 10748, 1344.50, 1
8689, 34856, 5, 0, 37468, 37472, 2616, 2611, 523.20, 1
8690, 34859, 3, 0, 37473, 37475, 2616, 2613, 872.00, 1
8691, 34862, 1, 0, 37476, 37476, 2614, 2613, 2614.00, 1
8692, 34863, 2, 0, 37477, 37478, 2615, 2613, 1307.50, 1
8693, 34866, 7, 0, 37479, 45606, 10740, 10733, 1534.29, 1
8694, 34871, 17, 0, 37484, 49156, 14285, 14268, 840.29, 1
8695, 34872, 4, 0, 37489, 37492, 2620, 2616, 655.00, 1
8696, 34874, 7, 0, 37493, 45613, 10739, 10732, 1534.14, 1
8697, 34884, 6, 0, 37498, 45614, 10730, 10724, 1788.33, 1
8698, 34890, 4, 0, 37503, 37506, 2616, 2612, 654.00, 1
8699, 34893, 6, 0, 37507, 45615, 10722, 10716, 1787.00, 1
8700, 34897, 1, 0, 37512, 37512, 2615, 2614, 2615.00, 1
8701, 34901, 2, 0, 37513, 37514, 2613, 2611, 1306.50, 1
8702, 34903, 1, 0, 37515, 37515, 2612, 2611, 2612.00, 1
8703, 34904, 4, 0, 37516, 37519, 2615, 2611, 653.75, 1
8704, 34905, 2, 0, 37520, 37521, 2616, 2614, 1308.00, 1
8705, 34908, 5, 0, 37522, 37526, 2618, 2613, 523.60, 1
8706, 34911, 7, 0, 37527, 45617, 10706, 10699, 1529.43, 1
8707, 34912, 4, 0, 37532, 37535, 2623, 2619, 655.75, 1
8708, 34924, 1, 0, 37536, 37536, 2612, 2611, 2612.00, 1
8709, 34925, 7, 0, 37537, 45619, 10694, 10687, 1527.71, 1
8710, 34931, 4, 0, 37542, 37545, 2614, 2610, 653.50, 1
8711, 34940, 8, 0, 37546, 45622, 10682, 10674, 1335.25, 1
8712, 34946, 4, 0, 37551, 37554, 2608, 2604, 652.00, 1
8713, 34948, 14, 0, 37555, 48239, 13291, 13277, 949.36, 1
8714, 34951, 7, 0, 37560, 45629, 10678, 10671, 1525.43, 1
8715, 34954, 17, 0, 37565, 49158, 14204, 14187, 835.53, 1
8716, 34957, 5, 0, 37570, 37574, 2617, 2612, 523.40, 1
8717, 34958, 6, 0, 37575, 45635, 10677, 10671, 1779.50, 1
8718, 34968, 2, 0, 37580, 37581, 2613, 2611, 1306.50, 1
8719, 34970, 15, 0, 37582, 48249, 13279, 13264, 885.27, 1
8720, 34980, 4, 0, 37587, 37590, 2610, 2606, 652.50, 1
8721, 34984, 11, 0, 37591, 48250, 13266, 13255, 1206.00, 1
8722, 34985, 2, 0, 37596, 37597, 2612, 2610, 1306.00, 1
8723, 34993, 15, 0, 37598, 48255, 13262, 13247, 884.13, 1
8724, 34995, 3, 0, 37603, 37605, 2610, 2607, 870.00, 1
8725, 34998, 6, 0, 37606, 45651, 10653, 10647, 1775.50, 1
8726, 35001, 3, 0, 37611, 37613, 2612, 2609, 870.67, 1
8727, 35009, 3, 0, 37614, 37616, 2607, 2604, 869.00, 1
8728, 35016, 1, 0, 37617, 37617, 2601, 2600, 2601.00, 1
8729, 35035, 9, 0, 37618, 45655, 10620, 10611, 1180.00, 1
8730, 35037, 16, 0, 37623, 49159, 14122, 14106, 882.62, 1
8731, 35038, 1, 0, 37628, 37628, 2590, 2589, 2590.00, 1
8732, 35042, 1, 0, 37629, 37629, 2587, 2586, 2587.00, 1
8733, 35047, 1, 0, 37630, 37630, 2583, 2582, 2583.00, 1
8734, 35048, 3, 0, 37631, 37633, 2585, 2582, 861.67, 1
8735, 35049, 8, 0, 37634, 45663, 10614, 10606, 1326.75, 1
8736, 35059, 3, 0, 37639, 37641, 2582, 2579, 860.67, 1
8737, 35063, 8, 0, 37642, 45666, 10603, 10595, 1325.38, 1
8738, 35068, 2, 0, 37647, 37648, 2580, 2578, 1290.00, 1
8739, 35070, 4, 0, 37649, 37652, 2582, 2578, 645.50, 1
8740, 35072, 2, 0, 37653, 37654, 2582, 2580, 1291.00, 1
8741, 35081, 4, 0, 37655, 37658, 2577, 2573, 644.25, 1
8742, 35082, 1, 0, 37659, 37659, 2577, 2576, 2577.00, 1
8743, 35085, 5, 0, 37660, 37664, 2579, 2574, 515.80, 1
8744, 35091, 2, 0, 37665, 37666, 2575, 2573, 1287.50, 1
8745, 35093, 5, 0, 37667, 37671, 2578, 2573, 515.60, 1
8746, 35098, 1, 0, 37672, 37672, 2574, 2573, 2574.00, 1
8747, 35099, 3, 0, 37673, 37675, 2576, 2573, 858.67, 1
8748, 35104, 5, 0, 37676, 37680, 2576, 2571, 515.20, 1
8749, 35105, 5, 0, 37681, 37685, 2580, 2575, 516.00, 1
8750, 35106, 1, 0, 37686, 37686, 2580, 2579, 2580.00, 1
8751, 35108, 2, 0, 37687, 37688, 2580, 2578, 1290.00, 1
8752, 35111, 5, 0, 37689, 37693, 2582, 2577, 516.40, 1
8753, 35114, 4, 0, 37694, 37697, 2583, 2579, 645.75, 1
8754, 35119, 1, 0, 37698, 37698, 2579, 2578, 2579.00, 1
8755, 35124, 5, 0, 37699, 37703, 2579, 2574, 515.80, 1
8756, 35130, 37, 0, 37704, 49609, 14479, 14442, 391.32, 1
8757, 35136, 3, 0, 37709, 37711, 2575, 2572, 858.33, 1
8758, 35141, 17, 0, 37712, 49166, 14025, 14008, 825.00, 1
8759, 35142, 6, 0, 37717, 45677, 10535, 10529, 1755.83, 1
8760, 35151, 2, 0, 37722, 37723, 2572, 2570, 1286.00, 1
8761, 35163, 21, 0, 37724, 49462, 14299, 14278, 680.90, 1
8762, 35165, 1, 0, 37729, 37729, 2564, 2563, 2564.00, 1
8763, 35166, 1, 0, 37730, 37730, 2564, 2563, 2564.00, 1
8764, 35168, 2, 0, 37731, 37732, 2564, 2562, 1282.00, 1
8765, 35170, 3, 0, 37733, 37735, 2565, 2562, 855.00, 1
8766, 35175, 6, 0, 37736, 45683, 10508, 10502, 1751.33, 1
8767, 35183, 1, 0, 37741, 37741, 2558, 2557, 2558.00, 1
8768, 35187, 10, 0, 37742, 45688, 10501, 10491, 1050.10, 1
8769, 35189, 16, 0, 37747, 49172, 13983, 13967, 873.94, 1
8770, 35193, 4, 0, 37752, 37755, 2562, 2558, 640.50, 1
8771, 35198, 6, 0, 37756, 45694, 10496, 10490, 1749.33, 1
8772, 35199, 2, 0, 37761, 37762, 2563, 2561, 1281.50, 1
8773, 35204, 5, 0, 37763, 37767, 2563, 2558, 512.60, 1
8774, 35211, 7, 0, 37768, 45696, 10485, 10478, 1497.86, 1
8775, 35213, 8, 0, 37773, 45699, 10486, 10478, 1310.75, 1
8776, 35216, 14, 0, 37778, 48284, 13068, 13054, 933.43, 1
8777, 35217, 4, 0, 37783, 37786, 2569, 2565, 642.25, 1
8778, 35220, 8, 0, 37787, 45707, 10487, 10479, 1310.88, 1
8779, 35223, 10, 0, 37792, 45712, 10489, 10479, 1048.90, 1
8780, 35228, 3, 0, 37797, 37799, 2571, 2568, 857.00, 1
8781, 35229, 3, 0, 37800, 37802, 2573, 2570, 857.67, 1
8782, 35230, 3, 0, 37803, 37805, 2575, 2572, 858.33, 1
8783, 35233, 2, 0, 37806, 37807, 2574, 2572, 1287.00, 1
8784, 35237, 5, 0, 37808, 37812, 2575, 2570, 515.00, 1
8785, 35240, 4, 0, 37813, 37816, 2576, 2572, 644.00, 1
8786, 35243, 6, 0, 37817, 45713, 10470, 10464, 1745.00, 1
8787, 35244, 3, 0, 37822, 37824, 2580, 2577, 860.00, 1
8788, 35250, 4, 0, 37825, 37828, 2578, 2574, 644.50, 1
8789, 35254, 14, 0, 37829, 48288, 13034, 13020, 931.00, 1
8790, 35255, 13, 0, 37834, 48291, 13036, 13023, 1002.77, 1
8791, 35257, 5, 0, 37839, 37843, 2586, 2581, 517.20, 1
8792, 35258, 1, 0, 37844, 37844, 2586, 2585, 2586.00, 1
8793, 35264, 12, 0, 37845, 48293, 13029, 13017, 1085.75, 1
8794, 35267, 5, 0, 37850, 37854, 2587, 2582, 517.40, 1
8795, 35270, 1, 0, 37855, 37855, 2585, 2584, 2585.00, 1
8796, 35271, 3, 0, 37856, 37858, 2587, 2584, 862.33, 1
8797, 35272, 9, 0, 37859, 45732, 10460, 10451, 1162.22, 1
8798, 35273, 1, 0, 37864, 37864, 2591, 2590, 2591.00, 1
8799, 35275, 5, 0, 37865, 37869, 2594, 2589, 518.80, 1
8800, 35287, 5, 0, 37870, 37874, 2587, 2582, 517.40, 1
8801, 35288, 1, 0, 37875, 37875, 2587, 2586, 2587.00, 1
8802, 35289, 3, 0, 37876, 37878, 2589, 2586, 863.00, 1
8803, 35293, 3, 0, 37879, 37881, 2588, 2585, 862.67, 1
8804, 35302, 5, 0, 37882, 37886, 2584, 2579, 516.80, 1
8805, 35325, 7, 0, 37887, 45734, 10409, 10402, 1487.00, 1
8806, 35329, 1, 0, 37892, 37892, 2563, 2562, 2563.00, 1
8807, 35334, 4, 0, 37893, 37896, 2562, 2558, 640.50, 1
8808, 35336, 3, 0, 37897, 37899, 2563, 2560, 854.33, 1
8809, 35337, 5, 0, 37900, 37904, 2567, 2562, 513.40, 1
8810, 35342, 2, 0, 37905, 37906, 2564, 2562, 1282.00, 1
8811, 35350, 6, 0, 37907, 45735, 10385, 10379, 1730.83, 1
8812, 35351, 12, 0, 37912, 48295, 12944, 12932, 1078.67, 1
8813, 35353, 1, 0, 37917, 37917, 2564, 2563, 2564.00, 1
8814, 35360, 4, 0, 37918, 37921, 2561, 2557, 640.25, 1
8815, 35365, 5, 0, 37922, 37926, 2561, 2556, 512.20, 1
8816, 35369, 1, 0, 37927, 37927, 2558, 2557, 2558.00, 1
8817, 35382, 1, 0, 37928, 37928, 2546, 2545, 2546.00, 1
8818, 35384, 10, 0, 37929, 45745, 10361, 10351, 1036.10, 1
8819, 35389, 5, 0, 37934, 37938, 2549, 2544, 509.80, 1
8820, 35391, 1, 0, 37939, 37939, 2548, 2547, 2548.00, 1
8821, 35396, 8, 0, 37940, 45748, 10352, 10344, 1294.00, 1
8822, 35400, 5, 0, 37945, 37949, 2549, 2544, 509.80, 1
8823, 35402, 2, 0, 37950, 37951, 2549, 2547, 1274.50, 1
8824, 35404, 2, 0, 37952, 37953, 2549, 2547, 1274.50, 1
8825, 35406, 7, 0, 37954, 45750, 10344, 10337, 1477.71, 1
8826, 35409, 7, 0, 37959, 45752, 10343, 10336, 1477.57, 1
8827, 35410, 2, 0, 37964, 37965, 2555, 2553, 1277.50, 1
8828, 35411, 7, 0, 37966, 45754, 10343, 10336, 1477.57, 1
8829, 35413, 1, 0, 37971, 37971, 2558, 2557, 2558.00, 1
8830, 35414, 5, 0, 37972, 37976, 2562, 2557, 512.40, 1
8831, 35415, 9, 0, 37977, 45758, 10343, 10334, 1149.22, 1
8832, 35420, 15, 0, 37982, 48300, 12880, 12865, 858.67, 1
8833, 35421, 5, 0, 37987, 37991, 2570, 2565, 514.00, 1
8834, 35425, 2, 0, 37992, 37993, 2568, 2566, 1284.00, 1
8835, 35429, 1, 0, 37994, 37994, 2565, 2564, 2565.00, 1
8836, 35433, 7, 0, 37995, 45765, 10332, 10325, 1476.00, 1
8837, 35437, 1, 0, 38000, 38000, 2563, 2562, 2563.00, 1
8838, 35444, 20, 0, 38001, 49177, 13733, 13713, 686.65, 1
8839, 35446, 2, 0, 38006, 38007, 2561, 2559, 1280.50, 1
8840, 35451, 1, 0, 38008, 38008, 2557, 2556, 2557.00, 1
8841, 35453, 9, 0, 38009, 45774, 10321, 10312, 1146.78, 1
8842, 35459, 1, 0, 38014, 38014, 2555, 2554, 2555.00, 1
8843, 35460, 3, 0, 38015, 38017, 2557, 2554, 852.33, 1
8844, 35461, 1, 0, 38018, 38018, 2557, 2556, 2557.00, 1
8845, 35463, 3, 0, 38019, 38021, 2558, 2555, 852.67, 1
8846, 35472, 1, 0, 38022, 38022, 2550, 2549, 2550.00, 1
8847, 35473, 1, 0, 38023, 38023, 2550, 2549, 2550.00, 1
8848, 35476, 2, 0, 38024, 38025, 2549, 2547, 1274.50, 1
8849, 35481, 5, 0, 38026, 38030, 2549, 2544, 509.80, 1
8850, 35483, 9, 0, 38031, 45778, 10295, 10286, 1143.89, 1
8851, 35484, 5, 0, 38036, 38040, 2556, 2551, 511.20, 1
8852, 35487, 2, 0, 38041, 38042, 2555, 2553, 1277.50, 1
8853, 35488, 4, 0, 38043, 38046, 2558, 2554, 639.50, 1
8854, 35495, 4, 0, 38047, 38050, 2555, 2551, 638.75, 1
8855, 35498, 4, 0, 38051, 38054, 2556, 2552, 639.00, 1
8856, 35499, 9, 0, 38055, 45782, 10283, 10274, 1142.56, 1
8857, 35510, 2, 0, 38060, 38061, 2551, 2549, 1275.50, 1
8858, 35512, 19, 0, 38062, 49181, 13669, 13650, 719.42, 1
8859, 35516, 2, 0, 38067, 38068, 2552, 2550, 1276.00, 1
8860, 35520, 4, 0, 38069, 38072, 2552, 2548, 638.00, 1
8861, 35521, 3, 0, 38073, 38075, 2554, 2551, 851.33, 1
8862, 35526, 1, 0, 38076, 38076, 2550, 2549, 2550.00, 1
8863, 35527, 4, 0, 38077, 38080, 2553, 2549, 638.25, 1
8864, 35528, 3, 0, 38081, 38083, 2555, 2552, 851.67, 1
8865, 35537, 8, 0, 38084, 45790, 10253, 10245, 1281.62, 1
8866, 35540, 1, 0, 38089, 38089, 2549, 2548, 2549.00, 1
8867, 35543, 4, 0, 38090, 38093, 2550, 2546, 637.50, 1
8868, 35546, 3, 0, 38094, 38096, 2550, 2547, 850.00, 1
8869, 35552, 1, 0, 38097, 38097, 2545, 2544, 2545.00, 1
8870, 35553, 7, 0, 38098, 45792, 10239, 10232, 1462.71, 1
8871, 35554, 1, 0, 38103, 38103, 2549, 2548, 2549.00, 1
8872, 35557, 2, 0, 38104, 38105, 2548, 2546, 1274.00, 1
8873, 35558, 2, 0, 38106, 38107, 2549, 2547, 1274.50, 1
8874, 35560, 8, 0, 38108, 45795, 10235, 10227, 1279.38, 1
8875, 35561, 2, 0, 38113, 38114, 2553, 2551, 1276.50, 1
8876, 35564, 5, 0, 38115, 38119, 2555, 2550, 511.00, 1
8877, 35573, 1, 0, 38120, 38120, 2547, 2546, 2547.00, 1
8878, 35586, 6, 0, 38121, 45796, 10210, 10204, 1701.67, 1
8879, 35600, 2, 0, 38126, 38127, 2527, 2525, 1263.50, 1
8880, 35604, 4, 0, 38128, 38131, 2527, 2523, 631.75, 1
8881, 35606, 4, 0, 38132, 38135, 2529, 2525, 632.25, 1
8882, 35613, 5, 0, 38136, 38140, 2527, 2522, 505.40, 1
8883, 35615, 5, 0, 38141, 38145, 2530, 2525, 506.00, 1
8884, 35617, 2, 0, 38146, 38147, 2530, 2528, 1265.00, 1
8885, 35620, 1, 0, 38148, 38148, 2528, 2527, 2528.00, 1
8886, 35625, 2, 0, 38149, 38150, 2525, 2523, 1262.50, 1
8887, 35629, 4, 0, 38151, 38154, 2525, 2521, 631.25, 1
8888, 35630, 1, 0, 38155, 38155, 2525, 2524, 2525.00, 1
8889, 35634, 2, 0, 38156, 38157, 2523, 2521, 1261.50, 1
8890, 35635, 7, 0, 38158, 45798, 10163, 10156, 1451.86, 1
8891, 35638, 6, 0, 38163, 45799, 10161, 10155, 1693.50, 1
8892, 35639, 4, 0, 38168, 38171, 2532, 2528, 633.00, 1
8893, 35642, 3, 0, 38172, 38174, 2532, 2529, 844.00, 1
8894, 35651, 3, 0, 38175, 38177, 2526, 2523, 842.00, 1
8895, 35663, 3, 0, 38178, 38180, 2517, 2514, 839.00, 1
8896, 35669, 11, 0, 38181, 48311, 12642, 12631, 1149.27, 1
8897, 35674, 1, 0, 38186, 38186, 2512, 2511, 2512.00, 1
8898, 35681, 5, 0, 38187, 38191, 2510, 2505, 502.00, 1
8899, 35684, 5, 0, 38192, 38196, 2512, 2507, 502.40, 1
8900, 35687, 3, 0, 38197, 38199, 2512, 2509, 837.33, 1
8901, 35689, 7, 0, 38200, 45806, 10117, 10110, 1445.29, 1
8902, 35699, 7, 0, 38205, 45808, 10109, 10102, 1444.14, 1
8903, 35705, 2, 0, 38210, 38211, 2506, 2504, 1253.00, 1
8904, 35706, 4, 0, 38212, 38215, 2509, 2505, 627.25, 1
8905, 35712, 1, 0, 38216, 38216, 2504, 2503, 2504.00, 1
8906, 35720, 5, 0, 38217, 38221, 2501, 2496, 500.20, 1
8907, 35724, 7, 0, 38222, 45810, 10086, 10079, 1440.86, 1
8908, 35725, 1, 0, 38227, 38227, 2502, 2501, 2502.00, 1
8909, 35729, 3, 0, 38228, 38230, 2501, 2498, 833.67, 1
8910, 35733, 4, 0, 38231, 38234, 2501, 2497, 625.25, 1
8911, 35737, 8, 0, 38235, 45813, 10076, 10068, 1259.50, 1
8912, 35741, 4, 0, 38240, 38243, 2502, 2498, 625.50, 1
8913, 35743, 2, 0, 38244, 38245, 2502, 2500, 1251.00, 1
8914, 35745, 1, 0, 38246, 38246, 2501, 2500, 2501.00, 1
8915, 35747, 1, 0, 38247, 38247, 2500, 2499, 2500.00, 1
8916, 35752, 3, 0, 38248, 38250, 2498, 2495, 832.67, 1
8917, 35755, 3, 0, 38251, 38253, 2498, 2495, 832.67, 1
8918, 35760, 5, 0, 38254, 38258, 2498, 2493, 499.60, 1
8919, 35772, 3, 0, 38259, 38261, 2489, 2486, 829.67, 1
8920, 35773, 5, 0, 38262, 38266, 2493, 2488, 498.60, 1
8921, 35775, 1, 0, 38267, 38267, 2492, 2491, 2492.00, 1
8922, 35777, 12, 0, 38268, 48313, 12536, 12524, 1044.67, 1
8923, 35778, 1, 0, 38273, 38273, 2495, 2494, 2495.00, 1
8924, 35781, 1, 0, 38274, 38274, 2493, 2492, 2493.00, 1
8925, 35782, 1, 0, 38275, 38275, 2493, 2492, 2493.00, 1
8926, 35783, 9, 0, 38276, 45822, 10039, 10030, 1115.44, 1
8927, 35785, 5, 0, 38281, 38285, 2500, 2495, 500.00, 1
8928, 35791, 3, 0, 38286, 38288, 2497, 2494, 832.33, 1
8929, 35794, 4, 0, 38289, 38292, 2498, 2494, 624.50, 1
8930, 35798, 9, 0, 38293, 45826, 10028, 10019, 1114.22, 1
8931, 35812, 11, 0, 38298, 48314, 12502, 12491, 1136.55, 1
8932, 35815, 4, 0, 38303, 38306, 2491, 2487, 622.75, 1
8933, 35818, 1, 0, 38307, 38307, 2489, 2488, 2489.00, 1
8934, 35820, 8, 0, 38308, 45834, 10014, 10006, 1251.75, 1
8935, 35825, 2, 0, 38313, 38314, 2489, 2487, 1244.50, 1
8936, 35826, 9, 0, 38315, 45838, 10012, 10003, 1112.44, 1
8937, 35845, 4, 0, 38320, 38323, 2478, 2474, 619.50, 1
8938, 35846, 8, 0, 38324, 45841, 9995, 9987, 1249.38, 1
8939, 35848, 1, 0, 38329, 38329, 2481, 2480, 2481.00, 1
8940, 35859, 9, 0, 38330, 45845, 9986, 9977, 1109.56, 1
8941, 35860, 15, 0, 38335, 48319, 12459, 12444, 830.60, 1
8942, 35861, 4, 0, 38340, 38343, 2482, 2478, 620.50, 1
8943, 35868, 11, 0, 38344, 48320, 12452, 12441, 1132.00, 1
8944, 35874, 1, 0, 38349, 38349, 2475, 2474, 2475.00, 1
8945, 35876, 3, 0, 38350, 38352, 2476, 2473, 825.33, 1
8946, 35877, 15, 0, 38353, 48325, 12448, 12433, 829.87, 1
8947, 35878, 2, 0, 38358, 38359, 2481, 2479, 1240.50, 1
8948, 35882, 1, 0, 38360, 38360, 2478, 2477, 2478.00, 1
8949, 35885, 4, 0, 38361, 38364, 2479, 2475, 619.75, 1
8950, 35886, 8, 0, 38365, 45863, 9977, 9969, 1247.12, 1
8951, 35890, 1, 0, 38370, 38370, 2480, 2479, 2480.00, 1
8952, 35891, 3, 0, 38371, 38373, 2482, 2479, 827.33, 1
8953, 35892, 4, 0, 38374, 38377, 2485, 2481, 621.25, 1
8954, 35893, 3, 0, 38378, 38380, 2487, 2484, 829.00, 1
8955, 35900, 10, 0, 38381, 45868, 9968, 9958, 996.80, 1
8956, 35903, 3, 0, 38386, 38388, 2485, 2482, 828.33, 1
8957, 35904, 1, 0, 38389, 38389, 2485, 2484, 2485.00, 1
8958, 35907, 1, 0, 38390, 38390, 2483, 2482, 2483.00, 1
8959, 35918, 3, 0, 38391, 38393, 2475, 2472, 825.00, 1
8960, 35925, 1, 0, 38394, 38394, 2469, 2468, 2469.00, 1
8961, 35926, 5, 0, 38395, 38399, 2473, 2468, 494.60, 1
8962, 35936, 2, 0, 38400, 38401, 2465, 2463, 1232.50, 1
8963, 35937, 2, 0, 38402, 38403, 2466, 2464, 1233.00, 1
8964, 35940, 9, 0, 38404, 45872, 9932, 9923, 1103.56, 1
8965, 35947, 2, 0, 38409, 38410, 2463, 2461, 1231.50, 1
8966, 35948, 3, 0, 38411, 38413, 2465, 2462, 821.67, 1
8967, 35953, 6, 0, 38414, 45873, 9920, 9914, 1653.33, 1
8968, 35957, 6, 0, 38419, 45874, 9917, 9911, 1652.83, 1
8969, 35958, 10, 0, 38424, 45879, 9921, 9911, 992.10, 1
8970, 35961, 6, 0, 38429, 45880, 9919, 9913, 1653.17, 1
8971, 35963, 2, 0, 38434, 38435, 2472, 2470, 1236.00, 1
8972, 35965, 1, 0, 38436, 38436, 2471, 2470, 2471.00, 1
8973, 35967, 6, 0, 38437, 45881, 9914, 9908, 1652.33, 1
8974, 35969, 4, 0, 38442, 38445, 2476, 2472, 619.00, 1
8975, 35974, 2, 0, 38446, 38447, 2473, 2471, 1236.50, 1
8976, 35976, 1, 0, 38448, 38448, 2472, 2471, 2472.00, 1
8977, 35977, 10, 0, 38449, 45886, 9909, 9899, 990.90, 1
8978, 35978, 8, 0, 38454, 45889, 9911, 9903, 1238.88, 1
8979, 35980, 9, 0, 38459, 45893, 9913, 9904, 1101.44, 1
8980, 35989, 4, 0, 38464, 38467, 2478, 2474, 619.50, 1
8981, 35991, 20, 0, 38468, 49186, 13195, 13175, 659.75, 1
8982, 35992, 5, 0, 38473, 38477, 2485, 2480, 497.00, 1
8983, 35993, 3, 0, 38478, 38480, 2487, 2484, 829.00, 1
8984, 35994, 3, 0, 38481, 38483, 2489, 2486, 829.67, 1
8985, 36012, 3, 0, 38484, 38486, 2474, 2471, 824.67, 1
8986, 36029, 5, 0, 38487, 38491, 2462, 2457, 492.40, 1
8987, 36030, 2, 0, 38492, 38493, 2463, 2461, 1231.50, 1
8988, 36033, 5, 0, 38494, 38498, 2465, 2460, 493.00, 1
8989, 36034, 6, 0, 38499, 45899, 9865, 9859, 1644.17, 1
8990, 36035, 1, 0, 38504, 38504, 2469, 2468, 2469.00, 1
8991, 36036, 4, 0, 38505, 38508, 2472, 2468, 618.00, 1
8992, 36037, 6, 0, 38509, 45900, 9863, 9857, 1643.83, 1
8993, 36047, 4, 0, 38514, 38517, 2470, 2466, 617.50, 1
8994, 36048, 5, 0, 38518, 38522, 2474, 2469, 494.80, 1
8995, 36051, 2, 0, 38523, 38524, 2473, 2471, 1236.50, 1
8996, 36087, 1, 0, 38525, 38525, 2438, 2437, 2438.00, 1
8997, 36088, 3, 0, 38526, 38528, 2440, 2437, 813.33, 1
8998, 36089, 1, 0, 38529, 38529, 2440, 2439, 2440.00, 1
8999, 36090, 1, 0, 38530, 38530, 2440, 2439, 2440.00, 1
9000, 36091, 24, 0, 38531, 49466, 13375, 13351, 557.29, 1
9001, 36096, 3, 0, 38536, 38538, 2442, 2439, 814.00, 1
9002, 36102, 5, 0, 38539, 38543, 2441, 2436, 488.20, 1
9003, 36110, 3, 0, 38544, 38546, 2436, 2433, 812.00, 1
9004, 36115, 8, 0, 38547, 45908, 9793, 9785, 1224.12, 1
9005, 36117, 6, 0, 38552, 45909, 9792, 9786, 1632.00, 1
9006, 36125, 3, 0, 38557, 38559, 2434, 2431, 811.33, 1
9007, 36129, 5, 0, 38560, 38564, 2435, 2430, 487.00, 1
9008, 36133, 2, 0, 38565, 38566, 2433, 2431, 1216.50, 1
9009, 36136, 5, 0, 38567, 38571, 2435, 2430, 487.00, 1
9010, 36141, 14, 0, 38572, 48339, 12198, 12184, 871.29, 1
9011, 36142, 2, 0, 38577, 38578, 2436, 2434, 1218.00, 1
9012, 36144, 4, 0, 38579, 38582, 2438, 2434, 609.50, 1
9013, 36147, 3, 0, 38583, 38585, 2438, 2435, 812.67, 1
9014, 36148, 27, 0, 38586, 49562, 13414, 13387, 496.81, 1
9015, 36150, 26, 0, 38591, 49563, 13413, 13387, 515.88, 1
9016, 36156, 1, 0, 38596, 38596, 2440, 2439, 2440.00, 1
9017, 36162, 2, 0, 38597, 38598, 2436, 2434, 1218.00, 1
9018, 36164, 1, 0, 38599, 38599, 2435, 2434, 2435.00, 1
9019, 36165, 8, 0, 38600, 45927, 9762, 9754, 1220.25, 1
9020, 36168, 4, 0, 38605, 38608, 2440, 2436, 610.00, 1
9021, 36171, 3, 0, 38609, 38611, 2440, 2437, 813.33, 1
9022, 36172, 7, 0, 38612, 45929, 9757, 9750, 1393.86, 1
9023, 36176, 14, 0, 38617, 48353, 12177, 12163, 869.79, 1
9024, 36177, 6, 0, 38622, 45935, 9758, 9752, 1626.33, 1
9025, 36179, 8, 0, 38627, 45938, 9759, 9751, 1219.88, 1
9026, 36180, 6, 0, 38632, 45939, 9759, 9753, 1626.50, 1
9027, 36184, 5, 0, 38637, 38641, 2457, 2452, 491.40, 1
9028, 36188, 6, 0, 38642, 45940, 9752, 9746, 1625.33, 1
9029, 36193, 8, 0, 38647, 45943, 9750, 9742, 1218.75, 1
9030, 36194, 2, 0, 38652, 38653, 2459, 2457, 1229.50, 1
9031, 36200, 5, 0, 38654, 38658, 2458, 2453, 491.60, 1
9032, 36202, 4, 0, 38659, 38662, 2460, 2456, 615.00, 1
9033, 36209, 9, 0, 38663, 45947, 9738, 9729, 1082.00, 1
9034, 36210, 2, 0, 38668, 38669, 2459, 2457, 1229.50, 1
9035, 36216, 1, 0, 38670, 38670, 2454, 2453, 2454.00, 1
9036, 36219, 26, 0, 38671, 49564, 13345, 13319, 513.27, 1
9037, 36223, 7, 0, 38676, 45954, 9731, 9724, 1390.14, 1
9038, 36224, 11, 0, 38681, 48359, 12135, 12124, 1103.18, 1
9039, 36231, 18, 0, 38686, 49209, 12978, 12960, 721.00, 1
9040, 36232, 16, 0, 38691, 49210, 12978, 12962, 811.12, 1
9041, 36240, 2, 0, 38696, 38697, 2457, 2455, 1228.50, 1
9042, 36243, 3, 0, 38698, 38700, 2457, 2454, 819.00, 1
9043, 36247, 3, 0, 38701, 38703, 2456, 2453, 818.67, 1
9044, 36248, 11, 0, 38704, 48370, 12122, 12111, 1102.00, 1
9045, 36254, 6, 0, 38709, 45975, 9721, 9715, 1620.17, 1
9046, 36256, 6, 0, 38714, 45976, 9720, 9714, 1620.00, 1
9047, 36264, 3, 0, 38719, 38721, 2457, 2454, 819.00, 1
9048, 36265, 2, 0, 38722, 38723, 2458, 2456, 1229.00, 1
9049, 36267, 11, 0, 38724, 48371, 12104, 12093, 1100.36, 1
9050, 36269, 5, 0, 38729, 38733, 2464, 2459, 492.80, 1
9051, 36270, 11, 0, 38734, 48372, 12102, 12091, 1100.18, 1
9052, 36276, 7, 0, 38739, 45988, 9712, 9705, 1387.43, 1
9053, 36290, 1, 0, 38744, 38744, 2454, 2453, 2454.00, 1
9054, 36291, 1, 0, 38745, 38745, 2454, 2453, 2454.00, 1
9055, 36293, 10, 0, 38746, 45993, 9700, 9690, 970.00, 1
9056, 36296, 2, 0, 38751, 38752, 2456, 2454, 1228.00, 1
9057, 36298, 5, 0, 38753, 38757, 2459, 2454, 491.80, 1
9058, 36303, 9, 0, 38758, 45997, 9694, 9685, 1077.11, 1
9059, 36305, 3, 0, 38763, 38765, 2460, 2457, 820.00, 1
9060, 36310, 3, 0, 38766, 38768, 2458, 2455, 819.33, 1
9061, 36317, 1, 0, 38769, 38769, 2452, 2451, 2452.00, 1
9062, 36320, 12, 0, 38770, 48374, 12054, 12042, 1004.50, 1
9063, 36324, 3, 0, 38775, 38777, 2453, 2450, 817.67, 1
9064, 36326, 2, 0, 38778, 38779, 2453, 2451, 1226.50, 1
9065, 36331, 2, 0, 38780, 38781, 2450, 2448, 1225.00, 1
9066, 36333, 3, 0, 38782, 38784, 2451, 2448, 817.00, 1
9067, 36341, 2, 0, 38785, 38786, 2445, 2443, 1222.50, 1
9068, 36342, 3, 0, 38787, 38789, 2447, 2444, 815.67, 1
9069, 36345, 2, 0, 38790, 38791, 2446, 2444, 1223.00, 1
9070, 36346, 2, 0, 38792, 38793, 2447, 2445, 1223.50, 1
9071, 36349, 5, 0, 38794, 38798, 2449, 2444, 489.80, 1
9072, 36351, 1, 0, 38799, 38799, 2448, 2447, 2448.00, 1
9073, 36356, 8, 0, 38800, 46005, 9649, 9641, 1206.12, 1
9074, 36364, 14, 0, 38805, 48378, 12014, 12000, 858.14, 1
9075, 36370, 9, 0, 38810, 46014, 9644, 9635, 1071.56, 1
9076, 36376, 1, 0, 38815, 38815, 2439, 2438, 2439.00, 1
9077, 36377, 1, 0, 38816, 38816, 2439, 2438, 2439.00, 1
9078, 36382, 2, 0, 38817, 38818, 2436, 2434, 1218.00, 1
9079, 36384, 4, 0, 38819, 38822, 2438, 2434, 609.50, 1
9080, 36385, 8, 0, 38823, 46017, 9632, 9624, 1204.00, 1
9081, 36391, 2, 0, 38828, 38829, 2438, 2436, 1219.00, 1
9082, 36394, 6, 0, 38830, 46018, 9624, 9618, 1604.00, 1
9083, 36403, 1, 0, 38835, 38835, 2432, 2431, 2432.00, 1
9084, 36409, 2, 0, 38836, 38837, 2428, 2426, 1214.00, 1
9085, 36410, 3, 0, 38838, 38840, 2430, 2427, 810.00, 1
9086, 36412, 2, 0, 38841, 38842, 2430, 2428, 1215.00, 1
9087, 36415, 1, 0, 38843, 38843, 2428, 2427, 2428.00, 1
9088, 36418, 4, 0, 38844, 38847, 2429, 2425, 607.25, 1
9089, 36424, 16, 0, 38848, 49211, 12787, 12771, 799.19, 1
9090, 36429, 6, 0, 38853, 46024, 9595, 9589, 1599.17, 1
9091, 36434, 4, 0, 38858, 38861, 2427, 2423, 606.75, 1
9092, 36439, 3, 0, 38862, 38864, 2425, 2422, 808.33, 1
9093, 36443, 6, 0, 38865, 46025, 9582, 9576, 1597.00, 1
9094, 36449, 4, 0, 38870, 38873, 2424, 2420, 606.00, 1
9095, 36453, 5, 0, 38874, 38878, 2425, 2420, 485.00, 1
9096, 36455, 3, 0, 38879, 38881, 2426, 2423, 808.67, 1
9097, 36466, 1, 0, 38882, 38882, 2416, 2415, 2416.00, 1
9098, 36468, 7, 0, 38883, 46027, 9559, 9552, 1365.57, 1
9099, 36475, 1, 0, 38888, 38888, 2413, 2412, 2413.00, 1
9100, 36476, 2, 0, 38889, 38890, 2414, 2412, 1207.00, 1
9101, 36478, 12, 0, 38891, 48385, 11907, 11895, 992.25, 1
9102, 36479, 6, 0, 38896, 46033, 9554, 9548, 1592.33, 1
9103, 36480, 8, 0, 38901, 46036, 9556, 9548, 1194.50, 1
9104, 36484, 5, 0, 38906, 38910, 2426, 2421, 485.20, 1
9105, 36486, 7, 0, 38911, 46038, 9552, 9545, 1364.57, 1
9106, 36489, 1, 0, 38916, 38916, 2427, 2426, 2427.00, 1
9107, 36496, 1, 0, 38917, 38917, 2421, 2420, 2421.00, 1
9108, 36505, 7, 0, 38918, 46040, 9535, 9528, 1362.14, 1
9109, 36506, 1, 0, 38923, 38923, 2417, 2416, 2417.00, 1
9110, 36508, 6, 0, 38924, 46041, 9533, 9527, 1588.83, 1
9111, 36509, 8, 0, 38929, 46044, 9535, 9527, 1191.88, 1
9112, 36512, 2, 0, 38934, 38935, 2423, 2421, 1211.50, 1
9113, 36524, 9, 0, 38936, 46048, 9524, 9515, 1058.22, 1
9114, 36532, 3, 0, 38941, 38943, 2411, 2408, 803.67, 1
9115, 36534, 15, 0, 38944, 48390, 11856, 11841, 790.40, 1
9116, 36535, 10, 0, 38949, 46058, 9523, 9513, 952.30, 1
9117, 36536, 5, 0, 38954, 38958, 2422, 2417, 484.40, 1
9118, 36542, 1, 0, 38959, 38959, 2417, 2416, 2417.00, 1
9119, 36544, 11, 0, 38960, 48391, 11847, 11836, 1077.00, 1
9120, 36557, 3, 0, 38965, 38967, 2410, 2407, 803.33, 1
9121, 36559, 21, 0, 38968, 49482, 12923, 12902, 615.38, 1
9122, 36560, 2, 0, 38973, 38974, 2414, 2412, 1207.00, 1
9123, 36566, 3, 0, 38975, 38977, 2411, 2408, 803.67, 1
9124, 36570, 2, 0, 38978, 38979, 2409, 2407, 1204.50, 1
9125, 36572, 8, 0, 38980, 46071, 9499, 9491, 1187.38, 1
9126, 36576, 1, 0, 38985, 38985, 2409, 2408, 2409.00, 1
9127, 36578, 9, 0, 38986, 46075, 9497, 9488, 1055.22, 1
9128, 36582, 8, 0, 38991, 46078, 9496, 9488, 1187.00, 1
9129, 36588, 9, 0, 38996, 46082, 9494, 9485, 1054.89, 1
9130, 36599, 5, 0, 39001, 39005, 2406, 2401, 481.20, 1
9131, 36606, 11, 0, 39006, 48397, 11791, 11780, 1071.91, 1
9132, 36607, 5, 0, 39011, 39015, 2408, 2403, 481.60, 1
9133, 36617, 11, 0, 39016, 48398, 11781, 11770, 1071.00, 1
9134, 36618, 3, 0, 39021, 39023, 2405, 2402, 801.67, 1
9135, 36621, 2, 0, 39024, 39025, 2404, 2402, 1202.00, 1
9136, 36623, 2, 0, 39026, 39027, 2404, 2402, 1202.00, 1
9137, 36626, 4, 0, 39028, 39031, 2405, 2401, 601.25, 1
9138, 36630, 2, 0, 39032, 39033, 2403, 2401, 1201.50, 1
9139, 36632, 3, 0, 39034, 39036, 2404, 2401, 801.33, 1
9140, 36643, 1, 0, 39037, 39037, 2394, 2393, 2394.00, 1
9141, 36646, 12, 0, 39038, 48400, 11754, 11742, 979.50, 1
9142, 36654, 7, 0, 39043, 46099, 9445, 9438, 1349.29, 1
9143, 36656, 2, 0, 39048, 39049, 2393, 2391, 1196.50, 1
9144, 36659, 2, 0, 39050, 39051, 2392, 2390, 1196.00, 1
9145, 36668, 5, 0, 39052, 39056, 2388, 2383, 477.60, 1
9146, 36669, 1, 0, 39057, 39057, 2388, 2387, 2388.00, 1
9147, 36672, 3, 0, 39058, 39060, 2388, 2385, 796.00, 1
9148, 36673, 2, 0, 39061, 39062, 2389, 2387, 1194.50, 1
9149, 36674, 13, 0, 39063, 48403, 11729, 11716, 902.23, 1
9150, 36675, 1, 0, 39068, 39068, 2393, 2392, 2393.00, 1
9151, 36688, 2, 0, 39069, 39070, 2382, 2380, 1191.00, 1
9152, 36690, 5, 0, 39071, 39075, 2385, 2380, 477.00, 1
9153, 36695, 2, 0, 39076, 39077, 2382, 2380, 1191.00, 1
9154, 36700, 2, 0, 39078, 39079, 2379, 2377, 1189.50, 1
9155, 36703, 4, 0, 39080, 39083, 2380, 2376, 595.00, 1
9156, 36704, 12, 0, 39084, 48405, 11701, 11689, 975.08, 1
9157, 36716, 2, 0, 39089, 39090, 2374, 2372, 1187.00, 1
9158, 36728, 4, 0, 39091, 39094, 2366, 2362, 591.50, 1
9159, 36733, 5, 0, 39095, 39099, 2366, 2361, 473.20, 1
9160, 36734, 1, 0, 39100, 39100, 2366, 2365, 2366.00, 1
9161, 36738, 1, 0, 39101, 39101, 2363, 2362, 2363.00, 1
9162, 36747, 4, 0, 39102, 39105, 2358, 2354, 589.50, 1
9163, 36748, 12, 0, 39106, 48407, 11659, 11647, 971.58, 1
9164, 36750, 1, 0, 39111, 39111, 2361, 2360, 2361.00, 1
9165, 36754, 2, 0, 39112, 39113, 2359, 2357, 1179.50, 1
9166, 36758, 3, 0, 39114, 39116, 2358, 2355, 786.00, 1
9167, 36761, 7, 0, 39117, 46116, 9355, 9348, 1336.43, 1
9168, 36764, 2, 0, 39122, 39123, 2359, 2357, 1179.50, 1
9169, 36767, 1, 0, 39124, 39124, 2357, 2356, 2357.00, 1
9170, 36770, 4, 0, 39125, 39128, 2358, 2354, 589.50, 1
9171, 36780, 1, 0, 39129, 39129, 2349, 2348, 2349.00, 1
9172, 36783, 3, 0, 39130, 39132, 2349, 2346, 783.00, 1
9173, 36784, 7, 0, 39133, 46118, 9334, 9327, 1333.43, 1
9174, 36786, 12, 0, 39138, 48409, 11623, 11611, 968.58, 1
9175, 36788, 3, 0, 39143, 39145, 2357, 2354, 785.67, 1
9176, 36791, 1, 0, 39146, 39146, 2355, 2354, 2355.00, 1
9177, 36798, 4, 0, 39147, 39150, 2352, 2348, 588.00, 1
9178, 36800, 3, 0, 39151, 39153, 2353, 2350, 784.33, 1
9179, 36801, 14, 0, 39154, 48413, 11612, 11598, 829.43, 1
9180, 36809, 2, 0, 39159, 39160, 2351, 2349, 1175.50, 1
9181, 36810, 1, 0, 39161, 39161, 2351, 2350, 2351.00, 1
9182, 36816, 2, 0, 39162, 39163, 2347, 2345, 1173.50, 1
9183, 36818, 1, 0, 39164, 39164, 2346, 2345, 2346.00, 1
9184, 36820, 3, 0, 39165, 39167, 2347, 2344, 782.33, 1
9185, 36822, 1, 0, 39168, 39168, 2346, 2345, 2346.00, 1
9186, 36829, 2, 0, 39169, 39170, 2341, 2339, 1170.50, 1
9187, 36830, 4, 0, 39171, 39174, 2344, 2340, 586.00, 1
9188, 36832, 7, 0, 39175, 46130, 9298, 9291, 1328.29, 1
9189, 36834, 3, 0, 39180, 39182, 2348, 2345, 782.67, 1
9190, 36839, 15, 0, 39183, 48418, 11579, 11564, 771.93, 1
9191, 36842, 1, 0, 39188, 39188, 2346, 2345, 2346.00, 1
9192, 36844, 5, 0, 39189, 39193, 2349, 2344, 469.80, 1
9193, 36848, 2, 0, 39194, 39195, 2347, 2345, 1173.50, 1
9194, 36856, 3, 0, 39196, 39198, 2342, 2339, 780.67, 1
9195, 36859, 7, 0, 39199, 46137, 9278, 9271, 1325.43, 1
9196, 36862, 2, 0, 39204, 39205, 2343, 2341, 1171.50, 1
9197, 36867, 1, 0, 39206, 39206, 2339, 2338, 2339.00, 1
9198, 36875, 1, 0, 39207, 39207, 2332, 2331, 2332.00, 1
9199, 36877, 9, 0, 39208, 46141, 9264, 9255, 1029.33, 1
9200, 36880, 3, 0, 39213, 39215, 2335, 2332, 778.33, 1
9201, 36882, 1, 0, 39216, 39216, 2334, 2333, 2334.00, 1
9202, 36883, 3, 0, 39217, 39219, 2336, 2333, 778.67, 1
9203, 36888, 5, 0, 39220, 39224, 2336, 2331, 467.20, 1
9204, 36893, 1, 0, 39225, 39225, 2332, 2331, 2332.00, 1
9205, 36896, 7, 0, 39226, 46143, 9247, 9240, 1321.00, 1
9206, 36900, 2, 0, 39231, 39232, 2332, 2330, 1166.00, 1
9207, 36905, 11, 0, 39233, 48419, 11514, 11503, 1046.73, 1
9208, 36919, 6, 0, 39238, 46149, 9230, 9224, 1538.33, 1
9209, 36921, 12, 0, 39243, 48421, 11500, 11488, 958.33, 1
9210, 36925, 2, 0, 39248, 39249, 2324, 2322, 1162.00, 1
9211, 36934, 6, 0, 39250, 46155, 9221, 9215, 1536.83, 1
9212, 36935, 3, 0, 39255, 39257, 2322, 2319, 774.00, 1
9213, 36936, 13, 0, 39258, 48424, 11488, 11475, 883.69, 1
9214, 36940, 15, 0, 39263, 48429, 11489, 11474, 765.93, 1
9215, 36947, 2, 0, 39268, 39269, 2322, 2320, 1161.00, 1
9216, 36949, 6, 0, 39270, 46166, 9217, 9211, 1536.17, 1
9217, 36950, 6, 0, 39275, 46167, 9217, 9211, 1536.17, 1
9218, 36954, 4, 0, 39280, 39283, 2329, 2325, 582.25, 1
9219, 36957, 2, 0, 39284, 39285, 2328, 2326, 1164.00, 1
9220, 36961, 1, 0, 39286, 39286, 2325, 2324, 2325.00, 1
9221, 36965, 5, 0, 39287, 39291, 2326, 2321, 465.20, 1
9222, 36967, 8, 0, 39292, 46170, 9203, 9195, 1150.38, 1
9223, 36978, 9, 0, 39297, 46174, 9196, 9187, 1021.78, 1
9224, 36981, 1, 0, 39302, 39302, 2321, 2320, 2321.00, 1
9225, 36986, 6, 0, 39303, 46175, 9189, 9183, 1531.50, 1
9226, 36987, 4, 0, 39308, 39311, 2324, 2320, 581.00, 1
9227, 36995, 3, 0, 39312, 39314, 2319, 2316, 773.00, 1
9228, 36997, 2, 0, 39315, 39316, 2319, 2317, 1159.50, 1
9229, 37001, 1, 0, 39317, 39317, 2316, 2315, 2316.00, 1
9230, 37003, 3, 0, 39318, 39320, 2317, 2314, 772.33, 1
9231, 37008, 6, 0, 39321, 46176, 9168, 9162, 1528.00, 1
9232, 37010, 2, 0, 39326, 39327, 2317, 2315, 1158.50, 1
9233, 37013, 12, 0, 39328, 48431, 11418, 11406, 951.50, 1
9234, 37017, 17, 0, 39333, 49218, 12201, 12184, 717.71, 1
9235, 37022, 2, 0, 39338, 39339, 2317, 2315, 1158.50, 1
9236, 37025, 8, 0, 39340, 46189, 9164, 9156, 1145.50, 1
9237, 37027, 6, 0, 39345, 46190, 9163, 9157, 1527.17, 1
9238, 37031, 9, 0, 39350, 46194, 9163, 9154, 1018.11, 1
9239, 37032, 3, 0, 39355, 39357, 2325, 2322, 775.00, 1
9240, 37034, 2, 0, 39358, 39359, 2325, 2323, 1162.50, 1
9241, 37044, 3, 0, 39360, 39362, 2318, 2315, 772.67, 1
9242, 37050, 3, 0, 39363, 39365, 2315, 2312, 771.67, 1
9243, 37061, 3, 0, 39366, 39368, 2307, 2304, 769.00, 1
9244, 37063, 2, 0, 39369, 39370, 2307, 2305, 1153.50, 1
9245, 37065, 8, 0, 39371, 46197, 9132, 9124, 1141.50, 1
9246, 37070, 5, 0, 39376, 39380, 2310, 2305, 462.00, 1
9247, 37071, 5, 0, 39381, 39385, 2314, 2309, 462.80, 1
9248, 37073, 1, 0, 39386, 39386, 2313, 2312, 2313.00, 1
9249, 37075, 6, 0, 39387, 46198, 9123, 9117, 1520.50, 1
9250, 37077, 3, 0, 39392, 39394, 2317, 2314, 772.33, 1
9251, 37082, 3, 0, 39395, 39397, 2315, 2312, 771.67, 1
9252, 37093, 5, 0, 39398, 39402, 2309, 2304, 461.80, 1
9253, 37095, 1, 0, 39403, 39403, 2308, 2307, 2308.00, 1
9254, 37098, 6, 0, 39404, 46199, 9101, 9095, 1516.83, 1
9255, 37099, 1, 0, 39409, 39409, 2310, 2309, 2310.00, 1
9256, 37113, 8, 0, 39410, 46202, 9089, 9081, 1136.12, 1
9257, 37125, 3, 0, 39415, 39417, 2292, 2289, 764.00, 1
9258, 37157, 1, 0, 39418, 39418, 2261, 2260, 2261.00, 1
9259, 37163, 5, 0, 39419, 39423, 2260, 2255, 452.00, 1
9260, 37168, 1, 0, 39424, 39424, 2256, 2255, 2256.00, 1
9261, 37171, 2, 0, 39425, 39426, 2255, 2253, 1127.50, 1
9262, 37180, 12, 0, 39427, 48438, 11258, 11246, 938.17, 1
9263, 37181, 2, 0, 39432, 39433, 2252, 2250, 1126.00, 1
9264, 37183, 10, 0, 39434, 46212, 9029, 9019, 902.90, 1
9265, 37184, 1, 0, 39439, 39439, 2255, 2254, 2255.00, 1
9266, 37191, 3, 0, 39440, 39442, 2251, 2248, 750.33, 1
9267, 37192, 1, 0, 39443, 39443, 2251, 2250, 2251.00, 1
9268, 37201, 5, 0, 39444, 39448, 2247, 2242, 449.40, 1
9269, 37207, 9, 0, 39449, 46216, 9009, 9000, 1001.00, 1
9270, 37211, 8, 0, 39454, 46219, 9008, 9000, 1126.00, 1
9271, 37217, 9, 0, 39459, 46223, 9006, 8997, 1000.67, 1
9272, 37219, 3, 0, 39464, 39466, 2247, 2244, 749.00, 1
9273, 37222, 5, 0, 39467, 39471, 2249, 2244, 449.80, 1
9274, 37223, 1, 0, 39472, 39472, 2249, 2248, 2249.00, 1
9275, 37224, 7, 0, 39473, 46225, 9001, 8994, 1285.86, 1
9276, 37226, 7, 0, 39478, 46227, 9001, 8994, 1285.86, 1
9277, 37228, 2, 0, 39483, 39484, 2256, 2254, 1128.00, 1
9278, 37229, 1, 0, 39485, 39485, 2256, 2255, 2256.00, 1
9279, 37238, 9, 0, 39486, 46231, 8993, 8984, 999.22, 1
9280, 37240, 4, 0, 39491, 39494, 2254, 2250, 563.50, 1
9281, 37245, 17, 0, 39495, 49220, 11975, 11958, 704.41, 1
9282, 37246, 3, 0, 39500, 39502, 2256, 2253, 752.00, 1
9283, 37251, 8, 0, 39503, 46239, 8988, 8980, 1123.50, 1
9284, 37254, 2, 0, 39508, 39509, 2255, 2253, 1127.50, 1
9285, 37258, 2, 0, 39510, 39511, 2253, 2251, 1126.50, 1
9286, 37259, 6, 0, 39512, 46240, 8981, 8975, 1496.83, 1
9287, 37262, 15, 0, 39517, 48448, 11186, 11171, 745.73, 1
9288, 37263, 4, 0, 39522, 39525, 2262, 2258, 565.50, 1
9289, 37267, 2, 0, 39526, 39527, 2260, 2258, 1130.00, 1
9290, 37274, 14, 0, 39528, 48452, 11178, 11164, 798.43, 1
9291, 37276, 5, 0, 39533, 39537, 2261, 2256, 452.20, 1
9292, 37283, 2, 0, 39538, 39539, 2256, 2254, 1128.00, 1
9293, 37290, 10, 0, 39540, 46255, 8965, 8955, 896.50, 1
9294, 37296, 5, 0, 39545, 39549, 2253, 2248, 450.60, 1
9295, 37330, 1, 0, 39550, 39550, 2220, 2219, 2220.00, 1
9296, 37335, 2, 0, 39551, 39552, 2217, 2215, 1108.50, 1
9297, 37339, 1, 0, 39553, 39553, 2214, 2213, 2214.00, 1
9298, 37342, 1, 0, 39554, 39554, 2212, 2211, 2212.00, 1
9299, 37352, 2, 0, 39555, 39556, 2204, 2202, 1102.00, 1
9300, 37357, 16, 0, 39557, 49221, 11864, 11848, 741.50, 1
9301, 37363, 15, 0, 39562, 48462, 11099, 11084, 739.93, 1
9302, 37370, 4, 0, 39567, 39570, 2200, 2196, 550.00, 1
9303, 37374, 2, 0, 39571, 39572, 2198, 2196, 1099.00, 1
9304, 37376, 1, 0, 39573, 39573, 2197, 2196, 2197.00, 1
9305, 37378, 2, 0, 39574, 39575, 2197, 2195, 1098.50, 1
9306, 37381, 1, 0, 39576, 39576, 2195, 2194, 2195.00, 1
9307, 37387, 2, 0, 39577, 39578, 2191, 2189, 1095.50, 1
9308, 37388, 4, 0, 39579, 39582, 2194, 2190, 548.50, 1
9309, 37391, 6, 0, 39583, 46266, 8875, 8869, 1479.17, 1
9310, 37394, 18, 0, 39588, 49224, 11830, 11812, 657.22, 1
9311, 37405, 3, 0, 39593, 39595, 2190, 2187, 730.00, 1
9312, 37406, 4, 0, 39596, 39599, 2193, 2189, 548.25, 1
9313, 37409, 8, 0, 39600, 46274, 8865, 8857, 1108.12, 1
9314, 37415, 2, 0, 39605, 39606, 2191, 2189, 1095.50, 1
9315, 37417, 1, 0, 39607, 39607, 2190, 2189, 2190.00, 1
9316, 37418, 12, 0, 39608, 48469, 11051, 11039, 920.92, 1
9317, 37421, 1, 0, 39613, 39613, 2192, 2191, 2192.00, 1
9318, 37425, 3, 0, 39614, 39616, 2191, 2188, 730.33, 1
9319, 37429, 2, 0, 39617, 39618, 2189, 2187, 1094.50, 1
9320, 37430, 4, 0, 39619, 39622, 2192, 2188, 548.00, 1
9321, 37436, 1, 0, 39623, 39623, 2187, 2186, 2187.00, 1
9322, 37437, 9, 0, 39624, 46283, 8846, 8837, 982.89, 1
9323, 37445, 3, 0, 39629, 39631, 2186, 2183, 728.67, 1
9324, 37449, 6, 0, 39632, 46284, 8835, 8829, 1472.50, 1
9325, 37451, 7, 0, 39637, 46286, 8835, 8828, 1262.14, 1
9326, 37458, 1, 0, 39642, 39642, 2184, 2183, 2184.00, 1
9327, 37459, 3, 0, 39643, 39645, 2186, 2183, 728.67, 1
9328, 37461, 2, 0, 39646, 39647, 2186, 2184, 1093.00, 1
9329, 37464, 2, 0, 39648, 39649, 2185, 2183, 1092.50, 1
9330, 37471, 20, 0, 39650, 49229, 11758, 11738, 587.90, 1
9331, 37477, 3, 0, 39655, 39657, 2180, 2177, 726.67, 1
9332, 37478, 2, 0, 39658, 39659, 2181, 2179, 1090.50, 1
9333, 37481, 2, 0, 39660, 39661, 2180, 2178, 1090.00, 1
9334, 37486, 2, 0, 39662, 39663, 2177, 2175, 1088.50, 1
9335, 37488, 6, 0, 39664, 46292, 8804, 8798, 1467.33, 1
9336, 37492, 4, 0, 39669, 39672, 2180, 2176, 545.00, 1
9337, 37495, 1, 0, 39673, 39673, 2178, 2177, 2178.00, 1
9338, 37499, 3, 0, 39674, 39676, 2177, 2174, 725.67, 1
9339, 37500, 1, 0, 39677, 39677, 2177, 2176, 2177.00, 1
9340, 37515, 2, 0, 39678, 39679, 2164, 2162, 1082.00, 1
9341, 37519, 9, 0, 39680, 46296, 8777, 8768, 975.22, 1
9342, 37520, 1, 0, 39685, 39685, 2165, 2164, 2165.00, 1
9343, 37524, 2, 0, 39686, 39687, 2163, 2161, 1081.50, 1
9344, 37540, 2, 0, 39688, 39689, 2149, 2147, 1074.50, 1
9345, 37543, 2, 0, 39690, 39691, 2148, 2146, 1074.00, 1
9346, 37544, 1, 0, 39692, 39692, 2148, 2147, 2148.00, 1
9347, 37549, 9, 0, 39693, 46300, 8751, 8742, 972.33, 1
9348, 37552, 1, 0, 39698, 39698, 2146, 2145, 2146.00, 1
9349, 37555, 5, 0, 39699, 39703, 2148, 2143, 429.60, 1
9350, 37558, 1, 0, 39704, 39704, 2146, 2145, 2146.00, 1
9351, 37568, 2, 0, 39705, 39706, 2138, 2136, 1069.00, 1
9352, 37569, 1, 0, 39707, 39707, 2138, 2137, 2138.00, 1
9353, 37580, 5, 0, 39708, 39712, 2132, 2127, 426.40, 1
9354, 37584, 4, 0, 39713, 39716, 2132, 2128, 533.00, 1
9355, 37589, 2, 0, 39717, 39718, 2129, 2127, 1064.50, 1
9356, 37592, 3, 0, 39719, 39721, 2129, 2126, 709.67, 1
9357, 37598, 9, 0, 39722, 46304, 8706, 8697, 967.33, 1
9358, 37601, 5, 0, 39727, 39731, 2130, 2125, 426.00, 1
9359, 37603, 3, 0, 39732, 39734, 2131, 2128, 710.33, 1
9360, 37613, 4, 0, 39735, 39738, 2125, 2121, 531.25, 1
9361, 37615, 2, 0, 39739, 39740, 2125, 2123, 1062.50, 1
9362, 37616, 3, 0, 39741, 39743, 2127, 2124, 709.00, 1
9363, 37617, 9, 0, 39744, 46308, 8691, 8682, 965.67, 1
9364, 37619, 5, 0, 39749, 39753, 2134, 2129, 426.80, 1
9365, 37621, 2, 0, 39754, 39755, 2134, 2132, 1067.00, 1
9366, 37624, 2, 0, 39756, 39757, 2133, 2131, 1066.50, 1
9367, 37632, 1, 0, 39758, 39758, 2126, 2125, 2126.00, 1
9368, 37637, 5, 0, 39759, 39763, 2126, 2121, 425.20, 1
9369, 37642, 1, 0, 39764, 39764, 2122, 2121, 2122.00, 1
9370, 37643, 6, 0, 39765, 46309, 8666, 8660, 1444.33, 1
9371, 37645, 2, 0, 39770, 39771, 2126, 2124, 1063.00, 1
9372, 37647, 9, 0, 39772, 46313, 8666, 8657, 962.89, 1
9373, 37650, 4, 0, 39777, 39780, 2130, 2126, 532.50, 1
9374, 37652, 3, 0, 39781, 39783, 2131, 2128, 710.33, 1
9375, 37670, 1, 0, 39784, 39784, 2114, 2113, 2114.00, 1
9376, 37682, 5, 0, 39785, 39789, 2107, 2102, 421.40, 1
9377, 37684, 1, 0, 39790, 39790, 2106, 2105, 2106.00, 1
9378, 37692, 2, 0, 39791, 39792, 2100, 2098, 1050.00, 1
9379, 37707, 15, 0, 39793, 48479, 10772, 10757, 718.13, 1
9380, 37713, 12, 0, 39798, 48481, 10768, 10756, 897.33, 1
9381, 37717, 6, 0, 39803, 46324, 8607, 8601, 1434.50, 1
9382, 37718, 3, 0, 39808, 39810, 2092, 2089, 697.33, 1
9383, 37730, 3, 0, 39811, 39813, 2083, 2080, 694.33, 1
9384, 37740, 1, 0, 39814, 39814, 2074, 2073, 2074.00, 1
9385, 37744, 12, 0, 39815, 48483, 10739, 10727, 894.92, 1
9386, 37749, 3, 0, 39820, 39822, 2073, 2070, 691.00, 1
9387, 37755, 10, 0, 39823, 46334, 8579, 8569, 857.90, 1
9388, 37760, 2, 0, 39828, 39829, 2069, 2067, 1034.50, 1
9389, 37766, 2, 0, 39830, 39831, 2065, 2063, 1032.50, 1
9390, 37769, 2, 0, 39832, 39833, 2064, 2062, 1032.00, 1
9391, 37777, 12, 0, 39834, 48485, 10708, 10696, 892.33, 1
9392, 37784, 5, 0, 39839, 39843, 2059, 2054, 411.80, 1
9393, 37788, 1, 0, 39844, 39844, 2056, 2055, 2056.00, 1
9394, 37790, 6, 0, 39845, 46340, 8550, 8544, 1425.00, 1
9395, 37791, 3, 0, 39850, 39852, 2061, 2058, 687.00, 1
9396, 37792, 4, 0, 39853, 39856, 2064, 2060, 516.00, 1
9397, 37796, 1, 0, 39857, 39857, 2061, 2060, 2061.00, 1
9398, 37798, 5, 0, 39858, 39862, 2064, 2059, 412.80, 1
9399, 37810, 2, 0, 39863, 39864, 2054, 2052, 1027.00, 1
9400, 37812, 3, 0, 39865, 39867, 2055, 2052, 685.00, 1
9401, 37816, 5, 0, 39868, 39872, 2056, 2051, 411.20, 1
9402, 37819, 8, 0, 39873, 46343, 8524, 8516, 1065.50, 1
9403, 37820, 2, 0, 39878, 39879, 2059, 2057, 1029.50, 1
9404, 37823, 2, 0, 39880, 39881, 2058, 2056, 1029.00, 1
9405, 37828, 4, 0, 39882, 39885, 2057, 2053, 514.25, 1
9406, 37831, 8, 0, 39886, 46346, 8515, 8507, 1064.38, 1
9407, 37833, 3, 0, 39891, 39893, 2060, 2057, 686.67, 1
9408, 37844, 10, 0, 39894, 46351, 8507, 8497, 850.70, 1
9409, 37846, 11, 0, 39899, 48486, 10640, 10629, 967.27, 1
9410, 37855, 6, 0, 39904, 46357, 8502, 8496, 1417.00, 1
9411, 37858, 4, 0, 39909, 39912, 2054, 2050, 513.50, 1
9412, 37866, 4, 0, 39913, 39916, 2050, 2046, 512.50, 1
9413, 37868, 2, 0, 39917, 39918, 2050, 2048, 1025.00, 1
9414, 37870, 1, 0, 39919, 39919, 2049, 2048, 2049.00, 1
9415, 37875, 7, 0, 39920, 46359, 8484, 8477, 1212.00, 1
9416, 37881, 20, 0, 39925, 49234, 11353, 11333, 567.65, 1
9417, 37884, 11, 0, 39930, 48492, 10608, 10597, 964.36, 1
9418, 37889, 2, 0, 39935, 39936, 2047, 2045, 1023.50, 1
9419, 37891, 4, 0, 39937, 39940, 2049, 2045, 512.25, 1
9420, 37892, 2, 0, 39941, 39942, 2050, 2048, 1025.00, 1
9421, 37893, 4, 0, 39943, 39946, 2053, 2049, 513.25, 1
9422, 37894, 12, 0, 39947, 48494, 10600, 10588, 883.33, 1
9423, 37895, 18, 0, 39952, 49237, 11342, 11324, 630.11, 1
9424, 37897, 2, 0, 39957, 39958, 2061, 2059, 1030.50, 1
9425, 37898, 7, 0, 39959, 46381, 8483, 8476, 1211.86, 1
9426, 37899, 14, 0, 39964, 48503, 10604, 10590, 757.43, 1
9427, 37910, 11, 0, 39969, 48504, 10594, 10583, 963.09, 1
9428, 37911, 2, 0, 39974, 39975, 2064, 2062, 1032.00, 1
9429, 37923, 8, 0, 39976, 46394, 8471, 8463, 1058.88, 1
9430, 37930, 5, 0, 39981, 39985, 2055, 2050, 411.00, 1
9431, 37935, 1, 0, 39986, 39986, 2051, 2050, 2051.00, 1
9432, 37945, 2, 0, 39987, 39988, 2043, 2041, 1021.50, 1
9433, 37946, 2, 0, 39989, 39990, 2044, 2042, 1022.00, 1
9434, 37949, 1, 0, 39991, 39991, 2042, 2041, 2042.00, 1
9435, 37954, 6, 0, 39992, 46395, 8441, 8435, 1406.83, 1
9436, 37956, 8, 0, 39997, 46398, 8442, 8434, 1055.25, 1
9437, 37957, 5, 0, 40002, 40006, 2049, 2044, 409.80, 1
9438, 37958, 10, 0, 40007, 46403, 8445, 8435, 844.50, 1
9439, 37963, 3, 0, 40012, 40014, 2051, 2048, 683.67, 1
9440, 37966, 2, 0, 40015, 40016, 2050, 2048, 1025.00, 1
9441, 37969, 9, 0, 40017, 46407, 8438, 8429, 937.56, 1
9442, 37988, 2, 0, 40022, 40023, 2035, 2033, 1017.50, 1
9443, 38002, 1, 0, 40024, 40024, 2022, 2021, 2022.00, 1
9444, 38004, 2, 0, 40025, 40026, 2022, 2020, 1011.00, 1
9445, 38006, 8, 0, 40027, 46410, 8404, 8396, 1050.50, 1
9446, 38010, 5, 0, 40032, 40036, 2026, 2021, 405.20, 1
9447, 38011, 6, 0, 40037, 46411, 8400, 8394, 1400.00, 1
9448, 38012, 10, 0, 40042, 46416, 8404, 8394, 840.40, 1
9449, 38021, 1, 0, 40047, 40047, 2026, 2025, 2026.00, 1
9450, 38024, 8, 0, 40048, 46419, 8395, 8387, 1049.38, 1
9451, 38030, 2, 0, 40053, 40054, 2024, 2022, 1012.00, 1
9452, 38031, 1, 0, 40055, 40055, 2024, 2023, 2024.00, 1
9453, 38037, 1, 0, 40056, 40056, 2019, 2018, 2019.00, 1
9454, 38039, 6, 0, 40057, 46420, 8381, 8375, 1396.83, 1
9455, 38043, 1, 0, 40062, 40062, 2019, 2018, 2019.00, 1
9456, 38044, 4, 0, 40063, 40066, 2022, 2018, 505.50, 1
9457, 38046, 7, 0, 40067, 46422, 8376, 8369, 1196.57, 1
9458, 38049, 18, 0, 40072, 49240, 11191, 11173, 621.72, 1
9459, 38051, 4, 0, 40077, 40080, 2029, 2025, 507.25, 1
9460, 38052, 1, 0, 40081, 40081, 2029, 2028, 2029.00, 1
9461, 38054, 2, 0, 40082, 40083, 2029, 2027, 1014.50, 1
9462, 38061, 9, 0, 40084, 46431, 8370, 8361, 930.00, 1
9463, 38062, 2, 0, 40089, 40090, 2028, 2026, 1014.00, 1
9464, 38063, 1, 0, 40091, 40091, 2028, 2027, 2028.00, 1
9465, 38067, 2, 0, 40092, 40093, 2026, 2024, 1013.00, 1
9466, 38071, 23, 0, 40094, 49485, 11414, 11391, 496.26, 1
9467, 38075, 2, 0, 40099, 40100, 2025, 2023, 1012.50, 1
9468, 38076, 5, 0, 40101, 40105, 2029, 2024, 405.80, 1
9469, 38087, 8, 0, 40106, 46439, 8352, 8344, 1044.00, 1
9470, 38090, 3, 0, 40111, 40113, 2023, 2020, 674.33, 1
9471, 38094, 7, 0, 40114, 46441, 8347, 8340, 1192.43, 1
9472, 38099, 3, 0, 40119, 40121, 2022, 2019, 674.00, 1
9473, 38102, 2, 0, 40122, 40123, 2021, 2019, 1010.50, 1
9474, 38103, 4, 0, 40124, 40127, 2024, 2020, 506.00, 1
9475, 38107, 5, 0, 40128, 40132, 2025, 2020, 405.00, 1
9476, 38113, 1, 0, 40133, 40133, 2020, 2019, 2020.00, 1
9477, 38114, 5, 0, 40134, 40138, 2024, 2019, 404.80, 1
9478, 38117, 2, 0, 40139, 40140, 2023, 2021, 1011.50, 1
9479, 38120, 6, 0, 40141, 46442, 8322, 8316, 1387.00, 1
9480, 38124, 4, 0, 40146, 40149, 2025, 2021, 506.25, 1
9481, 38125, 2, 0, 40150, 40151, 2026, 2024, 1013.00, 1
9482, 38126, 3, 0, 40152, 40154, 2028, 2025, 676.00, 1
9483, 38128, 3, 0, 40155, 40157, 2029, 2026, 676.33, 1
9484, 38133, 8, 0, 40158, 46445, 8312, 8304, 1039.00, 1
9485, 38134, 2, 0, 40163, 40164, 2030, 2028, 1015.00, 1
9486, 38137, 24, 0, 40165, 49489, 11352, 11328, 473.00, 1
9487, 38146, 7, 0, 40170, 46452, 8306, 8299, 1186.57, 1
9488, 38150, 2, 0, 40175, 40176, 2026, 2024, 1013.00, 1
9489, 38152, 8, 0, 40177, 46455, 8303, 8295, 1037.88, 1
9490, 38153, 2, 0, 40182, 40183, 2030, 2028, 1015.00, 1
9491, 38154, 10, 0, 40184, 46460, 8306, 8296, 830.60, 1
9492, 38163, 6, 0, 40189, 46461, 8298, 8292, 1383.00, 1
9493, 38164, 3, 0, 40194, 40196, 2032, 2029, 677.33, 1
9494, 38174, 2, 0, 40197, 40198, 2024, 2022, 1012.00, 1
9495, 38178, 16, 0, 40199, 49251, 11073, 11057, 692.06, 1
9496, 38179, 2, 0, 40204, 40205, 2026, 2024, 1013.00, 1
9497, 38184, 6, 0, 40206, 46467, 8283, 8277, 1380.50, 1
9498, 38194, 5, 0, 40211, 40215, 2021, 2016, 404.20, 1
9499, 38197, 1, 0, 40216, 40216, 2019, 2018, 2019.00, 1
9500, 38202, 3, 0, 40217, 40219, 2017, 2014, 672.33, 1
9501, 38209, 1, 0, 40220, 40220, 2011, 2010, 2011.00, 1
9502, 38213, 2, 0, 40221, 40222, 2009, 2007, 1004.50, 1
9503, 38215, 4, 0, 40223, 40226, 2011, 2007, 502.75, 1
9504, 38221, 1, 0, 40227, 40227, 2006, 2005, 2006.00, 1
9505, 38222, 4, 0, 40228, 40231, 2009, 2005, 502.25, 1
9506, 38229, 3, 0, 40232, 40234, 2005, 2002, 668.33, 1
9507, 38231, 25, 0, 40235, 49494, 11263, 11238, 450.52, 1
9508, 38243, 2, 0, 40240, 40241, 1998, 1996, 999.00, 1
9509, 38247, 2, 0, 40242, 40243, 1996, 1994, 998.00, 1
9510, 38248, 11, 0, 40244, 48530, 10282, 10271, 934.73, 1
9511, 38249, 1, 0, 40249, 40249, 2000, 1999, 2000.00, 1
9512, 38251, 5, 0, 40250, 40254, 2003, 1998, 400.60, 1
9513, 38254, 9, 0, 40255, 46481, 8227, 8218, 914.11, 1
9514, 38255, 1, 0, 40260, 40260, 2005, 2004, 2005.00, 1
9515, 38257, 4, 0, 40261, 40264, 2007, 2003, 501.75, 1
9516, 38267, 2, 0, 40265, 40266, 1999, 1997, 999.50, 1
9517, 38271, 6, 0, 40267, 46482, 8211, 8205, 1368.50, 1
9518, 38279, 13, 0, 40272, 48533, 10254, 10241, 788.77, 1
9519, 38286, 1, 0, 40277, 40277, 1991, 1990, 1991.00, 1
9520, 38287, 2, 0, 40278, 40279, 1992, 1990, 996.00, 1
9521, 38293, 36, 0, 40280, 49610, 11317, 11281, 314.36, 1
9522, 38294, 5, 0, 40285, 40289, 1995, 1990, 399.00, 1
9523, 38295, 5, 0, 40290, 40294, 1999, 1994, 399.80, 1
9524, 38296, 4, 0, 40295, 40298, 2002, 1998, 500.50, 1
9525, 38304, 4, 0, 40299, 40302, 1998, 1994, 499.50, 1
9526, 38306, 6, 0, 40303, 46493, 8187, 8181, 1364.50, 1
9527, 38308, 12, 0, 40308, 48540, 10232, 10220, 852.67, 1
9528, 38309, 2, 0, 40313, 40314, 2005, 2003, 1002.50, 1
9529, 38327, 3, 0, 40315, 40317, 1990, 1987, 663.33, 1
9530, 38336, 2, 0, 40318, 40319, 1983, 1981, 991.50, 1
9531, 38338, 10, 0, 40320, 46503, 8165, 8155, 816.50, 1
9532, 38339, 17, 0, 40325, 49263, 10924, 10907, 642.59, 1
9533, 38345, 1, 0, 40330, 40330, 1985, 1984, 1985.00, 1
9534, 38346, 4, 0, 40331, 40334, 1988, 1984, 497.00, 1
9535, 38359, 2, 0, 40335, 40336, 1977, 1975, 988.50, 1
9536, 38367, 2, 0, 40337, 40338, 1971, 1969, 985.50, 1
9537, 38377, 1, 0, 40339, 40339, 1962, 1961, 1962.00, 1
9538, 38379, 3, 0, 40340, 40342, 1963, 1960, 654.33, 1
9539, 38381, 4, 0, 40343, 40346, 1965, 1961, 491.25, 1
9540, 38385, 2, 0, 40347, 40348, 1963, 1961, 981.50, 1
9541, 38388, 14, 0, 40349, 48549, 10161, 10147, 725.79, 1
9542, 38389, 7, 0, 40354, 46515, 8126, 8119, 1160.86, 1
9543, 38390, 3, 0, 40359, 40361, 1971, 1968, 657.00, 1
9544, 38393, 1, 0, 40362, 40362, 1969, 1968, 1969.00, 1
9545, 38397, 1, 0, 40363, 40363, 1966, 1965, 1966.00, 1
9546, 38399, 5, 0, 40364, 40368, 1969, 1964, 393.80, 1
9547, 38400, 1, 0, 40369, 40369, 1969, 1968, 1969.00, 1
9548, 38403, 1, 0, 40370, 40370, 1967, 1966, 1967.00, 1
9549, 38404, 1, 0, 40371, 40371, 1967, 1966, 1967.00, 1
9550, 38407, 5, 0, 40372, 40376, 1969, 1964, 393.80, 1
9551, 38409, 11, 0, 40377, 48550, 10141, 10130, 921.91, 1
9552, 38416, 2, 0, 40382, 40383, 1967, 1965, 983.50, 1
9553, 38417, 12, 0, 40384, 48552, 10135, 10123, 844.58, 1
9554, 38418, 5, 0, 40389, 40393, 1975, 1970, 395.00, 1
9555, 38424, 3, 0, 40394, 40396, 1972, 1969, 657.33, 1
9556, 38425, 1, 0, 40397, 40397, 1972, 1971, 1972.00, 1
9557, 38426, 4, 0, 40398, 40401, 1975, 1971, 493.75, 1
9558, 38433, 8, 0, 40402, 46528, 8095, 8087, 1011.88, 1
9559, 38438, 5, 0, 40407, 40411, 1973, 1968, 394.60, 1
9560, 38443, 1, 0, 40412, 40412, 1969, 1968, 1969.00, 1
9561, 38447, 11, 0, 40413, 48553, 10106, 10095, 918.73, 1
9562, 38449, 8, 0, 40418, 46536, 8087, 8079, 1010.88, 1
9563, 38452, 2, 0, 40423, 40424, 1972, 1970, 986.00, 1
9564, 38453, 6, 0, 40425, 46537, 8084, 8078, 1347.33, 1
9565, 38454, 5, 0, 40430, 40434, 1980, 1975, 396.00, 1
9566, 38455, 4, 0, 40435, 40438, 1983, 1979, 495.75, 1
9567, 38462, 1, 0, 40439, 40439, 1977, 1976, 1977.00, 1
9568, 38465, 1, 0, 40440, 40440, 1975, 1974, 1975.00, 1
9569, 38472, 1, 0, 40441, 40441, 1969, 1968, 1969.00, 1
9570, 38473, 1, 0, 40442, 40442, 1969, 1968, 1969.00, 1
9571, 38475, 2, 0, 40443, 40444, 1969, 1967, 984.50, 1
9572, 38477, 1, 0, 40445, 40445, 1968, 1967, 1968.00, 1
9573, 38479, 3, 0, 40446, 40448, 1969, 1966, 656.33, 1
9574, 38480, 4, 0, 40449, 40452, 1972, 1968, 493.00, 1
9575, 38481, 3, 0, 40453, 40455, 1974, 1971, 658.00, 1
9576, 38482, 3, 0, 40456, 40458, 1976, 1973, 658.67, 1
9577, 38484, 3, 0, 40459, 40461, 1977, 1974, 659.00, 1
9578, 38488, 2, 0, 40462, 40463, 1975, 1973, 987.50, 1
9579, 38489, 5, 0, 40464, 40468, 1979, 1974, 395.80, 1
9580, 38490, 2, 0, 40469, 40470, 1980, 1978, 990.00, 1
9581, 38491, 3, 0, 40471, 40473, 1982, 1979, 660.67, 1
9582, 38497, 4, 0, 40474, 40477, 1980, 1976, 495.00, 1
9583, 38499, 6, 0, 40478, 46538, 8039, 8033, 1339.83, 1
9584, 38502, 3, 0, 40483, 40485, 1983, 1980, 661.00, 1
9585, 38505, 8, 0, 40486, 46541, 8036, 8028, 1004.50, 1
9586, 38508, 1, 0, 40491, 40491, 1983, 1982, 1983.00, 1
9587, 38511, 11, 0, 40492, 48554, 10043, 10032, 913.00, 1
9588, 38512, 6, 0, 40497, 46547, 8035, 8029, 1339.17, 1
9589, 38522, 4, 0, 40502, 40505, 1983, 1979, 495.75, 1
9590, 38527, 5, 0, 40506, 40510, 1983, 1978, 396.60, 1
9591, 38533, 7, 0, 40511, 46549, 8016, 8009, 1145.14, 1
9592, 38537, 8, 0, 40516, 46552, 8015, 8007, 1001.88, 1
9593, 38538, 2, 0, 40521, 40522, 1984, 1982, 992.00, 1
9594, 38539, 10, 0, 40523, 46557, 8018, 8008, 801.80, 1
9595, 38541, 9, 0, 40528, 46561, 8020, 8011, 891.11, 1
9596, 38547, 1, 0, 40533, 40533, 1986, 1985, 1986.00, 1
9597, 38551, 7, 0, 40534, 46563, 8012, 8005, 1144.57, 1
9598, 38560, 32, 0, 40539, 49602, 11042, 11010, 345.06, 1
9599, 38564, 2, 0, 40544, 40545, 1981, 1979, 990.50, 1
9600, 38580, 4, 0, 40546, 40549, 1969, 1965, 492.25, 1
9601, 38582, 2, 0, 40550, 40551, 1969, 1967, 984.50, 1
9602, 38584, 3, 0, 40552, 40554, 1970, 1967, 656.67, 1
9603, 38588, 1, 0, 40555, 40555, 1967, 1966, 1967.00, 1
9604, 38595, 1, 0, 40556, 40556, 1961, 1960, 1961.00, 1
9605, 38599, 3, 0, 40557, 40559, 1960, 1957, 653.33, 1
9606, 38602, 1, 0, 40560, 40560, 1958, 1957, 1958.00, 1
9607, 38604, 8, 0, 40561, 46571, 7967, 7959, 995.88, 1
9608, 38610, 1, 0, 40566, 40566, 1956, 1955, 1956.00, 1
9609, 38611, 7, 0, 40567, 46573, 7962, 7955, 1137.43, 1
9610, 38615, 7, 0, 40572, 46575, 7960, 7953, 1137.14, 1
9611, 38616, 1, 0, 40577, 40577, 1961, 1960, 1961.00, 1
9612, 38617, 3, 0, 40578, 40580, 1963, 1960, 654.33, 1
9613, 38619, 2, 0, 40581, 40582, 1963, 1961, 981.50, 1
9614, 38631, 7, 0, 40583, 46577, 7946, 7939, 1135.14, 1
9615, 38632, 3, 0, 40588, 40590, 1958, 1955, 652.67, 1
9616, 38633, 1, 0, 40591, 40591, 1958, 1957, 1958.00, 1
9617, 38635, 5, 0, 40592, 40596, 1961, 1956, 392.20, 1
9618, 38650, 3, 0, 40597, 40599, 1949, 1946, 649.67, 1
9619, 38657, 2, 0, 40600, 40601, 1944, 1942, 972.00, 1
9620, 38661, 8, 0, 40602, 46580, 7919, 7911, 989.88, 1
9621, 38673, 2, 0, 40607, 40608, 1935, 1933, 967.50, 1
9622, 38680, 1, 0, 40609, 40609, 1929, 1928, 1929.00, 1
9623, 38686, 1, 0, 40610, 40610, 1924, 1923, 1924.00, 1
9624, 38687, 17, 0, 40611, 49270, 10583, 10566, 622.53, 1
9625, 38689, 2, 0, 40616, 40617, 1928, 1926, 964.00, 1
9626, 38691, 1, 0, 40618, 40618, 1927, 1926, 1927.00, 1
9627, 38693, 9, 0, 40619, 46589, 7896, 7887, 877.33, 1
9628, 38694, 5, 0, 40624, 40628, 1934, 1929, 386.80, 1
9629, 38696, 3, 0, 40629, 40631, 1935, 1932, 645.00, 1
9630, 38698, 2, 0, 40632, 40633, 1935, 1933, 967.50, 1
9631, 38699, 10, 0, 40634, 46594, 7895, 7885, 789.50, 1
9632, 38701, 1, 0, 40639, 40639, 1938, 1937, 1938.00, 1
9633, 38702, 1, 0, 40640, 40640, 1938, 1937, 1938.00, 1
9634, 38703, 2, 0, 40641, 40642, 1939, 1937, 969.50, 1
9635, 38706, 2, 0, 40643, 40644, 1938, 1936, 969.00, 1
9636, 38714, 5, 0, 40645, 40649, 1935, 1930, 387.00, 1
9637, 38715, 4, 0, 40650, 40653, 1938, 1934, 484.50, 1
9638, 38718, 3, 0, 40654, 40656, 1938, 1935, 646.00, 1
9639, 38722, 1, 0, 40657, 40657, 1935, 1934, 1935.00, 1
9640, 38731, 1, 0, 40658, 40658, 1927, 1926, 1927.00, 1
9641, 38737, 1, 0, 40659, 40659, 1922, 1921, 1922.00, 1
9642, 38738, 2, 0, 40660, 40661, 1923, 1921, 961.50, 1
9643, 38744, 13, 0, 40662, 48567, 9823, 9810, 755.62, 1
9644, 38746, 3, 0, 40667, 40669, 1923, 1920, 641.00, 1
9645, 38747, 5, 0, 40670, 40674, 1927, 1922, 385.40, 1
9646, 38748, 1, 0, 40675, 40675, 1927, 1926, 1927.00, 1
9647, 38751, 3, 0, 40676, 40678, 1927, 1924, 642.33, 1
9648, 38753, 5, 0, 40679, 40683, 1930, 1925, 386.00, 1
9649, 38759, 4, 0, 40684, 40687, 1928, 1924, 482.00, 1
9650, 38762, 17, 0, 40688, 49272, 10510, 10493, 618.24, 1
9651, 38766, 2, 0, 40693, 40694, 1928, 1926, 964.00, 1
9652, 38767, 3, 0, 40695, 40697, 1930, 1927, 643.33, 1
9653, 38773, 5, 0, 40698, 40702, 1929, 1924, 385.80, 1
9654, 38775, 2, 0, 40703, 40704, 1929, 1927, 964.50, 1
9655, 38791, 4, 0, 40705, 40708, 1917, 1913, 479.25, 1
9656, 38794, 4, 0, 40709, 40712, 1918, 1914, 479.50, 1
9657, 38796, 5, 0, 40713, 40717, 1921, 1916, 384.20, 1
9658, 38799, 19, 0, 40718, 49276, 10477, 10458, 551.42, 1
9659, 38803, 3, 0, 40723, 40725, 1922, 1919, 640.67, 1
9660, 38809, 1, 0, 40726, 40726, 1917, 1916, 1917.00, 1
9661, 38811, 14, 0, 40727, 48581, 9770, 9756, 697.86, 1
9662, 38818, 5, 0, 40732, 40736, 1918, 1913, 383.60, 1
9663, 38823, 4, 0, 40737, 40740, 1917, 1913, 479.25, 1
9664, 38825, 5, 0, 40741, 40745, 1920, 1915, 384.00, 1
9665, 38826, 3, 0, 40746, 40748, 1922, 1919, 640.67, 1
9666, 38832, 6, 0, 40749, 46615, 7783, 7777, 1297.17, 1
9667, 38834, 4, 0, 40754, 40757, 1923, 1919, 480.75, 1
9668, 38836, 29, 0, 40758, 49578, 10742, 10713, 370.41, 1
9669, 38837, 5, 0, 40763, 40767, 1930, 1925, 386.00, 1
9670, 38838, 19, 0, 40768, 49285, 10447, 10428, 549.84, 1
9671, 38842, 6, 0, 40773, 46626, 7784, 7778, 1297.33, 1
9672, 38849, 2, 0, 40778, 40779, 1930, 1928, 965.00, 1
9673, 38855, 4, 0, 40780, 40783, 1928, 1924, 482.00, 1
9674, 38857, 1, 0, 40784, 40784, 1927, 1926, 1927.00, 1
9675, 38871, 10, 0, 40785, 46631, 7760, 7750, 776.00, 1
9676, 38873, 1, 0, 40790, 40790, 1917, 1916, 1917.00, 1
9677, 38882, 1, 0, 40791, 40791, 1909, 1908, 1909.00, 1
9678, 38883, 6, 0, 40792, 46632, 7749, 7743, 1291.50, 1
9679, 38890, 1, 0, 40797, 40797, 1907, 1906, 1907.00, 1
9680, 38891, 2, 0, 40798, 40799, 1908, 1906, 954.00, 1
9681, 38893, 2, 0, 40800, 40801, 1908, 1906, 954.00, 1
9682, 38894, 3, 0, 40802, 40804, 1910, 1907, 636.67, 1
9683, 38898, 6, 0, 40805, 46633, 7735, 7729, 1289.17, 1
9684, 38904, 2, 0, 40810, 40811, 1907, 1905, 953.50, 1
9685, 38905, 3, 0, 40812, 40814, 1909, 1906, 636.33, 1
9686, 38914, 4, 0, 40815, 40818, 1904, 1900, 476.00, 1
9687, 38915, 11, 0, 40819, 48592, 9677, 9666, 879.73, 1
9688, 38919, 3, 0, 40824, 40826, 1907, 1904, 635.67, 1
9689, 38920, 13, 0, 40827, 48595, 9675, 9662, 744.23, 1
9690, 38921, 2, 0, 40832, 40833, 1912, 1910, 956.00, 1
9691, 38927, 8, 0, 40834, 46646, 7719, 7711, 964.88, 1
9692, 38931, 11, 0, 40839, 48596, 9665, 9654, 878.64, 1
9693, 38932, 3, 0, 40844, 40846, 1914, 1911, 638.00, 1
9694, 38933, 2, 0, 40847, 40848, 1915, 1913, 957.50, 1
9695, 38943, 4, 0, 40849, 40852, 1909, 1905, 477.25, 1
9696, 38945, 14, 0, 40853, 48600, 9655, 9641, 689.64, 1
9697, 38950, 11, 0, 40858, 48601, 9651, 9640, 877.36, 1
9698, 38959, 7, 0, 40863, 46663, 7704, 7697, 1100.57, 1
9699, 38960, 14, 0, 40868, 48605, 9645, 9631, 688.93, 1
9700, 38961, 7, 0, 40873, 46670, 7709, 7702, 1101.29, 1
9701, 38962, 4, 0, 40878, 40881, 1919, 1915, 479.75, 1
9702, 38974, 6, 0, 40882, 46671, 7697, 7691, 1282.83, 1
9703, 38982, 1, 0, 40887, 40887, 1905, 1904, 1905.00, 1
9704, 38984, 1, 0, 40888, 40888, 1904, 1903, 1904.00, 1
9705, 38985, 5, 0, 40889, 40893, 1908, 1903, 381.60, 1
9706, 38989, 14, 0, 40894, 48609, 9620, 9606, 687.14, 1
9707, 38990, 18, 0, 40899, 49288, 10298, 10280, 572.11, 1
9708, 38994, 3, 0, 40904, 40906, 1912, 1909, 637.33, 1
9709, 38995, 4, 0, 40907, 40910, 1915, 1911, 478.75, 1
9710, 39001, 1, 0, 40911, 40911, 1910, 1909, 1910.00, 1
9711, 39004, 10, 0, 40912, 46686, 7682, 7672, 768.20, 1
9712, 39008, 8, 0, 40917, 46689, 7681, 7673, 960.12, 1
9713, 39011, 1, 0, 40922, 40922, 1911, 1910, 1911.00, 1
9714, 39013, 1, 0, 40923, 40923, 1910, 1909, 1910.00, 1
9715, 39014, 8, 0, 40924, 46692, 7678, 7670, 959.75, 1
9716, 39016, 10, 0, 40929, 46697, 7681, 7671, 768.10, 1
9717, 39017, 2, 0, 40934, 40935, 1918, 1916, 959.00, 1
9718, 39019, 2, 0, 40936, 40937, 1918, 1916, 959.00, 1
9719, 39021, 2, 0, 40938, 40939, 1918, 1916, 959.00, 1
9720, 39031, 1, 0, 40940, 40940, 1909, 1908, 1909.00, 1
9721, 39033, 3, 0, 40941, 40943, 1910, 1907, 636.67, 1
9722, 39035, 4, 0, 40944, 40947, 1912, 1908, 478.00, 1
9723, 39038, 5, 0, 40948, 40952, 1914, 1909, 382.80, 1
9724, 39042, 8, 0, 40953, 46700, 7658, 7650, 957.25, 1
9725, 39050, 17, 0, 40958, 49290, 10240, 10223, 602.35, 1
9726, 39053, 4, 0, 40963, 40966, 1913, 1909, 478.25, 1
9727, 39059, 10, 0, 40967, 46710, 7651, 7641, 765.10, 1
9728, 39060, 7, 0, 40972, 46712, 7652, 7645, 1093.14, 1
9729, 39065, 17, 0, 40977, 49292, 10227, 10210, 601.59, 1
9730, 39075, 3, 0, 40982, 40984, 1909, 1906, 636.33, 1
9731, 39077, 4, 0, 40985, 40988, 1911, 1907, 477.75, 1
9732, 39079, 9, 0, 40989, 46721, 7642, 7633, 849.11, 1
9733, 39082, 2, 0, 40994, 40995, 1913, 1911, 956.50, 1
9734, 39083, 1, 0, 40996, 40996, 1913, 1912, 1913.00, 1
9735, 39091, 3, 0, 40997, 40999, 1908, 1905, 636.00, 1
9736, 39092, 2, 0, 41000, 41001, 1909, 1907, 954.50, 1
9737, 39095, 1, 0, 41002, 41002, 1907, 1906, 1907.00, 1
9738, 39099, 2, 0, 41003, 41004, 1905, 1903, 952.50, 1
9739, 39100, 5, 0, 41005, 41009, 1909, 1904, 381.80, 1
9740, 39103, 5, 0, 41010, 41014, 1911, 1906, 382.20, 1
9741, 39109, 3, 0, 41015, 41017, 1908, 1905, 636.00, 1
9742, 39113, 3, 0, 41018, 41020, 1907, 1904, 635.67, 1
9743, 39114, 1, 0, 41021, 41021, 1907, 1906, 1907.00, 1
9744, 39116, 2, 0, 41022, 41023, 1907, 1905, 953.50, 1
9745, 39119, 10, 0, 41024, 46726, 7607, 7597, 760.70, 1
9746, 39121, 1, 0, 41029, 41029, 1908, 1907, 1908.00, 1
9747, 39126, 2, 0, 41030, 41031, 1905, 1903, 952.50, 1
9748, 39128, 3, 0, 41032, 41034, 1906, 1903, 635.33, 1
9749, 39131, 6, 0, 41035, 46727, 7596, 7590, 1266.00, 1
9750, 39133, 2, 0, 41040, 41041, 1908, 1906, 954.00, 1
9751, 39135, 6, 0, 41042, 46728, 7593, 7587, 1265.50, 1
9752, 39138, 1, 0, 41047, 41047, 1909, 1908, 1909.00, 1
9753, 39140, 8, 0, 41048, 46731, 7591, 7583, 948.88, 1
9754, 39147, 4, 0, 41053, 41056, 1909, 1905, 477.25, 1
9755, 39148, 3, 0, 41057, 41059, 1911, 1908, 637.00, 1
9756, 39153, 5, 0, 41060, 41064, 1911, 1906, 382.20, 1
9757, 39154, 6, 0, 41065, 46732, 7578, 7572, 1263.00, 1
9758, 39162, 1, 0, 41070, 41070, 1908, 1907, 1908.00, 1
9759, 39164, 2, 0, 41071, 41072, 1908, 1906, 954.00, 1
9760, 39167, 1, 0, 41073, 41073, 1906, 1905, 1906.00, 1
9761, 39168, 5, 0, 41074, 41078, 1910, 1905, 382.00, 1
9762, 39171, 2, 0, 41079, 41080, 1909, 1907, 954.50, 1
9763, 39172, 5, 0, 41081, 41085, 1913, 1908, 382.60, 1
9764, 39173, 1, 0, 41086, 41086, 1913, 1912, 1913.00, 1
9765, 39176, 11, 0, 41087, 48625, 9449, 9438, 859.00, 1
9766, 39184, 5, 0, 41092, 41096, 1912, 1907, 382.40, 1
9767, 39188, 11, 0, 41097, 48626, 9438, 9427, 858.00, 1
9768, 39193, 1, 0, 41102, 41102, 1909, 1908, 1909.00, 1
9769, 39202, 4, 0, 41103, 41106, 1904, 1900, 476.00, 1
9770, 39203, 4, 0, 41107, 41110, 1907, 1903, 476.75, 1
9771, 39205, 1, 0, 41111, 41111, 1906, 1905, 1906.00, 1
9772, 39207, 13, 0, 41112, 48629, 9422, 9409, 724.77, 1
9773, 39209, 5, 0, 41117, 41121, 1912, 1907, 382.40, 1
9774, 39210, 10, 0, 41122, 46752, 7542, 7532, 754.20, 1
9775, 39214, 4, 0, 41127, 41130, 1916, 1912, 479.00, 1
9776, 39215, 6, 0, 41131, 46753, 7538, 7532, 1256.33, 1
9777, 39216, 2, 0, 41136, 41137, 1921, 1919, 960.50, 1
9778, 39224, 8, 0, 41138, 46756, 7532, 7524, 941.50, 1
9779, 39228, 1, 0, 41143, 41143, 1915, 1914, 1915.00, 1
9780, 39233, 7, 0, 41144, 46758, 7525, 7518, 1075.00, 1
9781, 39236, 1, 0, 41149, 41149, 1913, 1912, 1913.00, 1
9782, 39237, 7, 0, 41150, 46760, 7523, 7516, 1074.71, 1
9783, 39246, 2, 0, 41155, 41156, 1910, 1908, 955.00, 1
9784, 39248, 7, 0, 41157, 46762, 7514, 7507, 1073.43, 1
9785, 39257, 3, 0, 41162, 41164, 1907, 1904, 635.67, 1
9786, 39259, 2, 0, 41165, 41166, 1907, 1905, 953.50, 1
9787, 39264, 18, 0, 41167, 49295, 10031, 10013, 557.28, 1
9788, 39266, 5, 0, 41172, 41176, 1910, 1905, 382.00, 1
9789, 39269, 1, 0, 41177, 41177, 1908, 1907, 1908.00, 1
9790, 39270, 2, 0, 41178, 41179, 1909, 1907, 954.50, 1
9791, 39271, 4, 0, 41180, 41183, 1912, 1908, 478.00, 1
9792, 39288, 1, 0, 41184, 41184, 1896, 1895, 1896.00, 1
9793, 39291, 8, 0, 41185, 46770, 7479, 7471, 934.88, 1
9794, 39299, 1, 0, 41190, 41190, 1891, 1890, 1891.00, 1
9795, 39301, 3, 0, 41191, 41193, 1892, 1889, 630.67, 1
9796, 39303, 5, 0, 41194, 41198, 1895, 1890, 379.00, 1
9797, 39304, 2, 0, 41199, 41200, 1896, 1894, 948.00, 1
9798, 39308, 2, 0, 41201, 41202, 1894, 1892, 947.00, 1
9799, 39309, 1, 0, 41203, 41203, 1894, 1893, 1894.00, 1
9800, 39311, 1, 0, 41204, 41204, 1893, 1892, 1893.00, 1
9801, 39315, 1, 0, 41205, 41205, 1890, 1889, 1890.00, 1
9802, 39320, 9, 0, 41206, 46774, 7454, 7445, 828.22, 1
9803, 39326, 5, 0, 41211, 41215, 1889, 1884, 377.80, 1
9804, 39332, 23, 0, 41216, 49512, 10180, 10157, 442.61, 1
9805, 39335, 6, 0, 41221, 46780, 7445, 7439, 1240.83, 1
9806, 39345, 1, 0, 41226, 41226, 1881, 1880, 1881.00, 1
9807, 39350, 9, 0, 41227, 46784, 7434, 7425, 826.00, 1
9808, 39355, 1, 0, 41232, 41232, 1877, 1876, 1877.00, 1
9809, 39357, 9, 0, 41233, 46788, 7431, 7422, 825.67, 1
9810, 39360, 5, 0, 41238, 41242, 1882, 1877, 376.40, 1
9811, 39368, 9, 0, 41243, 46792, 7424, 7415, 824.89, 1
9812, 39369, 7, 0, 41248, 46794, 7425, 7418, 1060.71, 1
9813, 39376, 1, 0, 41253, 41253, 1877, 1876, 1877.00, 1
9814, 39381, 1, 0, 41254, 41254, 1873, 1872, 1873.00, 1
9815, 39383, 6, 0, 41255, 46795, 7412, 7406, 1235.33, 1
9816, 39386, 1, 0, 41260, 41260, 1874, 1873, 1874.00, 1
9817, 39395, 2, 0, 41261, 41262, 1867, 1865, 933.50, 1
9818, 39396, 1, 0, 41263, 41263, 1867, 1866, 1867.00, 1
9819, 39401, 1, 0, 41264, 41264, 1863, 1862, 1863.00, 1
9820, 39406, 12, 0, 41265, 48641, 9235, 9223, 769.58, 1
9821, 39408, 11, 0, 41270, 48642, 9234, 9223, 839.45, 1
9822, 39409, 1, 0, 41275, 41275, 1866, 1865, 1866.00, 1
9823, 39415, 2, 0, 41276, 41277, 1862, 1860, 931.00, 1
9824, 39417, 18, 0, 41278, 49303, 9886, 9868, 549.22, 1
9825, 39419, 1, 0, 41283, 41283, 1864, 1863, 1864.00, 1
9826, 39420, 15, 0, 41284, 48652, 9232, 9217, 615.47, 1
9827, 39422, 15, 0, 41289, 48657, 9235, 9220, 615.67, 1
9828, 39423, 1, 0, 41294, 41294, 1871, 1870, 1871.00, 1
9829, 39428, 3, 0, 41295, 41297, 1869, 1866, 623.00, 1
9830, 39433, 5, 0, 41298, 41302, 1869, 1864, 373.80, 1
9831, 39438, 2, 0, 41303, 41304, 1866, 1864, 933.00, 1
9832, 39442, 7, 0, 41305, 46822, 7380, 7373, 1054.29, 1
9833, 39443, 2, 0, 41310, 41311, 1868, 1866, 934.00, 1
9834, 39444, 3, 0, 41312, 41314, 1870, 1867, 623.33, 1
9835, 39449, 1, 0, 41315, 41315, 1866, 1865, 1866.00, 1
9836, 39455, 4, 0, 41316, 41319, 1864, 1860, 466.00, 1
9837, 39468, 1, 0, 41320, 41320, 1852, 1851, 1852.00, 1
9838, 39470, 8, 0, 41321, 46825, 7355, 7347, 919.38, 1
9839, 39471, 15, 0, 41326, 48662, 9191, 9176, 612.73, 1
9840, 39472, 4, 0, 41331, 41334, 1862, 1858, 465.50, 1
9841, 39478, 1, 0, 41335, 41335, 1857, 1856, 1857.00, 1
9842, 39484, 4, 0, 41336, 41339, 1855, 1851, 463.75, 1
9843, 39488, 4, 0, 41340, 41343, 1855, 1851, 463.75, 1
9844, 39491, 7, 0, 41344, 46832, 7341, 7334, 1048.71, 1
9845, 39494, 5, 0, 41349, 41353, 1859, 1854, 371.80, 1
9846, 39495, 1, 0, 41354, 41354, 1859, 1858, 1859.00, 1
9847, 39497, 3, 0, 41355, 41357, 1860, 1857, 620.00, 1
9848, 39501, 3, 0, 41358, 41360, 1859, 1856, 619.67, 1
9849, 39503, 4, 0, 41361, 41364, 1861, 1857, 465.25, 1
9850, 39515, 1, 0, 41365, 41365, 1850, 1849, 1850.00, 1
9851, 39521, 7, 0, 41366, 46834, 7313, 7306, 1044.71, 1
9852, 39530, 1, 0, 41371, 41371, 1841, 1840, 1841.00, 1
9853, 39536, 3, 0, 41372, 41374, 1838, 1835, 612.67, 1
9854, 39537, 9, 0, 41375, 46838, 7301, 7292, 811.22, 1
9855, 39553, 2, 0, 41380, 41381, 1828, 1826, 914.00, 1
9856, 39556, 3, 0, 41382, 41384, 1828, 1825, 609.33, 1
9857, 39560, 8, 0, 41385, 46841, 7281, 7273, 910.12, 1
9858, 39561, 5, 0, 41390, 41394, 1833, 1828, 366.60, 1
9859, 39572, 1, 0, 41395, 41395, 1823, 1822, 1823.00, 1
9860, 39573, 3, 0, 41396, 41398, 1825, 1822, 608.33, 1
9861, 39577, 6, 0, 41399, 46842, 7265, 7259, 1210.83, 1
9862, 39578, 12, 0, 41404, 48664, 9086, 9074, 757.17, 1
9863, 39580, 2, 0, 41409, 41410, 1830, 1828, 915.00, 1
9864, 39583, 2, 0, 41411, 41412, 1829, 1827, 914.50, 1
9865, 39584, 20, 0, 41413, 49308, 9724, 9704, 486.20, 1
9866, 39590, 4, 0, 41418, 41421, 1831, 1827, 457.75, 1
9867, 39608, 1, 0, 41422, 41422, 1814, 1813, 1814.00, 1
9868, 39611, 2, 0, 41423, 41424, 1813, 1811, 906.50, 1
9869, 39616, 3, 0, 41425, 41427, 1811, 1808, 603.67, 1
9870, 39618, 2, 0, 41428, 41429, 1811, 1809, 905.50, 1
9871, 39619, 9, 0, 41430, 46856, 7237, 7228, 804.11, 1
9872, 39637, 9, 0, 41435, 46860, 7223, 7214, 802.56, 1
9873, 39638, 2, 0, 41440, 41441, 1803, 1801, 901.50, 1
9874, 39642, 11, 0, 41442, 48670, 9028, 9017, 820.73, 1
9875, 39648, 2, 0, 41447, 41448, 1800, 1798, 900.00, 1
9876, 39653, 5, 0, 41449, 41453, 1800, 1795, 360.00, 1
9877, 39655, 8, 0, 41454, 46868, 7213, 7205, 901.62, 1
9878, 39659, 5, 0, 41459, 41463, 1804, 1799, 360.80, 1
9879, 39660, 8, 0, 41464, 46871, 7211, 7203, 901.38, 1
9880, 39664, 3, 0, 41469, 41471, 1807, 1804, 602.33, 1
9881, 39671, 3, 0, 41472, 41474, 1803, 1800, 601.00, 1
9882, 39678, 1, 0, 41475, 41475, 1797, 1796, 1797.00, 1
9883, 39693, 2, 0, 41476, 41477, 1784, 1782, 892.00, 1
9884, 39694, 1, 0, 41478, 41478, 1784, 1783, 1784.00, 1
9885, 39695, 1, 0, 41479, 41479, 1784, 1783, 1784.00, 1
9886, 39699, 2, 0, 41480, 41481, 1782, 1780, 891.00, 1
9887, 39709, 19, 0, 41482, 49312, 9603, 9584, 505.42, 1
9888, 39711, 9, 0, 41487, 46880, 7169, 7160, 796.56, 1
9889, 39723, 4, 0, 41492, 41495, 1772, 1768, 443.00, 1
9890, 39725, 1, 0, 41496, 41496, 1771, 1770, 1771.00, 1
9891, 39728, 1, 0, 41497, 41497, 1769, 1768, 1769.00, 1
9892, 39732, 7, 0, 41498, 46882, 7150, 7143, 1021.43, 1
9893, 39733, 7, 0, 41503, 46884, 7151, 7144, 1021.57, 1
9894, 39734, 1, 0, 41508, 41508, 1774, 1773, 1774.00, 1
9895, 39750, 3, 0, 41509, 41511, 1761, 1758, 587.00, 1
9896, 39753, 5, 0, 41512, 41516, 1763, 1758, 352.60, 1
9897, 39754, 3, 0, 41517, 41519, 1765, 1762, 588.33, 1
9898, 39755, 1, 0, 41520, 41520, 1765, 1764, 1765.00, 1
9899, 39757, 1, 0, 41521, 41521, 1764, 1763, 1764.00, 1
9900, 39763, 6, 0, 41522, 46885, 7122, 7116, 1187.00, 1
9901, 39778, 1, 0, 41527, 41527, 1749, 1748, 1749.00, 1
9902, 39788, 8, 0, 41528, 46888, 7100, 7092, 887.50, 1
9903, 39790, 19, 0, 41533, 49316, 9526, 9507, 501.37, 1
9904, 39791, 2, 0, 41538, 41539, 1748, 1746, 874.00, 1
9905, 39796, 4, 0, 41540, 41543, 1747, 1743, 436.75, 1
9906, 39799, 6, 0, 41544, 46894, 7095, 7089, 1182.50, 1
9907, 39802, 2, 0, 41549, 41550, 1748, 1746, 874.00, 1
9908, 39820, 4, 0, 41551, 41554, 1734, 1730, 433.50, 1
9909, 39822, 3, 0, 41555, 41557, 1735, 1732, 578.33, 1
9910, 39824, 1, 0, 41558, 41558, 1734, 1733, 1734.00, 1
9911, 39830, 4, 0, 41559, 41562, 1732, 1728, 433.00, 1
9912, 39834, 19, 0, 41563, 49320, 9486, 9467, 499.26, 1
9913, 39836, 15, 0, 41568, 48690, 8854, 8839, 590.27, 1
9914, 39837, 1, 0, 41573, 41573, 1736, 1735, 1736.00, 1
9915, 39841, 7, 0, 41574, 46906, 7065, 7058, 1009.29, 1
9916, 39844, 3, 0, 41579, 41581, 1737, 1734, 579.00, 1
9917, 39852, 4, 0, 41582, 41585, 1733, 1729, 433.25, 1
9918, 39861, 8, 0, 41586, 46909, 7048, 7040, 881.00, 1
9919, 39864, 2, 0, 41591, 41592, 1728, 1726, 864.00, 1
9920, 39865, 1, 0, 41593, 41593, 1728, 1727, 1728.00, 1
9921, 39875, 8, 0, 41594, 46912, 7037, 7029, 879.62, 1
9922, 39877, 1, 0, 41599, 41599, 1722, 1721, 1722.00, 1
9923, 39878, 16, 0, 41600, 49321, 9443, 9427, 590.19, 1
9924, 39885, 2, 0, 41605, 41606, 1721, 1719, 860.50, 1
9925, 39889, 3, 0, 41607, 41609, 1720, 1717, 573.33, 1
9926, 39890, 7, 0, 41610, 46919, 7029, 7022, 1004.14, 1
9927, 39893, 2, 0, 41615, 41616, 1723, 1721, 861.50, 1
9928, 39894, 1, 0, 41617, 41617, 1723, 1722, 1723.00, 1
9929, 39903, 3, 0, 41618, 41620, 1717, 1714, 572.33, 1
9930, 39905, 1, 0, 41621, 41621, 1716, 1715, 1716.00, 1
9931, 39909, 14, 0, 41622, 48699, 8790, 8776, 627.86, 1
9932, 39914, 2, 0, 41627, 41628, 1714, 1712, 857.00, 1
9933, 39917, 2, 0, 41629, 41630, 1713, 1711, 856.50, 1
9934, 39920, 10, 0, 41631, 46929, 7009, 6999, 700.90, 1
9935, 39921, 1, 0, 41636, 41636, 1715, 1714, 1715.00, 1
9936, 39926, 1, 0, 41637, 41637, 1711, 1710, 1711.00, 1
9937, 39927, 4, 0, 41638, 41641, 1714, 1710, 428.50, 1
9938, 39928, 7, 0, 41642, 46931, 7003, 6996, 1000.43, 1
9939, 39931, 11, 0, 41647, 48700, 8769, 8758, 797.18, 1
9940, 39935, 11, 0, 41652, 48701, 8766, 8755, 796.91, 1
9941, 39936, 2, 0, 41657, 41658, 1722, 1720, 861.00, 1
9942, 39939, 12, 0, 41659, 48703, 8764, 8752, 730.33, 1
9943, 39948, 3, 0, 41664, 41666, 1718, 1715, 572.67, 1
9944, 39951, 6, 0, 41667, 46947, 6996, 6990, 1166.00, 1
9945, 39952, 11, 0, 41672, 48704, 8752, 8741, 795.64, 1
9946, 39956, 12, 0, 41677, 48706, 8750, 8738, 729.17, 1
9947, 39960, 1, 0, 41682, 41682, 1722, 1721, 1722.00, 1
9948, 39961, 2, 0, 41683, 41684, 1723, 1721, 861.50, 1
9949, 39962, 6, 0, 41685, 46958, 6996, 6990, 1166.00, 1
9950, 39967, 8, 0, 41690, 46961, 6994, 6986, 874.25, 1
9951, 39972, 7, 0, 41695, 46963, 6991, 6984, 998.71, 1
9952, 39973, 2, 0, 41700, 41701, 1728, 1726, 864.00, 1
9953, 39974, 8, 0, 41702, 46966, 6992, 6984, 874.00, 1
9954, 39975, 6, 0, 41707, 46967, 6992, 6986, 1165.33, 1
9955, 39976, 1, 0, 41712, 41712, 1736, 1735, 1736.00, 1
9956, 39980, 10, 0, 41713, 46972, 6992, 6982, 699.20, 1
9957, 39983, 2, 0, 41718, 41719, 1736, 1734, 868.00, 1
9958, 39988, 4, 0, 41720, 41723, 1735, 1731, 433.75, 1
9959, 39989, 1, 0, 41724, 41724, 1735, 1734, 1735.00, 1
9960, 39991, 1, 0, 41725, 41725, 1734, 1733, 1734.00, 1
9961, 39992, 6, 0, 41726, 46973, 6981, 6975, 1163.50, 1
9962, 39993, 1, 0, 41731, 41731, 1738, 1737, 1738.00, 1
9963, 39998, 6, 0, 41732, 46974, 6976, 6970, 1162.67, 1
9964, 40004, 4, 0, 41737, 41740, 1736, 1732, 434.00, 1
9965, 40005, 1, 0, 41741, 41741, 1736, 1735, 1736.00, 1
9966, 40007, 2, 0, 41742, 41743, 1736, 1734, 868.00, 1
9967, 40010, 12, 0, 41744, 48708, 8698, 8686, 724.83, 1
9968, 40011, 5, 0, 41749, 41753, 1742, 1737, 348.40, 1
9969, 40014, 1, 0, 41754, 41754, 1740, 1739, 1740.00, 1
9970, 40018, 4, 0, 41755, 41758, 1740, 1736, 435.00, 1
9971, 40023, 3, 0, 41759, 41761, 1738, 1735, 579.33, 1
9972, 40029, 3, 0, 41762, 41764, 1735, 1732, 578.33, 1
9973, 40031, 1, 0, 41765, 41765, 1734, 1733, 1734.00, 1
9974, 40035, 5, 0, 41766, 41770, 1735, 1730, 347.00, 1
9975, 40036, 10, 0, 41771, 46984, 6948, 6938, 694.80, 1
9976, 40037, 9, 0, 41776, 46988, 6951, 6942, 772.33, 1
9977, 40043, 13, 0, 41781, 48711, 8668, 8655, 666.77, 1
9978, 40050, 2, 0, 41786, 41787, 1737, 1735, 868.50, 1
9979, 40067, 4, 0, 41788, 41791, 1724, 1720, 431.00, 1
9980, 40072, 2, 0, 41792, 41793, 1721, 1719, 860.50, 1
9981, 40080, 1, 0, 41794, 41794, 1714, 1713, 1714.00, 1
9982, 40084, 3, 0, 41795, 41797, 1713, 1710, 571.00, 1
9983, 40089, 4, 0, 41798, 41801, 1712, 1708, 428.00, 1
9984, 40093, 8, 0, 41802, 46996, 6903, 6895, 862.88, 1
9985, 40094, 12, 0, 41807, 48713, 8619, 8607, 718.25, 1
9986, 40098, 5, 0, 41812, 41816, 1718, 1713, 343.60, 1
9987, 40101, 3, 0, 41817, 41819, 1718, 1715, 572.67, 1
9988, 40104, 7, 0, 41820, 47003, 6899, 6892, 985.57, 1
9989, 40113, 5, 0, 41825, 41829, 1716, 1711, 343.20, 1
9990, 40116, 6, 0, 41830, 47004, 6888, 6882, 1148.00, 1
9991, 40117, 4, 0, 41835, 41838, 1721, 1717, 430.25, 1
9992, 40130, 5, 0, 41839, 41843, 1713, 1708, 342.60, 1
9993, 40131, 1, 0, 41844, 41844, 1713, 1712, 1713.00, 1
9994, 40133, 8, 0, 41845, 47007, 6874, 6866, 859.25, 1
9995, 40135, 1, 0, 41850, 41850, 1715, 1714, 1715.00, 1
9996, 40140, 1, 0, 41851, 41851, 1711, 1710, 1711.00, 1
9997, 40144, 2, 0, 41852, 41853, 1709, 1707, 854.50, 1
9998, 40147, 8, 0, 41854, 47010, 6863, 6855, 857.88, 1
9999, 40148, 7, 0, 41859, 47012, 6864, 6857, 980.57, 1
10000, 40150, 11, 0, 41864, 48714, 8564, 8553, 778.55, 1
