pid, arrival, service, remaining, start, finish, turnaround, wait, normturnaround, complete
1, 0, 9, 0, 1, 9, 9, 0, 1.00, 1
2, 2, 8, 0, 8074, 8081, 8079, 8071, 1009.88, 1
3, 4, 2, 0, 8068, 8069, 8065, 8063, 4032.50, 1
4, 4, 4, 0, 8070, 8073, 8069, 8065, 2017.25, 1
5, 7, 5, 0, 8057, 8061, 8054, 8049, 1610.80, 1
6, 8, 2, 0, 10, 11, 3, 1, 1.50, 1
7, 10, 4, 0, 12, 15, 5, 1, 1.25, 1
8, 11, 4, 0, 8053, 8056, 8045, 8041, 2011.25, 1
9, 13, 6, 0, 8062, 8067, 8054, 8048, 1342.33, 1
10, 14, 3, 0, 16, 18, 4, 1, 1.33, 1
11, 16, 5, 0, 19, 23, 7, 2, 1.40, 1
12, 17, 7, 0, 8046, 8052, 8035, 8028, 1147.86, 1
13, 20, 5, 0, 8041, 8045, 8025, 8020, 1605.00, 1
14, 21, 3, 0, 8035, 8037, 8016, 8013, 2672.00, 1
15, 22, 3, 0, 8038, 8040, 8018, 8015, 2672.67, 1
16, 23, 6, 0, 24, 29, 6, 0, 1.00, 1
17, 25, 7, 0, 31, 37, 12, 5, 1.71, 1
18, 27, 8, 0, 8027, 8034, 8007, 7999, 1000.88, 1
19, 29, 1, 0, 30, 30, 1, 0, 1.00, 1
20, 32, 5, 0, 8017, 8021, 7989, 7984, 1597.80, 1
21, 33, 5, 0, 8022, 8026, 7993, 7988, 1598.60, 1
22, 36, 7, 0, 38, 44, 8, 1, 1.14, 1
23, 38, 8, 0, 8009, 8016, 7978, 7970, 997.25, 1
24, 39, 5, 0, 7999, 8003, 7964, 7959, 1592.80, 1
25, 40, 5, 0, 8004, 8008, 7968, 7963, 1593.60, 1
26, 42, 3, 0, 7990, 7992, 7950, 7947, 2650.00, 1
27, 43, 6, 0, 7993, 7998, 7955, 7949, 1325.83, 1
28, 44, 2, 0, 45, 46, 2, 0, 1.00, 1
29, 45, 2, 0, 47, 48, 3, 1, 1.50, 1
30, 47, 4, 0, 49, 52, 5, 1, 1.25, 1
31, 48, 5, 0, 7973, 7977, 7929, 7924, 1585.80, 1
32, 49, 2, 0, 7971, 7972, 7923, 7921, 3961.50, 1
33, 49, 12, 0, 7978, 7989, 7940, 7928, 661.67, 1
34, 50, 5, 0, 7960, 7964, 7914, 7909, 1582.80, 1
35, 51, 6, 0, 7965, 7970, 7919, 7913, 1319.83, 1
36, 52, 3, 0, 53, 55, 3, 0, 1.00, 1
37, 53, 6, 0, 7941, 7946, 7893, 7887, 1315.50, 1
38, 54, 13, 0, 7947, 7959, 7905, 7892, 608.08, 1
39, 55, 7, 0, 56, 62, 7, 0, 1.00, 1
40, 56, 8, 0, 7933, 7940, 7884, 7876, 985.50, 1
41, 57, 4, 0, 7929, 7932, 7875, 7871, 1968.75, 1
42, 58, 3, 0, 7923, 7925, 7867, 7864, 2622.33, 1
43, 59, 1, 0, 7922, 7922, 7863, 7862, 7863.00, 1
44, 60, 3, 0, 7926, 7928, 7868, 7865, 2622.67, 1
45, 61, 7, 0, 63, 69, 8, 1, 1.14, 1
46, 62, 9, 0, 7899, 7907, 7845, 7836, 871.67, 1
47, 63, 6, 0, 7893, 7898, 7835, 7829, 1305.83, 1
48, 65, 4, 0, 7889, 7892, 7827, 7823, 1956.75, 1
49, 67, 14, 0, 7908, 7921, 7854, 7840, 561.00, 1
50, 69, 3, 0, 70, 72, 3, 0, 1.00, 1
51, 71, 4, 0, 73, 76, 5, 1, 1.25, 1
52, 73, 14, 0, 7875, 7888, 7815, 7801, 558.21, 1
53, 75, 2, 0, 77, 78, 3, 1, 1.50, 1
54, 77, 3, 0, 79, 81, 4, 1, 1.33, 1
55, 79, 5, 0, 82, 86, 7, 2, 1.40, 1
56, 81, 5, 0, 7865, 7869, 7788, 7783, 1557.60, 1
57, 83, 4, 0, 7861, 7864, 7781, 7777, 1945.25, 1
58, 85, 3, 0, 87, 89, 4, 1, 1.33, 1
59, 87, 3, 0, 90, 92, 5, 2, 1.67, 1
60, 89, 5, 0, 7870, 7874, 7785, 7780, 1557.00, 1
61, 91, 6, 0, 93, 98, 7, 1, 1.17, 1
62, 93, 7, 0, 7845, 7851, 7758, 7751, 1108.29, 1
63, 95, 4, 0, 100, 103, 8, 4, 2.00, 1
64, 98, 1, 0, 99, 99, 1, 0, 1.00, 1
65, 101, 3, 0, 104, 106, 5, 2, 1.67, 1
66, 104, 4, 0, 107, 110, 6, 2, 1.50, 1
67, 107, 6, 0, 111, 116, 9, 3, 1.50, 1
68, 110, 9, 0, 7852, 7860, 7750, 7741, 861.11, 1
69, 113, 8, 0, 117, 124, 11, 3, 1.38, 1
70, 116, 8, 0, 7821, 7828, 7712, 7704, 964.00, 1
71, 119, 7, 0, 7814, 7820, 7701, 7694, 1100.14, 1
72, 122, 16, 0, 7829, 7844, 7722, 7706, 482.62, 1
73, 123, 7, 0, 125, 131, 8, 1, 1.14, 1
74, 125, 5, 0, 7797, 7801, 7676, 7671, 1535.20, 1
75, 128, 12, 0, 7802, 7813, 7685, 7673, 640.42, 1
76, 131, 14, 0, 132, 145, 14, 0, 1.00, 1
77, 134, 15, 0, 7766, 7780, 7646, 7631, 509.73, 1
78, 137, 16, 0, 7781, 7796, 7659, 7643, 478.69, 1
79, 140, 15, 0, 7751, 7765, 7625, 7610, 508.33, 1
80, 143, 3, 0, 146, 148, 5, 2, 1.67, 1
81, 146, 5, 0, 149, 153, 7, 2, 1.40, 1
82, 149, 3, 0, 154, 156, 7, 4, 2.33, 1
83, 152, 6, 0, 157, 162, 10, 4, 1.67, 1
84, 155, 7, 0, 7737, 7743, 7588, 7581, 1084.00, 1
85, 158, 5, 0, 166, 170, 12, 7, 2.40, 1
86, 161, 3, 0, 163, 165, 4, 1, 1.33, 1
87, 164, 5, 0, 185, 189, 25, 20, 5.00, 1
88, 167, 1, 0, 171, 171, 4, 3, 4.00, 1
89, 170, 4, 0, 172, 175, 5, 1, 1.25, 1
90, 173, 3, 0, 176, 178, 5, 2, 1.67, 1
91, 176, 3, 0, 179, 181, 5, 2, 1.67, 1
92, 179, 3, 0, 182, 184, 5, 2, 1.67, 1
93, 182, 5, 0, 7732, 7736, 7554, 7549, 1510.80, 1
94, 185, 7, 0, 7744, 7750, 7565, 7558, 1080.71, 1
95, 188, 4, 0, 190, 193, 5, 1, 1.25, 1
96, 191, 7, 0, 194, 200, 9, 2, 1.29, 1
97, 194, 8, 0, 7709, 7716, 7522, 7514, 940.25, 1
98, 197, 6, 0, 209, 214, 17, 11, 2.83, 1
99, 200, 5, 0, 201, 205, 5, 0, 1.00, 1
100, 203, 3, 0, 206, 208, 5, 2, 1.67, 1
101, 206, 15, 0, 7717, 7731, 7525, 7510, 501.67, 1
102, 209, 4, 0, 215, 218, 9, 5, 2.25, 1
103, 212, 5, 0, 224, 228, 16, 11, 3.20, 1
104, 215, 2, 0, 219, 220, 5, 3, 2.50, 1
105, 218, 2, 0, 221, 222, 4, 2, 2.00, 1
106, 221, 1, 0, 223, 223, 2, 1, 2.00, 1
107, 224, 4, 0, 229, 232, 8, 4, 2.00, 1
108, 227, 5, 0, 245, 249, 22, 17, 4.40, 1
109, 230, 4, 0, 233, 236, 6, 2, 1.50, 1
110, 233, 4, 0, 239, 242, 9, 5, 2.25, 1
111, 236, 2, 0, 237, 238, 2, 0, 1.00, 1
112, 239, 16, 0, 7693, 7708, 7469, 7453, 466.81, 1
113, 242, 2, 0, 243, 244, 2, 0, 1.00, 1
114, 245, 4, 0, 250, 253, 8, 4, 2.00, 1
115, 248, 5, 0, 259, 263, 15, 10, 3.00, 1
116, 251, 2, 0, 254, 255, 4, 2, 2.00, 1
117, 254, 3, 0, 256, 258, 4, 1, 1.33, 1
118, 257, 5, 0, 7683, 7687, 7430, 7425, 1486.00, 1
119, 260, 4, 0, 267, 270, 10, 6, 2.50, 1
120, 263, 3, 0, 264, 266, 3, 0, 1.00, 1
121, 266, 5, 0, 7688, 7692, 7426, 7421, 1485.20, 1
122, 269, 4, 0, 271, 274, 5, 1, 1.25, 1
123, 272, 4, 0, 275, 278, 6, 2, 1.50, 1
124, 275, 3, 0, 279, 281, 6, 3, 2.00, 1
125, 278, 5, 0, 289, 293, 15, 10, 3.00, 1
126, 281, 4, 0, 282, 285, 4, 0, 1.00, 1
127, 284, 3, 0, 286, 288, 4, 1, 1.33, 1
128, 287, 5, 0, 7673, 7677, 7390, 7385, 1478.00, 1
129, 290, 4, 0, 297, 300, 10, 6, 2.50, 1
130, 293, 3, 0, 294, 296, 3, 0, 1.00, 1
131, 296, 5, 0, 7678, 7682, 7386, 7381, 1477.20, 1
132, 299, 4, 0, 301, 304, 5, 1, 1.25, 1
133, 302, 5, 0, 305, 309, 7, 2, 1.40, 1
134, 305, 8, 0, 7665, 7672, 7367, 7359, 920.88, 1
135, 308, 2, 0, 310, 311, 3, 1, 1.50, 1
136, 311, 4, 0, 312, 315, 4, 0, 1.00, 1
137, 314, 5, 0, 316, 320, 6, 1, 1.20, 1
138, 317, 2, 0, 321, 322, 5, 3, 2.50, 1
139, 320, 4, 0, 323, 326, 6, 2, 1.50, 1
140, 323, 4, 0, 327, 330, 7, 3, 1.75, 1
141, 326, 6, 0, 7652, 7657, 7331, 7325, 1221.83, 1
142, 329, 3, 0, 331, 333, 4, 1, 1.33, 1
143, 332, 5, 0, 334, 338, 6, 1, 1.20, 1
144, 335, 7, 0, 7658, 7664, 7329, 7322, 1047.00, 1
145, 338, 5, 0, 339, 343, 5, 0, 1.00, 1
146, 341, 3, 0, 344, 346, 5, 2, 1.67, 1
147, 344, 3, 0, 347, 349, 5, 2, 1.67, 1
148, 347, 6, 0, 350, 355, 8, 2, 1.33, 1
149, 350, 7, 0, 356, 362, 12, 5, 1.71, 1
150, 353, 8, 0, 7644, 7651, 7298, 7290, 912.25, 1
151, 356, 1, 0, 7638, 7638, 7282, 7281, 7282.00, 1
152, 359, 5, 0, 7639, 7643, 7284, 7279, 1456.80, 1
153, 362, 5, 0, 363, 367, 5, 0, 1.00, 1
154, 365, 7, 0, 368, 374, 9, 2, 1.29, 1
155, 368, 8, 0, 7618, 7625, 7257, 7249, 907.12, 1
156, 371, 5, 0, 375, 379, 8, 3, 1.60, 1
157, 374, 5, 0, 383, 387, 13, 8, 2.60, 1
158, 377, 3, 0, 380, 382, 5, 2, 1.67, 1
159, 380, 6, 0, 7612, 7617, 7237, 7231, 1206.17, 1
160, 383, 2, 0, 388, 389, 6, 4, 3.00, 1
161, 386, 2, 0, 390, 391, 5, 3, 2.50, 1
162, 389, 4, 0, 392, 395, 6, 2, 1.50, 1
163, 392, 5, 0, 398, 402, 10, 5, 2.00, 1
164, 395, 2, 0, 396, 397, 2, 0, 1.00, 1
165, 398, 12, 0, 7626, 7637, 7239, 7227, 603.25, 1
166, 401, 5, 0, 403, 407, 6, 1, 1.20, 1
167, 404, 6, 0, 411, 416, 12, 6, 2.00, 1
168, 407, 3, 0, 408, 410, 3, 0, 1.00, 1
169, 410, 6, 0, 7593, 7598, 7188, 7182, 1198.00, 1
170, 413, 13, 0, 7599, 7611, 7198, 7185, 553.69, 1
171, 416, 7, 0, 417, 423, 7, 0, 1.00, 1
172, 419, 8, 0, 7576, 7583, 7164, 7156, 895.50, 1
173, 422, 4, 0, 424, 427, 5, 1, 1.25, 1
174, 425, 3, 0, 428, 430, 5, 2, 1.67, 1
175, 428, 1, 0, 431, 431, 3, 2, 3.00, 1
176, 431, 3, 0, 432, 434, 3, 0, 1.00, 1
177, 434, 7, 0, 435, 441, 7, 0, 1.00, 1
178, 437, 9, 0, 7584, 7592, 7155, 7146, 795.00, 1
179, 440, 6, 0, 442, 447, 7, 1, 1.17, 1
180, 443, 4, 0, 448, 451, 8, 4, 2.00, 1
181, 446, 14, 0, 461, 474, 28, 14, 2.00, 1
182, 449, 3, 0, 452, 454, 5, 2, 1.67, 1
183, 452, 4, 0, 455, 458, 6, 2, 1.50, 1
184, 455, 14, 0, 7562, 7575, 7120, 7106, 508.57, 1
185, 458, 2, 0, 459, 460, 2, 0, 1.00, 1
186, 461, 3, 0, 7554, 7556, 7095, 7092, 2365.00, 1
187, 464, 5, 0, 7557, 7561, 7097, 7092, 1419.40, 1
188, 467, 5, 0, 7544, 7548, 7081, 7076, 1416.20, 1
189, 470, 4, 0, 481, 484, 14, 10, 3.50, 1
190, 473, 3, 0, 475, 477, 4, 1, 1.33, 1
191, 476, 3, 0, 478, 480, 4, 1, 1.33, 1
192, 479, 5, 0, 7549, 7553, 7074, 7069, 1414.80, 1
193, 482, 6, 0, 485, 490, 8, 2, 1.33, 1
194, 485, 7, 0, 7528, 7534, 7049, 7042, 1007.00, 1
195, 488, 4, 0, 491, 494, 6, 2, 1.50, 1
196, 491, 1, 0, 495, 495, 4, 3, 4.00, 1
197, 494, 3, 0, 496, 498, 4, 1, 1.33, 1
198, 497, 4, 0, 499, 502, 5, 1, 1.25, 1
199, 500, 6, 0, 503, 508, 8, 2, 1.33, 1
200, 503, 9, 0, 7535, 7543, 7040, 7031, 782.22, 1
201, 506, 8, 0, 509, 516, 10, 2, 1.25, 1
202, 509, 8, 0, 7504, 7511, 7002, 6994, 875.25, 1
203, 512, 7, 0, 517, 523, 11, 4, 1.57, 1
204, 515, 16, 0, 7512, 7527, 7012, 6996, 438.25, 1
205, 518, 7, 0, 7485, 7491, 6973, 6966, 996.14, 1
206, 521, 5, 0, 524, 528, 7, 2, 1.40, 1
207, 524, 12, 0, 7492, 7503, 6979, 6967, 581.58, 1
208, 527, 14, 0, 529, 542, 15, 1, 1.07, 1
209, 530, 15, 0, 7454, 7468, 6938, 6923, 462.53, 1
210, 533, 16, 0, 7469, 7484, 6951, 6935, 434.44, 1
211, 536, 15, 0, 7439, 7453, 6917, 6902, 461.13, 1
212, 539, 3, 0, 543, 545, 6, 3, 2.00, 1
213, 542, 5, 0, 549, 553, 11, 6, 2.20, 1
214, 545, 3, 0, 546, 548, 3, 0, 1.00, 1
215, 548, 6, 0, 554, 559, 11, 5, 1.83, 1
216, 551, 7, 0, 7432, 7438, 6887, 6880, 983.86, 1
217, 554, 5, 0, 563, 567, 13, 8, 2.60, 1
218, 557, 3, 0, 560, 562, 5, 2, 1.67, 1
219, 560, 5, 0, 7422, 7426, 6866, 6861, 1373.20, 1
220, 563, 1, 0, 568, 568, 5, 4, 5.00, 1
221, 566, 4, 0, 569, 572, 6, 2, 1.50, 1
222, 569, 3, 0, 573, 575, 6, 3, 2.00, 1
223, 572, 3, 0, 576, 578, 6, 3, 2.00, 1
224, 575, 3, 0, 579, 581, 6, 3, 2.00, 1
225, 578, 5, 0, 7427, 7431, 6853, 6848, 1370.60, 1
226, 581, 7, 0, 582, 588, 7, 0, 1.00, 1
227, 584, 4, 0, 589, 592, 8, 4, 2.00, 1
228, 587, 7, 0, 593, 599, 12, 5, 1.71, 1
229, 590, 8, 0, 7399, 7406, 6816, 6808, 852.00, 1
230, 593, 6, 0, 7393, 7398, 6805, 6799, 1134.17, 1
231, 596, 5, 0, 603, 607, 11, 6, 2.20, 1
232, 599, 3, 0, 600, 602, 3, 0, 1.00, 1
233, 602, 15, 0, 7407, 7421, 6819, 6804, 454.60, 1
234, 605, 4, 0, 608, 611, 6, 2, 1.50, 1
235, 608, 5, 0, 614, 618, 10, 5, 2.00, 1
236, 611, 2, 0, 612, 613, 2, 0, 1.00, 1
237, 614, 2, 0, 620, 621, 7, 5, 3.50, 1
238, 617, 1, 0, 619, 619, 2, 1, 2.00, 1
239, 620, 4, 0, 622, 625, 5, 1, 1.25, 1
240, 623, 5, 0, 626, 630, 7, 2, 1.40, 1
241, 626, 4, 0, 631, 634, 8, 4, 2.00, 1
242, 629, 4, 0, 637, 640, 11, 7, 2.75, 1
243, 632, 2, 0, 635, 636, 4, 2, 2.00, 1
244, 635, 16, 0, 7377, 7392, 6757, 6741, 422.31, 1
245, 638, 2, 0, 641, 642, 4, 2, 2.00, 1
246, 641, 4, 0, 643, 646, 5, 1, 1.25, 1
247, 644, 5, 0, 647, 651, 7, 2, 1.40, 1
248, 647, 2, 0, 652, 653, 6, 4, 3.00, 1
249, 650, 3, 0, 654, 656, 6, 3, 2.00, 1
250, 653, 5, 0, 664, 668, 15, 10, 3.00, 1
251, 656, 4, 0, 657, 660, 4, 0, 1.00, 1
252, 659, 3, 0, 661, 663, 4, 1, 1.33, 1
253, 662, 5, 0, 7367, 7371, 6709, 6704, 1341.80, 1
254, 665, 4, 0, 669, 672, 7, 3, 1.75, 1
255, 668, 4, 0, 676, 679, 11, 7, 2.75, 1
256, 671, 3, 0, 673, 675, 4, 1, 1.33, 1
257, 674, 5, 0, 7372, 7376, 6702, 6697, 1340.40, 1
258, 677, 4, 0, 680, 683, 6, 2, 1.50, 1
259, 680, 3, 0, 684, 686, 6, 3, 2.00, 1
260, 683, 5, 0, 694, 698, 15, 10, 3.00, 1
261, 686, 4, 0, 687, 690, 4, 0, 1.00, 1
262, 689, 3, 0, 691, 693, 4, 1, 1.33, 1
263, 692, 5, 0, 7357, 7361, 6669, 6664, 1333.80, 1
264, 695, 4, 0, 699, 702, 7, 3, 1.75, 1
265, 698, 5, 0, 7362, 7366, 6668, 6663, 1333.60, 1
266, 701, 8, 0, 703, 710, 9, 1, 1.12, 1
267, 704, 2, 0, 7351, 7352, 6648, 6646, 3324.00, 1
268, 707, 4, 0, 7353, 7356, 6649, 6645, 1662.25, 1
269, 710, 5, 0, 711, 715, 5, 0, 1.00, 1
270, 713, 2, 0, 716, 717, 4, 2, 2.00, 1
271, 716, 4, 0, 718, 721, 5, 1, 1.25, 1
272, 719, 4, 0, 722, 725, 6, 2, 1.50, 1
273, 722, 6, 0, 734, 739, 17, 11, 2.83, 1
274, 725, 3, 0, 726, 728, 3, 0, 1.00, 1
275, 728, 5, 0, 729, 733, 5, 0, 1.00, 1
276, 731, 7, 0, 7337, 7343, 6612, 6605, 944.57, 1
277, 734, 5, 0, 746, 750, 16, 11, 3.20, 1
278, 737, 3, 0, 740, 742, 5, 2, 1.67, 1
279, 740, 3, 0, 743, 745, 5, 2, 1.67, 1
280, 743, 6, 0, 7331, 7336, 6593, 6587, 1098.83, 1
281, 746, 7, 0, 7344, 7350, 6604, 6597, 943.43, 1
282, 749, 8, 0, 751, 758, 9, 1, 1.12, 1
283, 752, 1, 0, 7325, 7325, 6573, 6572, 6573.00, 1
284, 755, 5, 0, 7326, 7330, 6575, 6570, 1315.00, 1
285, 758, 5, 0, 759, 763, 5, 0, 1.00, 1
286, 761, 7, 0, 764, 770, 9, 2, 1.29, 1
287, 764, 8, 0, 7305, 7312, 6548, 6540, 818.50, 1
288, 767, 5, 0, 771, 775, 8, 3, 1.60, 1
289, 770, 5, 0, 779, 783, 13, 8, 2.60, 1
290, 773, 3, 0, 776, 778, 5, 2, 1.67, 1
291, 776, 6, 0, 7299, 7304, 6528, 6522, 1088.00, 1
292, 779, 2, 0, 784, 785, 6, 4, 3.00, 1
293, 782, 2, 0, 786, 787, 5, 3, 2.50, 1
294, 785, 4, 0, 788, 791, 6, 2, 1.50, 1
295, 788, 5, 0, 794, 798, 10, 5, 2.00, 1
296, 791, 2, 0, 792, 793, 2, 0, 1.00, 1
297, 794, 12, 0, 7313, 7324, 6530, 6518, 544.17, 1
298, 797, 5, 0, 799, 803, 6, 1, 1.20, 1
299, 800, 6, 0, 807, 812, 12, 6, 2.00, 1
300, 803, 3, 0, 804, 806, 3, 0, 1.00, 1
301, 806, 6, 0, 7280, 7285, 6479, 6473, 1079.83, 1
302, 809, 13, 0, 7286, 7298, 6489, 6476, 499.15, 1
303, 812, 7, 0, 813, 819, 7, 0, 1.00, 1
304, 815, 8, 0, 7263, 7270, 6455, 6447, 806.88, 1
305, 818, 4, 0, 820, 823, 5, 1, 1.25, 1
306, 821, 3, 0, 824, 826, 5, 2, 1.67, 1
307, 824, 1, 0, 827, 827, 3, 2, 3.00, 1
308, 827, 3, 0, 828, 830, 3, 0, 1.00, 1
309, 830, 7, 0, 831, 837, 7, 0, 1.00, 1
310, 833, 9, 0, 7271, 7279, 6446, 6437, 716.22, 1
311, 836, 6, 0, 838, 843, 7, 1, 1.17, 1
312, 839, 4, 0, 844, 847, 8, 4, 2.00, 1
313, 842, 14, 0, 857, 870, 28, 14, 2.00, 1
314, 845, 3, 0, 848, 850, 5, 2, 1.67, 1
315, 848, 4, 0, 851, 854, 6, 2, 1.50, 1
316, 851, 14, 0, 7249, 7262, 6411, 6397, 457.93, 1
317, 854, 2, 0, 855, 856, 2, 0, 1.00, 1
318, 857, 3, 0, 7241, 7243, 6386, 6383, 2128.67, 1
319, 860, 5, 0, 7244, 7248, 6388, 6383, 1277.60, 1
320, 863, 5, 0, 7231, 7235, 6372, 6367, 1274.40, 1
321, 866, 4, 0, 877, 880, 14, 10, 3.50, 1
322, 869, 3, 0, 871, 873, 4, 1, 1.33, 1
323, 872, 3, 0, 874, 876, 4, 1, 1.33, 1
324, 875, 5, 0, 7236, 7240, 6365, 6360, 1273.00, 1
325, 878, 6, 0, 881, 886, 8, 2, 1.33, 1
326, 881, 7, 0, 7215, 7221, 6340, 6333, 905.71, 1
327, 884, 4, 0, 887, 890, 6, 2, 1.50, 1
328, 887, 1, 0, 891, 891, 4, 3, 4.00, 1
329, 890, 3, 0, 892, 894, 4, 1, 1.33, 1
330, 893, 4, 0, 895, 898, 5, 1, 1.25, 1
331, 896, 6, 0, 899, 904, 8, 2, 1.33, 1
332, 899, 9, 0, 7222, 7230, 6331, 6322, 703.44, 1
333, 902, 8, 0, 905, 912, 10, 2, 1.25, 1
334, 905, 8, 0, 7191, 7198, 6293, 6285, 786.62, 1
335, 908, 7, 0, 913, 919, 11, 4, 1.57, 1
336, 911, 16, 0, 7199, 7214, 6303, 6287, 393.94, 1
337, 914, 7, 0, 7172, 7178, 6264, 6257, 894.86, 1
338, 917, 5, 0, 920, 924, 7, 2, 1.40, 1
339, 920, 12, 0, 7179, 7190, 6270, 6258, 522.50, 1
340, 923, 14, 0, 925, 938, 15, 1, 1.07, 1
341, 926, 15, 0, 7141, 7155, 6229, 6214, 415.27, 1
342, 929, 16, 0, 7156, 7171, 6242, 6226, 390.12, 1
343, 932, 15, 0, 7126, 7140, 6208, 6193, 413.87, 1
344, 935, 3, 0, 939, 941, 6, 3, 2.00, 1
345, 938, 5, 0, 945, 949, 11, 6, 2.20, 1
346, 941, 3, 0, 942, 944, 3, 0, 1.00, 1
347, 944, 6, 0, 950, 955, 11, 5, 1.83, 1
348, 947, 7, 0, 7119, 7125, 6178, 6171, 882.57, 1
349, 950, 5, 0, 959, 963, 13, 8, 2.60, 1
350, 953, 3, 0, 956, 958, 5, 2, 1.67, 1
351, 956, 5, 0, 7109, 7113, 6157, 6152, 1231.40, 1
352, 959, 1, 0, 964, 964, 5, 4, 5.00, 1
353, 962, 4, 0, 965, 968, 6, 2, 1.50, 1
354, 965, 3, 0, 969, 971, 6, 3, 2.00, 1
355, 968, 3, 0, 972, 974, 6, 3, 2.00, 1
356, 971, 3, 0, 975, 977, 6, 3, 2.00, 1
357, 974, 5, 0, 7114, 7118, 6144, 6139, 1228.80, 1
358, 977, 7, 0, 978, 984, 7, 0, 1.00, 1
359, 980, 4, 0, 985, 988, 8, 4, 2.00, 1
360, 983, 7, 0, 989, 995, 12, 5, 1.71, 1
361, 986, 8, 0, 7086, 7093, 6107, 6099, 763.38, 1
362, 989, 6, 0, 7080, 7085, 6096, 6090, 1016.00, 1
363, 992, 5, 0, 999, 1003, 11, 6, 2.20, 1
364, 995, 3, 0, 996, 998, 3, 0, 1.00, 1
365, 998, 15, 0, 7094, 7108, 6110, 6095, 407.33, 1
366, 1001, 4, 0, 1004, 1007, 6, 2, 1.50, 1
367, 1004, 5, 0, 1010, 1014, 10, 5, 2.00, 1
368, 1007, 2, 0, 1008, 1009, 2, 0, 1.00, 1
369, 1010, 2, 0, 1016, 1017, 7, 5, 3.50, 1
370, 1013, 1, 0, 1015, 1015, 2, 1, 2.00, 1
371, 1016, 4, 0, 1018, 1021, 5, 1, 1.25, 1
372, 1019, 5, 0, 1022, 1026, 7, 2, 1.40, 1
373, 1022, 4, 0, 1027, 1030, 8, 4, 2.00, 1
374, 1025, 4, 0, 1033, 1036, 11, 7, 2.75, 1
375, 1028, 2, 0, 1031, 1032, 4, 2, 2.00, 1
376, 1031, 16, 0, 7064, 7079, 6048, 6032, 378.00, 1
377, 1034, 2, 0, 1037, 1038, 4, 2, 2.00, 1
378, 1037, 4, 0, 1039, 1042, 5, 1, 1.25, 1
379, 1040, 5, 0, 1043, 1047, 7, 2, 1.40, 1
380, 1043, 2, 0, 1048, 1049, 6, 4, 3.00, 1
381, 1046, 3, 0, 1050, 1052, 6, 3, 2.00, 1
382, 1049, 5, 0, 1060, 1064, 15, 10, 3.00, 1
383, 1052, 4, 0, 1053, 1056, 4, 0, 1.00, 1
384, 1055, 3, 0, 1057, 1059, 4, 1, 1.33, 1
385, 1058, 5, 0, 7054, 7058, 6000, 5995, 1200.00, 1
386, 1061, 4, 0, 1065, 1068, 7, 3, 1.75, 1
387, 1064, 4, 0, 1072, 1075, 11, 7, 2.75, 1
388, 1067, 3, 0, 1069, 1071, 4, 1, 1.33, 1
389, 1070, 5, 0, 7059, 7063, 5993, 5988, 1198.60, 1
390, 1073, 4, 0, 1076, 1079, 6, 2, 1.50, 1
391, 1076, 3, 0, 1080, 1082, 6, 3, 2.00, 1
392, 1079, 5, 0, 1090, 1094, 15, 10, 3.00, 1
393, 1082, 4, 0, 1083, 1086, 4, 0, 1.00, 1
394, 1085, 3, 0, 1087, 1089, 4, 1, 1.33, 1
395, 1088, 5, 0, 7044, 7048, 5960, 5955, 1192.00, 1
396, 1091, 4, 0, 1095, 1098, 7, 3, 1.75, 1
397, 1094, 5, 0, 7049, 7053, 5959, 5954, 1191.80, 1
398, 1097, 8, 0, 1099, 1106, 9, 1, 1.12, 1
399, 1100, 2, 0, 7038, 7039, 5939, 5937, 2969.50, 1
400, 1103, 4, 0, 7040, 7043, 5940, 5936, 1485.00, 1
401, 1106, 5, 0, 1107, 1111, 5, 0, 1.00, 1
402, 1109, 2, 0, 1112, 1113, 4, 2, 2.00, 1
403, 1112, 4, 0, 1114, 1117, 5, 1, 1.25, 1
404, 1115, 4, 0, 1118, 1121, 6, 2, 1.50, 1
405, 1118, 6, 0, 1130, 1135, 17, 11, 2.83, 1
406, 1121, 3, 0, 1122, 1124, 3, 0, 1.00, 1
407, 1124, 5, 0, 1125, 1129, 5, 0, 1.00, 1
408, 1127, 7, 0, 7024, 7030, 5903, 5896, 843.29, 1
409, 1130, 5, 0, 1142, 1146, 16, 11, 3.20, 1
410, 1133, 3, 0, 1136, 1138, 5, 2, 1.67, 1
411, 1136, 3, 0, 1139, 1141, 5, 2, 1.67, 1
412, 1139, 6, 0, 7018, 7023, 5884, 5878, 980.67, 1
413, 1142, 7, 0, 7031, 7037, 5895, 5888, 842.14, 1
414, 1145, 8, 0, 1147, 1154, 9, 1, 1.12, 1
415, 1148, 1, 0, 7012, 7012, 5864, 5863, 5864.00, 1
416, 1151, 5, 0, 7013, 7017, 5866, 5861, 1173.20, 1
417, 1154, 5, 0, 1155, 1159, 5, 0, 1.00, 1
418, 1157, 7, 0, 1160, 1166, 9, 2, 1.29, 1
419, 1160, 8, 0, 6992, 6999, 5839, 5831, 729.88, 1
420, 1163, 5, 0, 1167, 1171, 8, 3, 1.60, 1
421, 1166, 5, 0, 1175, 1179, 13, 8, 2.60, 1
422, 1169, 3, 0, 1172, 1174, 5, 2, 1.67, 1
423, 1172, 6, 0, 6986, 6991, 5819, 5813, 969.83, 1
424, 1175, 2, 0, 1180, 1181, 6, 4, 3.00, 1
425, 1178, 2, 0, 1182, 1183, 5, 3, 2.50, 1
426, 1181, 4, 0, 1184, 1187, 6, 2, 1.50, 1
427, 1184, 5, 0, 1190, 1194, 10, 5, 2.00, 1
428, 1187, 2, 0, 1188, 1189, 2, 0, 1.00, 1
429, 1190, 12, 0, 7000, 7011, 5821, 5809, 485.08, 1
430, 1193, 5, 0, 1195, 1199, 6, 1, 1.20, 1
431, 1196, 6, 0, 1203, 1208, 12, 6, 2.00, 1
432, 1199, 3, 0, 1200, 1202, 3, 0, 1.00, 1
433, 1202, 6, 0, 6967, 6972, 5770, 5764, 961.67, 1
434, 1205, 13, 0, 6973, 6985, 5780, 5767, 444.62, 1
435, 1208, 7, 0, 1209, 1215, 7, 0, 1.00, 1
436, 1211, 8, 0, 6950, 6957, 5746, 5738, 718.25, 1
437, 1214, 4, 0, 1216, 1219, 5, 1, 1.25, 1
438, 1217, 3, 0, 1220, 1222, 5, 2, 1.67, 1
439, 1220, 1, 0, 1223, 1223, 3, 2, 3.00, 1
440, 1223, 3, 0, 1224, 1226, 3, 0, 1.00, 1
441, 1226, 7, 0, 1227, 1233, 7, 0, 1.00, 1
442, 1229, 9, 0, 6958, 6966, 5737, 5728, 637.44, 1
443, 1232, 6, 0, 1234, 1239, 7, 1, 1.17, 1
444, 1235, 4, 0, 1240, 1243, 8, 4, 2.00, 1
445, 1238, 14, 0, 1253, 1266, 28, 14, 2.00, 1
446, 1241, 3, 0, 1244, 1246, 5, 2, 1.67, 1
447, 1244, 4, 0, 1247, 1250, 6, 2, 1.50, 1
448, 1247, 14, 0, 6936, 6949, 5702, 5688, 407.29, 1
449, 1250, 2, 0, 1251, 1252, 2, 0, 1.00, 1
450, 1253, 3, 0, 6928, 6930, 5677, 5674, 1892.33, 1
451, 1256, 5, 0, 6931, 6935, 5679, 5674, 1135.80, 1
452, 1259, 5, 0, 6918, 6922, 5663, 5658, 1132.60, 1
453, 1262, 4, 0, 1273, 1276, 14, 10, 3.50, 1
454, 1265, 3, 0, 1267, 1269, 4, 1, 1.33, 1
455, 1268, 3, 0, 1270, 1272, 4, 1, 1.33, 1
456, 1271, 5, 0, 6923, 6927, 5656, 5651, 1131.20, 1
457, 1274, 6, 0, 1277, 1282, 8, 2, 1.33, 1
458, 1277, 7, 0, 6902, 6908, 5631, 5624, 804.43, 1
459, 1280, 4, 0, 1283, 1286, 6, 2, 1.50, 1
460, 1283, 1, 0, 1287, 1287, 4, 3, 4.00, 1
461, 1286, 3, 0, 1288, 1290, 4, 1, 1.33, 1
462, 1289, 4, 0, 1291, 1294, 5, 1, 1.25, 1
463, 1292, 6, 0, 1295, 1300, 8, 2, 1.33, 1
464, 1295, 9, 0, 6909, 6917, 5622, 5613, 624.67, 1
465, 1298, 8, 0, 1301, 1308, 10, 2, 1.25, 1
466, 1301, 8, 0, 6878, 6885, 5584, 5576, 698.00, 1
467, 1304, 7, 0, 1309, 1315, 11, 4, 1.57, 1
468, 1307, 16, 0, 6886, 6901, 5594, 5578, 349.62, 1
469, 1310, 7, 0, 6859, 6865, 5555, 5548, 793.57, 1
470, 1313, 5, 0, 1316, 1320, 7, 2, 1.40, 1
471, 1316, 12, 0, 6866, 6877, 5561, 5549, 463.42, 1
472, 1319, 14, 0, 1321, 1334, 15, 1, 1.07, 1
473, 1322, 15, 0, 6828, 6842, 5520, 5505, 368.00, 1
474, 1325, 16, 0, 6843, 6858, 5533, 5517, 345.81, 1
475, 1328, 15, 0, 6813, 6827, 5499, 5484, 366.60, 1
476, 1331, 3, 0, 1335, 1337, 6, 3, 2.00, 1
477, 1334, 5, 0, 1341, 1345, 11, 6, 2.20, 1
478, 1337, 3, 0, 1338, 1340, 3, 0, 1.00, 1
479, 1340, 6, 0, 1346, 1351, 11, 5, 1.83, 1
480, 1343, 7, 0, 6806, 6812, 5469, 5462, 781.29, 1
481, 1346, 5, 0, 1355, 1359, 13, 8, 2.60, 1
482, 1349, 3, 0, 1352, 1354, 5, 2, 1.67, 1
483, 1352, 5, 0, 6796, 6800, 5448, 5443, 1089.60, 1
484, 1355, 1, 0, 1360, 1360, 5, 4, 5.00, 1
485, 1358, 4, 0, 1361, 1364, 6, 2, 1.50, 1
486, 1361, 3, 0, 1365, 1367, 6, 3, 2.00, 1
487, 1364, 3, 0, 1368, 1370, 6, 3, 2.00, 1
488, 1367, 3, 0, 1371, 1373, 6, 3, 2.00, 1
489, 1370, 5, 0, 6801, 6805, 5435, 5430, 1087.00, 1
490, 1373, 7, 0, 1374, 1380, 7, 0, 1.00, 1
491, 1376, 4, 0, 1381, 1384, 8, 4, 2.00, 1
492, 1379, 7, 0, 1385, 1391, 12, 5, 1.71, 1
493, 1382, 8, 0, 6773, 6780, 5398, 5390, 674.75, 1
494, 1385, 6, 0, 6767, 6772, 5387, 5381, 897.83, 1
495, 1388, 5, 0, 1395, 1399, 11, 6, 2.20, 1
496, 1391, 3, 0, 1392, 1394, 3, 0, 1.00, 1
497, 1394, 15, 0, 6781, 6795, 5401, 5386, 360.07, 1
498, 1397, 4, 0, 1400, 1403, 6, 2, 1.50, 1
499, 1400, 5, 0, 1406, 1410, 10, 5, 2.00, 1
500, 1403, 2, 0, 1404, 1405, 2, 0, 1.00, 1
501, 1406, 2, 0, 1412, 1413, 7, 5, 3.50, 1
502, 1409, 1, 0, 1411, 1411, 2, 1, 2.00, 1
503, 1412, 4, 0, 1414, 1417, 5, 1, 1.25, 1
504, 1415, 5, 0, 1418, 1422, 7, 2, 1.40, 1
505, 1418, 4, 0, 1423, 1426, 8, 4, 2.00, 1
506, 1421, 4, 0, 1429, 1432, 11, 7, 2.75, 1
507, 1424, 2, 0, 1427, 1428, 4, 2, 2.00, 1
508, 1427, 16, 0, 6751, 6766, 5339, 5323, 333.69, 1
509, 1430, 2, 0, 1433, 1434, 4, 2, 2.00, 1
510, 1433, 4, 0, 1435, 1438, 5, 1, 1.25, 1
511, 1436, 5, 0, 1439, 1443, 7, 2, 1.40, 1
512, 1439, 2, 0, 1444, 1445, 6, 4, 3.00, 1
513, 1442, 3, 0, 1446, 1448, 6, 3, 2.00, 1
514, 1445, 5, 0, 1456, 1460, 15, 10, 3.00, 1
515, 1448, 4, 0, 1449, 1452, 4, 0, 1.00, 1
516, 1451, 3, 0, 1453, 1455, 4, 1, 1.33, 1
517, 1454, 5, 0, 6741, 6745, 5291, 5286, 1058.20, 1
518, 1457, 4, 0, 1461, 1464, 7, 3, 1.75, 1
519, 1460, 4, 0, 1468, 1471, 11, 7, 2.75, 1
520, 1463, 3, 0, 1465, 1467, 4, 1, 1.33, 1
521, 1466, 5, 0, 6746, 6750, 5284, 5279, 1056.80, 1
522, 1469, 4, 0, 1472, 1475, 6, 2, 1.50, 1
523, 1472, 3, 0, 1476, 1478, 6, 3, 2.00, 1
524, 1475, 5, 0, 1486, 1490, 15, 10, 3.00, 1
525, 1478, 4, 0, 1479, 1482, 4, 0, 1.00, 1
526, 1481, 3, 0, 1483, 1485, 4, 1, 1.33, 1
527, 1484, 5, 0, 6731, 6735, 5251, 5246, 1050.20, 1
528, 1487, 4, 0, 1491, 1494, 7, 3, 1.75, 1
529, 1490, 5, 0, 6736, 6740, 5250, 5245, 1050.00, 1
530, 1493, 8, 0, 1495, 1502, 9, 1, 1.12, 1
531, 1496, 2, 0, 6725, 6726, 5230, 5228, 2615.00, 1
532, 1499, 4, 0, 6727, 6730, 5231, 5227, 1307.75, 1
533, 1502, 5, 0, 1503, 1507, 5, 0, 1.00, 1
534, 1505, 2, 0, 1508, 1509, 4, 2, 2.00, 1
535, 1508, 4, 0, 1510, 1513, 5, 1, 1.25, 1
536, 1511, 4, 0, 1514, 1517, 6, 2, 1.50, 1
537, 1514, 6, 0, 1526, 1531, 17, 11, 2.83, 1
538, 1517, 3, 0, 1518, 1520, 3, 0, 1.00, 1
539, 1520, 5, 0, 1521, 1525, 5, 0, 1.00, 1
540, 1523, 7, 0, 6711, 6717, 5194, 5187, 742.00, 1
541, 1526, 5, 0, 1538, 1542, 16, 11, 3.20, 1
542, 1529, 3, 0, 1532, 1534, 5, 2, 1.67, 1
543, 1532, 3, 0, 1535, 1537, 5, 2, 1.67, 1
544, 1535, 6, 0, 6705, 6710, 5175, 5169, 862.50, 1
545, 1538, 7, 0, 6718, 6724, 5186, 5179, 740.86, 1
546, 1541, 8, 0, 1543, 1550, 9, 1, 1.12, 1
547, 1544, 1, 0, 6699, 6699, 5155, 5154, 5155.00, 1
548, 1547, 5, 0, 6700, 6704, 5157, 5152, 1031.40, 1
549, 1550, 5, 0, 1551, 1555, 5, 0, 1.00, 1
550, 1553, 7, 0, 1556, 1562, 9, 2, 1.29, 1
551, 1556, 8, 0, 6679, 6686, 5130, 5122, 641.25, 1
552, 1559, 5, 0, 1563, 1567, 8, 3, 1.60, 1
553, 1562, 5, 0, 1571, 1575, 13, 8, 2.60, 1
554, 1565, 3, 0, 1568, 1570, 5, 2, 1.67, 1
555, 1568, 6, 0, 6673, 6678, 5110, 5104, 851.67, 1
556, 1571, 2, 0, 1576, 1577, 6, 4, 3.00, 1
557, 1574, 2, 0, 1578, 1579, 5, 3, 2.50, 1
558, 1577, 4, 0, 1580, 1583, 6, 2, 1.50, 1
559, 1580, 5, 0, 1586, 1590, 10, 5, 2.00, 1
560, 1583, 2, 0, 1584, 1585, 2, 0, 1.00, 1
561, 1586, 12, 0, 6687, 6698, 5112, 5100, 426.00, 1
562, 1589, 5, 0, 1591, 1595, 6, 1, 1.20, 1
563, 1592, 6, 0, 1599, 1604, 12, 6, 2.00, 1
564, 1595, 3, 0, 1596, 1598, 3, 0, 1.00, 1
565, 1598, 6, 0, 6654, 6659, 5061, 5055, 843.50, 1
566, 1601, 13, 0, 6660, 6672, 5071, 5058, 390.08, 1
567, 1604, 7, 0, 1605, 1611, 7, 0, 1.00, 1
568, 1607, 8, 0, 6637, 6644, 5037, 5029, 629.62, 1
569, 1610, 4, 0, 1612, 1615, 5, 1, 1.25, 1
570, 1613, 3, 0, 1616, 1618, 5, 2, 1.67, 1
571, 1616, 1, 0, 1619, 1619, 3, 2, 3.00, 1
572, 1619, 3, 0, 1620, 1622, 3, 0, 1.00, 1
573, 1622, 7, 0, 1623, 1629, 7, 0, 1.00, 1
574, 1625, 9, 0, 6645, 6653, 5028, 5019, 558.67, 1
575, 1628, 6, 0, 1630, 1635, 7, 1, 1.17, 1
576, 1631, 4, 0, 1636, 1639, 8, 4, 2.00, 1
577, 1634, 14, 0, 1649, 1662, 28, 14, 2.00, 1
578, 1637, 3, 0, 1640, 1642, 5, 2, 1.67, 1
579, 1640, 4, 0, 1643, 1646, 6, 2, 1.50, 1
580, 1643, 14, 0, 6623, 6636, 4993, 4979, 356.64, 1
581, 1646, 2, 0, 1647, 1648, 2, 0, 1.00, 1
582, 1649, 3, 0, 6615, 6617, 4968, 4965, 1656.00, 1
583, 1652, 5, 0, 6618, 6622, 4970, 4965, 994.00, 1
584, 1655, 5, 0, 6605, 6609, 4954, 4949, 990.80, 1
585, 1658, 4, 0, 1669, 1672, 14, 10, 3.50, 1
586, 1661, 3, 0, 1663, 1665, 4, 1, 1.33, 1
587, 1664, 3, 0, 1666, 1668, 4, 1, 1.33, 1
588, 1667, 5, 0, 6610, 6614, 4947, 4942, 989.40, 1
589, 1670, 6, 0, 1673, 1678, 8, 2, 1.33, 1
590, 1673, 7, 0, 6589, 6595, 4922, 4915, 703.14, 1
591, 1676, 4, 0, 1679, 1682, 6, 2, 1.50, 1
592, 1679, 1, 0, 1683, 1683, 4, 3, 4.00, 1
593, 1682, 3, 0, 1684, 1686, 4, 1, 1.33, 1
594, 1685, 4, 0, 1687, 1690, 5, 1, 1.25, 1
595, 1688, 6, 0, 1691, 1696, 8, 2, 1.33, 1
596, 1691, 9, 0, 6596, 6604, 4913, 4904, 545.89, 1
597, 1694, 8, 0, 1697, 1704, 10, 2, 1.25, 1
598, 1697, 8, 0, 6565, 6572, 4875, 4867, 609.38, 1
599, 1700, 7, 0, 1705, 1711, 11, 4, 1.57, 1
600, 1703, 16, 0, 6573, 6588, 4885, 4869, 305.31, 1
601, 1706, 7, 0, 6546, 6552, 4846, 4839, 692.29, 1
602, 1709, 5, 0, 1712, 1716, 7, 2, 1.40, 1
603, 1712, 12, 0, 6553, 6564, 4852, 4840, 404.33, 1
604, 1715, 14, 0, 1717, 1730, 15, 1, 1.07, 1
605, 1718, 15, 0, 6515, 6529, 4811, 4796, 320.73, 1
606, 1721, 16, 0, 6530, 6545, 4824, 4808, 301.50, 1
607, 1724, 15, 0, 6500, 6514, 4790, 4775, 319.33, 1
608, 1727, 3, 0, 1731, 1733, 6, 3, 2.00, 1
609, 1730, 5, 0, 1737, 1741, 11, 6, 2.20, 1
610, 1733, 3, 0, 1734, 1736, 3, 0, 1.00, 1
611, 1736, 6, 0, 1742, 1747, 11, 5, 1.83, 1
612, 1739, 7, 0, 6493, 6499, 4760, 4753, 680.00, 1
613, 1742, 5, 0, 1751, 1755, 13, 8, 2.60, 1
614, 1745, 3, 0, 1748, 1750, 5, 2, 1.67, 1
615, 1748, 5, 0, 6483, 6487, 4739, 4734, 947.80, 1
616, 1751, 1, 0, 1756, 1756, 5, 4, 5.00, 1
617, 1754, 4, 0, 1757, 1760, 6, 2, 1.50, 1
618, 1757, 3, 0, 1761, 1763, 6, 3, 2.00, 1
619, 1760, 3, 0, 1764, 1766, 6, 3, 2.00, 1
620, 1763, 3, 0, 1767, 1769, 6, 3, 2.00, 1
621, 1766, 5, 0, 6488, 6492, 4726, 4721, 945.20, 1
622, 1769, 7, 0, 1770, 1776, 7, 0, 1.00, 1
623, 1772, 4, 0, 1777, 1780, 8, 4, 2.00, 1
624, 1775, 7, 0, 1781, 1787, 12, 5, 1.71, 1
625, 1778, 8, 0, 6460, 6467, 4689, 4681, 586.12, 1
626, 1781, 6, 0, 6454, 6459, 4678, 4672, 779.67, 1
627, 1784, 5, 0, 1791, 1795, 11, 6, 2.20, 1
628, 1787, 3, 0, 1788, 1790, 3, 0, 1.00, 1
629, 1790, 15, 0, 6468, 6482, 4692, 4677, 312.80, 1
630, 1793, 4, 0, 1796, 1799, 6, 2, 1.50, 1
631, 1796, 5, 0, 1802, 1806, 10, 5, 2.00, 1
632, 1799, 2, 0, 1800, 1801, 2, 0, 1.00, 1
633, 1802, 2, 0, 1808, 1809, 7, 5, 3.50, 1
634, 1805, 1, 0, 1807, 1807, 2, 1, 2.00, 1
635, 1808, 4, 0, 1810, 1813, 5, 1, 1.25, 1
636, 1811, 5, 0, 1814, 1818, 7, 2, 1.40, 1
637, 1814, 4, 0, 1819, 1822, 8, 4, 2.00, 1
638, 1817, 4, 0, 1825, 1828, 11, 7, 2.75, 1
639, 1820, 2, 0, 1823, 1824, 4, 2, 2.00, 1
640, 1823, 16, 0, 6438, 6453, 4630, 4614, 289.38, 1
641, 1826, 2, 0, 1829, 1830, 4, 2, 2.00, 1
642, 1829, 4, 0, 1831, 1834, 5, 1, 1.25, 1
643, 1832, 5, 0, 1835, 1839, 7, 2, 1.40, 1
644, 1835, 2, 0, 1840, 1841, 6, 4, 3.00, 1
645, 1838, 3, 0, 1842, 1844, 6, 3, 2.00, 1
646, 1841, 5, 0, 1852, 1856, 15, 10, 3.00, 1
647, 1844, 4, 0, 1845, 1848, 4, 0, 1.00, 1
648, 1847, 3, 0, 1849, 1851, 4, 1, 1.33, 1
649, 1850, 5, 0, 6428, 6432, 4582, 4577, 916.40, 1
650, 1853, 4, 0, 1857, 1860, 7, 3, 1.75, 1
651, 1856, 4, 0, 1864, 1867, 11, 7, 2.75, 1
652, 1859, 3, 0, 1861, 1863, 4, 1, 1.33, 1
653, 1862, 5, 0, 6433, 6437, 4575, 4570, 915.00, 1
654, 1865, 4, 0, 1868, 1871, 6, 2, 1.50, 1
655, 1868, 3, 0, 1872, 1874, 6, 3, 2.00, 1
656, 1871, 5, 0, 1882, 1886, 15, 10, 3.00, 1
657, 1874, 4, 0, 1875, 1878, 4, 0, 1.00, 1
658, 1877, 3, 0, 1879, 1881, 4, 1, 1.33, 1
659, 1880, 5, 0, 6418, 6422, 4542, 4537, 908.40, 1
660, 1883, 4, 0, 1887, 1890, 7, 3, 1.75, 1
661, 1886, 5, 0, 6423, 6427, 4541, 4536, 908.20, 1
662, 1889, 8, 0, 1891, 1898, 9, 1, 1.12, 1
663, 1892, 2, 0, 6412, 6413, 4521, 4519, 2260.50, 1
664, 1895, 4, 0, 6414, 6417, 4522, 4518, 1130.50, 1
665, 1898, 5, 0, 1899, 1903, 5, 0, 1.00, 1
666, 1901, 2, 0, 1904, 1905, 4, 2, 2.00, 1
667, 1904, 4, 0, 1906, 1909, 5, 1, 1.25, 1
668, 1907, 4, 0, 1910, 1913, 6, 2, 1.50, 1
669, 1910, 6, 0, 1922, 1927, 17, 11, 2.83, 1
670, 1913, 3, 0, 1914, 1916, 3, 0, 1.00, 1
671, 1916, 5, 0, 1917, 1921, 5, 0, 1.00, 1
672, 1919, 7, 0, 6398, 6404, 4485, 4478, 640.71, 1
673, 1922, 5, 0, 1934, 1938, 16, 11, 3.20, 1
674, 1925, 3, 0, 1928, 1930, 5, 2, 1.67, 1
675, 1928, 3, 0, 1931, 1933, 5, 2, 1.67, 1
676, 1931, 6, 0, 6392, 6397, 4466, 4460, 744.33, 1
677, 1934, 7, 0, 6405, 6411, 4477, 4470, 639.57, 1
678, 1937, 8, 0, 1939, 1946, 9, 1, 1.12, 1
679, 1940, 1, 0, 6386, 6386, 4446, 4445, 4446.00, 1
680, 1943, 5, 0, 6387, 6391, 4448, 4443, 889.60, 1
681, 1946, 5, 0, 1947, 1951, 5, 0, 1.00, 1
682, 1949, 7, 0, 1952, 1958, 9, 2, 1.29, 1
683, 1952, 8, 0, 6366, 6373, 4421, 4413, 552.62, 1
684, 1955, 5, 0, 1959, 1963, 8, 3, 1.60, 1
685, 1958, 5, 0, 1967, 1971, 13, 8, 2.60, 1
686, 1961, 3, 0, 1964, 1966, 5, 2, 1.67, 1
687, 1964, 6, 0, 6360, 6365, 4401, 4395, 733.50, 1
688, 1967, 2, 0, 1972, 1973, 6, 4, 3.00, 1
689, 1970, 2, 0, 1974, 1975, 5, 3, 2.50, 1
690, 1973, 4, 0, 1976, 1979, 6, 2, 1.50, 1
691, 1976, 5, 0, 1982, 1986, 10, 5, 2.00, 1
692, 1979, 2, 0, 1980, 1981, 2, 0, 1.00, 1
693, 1982, 12, 0, 6374, 6385, 4403, 4391, 366.92, 1
694, 1985, 5, 0, 1987, 1991, 6, 1, 1.20, 1
695, 1988, 6, 0, 1995, 2000, 12, 6, 2.00, 1
696, 1991, 3, 0, 1992, 1994, 3, 0, 1.00, 1
697, 1994, 6, 0, 6341, 6346, 4352, 4346, 725.33, 1
698, 1997, 13, 0, 6347, 6359, 4362, 4349, 335.54, 1
699, 2000, 7, 0, 2001, 2007, 7, 0, 1.00, 1
700, 2003, 8, 0, 6324, 6331, 4328, 4320, 541.00, 1
701, 2006, 4, 0, 2008, 2011, 5, 1, 1.25, 1
702, 2009, 3, 0, 2012, 2014, 5, 2, 1.67, 1
703, 2012, 1, 0, 2015, 2015, 3, 2, 3.00, 1
704, 2015, 3, 0, 2016, 2018, 3, 0, 1.00, 1
705, 2018, 7, 0, 2019, 2025, 7, 0, 1.00, 1
706, 2021, 9, 0, 6332, 6340, 4319, 4310, 479.89, 1
707, 2024, 6, 0, 2026, 2031, 7, 1, 1.17, 1
708, 2027, 4, 0, 2032, 2035, 8, 4, 2.00, 1
709, 2030, 14, 0, 2045, 2058, 28, 14, 2.00, 1
710, 2033, 3, 0, 2036, 2038, 5, 2, 1.67, 1
711, 2036, 4, 0, 2039, 2042, 6, 2, 1.50, 1
712, 2039, 14, 0, 6310, 6323, 4284, 4270, 306.00, 1
713, 2042, 2, 0, 2043, 2044, 2, 0, 1.00, 1
714, 2045, 3, 0, 6302, 6304, 4259, 4256, 1419.67, 1
715, 2048, 5, 0, 6305, 6309, 4261, 4256, 852.20, 1
716, 2051, 5, 0, 6292, 6296, 4245, 4240, 849.00, 1
717, 2054, 4, 0, 2065, 2068, 14, 10, 3.50, 1
718, 2057, 3, 0, 2059, 2061, 4, 1, 1.33, 1
719, 2060, 3, 0, 2062, 2064, 4, 1, 1.33, 1
720, 2063, 5, 0, 6297, 6301, 4238, 4233, 847.60, 1
721, 2066, 6, 0, 2069, 2074, 8, 2, 1.33, 1
722, 2069, 7, 0, 6276, 6282, 4213, 4206, 601.86, 1
723, 2072, 4, 0, 2075, 2078, 6, 2, 1.50, 1
724, 2075, 1, 0, 2079, 2079, 4, 3, 4.00, 1
725, 2078, 3, 0, 2080, 2082, 4, 1, 1.33, 1
726, 2081, 4, 0, 2083, 2086, 5, 1, 1.25, 1
727, 2084, 6, 0, 2087, 2092, 8, 2, 1.33, 1
728, 2087, 9, 0, 6283, 6291, 4204, 4195, 467.11, 1
729, 2090, 8, 0, 2093, 2100, 10, 2, 1.25, 1
730, 2093, 8, 0, 6252, 6259, 4166, 4158, 520.75, 1
731, 2096, 7, 0, 2101, 2107, 11, 4, 1.57, 1
732, 2099, 16, 0, 6260, 6275, 4176, 4160, 261.00, 1
733, 2102, 7, 0, 6233, 6239, 4137, 4130, 591.00, 1
734, 2105, 5, 0, 2108, 2112, 7, 2, 1.40, 1
735, 2108, 12, 0, 6240, 6251, 4143, 4131, 345.25, 1
736, 2111, 14, 0, 2113, 2126, 15, 1, 1.07, 1
737, 2114, 15, 0, 6202, 6216, 4102, 4087, 273.47, 1
738, 2117, 16, 0, 6217, 6232, 4115, 4099, 257.19, 1
739, 2120, 15, 0, 6187, 6201, 4081, 4066, 272.07, 1
740, 2123, 3, 0, 2127, 2129, 6, 3, 2.00, 1
741, 2126, 5, 0, 2133, 2137, 11, 6, 2.20, 1
742, 2129, 3, 0, 2130, 2132, 3, 0, 1.00, 1
743, 2132, 6, 0, 2138, 2143, 11, 5, 1.83, 1
744, 2135, 7, 0, 6180, 6186, 4051, 4044, 578.71, 1
745, 2138, 5, 0, 2147, 2151, 13, 8, 2.60, 1
746, 2141, 3, 0, 2144, 2146, 5, 2, 1.67, 1
747, 2144, 5, 0, 6170, 6174, 4030, 4025, 806.00, 1
748, 2147, 1, 0, 2152, 2152, 5, 4, 5.00, 1
749, 2150, 4, 0, 2153, 2156, 6, 2, 1.50, 1
750, 2153, 3, 0, 2157, 2159, 6, 3, 2.00, 1
751, 2156, 3, 0, 2160, 2162, 6, 3, 2.00, 1
752, 2159, 3, 0, 2163, 2165, 6, 3, 2.00, 1
753, 2162, 5, 0, 6175, 6179, 4017, 4012, 803.40, 1
754, 2165, 7, 0, 2166, 2172, 7, 0, 1.00, 1
755, 2168, 4, 0, 2173, 2176, 8, 4, 2.00, 1
756, 2171, 7, 0, 2177, 2183, 12, 5, 1.71, 1
757, 2174, 8, 0, 6147, 6154, 3980, 3972, 497.50, 1
758, 2177, 6, 0, 6141, 6146, 3969, 3963, 661.50, 1
759, 2180, 5, 0, 2187, 2191, 11, 6, 2.20, 1
760, 2183, 3, 0, 2184, 2186, 3, 0, 1.00, 1
761, 2186, 15, 0, 6155, 6169, 3983, 3968, 265.53, 1
762, 2189, 4, 0, 2192, 2195, 6, 2, 1.50, 1
763, 2192, 5, 0, 2198, 2202, 10, 5, 2.00, 1
764, 2195, 2, 0, 2196, 2197, 2, 0, 1.00, 1
765, 2198, 2, 0, 2204, 2205, 7, 5, 3.50, 1
766, 2201, 1, 0, 2203, 2203, 2, 1, 2.00, 1
767, 2204, 4, 0, 2206, 2209, 5, 1, 1.25, 1
768, 2207, 5, 0, 2210, 2214, 7, 2, 1.40, 1
769, 2210, 4, 0, 2215, 2218, 8, 4, 2.00, 1
770, 2213, 4, 0, 2221, 2224, 11, 7, 2.75, 1
771, 2216, 2, 0, 2219, 2220, 4, 2, 2.00, 1
772, 2219, 16, 0, 6125, 6140, 3921, 3905, 245.06, 1
773, 2222, 2, 0, 2225, 2226, 4, 2, 2.00, 1
774, 2225, 4, 0, 2227, 2230, 5, 1, 1.25, 1
775, 2228, 5, 0, 2231, 2235, 7, 2, 1.40, 1
776, 2231, 2, 0, 2236, 2237, 6, 4, 3.00, 1
777, 2234, 3, 0, 2238, 2240, 6, 3, 2.00, 1
778, 2237, 5, 0, 2248, 2252, 15, 10, 3.00, 1
779, 2240, 4, 0, 2241, 2244, 4, 0, 1.00, 1
780, 2243, 3, 0, 2245, 2247, 4, 1, 1.33, 1
781, 2246, 5, 0, 6115, 6119, 3873, 3868, 774.60, 1
782, 2249, 4, 0, 2253, 2256, 7, 3, 1.75, 1
783, 2252, 4, 0, 2260, 2263, 11, 7, 2.75, 1
784, 2255, 3, 0, 2257, 2259, 4, 1, 1.33, 1
785, 2258, 5, 0, 6120, 6124, 3866, 3861, 773.20, 1
786, 2261, 4, 0, 2264, 2267, 6, 2, 1.50, 1
787, 2264, 3, 0, 2268, 2270, 6, 3, 2.00, 1
788, 2267, 5, 0, 2278, 2282, 15, 10, 3.00, 1
789, 2270, 4, 0, 2271, 2274, 4, 0, 1.00, 1
790, 2273, 3, 0, 2275, 2277, 4, 1, 1.33, 1
791, 2276, 5, 0, 6105, 6109, 3833, 3828, 766.60, 1
792, 2279, 4, 0, 2283, 2286, 7, 3, 1.75, 1
793, 2282, 5, 0, 6110, 6114, 3832, 3827, 766.40, 1
794, 2285, 8, 0, 2287, 2294, 9, 1, 1.12, 1
795, 2288, 2, 0, 6099, 6100, 3812, 3810, 1906.00, 1
796, 2291, 4, 0, 6101, 6104, 3813, 3809, 953.25, 1
797, 2294, 5, 0, 2295, 2299, 5, 0, 1.00, 1
798, 2297, 2, 0, 2300, 2301, 4, 2, 2.00, 1
799, 2300, 4, 0, 2302, 2305, 5, 1, 1.25, 1
800, 2303, 4, 0, 2306, 2309, 6, 2, 1.50, 1
801, 2306, 6, 0, 2318, 2323, 17, 11, 2.83, 1
802, 2309, 3, 0, 2310, 2312, 3, 0, 1.00, 1
803, 2312, 5, 0, 2313, 2317, 5, 0, 1.00, 1
804, 2315, 7, 0, 6085, 6091, 3776, 3769, 539.43, 1
805, 2318, 5, 0, 2330, 2334, 16, 11, 3.20, 1
806, 2321, 3, 0, 2324, 2326, 5, 2, 1.67, 1
807, 2324, 3, 0, 2327, 2329, 5, 2, 1.67, 1
808, 2327, 6, 0, 6079, 6084, 3757, 3751, 626.17, 1
809, 2330, 7, 0, 6092, 6098, 3768, 3761, 538.29, 1
810, 2333, 8, 0, 2335, 2342, 9, 1, 1.12, 1
811, 2336, 1, 0, 6073, 6073, 3737, 3736, 3737.00, 1
812, 2339, 5, 0, 6074, 6078, 3739, 3734, 747.80, 1
813, 2342, 5, 0, 2343, 2347, 5, 0, 1.00, 1
814, 2345, 7, 0, 2348, 2354, 9, 2, 1.29, 1
815, 2348, 8, 0, 6053, 6060, 3712, 3704, 464.00, 1
816, 2351, 5, 0, 2355, 2359, 8, 3, 1.60, 1
817, 2354, 5, 0, 2363, 2367, 13, 8, 2.60, 1
818, 2357, 3, 0, 2360, 2362, 5, 2, 1.67, 1
819, 2360, 6, 0, 6047, 6052, 3692, 3686, 615.33, 1
820, 2363, 2, 0, 2368, 2369, 6, 4, 3.00, 1
821, 2366, 2, 0, 2370, 2371, 5, 3, 2.50, 1
822, 2369, 4, 0, 2372, 2375, 6, 2, 1.50, 1
823, 2372, 5, 0, 2378, 2382, 10, 5, 2.00, 1
824, 2375, 2, 0, 2376, 2377, 2, 0, 1.00, 1
825, 2378, 12, 0, 6061, 6072, 3694, 3682, 307.83, 1
826, 2381, 5, 0, 2383, 2387, 6, 1, 1.20, 1
827, 2384, 6, 0, 2391, 2396, 12, 6, 2.00, 1
828, 2387, 3, 0, 2388, 2390, 3, 0, 1.00, 1
829, 2390, 6, 0, 6028, 6033, 3643, 3637, 607.17, 1
830, 2393, 13, 0, 6034, 6046, 3653, 3640, 281.00, 1
831, 2396, 7, 0, 2397, 2403, 7, 0, 1.00, 1
832, 2399, 8, 0, 6011, 6018, 3619, 3611, 452.38, 1
833, 2402, 4, 0, 2404, 2407, 5, 1, 1.25, 1
834, 2405, 3, 0, 2408, 2410, 5, 2, 1.67, 1
835, 2408, 1, 0, 2411, 2411, 3, 2, 3.00, 1
836, 2411, 3, 0, 2412, 2414, 3, 0, 1.00, 1
837, 2414, 7, 0, 2415, 2421, 7, 0, 1.00, 1
838, 2417, 9, 0, 6019, 6027, 3610, 3601, 401.11, 1
839, 2420, 6, 0, 2422, 2427, 7, 1, 1.17, 1
840, 2423, 4, 0, 2428, 2431, 8, 4, 2.00, 1
841, 2426, 14, 0, 2441, 2454, 28, 14, 2.00, 1
842, 2429, 3, 0, 2432, 2434, 5, 2, 1.67, 1
843, 2432, 4, 0, 2435, 2438, 6, 2, 1.50, 1
844, 2435, 14, 0, 5997, 6010, 3575, 3561, 255.36, 1
845, 2438, 2, 0, 2439, 2440, 2, 0, 1.00, 1
846, 2441, 3, 0, 5989, 5991, 3550, 3547, 1183.33, 1
847, 2444, 5, 0, 5992, 5996, 3552, 3547, 710.40, 1
848, 2447, 5, 0, 5979, 5983, 3536, 3531, 707.20, 1
849, 2450, 4, 0, 2461, 2464, 14, 10, 3.50, 1
850, 2453, 3, 0, 2455, 2457, 4, 1, 1.33, 1
851, 2456, 3, 0, 2458, 2460, 4, 1, 1.33, 1
852, 2459, 5, 0, 5984, 5988, 3529, 3524, 705.80, 1
853, 2462, 6, 0, 2465, 2470, 8, 2, 1.33, 1
854, 2465, 7, 0, 5963, 5969, 3504, 3497, 500.57, 1
855, 2468, 4, 0, 2471, 2474, 6, 2, 1.50, 1
856, 2471, 1, 0, 2475, 2475, 4, 3, 4.00, 1
857, 2474, 3, 0, 2476, 2478, 4, 1, 1.33, 1
858, 2477, 4, 0, 2479, 2482, 5, 1, 1.25, 1
859, 2480, 6, 0, 2483, 2488, 8, 2, 1.33, 1
860, 2483, 9, 0, 5970, 5978, 3495, 3486, 388.33, 1
861, 2486, 8, 0, 2489, 2496, 10, 2, 1.25, 1
862, 2489, 8, 0, 5939, 5946, 3457, 3449, 432.12, 1
863, 2492, 7, 0, 2497, 2503, 11, 4, 1.57, 1
864, 2495, 16, 0, 5947, 5962, 3467, 3451, 216.69, 1
865, 2498, 7, 0, 5920, 5926, 3428, 3421, 489.71, 1
866, 2501, 5, 0, 2504, 2508, 7, 2, 1.40, 1
867, 2504, 12, 0, 5927, 5938, 3434, 3422, 286.17, 1
868, 2507, 14, 0, 2509, 2522, 15, 1, 1.07, 1
869, 2510, 15, 0, 5889, 5903, 3393, 3378, 226.20, 1
870, 2513, 16, 0, 5904, 5919, 3406, 3390, 212.88, 1
871, 2516, 15, 0, 5874, 5888, 3372, 3357, 224.80, 1
872, 2519, 3, 0, 2523, 2525, 6, 3, 2.00, 1
873, 2522, 5, 0, 2529, 2533, 11, 6, 2.20, 1
874, 2525, 3, 0, 2526, 2528, 3, 0, 1.00, 1
875, 2528, 6, 0, 2534, 2539, 11, 5, 1.83, 1
876, 2531, 7, 0, 5867, 5873, 3342, 3335, 477.43, 1
877, 2534, 5, 0, 2543, 2547, 13, 8, 2.60, 1
878, 2537, 3, 0, 2540, 2542, 5, 2, 1.67, 1
879, 2540, 5, 0, 5857, 5861, 3321, 3316, 664.20, 1
880, 2543, 1, 0, 2548, 2548, 5, 4, 5.00, 1
881, 2546, 4, 0, 2549, 2552, 6, 2, 1.50, 1
882, 2549, 3, 0, 2553, 2555, 6, 3, 2.00, 1
883, 2552, 3, 0, 2556, 2558, 6, 3, 2.00, 1
884, 2555, 3, 0, 2559, 2561, 6, 3, 2.00, 1
885, 2558, 5, 0, 5862, 5866, 3308, 3303, 661.60, 1
886, 2561, 7, 0, 2562, 2568, 7, 0, 1.00, 1
887, 2564, 4, 0, 2569, 2572, 8, 4, 2.00, 1
888, 2567, 7, 0, 2573, 2579, 12, 5, 1.71, 1
889, 2570, 8, 0, 5834, 5841, 3271, 3263, 408.88, 1
890, 2573, 6, 0, 5828, 5833, 3260, 3254, 543.33, 1
891, 2576, 5, 0, 2583, 2587, 11, 6, 2.20, 1
892, 2579, 3, 0, 2580, 2582, 3, 0, 1.00, 1
893, 2582, 15, 0, 5842, 5856, 3274, 3259, 218.27, 1
894, 2585, 4, 0, 2588, 2591, 6, 2, 1.50, 1
895, 2588, 5, 0, 2594, 2598, 10, 5, 2.00, 1
896, 2591, 2, 0, 2592, 2593, 2, 0, 1.00, 1
897, 2594, 2, 0, 2600, 2601, 7, 5, 3.50, 1
898, 2597, 1, 0, 2599, 2599, 2, 1, 2.00, 1
899, 2600, 4, 0, 2602, 2605, 5, 1, 1.25, 1
900, 2603, 5, 0, 2606, 2610, 7, 2, 1.40, 1
901, 2606, 4, 0, 2611, 2614, 8, 4, 2.00, 1
902, 2609, 4, 0, 2617, 2620, 11, 7, 2.75, 1
903, 2612, 2, 0, 2615, 2616, 4, 2, 2.00, 1
904, 2615, 16, 0, 5812, 5827, 3212, 3196, 200.75, 1
905, 2618, 2, 0, 2621, 2622, 4, 2, 2.00, 1
906, 2621, 4, 0, 2623, 2626, 5, 1, 1.25, 1
907, 2624, 5, 0, 2627, 2631, 7, 2, 1.40, 1
908, 2627, 2, 0, 2632, 2633, 6, 4, 3.00, 1
909, 2630, 3, 0, 2634, 2636, 6, 3, 2.00, 1
910, 2633, 5, 0, 2644, 2648, 15, 10, 3.00, 1
911, 2636, 4, 0, 2637, 2640, 4, 0, 1.00, 1
912, 2639, 3, 0, 2641, 2643, 4, 1, 1.33, 1
913, 2642, 5, 0, 5802, 5806, 3164, 3159, 632.80, 1
914, 2645, 4, 0, 2649, 2652, 7, 3, 1.75, 1
915, 2648, 4, 0, 2656, 2659, 11, 7, 2.75, 1
916, 2651, 3, 0, 2653, 2655, 4, 1, 1.33, 1
917, 2654, 5, 0, 5807, 5811, 3157, 3152, 631.40, 1
918, 2657, 4, 0, 2660, 2663, 6, 2, 1.50, 1
919, 2660, 3, 0, 2664, 2666, 6, 3, 2.00, 1
920, 2663, 5, 0, 2674, 2678, 15, 10, 3.00, 1
921, 2666, 4, 0, 2667, 2670, 4, 0, 1.00, 1
922, 2669, 3, 0, 2671, 2673, 4, 1, 1.33, 1
923, 2672, 5, 0, 5792, 5796, 3124, 3119, 624.80, 1
924, 2675, 4, 0, 2679, 2682, 7, 3, 1.75, 1
925, 2678, 5, 0, 5797, 5801, 3123, 3118, 624.60, 1
926, 2681, 8, 0, 2683, 2690, 9, 1, 1.12, 1
927, 2684, 2, 0, 5786, 5787, 3103, 3101, 1551.50, 1
928, 2687, 4, 0, 5788, 5791, 3104, 3100, 776.00, 1
929, 2690, 5, 0, 2691, 2695, 5, 0, 1.00, 1
930, 2693, 2, 0, 2696, 2697, 4, 2, 2.00, 1
931, 2696, 4, 0, 2698, 2701, 5, 1, 1.25, 1
932, 2699, 4, 0, 2702, 2705, 6, 2, 1.50, 1
933, 2702, 6, 0, 2714, 2719, 17, 11, 2.83, 1
934, 2705, 3, 0, 2706, 2708, 3, 0, 1.00, 1
935, 2708, 5, 0, 2709, 2713, 5, 0, 1.00, 1
936, 2711, 7, 0, 5772, 5778, 3067, 3060, 438.14, 1
937, 2714, 5, 0, 2726, 2730, 16, 11, 3.20, 1
938, 2717, 3, 0, 2720, 2722, 5, 2, 1.67, 1
939, 2720, 3, 0, 2723, 2725, 5, 2, 1.67, 1
940, 2723, 6, 0, 5766, 5771, 3048, 3042, 508.00, 1
941, 2726, 7, 0, 5779, 5785, 3059, 3052, 437.00, 1
942, 2729, 8, 0, 2731, 2738, 9, 1, 1.12, 1
943, 2732, 1, 0, 5760, 5760, 3028, 3027, 3028.00, 1
944, 2735, 5, 0, 5761, 5765, 3030, 3025, 606.00, 1
945, 2738, 5, 0, 2739, 2743, 5, 0, 1.00, 1
946, 2741, 7, 0, 2744, 2750, 9, 2, 1.29, 1
947, 2744, 8, 0, 5740, 5747, 3003, 2995, 375.38, 1
948, 2747, 5, 0, 2751, 2755, 8, 3, 1.60, 1
949, 2750, 5, 0, 2759, 2763, 13, 8, 2.60, 1
950, 2753, 3, 0, 2756, 2758, 5, 2, 1.67, 1
951, 2756, 6, 0, 5734, 5739, 2983, 2977, 497.17, 1
952, 2759, 2, 0, 2764, 2765, 6, 4, 3.00, 1
953, 2762, 2, 0, 2766, 2767, 5, 3, 2.50, 1
954, 2765, 4, 0, 2768, 2771, 6, 2, 1.50, 1
955, 2768, 5, 0, 2774, 2778, 10, 5, 2.00, 1
956, 2771, 2, 0, 2772, 2773, 2, 0, 1.00, 1
957, 2774, 12, 0, 5748, 5759, 2985, 2973, 248.75, 1
958, 2777, 5, 0, 2779, 2783, 6, 1, 1.20, 1
959, 2780, 6, 0, 2787, 2792, 12, 6, 2.00, 1
960, 2783, 3, 0, 2784, 2786, 3, 0, 1.00, 1
961, 2786, 6, 0, 5715, 5720, 2934, 2928, 489.00, 1
962, 2789, 13, 0, 5721, 5733, 2944, 2931, 226.46, 1
963, 2792, 70, 0, 2793, 2862, 70, 0, 1.00, 1
964, 2795, 8, 0, 5707, 5714, 2919, 2911, 364.88, 1
965, 2798, 4, 0, 5703, 5706, 2908, 2904, 727.00, 1
966, 2801, 3, 0, 5697, 5699, 2898, 2895, 966.00, 1
967, 2804, 1, 0, 5696, 5696, 2892, 2891, 2892.00, 1
968, 2807, 3, 0, 5700, 5702, 2895, 2892, 965.00, 1
969, 2810, 7, 0, 5680, 5686, 2876, 2869, 410.86, 1
970, 2813, 9, 0, 5687, 5695, 2882, 2873, 320.22, 1
971, 2816, 6, 0, 5660, 5665, 2849, 2843, 474.83, 1
972, 2819, 4, 0, 5656, 5659, 2840, 2836, 710.00, 1
973, 2822, 14, 0, 5666, 5679, 2857, 2843, 204.07, 1
974, 2825, 3, 0, 5649, 5651, 2826, 2823, 942.00, 1
975, 2828, 4, 0, 5652, 5655, 2827, 2823, 706.75, 1
976, 2831, 14, 0, 5635, 5648, 2817, 2803, 201.21, 1
977, 2834, 2, 0, 5630, 5631, 2797, 2795, 1398.50, 1
978, 2837, 3, 0, 5632, 5634, 2797, 2794, 932.33, 1
979, 2840, 5, 0, 5620, 5624, 2784, 2779, 556.80, 1
980, 2843, 5, 0, 5625, 5629, 2786, 2781, 557.20, 1
981, 2846, 4, 0, 5616, 5619, 2773, 2769, 693.25, 1
982, 2849, 3, 0, 5610, 5612, 2763, 2760, 921.00, 1
983, 2852, 3, 0, 5613, 5615, 2763, 2760, 921.00, 1
984, 2855, 5, 0, 5599, 5603, 2748, 2743, 549.60, 1
985, 2858, 6, 0, 5604, 5609, 2751, 2745, 458.50, 1
986, 2861, 7, 0, 2863, 2869, 8, 1, 1.14, 1
987, 2864, 4, 0, 2874, 2877, 13, 9, 3.25, 1
988, 2867, 1, 0, 2870, 2870, 3, 2, 3.00, 1
989, 2870, 3, 0, 2871, 2873, 3, 0, 1.00, 1
990, 2873, 4, 0, 2878, 2881, 8, 4, 2.00, 1
991, 2876, 6, 0, 2882, 2887, 11, 5, 1.83, 1
992, 2879, 9, 0, 5574, 5582, 2703, 2694, 300.33, 1
993, 2882, 8, 0, 2888, 2895, 13, 5, 1.62, 1
994, 2885, 8, 0, 5566, 5573, 2688, 2680, 336.00, 1
995, 2888, 7, 0, 5559, 5565, 2677, 2670, 382.43, 1
996, 2891, 16, 0, 5583, 5598, 2707, 2691, 169.19, 1
997, 2894, 7, 0, 2896, 2902, 8, 1, 1.14, 1
998, 2897, 5, 0, 2903, 2907, 10, 5, 2.00, 1
999, 2900, 12, 0, 5533, 5544, 2644, 2632, 220.33, 1
1000, 2903, 14, 0, 5545, 5558, 2655, 2641, 189.64, 1
1001, 2906, 15, 0, 2908, 2922, 16, 1, 1.07, 1
1002, 2909, 16, 0, 5517, 5532, 2623, 2607, 163.94, 1
1003, 2912, 15, 0, 5502, 5516, 2604, 2589, 173.60, 1
1004, 2915, 3, 0, 5494, 5496, 2581, 2578, 860.33, 1
1005, 2918, 5, 0, 5497, 5501, 2583, 2578, 516.60, 1
1006, 2921, 3, 0, 2923, 2925, 4, 1, 1.33, 1
1007, 2924, 6, 0, 2926, 2931, 7, 1, 1.17, 1
1008, 2927, 7, 0, 5480, 5486, 2559, 2552, 365.57, 1
1009, 2930, 5, 0, 2932, 2936, 6, 1, 1.20, 1
1010, 2933, 3, 0, 2937, 2939, 6, 3, 2.00, 1
1011, 2936, 5, 0, 2941, 2945, 9, 4, 1.80, 1
1012, 2939, 1, 0, 2940, 2940, 1, 0, 1.00, 1
1013, 2942, 4, 0, 2955, 2958, 16, 12, 4.00, 1
1014, 2945, 3, 0, 2946, 2948, 3, 0, 1.00, 1
1015, 2948, 3, 0, 2949, 2951, 3, 0, 1.00, 1
1016, 2951, 3, 0, 2952, 2954, 3, 0, 1.00, 1
1017, 2954, 5, 0, 2959, 2963, 9, 4, 1.80, 1
1018, 2957, 7, 0, 5487, 5493, 2536, 2529, 362.29, 1
1019, 2960, 4, 0, 2964, 2967, 7, 3, 1.75, 1
1020, 2963, 7, 0, 2968, 2974, 11, 4, 1.57, 1
1021, 2966, 8, 0, 5457, 5464, 2498, 2490, 312.25, 1
1022, 2969, 6, 0, 5451, 5456, 2487, 2481, 414.50, 1
1023, 2972, 5, 0, 2975, 2979, 7, 2, 1.40, 1
1024, 2975, 3, 0, 2980, 2982, 7, 4, 2.33, 1
1025, 2978, 15, 0, 5465, 5479, 2501, 2486, 166.73, 1
1026, 2981, 4, 0, 2983, 2986, 5, 1, 1.25, 1
1027, 2984, 5, 0, 2987, 2991, 7, 2, 1.40, 1
1028, 2987, 2, 0, 2992, 2993, 6, 4, 3.00, 1
1029, 2990, 2, 0, 2995, 2996, 6, 4, 3.00, 1
1030, 2993, 1, 0, 2994, 2994, 1, 0, 1.00, 1
1031, 2996, 4, 0, 2997, 3000, 4, 0, 1.00, 1
1032, 2999, 5, 0, 3001, 3005, 6, 1, 1.20, 1
1033, 3002, 4, 0, 3006, 3009, 7, 3, 1.75, 1
1034, 3005, 4, 0, 3012, 3015, 10, 6, 2.50, 1
1035, 3008, 2, 0, 3010, 3011, 3, 1, 1.50, 1
1036, 3011, 16, 0, 5435, 5450, 2439, 2423, 152.44, 1
1037, 3014, 2, 0, 3016, 3017, 3, 1, 1.50, 1
1038, 3017, 4, 0, 3018, 3021, 4, 0, 1.00, 1
1039, 3020, 5, 0, 3022, 3026, 6, 1, 1.20, 1
1040, 3023, 2, 0, 3027, 3028, 5, 3, 2.50, 1
1041, 3026, 3, 0, 3029, 3031, 5, 2, 1.67, 1
1042, 3029, 5, 0, 3032, 3036, 7, 2, 1.40, 1
1043, 3032, 4, 0, 3040, 3043, 11, 7, 2.75, 1
1044, 3035, 3, 0, 3037, 3039, 4, 1, 1.33, 1
1045, 3038, 5, 0, 5425, 5429, 2391, 2386, 478.20, 1
1046, 3041, 4, 0, 3044, 3047, 6, 2, 1.50, 1
1047, 3044, 4, 0, 3051, 3054, 10, 6, 2.50, 1
1048, 3047, 3, 0, 3048, 3050, 3, 0, 1.00, 1
1049, 3050, 5, 0, 5430, 5434, 2384, 2379, 476.80, 1
1050, 3053, 4, 0, 3055, 3058, 5, 1, 1.25, 1
1051, 3056, 3, 0, 3059, 3061, 5, 2, 1.67, 1
1052, 3059, 5, 0, 3062, 3066, 7, 2, 1.40, 1
1053, 3062, 4, 0, 3070, 3073, 11, 7, 2.75, 1
1054, 3065, 3, 0, 3067, 3069, 4, 1, 1.33, 1
1055, 3068, 5, 0, 3092, 3096, 28, 23, 5.60, 1
1056, 3071, 4, 0, 3074, 3077, 6, 2, 1.50, 1
1057, 3074, 1, 0, 3078, 3078, 4, 3, 4.00, 1
1058, 3077, 4, 0, 3079, 3082, 5, 1, 1.25, 1
1059, 3080, 3, 0, 3083, 3085, 5, 2, 1.67, 1
1060, 3083, 3, 0, 3086, 3088, 5, 2, 1.67, 1
1061, 3086, 3, 0, 3089, 3091, 5, 2, 1.67, 1
1062, 3089, 5, 0, 5413, 5417, 2328, 2323, 465.60, 1
1063, 3092, 7, 0, 5418, 5424, 2332, 2325, 333.14, 1
1064, 3095, 4, 0, 3097, 3100, 5, 1, 1.25, 1
1065, 3098, 7, 0, 3101, 3107, 9, 2, 1.29, 1
1066, 3101, 8, 0, 5390, 5397, 2296, 2288, 287.00, 1
1067, 3104, 6, 0, 3116, 3121, 17, 11, 2.83, 1
1068, 3107, 5, 0, 3108, 3112, 5, 0, 1.00, 1
1069, 3110, 3, 0, 3113, 3115, 5, 2, 1.67, 1
1070, 3113, 15, 0, 5398, 5412, 2299, 2284, 153.27, 1
1071, 3116, 4, 0, 3122, 3125, 9, 5, 2.25, 1
1072, 3119, 5, 0, 3131, 3135, 16, 11, 3.20, 1
1073, 3122, 2, 0, 3126, 3127, 5, 3, 2.50, 1
1074, 3125, 2, 0, 3128, 3129, 4, 2, 2.00, 1
1075, 3128, 1, 0, 3130, 3130, 2, 1, 2.00, 1
1076, 3131, 4, 0, 3136, 3139, 8, 4, 2.00, 1
1077, 3134, 5, 0, 3152, 3156, 22, 17, 4.40, 1
1078, 3137, 4, 0, 3140, 3143, 6, 2, 1.50, 1
1079, 3140, 4, 0, 3146, 3149, 9, 5, 2.25, 1
1080, 3143, 2, 0, 3144, 3145, 2, 0, 1.00, 1
1081, 3146, 16, 0, 5374, 5389, 2243, 2227, 140.19, 1
1082, 3149, 2, 0, 3150, 3151, 2, 0, 1.00, 1
1083, 3152, 4, 0, 3157, 3160, 8, 4, 2.00, 1
1084, 3155, 5, 0, 3166, 3170, 15, 10, 3.00, 1
1085, 3158, 2, 0, 3161, 3162, 4, 2, 2.00, 1
1086, 3161, 3, 0, 3163, 3165, 4, 1, 1.33, 1
1087, 3164, 5, 0, 5364, 5368, 2204, 2199, 440.80, 1
1088, 3167, 4, 0, 3174, 3177, 10, 6, 2.50, 1
1089, 3170, 3, 0, 3171, 3173, 3, 0, 1.00, 1
1090, 3173, 5, 0, 5369, 5373, 2200, 2195, 440.00, 1
1091, 3176, 4, 0, 3178, 3181, 5, 1, 1.25, 1
1092, 3179, 4, 0, 3182, 3185, 6, 2, 1.50, 1
1093, 3182, 3, 0, 3186, 3188, 6, 3, 2.00, 1
1094, 3185, 5, 0, 3196, 3200, 15, 10, 3.00, 1
1095, 3188, 4, 0, 3189, 3192, 4, 0, 1.00, 1
1096, 3191, 3, 0, 3193, 3195, 4, 1, 1.33, 1
1097, 3194, 5, 0, 5354, 5358, 2164, 2159, 432.80, 1
1098, 3197, 4, 0, 3204, 3207, 10, 6, 2.50, 1
1099, 3200, 3, 0, 3201, 3203, 3, 0, 1.00, 1
1100, 3203, 5, 0, 5359, 5363, 2160, 2155, 432.00, 1
1101, 3206, 4, 0, 3208, 3211, 5, 1, 1.25, 1
1102, 3209, 5, 0, 3212, 3216, 7, 2, 1.40, 1
1103, 3212, 8, 0, 5346, 5353, 2141, 2133, 267.62, 1
1104, 3215, 2, 0, 3217, 3218, 3, 1, 1.50, 1
1105, 3218, 4, 0, 3219, 3222, 4, 0, 1.00, 1
1106, 3221, 5, 0, 3223, 3227, 6, 1, 1.20, 1
1107, 3224, 2, 0, 3228, 3229, 5, 3, 2.50, 1
1108, 3227, 4, 0, 3230, 3233, 6, 2, 1.50, 1
1109, 3230, 4, 0, 3234, 3237, 7, 3, 1.75, 1
1110, 3233, 6, 0, 5333, 5338, 2105, 2099, 350.83, 1
1111, 3236, 3, 0, 3238, 3240, 4, 1, 1.33, 1
1112, 3239, 5, 0, 3241, 3245, 6, 1, 1.20, 1
1113, 3242, 7, 0, 5339, 5345, 2103, 2096, 300.43, 1
1114, 3245, 5, 0, 3246, 3250, 5, 0, 1.00, 1
1115, 3248, 3, 0, 3251, 3253, 5, 2, 1.67, 1
1116, 3251, 3, 0, 3254, 3256, 5, 2, 1.67, 1
1117, 3254, 6, 0, 3257, 3262, 8, 2, 1.33, 1
1118, 3257, 7, 0, 3263, 3269, 12, 5, 1.71, 1
1119, 3260, 8, 0, 5325, 5332, 2072, 2064, 259.00, 1
1120, 3263, 1, 0, 5319, 5319, 2056, 2055, 2056.00, 1
1121, 3266, 5, 0, 5320, 5324, 2058, 2053, 411.60, 1
1122, 3269, 5, 0, 3270, 3274, 5, 0, 1.00, 1
1123, 3272, 7, 0, 3275, 3281, 9, 2, 1.29, 1
1124, 3275, 8, 0, 5299, 5306, 2031, 2023, 253.88, 1
1125, 3278, 5, 0, 3282, 3286, 8, 3, 1.60, 1
1126, 3281, 5, 0, 3290, 3294, 13, 8, 2.60, 1
1127, 3284, 3, 0, 3287, 3289, 5, 2, 1.67, 1
1128, 3287, 6, 0, 5293, 5298, 2011, 2005, 335.17, 1
1129, 3290, 2, 0, 3295, 3296, 6, 4, 3.00, 1
1130, 3293, 2, 0, 3297, 3298, 5, 3, 2.50, 1
1131, 3296, 4, 0, 3299, 3302, 6, 2, 1.50, 1
1132, 3299, 5, 0, 3305, 3309, 10, 5, 2.00, 1
1133, 3302, 2, 0, 3303, 3304, 2, 0, 1.00, 1
1134, 3305, 12, 0, 5307, 5318, 2013, 2001, 167.75, 1
1135, 3308, 5, 0, 3310, 3314, 6, 1, 1.20, 1
1136, 3311, 6, 0, 3318, 3323, 12, 6, 2.00, 1
1137, 3314, 3, 0, 3315, 3317, 3, 0, 1.00, 1
1138, 3317, 6, 0, 5274, 5279, 1962, 1956, 327.00, 1
1139, 3320, 13, 0, 5280, 5292, 1972, 1959, 151.69, 1
1140, 3323, 7, 0, 3324, 3330, 7, 0, 1.00, 1
1141, 3326, 8, 0, 5257, 5264, 1938, 1930, 242.25, 1
1142, 3329, 4, 0, 3331, 3334, 5, 1, 1.25, 1
1143, 3332, 3, 0, 3335, 3337, 5, 2, 1.67, 1
1144, 3335, 1, 0, 3338, 3338, 3, 2, 3.00, 1
1145, 3338, 3, 0, 3339, 3341, 3, 0, 1.00, 1
1146, 3341, 7, 0, 3342, 3348, 7, 0, 1.00, 1
1147, 3344, 9, 0, 5265, 5273, 1929, 1920, 214.33, 1
1148, 3347, 6, 0, 3349, 3354, 7, 1, 1.17, 1
1149, 3350, 4, 0, 3355, 3358, 8, 4, 2.00, 1
1150, 3353, 14, 0, 3368, 3381, 28, 14, 2.00, 1
1151, 3356, 3, 0, 3359, 3361, 5, 2, 1.67, 1
1152, 3359, 4, 0, 3362, 3365, 6, 2, 1.50, 1
1153, 3362, 14, 0, 5243, 5256, 1894, 1880, 135.29, 1
1154, 3365, 2, 0, 3366, 3367, 2, 0, 1.00, 1
1155, 3368, 3, 0, 5235, 5237, 1869, 1866, 623.00, 1
1156, 3371, 5, 0, 5238, 5242, 1871, 1866, 374.20, 1
1157, 3374, 5, 0, 5225, 5229, 1855, 1850, 371.00, 1
1158, 3377, 4, 0, 3388, 3391, 14, 10, 3.50, 1
1159, 3380, 3, 0, 3382, 3384, 4, 1, 1.33, 1
1160, 3383, 3, 0, 3385, 3387, 4, 1, 1.33, 1
1161, 3386, 5, 0, 5230, 5234, 1848, 1843, 369.60, 1
1162, 3389, 6, 0, 3392, 3397, 8, 2, 1.33, 1
1163, 3392, 7, 0, 5209, 5215, 1823, 1816, 260.43, 1
1164, 3395, 4, 0, 3398, 3401, 6, 2, 1.50, 1
1165, 3398, 1, 0, 3402, 3402, 4, 3, 4.00, 1
1166, 3401, 3, 0, 3403, 3405, 4, 1, 1.33, 1
1167, 3404, 4, 0, 3406, 3409, 5, 1, 1.25, 1
1168, 3407, 6, 0, 3410, 3415, 8, 2, 1.33, 1
1169, 3410, 9, 0, 5216, 5224, 1814, 1805, 201.56, 1
1170, 3413, 8, 0, 3416, 3423, 10, 2, 1.25, 1
1171, 3416, 8, 0, 5185, 5192, 1776, 1768, 222.00, 1
1172, 3419, 7, 0, 3424, 3430, 11, 4, 1.57, 1
1173, 3422, 16, 0, 5193, 5208, 1786, 1770, 111.62, 1
1174, 3425, 7, 0, 5166, 5172, 1747, 1740, 249.57, 1
1175, 3428, 5, 0, 3431, 3435, 7, 2, 1.40, 1
1176, 3431, 12, 0, 5173, 5184, 1753, 1741, 146.08, 1
1177, 3434, 14, 0, 3436, 3449, 15, 1, 1.07, 1
1178, 3437, 15, 0, 5135, 5149, 1712, 1697, 114.13, 1
1179, 3440, 16, 0, 5150, 5165, 1725, 1709, 107.81, 1
1180, 3443, 15, 0, 5120, 5134, 1691, 1676, 112.73, 1
1181, 3446, 3, 0, 3450, 3452, 6, 3, 2.00, 1
1182, 3449, 5, 0, 3456, 3460, 11, 6, 2.20, 1
1183, 3452, 3, 0, 3453, 3455, 3, 0, 1.00, 1
1184, 3455, 6, 0, 3461, 3466, 11, 5, 1.83, 1
1185, 3458, 7, 0, 5113, 5119, 1661, 1654, 237.29, 1
1186, 3461, 5, 0, 3470, 3474, 13, 8, 2.60, 1
1187, 3464, 3, 0, 3467, 3469, 5, 2, 1.67, 1
1188, 3467, 5, 0, 5103, 5107, 1640, 1635, 328.00, 1
1189, 3470, 1, 0, 3475, 3475, 5, 4, 5.00, 1
1190, 3473, 4, 0, 3476, 3479, 6, 2, 1.50, 1
1191, 3476, 3, 0, 3480, 3482, 6, 3, 2.00, 1
1192, 3479, 3, 0, 3483, 3485, 6, 3, 2.00, 1
1193, 3482, 3, 0, 3486, 3488, 6, 3, 2.00, 1
1194, 3485, 5, 0, 5108, 5112, 1627, 1622, 325.40, 1
1195, 3488, 7, 0, 3489, 3495, 7, 0, 1.00, 1
1196, 3491, 4, 0, 3496, 3499, 8, 4, 2.00, 1
1197, 3494, 7, 0, 3500, 3506, 12, 5, 1.71, 1
1198, 3497, 8, 0, 5080, 5087, 1590, 1582, 198.75, 1
1199, 3500, 6, 0, 5074, 5079, 1579, 1573, 263.17, 1
1200, 3503, 5, 0, 3510, 3514, 11, 6, 2.20, 1
1201, 3506, 3, 0, 3507, 3509, 3, 0, 1.00, 1
1202, 3509, 15, 0, 5088, 5102, 1593, 1578, 106.20, 1
1203, 3512, 4, 0, 3515, 3518, 6, 2, 1.50, 1
1204, 3515, 5, 0, 3521, 3525, 10, 5, 2.00, 1
1205, 3518, 2, 0, 3519, 3520, 2, 0, 1.00, 1
1206, 3521, 2, 0, 3527, 3528, 7, 5, 3.50, 1
1207, 3524, 1, 0, 3526, 3526, 2, 1, 2.00, 1
1208, 3527, 4, 0, 3529, 3532, 5, 1, 1.25, 1
1209, 3530, 5, 0, 3533, 3537, 7, 2, 1.40, 1
1210, 3533, 4, 0, 3538, 3541, 8, 4, 2.00, 1
1211, 3536, 4, 0, 3544, 3547, 11, 7, 2.75, 1
1212, 3539, 2, 0, 3542, 3543, 4, 2, 2.00, 1
1213, 3542, 16, 0, 5058, 5073, 1531, 1515, 95.69, 1
1214, 3545, 2, 0, 3548, 3549, 4, 2, 2.00, 1
1215, 3548, 4, 0, 3550, 3553, 5, 1, 1.25, 1
1216, 3551, 5, 0, 3554, 3558, 7, 2, 1.40, 1
1217, 3554, 2, 0, 3559, 3560, 6, 4, 3.00, 1
1218, 3557, 3, 0, 3561, 3563, 6, 3, 2.00, 1
1219, 3560, 5, 0, 3571, 3575, 15, 10, 3.00, 1
1220, 3563, 4, 0, 3564, 3567, 4, 0, 1.00, 1
1221, 3566, 3, 0, 3568, 3570, 4, 1, 1.33, 1
1222, 3569, 5, 0, 5048, 5052, 1483, 1478, 296.60, 1
1223, 3572, 4, 0, 3576, 3579, 7, 3, 1.75, 1
1224, 3575, 4, 0, 3583, 3586, 11, 7, 2.75, 1
1225, 3578, 3, 0, 3580, 3582, 4, 1, 1.33, 1
1226, 3581, 5, 0, 5053, 5057, 1476, 1471, 295.20, 1
1227, 3584, 4, 0, 3587, 3590, 6, 2, 1.50, 1
1228, 3587, 3, 0, 3591, 3593, 6, 3, 2.00, 1
1229, 3590, 5, 0, 3601, 3605, 15, 10, 3.00, 1
1230, 3593, 4, 0, 3594, 3597, 4, 0, 1.00, 1
1231, 3596, 3, 0, 3598, 3600, 4, 1, 1.33, 1
1232, 3599, 5, 0, 5038, 5042, 1443, 1438, 288.60, 1
1233, 3602, 4, 0, 3606, 3609, 7, 3, 1.75, 1
1234, 3605, 5, 0, 5043, 5047, 1442, 1437, 288.40, 1
1235, 3608, 8, 0, 3610, 3617, 9, 1, 1.12, 1
1236, 3611, 2, 0, 5032, 5033, 1422, 1420, 711.00, 1
1237, 3614, 4, 0, 5034, 5037, 1423, 1419, 355.75, 1
1238, 3617, 5, 0, 3618, 3622, 5, 0, 1.00, 1
1239, 3620, 2, 0, 3623, 3624, 4, 2, 2.00, 1
1240, 3623, 4, 0, 3625, 3628, 5, 1, 1.25, 1
1241, 3626, 4, 0, 3629, 3632, 6, 2, 1.50, 1
1242, 3629, 6, 0, 3641, 3646, 17, 11, 2.83, 1
1243, 3632, 3, 0, 3633, 3635, 3, 0, 1.00, 1
1244, 3635, 5, 0, 3636, 3640, 5, 0, 1.00, 1
1245, 3638, 7, 0, 5018, 5024, 1386, 1379, 198.00, 1
1246, 3641, 5, 0, 3653, 3657, 16, 11, 3.20, 1
1247, 3644, 3, 0, 3647, 3649, 5, 2, 1.67, 1
1248, 3647, 3, 0, 3650, 3652, 5, 2, 1.67, 1
1249, 3650, 6, 0, 5012, 5017, 1367, 1361, 227.83, 1
1250, 3653, 7, 0, 5025, 5031, 1378, 1371, 196.86, 1
1251, 3656, 8, 0, 3658, 3665, 9, 1, 1.12, 1
1252, 3659, 1, 0, 5006, 5006, 1347, 1346, 1347.00, 1
1253, 3662, 5, 0, 5007, 5011, 1349, 1344, 269.80, 1
1254, 3665, 5, 0, 3666, 3670, 5, 0, 1.00, 1
1255, 3668, 7, 0, 3671, 3677, 9, 2, 1.29, 1
1256, 3671, 8, 0, 4986, 4993, 1322, 1314, 165.25, 1
1257, 3674, 5, 0, 3678, 3682, 8, 3, 1.60, 1
1258, 3677, 5, 0, 3686, 3690, 13, 8, 2.60, 1
1259, 3680, 3, 0, 3683, 3685, 5, 2, 1.67, 1
1260, 3683, 6, 0, 4980, 4985, 1302, 1296, 217.00, 1
1261, 3686, 2, 0, 3691, 3692, 6, 4, 3.00, 1
1262, 3689, 2, 0, 3693, 3694, 5, 3, 2.50, 1
1263, 3692, 4, 0, 3695, 3698, 6, 2, 1.50, 1
1264, 3695, 5, 0, 3701, 3705, 10, 5, 2.00, 1
1265, 3698, 2, 0, 3699, 3700, 2, 0, 1.00, 1
1266, 3701, 12, 0, 4994, 5005, 1304, 1292, 108.67, 1
1267, 3704, 5, 0, 3706, 3710, 6, 1, 1.20, 1
1268, 3707, 6, 0, 3714, 3719, 12, 6, 2.00, 1
1269, 3710, 3, 0, 3711, 3713, 3, 0, 1.00, 1
1270, 3713, 6, 0, 4961, 4966, 1253, 1247, 208.83, 1
1271, 3716, 13, 0, 4967, 4979, 1263, 1250, 97.15, 1
1272, 3719, 7, 0, 3720, 3726, 7, 0, 1.00, 1
1273, 3722, 8, 0, 4944, 4951, 1229, 1221, 153.62, 1
1274, 3725, 4, 0, 3727, 3730, 5, 1, 1.25, 1
1275, 3728, 3, 0, 3731, 3733, 5, 2, 1.67, 1
1276, 3731, 1, 0, 3734, 3734, 3, 2, 3.00, 1
1277, 3734, 3, 0, 3735, 3737, 3, 0, 1.00, 1
1278, 3737, 7, 0, 3738, 3744, 7, 0, 1.00, 1
1279, 3740, 9, 0, 4952, 4960, 1220, 1211, 135.56, 1
1280, 3743, 6, 0, 3745, 3750, 7, 1, 1.17, 1
1281, 3746, 4, 0, 3751, 3754, 8, 4, 2.00, 1
1282, 3749, 14, 0, 3764, 3777, 28, 14, 2.00, 1
1283, 3752, 3, 0, 3755, 3757, 5, 2, 1.67, 1
1284, 3755, 4, 0, 3758, 3761, 6, 2, 1.50, 1
1285, 3758, 14, 0, 4930, 4943, 1185, 1171, 84.64, 1
1286, 3761, 2, 0, 3762, 3763, 2, 0, 1.00, 1
1287, 3764, 3, 0, 4922, 4924, 1160, 1157, 386.67, 1
1288, 3767, 5, 0, 4925, 4929, 1162, 1157, 232.40, 1
1289, 3770, 5, 0, 4912, 4916, 1146, 1141, 229.20, 1
1290, 3773, 4, 0, 3784, 3787, 14, 10, 3.50, 1
1291, 3776, 3, 0, 3778, 3780, 4, 1, 1.33, 1
1292, 3779, 3, 0, 3781, 3783, 4, 1, 1.33, 1
1293, 3782, 5, 0, 4917, 4921, 1139, 1134, 227.80, 1
1294, 3785, 6, 0, 3788, 3793, 8, 2, 1.33, 1
1295, 3788, 7, 0, 4896, 4902, 1114, 1107, 159.14, 1
1296, 3791, 4, 0, 3794, 3797, 6, 2, 1.50, 1
1297, 3794, 1, 0, 3798, 3798, 4, 3, 4.00, 1
1298, 3797, 3, 0, 3799, 3801, 4, 1, 1.33, 1
1299, 3800, 4, 0, 3802, 3805, 5, 1, 1.25, 1
1300, 3803, 6, 0, 3806, 3811, 8, 2, 1.33, 1
1301, 3806, 9, 0, 4903, 4911, 1105, 1096, 122.78, 1
1302, 3809, 8, 0, 3812, 3819, 10, 2, 1.25, 1
1303, 3812, 8, 0, 4872, 4879, 1067, 1059, 133.38, 1
1304, 3815, 7, 0, 3820, 3826, 11, 4, 1.57, 1
1305, 3818, 16, 0, 4880, 4895, 1077, 1061, 67.31, 1
1306, 3821, 7, 0, 4853, 4859, 1038, 1031, 148.29, 1
1307, 3824, 5, 0, 3827, 3831, 7, 2, 1.40, 1
1308, 3827, 12, 0, 4860, 4871, 1044, 1032, 87.00, 1
1309, 3830, 14, 0, 3832, 3845, 15, 1, 1.07, 1
1310, 3833, 15, 0, 4822, 4836, 1003, 988, 66.87, 1
1311, 3836, 16, 0, 4837, 4852, 1016, 1000, 63.50, 1
1312, 3839, 15, 0, 4807, 4821, 982, 967, 65.47, 1
1313, 3842, 3, 0, 3846, 3848, 6, 3, 2.00, 1
1314, 3845, 5, 0, 3852, 3856, 11, 6, 2.20, 1
1315, 3848, 3, 0, 3849, 3851, 3, 0, 1.00, 1
1316, 3851, 6, 0, 3857, 3862, 11, 5, 1.83, 1
1317, 3854, 7, 0, 4800, 4806, 952, 945, 136.00, 1
1318, 3857, 5, 0, 3866, 3870, 13, 8, 2.60, 1
1319, 3860, 3, 0, 3863, 3865, 5, 2, 1.67, 1
1320, 3863, 5, 0, 4790, 4794, 931, 926, 186.20, 1
1321, 3866, 1, 0, 3871, 3871, 5, 4, 5.00, 1
1322, 3869, 4, 0, 3872, 3875, 6, 2, 1.50, 1
1323, 3872, 3, 0, 3876, 3878, 6, 3, 2.00, 1
1324, 3875, 3, 0, 3879, 3881, 6, 3, 2.00, 1
1325, 3878, 3, 0, 3882, 3884, 6, 3, 2.00, 1
1326, 3881, 5, 0, 4795, 4799, 918, 913, 183.60, 1
1327, 3884, 7, 0, 3885, 3891, 7, 0, 1.00, 1
1328, 3887, 4, 0, 3892, 3895, 8, 4, 2.00, 1
1329, 3890, 7, 0, 3896, 3902, 12, 5, 1.71, 1
1330, 3893, 8, 0, 4767, 4774, 881, 873, 110.12, 1
1331, 3896, 6, 0, 4761, 4766, 870, 864, 145.00, 1
1332, 3899, 5, 0, 3906, 3910, 11, 6, 2.20, 1
1333, 3902, 3, 0, 3903, 3905, 3, 0, 1.00, 1
1334, 3905, 15, 0, 4775, 4789, 884, 869, 58.93, 1
1335, 3908, 4, 0, 3911, 3914, 6, 2, 1.50, 1
1336, 3911, 5, 0, 3917, 3921, 10, 5, 2.00, 1
1337, 3914, 2, 0, 3915, 3916, 2, 0, 1.00, 1
1338, 3917, 2, 0, 3923, 3924, 7, 5, 3.50, 1
1339, 3920, 1, 0, 3922, 3922, 2, 1, 2.00, 1
1340, 3923, 4, 0, 3925, 3928, 5, 1, 1.25, 1
1341, 3926, 5, 0, 3929, 3933, 7, 2, 1.40, 1
1342, 3929, 4, 0, 3934, 3937, 8, 4, 2.00, 1
1343, 3932, 4, 0, 3940, 3943, 11, 7, 2.75, 1
1344, 3935, 2, 0, 3938, 3939, 4, 2, 2.00, 1
1345, 3938, 16, 0, 4745, 4760, 822, 806, 51.38, 1
1346, 3941, 2, 0, 3944, 3945, 4, 2, 2.00, 1
1347, 3944, 4, 0, 3946, 3949, 5, 1, 1.25, 1
1348, 3947, 5, 0, 3950, 3954, 7, 2, 1.40, 1
1349, 3950, 2, 0, 3955, 3956, 6, 4, 3.00, 1
1350, 3953, 3, 0, 3957, 3959, 6, 3, 2.00, 1
1351, 3956, 5, 0, 3967, 3971, 15, 10, 3.00, 1
1352, 3959, 4, 0, 3960, 3963, 4, 0, 1.00, 1
1353, 3962, 3, 0, 3964, 3966, 4, 1, 1.33, 1
1354, 3965, 5, 0, 4735, 4739, 774, 769, 154.80, 1
1355, 3968, 4, 0, 3972, 3975, 7, 3, 1.75, 1
1356, 3971, 4, 0, 3979, 3982, 11, 7, 2.75, 1
1357, 3974, 3, 0, 3976, 3978, 4, 1, 1.33, 1
1358, 3977, 5, 0, 4740, 4744, 767, 762, 153.40, 1
1359, 3980, 4, 0, 3983, 3986, 6, 2, 1.50, 1
1360, 3983, 3, 0, 3987, 3989, 6, 3, 2.00, 1
1361, 3986, 5, 0, 3997, 4001, 15, 10, 3.00, 1
1362, 3989, 4, 0, 3990, 3993, 4, 0, 1.00, 1
1363, 3992, 3, 0, 3994, 3996, 4, 1, 1.33, 1
1364, 3995, 5, 0, 4725, 4729, 734, 729, 146.80, 1
1365, 3998, 4, 0, 4002, 4005, 7, 3, 1.75, 1
1366, 4001, 5, 0, 4730, 4734, 733, 728, 146.60, 1
1367, 4004, 8, 0, 4006, 4013, 9, 1, 1.12, 1
1368, 4007, 2, 0, 4719, 4720, 713, 711, 356.50, 1
1369, 4010, 4, 0, 4721, 4724, 714, 710, 178.50, 1
1370, 4013, 5, 0, 4014, 4018, 5, 0, 1.00, 1
1371, 4016, 2, 0, 4019, 4020, 4, 2, 2.00, 1
1372, 4019, 4, 0, 4021, 4024, 5, 1, 1.25, 1
1373, 4022, 4, 0, 4025, 4028, 6, 2, 1.50, 1
1374, 4025, 6, 0, 4037, 4042, 17, 11, 2.83, 1
1375, 4028, 3, 0, 4029, 4031, 3, 0, 1.00, 1
1376, 4031, 5, 0, 4032, 4036, 5, 0, 1.00, 1
1377, 4034, 7, 0, 4705, 4711, 677, 670, 96.71, 1
1378, 4037, 5, 0, 4049, 4053, 16, 11, 3.20, 1
1379, 4040, 3, 0, 4043, 4045, 5, 2, 1.67, 1
1380, 4043, 3, 0, 4046, 4048, 5, 2, 1.67, 1
1381, 4046, 6, 0, 4699, 4704, 658, 652, 109.67, 1
1382, 4049, 7, 0, 4712, 4718, 669, 662, 95.57, 1
1383, 4052, 8, 0, 4054, 4061, 9, 1, 1.12, 1
1384, 4055, 1, 0, 4693, 4693, 638, 637, 638.00, 1
1385, 4058, 5, 0, 4694, 4698, 640, 635, 128.00, 1
1386, 4061, 5, 0, 4062, 4066, 5, 0, 1.00, 1
1387, 4064, 7, 0, 4067, 4073, 9, 2, 1.29, 1
1388, 4067, 8, 0, 4673, 4680, 613, 605, 76.62, 1
1389, 4070, 5, 0, 4074, 4078, 8, 3, 1.60, 1
1390, 4073, 5, 0, 4082, 4086, 13, 8, 2.60, 1
1391, 4076, 3, 0, 4079, 4081, 5, 2, 1.67, 1
1392, 4079, 6, 0, 4667, 4672, 593, 587, 98.83, 1
1393, 4082, 2, 0, 4087, 4088, 6, 4, 3.00, 1
1394, 4085, 2, 0, 4089, 4090, 5, 3, 2.50, 1
1395, 4088, 4, 0, 4091, 4094, 6, 2, 1.50, 1
1396, 4091, 5, 0, 4097, 4101, 10, 5, 2.00, 1
1397, 4094, 2, 0, 4095, 4096, 2, 0, 1.00, 1
1398, 4097, 12, 0, 4681, 4692, 595, 583, 49.58, 1
1399, 4100, 5, 0, 4102, 4106, 6, 1, 1.20, 1
1400, 4103, 6, 0, 4110, 4115, 12, 6, 2.00, 1
1401, 4106, 3, 0, 4107, 4109, 3, 0, 1.00, 1
1402, 4109, 6, 0, 4648, 4653, 544, 538, 90.67, 1
1403, 4112, 13, 0, 4654, 4666, 554, 541, 42.62, 1
1404, 4115, 7, 0, 4116, 4122, 7, 0, 1.00, 1
1405, 4118, 8, 0, 4631, 4638, 520, 512, 65.00, 1
1406, 4121, 4, 0, 4123, 4126, 5, 1, 1.25, 1
1407, 4124, 3, 0, 4127, 4129, 5, 2, 1.67, 1
1408, 4127, 1, 0, 4130, 4130, 3, 2, 3.00, 1
1409, 4130, 3, 0, 4131, 4133, 3, 0, 1.00, 1
1410, 4133, 7, 0, 4134, 4140, 7, 0, 1.00, 1
1411, 4136, 9, 0, 4639, 4647, 511, 502, 56.78, 1
1412, 4139, 6, 0, 4141, 4146, 7, 1, 1.17, 1
1413, 4142, 4, 0, 4147, 4150, 8, 4, 2.00, 1
1414, 4145, 14, 0, 4160, 4173, 28, 14, 2.00, 1
1415, 4148, 3, 0, 4151, 4153, 5, 2, 1.67, 1
1416, 4151, 4, 0, 4154, 4157, 6, 2, 1.50, 1
1417, 4154, 14, 0, 4617, 4630, 476, 462, 34.00, 1
1418, 4157, 2, 0, 4158, 4159, 2, 0, 1.00, 1
1419, 4160, 3, 0, 4609, 4611, 451, 448, 150.33, 1
1420, 4163, 5, 0, 4612, 4616, 453, 448, 90.60, 1
1421, 4166, 5, 0, 4599, 4603, 437, 432, 87.40, 1
1422, 4169, 4, 0, 4180, 4183, 14, 10, 3.50, 1
1423, 4172, 3, 0, 4174, 4176, 4, 1, 1.33, 1
1424, 4175, 3, 0, 4177, 4179, 4, 1, 1.33, 1
1425, 4178, 5, 0, 4604, 4608, 430, 425, 86.00, 1
1426, 4181, 6, 0, 4184, 4189, 8, 2, 1.33, 1
1427, 4184, 7, 0, 4583, 4589, 405, 398, 57.86, 1
1428, 4187, 4, 0, 4190, 4193, 6, 2, 1.50, 1
1429, 4190, 1, 0, 4194, 4194, 4, 3, 4.00, 1
1430, 4193, 3, 0, 4195, 4197, 4, 1, 1.33, 1
1431, 4196, 4, 0, 4198, 4201, 5, 1, 1.25, 1
1432, 4199, 6, 0, 4202, 4207, 8, 2, 1.33, 1
1433, 4202, 9, 0, 4590, 4598, 396, 387, 44.00, 1
1434, 4205, 8, 0, 4208, 4215, 10, 2, 1.25, 1
1435, 4208, 8, 0, 4559, 4566, 358, 350, 44.75, 1
1436, 4211, 7, 0, 4216, 4222, 11, 4, 1.57, 1
1437, 4214, 16, 0, 4567, 4582, 368, 352, 23.00, 1
1438, 4217, 7, 0, 4540, 4546, 329, 322, 47.00, 1
1439, 4220, 5, 0, 4223, 4227, 7, 2, 1.40, 1
1440, 4223, 12, 0, 4547, 4558, 335, 323, 27.92, 1
1441, 4226, 14, 0, 4228, 4241, 15, 1, 1.07, 1
1442, 4229, 15, 0, 4509, 4523, 294, 279, 19.60, 1
1443, 4232, 16, 0, 4524, 4539, 307, 291, 19.19, 1
1444, 4235, 15, 0, 4494, 4508, 273, 258, 18.20, 1
1445, 4238, 3, 0, 4242, 4244, 6, 3, 2.00, 1
1446, 4241, 5, 0, 4248, 4252, 11, 6, 2.20, 1
1447, 4244, 3, 0, 4245, 4247, 3, 0, 1.00, 1
1448, 4247, 6, 0, 4253, 4258, 11, 5, 1.83, 1
1449, 4250, 7, 0, 4487, 4493, 243, 236, 34.71, 1
1450, 4253, 5, 0, 4262, 4266, 13, 8, 2.60, 1
1451, 4256, 3, 0, 4259, 4261, 5, 2, 1.67, 1
1452, 4259, 5, 0, 4477, 4481, 222, 217, 44.40, 1
1453, 4262, 1, 0, 4267, 4267, 5, 4, 5.00, 1
1454, 4265, 4, 0, 4268, 4271, 6, 2, 1.50, 1
1455, 4268, 3, 0, 4272, 4274, 6, 3, 2.00, 1
1456, 4271, 3, 0, 4275, 4277, 6, 3, 2.00, 1
1457, 4274, 3, 0, 4278, 4280, 6, 3, 2.00, 1
1458, 4277, 5, 0, 4482, 4486, 209, 204, 41.80, 1
1459, 4280, 7, 0, 4281, 4287, 7, 0, 1.00, 1
1460, 4283, 4, 0, 4288, 4291, 8, 4, 2.00, 1
1461, 4286, 7, 0, 4292, 4298, 12, 5, 1.71, 1
1462, 4289, 8, 0, 4454, 4461, 172, 164, 21.50, 1
1463, 4292, 6, 0, 4448, 4453, 161, 155, 26.83, 1
1464, 4295, 5, 0, 4302, 4306, 11, 6, 2.20, 1
1465, 4298, 3, 0, 4299, 4301, 3, 0, 1.00, 1
1466, 4301, 15, 0, 4462, 4476, 175, 160, 11.67, 1
1467, 4304, 4, 0, 4307, 4310, 6, 2, 1.50, 1
1468, 4307, 5, 0, 4313, 4317, 10, 5, 2.00, 1
1469, 4310, 2, 0, 4311, 4312, 2, 0, 1.00, 1
1470, 4313, 2, 0, 4319, 4320, 7, 5, 3.50, 1
1471, 4316, 1, 0, 4318, 4318, 2, 1, 2.00, 1
1472, 4319, 4, 0, 4321, 4324, 5, 1, 1.25, 1
1473, 4322, 5, 0, 4325, 4329, 7, 2, 1.40, 1
1474, 4325, 4, 0, 4330, 4333, 8, 4, 2.00, 1
1475, 4328, 4, 0, 4336, 4339, 11, 7, 2.75, 1
1476, 4331, 2, 0, 4334, 4335, 4, 2, 2.00, 1
1477, 4334, 16, 0, 4432, 4447, 113, 97, 7.06, 1
1478, 4337, 2, 0, 4340, 4341, 4, 2, 2.00, 1
1479, 4340, 4, 0, 4342, 4345, 5, 1, 1.25, 1
1480, 4343, 5, 0, 4346, 4350, 7, 2, 1.40, 1
1481, 4346, 2, 0, 4351, 4352, 6, 4, 3.00, 1
1482, 4349, 3, 0, 4353, 4355, 6, 3, 2.00, 1
1483, 4352, 5, 0, 4363, 4367, 15, 10, 3.00, 1
1484, 4355, 4, 0, 4356, 4359, 4, 0, 1.00, 1
1485, 4358, 3, 0, 4360, 4362, 4, 1, 1.33, 1
1486, 4361, 5, 0, 4422, 4426, 65, 60, 13.00, 1
1487, 4364, 4, 0, 4368, 4371, 7, 3, 1.75, 1
1488, 4367, 4, 0, 4375, 4378, 11, 7, 2.75, 1
1489, 4370, 3, 0, 4372, 4374, 4, 1, 1.33, 1
1490, 4373, 5, 0, 4427, 4431, 58, 53, 11.60, 1
1491, 4376, 4, 0, 4379, 4382, 6, 2, 1.50, 1
1492, 4379, 3, 0, 4383, 4385, 6, 3, 2.00, 1
1493, 4382, 5, 0, 4393, 4397, 15, 10, 3.00, 1
1494, 4385, 4, 0, 4386, 4389, 4, 0, 1.00, 1
1495, 4388, 3, 0, 4390, 4392, 4, 1, 1.33, 1
1496, 4391, 5, 0, 4412, 4416, 25, 20, 5.00, 1
1497, 4394, 4, 0, 4398, 4401, 7, 3, 1.75, 1
1498, 4397, 5, 0, 4417, 4421, 24, 19, 4.80, 1
1499, 4400, 8, 0, 4402, 4409, 9, 1, 1.12, 1
1500, 4403, 2, 0, 4410, 4411, 8, 6, 4.00, 1
