pid, arrival, service, remaining, start, finish, turnaround, wait, normturnaround, complete
1, 0, 9, 0, 1, 9, 9, 0, 1.00, 1
2, 2, 8, 0, 10, 17, 15, 7, 1.88, 1
3, 4, 2, 0, 18, 19, 15, 13, 7.50, 1
4, 4, 4, 0, 20, 23, 19, 15, 4.75, 1
5, 7, 5, 0, 24, 28, 21, 16, 4.20, 1
6, 8, 2, 0, 29, 30, 22, 20, 11.00, 1
7, 10, 4, 0, 31, 34, 24, 20, 6.00, 1
8, 11, 4, 0, 35, 38, 27, 23, 6.75, 1
9, 13, 6, 0, 39, 44, 31, 25, 5.17, 1
10, 14, 3, 0, 45, 47, 33, 30, 11.00, 1
11, 16, 5, 0, 48, 52, 36, 31, 7.20, 1
12, 17, 7, 0, 53, 59, 42, 35, 6.00, 1
13, 20, 5, 0, 60, 64, 44, 39, 8.80, 1
14, 21, 3, 0, 65, 67, 46, 43, 15.33, 1
15, 22, 3, 0, 68, 70, 48, 45, 16.00, 1
16, 23, 6, 0, 71, 76, 53, 47, 8.83, 1
17, 25, 7, 0, 77, 83, 58, 51, 8.29, 1
18, 27, 8, 0, 84, 91, 64, 56, 8.00, 1
19, 29, 1, 0, 92, 92, 63, 62, 63.00, 1
20, 32, 5, 0, 93, 97, 65, 60, 13.00, 1
21, 33, 5, 0, 98, 102, 69, 64, 13.80, 1
22, 36, 7, 0, 103, 109, 73, 66, 10.43, 1
23, 38, 8, 0, 110, 117, 79, 71, 9.88, 1
24, 39, 5, 0, 118, 122, 83, 78, 16.60, 1
25, 40, 5, 0, 123, 127, 87, 82, 17.40, 1
26, 42, 3, 0, 128, 130, 88, 85, 29.33, 1
27, 43, 6, 0, 131, 136, 93, 87, 15.50, 1
28, 44, 2, 0, 137, 138, 94, 92, 47.00, 1
29, 45, 2, 0, 139, 140, 95, 93, 47.50, 1
30, 47, 4, 0, 141, 144, 97, 93, 24.25, 1
31, 48, 5, 0, 145, 149, 101, 96, 20.20, 1
32, 49, 2, 0, 150, 151, 102, 100, 51.00, 1
33, 49, 12, 0, 152, 163, 114, 102, 9.50, 1
34, 50, 5, 0, 164, 168, 118, 113, 23.60, 1
35, 51, 6, 0, 169, 174, 123, 117, 20.50, 1
36, 52, 3, 0, 175, 177, 125, 122, 41.67, 1
37, 53, 6, 0, 178, 183, 130, 124, 21.67, 1
38, 54, 13, 0, 184, 196, 142, 129, 10.92, 1
39, 55, 7, 0, 197, 203, 148, 141, 21.14, 1
40, 56, 8, 0, 204, 211, 155, 147, 19.38, 1
41, 57, 4, 0, 212, 215, 158, 154, 39.50, 1
42, 58, 3, 0, 216, 218, 160, 157, 53.33, 1
43, 59, 1, 0, 219, 219, 160, 159, 160.00, 1
44, 60, 3, 0, 220, 222, 162, 159, 54.00, 1
45, 61, 7, 0, 223, 229, 168, 161, 24.00, 1
46, 62, 9, 0, 230, 238, 176, 167, 19.56, 1
47, 63, 6, 0, 239, 244, 181, 175, 30.17, 1
48, 65, 4, 0, 245, 248, 183, 179, 45.75, 1
49, 67, 14, 0, 249, 262, 195, 181, 13.93, 1
50, 69, 3, 0, 263, 265, 196, 193, 65.33, 1
51, 71, 4, 0, 266, 269, 198, 194, 49.50, 1
52, 73, 14, 0, 270, 283, 210, 196, 15.00, 1
53, 75, 2, 0, 284, 285, 210, 208, 105.00, 1
54, 77, 3, 0, 286, 288, 211, 208, 70.33, 1
55, 79, 5, 0, 289, 293, 214, 209, 42.80, 1
56, 81, 5, 0, 294, 298, 217, 212, 43.40, 1
57, 83, 4, 0, 299, 302, 219, 215, 54.75, 1
58, 85, 3, 0, 303, 305, 220, 217, 73.33, 1
59, 87, 3, 0, 306, 308, 221, 218, 73.67, 1
60, 89, 5, 0, 309, 313, 224, 219, 44.80, 1
61, 91, 6, 0, 314, 319, 228, 222, 38.00, 1
62, 93, 7, 0, 320, 326, 233, 226, 33.29, 1
63, 95, 4, 0, 327, 330, 235, 231, 58.75, 1
64, 98, 1, 0, 331, 331, 233, 232, 233.00, 1
65, 101, 3, 0, 332, 334, 233, 230, 77.67, 1
66, 104, 4, 0, 335, 338, 234, 230, 58.50, 1
67, 107, 6, 0, 339, 344, 237, 231, 39.50, 1
68, 110, 9, 0, 345, 353, 243, 234, 27.00, 1
69, 113, 8, 0, 354, 361, 248, 240, 31.00, 1
70, 116, 8, 0, 362, 369, 253, 245, 31.62, 1
71, 119, 7, 0, 370, 376, 257, 250, 36.71, 1
72, 122, 16, 0, 377, 7993, 7871, 7855, 491.94, 1
73, 123, 7, 0, 392, 398, 275, 268, 39.29, 1
74, 125, 5, 0, 399, 403, 278, 273, 55.60, 1
75, 128, 12, 0, 404, 415, 287, 275, 23.92, 1
76, 131, 14, 0, 416, 429, 298, 284, 21.29, 1
77, 134, 15, 0, 430, 444, 310, 295, 20.67, 1
78, 137, 16, 0, 445, 7994, 7857, 7841, 491.06, 1
79, 140, 15, 0, 460, 474, 334, 319, 22.27, 1
80, 143, 3, 0, 475, 477, 334, 331, 111.33, 1
81, 146, 5, 0, 478, 482, 336, 331, 67.20, 1
82, 149, 3, 0, 483, 485, 336, 333, 112.00, 1
83, 152, 6, 0, 486, 491, 339, 333, 56.50, 1
84, 155, 7, 0, 492, 498, 343, 336, 49.00, 1
85, 158, 5, 0, 499, 503, 345, 340, 69.00, 1
86, 161, 3, 0, 504, 506, 345, 342, 115.00, 1
87, 164, 5, 0, 507, 511, 347, 342, 69.40, 1
88, 167, 1, 0, 512, 512, 345, 344, 345.00, 1
89, 170, 4, 0, 513, 516, 346, 342, 86.50, 1
90, 173, 3, 0, 517, 519, 346, 343, 115.33, 1
91, 176, 3, 0, 520, 522, 346, 343, 115.33, 1
92, 179, 3, 0, 523, 525, 346, 343, 115.33, 1
93, 182, 5, 0, 526, 530, 348, 343, 69.60, 1
94, 185, 7, 0, 531, 537, 352, 345, 50.29, 1
95, 188, 4, 0, 538, 541, 353, 349, 88.25, 1
96, 191, 7, 0, 542, 548, 357, 350, 51.00, 1
97, 194, 8, 0, 549, 556, 362, 354, 45.25, 1
98, 197, 6, 0, 557, 562, 365, 359, 60.83, 1
99, 200, 5, 0, 563, 567, 367, 362, 73.40, 1
100, 203, 3, 0, 568, 570, 367, 364, 122.33, 1
101, 206, 15, 0, 571, 585, 379, 364, 25.27, 1
102, 209, 4, 0, 586, 589, 380, 376, 95.00, 1
103, 212, 5, 0, 590, 594, 382, 377, 76.40, 1
104, 215, 2, 0, 595, 596, 381, 379, 190.50, 1
105, 218, 2, 0, 597, 598, 380, 378, 190.00, 1
106, 221, 1, 0, 599, 599, 378, 377, 378.00, 1
107, 224, 4, 0, 600, 603, 379, 375, 94.75, 1
108, 227, 5, 0, 604, 608, 381, 376, 76.20, 1
109, 230, 4, 0, 609, 612, 382, 378, 95.50, 1
110, 233, 4, 0, 613, 616, 383, 379, 95.75, 1
111, 236, 2, 0, 617, 618, 382, 380, 191.00, 1
112, 239, 16, 0, 619, 7995, 7756, 7740, 484.75, 1
113, 242, 2, 0, 634, 635, 393, 391, 196.50, 1
114, 245, 4, 0, 636, 639, 394, 390, 98.50, 1
115, 248, 5, 0, 640, 644, 396, 391, 79.20, 1
116, 251, 2, 0, 645, 646, 395, 393, 197.50, 1
117, 254, 3, 0, 647, 649, 395, 392, 131.67, 1
118, 257, 5, 0, 650, 654, 397, 392, 79.40, 1
119, 260, 4, 0, 655, 658, 398, 394, 99.50, 1
120, 263, 3, 0, 659, 661, 398, 395, 132.67, 1
121, 266, 5, 0, 662, 666, 400, 395, 80.00, 1
122, 269, 4, 0, 667, 670, 401, 397, 100.25, 1
123, 272, 4, 0, 671, 674, 402, 398, 100.50, 1
124, 275, 3, 0, 675, 677, 402, 399, 134.00, 1
125, 278, 5, 0, 678, 682, 404, 399, 80.80, 1
126, 281, 4, 0, 683, 686, 405, 401, 101.25, 1
127, 284, 3, 0, 687, 689, 405, 402, 135.00, 1
128, 287, 5, 0, 690, 694, 407, 402, 81.40, 1
129, 290, 4, 0, 695, 698, 408, 404, 102.00, 1
130, 293, 3, 0, 699, 701, 408, 405, 136.00, 1
131, 296, 5, 0, 702, 706, 410, 405, 82.00, 1
132, 299, 4, 0, 707, 710, 411, 407, 102.75, 1
133, 302, 5, 0, 711, 715, 413, 408, 82.60, 1
134, 305, 8, 0, 716, 723, 418, 410, 52.25, 1
135, 308, 2, 0, 724, 725, 417, 415, 208.50, 1
136, 311, 4, 0, 726, 729, 418, 414, 104.50, 1
137, 314, 5, 0, 730, 734, 420, 415, 84.00, 1
138, 317, 2, 0, 735, 736, 419, 417, 209.50, 1
139, 320, 4, 0, 737, 740, 420, 416, 105.00, 1
140, 323, 4, 0, 741, 744, 421, 417, 105.25, 1
141, 326, 6, 0, 745, 750, 424, 418, 70.67, 1
142, 329, 3, 0, 751, 753, 424, 421, 141.33, 1
143, 332, 5, 0, 754, 758, 426, 421, 85.20, 1
144, 335, 7, 0, 759, 765, 430, 423, 61.43, 1
145, 338, 5, 0, 766, 770, 432, 427, 86.40, 1
146, 341, 3, 0, 771, 773, 432, 429, 144.00, 1
147, 344, 3, 0, 774, 776, 432, 429, 144.00, 1
148, 347, 6, 0, 777, 782, 435, 429, 72.50, 1
149, 350, 7, 0, 783, 789, 439, 432, 62.71, 1
150, 353, 8, 0, 790, 797, 444, 436, 55.50, 1
151, 356, 1, 0, 798, 798, 442, 441, 442.00, 1
152, 359, 5, 0, 799, 803, 444, 439, 88.80, 1
153, 362, 5, 0, 804, 808, 446, 441, 89.20, 1
154, 365, 7, 0, 809, 815, 450, 443, 64.29, 1
155, 368, 8, 0, 816, 823, 455, 447, 56.88, 1
156, 371, 5, 0, 824, 828, 457, 452, 91.40, 1
157, 374, 5, 0, 829, 833, 459, 454, 91.80, 1
158, 377, 3, 0, 834, 836, 459, 456, 153.00, 1
159, 380, 6, 0, 837, 842, 462, 456, 77.00, 1
160, 383, 2, 0, 843, 844, 461, 459, 230.50, 1
161, 386, 2, 0, 845, 846, 460, 458, 230.00, 1
162, 389, 4, 0, 847, 850, 461, 457, 115.25, 1
163, 392, 5, 0, 851, 855, 463, 458, 92.60, 1
164, 395, 2, 0, 856, 857, 462, 460, 231.00, 1
165, 398, 12, 0, 858, 869, 471, 459, 39.25, 1
166, 401, 5, 0, 870, 874, 473, 468, 94.60, 1
167, 404, 6, 0, 875, 880, 476, 470, 79.33, 1
168, 407, 3, 0, 881, 883, 476, 473, 158.67, 1
169, 410, 6, 0, 884, 889, 479, 473, 79.83, 1
170, 413, 13, 0, 890, 902, 489, 476, 37.62, 1
171, 416, 7, 0, 903, 909, 493, 486, 70.43, 1
172, 419, 8, 0, 910, 917, 498, 490, 62.25, 1
173, 422, 4, 0, 918, 921, 499, 495, 124.75, 1
174, 425, 3, 0, 922, 924, 499, 496, 166.33, 1
175, 428, 1, 0, 925, 925, 497, 496, 497.00, 1
176, 431, 3, 0, 926, 928, 497, 494, 165.67, 1
177, 434, 7, 0, 929, 935, 501, 494, 71.57, 1
178, 437, 9, 0, 936, 944, 507, 498, 56.33, 1
179, 440, 6, 0, 945, 950, 510, 504, 85.00, 1
180, 443, 4, 0, 951, 954, 511, 507, 127.75, 1
181, 446, 14, 0, 955, 968, 522, 508, 37.29, 1
182, 449, 3, 0, 969, 971, 522, 519, 174.00, 1
183, 452, 4, 0, 972, 975, 523, 519, 130.75, 1
184, 455, 14, 0, 976, 989, 534, 520, 38.14, 1
185, 458, 2, 0, 990, 991, 533, 531, 266.50, 1
186, 461, 3, 0, 992, 994, 533, 530, 177.67, 1
187, 464, 5, 0, 995, 999, 535, 530, 107.00, 1
188, 467, 5, 0, 1000, 1004, 537, 532, 107.40, 1
189, 470, 4, 0, 1005, 1008, 538, 534, 134.50, 1
190, 473, 3, 0, 1009, 1011, 538, 535, 179.33, 1
191, 476, 3, 0, 1012, 1014, 538, 535, 179.33, 1
192, 479, 5, 0, 1015, 1019, 540, 535, 108.00, 1
193, 482, 6, 0, 1020, 1025, 543, 537, 90.50, 1
194, 485, 7, 0, 1026, 1032, 547, 540, 78.14, 1
195, 488, 4, 0, 1033, 1036, 548, 544, 137.00, 1
196, 491, 1, 0, 1037, 1037, 546, 545, 546.00, 1
197, 494, 3, 0, 1038, 1040, 546, 543, 182.00, 1
198, 497, 4, 0, 1041, 1044, 547, 543, 136.75, 1
199, 500, 6, 0, 1045, 1050, 550, 544, 91.67, 1
200, 503, 9, 0, 1051, 1059, 556, 547, 61.78, 1
201, 506, 8, 0, 1060, 1067, 561, 553, 70.12, 1
202, 509, 8, 0, 1068, 1075, 566, 558, 70.75, 1
203, 512, 7, 0, 1076, 1082, 570, 563, 81.43, 1
204, 515, 16, 0, 1083, 7996, 7481, 7465, 467.56, 1
205, 518, 7, 0, 1098, 1104, 586, 579, 83.71, 1
206, 521, 5, 0, 1105, 1109, 588, 583, 117.60, 1
207, 524, 12, 0, 1110, 1121, 597, 585, 49.75, 1
208, 527, 14, 0, 1122, 1135, 608, 594, 43.43, 1
209, 530, 15, 0, 1136, 1150, 620, 605, 41.33, 1
210, 533, 16, 0, 1151, 7997, 7464, 7448, 466.50, 1
211, 536, 15, 0, 1166, 1180, 644, 629, 42.93, 1
212, 539, 3, 0, 1181, 1183, 644, 641, 214.67, 1
213, 542, 5, 0, 1184, 1188, 646, 641, 129.20, 1
214, 545, 3, 0, 1189, 1191, 646, 643, 215.33, 1
215, 548, 6, 0, 1192, 1197, 649, 643, 108.17, 1
216, 551, 7, 0, 1198, 1204, 653, 646, 93.29, 1
217, 554, 5, 0, 1205, 1209, 655, 650, 131.00, 1
218, 557, 3, 0, 1210, 1212, 655, 652, 218.33, 1
219, 560, 5, 0, 1213, 1217, 657, 652, 131.40, 1
220, 563, 1, 0, 1218, 1218, 655, 654, 655.00, 1
221, 566, 4, 0, 1219, 1222, 656, 652, 164.00, 1
222, 569, 3, 0, 1223, 1225, 656, 653, 218.67, 1
223, 572, 3, 0, 1226, 1228, 656, 653, 218.67, 1
224, 575, 3, 0, 1229, 1231, 656, 653, 218.67, 1
225, 578, 5, 0, 1232, 1236, 658, 653, 131.60, 1
226, 581, 7, 0, 1237, 1243, 662, 655, 94.57, 1
227, 584, 4, 0, 1244, 1247, 663, 659, 165.75, 1
228, 587, 7, 0, 1248, 1254, 667, 660, 95.29, 1
229, 590, 8, 0, 1255, 1262, 672, 664, 84.00, 1
230, 593, 6, 0, 1263, 1268, 675, 669, 112.50, 1
231, 596, 5, 0, 1269, 1273, 677, 672, 135.40, 1
232, 599, 3, 0, 1274, 1276, 677, 674, 225.67, 1
233, 602, 15, 0, 1277, 1291, 689, 674, 45.93, 1
234, 605, 4, 0, 1292, 1295, 690, 686, 172.50, 1
235, 608, 5, 0, 1296, 1300, 692, 687, 138.40, 1
236, 611, 2, 0, 1301, 1302, 691, 689, 345.50, 1
237, 614, 2, 0, 1303, 1304, 690, 688, 345.00, 1
238, 617, 1, 0, 1305, 1305, 688, 687, 688.00, 1
239, 620, 4, 0, 1306, 1309, 689, 685, 172.25, 1
240, 623, 5, 0, 1310, 1314, 691, 686, 138.20, 1
241, 626, 4, 0, 1315, 1318, 692, 688, 173.00, 1
242, 629, 4, 0, 1319, 1322, 693, 689, 173.25, 1
243, 632, 2, 0, 1323, 1324, 692, 690, 346.00, 1
244, 635, 16, 0, 1325, 7998, 7363, 7347, 460.19, 1
245, 638, 2, 0, 1340, 1341, 703, 701, 351.50, 1
246, 641, 4, 0, 1342, 1345, 704, 700, 176.00, 1
247, 644, 5, 0, 1346, 1350, 706, 701, 141.20, 1
248, 647, 2, 0, 1351, 1352, 705, 703, 352.50, 1
249, 650, 3, 0, 1353, 1355, 705, 702, 235.00, 1
250, 653, 5, 0, 1356, 1360, 707, 702, 141.40, 1
251, 656, 4, 0, 1361, 1364, 708, 704, 177.00, 1
252, 659, 3, 0, 1365, 1367, 708, 705, 236.00, 1
253, 662, 5, 0, 1368, 1372, 710, 705, 142.00, 1
254, 665, 4, 0, 1373, 1376, 711, 707, 177.75, 1
255, 668, 4, 0, 1377, 1380, 712, 708, 178.00, 1
256, 671, 3, 0, 1381, 1383, 712, 709, 237.33, 1
257, 674, 5, 0, 1384, 1388, 714, 709, 142.80, 1
258, 677, 4, 0, 1389, 1392, 715, 711, 178.75, 1
259, 680, 3, 0, 1393, 1395, 715, 712, 238.33, 1
260, 683, 5, 0, 1396, 1400, 717, 712, 143.40, 1
261, 686, 4, 0, 1401, 1404, 718, 714, 179.50, 1
262, 689, 3, 0, 1405, 1407, 718, 715, 239.33, 1
263, 692, 5, 0, 1408, 1412, 720, 715, 144.00, 1
264, 695, 4, 0, 1413, 1416, 721, 717, 180.25, 1
265, 698, 5, 0, 1417, 1421, 723, 718, 144.60, 1
266, 701, 8, 0, 1422, 1429, 728, 720, 91.00, 1
267, 704, 2, 0, 1430, 1431, 727, 725, 363.50, 1
268, 707, 4, 0, 1432, 1435, 728, 724, 182.00, 1
269, 710, 5, 0, 1436, 1440, 730, 725, 146.00, 1
270, 713, 2, 0, 1441, 1442, 729, 727, 364.50, 1
271, 716, 4, 0, 1443, 1446, 730, 726, 182.50, 1
272, 719, 4, 0, 1447, 1450, 731, 727, 182.75, 1
273, 722, 6, 0, 1451, 1456, 734, 728, 122.33, 1
274, 725, 3, 0, 1457, 1459, 734, 731, 244.67, 1
275, 728, 5, 0, 1460, 1464, 736, 731, 147.20, 1
276, 731, 7, 0, 1465, 1471, 740, 733, 105.71, 1
277, 734, 5, 0, 1472, 1476, 742, 737, 148.40, 1
278, 737, 3, 0, 1477, 1479, 742, 739, 247.33, 1
279, 740, 3, 0, 1480, 1482, 742, 739, 247.33, 1
280, 743, 6, 0, 1483, 1488, 745, 739, 124.17, 1
281, 746, 7, 0, 1489, 1495, 749, 742, 107.00, 1
282, 749, 8, 0, 1496, 1503, 754, 746, 94.25, 1
283, 752, 1, 0, 1504, 1504, 752, 751, 752.00, 1
284, 755, 5, 0, 1505, 1509, 754, 749, 150.80, 1
285, 758, 5, 0, 1510, 1514, 756, 751, 151.20, 1
286, 761, 7, 0, 1515, 1521, 760, 753, 108.57, 1
287, 764, 8, 0, 1522, 1529, 765, 757, 95.62, 1
288, 767, 5, 0, 1530, 1534, 767, 762, 153.40, 1
289, 770, 5, 0, 1535, 1539, 769, 764, 153.80, 1
290, 773, 3, 0, 1540, 1542, 769, 766, 256.33, 1
291, 776, 6, 0, 1543, 1548, 772, 766, 128.67, 1
292, 779, 2, 0, 1549, 1550, 771, 769, 385.50, 1
293, 782, 2, 0, 1551, 1552, 770, 768, 385.00, 1
294, 785, 4, 0, 1553, 1556, 771, 767, 192.75, 1
295, 788, 5, 0, 1557, 1561, 773, 768, 154.60, 1
296, 791, 2, 0, 1562, 1563, 772, 770, 386.00, 1
297, 794, 12, 0, 1564, 1575, 781, 769, 65.08, 1
298, 797, 5, 0, 1576, 1580, 783, 778, 156.60, 1
299, 800, 6, 0, 1581, 1586, 786, 780, 131.00, 1
300, 803, 3, 0, 1587, 1589, 786, 783, 262.00, 1
301, 806, 6, 0, 1590, 1595, 789, 783, 131.50, 1
302, 809, 13, 0, 1596, 1608, 799, 786, 61.46, 1
303, 812, 7, 0, 1609, 1615, 803, 796, 114.71, 1
304, 815, 8, 0, 1616, 1623, 808, 800, 101.00, 1
305, 818, 4, 0, 1624, 1627, 809, 805, 202.25, 1
306, 821, 3, 0, 1628, 1630, 809, 806, 269.67, 1
307, 824, 1, 0, 1631, 1631, 807, 806, 807.00, 1
308, 827, 3, 0, 1632, 1634, 807, 804, 269.00, 1
309, 830, 7, 0, 1635, 1641, 811, 804, 115.86, 1
310, 833, 9, 0, 1642, 1650, 817, 808, 90.78, 1
311, 836, 6, 0, 1651, 1656, 820, 814, 136.67, 1
312, 839, 4, 0, 1657, 1660, 821, 817, 205.25, 1
313, 842, 14, 0, 1661, 1674, 832, 818, 59.43, 1
314, 845, 3, 0, 1675, 1677, 832, 829, 277.33, 1
315, 848, 4, 0, 1678, 1681, 833, 829, 208.25, 1
316, 851, 14, 0, 1682, 1695, 844, 830, 60.29, 1
317, 854, 2, 0, 1696, 1697, 843, 841, 421.50, 1
318, 857, 3, 0, 1698, 1700, 843, 840, 281.00, 1
319, 860, 5, 0, 1701, 1705, 845, 840, 169.00, 1
320, 863, 5, 0, 1706, 1710, 847, 842, 169.40, 1
321, 866, 4, 0, 1711, 1714, 848, 844, 212.00, 1
322, 869, 3, 0, 1715, 1717, 848, 845, 282.67, 1
323, 872, 3, 0, 1718, 1720, 848, 845, 282.67, 1
324, 875, 5, 0, 1721, 1725, 850, 845, 170.00, 1
325, 878, 6, 0, 1726, 1731, 853, 847, 142.17, 1
326, 881, 7, 0, 1732, 1738, 857, 850, 122.43, 1
327, 884, 4, 0, 1739, 1742, 858, 854, 214.50, 1
328, 887, 1, 0, 1743, 1743, 856, 855, 856.00, 1
329, 890, 3, 0, 1744, 1746, 856, 853, 285.33, 1
330, 893, 4, 0, 1747, 1750, 857, 853, 214.25, 1
331, 896, 6, 0, 1751, 1756, 860, 854, 143.33, 1
332, 899, 9, 0, 1757, 1765, 866, 857, 96.22, 1
333, 902, 8, 0, 1766, 1773, 871, 863, 108.88, 1
334, 905, 8, 0, 1774, 1781, 876, 868, 109.50, 1
335, 908, 7, 0, 1782, 1788, 880, 873, 125.71, 1
336, 911, 16, 0, 1789, 7999, 7088, 7072, 443.00, 1
337, 914, 7, 0, 1804, 1810, 896, 889, 128.00, 1
338, 917, 5, 0, 1811, 1815, 898, 893, 179.60, 1
339, 920, 12, 0, 1816, 1827, 907, 895, 75.58, 1
340, 923, 14, 0, 1828, 1841, 918, 904, 65.57, 1
341, 926, 15, 0, 1842, 1856, 930, 915, 62.00, 1
342, 929, 16, 0, 1857, 8000, 7071, 7055, 441.94, 1
343, 932, 15, 0, 1872, 1886, 954, 939, 63.60, 1
344, 935, 3, 0, 1887, 1889, 954, 951, 318.00, 1
345, 938, 5, 0, 1890, 1894, 956, 951, 191.20, 1
346, 941, 3, 0, 1895, 1897, 956, 953, 318.67, 1
347, 944, 6, 0, 1898, 1903, 959, 953, 159.83, 1
348, 947, 7, 0, 1904, 1910, 963, 956, 137.57, 1
349, 950, 5, 0, 1911, 1915, 965, 960, 193.00, 1
350, 953, 3, 0, 1916, 1918, 965, 962, 321.67, 1
351, 956, 5, 0, 1919, 1923, 967, 962, 193.40, 1
352, 959, 1, 0, 1924, 1924, 965, 964, 965.00, 1
353, 962, 4, 0, 1925, 1928, 966, 962, 241.50, 1
354, 965, 3, 0, 1929, 1931, 966, 963, 322.00, 1
355, 968, 3, 0, 1932, 1934, 966, 963, 322.00, 1
356, 971, 3, 0, 1935, 1937, 966, 963, 322.00, 1
357, 974, 5, 0, 1938, 1942, 968, 963, 193.60, 1
358, 977, 7, 0, 1943, 1949, 972, 965, 138.86, 1
359, 980, 4, 0, 1950, 1953, 973, 969, 243.25, 1
360, 983, 7, 0, 1954, 1960, 977, 970, 139.57, 1
361, 986, 8, 0, 1961, 1968, 982, 974, 122.75, 1
362, 989, 6, 0, 1969, 1974, 985, 979, 164.17, 1
363, 992, 5, 0, 1975, 1979, 987, 982, 197.40, 1
364, 995, 3, 0, 1980, 1982, 987, 984, 329.00, 1
365, 998, 15, 0, 1983, 1997, 999, 984, 66.60, 1
366, 1001, 4, 0, 1998, 2001, 1000, 996, 250.00, 1
367, 1004, 5, 0, 2002, 2006, 1002, 997, 200.40, 1
368, 1007, 2, 0, 2007, 2008, 1001, 999, 500.50, 1
369, 1010, 2, 0, 2009, 2010, 1000, 998, 500.00, 1
370, 1013, 1, 0, 2011, 2011, 998, 997, 998.00, 1
371, 1016, 4, 0, 2012, 2015, 999, 995, 249.75, 1
372, 1019, 5, 0, 2016, 2020, 1001, 996, 200.20, 1
373, 1022, 4, 0, 2021, 2024, 1002, 998, 250.50, 1
374, 1025, 4, 0, 2025, 2028, 1003, 999, 250.75, 1
375, 1028, 2, 0, 2029, 2030, 1002, 1000, 501.00, 1
376, 1031, 16, 0, 2031, 8001, 6970, 6954, 435.62, 1
377, 1034, 2, 0, 2046, 2047, 1013, 1011, 506.50, 1
378, 1037, 4, 0, 2048, 2051, 1014, 1010, 253.50, 1
379, 1040, 5, 0, 2052, 2056, 1016, 1011, 203.20, 1
380, 1043, 2, 0, 2057, 2058, 1015, 1013, 507.50, 1
381, 1046, 3, 0, 2059, 2061, 1015, 1012, 338.33, 1
382, 1049, 5, 0, 2062, 2066, 1017, 1012, 203.40, 1
383, 1052, 4, 0, 2067, 2070, 1018, 1014, 254.50, 1
384, 1055, 3, 0, 2071, 2073, 1018, 1015, 339.33, 1
385, 1058, 5, 0, 2074, 2078, 1020, 1015, 204.00, 1
386, 1061, 4, 0, 2079, 2082, 1021, 1017, 255.25, 1
387, 1064, 4, 0, 2083, 2086, 1022, 1018, 255.50, 1
388, 1067, 3, 0, 2087, 2089, 1022, 1019, 340.67, 1
389, 1070, 5, 0, 2090, 2094, 1024, 1019, 204.80, 1
390, 1073, 4, 0, 2095, 2098, 1025, 1021, 256.25, 1
391, 1076, 3, 0, 2099, 2101, 1025, 1022, 341.67, 1
392, 1079, 5, 0, 2102, 2106, 1027, 1022, 205.40, 1
393, 1082, 4, 0, 2107, 2110, 1028, 1024, 257.00, 1
394, 1085, 3, 0, 2111, 2113, 1028, 1025, 342.67, 1
395, 1088, 5, 0, 2114, 2118, 1030, 1025, 206.00, 1
396, 1091, 4, 0, 2119, 2122, 1031, 1027, 257.75, 1
397, 1094, 5, 0, 2123, 2127, 1033, 1028, 206.60, 1
398, 1097, 8, 0, 2128, 2135, 1038, 1030, 129.75, 1
399, 1100, 2, 0, 2136, 2137, 1037, 1035, 518.50, 1
400, 1103, 4, 0, 2138, 2141, 1038, 1034, 259.50, 1
401, 1106, 5, 0, 2142, 2146, 1040, 1035, 208.00, 1
402, 1109, 2, 0, 2147, 2148, 1039, 1037, 519.50, 1
403, 1112, 4, 0, 2149, 2152, 1040, 1036, 260.00, 1
404, 1115, 4, 0, 2153, 2156, 1041, 1037, 260.25, 1
405, 1118, 6, 0, 2157, 2162, 1044, 1038, 174.00, 1
406, 1121, 3, 0, 2163, 2165, 1044, 1041, 348.00, 1
407, 1124, 5, 0, 2166, 2170, 1046, 1041, 209.20, 1
408, 1127, 7, 0, 2171, 2177, 1050, 1043, 150.00, 1
409, 1130, 5, 0, 2178, 2182, 1052, 1047, 210.40, 1
410, 1133, 3, 0, 2183, 2185, 1052, 1049, 350.67, 1
411, 1136, 3, 0, 2186, 2188, 1052, 1049, 350.67, 1
412, 1139, 6, 0, 2189, 2194, 1055, 1049, 175.83, 1
413, 1142, 7, 0, 2195, 2201, 1059, 1052, 151.29, 1
414, 1145, 8, 0, 2202, 2209, 1064, 1056, 133.00, 1
415, 1148, 1, 0, 2210, 2210, 1062, 1061, 1062.00, 1
416, 1151, 5, 0, 2211, 2215, 1064, 1059, 212.80, 1
417, 1154, 5, 0, 2216, 2220, 1066, 1061, 213.20, 1
418, 1157, 7, 0, 2221, 2227, 1070, 1063, 152.86, 1
419, 1160, 8, 0, 2228, 2235, 1075, 1067, 134.38, 1
420, 1163, 5, 0, 2236, 2240, 1077, 1072, 215.40, 1
421, 1166, 5, 0, 2241, 2245, 1079, 1074, 215.80, 1
422, 1169, 3, 0, 2246, 2248, 1079, 1076, 359.67, 1
423, 1172, 6, 0, 2249, 2254, 1082, 1076, 180.33, 1
424, 1175, 2, 0, 2255, 2256, 1081, 1079, 540.50, 1
425, 1178, 2, 0, 2257, 2258, 1080, 1078, 540.00, 1
426, 1181, 4, 0, 2259, 2262, 1081, 1077, 270.25, 1
427, 1184, 5, 0, 2263, 2267, 1083, 1078, 216.60, 1
428, 1187, 2, 0, 2268, 2269, 1082, 1080, 541.00, 1
429, 1190, 12, 0, 2270, 2281, 1091, 1079, 90.92, 1
430, 1193, 5, 0, 2282, 2286, 1093, 1088, 218.60, 1
431, 1196, 6, 0, 2287, 2292, 1096, 1090, 182.67, 1
432, 1199, 3, 0, 2293, 2295, 1096, 1093, 365.33, 1
433, 1202, 6, 0, 2296, 2301, 1099, 1093, 183.17, 1
434, 1205, 13, 0, 2302, 2314, 1109, 1096, 85.31, 1
435, 1208, 7, 0, 2315, 2321, 1113, 1106, 159.00, 1
436, 1211, 8, 0, 2322, 2329, 1118, 1110, 139.75, 1
437, 1214, 4, 0, 2330, 2333, 1119, 1115, 279.75, 1
438, 1217, 3, 0, 2334, 2336, 1119, 1116, 373.00, 1
439, 1220, 1, 0, 2337, 2337, 1117, 1116, 1117.00, 1
440, 1223, 3, 0, 2338, 2340, 1117, 1114, 372.33, 1
441, 1226, 7, 0, 2341, 2347, 1121, 1114, 160.14, 1
442, 1229, 9, 0, 2348, 2356, 1127, 1118, 125.22, 1
443, 1232, 6, 0, 2357, 2362, 1130, 1124, 188.33, 1
444, 1235, 4, 0, 2363, 2366, 1131, 1127, 282.75, 1
445, 1238, 14, 0, 2367, 2380, 1142, 1128, 81.57, 1
446, 1241, 3, 0, 2381, 2383, 1142, 1139, 380.67, 1
447, 1244, 4, 0, 2384, 2387, 1143, 1139, 285.75, 1
448, 1247, 14, 0, 2388, 2401, 1154, 1140, 82.43, 1
449, 1250, 2, 0, 2402, 2403, 1153, 1151, 576.50, 1
450, 1253, 3, 0, 2404, 2406, 1153, 1150, 384.33, 1
451, 1256, 5, 0, 2407, 2411, 1155, 1150, 231.00, 1
452, 1259, 5, 0, 2412, 2416, 1157, 1152, 231.40, 1
453, 1262, 4, 0, 2417, 2420, 1158, 1154, 289.50, 1
454, 1265, 3, 0, 2421, 2423, 1158, 1155, 386.00, 1
455, 1268, 3, 0, 2424, 2426, 1158, 1155, 386.00, 1
456, 1271, 5, 0, 2427, 2431, 1160, 1155, 232.00, 1
457, 1274, 6, 0, 2432, 2437, 1163, 1157, 193.83, 1
458, 1277, 7, 0, 2438, 2444, 1167, 1160, 166.71, 1
459, 1280, 4, 0, 2445, 2448, 1168, 1164, 292.00, 1
460, 1283, 1, 0, 2449, 2449, 1166, 1165, 1166.00, 1
461, 1286, 3, 0, 2450, 2452, 1166, 1163, 388.67, 1
462, 1289, 4, 0, 2453, 2456, 1167, 1163, 291.75, 1
463, 1292, 6, 0, 2457, 2462, 1170, 1164, 195.00, 1
464, 1295, 9, 0, 2463, 2471, 1176, 1167, 130.67, 1
465, 1298, 8, 0, 2472, 2479, 1181, 1173, 147.62, 1
466, 1301, 8, 0, 2480, 2487, 1186, 1178, 148.25, 1
467, 1304, 7, 0, 2488, 2494, 1190, 1183, 170.00, 1
468, 1307, 16, 0, 2495, 8002, 6695, 6679, 418.44, 1
469, 1310, 7, 0, 2510, 2516, 1206, 1199, 172.29, 1
470, 1313, 5, 0, 2517, 2521, 1208, 1203, 241.60, 1
471, 1316, 12, 0, 2522, 2533, 1217, 1205, 101.42, 1
472, 1319, 14, 0, 2534, 2547, 1228, 1214, 87.71, 1
473, 1322, 15, 0, 2548, 2562, 1240, 1225, 82.67, 1
474, 1325, 16, 0, 2563, 8003, 6678, 6662, 417.38, 1
475, 1328, 15, 0, 2578, 2592, 1264, 1249, 84.27, 1
476, 1331, 3, 0, 2593, 2595, 1264, 1261, 421.33, 1
477, 1334, 5, 0, 2596, 2600, 1266, 1261, 253.20, 1
478, 1337, 3, 0, 2601, 2603, 1266, 1263, 422.00, 1
479, 1340, 6, 0, 2604, 2609, 1269, 1263, 211.50, 1
480, 1343, 7, 0, 2610, 2616, 1273, 1266, 181.86, 1
481, 1346, 5, 0, 2617, 2621, 1275, 1270, 255.00, 1
482, 1349, 3, 0, 2622, 2624, 1275, 1272, 425.00, 1
483, 1352, 5, 0, 2625, 2629, 1277, 1272, 255.40, 1
484, 1355, 1, 0, 2630, 2630, 1275, 1274, 1275.00, 1
485, 1358, 4, 0, 2631, 2634, 1276, 1272, 319.00, 1
486, 1361, 3, 0, 2635, 2637, 1276, 1273, 425.33, 1
487, 1364, 3, 0, 2638, 2640, 1276, 1273, 425.33, 1
488, 1367, 3, 0, 2641, 2643, 1276, 1273, 425.33, 1
489, 1370, 5, 0, 2644, 2648, 1278, 1273, 255.60, 1
490, 1373, 7, 0, 2649, 2655, 1282, 1275, 183.14, 1
491, 1376, 4, 0, 2656, 2659, 1283, 1279, 320.75, 1
492, 1379, 7, 0, 2660, 2666, 1287, 1280, 183.86, 1
493, 1382, 8, 0, 2667, 2674, 1292, 1284, 161.50, 1
494, 1385, 6, 0, 2675, 2680, 1295, 1289, 215.83, 1
495, 1388, 5, 0, 2681, 2685, 1297, 1292, 259.40, 1
496, 1391, 3, 0, 2686, 2688, 1297, 1294, 432.33, 1
497, 1394, 15, 0, 2689, 2703, 1309, 1294, 87.27, 1
498, 1397, 4, 0, 2704, 2707, 1310, 1306, 327.50, 1
499, 1400, 5, 0, 2708, 2712, 1312, 1307, 262.40, 1
500, 1403, 2, 0, 2713, 2714, 1311, 1309, 655.50, 1
501, 1406, 2, 0, 2715, 2716, 1310, 1308, 655.00, 1
502, 1409, 1, 0, 2717, 2717, 1308, 1307, 1308.00, 1
503, 1412, 4, 0, 2718, 2721, 1309, 1305, 327.25, 1
504, 1415, 5, 0, 2722, 2726, 1311, 1306, 262.20, 1
505, 1418, 4, 0, 2727, 2730, 1312, 1308, 328.00, 1
506, 1421, 4, 0, 2731, 2734, 1313, 1309, 328.25, 1
507, 1424, 2, 0, 2735, 2736, 1312, 1310, 656.00, 1
508, 1427, 16, 0, 2737, 8004, 6577, 6561, 411.06, 1
509, 1430, 2, 0, 2752, 2753, 1323, 1321, 661.50, 1
510, 1433, 4, 0, 2754, 2757, 1324, 1320, 331.00, 1
511, 1436, 5, 0, 2758, 2762, 1326, 1321, 265.20, 1
512, 1439, 2, 0, 2763, 2764, 1325, 1323, 662.50, 1
513, 1442, 3, 0, 2765, 2767, 1325, 1322, 441.67, 1
514, 1445, 5, 0, 2768, 2772, 1327, 1322, 265.40, 1
515, 1448, 4, 0, 2773, 2776, 1328, 1324, 332.00, 1
516, 1451, 3, 0, 2777, 2779, 1328, 1325, 442.67, 1
517, 1454, 5, 0, 2780, 2784, 1330, 1325, 266.00, 1
518, 1457, 4, 0, 2785, 2788, 1331, 1327, 332.75, 1
519, 1460, 4, 0, 2789, 2792, 1332, 1328, 333.00, 1
520, 1463, 3, 0, 2793, 2795, 1332, 1329, 444.00, 1
521, 1466, 5, 0, 2796, 2800, 1334, 1329, 266.80, 1
522, 1469, 4, 0, 2801, 2804, 1335, 1331, 333.75, 1
523, 1472, 3, 0, 2805, 2807, 1335, 1332, 445.00, 1
524, 1475, 5, 0, 2808, 2812, 1337, 1332, 267.40, 1
525, 1478, 4, 0, 2813, 2816, 1338, 1334, 334.50, 1
526, 1481, 3, 0, 2817, 2819, 1338, 1335, 446.00, 1
527, 1484, 5, 0, 2820, 2824, 1340, 1335, 268.00, 1
528, 1487, 4, 0, 2825, 2828, 1341, 1337, 335.25, 1
529, 1490, 5, 0, 2829, 2833, 1343, 1338, 268.60, 1
530, 1493, 8, 0, 2834, 2841, 1348, 1340, 168.50, 1
531, 1496, 2, 0, 2842, 2843, 1347, 1345, 673.50, 1
532, 1499, 4, 0, 2844, 2847, 1348, 1344, 337.00, 1
533, 1502, 5, 0, 2848, 2852, 1350, 1345, 270.00, 1
534, 1505, 2, 0, 2853, 2854, 1349, 1347, 674.50, 1
535, 1508, 4, 0, 2855, 2858, 1350, 1346, 337.50, 1
536, 1511, 4, 0, 2859, 2862, 1351, 1347, 337.75, 1
537, 1514, 6, 0, 2863, 2868, 1354, 1348, 225.67, 1
538, 1517, 3, 0, 2869, 2871, 1354, 1351, 451.33, 1
539, 1520, 5, 0, 2872, 2876, 1356, 1351, 271.20, 1
540, 1523, 7, 0, 2877, 2883, 1360, 1353, 194.29, 1
541, 1526, 5, 0, 2884, 2888, 1362, 1357, 272.40, 1
542, 1529, 3, 0, 2889, 2891, 1362, 1359, 454.00, 1
543, 1532, 3, 0, 2892, 2894, 1362, 1359, 454.00, 1
544, 1535, 6, 0, 2895, 2900, 1365, 1359, 227.50, 1
545, 1538, 7, 0, 2901, 2907, 1369, 1362, 195.57, 1
546, 1541, 8, 0, 2908, 2915, 1374, 1366, 171.75, 1
547, 1544, 1, 0, 2916, 2916, 1372, 1371, 1372.00, 1
548, 1547, 5, 0, 2917, 2921, 1374, 1369, 274.80, 1
549, 1550, 5, 0, 2922, 2926, 1376, 1371, 275.20, 1
550, 1553, 7, 0, 2927, 2933, 1380, 1373, 197.14, 1
551, 1556, 8, 0, 2934, 2941, 1385, 1377, 173.12, 1
552, 1559, 5, 0, 2942, 2946, 1387, 1382, 277.40, 1
553, 1562, 5, 0, 2947, 2951, 1389, 1384, 277.80, 1
554, 1565, 3, 0, 2952, 2954, 1389, 1386, 463.00, 1
555, 1568, 6, 0, 2955, 2960, 1392, 1386, 232.00, 1
556, 1571, 2, 0, 2961, 2962, 1391, 1389, 695.50, 1
557, 1574, 2, 0, 2963, 2964, 1390, 1388, 695.00, 1
558, 1577, 4, 0, 2965, 2968, 1391, 1387, 347.75, 1
559, 1580, 5, 0, 2969, 2973, 1393, 1388, 278.60, 1
560, 1583, 2, 0, 2974, 2975, 1392, 1390, 696.00, 1
561, 1586, 12, 0, 2976, 2987, 1401, 1389, 116.75, 1
562, 1589, 5, 0, 2988, 2992, 1403, 1398, 280.60, 1
563, 1592, 6, 0, 2993, 2998, 1406, 1400, 234.33, 1
564, 1595, 3, 0, 2999, 3001, 1406, 1403, 468.67, 1
565, 1598, 6, 0, 3002, 3007, 1409, 1403, 234.83, 1
566, 1601, 13, 0, 3008, 3020, 1419, 1406, 109.15, 1
567, 1604, 7, 0, 3021, 3027, 1423, 1416, 203.29, 1
568, 1607, 8, 0, 3028, 3035, 1428, 1420, 178.50, 1
569, 1610, 4, 0, 3036, 3039, 1429, 1425, 357.25, 1
570, 1613, 3, 0, 3040, 3042, 1429, 1426, 476.33, 1
571, 1616, 1, 0, 3043, 3043, 1427, 1426, 1427.00, 1
572, 1619, 3, 0, 3044, 3046, 1427, 1424, 475.67, 1
573, 1622, 7, 0, 3047, 3053, 1431, 1424, 204.43, 1
574, 1625, 9, 0, 3054, 3062, 1437, 1428, 159.67, 1
575, 1628, 6, 0, 3063, 3068, 1440, 1434, 240.00, 1
576, 1631, 4, 0, 3069, 3072, 1441, 1437, 360.25, 1
577, 1634, 14, 0, 3073, 3086, 1452, 1438, 103.71, 1
578, 1637, 3, 0, 3087, 3089, 1452, 1449, 484.00, 1
579, 1640, 4, 0, 3090, 3093, 1453, 1449, 363.25, 1
580, 1643, 14, 0, 3094, 3107, 1464, 1450, 104.57, 1
581, 1646, 2, 0, 3108, 3109, 1463, 1461, 731.50, 1
582, 1649, 3, 0, 3110, 3112, 1463, 1460, 487.67, 1
583, 1652, 5, 0, 3113, 3117, 1465, 1460, 293.00, 1
584, 1655, 5, 0, 3118, 3122, 1467, 1462, 293.40, 1
585, 1658, 4, 0, 3123, 3126, 1468, 1464, 367.00, 1
586, 1661, 3, 0, 3127, 3129, 1468, 1465, 489.33, 1
587, 1664, 3, 0, 3130, 3132, 1468, 1465, 489.33, 1
588, 1667, 5, 0, 3133, 3137, 1470, 1465, 294.00, 1
589, 1670, 6, 0, 3138, 3143, 1473, 1467, 245.50, 1
590, 1673, 7, 0, 3144, 3150, 1477, 1470, 211.00, 1
591, 1676, 4, 0, 3151, 3154, 1478, 1474, 369.50, 1
592, 1679, 1, 0, 3155, 3155, 1476, 1475, 1476.00, 1
593, 1682, 3, 0, 3156, 3158, 1476, 1473, 492.00, 1
594, 1685, 4, 0, 3159, 3162, 1477, 1473, 369.25, 1
595, 1688, 6, 0, 3163, 3168, 1480, 1474, 246.67, 1
596, 1691, 9, 0, 3169, 3177, 1486, 1477, 165.11, 1
597, 1694, 8, 0, 3178, 3185, 1491, 1483, 186.38, 1
598, 1697, 8, 0, 3186, 3193, 1496, 1488, 187.00, 1
599, 1700, 7, 0, 3194, 3200, 1500, 1493, 214.29, 1
600, 1703, 16, 0, 3201, 8005, 6302, 6286, 393.88, 1
601, 1706, 7, 0, 3216, 3222, 1516, 1509, 216.57, 1
602, 1709, 5, 0, 3223, 3227, 1518, 1513, 303.60, 1
603, 1712, 12, 0, 3228, 3239, 1527, 1515, 127.25, 1
604, 1715, 14, 0, 3240, 3253, 1538, 1524, 109.86, 1
605, 1718, 15, 0, 3254, 3268, 1550, 1535, 103.33, 1
606, 1721, 16, 0, 3269, 8006, 6285, 6269, 392.81, 1
607, 1724, 15, 0, 3284, 3298, 1574, 1559, 104.93, 1
608, 1727, 3, 0, 3299, 3301, 1574, 1571, 524.67, 1
609, 1730, 5, 0, 3302, 3306, 1576, 1571, 315.20, 1
610, 1733, 3, 0, 3307, 3309, 1576, 1573, 525.33, 1
611, 1736, 6, 0, 3310, 3315, 1579, 1573, 263.17, 1
612, 1739, 7, 0, 3316, 3322, 1583, 1576, 226.14, 1
613, 1742, 5, 0, 3323, 3327, 1585, 1580, 317.00, 1
614, 1745, 3, 0, 3328, 3330, 1585, 1582, 528.33, 1
615, 1748, 5, 0, 3331, 3335, 1587, 1582, 317.40, 1
616, 1751, 1, 0, 3336, 3336, 1585, 1584, 1585.00, 1
617, 1754, 4, 0, 3337, 3340, 1586, 1582, 396.50, 1
618, 1757, 3, 0, 3341, 3343, 1586, 1583, 528.67, 1
619, 1760, 3, 0, 3344, 3346, 1586, 1583, 528.67, 1
620, 1763, 3, 0, 3347, 3349, 1586, 1583, 528.67, 1
621, 1766, 5, 0, 3350, 3354, 1588, 1583, 317.60, 1
622, 1769, 7, 0, 3355, 3361, 1592, 1585, 227.43, 1
623, 1772, 4, 0, 3362, 3365, 1593, 1589, 398.25, 1
624, 1775, 7, 0, 3366, 3372, 1597, 1590, 228.14, 1
625, 1778, 8, 0, 3373, 3380, 1602, 1594, 200.25, 1
626, 1781, 6, 0, 3381, 3386, 1605, 1599, 267.50, 1
627, 1784, 5, 0, 3387, 3391, 1607, 1602, 321.40, 1
628, 1787, 3, 0, 3392, 3394, 1607, 1604, 535.67, 1
629, 1790, 15, 0, 3395, 3409, 1619, 1604, 107.93, 1
630, 1793, 4, 0, 3410, 3413, 1620, 1616, 405.00, 1
631, 1796, 5, 0, 3414, 3418, 1622, 1617, 324.40, 1
632, 1799, 2, 0, 3419, 3420, 1621, 1619, 810.50, 1
633, 1802, 2, 0, 3421, 3422, 1620, 1618, 810.00, 1
634, 1805, 1, 0, 3423, 3423, 1618, 1617, 1618.00, 1
635, 1808, 4, 0, 3424, 3427, 1619, 1615, 404.75, 1
636, 1811, 5, 0, 3428, 3432, 1621, 1616, 324.20, 1
637, 1814, 4, 0, 3433, 3436, 1622, 1618, 405.50, 1
638, 1817, 4, 0, 3437, 3440, 1623, 1619, 405.75, 1
639, 1820, 2, 0, 3441, 3442, 1622, 1620, 811.00, 1
640, 1823, 16, 0, 3443, 8007, 6184, 6168, 386.50, 1
641, 1826, 2, 0, 3458, 3459, 1633, 1631, 816.50, 1
642, 1829, 4, 0, 3460, 3463, 1634, 1630, 408.50, 1
643, 1832, 5, 0, 3464, 3468, 1636, 1631, 327.20, 1
644, 1835, 2, 0, 3469, 3470, 1635, 1633, 817.50, 1
645, 1838, 3, 0, 3471, 3473, 1635, 1632, 545.00, 1
646, 1841, 5, 0, 3474, 3478, 1637, 1632, 327.40, 1
647, 1844, 4, 0, 3479, 3482, 1638, 1634, 409.50, 1
648, 1847, 3, 0, 3483, 3485, 1638, 1635, 546.00, 1
649, 1850, 5, 0, 3486, 3490, 1640, 1635, 328.00, 1
650, 1853, 4, 0, 3491, 3494, 1641, 1637, 410.25, 1
651, 1856, 4, 0, 3495, 3498, 1642, 1638, 410.50, 1
652, 1859, 3, 0, 3499, 3501, 1642, 1639, 547.33, 1
653, 1862, 5, 0, 3502, 3506, 1644, 1639, 328.80, 1
654, 1865, 4, 0, 3507, 3510, 1645, 1641, 411.25, 1
655, 1868, 3, 0, 3511, 3513, 1645, 1642, 548.33, 1
656, 1871, 5, 0, 3514, 3518, 1647, 1642, 329.40, 1
657, 1874, 4, 0, 3519, 3522, 1648, 1644, 412.00, 1
658, 1877, 3, 0, 3523, 3525, 1648, 1645, 549.33, 1
659, 1880, 5, 0, 3526, 3530, 1650, 1645, 330.00, 1
660, 1883, 4, 0, 3531, 3534, 1651, 1647, 412.75, 1
661, 1886, 5, 0, 3535, 3539, 1653, 1648, 330.60, 1
662, 1889, 8, 0, 3540, 3547, 1658, 1650, 207.25, 1
663, 1892, 2, 0, 3548, 3549, 1657, 1655, 828.50, 1
664, 1895, 4, 0, 3550, 3553, 1658, 1654, 414.50, 1
665, 1898, 5, 0, 3554, 3558, 1660, 1655, 332.00, 1
666, 1901, 2, 0, 3559, 3560, 1659, 1657, 829.50, 1
667, 1904, 4, 0, 3561, 3564, 1660, 1656, 415.00, 1
668, 1907, 4, 0, 3565, 3568, 1661, 1657, 415.25, 1
669, 1910, 6, 0, 3569, 3574, 1664, 1658, 277.33, 1
670, 1913, 3, 0, 3575, 3577, 1664, 1661, 554.67, 1
671, 1916, 5, 0, 3578, 3582, 1666, 1661, 333.20, 1
672, 1919, 7, 0, 3583, 3589, 1670, 1663, 238.57, 1
673, 1922, 5, 0, 3590, 3594, 1672, 1667, 334.40, 1
674, 1925, 3, 0, 3595, 3597, 1672, 1669, 557.33, 1
675, 1928, 3, 0, 3598, 3600, 1672, 1669, 557.33, 1
676, 1931, 6, 0, 3601, 3606, 1675, 1669, 279.17, 1
677, 1934, 7, 0, 3607, 3613, 1679, 1672, 239.86, 1
678, 1937, 8, 0, 3614, 3621, 1684, 1676, 210.50, 1
679, 1940, 1, 0, 3622, 3622, 1682, 1681, 1682.00, 1
680, 1943, 5, 0, 3623, 3627, 1684, 1679, 336.80, 1
681, 1946, 5, 0, 3628, 3632, 1686, 1681, 337.20, 1
682, 1949, 7, 0, 3633, 3639, 1690, 1683, 241.43, 1
683, 1952, 8, 0, 3640, 3647, 1695, 1687, 211.88, 1
684, 1955, 5, 0, 3648, 3652, 1697, 1692, 339.40, 1
685, 1958, 5, 0, 3653, 3657, 1699, 1694, 339.80, 1
686, 1961, 3, 0, 3658, 3660, 1699, 1696, 566.33, 1
687, 1964, 6, 0, 3661, 3666, 1702, 1696, 283.67, 1
688, 1967, 2, 0, 3667, 3668, 1701, 1699, 850.50, 1
689, 1970, 2, 0, 3669, 3670, 1700, 1698, 850.00, 1
690, 1973, 4, 0, 3671, 3674, 1701, 1697, 425.25, 1
691, 1976, 5, 0, 3675, 3679, 1703, 1698, 340.60, 1
692, 1979, 2, 0, 3680, 3681, 1702, 1700, 851.00, 1
693, 1982, 12, 0, 3682, 3693, 1711, 1699, 142.58, 1
694, 1985, 5, 0, 3694, 3698, 1713, 1708, 342.60, 1
695, 1988, 6, 0, 3699, 3704, 1716, 1710, 286.00, 1
696, 1991, 3, 0, 3705, 3707, 1716, 1713, 572.00, 1
697, 1994, 6, 0, 3708, 3713, 1719, 1713, 286.50, 1
698, 1997, 13, 0, 3714, 3726, 1729, 1716, 133.00, 1
699, 2000, 7, 0, 3727, 3733, 1733, 1726, 247.57, 1
700, 2003, 8, 0, 3734, 3741, 1738, 1730, 217.25, 1
701, 2006, 4, 0, 3742, 3745, 1739, 1735, 434.75, 1
702, 2009, 3, 0, 3746, 3748, 1739, 1736, 579.67, 1
703, 2012, 1, 0, 3749, 3749, 1737, 1736, 1737.00, 1
704, 2015, 3, 0, 3750, 3752, 1737, 1734, 579.00, 1
705, 2018, 7, 0, 3753, 3759, 1741, 1734, 248.71, 1
706, 2021, 9, 0, 3760, 3768, 1747, 1738, 194.11, 1
707, 2024, 6, 0, 3769, 3774, 1750, 1744, 291.67, 1
708, 2027, 4, 0, 3775, 3778, 1751, 1747, 437.75, 1
709, 2030, 14, 0, 3779, 3792, 1762, 1748, 125.86, 1
710, 2033, 3, 0, 3793, 3795, 1762, 1759, 587.33, 1
711, 2036, 4, 0, 3796, 3799, 1763, 1759, 440.75, 1
712, 2039, 14, 0, 3800, 3813, 1774, 1760, 126.71, 1
713, 2042, 2, 0, 3814, 3815, 1773, 1771, 886.50, 1
714, 2045, 3, 0, 3816, 3818, 1773, 1770, 591.00, 1
715, 2048, 5, 0, 3819, 3823, 1775, 1770, 355.00, 1
716, 2051, 5, 0, 3824, 3828, 1777, 1772, 355.40, 1
717, 2054, 4, 0, 3829, 3832, 1778, 1774, 444.50, 1
718, 2057, 3, 0, 3833, 3835, 1778, 1775, 592.67, 1
719, 2060, 3, 0, 3836, 3838, 1778, 1775, 592.67, 1
720, 2063, 5, 0, 3839, 3843, 1780, 1775, 356.00, 1
721, 2066, 6, 0, 3844, 3849, 1783, 1777, 297.17, 1
722, 2069, 7, 0, 3850, 3856, 1787, 1780, 255.29, 1
723, 2072, 4, 0, 3857, 3860, 1788, 1784, 447.00, 1
724, 2075, 1, 0, 3861, 3861, 1786, 1785, 1786.00, 1
725, 2078, 3, 0, 3862, 3864, 1786, 1783, 595.33, 1
726, 2081, 4, 0, 3865, 3868, 1787, 1783, 446.75, 1
727, 2084, 6, 0, 3869, 3874, 1790, 1784, 298.33, 1
728, 2087, 9, 0, 3875, 3883, 1796, 1787, 199.56, 1
729, 2090, 8, 0, 3884, 3891, 1801, 1793, 225.12, 1
730, 2093, 8, 0, 3892, 3899, 1806, 1798, 225.75, 1
731, 2096, 7, 0, 3900, 3906, 1810, 1803, 258.57, 1
732, 2099, 16, 0, 3907, 8008, 5909, 5893, 369.31, 1
733, 2102, 7, 0, 3922, 3928, 1826, 1819, 260.86, 1
734, 2105, 5, 0, 3929, 3933, 1828, 1823, 365.60, 1
735, 2108, 12, 0, 3934, 3945, 1837, 1825, 153.08, 1
736, 2111, 14, 0, 3946, 3959, 1848, 1834, 132.00, 1
737, 2114, 15, 0, 3960, 3974, 1860, 1845, 124.00, 1
738, 2117, 16, 0, 3975, 8009, 5892, 5876, 368.25, 1
739, 2120, 15, 0, 3990, 4004, 1884, 1869, 125.60, 1
740, 2123, 3, 0, 4005, 4007, 1884, 1881, 628.00, 1
741, 2126, 5, 0, 4008, 4012, 1886, 1881, 377.20, 1
742, 2129, 3, 0, 4013, 4015, 1886, 1883, 628.67, 1
743, 2132, 6, 0, 4016, 4021, 1889, 1883, 314.83, 1
744, 2135, 7, 0, 4022, 4028, 1893, 1886, 270.43, 1
745, 2138, 5, 0, 4029, 4033, 1895, 1890, 379.00, 1
746, 2141, 3, 0, 4034, 4036, 1895, 1892, 631.67, 1
747, 2144, 5, 0, 4037, 4041, 1897, 1892, 379.40, 1
748, 2147, 1, 0, 4042, 4042, 1895, 1894, 1895.00, 1
749, 2150, 4, 0, 4043, 4046, 1896, 1892, 474.00, 1
750, 2153, 3, 0, 4047, 4049, 1896, 1893, 632.00, 1
751, 2156, 3, 0, 4050, 4052, 1896, 1893, 632.00, 1
752, 2159, 3, 0, 4053, 4055, 1896, 1893, 632.00, 1
753, 2162, 5, 0, 4056, 4060, 1898, 1893, 379.60, 1
754, 2165, 7, 0, 4061, 4067, 1902, 1895, 271.71, 1
755, 2168, 4, 0, 4068, 4071, 1903, 1899, 475.75, 1
756, 2171, 7, 0, 4072, 4078, 1907, 1900, 272.43, 1
757, 2174, 8, 0, 4079, 4086, 1912, 1904, 239.00, 1
758, 2177, 6, 0, 4087, 4092, 1915, 1909, 319.17, 1
759, 2180, 5, 0, 4093, 4097, 1917, 1912, 383.40, 1
760, 2183, 3, 0, 4098, 4100, 1917, 1914, 639.00, 1
761, 2186, 15, 0, 4101, 4115, 1929, 1914, 128.60, 1
762, 2189, 4, 0, 4116, 4119, 1930, 1926, 482.50, 1
763, 2192, 5, 0, 4120, 4124, 1932, 1927, 386.40, 1
764, 2195, 2, 0, 4125, 4126, 1931, 1929, 965.50, 1
765, 2198, 2, 0, 4127, 4128, 1930, 1928, 965.00, 1
766, 2201, 1, 0, 4129, 4129, 1928, 1927, 1928.00, 1
767, 2204, 4, 0, 4130, 4133, 1929, 1925, 482.25, 1
768, 2207, 5, 0, 4134, 4138, 1931, 1926, 386.20, 1
769, 2210, 4, 0, 4139, 4142, 1932, 1928, 483.00, 1
770, 2213, 4, 0, 4143, 4146, 1933, 1929, 483.25, 1
771, 2216, 2, 0, 4147, 4148, 1932, 1930, 966.00, 1
772, 2219, 16, 0, 4149, 8010, 5791, 5775, 361.94, 1
773, 2222, 2, 0, 4164, 4165, 1943, 1941, 971.50, 1
774, 2225, 4, 0, 4166, 4169, 1944, 1940, 486.00, 1
775, 2228, 5, 0, 4170, 4174, 1946, 1941, 389.20, 1
776, 2231, 2, 0, 4175, 4176, 1945, 1943, 972.50, 1
777, 2234, 3, 0, 4177, 4179, 1945, 1942, 648.33, 1
778, 2237, 5, 0, 4180, 4184, 1947, 1942, 389.40, 1
779, 2240, 4, 0, 4185, 4188, 1948, 1944, 487.00, 1
780, 2243, 3, 0, 4189, 4191, 1948, 1945, 649.33, 1
781, 2246, 5, 0, 4192, 4196, 1950, 1945, 390.00, 1
782, 2249, 4, 0, 4197, 4200, 1951, 1947, 487.75, 1
783, 2252, 4, 0, 4201, 4204, 1952, 1948, 488.00, 1
784, 2255, 3, 0, 4205, 4207, 1952, 1949, 650.67, 1
785, 2258, 5, 0, 4208, 4212, 1954, 1949, 390.80, 1
786, 2261, 4, 0, 4213, 4216, 1955, 1951, 488.75, 1
787, 2264, 3, 0, 4217, 4219, 1955, 1952, 651.67, 1
788, 2267, 5, 0, 4220, 4224, 1957, 1952, 391.40, 1
789, 2270, 4, 0, 4225, 4228, 1958, 1954, 489.50, 1
790, 2273, 3, 0, 4229, 4231, 1958, 1955, 652.67, 1
791, 2276, 5, 0, 4232, 4236, 1960, 1955, 392.00, 1
792, 2279, 4, 0, 4237, 4240, 1961, 1957, 490.25, 1
793, 2282, 5, 0, 4241, 4245, 1963, 1958, 392.60, 1
794, 2285, 8, 0, 4246, 4253, 1968, 1960, 246.00, 1
795, 2288, 2, 0, 4254, 4255, 1967, 1965, 983.50, 1
796, 2291, 4, 0, 4256, 4259, 1968, 1964, 492.00, 1
797, 2294, 5, 0, 4260, 4264, 1970, 1965, 394.00, 1
798, 2297, 2, 0, 4265, 4266, 1969, 1967, 984.50, 1
799, 2300, 4, 0, 4267, 4270, 1970, 1966, 492.50, 1
800, 2303, 4, 0, 4271, 4274, 1971, 1967, 492.75, 1
801, 2306, 6, 0, 4275, 4280, 1974, 1968, 329.00, 1
802, 2309, 3, 0, 4281, 4283, 1974, 1971, 658.00, 1
803, 2312, 5, 0, 4284, 4288, 1976, 1971, 395.20, 1
804, 2315, 7, 0, 4289, 4295, 1980, 1973, 282.86, 1
805, 2318, 5, 0, 4296, 4300, 1982, 1977, 396.40, 1
806, 2321, 3, 0, 4301, 4303, 1982, 1979, 660.67, 1
807, 2324, 3, 0, 4304, 4306, 1982, 1979, 660.67, 1
808, 2327, 6, 0, 4307, 4312, 1985, 1979, 330.83, 1
809, 2330, 7, 0, 4313, 4319, 1989, 1982, 284.14, 1
810, 2333, 8, 0, 4320, 4327, 1994, 1986, 249.25, 1
811, 2336, 1, 0, 4328, 4328, 1992, 1991, 1992.00, 1
812, 2339, 5, 0, 4329, 4333, 1994, 1989, 398.80, 1
813, 2342, 5, 0, 4334, 4338, 1996, 1991, 399.20, 1
814, 2345, 7, 0, 4339, 4345, 2000, 1993, 285.71, 1
815, 2348, 8, 0, 4346, 4353, 2005, 1997, 250.62, 1
816, 2351, 5, 0, 4354, 4358, 2007, 2002, 401.40, 1
817, 2354, 5, 0, 4359, 4363, 2009, 2004, 401.80, 1
818, 2357, 3, 0, 4364, 4366, 2009, 2006, 669.67, 1
819, 2360, 6, 0, 4367, 4372, 2012, 2006, 335.33, 1
820, 2363, 2, 0, 4373, 4374, 2011, 2009, 1005.50, 1
821, 2366, 2, 0, 4375, 4376, 2010, 2008, 1005.00, 1
822, 2369, 4, 0, 4377, 4380, 2011, 2007, 502.75, 1
823, 2372, 5, 0, 4381, 4385, 2013, 2008, 402.60, 1
824, 2375, 2, 0, 4386, 4387, 2012, 2010, 1006.00, 1
825, 2378, 12, 0, 4388, 4399, 2021, 2009, 168.42, 1
826, 2381, 5, 0, 4400, 4404, 2023, 2018, 404.60, 1
827, 2384, 6, 0, 4405, 4410, 2026, 2020, 337.67, 1
828, 2387, 3, 0, 4411, 4413, 2026, 2023, 675.33, 1
829, 2390, 6, 0, 4414, 4419, 2029, 2023, 338.17, 1
830, 2393, 13, 0, 4420, 4432, 2039, 2026, 156.85, 1
831, 2396, 7, 0, 4433, 4439, 2043, 2036, 291.86, 1
832, 2399, 8, 0, 4440, 4447, 2048, 2040, 256.00, 1
833, 2402, 4, 0, 4448, 4451, 2049, 2045, 512.25, 1
834, 2405, 3, 0, 4452, 4454, 2049, 2046, 683.00, 1
835, 2408, 1, 0, 4455, 4455, 2047, 2046, 2047.00, 1
836, 2411, 3, 0, 4456, 4458, 2047, 2044, 682.33, 1
837, 2414, 7, 0, 4459, 4465, 2051, 2044, 293.00, 1
838, 2417, 9, 0, 4466, 4474, 2057, 2048, 228.56, 1
839, 2420, 6, 0, 4475, 4480, 2060, 2054, 343.33, 1
840, 2423, 4, 0, 4481, 4484, 2061, 2057, 515.25, 1
841, 2426, 14, 0, 4485, 4498, 2072, 2058, 148.00, 1
842, 2429, 3, 0, 4499, 4501, 2072, 2069, 690.67, 1
843, 2432, 4, 0, 4502, 4505, 2073, 2069, 518.25, 1
844, 2435, 14, 0, 4506, 4519, 2084, 2070, 148.86, 1
845, 2438, 2, 0, 4520, 4521, 2083, 2081, 1041.50, 1
846, 2441, 3, 0, 4522, 4524, 2083, 2080, 694.33, 1
847, 2444, 5, 0, 4525, 4529, 2085, 2080, 417.00, 1
848, 2447, 5, 0, 4530, 4534, 2087, 2082, 417.40, 1
849, 2450, 4, 0, 4535, 4538, 2088, 2084, 522.00, 1
850, 2453, 3, 0, 4539, 4541, 2088, 2085, 696.00, 1
851, 2456, 3, 0, 4542, 4544, 2088, 2085, 696.00, 1
852, 2459, 5, 0, 4545, 4549, 2090, 2085, 418.00, 1
853, 2462, 6, 0, 4550, 4555, 2093, 2087, 348.83, 1
854, 2465, 7, 0, 4556, 4562, 2097, 2090, 299.57, 1
855, 2468, 4, 0, 4563, 4566, 2098, 2094, 524.50, 1
856, 2471, 1, 0, 4567, 4567, 2096, 2095, 2096.00, 1
857, 2474, 3, 0, 4568, 4570, 2096, 2093, 698.67, 1
858, 2477, 4, 0, 4571, 4574, 2097, 2093, 524.25, 1
859, 2480, 6, 0, 4575, 4580, 2100, 2094, 350.00, 1
860, 2483, 9, 0, 4581, 4589, 2106, 2097, 234.00, 1
861, 2486, 8, 0, 4590, 4597, 2111, 2103, 263.88, 1
862, 2489, 8, 0, 4598, 4605, 2116, 2108, 264.50, 1
863, 2492, 7, 0, 4606, 4612, 2120, 2113, 302.86, 1
864, 2495, 16, 0, 4613, 8011, 5516, 5500, 344.75, 1
865, 2498, 7, 0, 4628, 4634, 2136, 2129, 305.14, 1
866, 2501, 5, 0, 4635, 4639, 2138, 2133, 427.60, 1
867, 2504, 12, 0, 4640, 4651, 2147, 2135, 178.92, 1
868, 2507, 14, 0, 4652, 4665, 2158, 2144, 154.14, 1
869, 2510, 15, 0, 4666, 4680, 2170, 2155, 144.67, 1
870, 2513, 16, 0, 4681, 8012, 5499, 5483, 343.69, 1
871, 2516, 15, 0, 4696, 4710, 2194, 2179, 146.27, 1
872, 2519, 3, 0, 4711, 4713, 2194, 2191, 731.33, 1
873, 2522, 5, 0, 4714, 4718, 2196, 2191, 439.20, 1
874, 2525, 3, 0, 4719, 4721, 2196, 2193, 732.00, 1
875, 2528, 6, 0, 4722, 4727, 2199, 2193, 366.50, 1
876, 2531, 7, 0, 4728, 4734, 2203, 2196, 314.71, 1
877, 2534, 5, 0, 4735, 4739, 2205, 2200, 441.00, 1
878, 2537, 3, 0, 4740, 4742, 2205, 2202, 735.00, 1
879, 2540, 5, 0, 4743, 4747, 2207, 2202, 441.40, 1
880, 2543, 1, 0, 4748, 4748, 2205, 2204, 2205.00, 1
881, 2546, 4, 0, 4749, 4752, 2206, 2202, 551.50, 1
882, 2549, 3, 0, 4753, 4755, 2206, 2203, 735.33, 1
883, 2552, 3, 0, 4756, 4758, 2206, 2203, 735.33, 1
884, 2555, 3, 0, 4759, 4761, 2206, 2203, 735.33, 1
885, 2558, 5, 0, 4762, 4766, 2208, 2203, 441.60, 1
886, 2561, 7, 0, 4767, 4773, 2212, 2205, 316.00, 1
887, 2564, 4, 0, 4774, 4777, 2213, 2209, 553.25, 1
888, 2567, 7, 0, 4778, 4784, 2217, 2210, 316.71, 1
889, 2570, 8, 0, 4785, 4792, 2222, 2214, 277.75, 1
890, 2573, 6, 0, 4793, 4798, 2225, 2219, 370.83, 1
891, 2576, 5, 0, 4799, 4803, 2227, 2222, 445.40, 1
892, 2579, 3, 0, 4804, 4806, 2227, 2224, 742.33, 1
893, 2582, 15, 0, 4807, 4821, 2239, 2224, 149.27, 1
894, 2585, 4, 0, 4822, 4825, 2240, 2236, 560.00, 1
895, 2588, 5, 0, 4826, 4830, 2242, 2237, 448.40, 1
896, 2591, 2, 0, 4831, 4832, 2241, 2239, 1120.50, 1
897, 2594, 2, 0, 4833, 4834, 2240, 2238, 1120.00, 1
898, 2597, 1, 0, 4835, 4835, 2238, 2237, 2238.00, 1
899, 2600, 4, 0, 4836, 4839, 2239, 2235, 559.75, 1
900, 2603, 5, 0, 4840, 4844, 2241, 2236, 448.20, 1
901, 2606, 4, 0, 4845, 4848, 2242, 2238, 560.50, 1
902, 2609, 4, 0, 4849, 4852, 2243, 2239, 560.75, 1
903, 2612, 2, 0, 4853, 4854, 2242, 2240, 1121.00, 1
904, 2615, 16, 0, 4855, 8013, 5398, 5382, 337.38, 1
905, 2618, 2, 0, 4870, 4871, 2253, 2251, 1126.50, 1
906, 2621, 4, 0, 4872, 4875, 2254, 2250, 563.50, 1
907, 2624, 5, 0, 4876, 4880, 2256, 2251, 451.20, 1
908, 2627, 2, 0, 4881, 4882, 2255, 2253, 1127.50, 1
909, 2630, 3, 0, 4883, 4885, 2255, 2252, 751.67, 1
910, 2633, 5, 0, 4886, 4890, 2257, 2252, 451.40, 1
911, 2636, 4, 0, 4891, 4894, 2258, 2254, 564.50, 1
912, 2639, 3, 0, 4895, 4897, 2258, 2255, 752.67, 1
913, 2642, 5, 0, 4898, 4902, 2260, 2255, 452.00, 1
914, 2645, 4, 0, 4903, 4906, 2261, 2257, 565.25, 1
915, 2648, 4, 0, 4907, 4910, 2262, 2258, 565.50, 1
916, 2651, 3, 0, 4911, 4913, 2262, 2259, 754.00, 1
917, 2654, 5, 0, 4914, 4918, 2264, 2259, 452.80, 1
918, 2657, 4, 0, 4919, 4922, 2265, 2261, 566.25, 1
919, 2660, 3, 0, 4923, 4925, 2265, 2262, 755.00, 1
920, 2663, 5, 0, 4926, 4930, 2267, 2262, 453.40, 1
921, 2666, 4, 0, 4931, 4934, 2268, 2264, 567.00, 1
922, 2669, 3, 0, 4935, 4937, 2268, 2265, 756.00, 1
923, 2672, 5, 0, 4938, 4942, 2270, 2265, 454.00, 1
924, 2675, 4, 0, 4943, 4946, 2271, 2267, 567.75, 1
925, 2678, 5, 0, 4947, 4951, 2273, 2268, 454.60, 1
926, 2681, 8, 0, 4952, 4959, 2278, 2270, 284.75, 1
927, 2684, 2, 0, 4960, 4961, 2277, 2275, 1138.50, 1
928, 2687, 4, 0, 4962, 4965, 2278, 2274, 569.50, 1
929, 2690, 5, 0, 4966, 4970, 2280, 2275, 456.00, 1
930, 2693, 2, 0, 4971, 4972, 2279, 2277, 1139.50, 1
931, 2696, 4, 0, 4973, 4976, 2280, 2276, 570.00, 1
932, 2699, 4, 0, 4977, 4980, 2281, 2277, 570.25, 1
933, 2702, 6, 0, 4981, 4986, 2284, 2278, 380.67, 1
934, 2705, 3, 0, 4987, 4989, 2284, 2281, 761.33, 1
935, 2708, 5, 0, 4990, 4994, 2286, 2281, 457.20, 1
936, 2711, 7, 0, 4995, 5001, 2290, 2283, 327.14, 1
937, 2714, 5, 0, 5002, 5006, 2292, 2287, 458.40, 1
938, 2717, 3, 0, 5007, 5009, 2292, 2289, 764.00, 1
939, 2720, 3, 0, 5010, 5012, 2292, 2289, 764.00, 1
940, 2723, 6, 0, 5013, 5018, 2295, 2289, 382.50, 1
941, 2726, 7, 0, 5019, 5025, 2299, 2292, 328.43, 1
942, 2729, 8, 0, 5026, 5033, 2304, 2296, 288.00, 1
943, 2732, 1, 0, 5034, 5034, 2302, 2301, 2302.00, 1
944, 2735, 5, 0, 5035, 5039, 2304, 2299, 460.80, 1
945, 2738, 5, 0, 5040, 5044, 2306, 2301, 461.20, 1
946, 2741, 7, 0, 5045, 5051, 2310, 2303, 330.00, 1
947, 2744, 8, 0, 5052, 5059, 2315, 2307, 289.38, 1
948, 2747, 5, 0, 5060, 5064, 2317, 2312, 463.40, 1
949, 2750, 5, 0, 5065, 5069, 2319, 2314, 463.80, 1
950, 2753, 3, 0, 5070, 5072, 2319, 2316, 773.00, 1
951, 2756, 6, 0, 5073, 5078, 2322, 2316, 387.00, 1
952, 2759, 2, 0, 5079, 5080, 2321, 2319, 1160.50, 1
953, 2762, 2, 0, 5081, 5082, 2320, 2318, 1160.00, 1
954, 2765, 4, 0, 5083, 5086, 2321, 2317, 580.25, 1
955, 2768, 5, 0, 5087, 5091, 2323, 2318, 464.60, 1
956, 2771, 2, 0, 5092, 5093, 2322, 2320, 1161.00, 1
957, 2774, 12, 0, 5094, 5105, 2331, 2319, 194.25, 1
958, 2777, 5, 0, 5106, 5110, 2333, 2328, 466.60, 1
959, 2780, 6, 0, 5111, 5116, 2336, 2330, 389.33, 1
960, 2783, 3, 0, 5117, 5119, 2336, 2333, 778.67, 1
961, 2786, 6, 0, 5120, 5125, 2339, 2333, 389.83, 1
962, 2789, 13, 0, 5126, 5138, 2349, 2336, 180.69, 1
963, 2792, 70, 0, 5139, 8081, 5289, 5219, 75.56, 1
964, 2795, 8, 0, 5154, 5161, 2366, 2358, 295.75, 1
965, 2798, 4, 0, 5162, 5165, 2367, 2363, 591.75, 1
966, 2801, 3, 0, 5166, 5168, 2367, 2364, 789.00, 1
967, 2804, 1, 0, 5169, 5169, 2365, 2364, 2365.00, 1
968, 2807, 3, 0, 5170, 5172, 2365, 2362, 788.33, 1
969, 2810, 7, 0, 5173, 5179, 2369, 2362, 338.43, 1
970, 2813, 9, 0, 5180, 5188, 2375, 2366, 263.89, 1
971, 2816, 6, 0, 5189, 5194, 2378, 2372, 396.33, 1
972, 2819, 4, 0, 5195, 5198, 2379, 2375, 594.75, 1
973, 2822, 14, 0, 5199, 5212, 2390, 2376, 170.71, 1
974, 2825, 3, 0, 5213, 5215, 2390, 2387, 796.67, 1
975, 2828, 4, 0, 5216, 5219, 2391, 2387, 597.75, 1
976, 2831, 14, 0, 5220, 5233, 2402, 2388, 171.57, 1
977, 2834, 2, 0, 5234, 5235, 2401, 2399, 1200.50, 1
978, 2837, 3, 0, 5236, 5238, 2401, 2398, 800.33, 1
979, 2840, 5, 0, 5239, 5243, 2403, 2398, 480.60, 1
980, 2843, 5, 0, 5244, 5248, 2405, 2400, 481.00, 1
981, 2846, 4, 0, 5249, 5252, 2406, 2402, 601.50, 1
982, 2849, 3, 0, 5253, 5255, 2406, 2403, 802.00, 1
983, 2852, 3, 0, 5256, 5258, 2406, 2403, 802.00, 1
984, 2855, 5, 0, 5259, 5263, 2408, 2403, 481.60, 1
985, 2858, 6, 0, 5264, 5269, 2411, 2405, 401.83, 1
986, 2861, 7, 0, 5270, 5276, 2415, 2408, 345.00, 1
987, 2864, 4, 0, 5277, 5280, 2416, 2412, 604.00, 1
988, 2867, 1, 0, 5281, 5281, 2414, 2413, 2414.00, 1
989, 2870, 3, 0, 5282, 5284, 2414, 2411, 804.67, 1
990, 2873, 4, 0, 5285, 5288, 2415, 2411, 603.75, 1
991, 2876, 6, 0, 5289, 5294, 2418, 2412, 403.00, 1
992, 2879, 9, 0, 5295, 5303, 2424, 2415, 269.33, 1
993, 2882, 8, 0, 5304, 5311, 2429, 2421, 303.62, 1
994, 2885, 8, 0, 5312, 5319, 2434, 2426, 304.25, 1
995, 2888, 7, 0, 5320, 5326, 2438, 2431, 348.29, 1
996, 2891, 16, 0, 5327, 8029, 5138, 5122, 321.12, 1
997, 2894, 7, 0, 5342, 5348, 2454, 2447, 350.57, 1
998, 2897, 5, 0, 5349, 5353, 2456, 2451, 491.20, 1
999, 2900, 12, 0, 5354, 5365, 2465, 2453, 205.42, 1
1000, 2903, 14, 0, 5366, 5379, 2476, 2462, 176.86, 1
1001, 2906, 15, 0, 5380, 5394, 2488, 2473, 165.87, 1
1002, 2909, 16, 0, 5395, 8030, 5121, 5105, 320.06, 1
1003, 2912, 15, 0, 5410, 5424, 2512, 2497, 167.47, 1
1004, 2915, 3, 0, 5425, 5427, 2512, 2509, 837.33, 1
1005, 2918, 5, 0, 5428, 5432, 2514, 2509, 502.80, 1
1006, 2921, 3, 0, 5433, 5435, 2514, 2511, 838.00, 1
1007, 2924, 6, 0, 5436, 5441, 2517, 2511, 419.50, 1
1008, 2927, 7, 0, 5442, 5448, 2521, 2514, 360.14, 1
1009, 2930, 5, 0, 5449, 5453, 2523, 2518, 504.60, 1
1010, 2933, 3, 0, 5454, 5456, 2523, 2520, 841.00, 1
1011, 2936, 5, 0, 5457, 5461, 2525, 2520, 505.00, 1
1012, 2939, 1, 0, 5462, 5462, 2523, 2522, 2523.00, 1
1013, 2942, 4, 0, 5463, 5466, 2524, 2520, 631.00, 1
1014, 2945, 3, 0, 5467, 5469, 2524, 2521, 841.33, 1
1015, 2948, 3, 0, 5470, 5472, 2524, 2521, 841.33, 1
1016, 2951, 3, 0, 5473, 5475, 2524, 2521, 841.33, 1
1017, 2954, 5, 0, 5476, 5480, 2526, 2521, 505.20, 1
1018, 2957, 7, 0, 5481, 5487, 2530, 2523, 361.43, 1
1019, 2960, 4, 0, 5488, 5491, 2531, 2527, 632.75, 1
1020, 2963, 7, 0, 5492, 5498, 2535, 2528, 362.14, 1
1021, 2966, 8, 0, 5499, 5506, 2540, 2532, 317.50, 1
1022, 2969, 6, 0, 5507, 5512, 2543, 2537, 423.83, 1
1023, 2972, 5, 0, 5513, 5517, 2545, 2540, 509.00, 1
1024, 2975, 3, 0, 5518, 5520, 2545, 2542, 848.33, 1
1025, 2978, 15, 0, 5521, 5535, 2557, 2542, 170.47, 1
1026, 2981, 4, 0, 5536, 5539, 2558, 2554, 639.50, 1
1027, 2984, 5, 0, 5540, 5544, 2560, 2555, 512.00, 1
1028, 2987, 2, 0, 5545, 5546, 2559, 2557, 1279.50, 1
1029, 2990, 2, 0, 5547, 5548, 2558, 2556, 1279.00, 1
1030, 2993, 1, 0, 5549, 5549, 2556, 2555, 2556.00, 1
1031, 2996, 4, 0, 5550, 5553, 2557, 2553, 639.25, 1
1032, 2999, 5, 0, 5554, 5558, 2559, 2554, 511.80, 1
1033, 3002, 4, 0, 5559, 5562, 2560, 2556, 640.00, 1
1034, 3005, 4, 0, 5563, 5566, 2561, 2557, 640.25, 1
1035, 3008, 2, 0, 5567, 5568, 2560, 2558, 1280.00, 1
1036, 3011, 16, 0, 5569, 8031, 5020, 5004, 313.75, 1
1037, 3014, 2, 0, 5584, 5585, 2571, 2569, 1285.50, 1
1038, 3017, 4, 0, 5586, 5589, 2572, 2568, 643.00, 1
1039, 3020, 5, 0, 5590, 5594, 2574, 2569, 514.80, 1
1040, 3023, 2, 0, 5595, 5596, 2573, 2571, 1286.50, 1
1041, 3026, 3, 0, 5597, 5599, 2573, 2570, 857.67, 1
1042, 3029, 5, 0, 5600, 5604, 2575, 2570, 515.00, 1
1043, 3032, 4, 0, 5605, 5608, 2576, 2572, 644.00, 1
1044, 3035, 3, 0, 5609, 5611, 2576, 2573, 858.67, 1
1045, 3038, 5, 0, 5612, 5616, 2578, 2573, 515.60, 1
1046, 3041, 4, 0, 5617, 5620, 2579, 2575, 644.75, 1
1047, 3044, 4, 0, 5621, 5624, 2580, 2576, 645.00, 1
1048, 3047, 3, 0, 5625, 5627, 2580, 2577, 860.00, 1
1049, 3050, 5, 0, 5628, 5632, 2582, 2577, 516.40, 1
1050, 3053, 4, 0, 5633, 5636, 2583, 2579, 645.75, 1
1051, 3056, 3, 0, 5637, 5639, 2583, 2580, 861.00, 1
1052, 3059, 5, 0, 5640, 5644, 2585, 2580, 517.00, 1
1053, 3062, 4, 0, 5645, 5648, 2586, 2582, 646.50, 1
1054, 3065, 3, 0, 5649, 5651, 2586, 2583, 862.00, 1
1055, 3068, 5, 0, 5652, 5656, 2588, 2583, 517.60, 1
1056, 3071, 4, 0, 5657, 5660, 2589, 2585, 647.25, 1
1057, 3074, 1, 0, 5661, 5661, 2587, 2586, 2587.00, 1
1058, 3077, 4, 0, 5662, 5665, 2588, 2584, 647.00, 1
1059, 3080, 3, 0, 5666, 5668, 2588, 2585, 862.67, 1
1060, 3083, 3, 0, 5669, 5671, 2588, 2585, 862.67, 1
1061, 3086, 3, 0, 5672, 5674, 2588, 2585, 862.67, 1
1062, 3089, 5, 0, 5675, 5679, 2590, 2585, 518.00, 1
1063, 3092, 7, 0, 5680, 5686, 2594, 2587, 370.57, 1
1064, 3095, 4, 0, 5687, 5690, 2595, 2591, 648.75, 1
1065, 3098, 7, 0, 5691, 5697, 2599, 2592, 371.29, 1
1066, 3101, 8, 0, 5698, 5705, 2604, 2596, 325.50, 1
1067, 3104, 6, 0, 5706, 5711, 2607, 2601, 434.50, 1
1068, 3107, 5, 0, 5712, 5716, 2609, 2604, 521.80, 1
1069, 3110, 3, 0, 5717, 5719, 2609, 2606, 869.67, 1
1070, 3113, 15, 0, 5720, 5734, 2621, 2606, 174.73, 1
1071, 3116, 4, 0, 5735, 5738, 2622, 2618, 655.50, 1
1072, 3119, 5, 0, 5739, 5743, 2624, 2619, 524.80, 1
1073, 3122, 2, 0, 5744, 5745, 2623, 2621, 1311.50, 1
1074, 3125, 2, 0, 5746, 5747, 2622, 2620, 1311.00, 1
1075, 3128, 1, 0, 5748, 5748, 2620, 2619, 2620.00, 1
1076, 3131, 4, 0, 5749, 5752, 2621, 2617, 655.25, 1
1077, 3134, 5, 0, 5753, 5757, 2623, 2618, 524.60, 1
1078, 3137, 4, 0, 5758, 5761, 2624, 2620, 656.00, 1
1079, 3140, 4, 0, 5762, 5765, 2625, 2621, 656.25, 1
1080, 3143, 2, 0, 5766, 5767, 2624, 2622, 1312.00, 1
1081, 3146, 16, 0, 5768, 8032, 4886, 4870, 305.38, 1
1082, 3149, 2, 0, 5783, 5784, 2635, 2633, 1317.50, 1
1083, 3152, 4, 0, 5785, 5788, 2636, 2632, 659.00, 1
1084, 3155, 5, 0, 5789, 5793, 2638, 2633, 527.60, 1
1085, 3158, 2, 0, 5794, 5795, 2637, 2635, 1318.50, 1
1086, 3161, 3, 0, 5796, 5798, 2637, 2634, 879.00, 1
1087, 3164, 5, 0, 5799, 5803, 2639, 2634, 527.80, 1
1088, 3167, 4, 0, 5804, 5807, 2640, 2636, 660.00, 1
1089, 3170, 3, 0, 5808, 5810, 2640, 2637, 880.00, 1
1090, 3173, 5, 0, 5811, 5815, 2642, 2637, 528.40, 1
1091, 3176, 4, 0, 5816, 5819, 2643, 2639, 660.75, 1
1092, 3179, 4, 0, 5820, 5823, 2644, 2640, 661.00, 1
1093, 3182, 3, 0, 5824, 5826, 2644, 2641, 881.33, 1
1094, 3185, 5, 0, 5827, 5831, 2646, 2641, 529.20, 1
1095, 3188, 4, 0, 5832, 5835, 2647, 2643, 661.75, 1
1096, 3191, 3, 0, 5836, 5838, 2647, 2644, 882.33, 1
1097, 3194, 5, 0, 5839, 5843, 2649, 2644, 529.80, 1
1098, 3197, 4, 0, 5844, 5847, 2650, 2646, 662.50, 1
1099, 3200, 3, 0, 5848, 5850, 2650, 2647, 883.33, 1
1100, 3203, 5, 0, 5851, 5855, 2652, 2647, 530.40, 1
1101, 3206, 4, 0, 5856, 5859, 2653, 2649, 663.25, 1
1102, 3209, 5, 0, 5860, 5864, 2655, 2650, 531.00, 1
1103, 3212, 8, 0, 5865, 5872, 2660, 2652, 332.50, 1
1104, 3215, 2, 0, 5873, 5874, 2659, 2657, 1329.50, 1
1105, 3218, 4, 0, 5875, 5878, 2660, 2656, 665.00, 1
1106, 3221, 5, 0, 5879, 5883, 2662, 2657, 532.40, 1
1107, 3224, 2, 0, 5884, 5885, 2661, 2659, 1330.50, 1
1108, 3227, 4, 0, 5886, 5889, 2662, 2658, 665.50, 1
1109, 3230, 4, 0, 5890, 5893, 2663, 2659, 665.75, 1
1110, 3233, 6, 0, 5894, 5899, 2666, 2660, 444.33, 1
1111, 3236, 3, 0, 5900, 5902, 2666, 2663, 888.67, 1
1112, 3239, 5, 0, 5903, 5907, 2668, 2663, 533.60, 1
1113, 3242, 7, 0, 5908, 5914, 2672, 2665, 381.71, 1
1114, 3245, 5, 0, 5915, 5919, 2674, 2669, 534.80, 1
1115, 3248, 3, 0, 5920, 5922, 2674, 2671, 891.33, 1
1116, 3251, 3, 0, 5923, 5925, 2674, 2671, 891.33, 1
1117, 3254, 6, 0, 5926, 5931, 2677, 2671, 446.17, 1
1118, 3257, 7, 0, 5932, 5938, 2681, 2674, 383.00, 1
1119, 3260, 8, 0, 5939, 5946, 2686, 2678, 335.75, 1
1120, 3263, 1, 0, 5947, 5947, 2684, 2683, 2684.00, 1
1121, 3266, 5, 0, 5948, 5952, 2686, 2681, 537.20, 1
1122, 3269, 5, 0, 5953, 5957, 2688, 2683, 537.60, 1
1123, 3272, 7, 0, 5958, 5964, 2692, 2685, 384.57, 1
1124, 3275, 8, 0, 5965, 5972, 2697, 2689, 337.12, 1
1125, 3278, 5, 0, 5973, 5977, 2699, 2694, 539.80, 1
1126, 3281, 5, 0, 5978, 5982, 2701, 2696, 540.20, 1
1127, 3284, 3, 0, 5983, 5985, 2701, 2698, 900.33, 1
1128, 3287, 6, 0, 5986, 5991, 2704, 2698, 450.67, 1
1129, 3290, 2, 0, 5992, 5993, 2703, 2701, 1351.50, 1
1130, 3293, 2, 0, 5994, 5995, 2702, 2700, 1351.00, 1
1131, 3296, 4, 0, 5996, 5999, 2703, 2699, 675.75, 1
1132, 3299, 5, 0, 6000, 6004, 2705, 2700, 541.00, 1
1133, 3302, 2, 0, 6005, 6006, 2704, 2702, 1352.00, 1
1134, 3305, 12, 0, 6007, 6018, 2713, 2701, 226.08, 1
1135, 3308, 5, 0, 6019, 6023, 2715, 2710, 543.00, 1
1136, 3311, 6, 0, 6024, 6029, 2718, 2712, 453.00, 1
1137, 3314, 3, 0, 6030, 6032, 2718, 2715, 906.00, 1
1138, 3317, 6, 0, 6033, 6038, 2721, 2715, 453.50, 1
1139, 3320, 13, 0, 6039, 6051, 2731, 2718, 210.08, 1
1140, 3323, 7, 0, 6052, 6058, 2735, 2728, 390.71, 1
1141, 3326, 8, 0, 6059, 6066, 2740, 2732, 342.50, 1
1142, 3329, 4, 0, 6067, 6070, 2741, 2737, 685.25, 1
1143, 3332, 3, 0, 6071, 6073, 2741, 2738, 913.67, 1
1144, 3335, 1, 0, 6074, 6074, 2739, 2738, 2739.00, 1
1145, 3338, 3, 0, 6075, 6077, 2739, 2736, 913.00, 1
1146, 3341, 7, 0, 6078, 6084, 2743, 2736, 391.86, 1
1147, 3344, 9, 0, 6085, 6093, 2749, 2740, 305.44, 1
1148, 3347, 6, 0, 6094, 6099, 2752, 2746, 458.67, 1
1149, 3350, 4, 0, 6100, 6103, 2753, 2749, 688.25, 1
1150, 3353, 14, 0, 6104, 6117, 2764, 2750, 197.43, 1
1151, 3356, 3, 0, 6118, 6120, 2764, 2761, 921.33, 1
1152, 3359, 4, 0, 6121, 6124, 2765, 2761, 691.25, 1
1153, 3362, 14, 0, 6125, 6138, 2776, 2762, 198.29, 1
1154, 3365, 2, 0, 6139, 6140, 2775, 2773, 1387.50, 1
1155, 3368, 3, 0, 6141, 6143, 2775, 2772, 925.00, 1
1156, 3371, 5, 0, 6144, 6148, 2777, 2772, 555.40, 1
1157, 3374, 5, 0, 6149, 6153, 2779, 2774, 555.80, 1
1158, 3377, 4, 0, 6154, 6157, 2780, 2776, 695.00, 1
1159, 3380, 3, 0, 6158, 6160, 2780, 2777, 926.67, 1
1160, 3383, 3, 0, 6161, 6163, 2780, 2777, 926.67, 1
1161, 3386, 5, 0, 6164, 6168, 2782, 2777, 556.40, 1
1162, 3389, 6, 0, 6169, 6174, 2785, 2779, 464.17, 1
1163, 3392, 7, 0, 6175, 6181, 2789, 2782, 398.43, 1
1164, 3395, 4, 0, 6182, 6185, 2790, 2786, 697.50, 1
1165, 3398, 1, 0, 6186, 6186, 2788, 2787, 2788.00, 1
1166, 3401, 3, 0, 6187, 6189, 2788, 2785, 929.33, 1
1167, 3404, 4, 0, 6190, 6193, 2789, 2785, 697.25, 1
1168, 3407, 6, 0, 6194, 6199, 2792, 2786, 465.33, 1
1169, 3410, 9, 0, 6200, 6208, 2798, 2789, 310.89, 1
1170, 3413, 8, 0, 6209, 6216, 2803, 2795, 350.38, 1
1171, 3416, 8, 0, 6217, 6224, 2808, 2800, 351.00, 1
1172, 3419, 7, 0, 6225, 6231, 2812, 2805, 401.71, 1
1173, 3422, 16, 0, 6232, 8033, 4611, 4595, 288.19, 1
1174, 3425, 7, 0, 6247, 6253, 2828, 2821, 404.00, 1
1175, 3428, 5, 0, 6254, 6258, 2830, 2825, 566.00, 1
1176, 3431, 12, 0, 6259, 6270, 2839, 2827, 236.58, 1
1177, 3434, 14, 0, 6271, 6284, 2850, 2836, 203.57, 1
1178, 3437, 15, 0, 6285, 6299, 2862, 2847, 190.80, 1
1179, 3440, 16, 0, 6300, 8034, 4594, 4578, 287.12, 1
1180, 3443, 15, 0, 6315, 6329, 2886, 2871, 192.40, 1
1181, 3446, 3, 0, 6330, 6332, 2886, 2883, 962.00, 1
1182, 3449, 5, 0, 6333, 6337, 2888, 2883, 577.60, 1
1183, 3452, 3, 0, 6338, 6340, 2888, 2885, 962.67, 1
1184, 3455, 6, 0, 6341, 6346, 2891, 2885, 481.83, 1
1185, 3458, 7, 0, 6347, 6353, 2895, 2888, 413.57, 1
1186, 3461, 5, 0, 6354, 6358, 2897, 2892, 579.40, 1
1187, 3464, 3, 0, 6359, 6361, 2897, 2894, 965.67, 1
1188, 3467, 5, 0, 6362, 6366, 2899, 2894, 579.80, 1
1189, 3470, 1, 0, 6367, 6367, 2897, 2896, 2897.00, 1
1190, 3473, 4, 0, 6368, 6371, 2898, 2894, 724.50, 1
1191, 3476, 3, 0, 6372, 6374, 2898, 2895, 966.00, 1
1192, 3479, 3, 0, 6375, 6377, 2898, 2895, 966.00, 1
1193, 3482, 3, 0, 6378, 6380, 2898, 2895, 966.00, 1
1194, 3485, 5, 0, 6381, 6385, 2900, 2895, 580.00, 1
1195, 3488, 7, 0, 6386, 6392, 2904, 2897, 414.86, 1
1196, 3491, 4, 0, 6393, 6396, 2905, 2901, 726.25, 1
1197, 3494, 7, 0, 6397, 6403, 2909, 2902, 415.57, 1
1198, 3497, 8, 0, 6404, 6411, 2914, 2906, 364.25, 1
1199, 3500, 6, 0, 6412, 6417, 2917, 2911, 486.17, 1
1200, 3503, 5, 0, 6418, 6422, 2919, 2914, 583.80, 1
1201, 3506, 3, 0, 6423, 6425, 2919, 2916, 973.00, 1
1202, 3509, 15, 0, 6426, 6440, 2931, 2916, 195.40, 1
1203, 3512, 4, 0, 6441, 6444, 2932, 2928, 733.00, 1
1204, 3515, 5, 0, 6445, 6449, 2934, 2929, 586.80, 1
1205, 3518, 2, 0, 6450, 6451, 2933, 2931, 1466.50, 1
1206, 3521, 2, 0, 6452, 6453, 2932, 2930, 1466.00, 1
1207, 3524, 1, 0, 6454, 6454, 2930, 2929, 2930.00, 1
1208, 3527, 4, 0, 6455, 6458, 2931, 2927, 732.75, 1
1209, 3530, 5, 0, 6459, 6463, 2933, 2928, 586.60, 1
1210, 3533, 4, 0, 6464, 6467, 2934, 2930, 733.50, 1
1211, 3536, 4, 0, 6468, 6471, 2935, 2931, 733.75, 1
1212, 3539, 2, 0, 6472, 6473, 2934, 2932, 1467.00, 1
1213, 3542, 16, 0, 6474, 8035, 4493, 4477, 280.81, 1
1214, 3545, 2, 0, 6489, 6490, 2945, 2943, 1472.50, 1
1215, 3548, 4, 0, 6491, 6494, 2946, 2942, 736.50, 1
1216, 3551, 5, 0, 6495, 6499, 2948, 2943, 589.60, 1
1217, 3554, 2, 0, 6500, 6501, 2947, 2945, 1473.50, 1
1218, 3557, 3, 0, 6502, 6504, 2947, 2944, 982.33, 1
1219, 3560, 5, 0, 6505, 6509, 2949, 2944, 589.80, 1
1220, 3563, 4, 0, 6510, 6513, 2950, 2946, 737.50, 1
1221, 3566, 3, 0, 6514, 6516, 2950, 2947, 983.33, 1
1222, 3569, 5, 0, 6517, 6521, 2952, 2947, 590.40, 1
1223, 3572, 4, 0, 6522, 6525, 2953, 2949, 738.25, 1
1224, 3575, 4, 0, 6526, 6529, 2954, 2950, 738.50, 1
1225, 3578, 3, 0, 6530, 6532, 2954, 2951, 984.67, 1
1226, 3581, 5, 0, 6533, 6537, 2956, 2951, 591.20, 1
1227, 3584, 4, 0, 6538, 6541, 2957, 2953, 739.25, 1
1228, 3587, 3, 0, 6542, 6544, 2957, 2954, 985.67, 1
1229, 3590, 5, 0, 6545, 6549, 2959, 2954, 591.80, 1
1230, 3593, 4, 0, 6550, 6553, 2960, 2956, 740.00, 1
1231, 3596, 3, 0, 6554, 6556, 2960, 2957, 986.67, 1
1232, 3599, 5, 0, 6557, 6561, 2962, 2957, 592.40, 1
1233, 3602, 4, 0, 6562, 6565, 2963, 2959, 740.75, 1
1234, 3605, 5, 0, 6566, 6570, 2965, 2960, 593.00, 1
1235, 3608, 8, 0, 6571, 6578, 2970, 2962, 371.25, 1
1236, 3611, 2, 0, 6579, 6580, 2969, 2967, 1484.50, 1
1237, 3614, 4, 0, 6581, 6584, 2970, 2966, 742.50, 1
1238, 3617, 5, 0, 6585, 6589, 2972, 2967, 594.40, 1
1239, 3620, 2, 0, 6590, 6591, 2971, 2969, 1485.50, 1
1240, 3623, 4, 0, 6592, 6595, 2972, 2968, 743.00, 1
1241, 3626, 4, 0, 6596, 6599, 2973, 2969, 743.25, 1
1242, 3629, 6, 0, 6600, 6605, 2976, 2970, 496.00, 1
1243, 3632, 3, 0, 6606, 6608, 2976, 2973, 992.00, 1
1244, 3635, 5, 0, 6609, 6613, 2978, 2973, 595.60, 1
1245, 3638, 7, 0, 6614, 6620, 2982, 2975, 426.00, 1
1246, 3641, 5, 0, 6621, 6625, 2984, 2979, 596.80, 1
1247, 3644, 3, 0, 6626, 6628, 2984, 2981, 994.67, 1
1248, 3647, 3, 0, 6629, 6631, 2984, 2981, 994.67, 1
1249, 3650, 6, 0, 6632, 6637, 2987, 2981, 497.83, 1
1250, 3653, 7, 0, 6638, 6644, 2991, 2984, 427.29, 1
1251, 3656, 8, 0, 6645, 6652, 2996, 2988, 374.50, 1
1252, 3659, 1, 0, 6653, 6653, 2994, 2993, 2994.00, 1
1253, 3662, 5, 0, 6654, 6658, 2996, 2991, 599.20, 1
1254, 3665, 5, 0, 6659, 6663, 2998, 2993, 599.60, 1
1255, 3668, 7, 0, 6664, 6670, 3002, 2995, 428.86, 1
1256, 3671, 8, 0, 6671, 6678, 3007, 2999, 375.88, 1
1257, 3674, 5, 0, 6679, 6683, 3009, 3004, 601.80, 1
1258, 3677, 5, 0, 6684, 6688, 3011, 3006, 602.20, 1
1259, 3680, 3, 0, 6689, 6691, 3011, 3008, 1003.67, 1
1260, 3683, 6, 0, 6692, 6697, 3014, 3008, 502.33, 1
1261, 3686, 2, 0, 6698, 6699, 3013, 3011, 1506.50, 1
1262, 3689, 2, 0, 6700, 6701, 3012, 3010, 1506.00, 1
1263, 3692, 4, 0, 6702, 6705, 3013, 3009, 753.25, 1
1264, 3695, 5, 0, 6706, 6710, 3015, 3010, 603.00, 1
1265, 3698, 2, 0, 6711, 6712, 3014, 3012, 1507.00, 1
1266, 3701, 12, 0, 6713, 6724, 3023, 3011, 251.92, 1
1267, 3704, 5, 0, 6725, 6729, 3025, 3020, 605.00, 1
1268, 3707, 6, 0, 6730, 6735, 3028, 3022, 504.67, 1
1269, 3710, 3, 0, 6736, 6738, 3028, 3025, 1009.33, 1
1270, 3713, 6, 0, 6739, 6744, 3031, 3025, 505.17, 1
1271, 3716, 13, 0, 6745, 6757, 3041, 3028, 233.92, 1
1272, 3719, 7, 0, 6758, 6764, 3045, 3038, 435.00, 1
1273, 3722, 8, 0, 6765, 6772, 3050, 3042, 381.25, 1
1274, 3725, 4, 0, 6773, 6776, 3051, 3047, 762.75, 1
1275, 3728, 3, 0, 6777, 6779, 3051, 3048, 1017.00, 1
1276, 3731, 1, 0, 6780, 6780, 3049, 3048, 3049.00, 1
1277, 3734, 3, 0, 6781, 6783, 3049, 3046, 1016.33, 1
1278, 3737, 7, 0, 6784, 6790, 3053, 3046, 436.14, 1
1279, 3740, 9, 0, 6791, 6799, 3059, 3050, 339.89, 1
1280, 3743, 6, 0, 6800, 6805, 3062, 3056, 510.33, 1
1281, 3746, 4, 0, 6806, 6809, 3063, 3059, 765.75, 1
1282, 3749, 14, 0, 6810, 6823, 3074, 3060, 219.57, 1
1283, 3752, 3, 0, 6824, 6826, 3074, 3071, 1024.67, 1
1284, 3755, 4, 0, 6827, 6830, 3075, 3071, 768.75, 1
1285, 3758, 14, 0, 6831, 6844, 3086, 3072, 220.43, 1
1286, 3761, 2, 0, 6845, 6846, 3085, 3083, 1542.50, 1
1287, 3764, 3, 0, 6847, 6849, 3085, 3082, 1028.33, 1
1288, 3767, 5, 0, 6850, 6854, 3087, 3082, 617.40, 1
1289, 3770, 5, 0, 6855, 6859, 3089, 3084, 617.80, 1
1290, 3773, 4, 0, 6860, 6863, 3090, 3086, 772.50, 1
1291, 3776, 3, 0, 6864, 6866, 3090, 3087, 1030.00, 1
1292, 3779, 3, 0, 6867, 6869, 3090, 3087, 1030.00, 1
1293, 3782, 5, 0, 6870, 6874, 3092, 3087, 618.40, 1
1294, 3785, 6, 0, 6875, 6880, 3095, 3089, 515.83, 1
1295, 3788, 7, 0, 6881, 6887, 3099, 3092, 442.71, 1
1296, 3791, 4, 0, 6888, 6891, 3100, 3096, 775.00, 1
1297, 3794, 1, 0, 6892, 6892, 3098, 3097, 3098.00, 1
1298, 3797, 3, 0, 6893, 6895, 3098, 3095, 1032.67, 1
1299, 3800, 4, 0, 6896, 6899, 3099, 3095, 774.75, 1
1300, 3803, 6, 0, 6900, 6905, 3102, 3096, 517.00, 1
1301, 3806, 9, 0, 6906, 6914, 3108, 3099, 345.33, 1
1302, 3809, 8, 0, 6915, 6922, 3113, 3105, 389.12, 1
1303, 3812, 8, 0, 6923, 6930, 3118, 3110, 389.75, 1
1304, 3815, 7, 0, 6931, 6937, 3122, 3115, 446.00, 1
1305, 3818, 16, 0, 6938, 8036, 4218, 4202, 263.62, 1
1306, 3821, 7, 0, 6953, 6959, 3138, 3131, 448.29, 1
1307, 3824, 5, 0, 6960, 6964, 3140, 3135, 628.00, 1
1308, 3827, 12, 0, 6965, 6976, 3149, 3137, 262.42, 1
1309, 3830, 14, 0, 6977, 6990, 3160, 3146, 225.71, 1
1310, 3833, 15, 0, 6991, 7005, 3172, 3157, 211.47, 1
1311, 3836, 16, 0, 7006, 8037, 4201, 4185, 262.56, 1
1312, 3839, 15, 0, 7021, 7035, 3196, 3181, 213.07, 1
1313, 3842, 3, 0, 7036, 7038, 3196, 3193, 1065.33, 1
1314, 3845, 5, 0, 7039, 7043, 3198, 3193, 639.60, 1
1315, 3848, 3, 0, 7044, 7046, 3198, 3195, 1066.00, 1
1316, 3851, 6, 0, 7047, 7052, 3201, 3195, 533.50, 1
1317, 3854, 7, 0, 7053, 7059, 3205, 3198, 457.86, 1
1318, 3857, 5, 0, 7060, 7064, 3207, 3202, 641.40, 1
1319, 3860, 3, 0, 7065, 7067, 3207, 3204, 1069.00, 1
1320, 3863, 5, 0, 7068, 7072, 3209, 3204, 641.80, 1
1321, 3866, 1, 0, 7073, 7073, 3207, 3206, 3207.00, 1
1322, 3869, 4, 0, 7074, 7077, 3208, 3204, 802.00, 1
1323, 3872, 3, 0, 7078, 7080, 3208, 3205, 1069.33, 1
1324, 3875, 3, 0, 7081, 7083, 3208, 3205, 1069.33, 1
1325, 3878, 3, 0, 7084, 7086, 3208, 3205, 1069.33, 1
1326, 3881, 5, 0, 7087, 7091, 3210, 3205, 642.00, 1
1327, 3884, 7, 0, 7092, 7098, 3214, 3207, 459.14, 1
1328, 3887, 4, 0, 7099, 7102, 3215, 3211, 803.75, 1
1329, 3890, 7, 0, 7103, 7109, 3219, 3212, 459.86, 1
1330, 3893, 8, 0, 7110, 7117, 3224, 3216, 403.00, 1
1331, 3896, 6, 0, 7118, 7123, 3227, 3221, 537.83, 1
1332, 3899, 5, 0, 7124, 7128, 3229, 3224, 645.80, 1
1333, 3902, 3, 0, 7129, 7131, 3229, 3226, 1076.33, 1
1334, 3905, 15, 0, 7132, 7146, 3241, 3226, 216.07, 1
1335, 3908, 4, 0, 7147, 7150, 3242, 3238, 810.50, 1
1336, 3911, 5, 0, 7151, 7155, 3244, 3239, 648.80, 1
1337, 3914, 2, 0, 7156, 7157, 3243, 3241, 1621.50, 1
1338, 3917, 2, 0, 7158, 7159, 3242, 3240, 1621.00, 1
1339, 3920, 1, 0, 7160, 7160, 3240, 3239, 3240.00, 1
1340, 3923, 4, 0, 7161, 7164, 3241, 3237, 810.25, 1
1341, 3926, 5, 0, 7165, 7169, 3243, 3238, 648.60, 1
1342, 3929, 4, 0, 7170, 7173, 3244, 3240, 811.00, 1
1343, 3932, 4, 0, 7174, 7177, 3245, 3241, 811.25, 1
1344, 3935, 2, 0, 7178, 7179, 3244, 3242, 1622.00, 1
1345, 3938, 16, 0, 7180, 8038, 4100, 4084, 256.25, 1
1346, 3941, 2, 0, 7195, 7196, 3255, 3253, 1627.50, 1
1347, 3944, 4, 0, 7197, 7200, 3256, 3252, 814.00, 1
1348, 3947, 5, 0, 7201, 7205, 3258, 3253, 651.60, 1
1349, 3950, 2, 0, 7206, 7207, 3257, 3255, 1628.50, 1
1350, 3953, 3, 0, 7208, 7210, 3257, 3254, 1085.67, 1
1351, 3956, 5, 0, 7211, 7215, 3259, 3254, 651.80, 1
1352, 3959, 4, 0, 7216, 7219, 3260, 3256, 815.00, 1
1353, 3962, 3, 0, 7220, 7222, 3260, 3257, 1086.67, 1
1354, 3965, 5, 0, 7223, 7227, 3262, 3257, 652.40, 1
1355, 3968, 4, 0, 7228, 7231, 3263, 3259, 815.75, 1
1356, 3971, 4, 0, 7232, 7235, 3264, 3260, 816.00, 1
1357, 3974, 3, 0, 7236, 7238, 3264, 3261, 1088.00, 1
1358, 3977, 5, 0, 7239, 7243, 3266, 3261, 653.20, 1
1359, 3980, 4, 0, 7244, 7247, 3267, 3263, 816.75, 1
1360, 3983, 3, 0, 7248, 7250, 3267, 3264, 1089.00, 1
1361, 3986, 5, 0, 7251, 7255, 3269, 3264, 653.80, 1
1362, 3989, 4, 0, 7256, 7259, 3270, 3266, 817.50, 1
1363, 3992, 3, 0, 7260, 7262, 3270, 3267, 1090.00, 1
1364, 3995, 5, 0, 7263, 7267, 3272, 3267, 654.40, 1
1365, 3998, 4, 0, 7268, 7271, 3273, 3269, 818.25, 1
1366, 4001, 5, 0, 7272, 7276, 3275, 3270, 655.00, 1
1367, 4004, 8, 0, 7277, 7284, 3280, 3272, 410.00, 1
1368, 4007, 2, 0, 7285, 7286, 3279, 3277, 1639.50, 1
1369, 4010, 4, 0, 7287, 7290, 3280, 3276, 820.00, 1
1370, 4013, 5, 0, 7291, 7295, 3282, 3277, 656.40, 1
1371, 4016, 2, 0, 7296, 7297, 3281, 3279, 1640.50, 1
1372, 4019, 4, 0, 7298, 7301, 3282, 3278, 820.50, 1
1373, 4022, 4, 0, 7302, 7305, 3283, 3279, 820.75, 1
1374, 4025, 6, 0, 7306, 7311, 3286, 3280, 547.67, 1
1375, 4028, 3, 0, 7312, 7314, 3286, 3283, 1095.33, 1
1376, 4031, 5, 0, 7315, 7319, 3288, 3283, 657.60, 1
1377, 4034, 7, 0, 7320, 7326, 3292, 3285, 470.29, 1
1378, 4037, 5, 0, 7327, 7331, 3294, 3289, 658.80, 1
1379, 4040, 3, 0, 7332, 7334, 3294, 3291, 1098.00, 1
1380, 4043, 3, 0, 7335, 7337, 3294, 3291, 1098.00, 1
1381, 4046, 6, 0, 7338, 7343, 3297, 3291, 549.50, 1
1382, 4049, 7, 0, 7344, 7350, 3301, 3294, 471.57, 1
1383, 4052, 8, 0, 7351, 7358, 3306, 3298, 413.25, 1
1384, 4055, 1, 0, 7359, 7359, 3304, 3303, 3304.00, 1
1385, 4058, 5, 0, 7360, 7364, 3306, 3301, 661.20, 1
1386, 4061, 5, 0, 7365, 7369, 3308, 3303, 661.60, 1
1387, 4064, 7, 0, 7370, 7376, 3312, 3305, 473.14, 1
1388, 4067, 8, 0, 7377, 7384, 3317, 3309, 414.62, 1
1389, 4070, 5, 0, 7385, 7389, 3319, 3314, 663.80, 1
1390, 4073, 5, 0, 7390, 7394, 3321, 3316, 664.20, 1
1391, 4076, 3, 0, 7395, 7397, 3321, 3318, 1107.00, 1
1392, 4079, 6, 0, 7398, 7403, 3324, 3318, 554.00, 1
1393, 4082, 2, 0, 7404, 7405, 3323, 3321, 1661.50, 1
1394, 4085, 2, 0, 7406, 7407, 3322, 3320, 1661.00, 1
1395, 4088, 4, 0, 7408, 7411, 3323, 3319, 830.75, 1
1396, 4091, 5, 0, 7412, 7416, 3325, 3320, 665.00, 1
1397, 4094, 2, 0, 7417, 7418, 3324, 3322, 1662.00, 1
1398, 4097, 12, 0, 7419, 7430, 3333, 3321, 277.75, 1
1399, 4100, 5, 0, 7431, 7435, 3335, 3330, 667.00, 1
1400, 4103, 6, 0, 7436, 7441, 3338, 3332, 556.33, 1
1401, 4106, 3, 0, 7442, 7444, 3338, 3335, 1112.67, 1
1402, 4109, 6, 0, 7445, 7450, 3341, 3335, 556.83, 1
1403, 4112, 13, 0, 7451, 7463, 3351, 3338, 257.77, 1
1404, 4115, 7, 0, 7464, 7470, 3355, 3348, 479.29, 1
1405, 4118, 8, 0, 7471, 7478, 3360, 3352, 420.00, 1
1406, 4121, 4, 0, 7479, 7482, 3361, 3357, 840.25, 1
1407, 4124, 3, 0, 7483, 7485, 3361, 3358, 1120.33, 1
1408, 4127, 1, 0, 7486, 7486, 3359, 3358, 3359.00, 1
1409, 4130, 3, 0, 7487, 7489, 3359, 3356, 1119.67, 1
1410, 4133, 7, 0, 7490, 7496, 3363, 3356, 480.43, 1
1411, 4136, 9, 0, 7497, 7505, 3369, 3360, 374.33, 1
1412, 4139, 6, 0, 7506, 7511, 3372, 3366, 562.00, 1
1413, 4142, 4, 0, 7512, 7515, 3373, 3369, 843.25, 1
1414, 4145, 14, 0, 7516, 7529, 3384, 3370, 241.71, 1
1415, 4148, 3, 0, 7530, 7532, 3384, 3381, 1128.00, 1
1416, 4151, 4, 0, 7533, 7536, 3385, 3381, 846.25, 1
1417, 4154, 14, 0, 7537, 7550, 3396, 3382, 242.57, 1
1418, 4157, 2, 0, 7551, 7552, 3395, 3393, 1697.50, 1
1419, 4160, 3, 0, 7553, 7555, 3395, 3392, 1131.67, 1
1420, 4163, 5, 0, 7556, 7560, 3397, 3392, 679.40, 1
1421, 4166, 5, 0, 7561, 7565, 3399, 3394, 679.80, 1
1422, 4169, 4, 0, 7566, 7569, 3400, 3396, 850.00, 1
1423, 4172, 3, 0, 7570, 7572, 3400, 3397, 1133.33, 1
1424, 4175, 3, 0, 7573, 7575, 3400, 3397, 1133.33, 1
1425, 4178, 5, 0, 7576, 7580, 3402, 3397, 680.40, 1
1426, 4181, 6, 0, 7581, 7586, 3405, 3399, 567.50, 1
1427, 4184, 7, 0, 7587, 7593, 3409, 3402, 487.00, 1
1428, 4187, 4, 0, 7594, 7597, 3410, 3406, 852.50, 1
1429, 4190, 1, 0, 7598, 7598, 3408, 3407, 3408.00, 1
1430, 4193, 3, 0, 7599, 7601, 3408, 3405, 1136.00, 1
1431, 4196, 4, 0, 7602, 7605, 3409, 3405, 852.25, 1
1432, 4199, 6, 0, 7606, 7611, 3412, 3406, 568.67, 1
1433, 4202, 9, 0, 7612, 7620, 3418, 3409, 379.78, 1
1434, 4205, 8, 0, 7621, 7628, 3423, 3415, 427.88, 1
1435, 4208, 8, 0, 7629, 7636, 3428, 3420, 428.50, 1
1436, 4211, 7, 0, 7637, 7643, 3432, 3425, 490.29, 1
1437, 4214, 16, 0, 7644, 8039, 3825, 3809, 239.06, 1
1438, 4217, 7, 0, 7659, 7665, 3448, 3441, 492.57, 1
1439, 4220, 5, 0, 7666, 7670, 3450, 3445, 690.00, 1
1440, 4223, 12, 0, 7671, 7682, 3459, 3447, 288.25, 1
1441, 4226, 14, 0, 7683, 7696, 3470, 3456, 247.86, 1
1442, 4229, 15, 0, 7697, 7711, 3482, 3467, 232.13, 1
1443, 4232, 16, 0, 7712, 8040, 3808, 3792, 238.00, 1
1444, 4235, 15, 0, 7727, 7741, 3506, 3491, 233.73, 1
1445, 4238, 3, 0, 7742, 7744, 3506, 3503, 1168.67, 1
1446, 4241, 5, 0, 7745, 7749, 3508, 3503, 701.60, 1
1447, 4244, 3, 0, 7750, 7752, 3508, 3505, 1169.33, 1
1448, 4247, 6, 0, 7753, 7758, 3511, 3505, 585.17, 1
1449, 4250, 7, 0, 7759, 7765, 3515, 3508, 502.14, 1
1450, 4253, 5, 0, 7766, 7770, 3517, 3512, 703.40, 1
1451, 4256, 3, 0, 7771, 7773, 3517, 3514, 1172.33, 1
1452, 4259, 5, 0, 7774, 7778, 3519, 3514, 703.80, 1
1453, 4262, 1, 0, 7779, 7779, 3517, 3516, 3517.00, 1
1454, 4265, 4, 0, 7780, 7783, 3518, 3514, 879.50, 1
1455, 4268, 3, 0, 7784, 7786, 3518, 3515, 1172.67, 1
1456, 4271, 3, 0, 7787, 7789, 3518, 3515, 1172.67, 1
1457, 4274, 3, 0, 7790, 7792, 3518, 3515, 1172.67, 1
1458, 4277, 5, 0, 7793, 7797, 3520, 3515, 704.00, 1
1459, 4280, 7, 0, 7798, 7804, 3524, 3517, 503.43, 1
1460, 4283, 4, 0, 7805, 7808, 3525, 3521, 881.25, 1
1461, 4286, 7, 0, 7809, 7815, 3529, 3522, 504.14, 1
1462, 4289, 8, 0, 7816, 7823, 3534, 3526, 441.75, 1
1463, 4292, 6, 0, 7824, 7829, 3537, 3531, 589.50, 1
1464, 4295, 5, 0, 7830, 7834, 3539, 3534, 707.80, 1
1465, 4298, 3, 0, 7835, 7837, 3539, 3536, 1179.67, 1
1466, 4301, 15, 0, 7838, 7852, 3551, 3536, 236.73, 1
1467, 4304, 4, 0, 7853, 7856, 3552, 3548, 888.00, 1
1468, 4307, 5, 0, 7857, 7861, 3554, 3549, 710.80, 1
1469, 4310, 2, 0, 7862, 7863, 3553, 3551, 1776.50, 1
1470, 4313, 2, 0, 7864, 7865, 3552, 3550, 1776.00, 1
1471, 4316, 1, 0, 7866, 7866, 3550, 3549, 3550.00, 1
1472, 4319, 4, 0, 7867, 7870, 3551, 3547, 887.75, 1
1473, 4322, 5, 0, 7871, 7875, 3553, 3548, 710.60, 1
1474, 4325, 4, 0, 7876, 7879, 3554, 3550, 888.50, 1
1475, 4328, 4, 0, 7880, 7883, 3555, 3551, 888.75, 1
1476, 4331, 2, 0, 7884, 7885, 3554, 3552, 1777.00, 1
1477, 4334, 16, 0, 7886, 8041, 3707, 3691, 231.69, 1
1478, 4337, 2, 0, 7901, 7902, 3565, 3563, 1782.50, 1
1479, 4340, 4, 0, 7903, 7906, 3566, 3562, 891.50, 1
1480, 4343, 5, 0, 7907, 7911, 3568, 3563, 713.60, 1
1481, 4346, 2, 0, 7912, 7913, 3567, 3565, 1783.50, 1
1482, 4349, 3, 0, 7914, 7916, 3567, 3564, 1189.00, 1
1483, 4352, 5, 0, 7917, 7921, 3569, 3564, 713.80, 1
1484, 4355, 4, 0, 7922, 7925, 3570, 3566, 892.50, 1
1485, 4358, 3, 0, 7926, 7928, 3570, 3567, 1190.00, 1
1486, 4361, 5, 0, 7929, 7933, 3572, 3567, 714.40, 1
1487, 4364, 4, 0, 7934, 7937, 3573, 3569, 893.25, 1
1488, 4367, 4, 0, 7938, 7941, 3574, 3570, 893.50, 1
1489, 4370, 3, 0, 7942, 7944, 3574, 3571, 1191.33, 1
1490, 4373, 5, 0, 7945, 7949, 3576, 3571, 715.20, 1
1491, 4376, 4, 0, 7950, 7953, 3577, 3573, 894.25, 1
1492, 4379, 3, 0, 7954, 7956, 3577, 3574, 1192.33, 1
1493, 4382, 5, 0, 7957, 7961, 3579, 3574, 715.80, 1
1494, 4385, 4, 0, 7962, 7965, 3580, 3576, 895.00, 1
1495, 4388, 3, 0, 7966, 7968, 3580, 3577, 1193.33, 1
1496, 4391, 5, 0, 7969, 7973, 3582, 3577, 716.40, 1
1497, 4394, 4, 0, 7974, 7977, 3583, 3579, 895.75, 1
1498, 4397, 5, 0, 7978, 7982, 3585, 3580, 717.00, 1
1499, 4400, 8, 0, 7983, 7990, 3590, 3582, 448.75, 1
1500, 4403, 2, 0, 7991, 7992, 3589, 3587, 1794.50, 1
