pid, arrival, service, remaining, start, finish, turnaround, wait, normturnaround, complete
1, 0, 9, 0, 1, 5176, 5176, 5167, 575.11, 1
2, 2, 8, 0, 4, 5178, 5176, 5168, 647.00, 1
3, 4, 2, 0, 7, 8, 4, 2, 2.00, 1
4, 4, 4, 0, 9, 1687, 1683, 1679, 420.75, 1
5, 7, 5, 0, 12, 1689, 1682, 1677, 336.40, 1
6, 8, 2, 0, 15, 16, 8, 6, 4.00, 1
7, 10, 4, 0, 17, 1690, 1680, 1676, 420.00, 1
8, 11, 4, 0, 20, 1691, 1680, 1676, 420.00, 1
9, 13, 6, 0, 23, 1694, 1681, 1675, 280.17, 1
10, 14, 3, 0, 26, 28, 14, 11, 4.67, 1
11, 16, 5, 0, 29, 1696, 1680, 1675, 336.00, 1
12, 17, 7, 0, 32, 5179, 5162, 5155, 737.43, 1
13, 20, 5, 0, 35, 1701, 1681, 1676, 336.20, 1
14, 21, 3, 0, 38, 40, 19, 16, 6.33, 1
15, 22, 3, 0, 41, 43, 21, 18, 7.00, 1
16, 23, 6, 0, 44, 1704, 1681, 1675, 280.17, 1
17, 25, 7, 0, 47, 5180, 5155, 5148, 736.43, 1
18, 27, 8, 0, 50, 5182, 5155, 5147, 644.38, 1
19, 29, 1, 0, 53, 53, 24, 23, 24.00, 1
20, 32, 5, 0, 54, 1712, 1680, 1675, 336.00, 1
21, 33, 5, 0, 57, 1714, 1681, 1676, 336.20, 1
22, 36, 7, 0, 60, 5183, 5147, 5140, 735.29, 1
23, 38, 8, 0, 63, 5185, 5147, 5139, 643.38, 1
24, 39, 5, 0, 66, 1722, 1683, 1678, 336.60, 1
25, 40, 5, 0, 69, 1724, 1684, 1679, 336.80, 1
26, 42, 3, 0, 72, 74, 32, 29, 10.67, 1
27, 43, 6, 0, 75, 1727, 1684, 1678, 280.67, 1
28, 44, 2, 0, 78, 79, 35, 33, 17.50, 1
29, 45, 2, 0, 80, 81, 36, 34, 18.00, 1
30, 47, 4, 0, 82, 1728, 1681, 1677, 420.25, 1
31, 48, 5, 0, 85, 1730, 1682, 1677, 336.40, 1
32, 49, 2, 0, 88, 89, 40, 38, 20.00, 1
33, 49, 12, 0, 90, 6852, 6803, 6791, 566.92, 1
34, 50, 5, 0, 93, 1735, 1685, 1680, 337.00, 1
35, 51, 6, 0, 96, 1738, 1687, 1681, 281.17, 1
36, 52, 3, 0, 99, 101, 49, 46, 16.33, 1
37, 53, 6, 0, 102, 1741, 1688, 1682, 281.33, 1
38, 54, 13, 0, 105, 7460, 7406, 7393, 569.69, 1
39, 55, 7, 0, 108, 5192, 5137, 5130, 733.86, 1
40, 56, 8, 0, 111, 5194, 5138, 5130, 642.25, 1
41, 57, 4, 0, 114, 1751, 1694, 1690, 423.50, 1
42, 58, 3, 0, 117, 119, 61, 58, 20.33, 1
43, 59, 1, 0, 120, 120, 61, 60, 61.00, 1
44, 60, 3, 0, 121, 123, 63, 60, 21.00, 1
45, 61, 7, 0, 124, 5195, 5134, 5127, 733.43, 1
46, 62, 9, 0, 127, 5198, 5136, 5127, 570.67, 1
47, 63, 6, 0, 130, 1760, 1697, 1691, 282.83, 1
48, 65, 4, 0, 133, 1761, 1696, 1692, 424.00, 1
49, 67, 14, 0, 136, 7462, 7395, 7381, 528.21, 1
50, 69, 3, 0, 139, 141, 72, 69, 24.00, 1
51, 71, 4, 0, 142, 1765, 1694, 1690, 423.50, 1
52, 73, 14, 0, 145, 7464, 7391, 7377, 527.93, 1
53, 75, 2, 0, 148, 149, 74, 72, 37.00, 1
54, 77, 3, 0, 150, 152, 75, 72, 25.00, 1
55, 79, 5, 0, 153, 1770, 1691, 1686, 338.20, 1
56, 81, 5, 0, 156, 1772, 1691, 1686, 338.20, 1
57, 83, 4, 0, 159, 1773, 1690, 1686, 422.50, 1
58, 85, 3, 0, 162, 164, 79, 76, 26.33, 1
59, 87, 3, 0, 165, 167, 80, 77, 26.67, 1
60, 89, 5, 0, 168, 1775, 1686, 1681, 337.20, 1
61, 91, 6, 0, 171, 1778, 1687, 1681, 281.17, 1
62, 93, 7, 0, 174, 5205, 5112, 5105, 730.29, 1
63, 95, 4, 0, 177, 1782, 1687, 1683, 421.75, 1
64, 98, 1, 0, 180, 180, 82, 81, 82.00, 1
65, 101, 3, 0, 181, 183, 82, 79, 27.33, 1
66, 104, 4, 0, 184, 1783, 1679, 1675, 419.75, 1
67, 107, 6, 0, 187, 1786, 1679, 1673, 279.83, 1
68, 110, 9, 0, 190, 5208, 5098, 5089, 566.44, 1
69, 113, 8, 0, 193, 5210, 5097, 5089, 637.12, 1
70, 116, 8, 0, 196, 5212, 5096, 5088, 637.00, 1
71, 119, 7, 0, 199, 5213, 5094, 5087, 727.71, 1
72, 122, 16, 0, 202, 7814, 7692, 7676, 480.75, 1
73, 123, 7, 0, 205, 5217, 5094, 5087, 727.71, 1
74, 125, 5, 0, 208, 1806, 1681, 1676, 336.20, 1
75, 128, 12, 0, 211, 6867, 6739, 6727, 561.58, 1
76, 131, 14, 0, 214, 7469, 7338, 7324, 524.14, 1
77, 134, 15, 0, 217, 7472, 7338, 7323, 489.20, 1
78, 137, 16, 0, 220, 7815, 7678, 7662, 479.88, 1
79, 140, 15, 0, 223, 7478, 7338, 7323, 489.20, 1
80, 143, 3, 0, 226, 228, 85, 82, 28.33, 1
81, 146, 5, 0, 229, 1823, 1677, 1672, 335.40, 1
82, 149, 3, 0, 232, 234, 85, 82, 28.33, 1
83, 152, 6, 0, 235, 1826, 1674, 1668, 279.00, 1
84, 155, 7, 0, 238, 5233, 5078, 5071, 725.43, 1
85, 158, 5, 0, 241, 1831, 1673, 1668, 334.60, 1
86, 161, 3, 0, 244, 246, 85, 82, 28.33, 1
87, 164, 5, 0, 247, 1833, 1669, 1664, 333.80, 1
88, 167, 1, 0, 250, 250, 83, 82, 83.00, 1
89, 170, 4, 0, 251, 1834, 1664, 1660, 416.00, 1
90, 173, 3, 0, 254, 256, 83, 80, 27.67, 1
91, 176, 3, 0, 257, 259, 83, 80, 27.67, 1
92, 179, 3, 0, 260, 262, 83, 80, 27.67, 1
93, 182, 5, 0, 263, 1836, 1654, 1649, 330.80, 1
94, 185, 7, 0, 266, 5234, 5049, 5042, 721.29, 1
95, 188, 4, 0, 269, 1840, 1652, 1648, 413.00, 1
96, 191, 7, 0, 272, 5235, 5044, 5037, 720.57, 1
97, 194, 8, 0, 275, 5237, 5043, 5035, 630.38, 1
98, 197, 6, 0, 278, 1849, 1652, 1646, 275.33, 1
99, 200, 5, 0, 281, 1851, 1651, 1646, 330.20, 1
100, 203, 3, 0, 284, 286, 83, 80, 27.67, 1
101, 206, 15, 0, 287, 7481, 7275, 7260, 485.00, 1
102, 209, 4, 0, 290, 1855, 1646, 1642, 411.50, 1
103, 212, 5, 0, 293, 1857, 1645, 1640, 329.00, 1
104, 215, 2, 0, 296, 297, 82, 80, 41.00, 1
105, 218, 2, 0, 298, 299, 81, 79, 40.50, 1
106, 221, 1, 0, 300, 300, 79, 78, 79.00, 1
107, 224, 4, 0, 301, 1858, 1634, 1630, 408.50, 1
108, 227, 5, 0, 304, 1860, 1633, 1628, 326.60, 1
109, 230, 4, 0, 307, 1861, 1631, 1627, 407.75, 1
110, 233, 4, 0, 310, 1862, 1629, 1625, 407.25, 1
111, 236, 2, 0, 313, 314, 78, 76, 39.00, 1
112, 239, 16, 0, 315, 7816, 7577, 7561, 473.56, 1
113, 242, 2, 0, 318, 319, 77, 75, 38.50, 1
114, 245, 4, 0, 320, 1866, 1621, 1617, 405.25, 1
115, 248, 5, 0, 323, 1868, 1620, 1615, 324.00, 1
116, 251, 2, 0, 326, 327, 76, 74, 38.00, 1
117, 254, 3, 0, 328, 330, 76, 73, 25.33, 1
118, 257, 5, 0, 331, 1870, 1613, 1608, 322.60, 1
119, 260, 4, 0, 334, 1871, 1611, 1607, 402.75, 1
120, 263, 3, 0, 337, 339, 76, 73, 25.33, 1
121, 266, 5, 0, 340, 1873, 1607, 1602, 321.40, 1
122, 269, 4, 0, 343, 1874, 1605, 1601, 401.25, 1
123, 272, 4, 0, 346, 1875, 1603, 1599, 400.75, 1
124, 275, 3, 0, 349, 351, 76, 73, 25.33, 1
125, 278, 5, 0, 352, 1877, 1599, 1594, 319.80, 1
126, 281, 4, 0, 355, 1878, 1597, 1593, 399.25, 1
127, 284, 3, 0, 358, 360, 76, 73, 25.33, 1
128, 287, 5, 0, 361, 1880, 1593, 1588, 318.60, 1
129, 290, 4, 0, 364, 1881, 1591, 1587, 397.75, 1
130, 293, 3, 0, 367, 369, 76, 73, 25.33, 1
131, 296, 5, 0, 370, 1883, 1587, 1582, 317.40, 1
132, 299, 4, 0, 373, 1884, 1585, 1581, 396.25, 1
133, 302, 5, 0, 376, 1886, 1584, 1579, 316.80, 1
134, 305, 8, 0, 379, 5245, 4940, 4932, 617.50, 1
135, 308, 2, 0, 382, 383, 75, 73, 37.50, 1
136, 311, 4, 0, 384, 1890, 1579, 1575, 394.75, 1
137, 314, 5, 0, 387, 1892, 1578, 1573, 315.60, 1
138, 317, 2, 0, 390, 391, 74, 72, 37.00, 1
139, 320, 4, 0, 392, 1893, 1573, 1569, 393.25, 1
140, 323, 4, 0, 395, 1894, 1571, 1567, 392.75, 1
141, 326, 6, 0, 398, 1897, 1571, 1565, 261.83, 1
142, 329, 3, 0, 401, 403, 74, 71, 24.67, 1
143, 332, 5, 0, 404, 1899, 1567, 1562, 313.40, 1
144, 335, 7, 0, 407, 5246, 4911, 4904, 701.57, 1
145, 338, 5, 0, 410, 1904, 1566, 1561, 313.20, 1
146, 341, 3, 0, 413, 415, 74, 71, 24.67, 1
147, 344, 3, 0, 416, 418, 74, 71, 24.67, 1
148, 347, 6, 0, 419, 1907, 1560, 1554, 260.00, 1
149, 350, 7, 0, 422, 5247, 4897, 4890, 699.57, 1
150, 353, 8, 0, 425, 5249, 4896, 4888, 612.00, 1
151, 356, 1, 0, 428, 428, 72, 71, 72.00, 1
152, 359, 5, 0, 429, 1915, 1556, 1551, 311.20, 1
153, 362, 5, 0, 432, 1917, 1555, 1550, 311.00, 1
154, 365, 7, 0, 435, 5250, 4885, 4878, 697.86, 1
155, 368, 8, 0, 438, 5252, 4884, 4876, 610.50, 1
156, 371, 5, 0, 441, 1925, 1554, 1549, 310.80, 1
157, 374, 5, 0, 444, 1927, 1553, 1548, 310.60, 1
158, 377, 3, 0, 447, 449, 72, 69, 24.00, 1
159, 380, 6, 0, 450, 1930, 1550, 1544, 258.33, 1
160, 383, 2, 0, 453, 454, 71, 69, 35.50, 1
161, 386, 2, 0, 455, 456, 70, 68, 35.00, 1
162, 389, 4, 0, 457, 1931, 1542, 1538, 385.50, 1
163, 392, 5, 0, 460, 1933, 1541, 1536, 308.20, 1
164, 395, 2, 0, 463, 464, 69, 67, 34.50, 1
165, 398, 12, 0, 465, 6888, 6490, 6478, 540.83, 1
166, 401, 5, 0, 468, 1938, 1537, 1532, 307.40, 1
167, 404, 6, 0, 471, 1941, 1537, 1531, 256.17, 1
168, 407, 3, 0, 474, 476, 69, 66, 23.00, 1
169, 410, 6, 0, 477, 1944, 1534, 1528, 255.67, 1
170, 413, 13, 0, 480, 7485, 7072, 7059, 544.00, 1
171, 416, 7, 0, 483, 5259, 4843, 4836, 691.86, 1
172, 419, 8, 0, 486, 5261, 4842, 4834, 605.25, 1
173, 422, 4, 0, 489, 1954, 1532, 1528, 383.00, 1
174, 425, 3, 0, 492, 494, 69, 66, 23.00, 1
175, 428, 1, 0, 495, 495, 67, 66, 67.00, 1
176, 431, 3, 0, 496, 498, 67, 64, 22.33, 1
177, 434, 7, 0, 499, 5262, 4828, 4821, 689.71, 1
178, 437, 9, 0, 502, 5265, 4828, 4819, 536.44, 1
179, 440, 6, 0, 505, 1963, 1523, 1517, 253.83, 1
180, 443, 4, 0, 508, 1964, 1521, 1517, 380.25, 1
181, 446, 14, 0, 511, 7487, 7041, 7027, 502.93, 1
182, 449, 3, 0, 514, 516, 67, 64, 22.33, 1
183, 452, 4, 0, 517, 1968, 1516, 1512, 379.00, 1
184, 455, 14, 0, 520, 7489, 7034, 7020, 502.43, 1
185, 458, 2, 0, 523, 524, 66, 64, 33.00, 1
186, 461, 3, 0, 525, 527, 66, 63, 22.00, 1
187, 464, 5, 0, 528, 1973, 1509, 1504, 301.80, 1
188, 467, 5, 0, 531, 1975, 1508, 1503, 301.60, 1
189, 470, 4, 0, 534, 1976, 1506, 1502, 376.50, 1
190, 473, 3, 0, 537, 539, 66, 63, 22.00, 1
191, 476, 3, 0, 540, 542, 66, 63, 22.00, 1
192, 479, 5, 0, 543, 1978, 1499, 1494, 299.80, 1
193, 482, 6, 0, 546, 1981, 1499, 1493, 249.83, 1
194, 485, 7, 0, 549, 5272, 4787, 4780, 683.86, 1
195, 488, 4, 0, 552, 1985, 1497, 1493, 374.25, 1
196, 491, 1, 0, 555, 555, 64, 63, 64.00, 1
197, 494, 3, 0, 556, 558, 64, 61, 21.33, 1
198, 497, 4, 0, 559, 1986, 1489, 1485, 372.25, 1
199, 500, 6, 0, 562, 1989, 1489, 1483, 248.17, 1
200, 503, 9, 0, 565, 5275, 4772, 4763, 530.22, 1
201, 506, 8, 0, 568, 5277, 4771, 4763, 596.38, 1
202, 509, 8, 0, 571, 5279, 4770, 4762, 596.25, 1
203, 512, 7, 0, 574, 5280, 4768, 4761, 681.14, 1
204, 515, 16, 0, 577, 7817, 7302, 7286, 456.38, 1
205, 518, 7, 0, 580, 5284, 4766, 4759, 680.86, 1
206, 521, 5, 0, 583, 2009, 1488, 1483, 297.60, 1
207, 524, 12, 0, 586, 6903, 6379, 6367, 531.58, 1
208, 527, 14, 0, 589, 7494, 6967, 6953, 497.64, 1
209, 530, 15, 0, 592, 7497, 6967, 6952, 464.47, 1
210, 533, 16, 0, 595, 7818, 7285, 7269, 455.31, 1
211, 536, 15, 0, 598, 7503, 6967, 6952, 464.47, 1
212, 539, 3, 0, 601, 603, 64, 61, 21.33, 1
213, 542, 5, 0, 604, 2026, 1484, 1479, 296.80, 1
214, 545, 3, 0, 607, 609, 64, 61, 21.33, 1
215, 548, 6, 0, 610, 2029, 1481, 1475, 246.83, 1
216, 551, 7, 0, 613, 5300, 4749, 4742, 678.43, 1
217, 554, 5, 0, 616, 2034, 1480, 1475, 296.00, 1
218, 557, 3, 0, 619, 621, 64, 61, 21.33, 1
219, 560, 5, 0, 622, 2036, 1476, 1471, 295.20, 1
220, 563, 1, 0, 625, 625, 62, 61, 62.00, 1
221, 566, 4, 0, 626, 2037, 1471, 1467, 367.75, 1
222, 569, 3, 0, 629, 631, 62, 59, 20.67, 1
223, 572, 3, 0, 632, 634, 62, 59, 20.67, 1
224, 575, 3, 0, 635, 637, 62, 59, 20.67, 1
225, 578, 5, 0, 638, 2039, 1461, 1456, 292.20, 1
226, 581, 7, 0, 641, 5301, 4720, 4713, 674.29, 1
227, 584, 4, 0, 644, 2043, 1459, 1455, 364.75, 1
228, 587, 7, 0, 647, 5302, 4715, 4708, 673.57, 1
229, 590, 8, 0, 650, 5304, 4714, 4706, 589.25, 1
230, 593, 6, 0, 653, 2052, 1459, 1453, 243.17, 1
231, 596, 5, 0, 656, 2054, 1458, 1453, 291.60, 1
232, 599, 3, 0, 659, 661, 62, 59, 20.67, 1
233, 602, 15, 0, 662, 7506, 6904, 6889, 460.27, 1
234, 605, 4, 0, 665, 2058, 1453, 1449, 363.25, 1
235, 608, 5, 0, 668, 2060, 1452, 1447, 290.40, 1
236, 611, 2, 0, 671, 672, 61, 59, 30.50, 1
237, 614, 2, 0, 673, 674, 60, 58, 30.00, 1
238, 617, 1, 0, 675, 675, 58, 57, 58.00, 1
239, 620, 4, 0, 676, 2061, 1441, 1437, 360.25, 1
240, 623, 5, 0, 679, 2063, 1440, 1435, 288.00, 1
241, 626, 4, 0, 682, 2064, 1438, 1434, 359.50, 1
242, 629, 4, 0, 685, 2065, 1436, 1432, 359.00, 1
243, 632, 2, 0, 688, 689, 57, 55, 28.50, 1
244, 635, 16, 0, 690, 7819, 7184, 7168, 449.00, 1
245, 638, 2, 0, 693, 694, 56, 54, 28.00, 1
246, 641, 4, 0, 695, 2069, 1428, 1424, 357.00, 1
247, 644, 5, 0, 698, 2071, 1427, 1422, 285.40, 1
248, 647, 2, 0, 701, 702, 55, 53, 27.50, 1
249, 650, 3, 0, 703, 705, 55, 52, 18.33, 1
250, 653, 5, 0, 706, 2073, 1420, 1415, 284.00, 1
251, 656, 4, 0, 709, 2074, 1418, 1414, 354.50, 1
252, 659, 3, 0, 712, 714, 55, 52, 18.33, 1
253, 662, 5, 0, 715, 2076, 1414, 1409, 282.80, 1
254, 665, 4, 0, 718, 2077, 1412, 1408, 353.00, 1
255, 668, 4, 0, 721, 2078, 1410, 1406, 352.50, 1
256, 671, 3, 0, 724, 726, 55, 52, 18.33, 1
257, 674, 5, 0, 727, 2080, 1406, 1401, 281.20, 1
258, 677, 4, 0, 730, 2081, 1404, 1400, 351.00, 1
259, 680, 3, 0, 733, 735, 55, 52, 18.33, 1
260, 683, 5, 0, 736, 2083, 1400, 1395, 280.00, 1
261, 686, 4, 0, 739, 2084, 1398, 1394, 349.50, 1
262, 689, 3, 0, 742, 744, 55, 52, 18.33, 1
263, 692, 5, 0, 745, 2086, 1394, 1389, 278.80, 1
264, 695, 4, 0, 748, 2087, 1392, 1388, 348.00, 1
265, 698, 5, 0, 751, 2089, 1391, 1386, 278.20, 1
266, 701, 8, 0, 754, 5312, 4611, 4603, 576.38, 1
267, 704, 2, 0, 757, 758, 54, 52, 27.00, 1
268, 707, 4, 0, 759, 2093, 1386, 1382, 346.50, 1
269, 710, 5, 0, 762, 2095, 1385, 1380, 277.00, 1
270, 713, 2, 0, 765, 766, 53, 51, 26.50, 1
271, 716, 4, 0, 767, 2096, 1380, 1376, 345.00, 1
272, 719, 4, 0, 770, 2097, 1378, 1374, 344.50, 1
273, 722, 6, 0, 773, 2100, 1378, 1372, 229.67, 1
274, 725, 3, 0, 776, 778, 53, 50, 17.67, 1
275, 728, 5, 0, 779, 2102, 1374, 1369, 274.80, 1
276, 731, 7, 0, 782, 5313, 4582, 4575, 654.57, 1
277, 734, 5, 0, 785, 2107, 1373, 1368, 274.60, 1
278, 737, 3, 0, 788, 790, 53, 50, 17.67, 1
279, 740, 3, 0, 791, 793, 53, 50, 17.67, 1
280, 743, 6, 0, 794, 2110, 1367, 1361, 227.83, 1
281, 746, 7, 0, 797, 5314, 4568, 4561, 652.57, 1
282, 749, 8, 0, 800, 5316, 4567, 4559, 570.88, 1
283, 752, 1, 0, 803, 803, 51, 50, 51.00, 1
284, 755, 5, 0, 804, 2118, 1363, 1358, 272.60, 1
285, 758, 5, 0, 807, 2120, 1362, 1357, 272.40, 1
286, 761, 7, 0, 810, 5317, 4556, 4549, 650.86, 1
287, 764, 8, 0, 813, 5319, 4555, 4547, 569.38, 1
288, 767, 5, 0, 816, 2128, 1361, 1356, 272.20, 1
289, 770, 5, 0, 819, 2130, 1360, 1355, 272.00, 1
290, 773, 3, 0, 822, 824, 51, 48, 17.00, 1
291, 776, 6, 0, 825, 2133, 1357, 1351, 226.17, 1
292, 779, 2, 0, 828, 829, 50, 48, 25.00, 1
293, 782, 2, 0, 830, 831, 49, 47, 24.50, 1
294, 785, 4, 0, 832, 2134, 1349, 1345, 337.25, 1
295, 788, 5, 0, 835, 2136, 1348, 1343, 269.60, 1
296, 791, 2, 0, 838, 839, 48, 46, 24.00, 1
297, 794, 12, 0, 840, 6924, 6130, 6118, 510.83, 1
298, 797, 5, 0, 843, 2141, 1344, 1339, 268.80, 1
299, 800, 6, 0, 846, 2144, 1344, 1338, 224.00, 1
300, 803, 3, 0, 849, 851, 48, 45, 16.00, 1
301, 806, 6, 0, 852, 2147, 1341, 1335, 223.50, 1
302, 809, 13, 0, 855, 7510, 6701, 6688, 515.46, 1
303, 812, 7, 0, 858, 5326, 4514, 4507, 644.86, 1
304, 815, 8, 0, 861, 5328, 4513, 4505, 564.12, 1
305, 818, 4, 0, 864, 2157, 1339, 1335, 334.75, 1
306, 821, 3, 0, 867, 869, 48, 45, 16.00, 1
307, 824, 1, 0, 870, 870, 46, 45, 46.00, 1
308, 827, 3, 0, 871, 873, 46, 43, 15.33, 1
309, 830, 7, 0, 874, 5329, 4499, 4492, 642.71, 1
310, 833, 9, 0, 877, 5332, 4499, 4490, 499.89, 1
311, 836, 6, 0, 880, 2166, 1330, 1324, 221.67, 1
312, 839, 4, 0, 883, 2167, 1328, 1324, 332.00, 1
313, 842, 14, 0, 886, 7512, 6670, 6656, 476.43, 1
314, 845, 3, 0, 889, 891, 46, 43, 15.33, 1
315, 848, 4, 0, 892, 2171, 1323, 1319, 330.75, 1
316, 851, 14, 0, 895, 7514, 6663, 6649, 475.93, 1
317, 854, 2, 0, 898, 899, 45, 43, 22.50, 1
318, 857, 3, 0, 900, 902, 45, 42, 15.00, 1
319, 860, 5, 0, 903, 2176, 1316, 1311, 263.20, 1
320, 863, 5, 0, 906, 2178, 1315, 1310, 263.00, 1
321, 866, 4, 0, 909, 2179, 1313, 1309, 328.25, 1
322, 869, 3, 0, 912, 914, 45, 42, 15.00, 1
323, 872, 3, 0, 915, 917, 45, 42, 15.00, 1
324, 875, 5, 0, 918, 2181, 1306, 1301, 261.20, 1
325, 878, 6, 0, 921, 2184, 1306, 1300, 217.67, 1
326, 881, 7, 0, 924, 5339, 4458, 4451, 636.86, 1
327, 884, 4, 0, 927, 2188, 1304, 1300, 326.00, 1
328, 887, 1, 0, 930, 930, 43, 42, 43.00, 1
329, 890, 3, 0, 931, 933, 43, 40, 14.33, 1
330, 893, 4, 0, 934, 2189, 1296, 1292, 324.00, 1
331, 896, 6, 0, 937, 2192, 1296, 1290, 216.00, 1
332, 899, 9, 0, 940, 5342, 4443, 4434, 493.67, 1
333, 902, 8, 0, 943, 5344, 4442, 4434, 555.25, 1
334, 905, 8, 0, 946, 5346, 4441, 4433, 555.12, 1
335, 908, 7, 0, 949, 5347, 4439, 4432, 634.14, 1
336, 911, 16, 0, 952, 7820, 6909, 6893, 431.81, 1
337, 914, 7, 0, 955, 5351, 4437, 4430, 633.86, 1
338, 917, 5, 0, 958, 2212, 1295, 1290, 259.00, 1
339, 920, 12, 0, 961, 6939, 6019, 6007, 501.58, 1
340, 923, 14, 0, 964, 7519, 6596, 6582, 471.14, 1
341, 926, 15, 0, 967, 7522, 6596, 6581, 439.73, 1
342, 929, 16, 0, 970, 7821, 6892, 6876, 430.75, 1
343, 932, 15, 0, 973, 7528, 6596, 6581, 439.73, 1
344, 935, 3, 0, 976, 978, 43, 40, 14.33, 1
345, 938, 5, 0, 979, 2229, 1291, 1286, 258.20, 1
346, 941, 3, 0, 982, 984, 43, 40, 14.33, 1
347, 944, 6, 0, 985, 2232, 1288, 1282, 214.67, 1
348, 947, 7, 0, 988, 5367, 4420, 4413, 631.43, 1
349, 950, 5, 0, 991, 2237, 1287, 1282, 257.40, 1
350, 953, 3, 0, 994, 996, 43, 40, 14.33, 1
351, 956, 5, 0, 997, 2239, 1283, 1278, 256.60, 1
352, 959, 1, 0, 1000, 1000, 41, 40, 41.00, 1
353, 962, 4, 0, 1001, 2240, 1278, 1274, 319.50, 1
354, 965, 3, 0, 1004, 1006, 41, 38, 13.67, 1
355, 968, 3, 0, 1007, 1009, 41, 38, 13.67, 1
356, 971, 3, 0, 1010, 1012, 41, 38, 13.67, 1
357, 974, 5, 0, 1013, 2242, 1268, 1263, 253.60, 1
358, 977, 7, 0, 1016, 5368, 4391, 4384, 627.29, 1
359, 980, 4, 0, 1019, 2246, 1266, 1262, 316.50, 1
360, 983, 7, 0, 1022, 5369, 4386, 4379, 626.57, 1
361, 986, 8, 0, 1025, 5371, 4385, 4377, 548.12, 1
362, 989, 6, 0, 1028, 2255, 1266, 1260, 211.00, 1
363, 992, 5, 0, 1031, 2257, 1265, 1260, 253.00, 1
364, 995, 3, 0, 1034, 1036, 41, 38, 13.67, 1
365, 998, 15, 0, 1037, 7531, 6533, 6518, 435.53, 1
366, 1001, 4, 0, 1040, 2261, 1260, 1256, 315.00, 1
367, 1004, 5, 0, 1043, 2263, 1259, 1254, 251.80, 1
368, 1007, 2, 0, 1046, 1047, 40, 38, 20.00, 1
369, 1010, 2, 0, 1048, 1049, 39, 37, 19.50, 1
370, 1013, 1, 0, 1050, 1050, 37, 36, 37.00, 1
371, 1016, 4, 0, 1051, 2264, 1248, 1244, 312.00, 1
372, 1019, 5, 0, 1054, 2266, 1247, 1242, 249.40, 1
373, 1022, 4, 0, 1057, 2267, 1245, 1241, 311.25, 1
374, 1025, 4, 0, 1060, 2268, 1243, 1239, 310.75, 1
375, 1028, 2, 0, 1063, 1064, 36, 34, 18.00, 1
376, 1031, 16, 0, 1065, 7822, 6791, 6775, 424.44, 1
377, 1034, 2, 0, 1068, 1069, 35, 33, 17.50, 1
378, 1037, 4, 0, 1070, 2272, 1235, 1231, 308.75, 1
379, 1040, 5, 0, 1073, 2274, 1234, 1229, 246.80, 1
380, 1043, 2, 0, 1076, 1077, 34, 32, 17.00, 1
381, 1046, 3, 0, 1078, 1080, 34, 31, 11.33, 1
382, 1049, 5, 0, 1081, 2276, 1227, 1222, 245.40, 1
383, 1052, 4, 0, 1084, 2277, 1225, 1221, 306.25, 1
384, 1055, 3, 0, 1087, 1089, 34, 31, 11.33, 1
385, 1058, 5, 0, 1090, 2279, 1221, 1216, 244.20, 1
386, 1061, 4, 0, 1093, 2280, 1219, 1215, 304.75, 1
387, 1064, 4, 0, 1096, 2281, 1217, 1213, 304.25, 1
388, 1067, 3, 0, 1099, 1101, 34, 31, 11.33, 1
389, 1070, 5, 0, 1102, 2283, 1213, 1208, 242.60, 1
390, 1073, 4, 0, 1105, 2284, 1211, 1207, 302.75, 1
391, 1076, 3, 0, 1108, 1110, 34, 31, 11.33, 1
392, 1079, 5, 0, 1111, 2286, 1207, 1202, 241.40, 1
393, 1082, 4, 0, 1114, 2287, 1205, 1201, 301.25, 1
394, 1085, 3, 0, 1117, 1119, 34, 31, 11.33, 1
395, 1088, 5, 0, 1120, 2289, 1201, 1196, 240.20, 1
396, 1091, 4, 0, 1123, 2290, 1199, 1195, 299.75, 1
397, 1094, 5, 0, 1126, 2292, 1198, 1193, 239.60, 1
398, 1097, 8, 0, 1129, 5379, 4282, 4274, 535.25, 1
399, 1100, 2, 0, 1132, 1133, 33, 31, 16.50, 1
400, 1103, 4, 0, 1134, 2296, 1193, 1189, 298.25, 1
401, 1106, 5, 0, 1137, 2298, 1192, 1187, 238.40, 1
402, 1109, 2, 0, 1140, 1141, 32, 30, 16.00, 1
403, 1112, 4, 0, 1142, 2299, 1187, 1183, 296.75, 1
404, 1115, 4, 0, 1145, 2300, 1185, 1181, 296.25, 1
405, 1118, 6, 0, 1148, 2303, 1185, 1179, 197.50, 1
406, 1121, 3, 0, 1151, 1153, 32, 29, 10.67, 1
407, 1124, 5, 0, 1154, 2305, 1181, 1176, 236.20, 1
408, 1127, 7, 0, 1157, 5380, 4253, 4246, 607.57, 1
409, 1130, 5, 0, 1160, 2310, 1180, 1175, 236.00, 1
410, 1133, 3, 0, 1163, 1165, 32, 29, 10.67, 1
411, 1136, 3, 0, 1166, 1168, 32, 29, 10.67, 1
412, 1139, 6, 0, 1169, 2313, 1174, 1168, 195.67, 1
413, 1142, 7, 0, 1172, 5381, 4239, 4232, 605.57, 1
414, 1145, 8, 0, 1175, 5383, 4238, 4230, 529.75, 1
415, 1148, 1, 0, 1178, 1178, 30, 29, 30.00, 1
416, 1151, 5, 0, 1179, 2321, 1170, 1165, 234.00, 1
417, 1154, 5, 0, 1182, 2323, 1169, 1164, 233.80, 1
418, 1157, 7, 0, 1185, 5384, 4227, 4220, 603.86, 1
419, 1160, 8, 0, 1188, 5386, 4226, 4218, 528.25, 1
420, 1163, 5, 0, 1191, 2331, 1168, 1163, 233.60, 1
421, 1166, 5, 0, 1194, 2333, 1167, 1162, 233.40, 1
422, 1169, 3, 0, 1197, 1199, 30, 27, 10.00, 1
423, 1172, 6, 0, 1200, 2336, 1164, 1158, 194.00, 1
424, 1175, 2, 0, 1203, 1204, 29, 27, 14.50, 1
425, 1178, 2, 0, 1205, 1206, 28, 26, 14.00, 1
426, 1181, 4, 0, 1207, 2337, 1156, 1152, 289.00, 1
427, 1184, 5, 0, 1210, 2339, 1155, 1150, 231.00, 1
428, 1187, 2, 0, 1213, 1214, 27, 25, 13.50, 1
429, 1190, 12, 0, 1215, 6960, 5770, 5758, 480.83, 1
430, 1193, 5, 0, 1218, 2344, 1151, 1146, 230.20, 1
431, 1196, 6, 0, 1221, 2347, 1151, 1145, 191.83, 1
432, 1199, 3, 0, 1224, 1226, 27, 24, 9.00, 1
433, 1202, 6, 0, 1227, 2350, 1148, 1142, 191.33, 1
434, 1205, 13, 0, 1230, 7535, 6330, 6317, 486.92, 1
435, 1208, 7, 0, 1233, 5393, 4185, 4178, 597.86, 1
436, 1211, 8, 0, 1236, 5395, 4184, 4176, 523.00, 1
437, 1214, 4, 0, 1239, 2360, 1146, 1142, 286.50, 1
438, 1217, 3, 0, 1242, 1244, 27, 24, 9.00, 1
439, 1220, 1, 0, 1245, 1245, 25, 24, 25.00, 1
440, 1223, 3, 0, 1246, 1248, 25, 22, 8.33, 1
441, 1226, 7, 0, 1249, 5396, 4170, 4163, 595.71, 1
442, 1229, 9, 0, 1252, 5399, 4170, 4161, 463.33, 1
443, 1232, 6, 0, 1255, 2369, 1137, 1131, 189.50, 1
444, 1235, 4, 0, 1258, 2370, 1135, 1131, 283.75, 1
445, 1238, 14, 0, 1261, 7537, 6299, 6285, 449.93, 1
446, 1241, 3, 0, 1264, 1266, 25, 22, 8.33, 1
447, 1244, 4, 0, 1267, 2374, 1130, 1126, 282.50, 1
448, 1247, 14, 0, 1270, 7539, 6292, 6278, 449.43, 1
449, 1250, 2, 0, 1273, 1274, 24, 22, 12.00, 1
450, 1253, 3, 0, 1275, 1277, 24, 21, 8.00, 1
451, 1256, 5, 0, 1278, 2379, 1123, 1118, 224.60, 1
452, 1259, 5, 0, 1281, 2381, 1122, 1117, 224.40, 1
453, 1262, 4, 0, 1284, 2382, 1120, 1116, 280.00, 1
454, 1265, 3, 0, 1287, 1289, 24, 21, 8.00, 1
455, 1268, 3, 0, 1290, 1292, 24, 21, 8.00, 1
456, 1271, 5, 0, 1293, 2384, 1113, 1108, 222.60, 1
457, 1274, 6, 0, 1296, 2387, 1113, 1107, 185.50, 1
458, 1277, 7, 0, 1299, 5406, 4129, 4122, 589.86, 1
459, 1280, 4, 0, 1302, 2391, 1111, 1107, 277.75, 1
460, 1283, 1, 0, 1305, 1305, 22, 21, 22.00, 1
461, 1286, 3, 0, 1306, 1308, 22, 19, 7.33, 1
462, 1289, 4, 0, 1309, 2392, 1103, 1099, 275.75, 1
463, 1292, 6, 0, 1312, 2395, 1103, 1097, 183.83, 1
464, 1295, 9, 0, 1315, 5409, 4114, 4105, 457.11, 1
465, 1298, 8, 0, 1318, 5411, 4113, 4105, 514.12, 1
466, 1301, 8, 0, 1321, 5413, 4112, 4104, 514.00, 1
467, 1304, 7, 0, 1324, 5414, 4110, 4103, 587.14, 1
468, 1307, 16, 0, 1327, 7823, 6516, 6500, 407.25, 1
469, 1310, 7, 0, 1330, 5418, 4108, 4101, 586.86, 1
470, 1313, 5, 0, 1333, 2415, 1102, 1097, 220.40, 1
471, 1316, 12, 0, 1336, 6975, 5659, 5647, 471.58, 1
472, 1319, 14, 0, 1339, 7544, 6225, 6211, 444.64, 1
473, 1322, 15, 0, 1342, 7547, 6225, 6210, 415.00, 1
474, 1325, 16, 0, 1345, 7824, 6499, 6483, 406.19, 1
475, 1328, 15, 0, 1348, 7553, 6225, 6210, 415.00, 1
476, 1331, 3, 0, 1351, 1353, 22, 19, 7.33, 1
477, 1334, 5, 0, 1354, 2432, 1098, 1093, 219.60, 1
478, 1337, 3, 0, 1357, 1359, 22, 19, 7.33, 1
479, 1340, 6, 0, 1360, 2435, 1095, 1089, 182.50, 1
480, 1343, 7, 0, 1363, 5434, 4091, 4084, 584.43, 1
481, 1346, 5, 0, 1366, 2440, 1094, 1089, 218.80, 1
482, 1349, 3, 0, 1369, 1371, 22, 19, 7.33, 1
483, 1352, 5, 0, 1372, 2442, 1090, 1085, 218.00, 1
484, 1355, 1, 0, 1375, 1375, 20, 19, 20.00, 1
485, 1358, 4, 0, 1376, 2443, 1085, 1081, 271.25, 1
486, 1361, 3, 0, 1379, 1381, 20, 17, 6.67, 1
487, 1364, 3, 0, 1382, 1384, 20, 17, 6.67, 1
488, 1367, 3, 0, 1385, 1387, 20, 17, 6.67, 1
489, 1370, 5, 0, 1388, 2445, 1075, 1070, 215.00, 1
490, 1373, 7, 0, 1391, 5435, 4062, 4055, 580.29, 1
491, 1376, 4, 0, 1394, 2449, 1073, 1069, 268.25, 1
492, 1379, 7, 0, 1397, 5436, 4057, 4050, 579.57, 1
493, 1382, 8, 0, 1400, 5438, 4056, 4048, 507.00, 1
494, 1385, 6, 0, 1403, 2458, 1073, 1067, 178.83, 1
495, 1388, 5, 0, 1406, 2460, 1072, 1067, 214.40, 1
496, 1391, 3, 0, 1409, 1411, 20, 17, 6.67, 1
497, 1394, 15, 0, 1412, 7556, 6162, 6147, 410.80, 1
498, 1397, 4, 0, 1415, 2464, 1067, 1063, 266.75, 1
499, 1400, 5, 0, 1418, 2466, 1066, 1061, 213.20, 1
500, 1403, 2, 0, 1421, 1422, 19, 17, 9.50, 1
501, 1406, 2, 0, 1423, 1424, 18, 16, 9.00, 1
502, 1409, 1, 0, 1425, 1425, 16, 15, 16.00, 1
503, 1412, 4, 0, 1426, 2467, 1055, 1051, 263.75, 1
504, 1415, 5, 0, 1429, 2469, 1054, 1049, 210.80, 1
505, 1418, 4, 0, 1432, 2470, 1052, 1048, 263.00, 1
506, 1421, 4, 0, 1435, 2471, 1050, 1046, 262.50, 1
507, 1424, 2, 0, 1438, 1439, 15, 13, 7.50, 1
508, 1427, 16, 0, 1440, 7825, 6398, 6382, 399.88, 1
509, 1430, 2, 0, 1443, 1444, 14, 12, 7.00, 1
510, 1433, 4, 0, 1445, 2475, 1042, 1038, 260.50, 1
511, 1436, 5, 0, 1448, 2477, 1041, 1036, 208.20, 1
512, 1439, 2, 0, 1451, 1452, 13, 11, 6.50, 1
513, 1442, 3, 0, 1453, 1455, 13, 10, 4.33, 1
514, 1445, 5, 0, 1456, 2479, 1034, 1029, 206.80, 1
515, 1448, 4, 0, 1459, 2480, 1032, 1028, 258.00, 1
516, 1451, 3, 0, 1462, 1464, 13, 10, 4.33, 1
517, 1454, 5, 0, 1465, 2482, 1028, 1023, 205.60, 1
518, 1457, 4, 0, 1468, 2483, 1026, 1022, 256.50, 1
519, 1460, 4, 0, 1471, 2484, 1024, 1020, 256.00, 1
520, 1463, 3, 0, 1474, 1476, 13, 10, 4.33, 1
521, 1466, 5, 0, 1477, 2486, 1020, 1015, 204.00, 1
522, 1469, 4, 0, 1480, 2487, 1018, 1014, 254.50, 1
523, 1472, 3, 0, 1483, 1485, 13, 10, 4.33, 1
524, 1475, 5, 0, 1486, 2489, 1014, 1009, 202.80, 1
525, 1478, 4, 0, 1489, 2490, 1012, 1008, 253.00, 1
526, 1481, 3, 0, 1492, 1494, 13, 10, 4.33, 1
527, 1484, 5, 0, 1495, 2492, 1008, 1003, 201.60, 1
528, 1487, 4, 0, 1498, 2493, 1006, 1002, 251.50, 1
529, 1490, 5, 0, 1501, 2495, 1005, 1000, 201.00, 1
530, 1493, 8, 0, 1504, 5446, 3953, 3945, 494.12, 1
531, 1496, 2, 0, 1507, 1508, 12, 10, 6.00, 1
532, 1499, 4, 0, 1509, 2499, 1000, 996, 250.00, 1
533, 1502, 5, 0, 1512, 2501, 999, 994, 199.80, 1
534, 1505, 2, 0, 1515, 1516, 11, 9, 5.50, 1
535, 1508, 4, 0, 1517, 2502, 994, 990, 248.50, 1
536, 1511, 4, 0, 1520, 2503, 992, 988, 248.00, 1
537, 1514, 6, 0, 1523, 2506, 992, 986, 165.33, 1
538, 1517, 3, 0, 1526, 1528, 11, 8, 3.67, 1
539, 1520, 5, 0, 1529, 2508, 988, 983, 197.60, 1
540, 1523, 7, 0, 1532, 5447, 3924, 3917, 560.57, 1
541, 1526, 5, 0, 1535, 2513, 987, 982, 197.40, 1
542, 1529, 3, 0, 1538, 1540, 11, 8, 3.67, 1
543, 1532, 3, 0, 1541, 1543, 11, 8, 3.67, 1
544, 1535, 6, 0, 1544, 2516, 981, 975, 163.50, 1
545, 1538, 7, 0, 1547, 5448, 3910, 3903, 558.57, 1
546, 1541, 8, 0, 1550, 5450, 3909, 3901, 488.62, 1
547, 1544, 1, 0, 1553, 1553, 9, 8, 9.00, 1
548, 1547, 5, 0, 1554, 2524, 977, 972, 195.40, 1
549, 1550, 5, 0, 1557, 2526, 976, 971, 195.20, 1
550, 1553, 7, 0, 1560, 5451, 3898, 3891, 556.86, 1
551, 1556, 8, 0, 1563, 5453, 3897, 3889, 487.12, 1
552, 1559, 5, 0, 1566, 2534, 975, 970, 195.00, 1
553, 1562, 5, 0, 1569, 2536, 974, 969, 194.80, 1
554, 1565, 3, 0, 1572, 1574, 9, 6, 3.00, 1
555, 1568, 6, 0, 1575, 2539, 971, 965, 161.83, 1
556, 1571, 2, 0, 1578, 1579, 8, 6, 4.00, 1
557, 1574, 2, 0, 1580, 1581, 7, 5, 3.50, 1
558, 1577, 4, 0, 1582, 2540, 963, 959, 240.75, 1
559, 1580, 5, 0, 1585, 2542, 962, 957, 192.40, 1
560, 1583, 2, 0, 1588, 1589, 6, 4, 3.00, 1
561, 1586, 12, 0, 1590, 6996, 5410, 5398, 450.83, 1
562, 1589, 5, 0, 1593, 2547, 958, 953, 191.60, 1
563, 1592, 6, 0, 1596, 2550, 958, 952, 159.67, 1
564, 1595, 3, 0, 1599, 1601, 6, 3, 2.00, 1
565, 1598, 6, 0, 1602, 2553, 955, 949, 159.17, 1
566, 1601, 13, 0, 1605, 7560, 5959, 5946, 458.38, 1
567, 1604, 7, 0, 1608, 5460, 3856, 3849, 550.86, 1
568, 1607, 8, 0, 1611, 5462, 3855, 3847, 481.88, 1
569, 1610, 4, 0, 1614, 2563, 953, 949, 238.25, 1
570, 1613, 3, 0, 1617, 1619, 6, 3, 2.00, 1
571, 1616, 1, 0, 1620, 1620, 4, 3, 4.00, 1
572, 1619, 3, 0, 1621, 1623, 4, 1, 1.33, 1
573, 1622, 7, 0, 1624, 5463, 3841, 3834, 548.71, 1
574, 1625, 9, 0, 1627, 5466, 3841, 3832, 426.78, 1
575, 1628, 6, 0, 1630, 2572, 944, 938, 157.33, 1
576, 1631, 4, 0, 1633, 2573, 942, 938, 235.50, 1
577, 1634, 14, 0, 1636, 7562, 5928, 5914, 423.43, 1
578, 1637, 3, 0, 1639, 1641, 4, 1, 1.33, 1
579, 1640, 4, 0, 1642, 2577, 937, 933, 234.25, 1
580, 1643, 14, 0, 1645, 7564, 5921, 5907, 422.93, 1
581, 1646, 2, 0, 1648, 1649, 3, 1, 1.50, 1
582, 1649, 3, 0, 1650, 1652, 3, 0, 1.00, 1
583, 1652, 5, 0, 1653, 2582, 930, 925, 186.00, 1
584, 1655, 5, 0, 1656, 2584, 929, 924, 185.80, 1
585, 1658, 4, 0, 1659, 2585, 927, 923, 231.75, 1
586, 1661, 3, 0, 1662, 1664, 3, 0, 1.00, 1
587, 1664, 3, 0, 1665, 1667, 3, 0, 1.00, 1
588, 1667, 5, 0, 1668, 2587, 920, 915, 184.00, 1
589, 1670, 6, 0, 1671, 2590, 920, 914, 153.33, 1
590, 1673, 7, 0, 1674, 5473, 3800, 3793, 542.86, 1
591, 1676, 4, 0, 1677, 2594, 918, 914, 229.50, 1
592, 1679, 1, 0, 1680, 1680, 1, 0, 1.00, 1
593, 1682, 3, 0, 2595, 2597, 915, 912, 305.00, 1
594, 1685, 4, 0, 2598, 5474, 3789, 3785, 947.25, 1
595, 1688, 6, 0, 2601, 5477, 3789, 3783, 631.50, 1
596, 1691, 9, 0, 2604, 7008, 5317, 5308, 590.78, 1
597, 1694, 8, 0, 2607, 7010, 5316, 5308, 664.50, 1
598, 1697, 8, 0, 2610, 7012, 5315, 5307, 664.38, 1
599, 1700, 7, 0, 2613, 7013, 5313, 5306, 759.00, 1
600, 1703, 16, 0, 2616, 8005, 6302, 6286, 393.88, 1
601, 1706, 7, 0, 2619, 7017, 5311, 5304, 758.71, 1
602, 1709, 5, 0, 2622, 5497, 3788, 3783, 757.60, 1
603, 1712, 12, 0, 2625, 7570, 5858, 5846, 488.17, 1
604, 1715, 14, 0, 2628, 7830, 6115, 6101, 436.79, 1
605, 1718, 15, 0, 2631, 7833, 6115, 6100, 407.67, 1
606, 1721, 16, 0, 2634, 8006, 6285, 6269, 392.81, 1
607, 1724, 15, 0, 2637, 7839, 6115, 6100, 407.67, 1
608, 1727, 3, 0, 2640, 2642, 915, 912, 305.00, 1
609, 1730, 5, 0, 2643, 5514, 3784, 3779, 756.80, 1
610, 1733, 3, 0, 2646, 2648, 915, 912, 305.00, 1
611, 1736, 6, 0, 2649, 5517, 3781, 3775, 630.17, 1
612, 1739, 7, 0, 2652, 7033, 5294, 5287, 756.29, 1
613, 1742, 5, 0, 2655, 5522, 3780, 3775, 756.00, 1
614, 1745, 3, 0, 2658, 2660, 915, 912, 305.00, 1
615, 1748, 5, 0, 2661, 5524, 3776, 3771, 755.20, 1
616, 1751, 1, 0, 2664, 2664, 913, 912, 913.00, 1
617, 1754, 4, 0, 2665, 5525, 3771, 3767, 942.75, 1
618, 1757, 3, 0, 2668, 2670, 913, 910, 304.33, 1
619, 1760, 3, 0, 2671, 2673, 913, 910, 304.33, 1
620, 1763, 3, 0, 2674, 2676, 913, 910, 304.33, 1
621, 1766, 5, 0, 2677, 5527, 3761, 3756, 752.20, 1
622, 1769, 7, 0, 2680, 7034, 5265, 5258, 752.14, 1
623, 1772, 4, 0, 2683, 5531, 3759, 3755, 939.75, 1
624, 1775, 7, 0, 2686, 7035, 5260, 5253, 751.43, 1
625, 1778, 8, 0, 2689, 7037, 5259, 5251, 657.38, 1
626, 1781, 6, 0, 2692, 5540, 3759, 3753, 626.50, 1
627, 1784, 5, 0, 2695, 5542, 3758, 3753, 751.60, 1
628, 1787, 3, 0, 2698, 2700, 913, 910, 304.33, 1
629, 1790, 15, 0, 2701, 7842, 6052, 6037, 403.47, 1
630, 1793, 4, 0, 2704, 5546, 3753, 3749, 938.25, 1
631, 1796, 5, 0, 2707, 5548, 3752, 3747, 750.40, 1
632, 1799, 2, 0, 2710, 2711, 912, 910, 456.00, 1
633, 1802, 2, 0, 2712, 2713, 911, 909, 455.50, 1
634, 1805, 1, 0, 2714, 2714, 909, 908, 909.00, 1
635, 1808, 4, 0, 2715, 5549, 3741, 3737, 935.25, 1
636, 1811, 5, 0, 2718, 5551, 3740, 3735, 748.00, 1
637, 1814, 4, 0, 2721, 5552, 3738, 3734, 934.50, 1
638, 1817, 4, 0, 2724, 5553, 3736, 3732, 934.00, 1
639, 1820, 2, 0, 2727, 2728, 908, 906, 454.00, 1
640, 1823, 16, 0, 2729, 8007, 6184, 6168, 386.50, 1
641, 1826, 2, 0, 2732, 2733, 907, 905, 453.50, 1
642, 1829, 4, 0, 2734, 5557, 3728, 3724, 932.00, 1
643, 1832, 5, 0, 2737, 5559, 3727, 3722, 745.40, 1
644, 1835, 2, 0, 2740, 2741, 906, 904, 453.00, 1
645, 1838, 3, 0, 2742, 2744, 906, 903, 302.00, 1
646, 1841, 5, 0, 2745, 5561, 3720, 3715, 744.00, 1
647, 1844, 4, 0, 2748, 5562, 3718, 3714, 929.50, 1
648, 1847, 3, 0, 2751, 2753, 906, 903, 302.00, 1
649, 1850, 5, 0, 2754, 5564, 3714, 3709, 742.80, 1
650, 1853, 4, 0, 2757, 5565, 3712, 3708, 928.00, 1
651, 1856, 4, 0, 2760, 5566, 3710, 3706, 927.50, 1
652, 1859, 3, 0, 2763, 2765, 906, 903, 302.00, 1
653, 1862, 5, 0, 2766, 5568, 3706, 3701, 741.20, 1
654, 1865, 4, 0, 2769, 5569, 3704, 3700, 926.00, 1
655, 1868, 3, 0, 2772, 2774, 906, 903, 302.00, 1
656, 1871, 5, 0, 2775, 5571, 3700, 3695, 740.00, 1
657, 1874, 4, 0, 2778, 5572, 3698, 3694, 924.50, 1
658, 1877, 3, 0, 2781, 2783, 906, 903, 302.00, 1
659, 1880, 5, 0, 2784, 5574, 3694, 3689, 738.80, 1
660, 1883, 4, 0, 2787, 5575, 3692, 3688, 923.00, 1
661, 1886, 5, 0, 2790, 5577, 3691, 3686, 738.20, 1
662, 1889, 8, 0, 2793, 7045, 5156, 5148, 644.50, 1
663, 1892, 2, 0, 2796, 2797, 905, 903, 452.50, 1
664, 1895, 4, 0, 2798, 5581, 3686, 3682, 921.50, 1
665, 1898, 5, 0, 2801, 5583, 3685, 3680, 737.00, 1
666, 1901, 2, 0, 2804, 2805, 904, 902, 452.00, 1
667, 1904, 4, 0, 2806, 5584, 3680, 3676, 920.00, 1
668, 1907, 4, 0, 2809, 5585, 3678, 3674, 919.50, 1
669, 1910, 6, 0, 2812, 5588, 3678, 3672, 613.00, 1
670, 1913, 3, 0, 2815, 2817, 904, 901, 301.33, 1
671, 1916, 5, 0, 2818, 5590, 3674, 3669, 734.80, 1
672, 1919, 7, 0, 2821, 7046, 5127, 5120, 732.43, 1
673, 1922, 5, 0, 2824, 5595, 3673, 3668, 734.60, 1
674, 1925, 3, 0, 2827, 2829, 904, 901, 301.33, 1
675, 1928, 3, 0, 2830, 2832, 904, 901, 301.33, 1
676, 1931, 6, 0, 2833, 5598, 3667, 3661, 611.17, 1
677, 1934, 7, 0, 2836, 7047, 5113, 5106, 730.43, 1
678, 1937, 8, 0, 2839, 7049, 5112, 5104, 639.00, 1
679, 1940, 1, 0, 2842, 2842, 902, 901, 902.00, 1
680, 1943, 5, 0, 2843, 5606, 3663, 3658, 732.60, 1
681, 1946, 5, 0, 2846, 5608, 3662, 3657, 732.40, 1
682, 1949, 7, 0, 2849, 7050, 5101, 5094, 728.71, 1
683, 1952, 8, 0, 2852, 7052, 5100, 5092, 637.50, 1
684, 1955, 5, 0, 2855, 5616, 3661, 3656, 732.20, 1
685, 1958, 5, 0, 2858, 5618, 3660, 3655, 732.00, 1
686, 1961, 3, 0, 2861, 2863, 902, 899, 300.67, 1
687, 1964, 6, 0, 2864, 5621, 3657, 3651, 609.50, 1
688, 1967, 2, 0, 2867, 2868, 901, 899, 450.50, 1
689, 1970, 2, 0, 2869, 2870, 900, 898, 450.00, 1
690, 1973, 4, 0, 2871, 5622, 3649, 3645, 912.25, 1
691, 1976, 5, 0, 2874, 5624, 3648, 3643, 729.60, 1
692, 1979, 2, 0, 2877, 2878, 899, 897, 449.50, 1
693, 1982, 12, 0, 2879, 7591, 5609, 5597, 467.42, 1
694, 1985, 5, 0, 2882, 5629, 3644, 3639, 728.80, 1
695, 1988, 6, 0, 2885, 5632, 3644, 3638, 607.33, 1
696, 1991, 3, 0, 2888, 2890, 899, 896, 299.67, 1
697, 1994, 6, 0, 2891, 5635, 3641, 3635, 606.83, 1
698, 1997, 13, 0, 2894, 7846, 5849, 5836, 449.92, 1
699, 2000, 7, 0, 2897, 7059, 5059, 5052, 722.71, 1
700, 2003, 8, 0, 2900, 7061, 5058, 5050, 632.25, 1
701, 2006, 4, 0, 2903, 5645, 3639, 3635, 909.75, 1
702, 2009, 3, 0, 2906, 2908, 899, 896, 299.67, 1
703, 2012, 1, 0, 2909, 2909, 897, 896, 897.00, 1
704, 2015, 3, 0, 2910, 2912, 897, 894, 299.00, 1
705, 2018, 7, 0, 2913, 7062, 5044, 5037, 720.57, 1
706, 2021, 9, 0, 2916, 7065, 5044, 5035, 560.44, 1
707, 2024, 6, 0, 2919, 5654, 3630, 3624, 605.00, 1
708, 2027, 4, 0, 2922, 5655, 3628, 3624, 907.00, 1
709, 2030, 14, 0, 2925, 7848, 5818, 5804, 415.57, 1
710, 2033, 3, 0, 2928, 2930, 897, 894, 299.00, 1
711, 2036, 4, 0, 2931, 5659, 3623, 3619, 905.75, 1
712, 2039, 14, 0, 2934, 7850, 5811, 5797, 415.07, 1
713, 2042, 2, 0, 2937, 2938, 896, 894, 448.00, 1
714, 2045, 3, 0, 2939, 2941, 896, 893, 298.67, 1
715, 2048, 5, 0, 2942, 5664, 3616, 3611, 723.20, 1
716, 2051, 5, 0, 2945, 5666, 3615, 3610, 723.00, 1
717, 2054, 4, 0, 2948, 5667, 3613, 3609, 903.25, 1
718, 2057, 3, 0, 2951, 2953, 896, 893, 298.67, 1
719, 2060, 3, 0, 2954, 2956, 896, 893, 298.67, 1
720, 2063, 5, 0, 2957, 5669, 3606, 3601, 721.20, 1
721, 2066, 6, 0, 2960, 5672, 3606, 3600, 601.00, 1
722, 2069, 7, 0, 2963, 7072, 5003, 4996, 714.71, 1
723, 2072, 4, 0, 2966, 5676, 3604, 3600, 901.00, 1
724, 2075, 1, 0, 2969, 2969, 894, 893, 894.00, 1
725, 2078, 3, 0, 2970, 2972, 894, 891, 298.00, 1
726, 2081, 4, 0, 2973, 5677, 3596, 3592, 899.00, 1
727, 2084, 6, 0, 2976, 5680, 3596, 3590, 599.33, 1
728, 2087, 9, 0, 2979, 7075, 4988, 4979, 554.22, 1
729, 2090, 8, 0, 2982, 7077, 4987, 4979, 623.38, 1
730, 2093, 8, 0, 2985, 7079, 4986, 4978, 623.25, 1
731, 2096, 7, 0, 2988, 7080, 4984, 4977, 712.00, 1
732, 2099, 16, 0, 2991, 8008, 5909, 5893, 369.31, 1
733, 2102, 7, 0, 2994, 7084, 4982, 4975, 711.71, 1
734, 2105, 5, 0, 2997, 5700, 3595, 3590, 719.00, 1
735, 2108, 12, 0, 3000, 7606, 5498, 5486, 458.17, 1
736, 2111, 14, 0, 3003, 7855, 5744, 5730, 410.29, 1
737, 2114, 15, 0, 3006, 7858, 5744, 5729, 382.93, 1
738, 2117, 16, 0, 3009, 8009, 5892, 5876, 368.25, 1
739, 2120, 15, 0, 3012, 7864, 5744, 5729, 382.93, 1
740, 2123, 3, 0, 3015, 3017, 894, 891, 298.00, 1
741, 2126, 5, 0, 3018, 5717, 3591, 3586, 718.20, 1
742, 2129, 3, 0, 3021, 3023, 894, 891, 298.00, 1
743, 2132, 6, 0, 3024, 5720, 3588, 3582, 598.00, 1
744, 2135, 7, 0, 3027, 7100, 4965, 4958, 709.29, 1
745, 2138, 5, 0, 3030, 5725, 3587, 3582, 717.40, 1
746, 2141, 3, 0, 3033, 3035, 894, 891, 298.00, 1
747, 2144, 5, 0, 3036, 5727, 3583, 3578, 716.60, 1
748, 2147, 1, 0, 3039, 3039, 892, 891, 892.00, 1
749, 2150, 4, 0, 3040, 5728, 3578, 3574, 894.50, 1
750, 2153, 3, 0, 3043, 3045, 892, 889, 297.33, 1
751, 2156, 3, 0, 3046, 3048, 892, 889, 297.33, 1
752, 2159, 3, 0, 3049, 3051, 892, 889, 297.33, 1
753, 2162, 5, 0, 3052, 5730, 3568, 3563, 713.60, 1
754, 2165, 7, 0, 3055, 7101, 4936, 4929, 705.14, 1
755, 2168, 4, 0, 3058, 5734, 3566, 3562, 891.50, 1
756, 2171, 7, 0, 3061, 7102, 4931, 4924, 704.43, 1
757, 2174, 8, 0, 3064, 7104, 4930, 4922, 616.25, 1
758, 2177, 6, 0, 3067, 5743, 3566, 3560, 594.33, 1
759, 2180, 5, 0, 3070, 5745, 3565, 3560, 713.00, 1
760, 2183, 3, 0, 3073, 3075, 892, 889, 297.33, 1
761, 2186, 15, 0, 3076, 7867, 5681, 5666, 378.73, 1
762, 2189, 4, 0, 3079, 5749, 3560, 3556, 890.00, 1
763, 2192, 5, 0, 3082, 5751, 3559, 3554, 711.80, 1
764, 2195, 2, 0, 3085, 3086, 891, 889, 445.50, 1
765, 2198, 2, 0, 3087, 3088, 890, 888, 445.00, 1
766, 2201, 1, 0, 3089, 3089, 888, 887, 888.00, 1
767, 2204, 4, 0, 3090, 5752, 3548, 3544, 887.00, 1
768, 2207, 5, 0, 3093, 5754, 3547, 3542, 709.40, 1
769, 2210, 4, 0, 3096, 5755, 3545, 3541, 886.25, 1
770, 2213, 4, 0, 3099, 5756, 3543, 3539, 885.75, 1
771, 2216, 2, 0, 3102, 3103, 887, 885, 443.50, 1
772, 2219, 16, 0, 3104, 8010, 5791, 5775, 361.94, 1
773, 2222, 2, 0, 3107, 3108, 886, 884, 443.00, 1
774, 2225, 4, 0, 3109, 5760, 3535, 3531, 883.75, 1
775, 2228, 5, 0, 3112, 5762, 3534, 3529, 706.80, 1
776, 2231, 2, 0, 3115, 3116, 885, 883, 442.50, 1
777, 2234, 3, 0, 3117, 3119, 885, 882, 295.00, 1
778, 2237, 5, 0, 3120, 5764, 3527, 3522, 705.40, 1
779, 2240, 4, 0, 3123, 5765, 3525, 3521, 881.25, 1
780, 2243, 3, 0, 3126, 3128, 885, 882, 295.00, 1
781, 2246, 5, 0, 3129, 5767, 3521, 3516, 704.20, 1
782, 2249, 4, 0, 3132, 5768, 3519, 3515, 879.75, 1
783, 2252, 4, 0, 3135, 5769, 3517, 3513, 879.25, 1
784, 2255, 3, 0, 3138, 3140, 885, 882, 295.00, 1
785, 2258, 5, 0, 3141, 5771, 3513, 3508, 702.60, 1
786, 2261, 4, 0, 3144, 5772, 3511, 3507, 877.75, 1
787, 2264, 3, 0, 3147, 3149, 885, 882, 295.00, 1
788, 2267, 5, 0, 3150, 5774, 3507, 3502, 701.40, 1
789, 2270, 4, 0, 3153, 5775, 3505, 3501, 876.25, 1
790, 2273, 3, 0, 3156, 3158, 885, 882, 295.00, 1
791, 2276, 5, 0, 3159, 5777, 3501, 3496, 700.20, 1
792, 2279, 4, 0, 3162, 5778, 3499, 3495, 874.75, 1
793, 2282, 5, 0, 3165, 5780, 3498, 3493, 699.60, 1
794, 2285, 8, 0, 3168, 7112, 4827, 4819, 603.38, 1
795, 2288, 2, 0, 3171, 3172, 884, 882, 442.00, 1
796, 2291, 4, 0, 3173, 5784, 3493, 3489, 873.25, 1
797, 2294, 5, 0, 3176, 5786, 3492, 3487, 698.40, 1
798, 2297, 2, 0, 3179, 3180, 883, 881, 441.50, 1
799, 2300, 4, 0, 3181, 5787, 3487, 3483, 871.75, 1
800, 2303, 4, 0, 3184, 5788, 3485, 3481, 871.25, 1
801, 2306, 6, 0, 3187, 5791, 3485, 3479, 580.83, 1
802, 2309, 3, 0, 3190, 3192, 883, 880, 294.33, 1
803, 2312, 5, 0, 3193, 5793, 3481, 3476, 696.20, 1
804, 2315, 7, 0, 3196, 7113, 4798, 4791, 685.43, 1
805, 2318, 5, 0, 3199, 5798, 3480, 3475, 696.00, 1
806, 2321, 3, 0, 3202, 3204, 883, 880, 294.33, 1
807, 2324, 3, 0, 3205, 3207, 883, 880, 294.33, 1
808, 2327, 6, 0, 3208, 5801, 3474, 3468, 579.00, 1
809, 2330, 7, 0, 3211, 7114, 4784, 4777, 683.43, 1
810, 2333, 8, 0, 3214, 7116, 4783, 4775, 597.88, 1
811, 2336, 1, 0, 3217, 3217, 881, 880, 881.00, 1
812, 2339, 5, 0, 3218, 5809, 3470, 3465, 694.00, 1
813, 2342, 5, 0, 3221, 5811, 3469, 3464, 693.80, 1
814, 2345, 7, 0, 3224, 7117, 4772, 4765, 681.71, 1
815, 2348, 8, 0, 3227, 7119, 4771, 4763, 596.38, 1
816, 2351, 5, 0, 3230, 5819, 3468, 3463, 693.60, 1
817, 2354, 5, 0, 3233, 5821, 3467, 3462, 693.40, 1
818, 2357, 3, 0, 3236, 3238, 881, 878, 293.67, 1
819, 2360, 6, 0, 3239, 5824, 3464, 3458, 577.33, 1
820, 2363, 2, 0, 3242, 3243, 880, 878, 440.00, 1
821, 2366, 2, 0, 3244, 3245, 879, 877, 439.50, 1
822, 2369, 4, 0, 3246, 5825, 3456, 3452, 864.00, 1
823, 2372, 5, 0, 3249, 5827, 3455, 3450, 691.00, 1
824, 2375, 2, 0, 3252, 3253, 878, 876, 439.00, 1
825, 2378, 12, 0, 3254, 7627, 5249, 5237, 437.42, 1
826, 2381, 5, 0, 3257, 5832, 3451, 3446, 690.20, 1
827, 2384, 6, 0, 3260, 5835, 3451, 3445, 575.17, 1
828, 2387, 3, 0, 3263, 3265, 878, 875, 292.67, 1
829, 2390, 6, 0, 3266, 5838, 3448, 3442, 574.67, 1
830, 2393, 13, 0, 3269, 7871, 5478, 5465, 421.38, 1
831, 2396, 7, 0, 3272, 7126, 4730, 4723, 675.71, 1
832, 2399, 8, 0, 3275, 7128, 4729, 4721, 591.12, 1
833, 2402, 4, 0, 3278, 5848, 3446, 3442, 861.50, 1
834, 2405, 3, 0, 3281, 3283, 878, 875, 292.67, 1
835, 2408, 1, 0, 3284, 3284, 876, 875, 876.00, 1
836, 2411, 3, 0, 3285, 3287, 876, 873, 292.00, 1
837, 2414, 7, 0, 3288, 7129, 4715, 4708, 673.57, 1
838, 2417, 9, 0, 3291, 7132, 4715, 4706, 523.89, 1
839, 2420, 6, 0, 3294, 5857, 3437, 3431, 572.83, 1
840, 2423, 4, 0, 3297, 5858, 3435, 3431, 858.75, 1
841, 2426, 14, 0, 3300, 7873, 5447, 5433, 389.07, 1
842, 2429, 3, 0, 3303, 3305, 876, 873, 292.00, 1
843, 2432, 4, 0, 3306, 5862, 3430, 3426, 857.50, 1
844, 2435, 14, 0, 3309, 7875, 5440, 5426, 388.57, 1
845, 2438, 2, 0, 3312, 3313, 875, 873, 437.50, 1
846, 2441, 3, 0, 3314, 3316, 875, 872, 291.67, 1
847, 2444, 5, 0, 3317, 5867, 3423, 3418, 684.60, 1
848, 2447, 5, 0, 3320, 5869, 3422, 3417, 684.40, 1
849, 2450, 4, 0, 3323, 5870, 3420, 3416, 855.00, 1
850, 2453, 3, 0, 3326, 3328, 875, 872, 291.67, 1
851, 2456, 3, 0, 3329, 3331, 875, 872, 291.67, 1
852, 2459, 5, 0, 3332, 5872, 3413, 3408, 682.60, 1
853, 2462, 6, 0, 3335, 5875, 3413, 3407, 568.83, 1
854, 2465, 7, 0, 3338, 7139, 4674, 4667, 667.71, 1
855, 2468, 4, 0, 3341, 5879, 3411, 3407, 852.75, 1
856, 2471, 1, 0, 3344, 3344, 873, 872, 873.00, 1
857, 2474, 3, 0, 3345, 3347, 873, 870, 291.00, 1
858, 2477, 4, 0, 3348, 5880, 3403, 3399, 850.75, 1
859, 2480, 6, 0, 3351, 5883, 3403, 3397, 567.17, 1
860, 2483, 9, 0, 3354, 7142, 4659, 4650, 517.67, 1
861, 2486, 8, 0, 3357, 7144, 4658, 4650, 582.25, 1
862, 2489, 8, 0, 3360, 7146, 4657, 4649, 582.12, 1
863, 2492, 7, 0, 3363, 7147, 4655, 4648, 665.00, 1
864, 2495, 16, 0, 3366, 8011, 5516, 5500, 344.75, 1
865, 2498, 7, 0, 3369, 7151, 4653, 4646, 664.71, 1
866, 2501, 5, 0, 3372, 5903, 3402, 3397, 680.40, 1
867, 2504, 12, 0, 3375, 7642, 5138, 5126, 428.17, 1
868, 2507, 14, 0, 3378, 7880, 5373, 5359, 383.79, 1
869, 2510, 15, 0, 3381, 7883, 5373, 5358, 358.20, 1
870, 2513, 16, 0, 3384, 8012, 5499, 5483, 343.69, 1
871, 2516, 15, 0, 3387, 7889, 5373, 5358, 358.20, 1
872, 2519, 3, 0, 3390, 3392, 873, 870, 291.00, 1
873, 2522, 5, 0, 3393, 5920, 3398, 3393, 679.60, 1
874, 2525, 3, 0, 3396, 3398, 873, 870, 291.00, 1
875, 2528, 6, 0, 3399, 5923, 3395, 3389, 565.83, 1
876, 2531, 7, 0, 3402, 7167, 4636, 4629, 662.29, 1
877, 2534, 5, 0, 3405, 5928, 3394, 3389, 678.80, 1
878, 2537, 3, 0, 3408, 3410, 873, 870, 291.00, 1
879, 2540, 5, 0, 3411, 5930, 3390, 3385, 678.00, 1
880, 2543, 1, 0, 3414, 3414, 871, 870, 871.00, 1
881, 2546, 4, 0, 3415, 5931, 3385, 3381, 846.25, 1
882, 2549, 3, 0, 3418, 3420, 871, 868, 290.33, 1
883, 2552, 3, 0, 3421, 3423, 871, 868, 290.33, 1
884, 2555, 3, 0, 3424, 3426, 871, 868, 290.33, 1
885, 2558, 5, 0, 3427, 5933, 3375, 3370, 675.00, 1
886, 2561, 7, 0, 3430, 7168, 4607, 4600, 658.14, 1
887, 2564, 4, 0, 3433, 5937, 3373, 3369, 843.25, 1
888, 2567, 7, 0, 3436, 7169, 4602, 4595, 657.43, 1
889, 2570, 8, 0, 3439, 7171, 4601, 4593, 575.12, 1
890, 2573, 6, 0, 3442, 5946, 3373, 3367, 562.17, 1
891, 2576, 5, 0, 3445, 5948, 3372, 3367, 674.40, 1
892, 2579, 3, 0, 3448, 3450, 871, 868, 290.33, 1
893, 2582, 15, 0, 3451, 7892, 5310, 5295, 354.00, 1
894, 2585, 4, 0, 3454, 5952, 3367, 3363, 841.75, 1
895, 2588, 5, 0, 3457, 5954, 3366, 3361, 673.20, 1
896, 2591, 2, 0, 3460, 3461, 870, 868, 435.00, 1
897, 2594, 2, 0, 3462, 3463, 869, 867, 434.50, 1
898, 2597, 1, 0, 3464, 3464, 867, 866, 867.00, 1
899, 2600, 4, 0, 3465, 5955, 3355, 3351, 838.75, 1
900, 2603, 5, 0, 3468, 5957, 3354, 3349, 670.80, 1
901, 2606, 4, 0, 3471, 5958, 3352, 3348, 838.00, 1
902, 2609, 4, 0, 3474, 5959, 3350, 3346, 837.50, 1
903, 2612, 2, 0, 3477, 3478, 866, 864, 433.00, 1
904, 2615, 16, 0, 3479, 8013, 5398, 5382, 337.38, 1
905, 2618, 2, 0, 3482, 3483, 865, 863, 432.50, 1
906, 2621, 4, 0, 3484, 5963, 3342, 3338, 835.50, 1
907, 2624, 5, 0, 3487, 5965, 3341, 3336, 668.20, 1
908, 2627, 2, 0, 3490, 3491, 864, 862, 432.00, 1
909, 2630, 3, 0, 3492, 3494, 864, 861, 288.00, 1
910, 2633, 5, 0, 3495, 5967, 3334, 3329, 666.80, 1
911, 2636, 4, 0, 3498, 5968, 3332, 3328, 833.00, 1
912, 2639, 3, 0, 3501, 3503, 864, 861, 288.00, 1
913, 2642, 5, 0, 3504, 5970, 3328, 3323, 665.60, 1
914, 2645, 4, 0, 3507, 5971, 3326, 3322, 831.50, 1
915, 2648, 4, 0, 3510, 5972, 3324, 3320, 831.00, 1
916, 2651, 3, 0, 3513, 3515, 864, 861, 288.00, 1
917, 2654, 5, 0, 3516, 5974, 3320, 3315, 664.00, 1
918, 2657, 4, 0, 3519, 5975, 3318, 3314, 829.50, 1
919, 2660, 3, 0, 3522, 3524, 864, 861, 288.00, 1
920, 2663, 5, 0, 3525, 5977, 3314, 3309, 662.80, 1
921, 2666, 4, 0, 3528, 5978, 3312, 3308, 828.00, 1
922, 2669, 3, 0, 3531, 3533, 864, 861, 288.00, 1
923, 2672, 5, 0, 3534, 5980, 3308, 3303, 661.60, 1
924, 2675, 4, 0, 3537, 5981, 3306, 3302, 826.50, 1
925, 2678, 5, 0, 3540, 5983, 3305, 3300, 661.00, 1
926, 2681, 8, 0, 3543, 7179, 4498, 4490, 562.25, 1
927, 2684, 2, 0, 3546, 3547, 863, 861, 431.50, 1
928, 2687, 4, 0, 3548, 5987, 3300, 3296, 825.00, 1
929, 2690, 5, 0, 3551, 5989, 3299, 3294, 659.80, 1
930, 2693, 2, 0, 3554, 3555, 862, 860, 431.00, 1
931, 2696, 4, 0, 3556, 5990, 3294, 3290, 823.50, 1
932, 2699, 4, 0, 3559, 5991, 3292, 3288, 823.00, 1
933, 2702, 6, 0, 3562, 5994, 3292, 3286, 548.67, 1
934, 2705, 3, 0, 3565, 3567, 862, 859, 287.33, 1
935, 2708, 5, 0, 3568, 5996, 3288, 3283, 657.60, 1
936, 2711, 7, 0, 3571, 7180, 4469, 4462, 638.43, 1
937, 2714, 5, 0, 3574, 6001, 3287, 3282, 657.40, 1
938, 2717, 3, 0, 3577, 3579, 862, 859, 287.33, 1
939, 2720, 3, 0, 3580, 3582, 862, 859, 287.33, 1
940, 2723, 6, 0, 3583, 6004, 3281, 3275, 546.83, 1
941, 2726, 7, 0, 3586, 7181, 4455, 4448, 636.43, 1
942, 2729, 8, 0, 3589, 7183, 4454, 4446, 556.75, 1
943, 2732, 1, 0, 3592, 3592, 860, 859, 860.00, 1
944, 2735, 5, 0, 3593, 6012, 3277, 3272, 655.40, 1
945, 2738, 5, 0, 3596, 6014, 3276, 3271, 655.20, 1
946, 2741, 7, 0, 3599, 7184, 4443, 4436, 634.71, 1
947, 2744, 8, 0, 3602, 7186, 4442, 4434, 555.25, 1
948, 2747, 5, 0, 3605, 6022, 3275, 3270, 655.00, 1
949, 2750, 5, 0, 3608, 6024, 3274, 3269, 654.80, 1
950, 2753, 3, 0, 3611, 3613, 860, 857, 286.67, 1
951, 2756, 6, 0, 3614, 6027, 3271, 3265, 545.17, 1
952, 2759, 2, 0, 3617, 3618, 859, 857, 429.50, 1
953, 2762, 2, 0, 3619, 3620, 858, 856, 429.00, 1
954, 2765, 4, 0, 3621, 6028, 3263, 3259, 815.75, 1
955, 2768, 5, 0, 3624, 6030, 3262, 3257, 652.40, 1
956, 2771, 2, 0, 3627, 3628, 857, 855, 428.50, 1
957, 2774, 12, 0, 3629, 7663, 4889, 4877, 407.42, 1
958, 2777, 5, 0, 3632, 6035, 3258, 3253, 651.60, 1
959, 2780, 6, 0, 3635, 6038, 3258, 3252, 543.00, 1
960, 2783, 3, 0, 3638, 3640, 857, 854, 285.67, 1
961, 2786, 6, 0, 3641, 6041, 3255, 3249, 542.50, 1
962, 2789, 13, 0, 3644, 7896, 5107, 5094, 392.85, 1
963, 2792, 70, 0, 3647, 8081, 5289, 5219, 75.56, 1
964, 2795, 8, 0, 3650, 7197, 4402, 4394, 550.25, 1
965, 2798, 4, 0, 3653, 6051, 3253, 3249, 813.25, 1
966, 2801, 3, 0, 3656, 3658, 857, 854, 285.67, 1
967, 2804, 1, 0, 3659, 3659, 855, 854, 855.00, 1
968, 2807, 3, 0, 3660, 3662, 855, 852, 285.00, 1
969, 2810, 7, 0, 3663, 7198, 4388, 4381, 626.86, 1
970, 2813, 9, 0, 3666, 7201, 4388, 4379, 487.56, 1
971, 2816, 6, 0, 3669, 6060, 3244, 3238, 540.67, 1
972, 2819, 4, 0, 3672, 6061, 3242, 3238, 810.50, 1
973, 2822, 14, 0, 3675, 7901, 5079, 5065, 362.79, 1
974, 2825, 3, 0, 3678, 3680, 855, 852, 285.00, 1
975, 2828, 4, 0, 3681, 6065, 3237, 3233, 809.25, 1
976, 2831, 14, 0, 3684, 7903, 5072, 5058, 362.29, 1
977, 2834, 2, 0, 3687, 3688, 854, 852, 427.00, 1
978, 2837, 3, 0, 3689, 3691, 854, 851, 284.67, 1
979, 2840, 5, 0, 3692, 6070, 3230, 3225, 646.00, 1
980, 2843, 5, 0, 3695, 6072, 3229, 3224, 645.80, 1
981, 2846, 4, 0, 3698, 6073, 3227, 3223, 806.75, 1
982, 2849, 3, 0, 3701, 3703, 854, 851, 284.67, 1
983, 2852, 3, 0, 3704, 3706, 854, 851, 284.67, 1
984, 2855, 5, 0, 3707, 6075, 3220, 3215, 644.00, 1
985, 2858, 6, 0, 3710, 6078, 3220, 3214, 536.67, 1
986, 2861, 7, 0, 3713, 7208, 4347, 4340, 621.00, 1
987, 2864, 4, 0, 3716, 6082, 3218, 3214, 804.50, 1
988, 2867, 1, 0, 3719, 3719, 852, 851, 852.00, 1
989, 2870, 3, 0, 3720, 3722, 852, 849, 284.00, 1
990, 2873, 4, 0, 3723, 6083, 3210, 3206, 802.50, 1
991, 2876, 6, 0, 3726, 6086, 3210, 3204, 535.00, 1
992, 2879, 9, 0, 3729, 7211, 4332, 4323, 481.33, 1
993, 2882, 8, 0, 3732, 7213, 4331, 4323, 541.38, 1
994, 2885, 8, 0, 3735, 7215, 4330, 4322, 541.25, 1
995, 2888, 7, 0, 3738, 7216, 4328, 4321, 618.29, 1
996, 2891, 16, 0, 3741, 8017, 5126, 5110, 320.38, 1
997, 2894, 7, 0, 3744, 7220, 4326, 4319, 618.00, 1
998, 2897, 5, 0, 3747, 6106, 3209, 3204, 641.80, 1
999, 2900, 12, 0, 3750, 7681, 4781, 4769, 398.42, 1
1000, 2903, 14, 0, 3753, 7908, 5005, 4991, 357.50, 1
1001, 2906, 15, 0, 3756, 7911, 5005, 4990, 333.67, 1
1002, 2909, 16, 0, 3759, 8018, 5109, 5093, 319.31, 1
1003, 2912, 15, 0, 3762, 7917, 5005, 4990, 333.67, 1
1004, 2915, 3, 0, 3765, 3767, 852, 849, 284.00, 1
1005, 2918, 5, 0, 3768, 6123, 3205, 3200, 641.00, 1
1006, 2921, 3, 0, 3771, 3773, 852, 849, 284.00, 1
1007, 2924, 6, 0, 3774, 6126, 3202, 3196, 533.67, 1
1008, 2927, 7, 0, 3777, 7236, 4309, 4302, 615.57, 1
1009, 2930, 5, 0, 3780, 6131, 3201, 3196, 640.20, 1
1010, 2933, 3, 0, 3783, 3785, 852, 849, 284.00, 1
1011, 2936, 5, 0, 3786, 6133, 3197, 3192, 639.40, 1
1012, 2939, 1, 0, 3789, 3789, 850, 849, 850.00, 1
1013, 2942, 4, 0, 3790, 6134, 3192, 3188, 798.00, 1
1014, 2945, 3, 0, 3793, 3795, 850, 847, 283.33, 1
1015, 2948, 3, 0, 3796, 3798, 850, 847, 283.33, 1
1016, 2951, 3, 0, 3799, 3801, 850, 847, 283.33, 1
1017, 2954, 5, 0, 3802, 6136, 3182, 3177, 636.40, 1
1018, 2957, 7, 0, 3805, 7237, 4280, 4273, 611.43, 1
1019, 2960, 4, 0, 3808, 6140, 3180, 3176, 795.00, 1
1020, 2963, 7, 0, 3811, 7238, 4275, 4268, 610.71, 1
1021, 2966, 8, 0, 3814, 7240, 4274, 4266, 534.25, 1
1022, 2969, 6, 0, 3817, 6149, 3180, 3174, 530.00, 1
1023, 2972, 5, 0, 3820, 6151, 3179, 3174, 635.80, 1
1024, 2975, 3, 0, 3823, 3825, 850, 847, 283.33, 1
1025, 2978, 15, 0, 3826, 7920, 4942, 4927, 329.47, 1
1026, 2981, 4, 0, 3829, 6155, 3174, 3170, 793.50, 1
1027, 2984, 5, 0, 3832, 6157, 3173, 3168, 634.60, 1
1028, 2987, 2, 0, 3835, 3836, 849, 847, 424.50, 1
1029, 2990, 2, 0, 3837, 3838, 848, 846, 424.00, 1
1030, 2993, 1, 0, 3839, 3839, 846, 845, 846.00, 1
1031, 2996, 4, 0, 3840, 6158, 3162, 3158, 790.50, 1
1032, 2999, 5, 0, 3843, 6160, 3161, 3156, 632.20, 1
1033, 3002, 4, 0, 3846, 6161, 3159, 3155, 789.75, 1
1034, 3005, 4, 0, 3849, 6162, 3157, 3153, 789.25, 1
1035, 3008, 2, 0, 3852, 3853, 845, 843, 422.50, 1
1036, 3011, 16, 0, 3854, 8019, 5008, 4992, 313.00, 1
1037, 3014, 2, 0, 3857, 3858, 844, 842, 422.00, 1
1038, 3017, 4, 0, 3859, 6166, 3149, 3145, 787.25, 1
1039, 3020, 5, 0, 3862, 6168, 3148, 3143, 629.60, 1
1040, 3023, 2, 0, 3865, 3866, 843, 841, 421.50, 1
1041, 3026, 3, 0, 3867, 3869, 843, 840, 281.00, 1
1042, 3029, 5, 0, 3870, 6170, 3141, 3136, 628.20, 1
1043, 3032, 4, 0, 3873, 6171, 3139, 3135, 784.75, 1
1044, 3035, 3, 0, 3876, 3878, 843, 840, 281.00, 1
1045, 3038, 5, 0, 3879, 6173, 3135, 3130, 627.00, 1
1046, 3041, 4, 0, 3882, 6174, 3133, 3129, 783.25, 1
1047, 3044, 4, 0, 3885, 6175, 3131, 3127, 782.75, 1
1048, 3047, 3, 0, 3888, 3890, 843, 840, 281.00, 1
1049, 3050, 5, 0, 3891, 6177, 3127, 3122, 625.40, 1
1050, 3053, 4, 0, 3894, 6178, 3125, 3121, 781.25, 1
1051, 3056, 3, 0, 3897, 3899, 843, 840, 281.00, 1
1052, 3059, 5, 0, 3900, 6180, 3121, 3116, 624.20, 1
1053, 3062, 4, 0, 3903, 6181, 3119, 3115, 779.75, 1
1054, 3065, 3, 0, 3906, 3908, 843, 840, 281.00, 1
1055, 3068, 5, 0, 3909, 6183, 3115, 3110, 623.00, 1
1056, 3071, 4, 0, 3912, 6184, 3113, 3109, 778.25, 1
1057, 3074, 1, 0, 3915, 3915, 841, 840, 841.00, 1
1058, 3077, 4, 0, 3916, 6185, 3108, 3104, 777.00, 1
1059, 3080, 3, 0, 3919, 3921, 841, 838, 280.33, 1
1060, 3083, 3, 0, 3922, 3924, 841, 838, 280.33, 1
1061, 3086, 3, 0, 3925, 3927, 841, 838, 280.33, 1
1062, 3089, 5, 0, 3928, 6187, 3098, 3093, 619.60, 1
1063, 3092, 7, 0, 3931, 7247, 4155, 4148, 593.57, 1
1064, 3095, 4, 0, 3934, 6191, 3096, 3092, 774.00, 1
1065, 3098, 7, 0, 3937, 7248, 4150, 4143, 592.86, 1
1066, 3101, 8, 0, 3940, 7250, 4149, 4141, 518.62, 1
1067, 3104, 6, 0, 3943, 6200, 3096, 3090, 516.00, 1
1068, 3107, 5, 0, 3946, 6202, 3095, 3090, 619.00, 1
1069, 3110, 3, 0, 3949, 3951, 841, 838, 280.33, 1
1070, 3113, 15, 0, 3952, 7926, 4813, 4798, 320.87, 1
1071, 3116, 4, 0, 3955, 6206, 3090, 3086, 772.50, 1
1072, 3119, 5, 0, 3958, 6208, 3089, 3084, 617.80, 1
1073, 3122, 2, 0, 3961, 3962, 840, 838, 420.00, 1
1074, 3125, 2, 0, 3963, 3964, 839, 837, 419.50, 1
1075, 3128, 1, 0, 3965, 3965, 837, 836, 837.00, 1
1076, 3131, 4, 0, 3966, 6209, 3078, 3074, 769.50, 1
1077, 3134, 5, 0, 3969, 6211, 3077, 3072, 615.40, 1
1078, 3137, 4, 0, 3972, 6212, 3075, 3071, 768.75, 1
1079, 3140, 4, 0, 3975, 6213, 3073, 3069, 768.25, 1
1080, 3143, 2, 0, 3978, 3979, 836, 834, 418.00, 1
1081, 3146, 16, 0, 3980, 8020, 4874, 4858, 304.62, 1
1082, 3149, 2, 0, 3983, 3984, 835, 833, 417.50, 1
1083, 3152, 4, 0, 3985, 6217, 3065, 3061, 766.25, 1
1084, 3155, 5, 0, 3988, 6219, 3064, 3059, 612.80, 1
1085, 3158, 2, 0, 3991, 3992, 834, 832, 417.00, 1
1086, 3161, 3, 0, 3993, 3995, 834, 831, 278.00, 1
1087, 3164, 5, 0, 3996, 6221, 3057, 3052, 611.40, 1
1088, 3167, 4, 0, 3999, 6222, 3055, 3051, 763.75, 1
1089, 3170, 3, 0, 4002, 4004, 834, 831, 278.00, 1
1090, 3173, 5, 0, 4005, 6224, 3051, 3046, 610.20, 1
1091, 3176, 4, 0, 4008, 6225, 3049, 3045, 762.25, 1
1092, 3179, 4, 0, 4011, 6226, 3047, 3043, 761.75, 1
1093, 3182, 3, 0, 4014, 4016, 834, 831, 278.00, 1
1094, 3185, 5, 0, 4017, 6228, 3043, 3038, 608.60, 1
1095, 3188, 4, 0, 4020, 6229, 3041, 3037, 760.25, 1
1096, 3191, 3, 0, 4023, 4025, 834, 831, 278.00, 1
1097, 3194, 5, 0, 4026, 6231, 3037, 3032, 607.40, 1
1098, 3197, 4, 0, 4029, 6232, 3035, 3031, 758.75, 1
1099, 3200, 3, 0, 4032, 4034, 834, 831, 278.00, 1
1100, 3203, 5, 0, 4035, 6234, 3031, 3026, 606.20, 1
1101, 3206, 4, 0, 4038, 6235, 3029, 3025, 757.25, 1
1102, 3209, 5, 0, 4041, 6237, 3028, 3023, 605.60, 1
1103, 3212, 8, 0, 4044, 7258, 4046, 4038, 505.75, 1
1104, 3215, 2, 0, 4047, 4048, 833, 831, 416.50, 1
1105, 3218, 4, 0, 4049, 6241, 3023, 3019, 755.75, 1
1106, 3221, 5, 0, 4052, 6243, 3022, 3017, 604.40, 1
1107, 3224, 2, 0, 4055, 4056, 832, 830, 416.00, 1
1108, 3227, 4, 0, 4057, 6244, 3017, 3013, 754.25, 1
1109, 3230, 4, 0, 4060, 6245, 3015, 3011, 753.75, 1
1110, 3233, 6, 0, 4063, 6248, 3015, 3009, 502.50, 1
1111, 3236, 3, 0, 4066, 4068, 832, 829, 277.33, 1
1112, 3239, 5, 0, 4069, 6250, 3011, 3006, 602.20, 1
1113, 3242, 7, 0, 4072, 7259, 4017, 4010, 573.86, 1
1114, 3245, 5, 0, 4075, 6255, 3010, 3005, 602.00, 1
1115, 3248, 3, 0, 4078, 4080, 832, 829, 277.33, 1
1116, 3251, 3, 0, 4081, 4083, 832, 829, 277.33, 1
1117, 3254, 6, 0, 4084, 6258, 3004, 2998, 500.67, 1
1118, 3257, 7, 0, 4087, 7260, 4003, 3996, 571.86, 1
1119, 3260, 8, 0, 4090, 7262, 4002, 3994, 500.25, 1
1120, 3263, 1, 0, 4093, 4093, 830, 829, 830.00, 1
1121, 3266, 5, 0, 4094, 6266, 3000, 2995, 600.00, 1
1122, 3269, 5, 0, 4097, 6268, 2999, 2994, 599.80, 1
1123, 3272, 7, 0, 4100, 7263, 3991, 3984, 570.14, 1
1124, 3275, 8, 0, 4103, 7265, 3990, 3982, 498.75, 1
1125, 3278, 5, 0, 4106, 6276, 2998, 2993, 599.60, 1
1126, 3281, 5, 0, 4109, 6278, 2997, 2992, 599.40, 1
1127, 3284, 3, 0, 4112, 4114, 830, 827, 276.67, 1
1128, 3287, 6, 0, 4115, 6281, 2994, 2988, 499.00, 1
1129, 3290, 2, 0, 4118, 4119, 829, 827, 414.50, 1
1130, 3293, 2, 0, 4120, 4121, 828, 826, 414.00, 1
1131, 3296, 4, 0, 4122, 6282, 2986, 2982, 746.50, 1
1132, 3299, 5, 0, 4125, 6284, 2985, 2980, 597.00, 1
1133, 3302, 2, 0, 4128, 4129, 827, 825, 413.50, 1
1134, 3305, 12, 0, 4130, 7708, 4403, 4391, 366.92, 1
1135, 3308, 5, 0, 4133, 6289, 2981, 2976, 596.20, 1
1136, 3311, 6, 0, 4136, 6292, 2981, 2975, 496.83, 1
1137, 3314, 3, 0, 4139, 4141, 827, 824, 275.67, 1
1138, 3317, 6, 0, 4142, 6295, 2978, 2972, 496.33, 1
1139, 3320, 13, 0, 4145, 7930, 4610, 4597, 354.62, 1
1140, 3323, 7, 0, 4148, 7272, 3949, 3942, 564.14, 1
1141, 3326, 8, 0, 4151, 7274, 3948, 3940, 493.50, 1
1142, 3329, 4, 0, 4154, 6305, 2976, 2972, 744.00, 1
1143, 3332, 3, 0, 4157, 4159, 827, 824, 275.67, 1
1144, 3335, 1, 0, 4160, 4160, 825, 824, 825.00, 1
1145, 3338, 3, 0, 4161, 4163, 825, 822, 275.00, 1
1146, 3341, 7, 0, 4164, 7275, 3934, 3927, 562.00, 1
1147, 3344, 9, 0, 4167, 7278, 3934, 3925, 437.11, 1
1148, 3347, 6, 0, 4170, 6314, 2967, 2961, 494.50, 1
1149, 3350, 4, 0, 4173, 6315, 2965, 2961, 741.25, 1
1150, 3353, 14, 0, 4176, 7932, 4579, 4565, 327.07, 1
1151, 3356, 3, 0, 4179, 4181, 825, 822, 275.00, 1
1152, 3359, 4, 0, 4182, 6319, 2960, 2956, 740.00, 1
1153, 3362, 14, 0, 4185, 7934, 4572, 4558, 326.57, 1
1154, 3365, 2, 0, 4188, 4189, 824, 822, 412.00, 1
1155, 3368, 3, 0, 4190, 4192, 824, 821, 274.67, 1
1156, 3371, 5, 0, 4193, 6324, 2953, 2948, 590.60, 1
1157, 3374, 5, 0, 4196, 6326, 2952, 2947, 590.40, 1
1158, 3377, 4, 0, 4199, 6327, 2950, 2946, 737.50, 1
1159, 3380, 3, 0, 4202, 4204, 824, 821, 274.67, 1
1160, 3383, 3, 0, 4205, 4207, 824, 821, 274.67, 1
1161, 3386, 5, 0, 4208, 6329, 2943, 2938, 588.60, 1
1162, 3389, 6, 0, 4211, 6332, 2943, 2937, 490.50, 1
1163, 3392, 7, 0, 4214, 7285, 3893, 3886, 556.14, 1
1164, 3395, 4, 0, 4217, 6336, 2941, 2937, 735.25, 1
1165, 3398, 1, 0, 4220, 4220, 822, 821, 822.00, 1
1166, 3401, 3, 0, 4221, 4223, 822, 819, 274.00, 1
1167, 3404, 4, 0, 4224, 6337, 2933, 2929, 733.25, 1
1168, 3407, 6, 0, 4227, 6340, 2933, 2927, 488.83, 1
1169, 3410, 9, 0, 4230, 7288, 3878, 3869, 430.89, 1
1170, 3413, 8, 0, 4233, 7290, 3877, 3869, 484.62, 1
1171, 3416, 8, 0, 4236, 7292, 3876, 3868, 484.50, 1
1172, 3419, 7, 0, 4239, 7293, 3874, 3867, 553.43, 1
1173, 3422, 16, 0, 4242, 8021, 4599, 4583, 287.44, 1
1174, 3425, 7, 0, 4245, 7297, 3872, 3865, 553.14, 1
1175, 3428, 5, 0, 4248, 6360, 2932, 2927, 586.40, 1
1176, 3431, 12, 0, 4251, 7723, 4292, 4280, 357.67, 1
1177, 3434, 14, 0, 4254, 7939, 4505, 4491, 321.79, 1
1178, 3437, 15, 0, 4257, 7942, 4505, 4490, 300.33, 1
1179, 3440, 16, 0, 4260, 8022, 4582, 4566, 286.38, 1
1180, 3443, 15, 0, 4263, 7948, 4505, 4490, 300.33, 1
1181, 3446, 3, 0, 4266, 4268, 822, 819, 274.00, 1
1182, 3449, 5, 0, 4269, 6377, 2928, 2923, 585.60, 1
1183, 3452, 3, 0, 4272, 4274, 822, 819, 274.00, 1
1184, 3455, 6, 0, 4275, 6380, 2925, 2919, 487.50, 1
1185, 3458, 7, 0, 4278, 7313, 3855, 3848, 550.71, 1
1186, 3461, 5, 0, 4281, 6385, 2924, 2919, 584.80, 1
1187, 3464, 3, 0, 4284, 4286, 822, 819, 274.00, 1
1188, 3467, 5, 0, 4287, 6387, 2920, 2915, 584.00, 1
1189, 3470, 1, 0, 4290, 4290, 820, 819, 820.00, 1
1190, 3473, 4, 0, 4291, 6388, 2915, 2911, 728.75, 1
1191, 3476, 3, 0, 4294, 4296, 820, 817, 273.33, 1
1192, 3479, 3, 0, 4297, 4299, 820, 817, 273.33, 1
1193, 3482, 3, 0, 4300, 4302, 820, 817, 273.33, 1
1194, 3485, 5, 0, 4303, 6390, 2905, 2900, 581.00, 1
1195, 3488, 7, 0, 4306, 7314, 3826, 3819, 546.57, 1
1196, 3491, 4, 0, 4309, 6394, 2903, 2899, 725.75, 1
1197, 3494, 7, 0, 4312, 7315, 3821, 3814, 545.86, 1
1198, 3497, 8, 0, 4315, 7317, 3820, 3812, 477.50, 1
1199, 3500, 6, 0, 4318, 6403, 2903, 2897, 483.83, 1
1200, 3503, 5, 0, 4321, 6405, 2902, 2897, 580.40, 1
1201, 3506, 3, 0, 4324, 4326, 820, 817, 273.33, 1
1202, 3509, 15, 0, 4327, 7951, 4442, 4427, 296.13, 1
1203, 3512, 4, 0, 4330, 6409, 2897, 2893, 724.25, 1
1204, 3515, 5, 0, 4333, 6411, 2896, 2891, 579.20, 1
1205, 3518, 2, 0, 4336, 4337, 819, 817, 409.50, 1
1206, 3521, 2, 0, 4338, 4339, 818, 816, 409.00, 1
1207, 3524, 1, 0, 4340, 4340, 816, 815, 816.00, 1
1208, 3527, 4, 0, 4341, 6412, 2885, 2881, 721.25, 1
1209, 3530, 5, 0, 4344, 6414, 2884, 2879, 576.80, 1
1210, 3533, 4, 0, 4347, 6415, 2882, 2878, 720.50, 1
1211, 3536, 4, 0, 4350, 6416, 2880, 2876, 720.00, 1
1212, 3539, 2, 0, 4353, 4354, 815, 813, 407.50, 1
1213, 3542, 16, 0, 4355, 8023, 4481, 4465, 280.06, 1
1214, 3545, 2, 0, 4358, 4359, 814, 812, 407.00, 1
1215, 3548, 4, 0, 4360, 6420, 2872, 2868, 718.00, 1
1216, 3551, 5, 0, 4363, 6422, 2871, 2866, 574.20, 1
1217, 3554, 2, 0, 4366, 4367, 813, 811, 406.50, 1
1218, 3557, 3, 0, 4368, 4370, 813, 810, 271.00, 1
1219, 3560, 5, 0, 4371, 6424, 2864, 2859, 572.80, 1
1220, 3563, 4, 0, 4374, 6425, 2862, 2858, 715.50, 1
1221, 3566, 3, 0, 4377, 4379, 813, 810, 271.00, 1
1222, 3569, 5, 0, 4380, 6427, 2858, 2853, 571.60, 1
1223, 3572, 4, 0, 4383, 6428, 2856, 2852, 714.00, 1
1224, 3575, 4, 0, 4386, 6429, 2854, 2850, 713.50, 1
1225, 3578, 3, 0, 4389, 4391, 813, 810, 271.00, 1
1226, 3581, 5, 0, 4392, 6431, 2850, 2845, 570.00, 1
1227, 3584, 4, 0, 4395, 6432, 2848, 2844, 712.00, 1
1228, 3587, 3, 0, 4398, 4400, 813, 810, 271.00, 1
1229, 3590, 5, 0, 4401, 6434, 2844, 2839, 568.80, 1
1230, 3593, 4, 0, 4404, 6435, 2842, 2838, 710.50, 1
1231, 3596, 3, 0, 4407, 4409, 813, 810, 271.00, 1
1232, 3599, 5, 0, 4410, 6437, 2838, 2833, 567.60, 1
1233, 3602, 4, 0, 4413, 6438, 2836, 2832, 709.00, 1
1234, 3605, 5, 0, 4416, 6440, 2835, 2830, 567.00, 1
1235, 3608, 8, 0, 4419, 7325, 3717, 3709, 464.62, 1
1236, 3611, 2, 0, 4422, 4423, 812, 810, 406.00, 1
1237, 3614, 4, 0, 4424, 6444, 2830, 2826, 707.50, 1
1238, 3617, 5, 0, 4427, 6446, 2829, 2824, 565.80, 1
1239, 3620, 2, 0, 4430, 4431, 811, 809, 405.50, 1
1240, 3623, 4, 0, 4432, 6447, 2824, 2820, 706.00, 1
1241, 3626, 4, 0, 4435, 6448, 2822, 2818, 705.50, 1
1242, 3629, 6, 0, 4438, 6451, 2822, 2816, 470.33, 1
1243, 3632, 3, 0, 4441, 4443, 811, 808, 270.33, 1
1244, 3635, 5, 0, 4444, 6453, 2818, 2813, 563.60, 1
1245, 3638, 7, 0, 4447, 7326, 3688, 3681, 526.86, 1
1246, 3641, 5, 0, 4450, 6458, 2817, 2812, 563.40, 1
1247, 3644, 3, 0, 4453, 4455, 811, 808, 270.33, 1
1248, 3647, 3, 0, 4456, 4458, 811, 808, 270.33, 1
1249, 3650, 6, 0, 4459, 6461, 2811, 2805, 468.50, 1
1250, 3653, 7, 0, 4462, 7327, 3674, 3667, 524.86, 1
1251, 3656, 8, 0, 4465, 7329, 3673, 3665, 459.12, 1
1252, 3659, 1, 0, 4468, 4468, 809, 808, 809.00, 1
1253, 3662, 5, 0, 4469, 6469, 2807, 2802, 561.40, 1
1254, 3665, 5, 0, 4472, 6471, 2806, 2801, 561.20, 1
1255, 3668, 7, 0, 4475, 7330, 3662, 3655, 523.14, 1
1256, 3671, 8, 0, 4478, 7332, 3661, 3653, 457.62, 1
1257, 3674, 5, 0, 4481, 6479, 2805, 2800, 561.00, 1
1258, 3677, 5, 0, 4484, 6481, 2804, 2799, 560.80, 1
1259, 3680, 3, 0, 4487, 4489, 809, 806, 269.67, 1
1260, 3683, 6, 0, 4490, 6484, 2801, 2795, 466.83, 1
1261, 3686, 2, 0, 4493, 4494, 808, 806, 404.00, 1
1262, 3689, 2, 0, 4495, 4496, 807, 805, 403.50, 1
1263, 3692, 4, 0, 4497, 6485, 2793, 2789, 698.25, 1
1264, 3695, 5, 0, 4500, 6487, 2792, 2787, 558.40, 1
1265, 3698, 2, 0, 4503, 4504, 806, 804, 403.00, 1
1266, 3701, 12, 0, 4505, 7744, 4043, 4031, 336.92, 1
1267, 3704, 5, 0, 4508, 6492, 2788, 2783, 557.60, 1
1268, 3707, 6, 0, 4511, 6495, 2788, 2782, 464.67, 1
1269, 3710, 3, 0, 4514, 4516, 806, 803, 268.67, 1
1270, 3713, 6, 0, 4517, 6498, 2785, 2779, 464.17, 1
1271, 3716, 13, 0, 4520, 7955, 4239, 4226, 326.08, 1
1272, 3719, 7, 0, 4523, 7339, 3620, 3613, 517.14, 1
1273, 3722, 8, 0, 4526, 7341, 3619, 3611, 452.38, 1
1274, 3725, 4, 0, 4529, 6508, 2783, 2779, 695.75, 1
1275, 3728, 3, 0, 4532, 4534, 806, 803, 268.67, 1
1276, 3731, 1, 0, 4535, 4535, 804, 803, 804.00, 1
1277, 3734, 3, 0, 4536, 4538, 804, 801, 268.00, 1
1278, 3737, 7, 0, 4539, 7342, 3605, 3598, 515.00, 1
1279, 3740, 9, 0, 4542, 7345, 3605, 3596, 400.56, 1
1280, 3743, 6, 0, 4545, 6517, 2774, 2768, 462.33, 1
1281, 3746, 4, 0, 4548, 6518, 2772, 2768, 693.00, 1
1282, 3749, 14, 0, 4551, 7957, 4208, 4194, 300.57, 1
1283, 3752, 3, 0, 4554, 4556, 804, 801, 268.00, 1
1284, 3755, 4, 0, 4557, 6522, 2767, 2763, 691.75, 1
1285, 3758, 14, 0, 4560, 7959, 4201, 4187, 300.07, 1
1286, 3761, 2, 0, 4563, 4564, 803, 801, 401.50, 1
1287, 3764, 3, 0, 4565, 4567, 803, 800, 267.67, 1
1288, 3767, 5, 0, 4568, 6527, 2760, 2755, 552.00, 1
1289, 3770, 5, 0, 4571, 6529, 2759, 2754, 551.80, 1
1290, 3773, 4, 0, 4574, 6530, 2757, 2753, 689.25, 1
1291, 3776, 3, 0, 4577, 4579, 803, 800, 267.67, 1
1292, 3779, 3, 0, 4580, 4582, 803, 800, 267.67, 1
1293, 3782, 5, 0, 4583, 6532, 2750, 2745, 550.00, 1
1294, 3785, 6, 0, 4586, 6535, 2750, 2744, 458.33, 1
1295, 3788, 7, 0, 4589, 7352, 3564, 3557, 509.14, 1
1296, 3791, 4, 0, 4592, 6539, 2748, 2744, 687.00, 1
1297, 3794, 1, 0, 4595, 4595, 801, 800, 801.00, 1
1298, 3797, 3, 0, 4596, 4598, 801, 798, 267.00, 1
1299, 3800, 4, 0, 4599, 6540, 2740, 2736, 685.00, 1
1300, 3803, 6, 0, 4602, 6543, 2740, 2734, 456.67, 1
1301, 3806, 9, 0, 4605, 7355, 3549, 3540, 394.33, 1
1302, 3809, 8, 0, 4608, 7357, 3548, 3540, 443.50, 1
1303, 3812, 8, 0, 4611, 7359, 3547, 3539, 443.38, 1
1304, 3815, 7, 0, 4614, 7360, 3545, 3538, 506.43, 1
1305, 3818, 16, 0, 4617, 8024, 4206, 4190, 262.88, 1
1306, 3821, 7, 0, 4620, 7364, 3543, 3536, 506.14, 1
1307, 3824, 5, 0, 4623, 6563, 2739, 2734, 547.80, 1
1308, 3827, 12, 0, 4626, 7759, 3932, 3920, 327.67, 1
1309, 3830, 14, 0, 4629, 7964, 4134, 4120, 295.29, 1
1310, 3833, 15, 0, 4632, 7967, 4134, 4119, 275.60, 1
1311, 3836, 16, 0, 4635, 8025, 4189, 4173, 261.81, 1
1312, 3839, 15, 0, 4638, 7973, 4134, 4119, 275.60, 1
1313, 3842, 3, 0, 4641, 4643, 801, 798, 267.00, 1
1314, 3845, 5, 0, 4644, 6580, 2735, 2730, 547.00, 1
1315, 3848, 3, 0, 4647, 4649, 801, 798, 267.00, 1
1316, 3851, 6, 0, 4650, 6583, 2732, 2726, 455.33, 1
1317, 3854, 7, 0, 4653, 7380, 3526, 3519, 503.71, 1
1318, 3857, 5, 0, 4656, 6588, 2731, 2726, 546.20, 1
1319, 3860, 3, 0, 4659, 4661, 801, 798, 267.00, 1
1320, 3863, 5, 0, 4662, 6590, 2727, 2722, 545.40, 1
1321, 3866, 1, 0, 4665, 4665, 799, 798, 799.00, 1
1322, 3869, 4, 0, 4666, 6591, 2722, 2718, 680.50, 1
1323, 3872, 3, 0, 4669, 4671, 799, 796, 266.33, 1
1324, 3875, 3, 0, 4672, 4674, 799, 796, 266.33, 1
1325, 3878, 3, 0, 4675, 4677, 799, 796, 266.33, 1
1326, 3881, 5, 0, 4678, 6593, 2712, 2707, 542.40, 1
1327, 3884, 7, 0, 4681, 7381, 3497, 3490, 499.57, 1
1328, 3887, 4, 0, 4684, 6597, 2710, 2706, 677.50, 1
1329, 3890, 7, 0, 4687, 7382, 3492, 3485, 498.86, 1
1330, 3893, 8, 0, 4690, 7384, 3491, 3483, 436.38, 1
1331, 3896, 6, 0, 4693, 6606, 2710, 2704, 451.67, 1
1332, 3899, 5, 0, 4696, 6608, 2709, 2704, 541.80, 1
1333, 3902, 3, 0, 4699, 4701, 799, 796, 266.33, 1
1334, 3905, 15, 0, 4702, 7976, 4071, 4056, 271.40, 1
1335, 3908, 4, 0, 4705, 6612, 2704, 2700, 676.00, 1
1336, 3911, 5, 0, 4708, 6614, 2703, 2698, 540.60, 1
1337, 3914, 2, 0, 4711, 4712, 798, 796, 399.00, 1
1338, 3917, 2, 0, 4713, 4714, 797, 795, 398.50, 1
1339, 3920, 1, 0, 4715, 4715, 795, 794, 795.00, 1
1340, 3923, 4, 0, 4716, 6615, 2692, 2688, 673.00, 1
1341, 3926, 5, 0, 4719, 6617, 2691, 2686, 538.20, 1
1342, 3929, 4, 0, 4722, 6618, 2689, 2685, 672.25, 1
1343, 3932, 4, 0, 4725, 6619, 2687, 2683, 671.75, 1
1344, 3935, 2, 0, 4728, 4729, 794, 792, 397.00, 1
1345, 3938, 16, 0, 4730, 8026, 4088, 4072, 255.50, 1
1346, 3941, 2, 0, 4733, 4734, 793, 791, 396.50, 1
1347, 3944, 4, 0, 4735, 6623, 2679, 2675, 669.75, 1
1348, 3947, 5, 0, 4738, 6625, 2678, 2673, 535.60, 1
1349, 3950, 2, 0, 4741, 4742, 792, 790, 396.00, 1
1350, 3953, 3, 0, 4743, 4745, 792, 789, 264.00, 1
1351, 3956, 5, 0, 4746, 6627, 2671, 2666, 534.20, 1
1352, 3959, 4, 0, 4749, 6628, 2669, 2665, 667.25, 1
1353, 3962, 3, 0, 4752, 4754, 792, 789, 264.00, 1
1354, 3965, 5, 0, 4755, 6630, 2665, 2660, 533.00, 1
1355, 3968, 4, 0, 4758, 6631, 2663, 2659, 665.75, 1
1356, 3971, 4, 0, 4761, 6632, 2661, 2657, 665.25, 1
1357, 3974, 3, 0, 4764, 4766, 792, 789, 264.00, 1
1358, 3977, 5, 0, 4767, 6634, 2657, 2652, 531.40, 1
1359, 3980, 4, 0, 4770, 6635, 2655, 2651, 663.75, 1
1360, 3983, 3, 0, 4773, 4775, 792, 789, 264.00, 1
1361, 3986, 5, 0, 4776, 6637, 2651, 2646, 530.20, 1
1362, 3989, 4, 0, 4779, 6638, 2649, 2645, 662.25, 1
1363, 3992, 3, 0, 4782, 4784, 792, 789, 264.00, 1
1364, 3995, 5, 0, 4785, 6640, 2645, 2640, 529.00, 1
1365, 3998, 4, 0, 4788, 6641, 2643, 2639, 660.75, 1
1366, 4001, 5, 0, 4791, 6643, 2642, 2637, 528.40, 1
1367, 4004, 8, 0, 4794, 7392, 3388, 3380, 423.50, 1
1368, 4007, 2, 0, 4797, 4798, 791, 789, 395.50, 1
1369, 4010, 4, 0, 4799, 6647, 2637, 2633, 659.25, 1
1370, 4013, 5, 0, 4802, 6649, 2636, 2631, 527.20, 1
1371, 4016, 2, 0, 4805, 4806, 790, 788, 395.00, 1
1372, 4019, 4, 0, 4807, 6650, 2631, 2627, 657.75, 1
1373, 4022, 4, 0, 4810, 6651, 2629, 2625, 657.25, 1
1374, 4025, 6, 0, 4813, 6654, 2629, 2623, 438.17, 1
1375, 4028, 3, 0, 4816, 4818, 790, 787, 263.33, 1
1376, 4031, 5, 0, 4819, 6656, 2625, 2620, 525.00, 1
1377, 4034, 7, 0, 4822, 7393, 3359, 3352, 479.86, 1
1378, 4037, 5, 0, 4825, 6661, 2624, 2619, 524.80, 1
1379, 4040, 3, 0, 4828, 4830, 790, 787, 263.33, 1
1380, 4043, 3, 0, 4831, 4833, 790, 787, 263.33, 1
1381, 4046, 6, 0, 4834, 6664, 2618, 2612, 436.33, 1
1382, 4049, 7, 0, 4837, 7394, 3345, 3338, 477.86, 1
1383, 4052, 8, 0, 4840, 7396, 3344, 3336, 418.00, 1
1384, 4055, 1, 0, 4843, 4843, 788, 787, 788.00, 1
1385, 4058, 5, 0, 4844, 6672, 2614, 2609, 522.80, 1
1386, 4061, 5, 0, 4847, 6674, 2613, 2608, 522.60, 1
1387, 4064, 7, 0, 4850, 7397, 3333, 3326, 476.14, 1
1388, 4067, 8, 0, 4853, 7399, 3332, 3324, 416.50, 1
1389, 4070, 5, 0, 4856, 6682, 2612, 2607, 522.40, 1
1390, 4073, 5, 0, 4859, 6684, 2611, 2606, 522.20, 1
1391, 4076, 3, 0, 4862, 4864, 788, 785, 262.67, 1
1392, 4079, 6, 0, 4865, 6687, 2608, 2602, 434.67, 1
1393, 4082, 2, 0, 4868, 4869, 787, 785, 393.50, 1
1394, 4085, 2, 0, 4870, 4871, 786, 784, 393.00, 1
1395, 4088, 4, 0, 4872, 6688, 2600, 2596, 650.00, 1
1396, 4091, 5, 0, 4875, 6690, 2599, 2594, 519.80, 1
1397, 4094, 2, 0, 4878, 4879, 785, 783, 392.50, 1
1398, 4097, 12, 0, 4880, 7780, 3683, 3671, 306.92, 1
1399, 4100, 5, 0, 4883, 6695, 2595, 2590, 519.00, 1
1400, 4103, 6, 0, 4886, 6698, 2595, 2589, 432.50, 1
1401, 4106, 3, 0, 4889, 4891, 785, 782, 261.67, 1
1402, 4109, 6, 0, 4892, 6701, 2592, 2586, 432.00, 1
1403, 4112, 13, 0, 4895, 7980, 3868, 3855, 297.54, 1
1404, 4115, 7, 0, 4898, 7406, 3291, 3284, 470.14, 1
1405, 4118, 8, 0, 4901, 7408, 3290, 3282, 411.25, 1
1406, 4121, 4, 0, 4904, 6711, 2590, 2586, 647.50, 1
1407, 4124, 3, 0, 4907, 4909, 785, 782, 261.67, 1
1408, 4127, 1, 0, 4910, 4910, 783, 782, 783.00, 1
1409, 4130, 3, 0, 4911, 4913, 783, 780, 261.00, 1
1410, 4133, 7, 0, 4914, 7409, 3276, 3269, 468.00, 1
1411, 4136, 9, 0, 4917, 7412, 3276, 3267, 364.00, 1
1412, 4139, 6, 0, 4920, 6720, 2581, 2575, 430.17, 1
1413, 4142, 4, 0, 4923, 6721, 2579, 2575, 644.75, 1
1414, 4145, 14, 0, 4926, 7982, 3837, 3823, 274.07, 1
1415, 4148, 3, 0, 4929, 4931, 783, 780, 261.00, 1
1416, 4151, 4, 0, 4932, 6725, 2574, 2570, 643.50, 1
1417, 4154, 14, 0, 4935, 7984, 3830, 3816, 273.57, 1
1418, 4157, 2, 0, 4938, 4939, 782, 780, 391.00, 1
1419, 4160, 3, 0, 4940, 4942, 782, 779, 260.67, 1
1420, 4163, 5, 0, 4943, 6730, 2567, 2562, 513.40, 1
1421, 4166, 5, 0, 4946, 6732, 2566, 2561, 513.20, 1
1422, 4169, 4, 0, 4949, 6733, 2564, 2560, 641.00, 1
1423, 4172, 3, 0, 4952, 4954, 782, 779, 260.67, 1
1424, 4175, 3, 0, 4955, 4957, 782, 779, 260.67, 1
1425, 4178, 5, 0, 4958, 6735, 2557, 2552, 511.40, 1
1426, 4181, 6, 0, 4961, 6738, 2557, 2551, 426.17, 1
1427, 4184, 7, 0, 4964, 7419, 3235, 3228, 462.14, 1
1428, 4187, 4, 0, 4967, 6742, 2555, 2551, 638.75, 1
1429, 4190, 1, 0, 4970, 4970, 780, 779, 780.00, 1
1430, 4193, 3, 0, 4971, 4973, 780, 777, 260.00, 1
1431, 4196, 4, 0, 4974, 6743, 2547, 2543, 636.75, 1
1432, 4199, 6, 0, 4977, 6746, 2547, 2541, 424.50, 1
1433, 4202, 9, 0, 4980, 7422, 3220, 3211, 357.78, 1
1434, 4205, 8, 0, 4983, 7424, 3219, 3211, 402.38, 1
1435, 4208, 8, 0, 4986, 7426, 3218, 3210, 402.25, 1
1436, 4211, 7, 0, 4989, 7427, 3216, 3209, 459.43, 1
1437, 4214, 16, 0, 4992, 8027, 3813, 3797, 238.31, 1
1438, 4217, 7, 0, 4995, 7431, 3214, 3207, 459.14, 1
1439, 4220, 5, 0, 4998, 6766, 2546, 2541, 509.20, 1
1440, 4223, 12, 0, 5001, 7795, 3572, 3560, 297.67, 1
1441, 4226, 14, 0, 5004, 7989, 3763, 3749, 268.79, 1
1442, 4229, 15, 0, 5007, 7992, 3763, 3748, 250.87, 1
1443, 4232, 16, 0, 5010, 8028, 3796, 3780, 237.25, 1
1444, 4235, 15, 0, 5013, 7998, 3763, 3748, 250.87, 1
1445, 4238, 3, 0, 5016, 5018, 780, 777, 260.00, 1
1446, 4241, 5, 0, 5019, 6783, 2542, 2537, 508.40, 1
1447, 4244, 3, 0, 5022, 5024, 780, 777, 260.00, 1
1448, 4247, 6, 0, 5025, 6786, 2539, 2533, 423.17, 1
1449, 4250, 7, 0, 5028, 7447, 3197, 3190, 456.71, 1
1450, 4253, 5, 0, 5031, 6791, 2538, 2533, 507.60, 1
1451, 4256, 3, 0, 5034, 5036, 780, 777, 260.00, 1
1452, 4259, 5, 0, 5037, 6793, 2534, 2529, 506.80, 1
1453, 4262, 1, 0, 5040, 5040, 778, 777, 778.00, 1
1454, 4265, 4, 0, 5041, 6794, 2529, 2525, 632.25, 1
1455, 4268, 3, 0, 5044, 5046, 778, 775, 259.33, 1
1456, 4271, 3, 0, 5047, 5049, 778, 775, 259.33, 1
1457, 4274, 3, 0, 5050, 5052, 778, 775, 259.33, 1
1458, 4277, 5, 0, 5053, 6796, 2519, 2514, 503.80, 1
1459, 4280, 7, 0, 5056, 7448, 3168, 3161, 452.57, 1
1460, 4283, 4, 0, 5059, 6800, 2517, 2513, 629.25, 1
1461, 4286, 7, 0, 5062, 7449, 3163, 3156, 451.86, 1
1462, 4289, 8, 0, 5065, 7451, 3162, 3154, 395.25, 1
1463, 4292, 6, 0, 5068, 6809, 2517, 2511, 419.50, 1
1464, 4295, 5, 0, 5071, 6811, 2516, 2511, 503.20, 1
1465, 4298, 3, 0, 5074, 5076, 778, 775, 259.33, 1
1466, 4301, 15, 0, 5077, 8001, 3700, 3685, 246.67, 1
1467, 4304, 4, 0, 5080, 6815, 2511, 2507, 627.75, 1
1468, 4307, 5, 0, 5083, 6817, 2510, 2505, 502.00, 1
1469, 4310, 2, 0, 5086, 5087, 777, 775, 388.50, 1
1470, 4313, 2, 0, 5088, 5089, 776, 774, 388.00, 1
1471, 4316, 1, 0, 5090, 5090, 774, 773, 774.00, 1
1472, 4319, 4, 0, 5091, 6818, 2499, 2495, 624.75, 1
1473, 4322, 5, 0, 5094, 6820, 2498, 2493, 499.60, 1
1474, 4325, 4, 0, 5097, 6821, 2496, 2492, 624.00, 1
1475, 4328, 4, 0, 5100, 6822, 2494, 2490, 623.50, 1
1476, 4331, 2, 0, 5103, 5104, 773, 771, 386.50, 1
1477, 4334, 16, 0, 5105, 8029, 3695, 3679, 230.94, 1
1478, 4337, 2, 0, 5108, 5109, 772, 770, 386.00, 1
1479, 4340, 4, 0, 5110, 6826, 2486, 2482, 621.50, 1
1480, 4343, 5, 0, 5113, 6828, 2485, 2480, 497.00, 1
1481, 4346, 2, 0, 5116, 5117, 771, 769, 385.50, 1
1482, 4349, 3, 0, 5118, 5120, 771, 768, 257.00, 1
1483, 4352, 5, 0, 5121, 6830, 2478, 2473, 495.60, 1
1484, 4355, 4, 0, 5124, 6831, 2476, 2472, 619.00, 1
1485, 4358, 3, 0, 5127, 5129, 771, 768, 257.00, 1
1486, 4361, 5, 0, 5130, 6833, 2472, 2467, 494.40, 1
1487, 4364, 4, 0, 5133, 6834, 2470, 2466, 617.50, 1
1488, 4367, 4, 0, 5136, 6835, 2468, 2464, 617.00, 1
1489, 4370, 3, 0, 5139, 5141, 771, 768, 257.00, 1
1490, 4373, 5, 0, 5142, 6837, 2464, 2459, 492.80, 1
1491, 4376, 4, 0, 5145, 6838, 2462, 2458, 615.50, 1
1492, 4379, 3, 0, 5148, 5150, 771, 768, 257.00, 1
1493, 4382, 5, 0, 5151, 6840, 2458, 2453, 491.60, 1
1494, 4385, 4, 0, 5154, 6841, 2456, 2452, 614.00, 1
1495, 4388, 3, 0, 5157, 5159, 771, 768, 257.00, 1
1496, 4391, 5, 0, 5160, 6843, 2452, 2447, 490.40, 1
1497, 4394, 4, 0, 5163, 6844, 2450, 2446, 612.50, 1
1498, 4397, 5, 0, 5166, 6846, 2449, 2444, 489.80, 1
1499, 4400, 8, 0, 5169, 7459, 3059, 3051, 382.38, 1
1500, 4403, 2, 0, 5172, 5173, 770, 768, 385.00, 1
