pid, arrival, service, remaining, start, finish, turnaround, wait, normturnaround, complete
1, 0, 4, 0, 1, 5, 5, 1, 1.25, 1
2, 3, 5, 0, 4, 10, 7, 2, 1.40, 1
3, 8, 2, 0, 9, 11, 3, 1, 1.50, 1
4, 11, 2, 0, 12, 13, 2, 0, 1.00, 1
5, 13, 6, 0, 14, 22, 9, 3, 1.50, 1
6, 17, 7, 0, 18, 36, 19, 12, 2.71, 1
7, 18, 3, 0, 20, 26, 8, 5, 2.67, 1
8, 23, 7, 0, 25, 43, 20, 13, 2.86, 1
9, 28, 3, 0, 30, 38, 10, 7, 3.33, 1
10, 32, 1, 0, 35, 35, 3, 2, 3.00, 1
11, 33, 11, 0, 37, 51, 18, 7, 1.64, 1
12, 56, 6, 0, 56, 62, 6, 0, 1.00, 1
13, 60, 1, 0, 63, 63, 3, 2, 3.00, 1
14, 64, 2, 0, 64, 66, 2, 0, 1.00, 1
15, 67, 2, 0, 67, 69, 2, 0, 1.00, 1
16, 71, 7, 0, 71, 78, 7, 0, 1.00, 1
17, 77, 1, 0, 79, 79, 2, 1, 2.00, 1
18, 82, 4, 0, 82, 86, 4, 0, 1.00, 1
19, 90, 18, 0, 90, 108, 18, 0, 1.00, 1
20, 99, 1, 0, 109, 109, 10, 9, 10.00, 1
21, 102, 1, 0, 110, 110, 8, 7, 8.00, 1
22, 105, 4, 0, 111, 120, 15, 11, 3.75, 1
23, 110, 2, 0, 112, 115, 5, 3, 2.50, 1
24, 112, 8, 0, 114, 133, 21, 13, 2.62, 1
25, 113, 1, 0, 116, 116, 3, 2, 3.00, 1
26, 117, 6, 0, 119, 132, 15, 9, 2.50, 1
27, 119, 1, 0, 122, 122, 3, 2, 3.00, 1
28, 129, 3, 0, 131, 135, 6, 3, 2.00, 1
29, 140, 6, 0, 140, 146, 6, 0, 1.00, 1
30, 144, 7, 0, 147, 156, 12, 5, 1.71, 1
31, 150, 9, 0, 151, 165, 15, 6, 1.67, 1
32, 157, 1, 0, 158, 158, 1, 0, 1.00, 1
33, 161, 7, 0, 162, 170, 9, 2, 1.29, 1
34, 173, 18, 0, 173, 191, 18, 0, 1.00, 1
35, 174, 8, 0, 192, 230, 56, 48, 7.00, 1
36, 178, 5, 0, 193, 218, 40, 35, 8.00, 1
37, 183, 4, 0, 194, 212, 29, 25, 7.25, 1
38, 190, 6, 0, 195, 224, 34, 28, 5.67, 1
39, 192, 8, 0, 196, 232, 40, 32, 5.00, 1
40, 194, 1, 0, 199, 199, 5, 4, 5.00, 1
41, 202, 3, 0, 207, 220, 18, 15, 6.00, 1
42, 204, 1, 0, 210, 210, 6, 5, 6.00, 1
43, 211, 1, 0, 217, 217, 6, 5, 6.00, 1
44, 218, 1, 0, 223, 223, 5, 4, 5.00, 1
45, 222, 1, 0, 226, 226, 4, 3, 4.00, 1
46, 224, 10, 0, 228, 264, 40, 30, 4.00, 1
47, 232, 3, 0, 234, 240, 8, 5, 2.67, 1
48, 234, 2, 0, 236, 239, 5, 3, 2.50, 1
49, 238, 6, 0, 241, 268, 30, 24, 5.00, 1
50, 242, 23, 0, 244, 349, 107, 84, 4.65, 1
51, 243, 3, 0, 246, 259, 16, 13, 5.33, 1
52, 244, 21, 0, 248, 344, 100, 79, 4.76, 1
53, 246, 8, 0, 251, 288, 42, 34, 5.25, 1
54, 247, 1, 0, 253, 253, 6, 5, 6.00, 1
55, 254, 2, 0, 260, 266, 12, 10, 6.00, 1
56, 261, 2, 0, 267, 273, 12, 10, 6.00, 1
57, 267, 8, 0, 272, 304, 37, 29, 4.62, 1
58, 285, 2, 0, 289, 293, 8, 6, 4.00, 1
59, 291, 3, 0, 295, 306, 15, 12, 5.00, 1
60, 292, 2, 0, 297, 302, 10, 8, 5.00, 1
61, 300, 3, 0, 305, 313, 13, 10, 4.33, 1
62, 309, 3, 0, 312, 321, 12, 9, 4.00, 1
63, 311, 7, 0, 315, 342, 31, 24, 4.43, 1
64, 319, 3, 0, 323, 334, 15, 12, 5.00, 1
65, 320, 1, 0, 325, 325, 5, 4, 5.00, 1
66, 322, 1, 0, 327, 327, 5, 4, 5.00, 1
67, 328, 2, 0, 332, 337, 9, 7, 4.50, 1
68, 342, 4, 0, 345, 353, 11, 7, 2.75, 1
69, 345, 4, 0, 347, 354, 9, 5, 2.25, 1
70, 353, 3, 0, 355, 360, 7, 4, 2.33, 1
71, 354, 4, 0, 356, 366, 12, 8, 3.00, 1
72, 357, 6, 0, 359, 381, 24, 18, 4.00, 1
73, 359, 6, 0, 362, 383, 24, 18, 4.00, 1
74, 360, 5, 0, 364, 382, 22, 17, 4.40, 1
75, 361, 1, 0, 365, 365, 4, 3, 4.00, 1
76, 370, 2, 0, 373, 378, 8, 6, 4.00, 1
77, 371, 1, 0, 375, 375, 4, 3, 4.00, 1
78, 376, 2, 0, 380, 384, 8, 6, 4.00, 1
79, 390, 3, 0, 390, 393, 3, 0, 1.00, 1
80, 395, 2, 0, 395, 397, 2, 0, 1.00, 1
81, 397, 1, 0, 398, 398, 1, 0, 1.00, 1
82, 400, 1, 0, 400, 401, 1, 0, 1.00, 1
83, 401, 7, 0, 402, 415, 14, 7, 2.00, 1
84, 403, 4, 0, 404, 413, 10, 6, 2.50, 1
85, 405, 2, 0, 407, 411, 6, 4, 3.00, 1
86, 407, 1, 0, 410, 410, 3, 2, 3.00, 1
87, 424, 10, 0, 424, 434, 10, 0, 1.00, 1
88, 428, 1, 0, 435, 435, 7, 6, 7.00, 1
89, 432, 2, 0, 436, 439, 7, 5, 3.50, 1
90, 433, 1, 0, 437, 437, 4, 3, 4.00, 1
91, 436, 4, 0, 438, 447, 11, 7, 2.75, 1
92, 437, 4, 0, 440, 448, 11, 7, 2.75, 1
93, 442, 1, 0, 444, 444, 2, 1, 2.00, 1
94, 443, 3, 0, 446, 454, 11, 8, 3.67, 1
95, 446, 3, 0, 449, 458, 12, 9, 4.00, 1
96, 447, 12, 0, 451, 507, 60, 48, 5.00, 1
97, 449, 4, 0, 452, 465, 16, 12, 4.00, 1
98, 452, 4, 0, 456, 467, 15, 11, 3.75, 1
99, 461, 5, 0, 464, 479, 18, 13, 3.60, 1
100, 464, 5, 0, 468, 483, 19, 14, 3.80, 1
101, 475, 3, 0, 478, 494, 19, 16, 6.33, 1
102, 476, 9, 0, 480, 556, 80, 71, 8.89, 1
103, 477, 6, 0, 482, 527, 50, 44, 8.33, 1
104, 479, 7, 0, 485, 542, 63, 56, 9.00, 1
105, 480, 2, 0, 486, 496, 16, 14, 8.00, 1
106, 481, 15, 0, 488, 655, 174, 159, 11.60, 1
107, 482, 2, 0, 490, 500, 18, 16, 9.00, 1
108, 483, 6, 0, 492, 540, 57, 51, 9.50, 1
109, 484, 4, 0, 493, 520, 36, 32, 9.00, 1
110, 501, 6, 0, 508, 560, 59, 53, 9.83, 1
111, 509, 5, 0, 516, 563, 54, 49, 10.80, 1
112, 510, 4, 0, 518, 551, 41, 37, 10.25, 1
113, 516, 11, 0, 525, 661, 145, 134, 13.18, 1
114, 520, 1, 0, 530, 530, 10, 9, 10.00, 1
115, 521, 9, 0, 531, 630, 109, 100, 12.11, 1
116, 522, 11, 0, 533, 666, 144, 133, 13.09, 1
117, 534, 10, 0, 544, 671, 137, 127, 13.70, 1
118, 536, 13, 0, 547, 716, 180, 167, 13.85, 1
119, 540, 1, 0, 552, 552, 12, 11, 12.00, 1
120, 547, 2, 0, 558, 568, 21, 19, 10.50, 1
121, 549, 4, 0, 561, 596, 47, 43, 11.75, 1
122, 559, 3, 0, 569, 593, 34, 31, 11.33, 1
123, 561, 5, 0, 571, 626, 65, 60, 13.00, 1
124, 564, 3, 0, 574, 600, 36, 33, 12.00, 1
125, 569, 5, 0, 579, 638, 69, 64, 13.80, 1
126, 574, 5, 0, 585, 648, 74, 69, 14.80, 1
127, 579, 1, 0, 591, 591, 12, 11, 12.00, 1
128, 585, 6, 0, 598, 679, 94, 88, 15.67, 1
129, 589, 6, 0, 603, 684, 95, 89, 15.83, 1
130, 590, 2, 0, 605, 619, 29, 27, 14.50, 1
131, 594, 8, 0, 608, 715, 121, 113, 15.12, 1
132, 602, 8, 0, 615, 721, 119, 111, 14.88, 1
133, 606, 1, 0, 620, 620, 14, 13, 14.00, 1
134, 610, 5, 0, 625, 690, 80, 75, 16.00, 1
135, 617, 6, 0, 633, 708, 91, 85, 15.17, 1
136, 618, 8, 0, 635, 737, 119, 111, 14.88, 1
137, 624, 2, 0, 640, 657, 33, 31, 16.50, 1
138, 626, 4, 0, 643, 691, 65, 61, 16.25, 1
139, 628, 3, 0, 645, 677, 49, 46, 16.33, 1
140, 629, 1, 0, 647, 647, 18, 17, 18.00, 1
141, 645, 10, 0, 662, 780, 135, 125, 13.50, 1
142, 652, 1, 0, 668, 668, 16, 15, 16.00, 1
143, 664, 2, 0, 678, 694, 30, 28, 15.00, 1
144, 667, 1, 0, 681, 681, 14, 13, 14.00, 1
145, 669, 5, 0, 683, 733, 64, 59, 12.80, 1
146, 671, 3, 0, 686, 713, 42, 39, 14.00, 1
147, 674, 5, 0, 689, 743, 69, 64, 13.80, 1
148, 677, 1, 0, 693, 693, 16, 15, 16.00, 1
149, 686, 5, 0, 699, 753, 67, 62, 13.40, 1
150, 690, 1, 0, 704, 704, 14, 13, 14.00, 1
151, 694, 1, 0, 706, 706, 12, 11, 12.00, 1
152, 698, 16, 0, 710, 923, 225, 209, 14.06, 1
153, 701, 4, 0, 714, 755, 54, 50, 13.50, 1
154, 703, 2, 0, 717, 730, 27, 25, 13.50, 1
155, 707, 1, 0, 720, 720, 13, 12, 13.00, 1
156, 711, 3, 0, 724, 750, 39, 36, 13.00, 1
157, 712, 1, 0, 726, 726, 14, 13, 14.00, 1
158, 714, 5, 0, 728, 779, 65, 60, 13.00, 1
159, 723, 3, 0, 734, 758, 35, 32, 11.67, 1
160, 726, 3, 0, 738, 764, 38, 35, 12.67, 1
161, 729, 1, 0, 741, 741, 12, 11, 12.00, 1
162, 732, 2, 0, 744, 756, 24, 22, 12.00, 1
163, 735, 8, 0, 747, 828, 93, 85, 11.62, 1
164, 736, 5, 0, 749, 798, 62, 57, 12.40, 1
165, 739, 5, 0, 752, 802, 63, 58, 12.60, 1
166, 748, 14, 0, 760, 960, 212, 198, 15.14, 1
167, 751, 2, 0, 763, 776, 25, 23, 12.50, 1
168, 752, 5, 0, 765, 814, 62, 57, 12.40, 1
169, 760, 1, 0, 770, 770, 10, 9, 10.00, 1
170, 762, 7, 0, 773, 854, 92, 85, 13.14, 1
171, 763, 4, 0, 775, 813, 50, 46, 12.50, 1
172, 773, 2, 0, 784, 796, 23, 21, 11.50, 1
173, 781, 3, 0, 790, 815, 34, 31, 11.33, 1
174, 782, 1, 0, 792, 792, 10, 9, 10.00, 1
175, 784, 3, 0, 795, 822, 38, 35, 12.67, 1
176, 787, 14, 0, 799, 1040, 253, 239, 18.07, 1
177, 794, 3, 0, 806, 831, 37, 34, 12.33, 1
178, 795, 5, 0, 808, 864, 69, 64, 13.80, 1
179, 797, 15, 0, 810, 1081, 284, 269, 18.93, 1
180, 804, 1, 0, 816, 816, 12, 11, 12.00, 1
181, 811, 9, 0, 824, 970, 159, 150, 17.67, 1
182, 815, 6, 0, 827, 920, 105, 99, 17.50, 1
183, 819, 1, 0, 830, 830, 11, 10, 11.00, 1
184, 820, 4, 0, 832, 879, 59, 55, 14.75, 1
185, 822, 21, 0, 835, 1340, 518, 497, 24.67, 1
186, 825, 6, 0, 838, 932, 107, 101, 17.83, 1
187, 827, 5, 0, 841, 916, 89, 84, 17.80, 1
188, 830, 1, 0, 844, 844, 14, 13, 14.00, 1
189, 834, 19, 0, 847, 1294, 460, 441, 24.21, 1
190, 839, 3, 0, 853, 891, 52, 49, 17.33, 1
191, 841, 4, 0, 856, 915, 74, 70, 18.50, 1
192, 847, 5, 0, 862, 943, 96, 91, 19.20, 1
193, 849, 3, 0, 865, 905, 56, 53, 18.67, 1
194, 856, 1, 0, 872, 872, 16, 15, 16.00, 1
195, 858, 3, 0, 875, 919, 61, 58, 20.33, 1
196, 859, 1, 0, 877, 877, 18, 17, 18.00, 1
197, 861, 1, 0, 880, 880, 19, 18, 19.00, 1
198, 866, 5, 0, 885, 964, 98, 93, 19.60, 1
199, 869, 14, 0, 889, 1209, 340, 326, 24.29, 1
200, 873, 4, 0, 893, 956, 83, 79, 20.75, 1
201, 875, 5, 0, 896, 980, 105, 100, 21.00, 1
202, 881, 7, 0, 900, 1022, 141, 134, 20.14, 1
203, 884, 4, 0, 904, 963, 79, 75, 19.75, 1
204, 892, 2, 0, 912, 933, 41, 39, 20.50, 1
205, 896, 1, 0, 917, 917, 21, 20, 21.00, 1
206, 913, 1, 0, 934, 934, 21, 20, 21.00, 1
207, 914, 1, 0, 936, 936, 22, 21, 22.00, 1
208, 915, 1, 0, 938, 938, 23, 22, 23.00, 1
209, 918, 9, 0, 939, 1122, 204, 195, 22.67, 1
210, 930, 3, 0, 949, 988, 58, 55, 19.33, 1
211, 934, 2, 0, 952, 973, 39, 37, 19.50, 1
212, 935, 2, 0, 953, 974, 39, 37, 19.50, 1
213, 937, 5, 0, 955, 1041, 104, 99, 20.80, 1
214, 939, 4, 0, 957, 1017, 78, 74, 19.50, 1
215, 948, 5, 0, 966, 1052, 104, 99, 20.80, 1
216, 950, 2, 0, 969, 989, 39, 37, 19.50, 1
217, 952, 6, 0, 972, 1088, 136, 130, 22.67, 1
218, 954, 9, 0, 975, 1183, 229, 220, 25.44, 1
219, 960, 2, 0, 981, 999, 39, 37, 19.50, 1
220, 967, 6, 0, 986, 1105, 138, 132, 23.00, 1
221, 972, 5, 0, 991, 1085, 113, 108, 22.60, 1
222, 981, 4, 0, 998, 1069, 88, 84, 22.00, 1
223, 982, 4, 0, 1000, 1071, 89, 85, 22.25, 1
224, 987, 1, 0, 1006, 1006, 19, 18, 19.00, 1
225, 991, 12, 0, 1009, 1351, 360, 348, 30.00, 1
226, 992, 2, 0, 1011, 1033, 41, 39, 20.50, 1
227, 994, 2, 0, 1014, 1039, 45, 43, 22.50, 1
228, 999, 2, 0, 1020, 1045, 46, 44, 23.00, 1
229, 1002, 2, 0, 1023, 1048, 46, 44, 23.00, 1
230, 1005, 1, 0, 1027, 1027, 22, 21, 22.00, 1
231, 1012, 4, 0, 1034, 1112, 100, 96, 25.00, 1
232, 1013, 11, 0, 1036, 1359, 346, 335, 31.45, 1
233, 1014, 13, 0, 1038, 1451, 437, 424, 33.62, 1
234, 1017, 7, 0, 1042, 1222, 205, 198, 29.29, 1
235, 1023, 1, 0, 1047, 1047, 24, 23, 24.00, 1
236, 1025, 17, 0, 1050, 1683, 658, 641, 38.71, 1
237, 1029, 10, 0, 1054, 1349, 320, 310, 32.00, 1
238, 1033, 1, 0, 1059, 1059, 26, 25, 26.00, 1
239, 1034, 2, 0, 1060, 1086, 52, 50, 26.00, 1
240, 1036, 4, 0, 1063, 1147, 111, 107, 27.75, 1
241, 1045, 15, 0, 1070, 1610, 565, 550, 37.67, 1
242, 1048, 2, 0, 1072, 1098, 50, 48, 25.00, 1
243, 1052, 3, 0, 1076, 1136, 84, 81, 28.00, 1
244, 1054, 1, 0, 1078, 1078, 24, 23, 24.00, 1
245, 1055, 1, 0, 1080, 1080, 25, 24, 25.00, 1
246, 1058, 5, 0, 1084, 1212, 154, 149, 30.80, 1
247, 1063, 7, 0, 1089, 1276, 213, 206, 30.43, 1
248, 1070, 2, 0, 1096, 1123, 53, 51, 26.50, 1
249, 1074, 4, 0, 1100, 1194, 120, 116, 30.00, 1
250, 1076, 5, 0, 1103, 1238, 162, 157, 32.40, 1
251, 1083, 5, 0, 1108, 1243, 160, 155, 32.00, 1
252, 1084, 3, 0, 1110, 1175, 91, 88, 30.33, 1
253, 1090, 2, 0, 1114, 1146, 56, 54, 28.00, 1
254, 1092, 2, 0, 1117, 1150, 58, 56, 29.00, 1
255, 1094, 1, 0, 1120, 1120, 26, 25, 26.00, 1
256, 1097, 4, 0, 1124, 1225, 128, 124, 32.00, 1
257, 1100, 3, 0, 1127, 1193, 93, 90, 31.00, 1
258, 1101, 3, 0, 1129, 1195, 94, 91, 31.33, 1
259, 1102, 2, 0, 1131, 1163, 61, 59, 30.50, 1
260, 1103, 2, 0, 1133, 1166, 63, 61, 31.50, 1
261, 1104, 15, 0, 1135, 1772, 668, 653, 44.53, 1
262, 1105, 6, 0, 1137, 1308, 203, 197, 33.83, 1
263, 1113, 2, 0, 1144, 1178, 65, 63, 32.50, 1
264, 1116, 11, 0, 1148, 1539, 423, 412, 38.45, 1
265, 1119, 2, 0, 1152, 1184, 65, 63, 32.50, 1
266, 1130, 3, 0, 1161, 1231, 101, 98, 33.67, 1
267, 1133, 1, 0, 1165, 1165, 32, 31, 32.00, 1
268, 1134, 6, 0, 1167, 1343, 209, 203, 34.83, 1
269, 1143, 1, 0, 1176, 1176, 33, 32, 33.00, 1
270, 1148, 5, 0, 1180, 1317, 169, 164, 33.80, 1
271, 1154, 5, 0, 1186, 1325, 171, 166, 34.20, 1
272, 1155, 4, 0, 1188, 1287, 132, 128, 33.00, 1
273, 1157, 6, 0, 1191, 1372, 215, 209, 35.83, 1
274, 1161, 18, 0, 1196, 2106, 945, 927, 52.50, 1
275, 1164, 17, 0, 1199, 2042, 878, 861, 51.65, 1
276, 1165, 2, 0, 1201, 1236, 71, 69, 35.50, 1
277, 1169, 1, 0, 1204, 1204, 35, 34, 35.00, 1
278, 1171, 5, 0, 1207, 1346, 175, 170, 35.00, 1
279, 1179, 1, 0, 1213, 1213, 34, 33, 34.00, 1
280, 1183, 8, 0, 1218, 1496, 313, 305, 39.12, 1
281, 1186, 2, 0, 1220, 1253, 67, 65, 33.50, 1
282, 1189, 3, 0, 1224, 1289, 100, 97, 33.33, 1
283, 1192, 1, 0, 1228, 1228, 36, 35, 36.00, 1
284, 1198, 1, 0, 1232, 1232, 34, 33, 34.00, 1
285, 1215, 7, 0, 1246, 1485, 270, 263, 38.57, 1
286, 1216, 1, 0, 1248, 1248, 32, 31, 32.00, 1
287, 1224, 7, 0, 1256, 1500, 276, 269, 39.43, 1
288, 1234, 5, 0, 1263, 1424, 190, 185, 38.00, 1
289, 1236, 9, 0, 1266, 1635, 399, 390, 44.33, 1
290, 1239, 7, 0, 1268, 1527, 288, 281, 41.14, 1
291, 1241, 1, 0, 1271, 1271, 30, 29, 30.00, 1
292, 1242, 4, 0, 1273, 1391, 149, 145, 37.25, 1
293, 1246, 5, 0, 1277, 1437, 191, 186, 38.20, 1
294, 1251, 7, 0, 1282, 1542, 291, 284, 41.57, 1
295, 1254, 1, 0, 1285, 1285, 31, 30, 31.00, 1
296, 1259, 3, 0, 1291, 1371, 112, 109, 37.33, 1
297, 1260, 6, 0, 1293, 1508, 248, 242, 41.33, 1
298, 1262, 17, 0, 1296, 2267, 1005, 988, 59.12, 1
299, 1263, 10, 0, 1298, 1762, 499, 489, 49.90, 1
300, 1267, 4, 0, 1303, 1428, 161, 157, 40.25, 1
301, 1268, 1, 0, 1305, 1305, 37, 36, 37.00, 1
302, 1273, 22, 0, 1310, 2759, 1486, 1464, 67.55, 1
303, 1276, 2, 0, 1314, 1353, 77, 75, 38.50, 1
304, 1283, 6, 0, 1321, 1543, 260, 254, 43.33, 1
305, 1285, 5, 0, 1324, 1498, 213, 208, 42.60, 1
306, 1291, 22, 0, 1328, 2820, 1529, 1507, 69.50, 1
307, 1296, 2, 0, 1333, 1376, 80, 78, 40.00, 1
308, 1298, 9, 0, 1336, 1758, 460, 451, 51.11, 1
309, 1313, 22, 0, 1350, 2873, 1560, 1538, 70.91, 1
310, 1314, 3, 0, 1352, 1434, 120, 117, 40.00, 1
311, 1316, 1, 0, 1355, 1355, 39, 38, 39.00, 1
312, 1317, 4, 0, 1357, 1486, 169, 165, 42.25, 1
313, 1322, 7, 0, 1362, 1664, 342, 335, 48.86, 1
314, 1324, 1, 0, 1365, 1365, 41, 40, 41.00, 1
315, 1328, 8, 0, 1369, 1745, 417, 409, 52.12, 1
316, 1333, 3, 0, 1375, 1462, 129, 126, 43.00, 1
317, 1337, 14, 0, 1380, 2198, 861, 847, 61.50, 1
318, 1338, 3, 0, 1382, 1472, 134, 131, 44.67, 1
319, 1342, 1, 0, 1386, 1386, 44, 43, 44.00, 1
320, 1352, 2, 0, 1393, 1433, 81, 79, 40.50, 1
321, 1353, 1, 0, 1395, 1395, 42, 41, 42.00, 1
322, 1354, 2, 0, 1396, 1435, 81, 79, 40.50, 1
323, 1359, 1, 0, 1401, 1401, 42, 41, 42.00, 1
324, 1362, 12, 0, 1404, 2089, 727, 715, 60.58, 1
325, 1373, 4, 0, 1413, 1556, 183, 179, 45.75, 1
326, 1379, 4, 0, 1419, 1566, 187, 183, 46.75, 1
327, 1384, 3, 0, 1425, 1523, 139, 136, 46.33, 1
328, 1397, 1, 0, 1436, 1436, 39, 38, 39.00, 1
329, 1398, 5, 0, 1438, 1649, 251, 246, 50.20, 1
330, 1400, 1, 0, 1441, 1441, 41, 40, 41.00, 1
331, 1401, 19, 0, 1443, 2791, 1390, 1371, 73.16, 1
332, 1404, 2, 0, 1446, 1492, 88, 86, 44.00, 1
333, 1405, 2, 0, 1448, 1494, 89, 87, 44.50, 1
334, 1410, 17, 0, 1454, 2605, 1195, 1178, 70.29, 1
335, 1414, 6, 0, 1459, 1748, 334, 328, 55.67, 1
336, 1418, 5, 0, 1464, 1681, 263, 258, 52.60, 1
337, 1421, 5, 0, 1468, 1688, 267, 262, 53.40, 1
338, 1423, 6, 0, 1471, 1768, 345, 339, 57.50, 1
339, 1424, 6, 0, 1473, 1769, 345, 339, 57.50, 1
340, 1434, 30, 0, 1481, 4335, 2901, 2871, 96.70, 1
341, 1436, 10, 0, 1482, 2058, 622, 612, 62.20, 1
342, 1437, 1, 0, 1483, 1483, 46, 45, 46.00, 1
343, 1446, 6, 0, 1491, 1801, 355, 349, 59.17, 1
344, 1451, 3, 0, 1497, 1605, 154, 151, 51.33, 1
345, 1453, 5, 0, 1499, 1738, 285, 280, 57.00, 1
346, 1457, 1, 0, 1504, 1504, 47, 46, 47.00, 1
347, 1466, 1, 0, 1513, 1513, 47, 46, 47.00, 1
348, 1470, 1, 0, 1518, 1518, 48, 47, 48.00, 1
349, 1471, 5, 0, 1520, 1766, 295, 290, 59.00, 1
350, 1477, 2, 0, 1526, 1579, 102, 100, 51.00, 1
351, 1478, 2, 0, 1528, 1581, 103, 101, 51.50, 1
352, 1479, 4, 0, 1530, 1701, 222, 218, 55.50, 1
353, 1481, 1, 0, 1533, 1533, 52, 51, 52.00, 1
354, 1484, 1, 0, 1536, 1536, 52, 51, 52.00, 1
355, 1486, 17, 0, 1538, 2783, 1297, 1280, 76.29, 1
356, 1488, 1, 0, 1540, 1540, 52, 51, 52.00, 1
357, 1492, 3, 0, 1545, 1659, 167, 164, 55.67, 1
358, 1493, 5, 0, 1546, 1805, 312, 307, 62.40, 1
359, 1502, 5, 0, 1552, 1817, 315, 310, 63.00, 1
360, 1507, 1, 0, 1557, 1557, 50, 49, 50.00, 1
361, 1508, 3, 0, 1559, 1677, 169, 166, 56.33, 1
362, 1510, 1, 0, 1561, 1561, 51, 50, 51.00, 1
363, 1514, 9, 0, 1565, 2116, 602, 593, 66.89, 1
364, 1520, 2, 0, 1571, 1628, 108, 106, 54.00, 1
365, 1523, 1, 0, 1575, 1575, 52, 51, 52.00, 1
366, 1524, 2, 0, 1576, 1633, 109, 107, 54.50, 1
367, 1528, 1, 0, 1580, 1580, 52, 51, 52.00, 1
368, 1530, 5, 0, 1583, 1840, 310, 305, 62.00, 1
369, 1531, 1, 0, 1585, 1585, 54, 53, 54.00, 1
370, 1533, 17, 0, 1588, 2875, 1342, 1325, 78.94, 1
371, 1537, 5, 0, 1591, 1857, 320, 315, 64.00, 1
372, 1540, 3, 0, 1594, 1717, 177, 174, 59.00, 1
373, 1541, 8, 0, 1595, 2071, 530, 522, 66.25, 1
374, 1543, 5, 0, 1597, 1862, 319, 314, 63.80, 1
375, 1544, 7, 0, 1598, 1996, 452, 445, 64.57, 1
376, 1549, 4, 0, 1604, 1811, 262, 258, 65.50, 1
377, 1552, 3, 0, 1608, 1740, 188, 185, 62.67, 1
378, 1554, 4, 0, 1611, 1819, 265, 261, 66.25, 1
379, 1558, 2, 0, 1614, 1675, 117, 115, 58.50, 1
380, 1564, 6, 0, 1620, 1952, 388, 382, 64.67, 1
381, 1568, 5, 0, 1624, 1894, 326, 321, 65.20, 1
382, 1576, 2, 0, 1632, 1696, 120, 118, 60.00, 1
383, 1581, 1, 0, 1636, 1636, 55, 54, 55.00, 1
384, 1586, 17, 0, 1640, 2968, 1382, 1365, 81.29, 1
385, 1589, 3, 0, 1644, 1779, 190, 187, 63.33, 1
386, 1591, 8, 0, 1647, 2146, 555, 547, 69.38, 1
387, 1597, 5, 0, 1654, 1921, 324, 319, 64.80, 1
388, 1600, 3, 0, 1658, 1803, 203, 200, 67.67, 1
389, 1602, 9, 0, 1661, 2245, 643, 634, 71.44, 1
390, 1603, 2, 0, 1663, 1734, 131, 129, 65.50, 1
391, 1605, 5, 0, 1666, 1941, 336, 331, 67.20, 1
392, 1612, 3, 0, 1672, 1820, 208, 205, 69.33, 1
393, 1618, 2, 0, 1679, 1751, 133, 131, 66.50, 1
394, 1622, 12, 0, 1684, 2527, 905, 893, 75.42, 1
395, 1629, 2, 0, 1691, 1764, 135, 133, 67.50, 1
396, 1631, 1, 0, 1694, 1694, 63, 62, 63.00, 1
397, 1637, 2, 0, 1698, 1771, 134, 132, 67.00, 1
398, 1640, 1, 0, 1702, 1702, 62, 61, 62.00, 1
399, 1642, 11, 0, 1705, 2460, 818, 807, 74.36, 1
400, 1646, 2, 0, 1710, 1782, 136, 134, 68.00, 1
401, 1647, 3, 0, 1712, 1853, 206, 203, 68.67, 1
402, 1649, 2, 0, 1715, 1790, 141, 139, 70.50, 1
403, 1652, 2, 0, 1718, 1793, 141, 139, 70.50, 1
404, 1656, 6, 0, 1723, 2078, 422, 416, 70.33, 1
405, 1657, 18, 0, 1725, 3233, 1576, 1558, 87.56, 1
406, 1660, 1, 0, 1728, 1728, 68, 67, 68.00, 1
407, 1662, 18, 0, 1731, 3241, 1579, 1561, 87.72, 1
408, 1663, 4, 0, 1733, 1936, 273, 269, 68.25, 1
409, 1666, 6, 0, 1736, 2094, 428, 422, 71.33, 1
410, 1671, 6, 0, 1742, 2102, 431, 425, 71.83, 1
411, 1676, 2, 0, 1747, 1822, 146, 144, 73.00, 1
412, 1679, 1, 0, 1750, 1750, 71, 70, 71.00, 1
413, 1683, 1, 0, 1754, 1754, 71, 70, 71.00, 1
414, 1686, 2, 0, 1757, 1831, 145, 143, 72.50, 1
415, 1688, 9, 0, 1760, 2363, 675, 666, 75.00, 1
416, 1691, 2, 0, 1763, 1835, 144, 142, 72.00, 1
417, 1692, 9, 0, 1765, 2366, 674, 665, 74.89, 1
418, 1693, 5, 0, 1767, 2041, 348, 343, 69.60, 1
419, 1709, 2, 0, 1780, 1848, 139, 137, 69.50, 1
420, 1711, 5, 0, 1783, 2057, 346, 341, 69.20, 1
421, 1713, 9, 0, 1786, 2387, 674, 665, 74.89, 1
422, 1715, 1, 0, 1789, 1789, 74, 73, 74.00, 1
423, 1718, 1, 0, 1792, 1792, 74, 73, 74.00, 1
424, 1727, 5, 0, 1802, 2082, 355, 350, 71.00, 1
425, 1729, 3, 0, 1804, 1927, 198, 195, 66.00, 1
426, 1730, 1, 0, 1806, 1806, 76, 75, 76.00, 1
427, 1737, 8, 0, 1813, 2333, 596, 588, 74.50, 1
428, 1740, 1, 0, 1816, 1816, 76, 75, 76.00, 1
429, 1749, 2, 0, 1823, 1885, 136, 134, 68.00, 1
430, 1752, 1, 0, 1825, 1825, 73, 72, 73.00, 1
431, 1753, 10, 0, 1827, 2526, 773, 763, 77.30, 1
432, 1769, 1, 0, 1838, 1838, 69, 68, 69.00, 1
433, 1775, 6, 0, 1842, 2205, 430, 424, 71.67, 1
434, 1779, 1, 0, 1847, 1847, 68, 67, 68.00, 1
435, 1785, 2, 0, 1852, 1913, 128, 126, 64.00, 1
436, 1787, 2, 0, 1855, 1916, 129, 127, 64.50, 1
437, 1800, 8, 0, 1865, 2404, 604, 596, 75.50, 1
438, 1803, 1, 0, 1868, 1868, 65, 64, 65.00, 1
439, 1805, 3, 0, 1870, 2001, 196, 193, 65.33, 1
440, 1807, 2, 0, 1871, 1930, 123, 121, 61.50, 1
441, 1810, 5, 0, 1875, 2172, 362, 357, 72.40, 1
442, 1811, 4, 0, 1877, 2093, 282, 278, 70.50, 1
443, 1816, 3, 0, 1882, 2019, 203, 200, 67.67, 1
444, 1827, 8, 0, 1888, 2434, 607, 599, 75.88, 1
445, 1831, 2, 0, 1893, 1957, 126, 124, 63.00, 1
446, 1841, 2, 0, 1900, 1966, 125, 123, 62.50, 1
447, 1844, 2, 0, 1904, 1970, 126, 124, 63.00, 1
448, 1846, 3, 0, 1907, 2051, 205, 202, 68.33, 1
449, 1852, 6, 0, 1912, 2301, 449, 443, 74.83, 1
450, 1854, 3, 0, 1914, 2064, 210, 207, 70.00, 1
451, 1871, 2, 0, 1929, 2003, 132, 130, 66.00, 1
452, 1872, 5, 0, 1931, 2243, 371, 366, 74.20, 1
453, 1877, 7, 0, 1937, 2415, 538, 531, 76.86, 1
454, 1882, 7, 0, 1943, 2423, 541, 534, 77.29, 1
455, 1889, 2, 0, 1950, 2028, 139, 137, 69.50, 1
456, 1892, 9, 0, 1954, 2624, 732, 723, 81.33, 1
457, 1893, 7, 0, 1956, 2448, 555, 548, 79.29, 1
458, 1894, 1, 0, 1958, 1958, 64, 63, 64.00, 1
459, 1897, 3, 0, 1961, 2123, 226, 223, 75.33, 1
460, 1900, 2, 0, 1965, 2043, 143, 141, 71.50, 1
461, 1906, 4, 0, 1972, 2208, 302, 298, 75.50, 1
462, 1907, 4, 0, 1974, 2210, 303, 299, 75.75, 1
463, 1908, 2, 0, 1976, 2052, 144, 142, 72.00, 1
464, 1909, 5, 0, 1978, 2297, 388, 383, 77.60, 1
465, 1913, 5, 0, 1983, 2304, 391, 386, 78.20, 1
466, 1914, 2, 0, 1984, 2063, 149, 147, 74.50, 1
467, 1919, 3, 0, 1989, 2151, 232, 229, 77.33, 1
468, 1920, 3, 0, 1991, 2152, 232, 229, 77.33, 1
469, 1921, 5, 0, 1993, 2315, 394, 389, 78.80, 1
470, 1922, 9, 0, 1994, 2684, 762, 753, 84.67, 1
471, 1924, 7, 0, 1997, 2491, 567, 560, 81.00, 1
472, 1929, 4, 0, 2002, 2242, 313, 309, 78.25, 1
473, 1933, 8, 0, 2006, 2594, 661, 653, 82.62, 1
474, 1936, 1, 0, 2010, 2010, 74, 73, 74.00, 1
475, 1941, 4, 0, 2015, 2255, 314, 310, 78.50, 1
476, 1943, 3, 0, 2017, 2178, 235, 232, 78.33, 1
477, 1947, 13, 0, 2022, 3138, 1191, 1178, 91.62, 1
478, 1949, 1, 0, 2025, 2025, 76, 75, 76.00, 1
479, 1950, 5, 0, 2027, 2351, 401, 396, 80.20, 1
480, 1951, 3, 0, 2029, 2188, 237, 234, 79.00, 1
481, 1957, 16, 0, 2035, 3518, 1561, 1545, 97.56, 1
482, 1958, 2, 0, 2036, 2120, 162, 160, 81.00, 1
483, 1980, 1, 0, 2056, 2056, 76, 75, 76.00, 1
484, 1982, 4, 0, 2059, 2299, 317, 313, 79.25, 1
485, 1983, 31, 0, 2061, 6508, 4525, 4494, 145.97, 1
486, 1988, 14, 0, 2067, 3336, 1348, 1334, 96.29, 1
487, 1989, 1, 0, 2069, 2069, 80, 79, 80.00, 1
488, 1991, 1, 0, 2072, 2072, 81, 80, 81.00, 1
489, 1993, 3, 0, 2075, 2231, 238, 235, 79.33, 1
490, 2001, 4, 0, 2083, 2324, 323, 319, 80.75, 1
491, 2009, 4, 0, 2090, 2329, 320, 316, 80.00, 1
492, 2014, 1, 0, 2095, 2095, 81, 80, 81.00, 1
493, 2016, 1, 0, 2098, 2098, 82, 81, 82.00, 1
494, 2023, 9, 0, 2105, 2827, 804, 795, 89.33, 1
495, 2027, 2, 0, 2109, 2186, 159, 157, 79.50, 1
496, 2033, 1, 0, 2115, 2115, 82, 81, 82.00, 1
497, 2035, 3, 0, 2118, 2278, 243, 240, 81.00, 1
498, 2041, 3, 0, 2125, 2286, 245, 242, 81.67, 1
499, 2043, 2, 0, 2126, 2203, 160, 158, 80.00, 1
500, 2055, 1, 0, 2136, 2136, 81, 80, 81.00, 1
501, 2056, 2, 0, 2138, 2215, 159, 157, 79.50, 1
502, 2060, 17, 0, 2140, 3859, 1799, 1782, 105.82, 1
503, 2063, 3, 0, 2144, 2305, 242, 239, 80.67, 1
504, 2068, 7, 0, 2148, 2671, 603, 596, 86.14, 1
505, 2069, 17, 0, 2150, 3892, 1823, 1806, 107.24, 1
506, 2075, 4, 0, 2154, 2396, 321, 317, 80.25, 1
507, 2076, 1, 0, 2156, 2156, 80, 79, 80.00, 1
508, 2077, 3, 0, 2158, 2316, 239, 236, 79.67, 1
509, 2079, 8, 0, 2160, 2794, 715, 707, 89.38, 1
510, 2086, 3, 0, 2167, 2326, 240, 237, 80.00, 1
511, 2096, 2, 0, 2174, 2252, 156, 154, 78.00, 1
512, 2106, 7, 0, 2183, 2718, 612, 605, 87.43, 1
513, 2116, 22, 0, 2192, 4806, 2690, 2668, 122.27, 1
514, 2117, 5, 0, 2193, 2533, 416, 411, 83.20, 1
515, 2123, 3, 0, 2199, 2365, 242, 239, 80.67, 1
516, 2125, 18, 0, 2201, 4118, 1993, 1975, 110.72, 1
517, 2135, 12, 0, 2212, 3314, 1179, 1167, 98.25, 1
518, 2151, 1, 0, 2227, 2227, 76, 75, 76.00, 1
519, 2153, 1, 0, 2228, 2228, 75, 74, 75.00, 1
520, 2161, 3, 0, 2236, 2401, 240, 237, 80.00, 1
521, 2164, 7, 0, 2240, 2802, 638, 631, 91.14, 1
522, 2172, 4, 0, 2249, 2502, 330, 326, 82.50, 1
523, 2174, 6, 0, 2251, 2701, 527, 521, 87.83, 1
524, 2176, 14, 0, 2254, 3617, 1441, 1427, 102.93, 1
525, 2179, 1, 0, 2257, 2257, 78, 77, 78.00, 1
526, 2180, 7, 0, 2259, 2818, 638, 631, 91.14, 1
527, 2182, 3, 0, 2262, 2429, 247, 244, 82.33, 1
528, 2183, 1, 0, 2264, 2264, 81, 80, 81.00, 1
529, 2184, 6, 0, 2266, 2720, 536, 530, 89.33, 1
530, 2192, 3, 0, 2273, 2441, 249, 246, 83.00, 1
531, 2194, 26, 0, 2276, 5910, 3716, 3690, 142.92, 1
532, 2199, 1, 0, 2281, 2281, 82, 81, 82.00, 1
533, 2202, 5, 0, 2285, 2641, 439, 434, 87.80, 1
534, 2203, 1, 0, 2287, 2287, 84, 83, 84.00, 1
535, 2205, 6, 0, 2289, 2758, 553, 547, 92.17, 1
536, 2206, 1, 0, 2290, 2290, 84, 83, 84.00, 1
537, 2211, 1, 0, 2294, 2294, 83, 82, 83.00, 1
538, 2219, 4, 0, 2302, 2564, 345, 341, 86.25, 1
539, 2225, 5, 0, 2309, 2673, 448, 443, 89.60, 1
540, 2226, 3, 0, 2311, 2480, 254, 251, 84.67, 1
541, 2244, 5, 0, 2325, 2695, 451, 446, 90.20, 1
542, 2254, 1, 0, 2334, 2334, 80, 79, 80.00, 1
543, 2255, 1, 0, 2336, 2336, 81, 80, 81.00, 1
544, 2256, 1, 0, 2337, 2337, 81, 80, 81.00, 1
545, 2257, 2, 0, 2339, 2422, 165, 163, 82.50, 1
546, 2262, 8, 0, 2344, 3035, 773, 765, 96.62, 1
547, 2269, 5, 0, 2350, 2723, 454, 449, 90.80, 1
548, 2274, 2, 0, 2356, 2442, 168, 166, 84.00, 1
549, 2278, 1, 0, 2361, 2361, 83, 82, 83.00, 1
550, 2282, 5, 0, 2364, 2744, 462, 457, 92.40, 1
551, 2284, 4, 0, 2367, 2637, 353, 349, 88.25, 1
552, 2286, 1, 0, 2370, 2370, 84, 83, 84.00, 1
553, 2289, 1, 0, 2372, 2372, 83, 82, 83.00, 1
554, 2292, 1, 0, 2375, 2375, 83, 82, 83.00, 1
555, 2294, 13, 0, 2378, 3694, 1400, 1387, 107.69, 1
556, 2297, 9, 0, 2381, 3208, 911, 902, 101.22, 1
557, 2306, 2, 0, 2386, 2473, 167, 165, 83.50, 1
558, 2310, 5, 0, 2391, 2782, 472, 467, 94.40, 1
559, 2317, 9, 0, 2397, 3231, 914, 905, 101.56, 1
560, 2318, 3, 0, 2399, 2584, 266, 263, 88.67, 1
561, 2320, 5, 0, 2402, 2795, 475, 470, 95.00, 1
562, 2322, 11, 0, 2405, 3470, 1148, 1137, 104.36, 1
563, 2323, 8, 0, 2407, 3120, 797, 789, 99.62, 1
564, 2326, 2, 0, 2410, 2497, 171, 169, 85.50, 1
565, 2330, 2, 0, 2413, 2501, 171, 169, 85.50, 1
566, 2333, 1, 0, 2417, 2417, 84, 83, 84.00, 1
567, 2336, 6, 0, 2419, 2921, 585, 579, 97.50, 1
568, 2339, 7, 0, 2421, 3029, 690, 683, 98.57, 1
569, 2342, 2, 0, 2425, 2512, 170, 168, 85.00, 1
570, 2348, 1, 0, 2432, 2432, 84, 83, 84.00, 1
571, 2351, 7, 0, 2436, 3044, 693, 686, 99.00, 1
572, 2352, 1, 0, 2437, 2437, 85, 84, 85.00, 1
573, 2358, 2, 0, 2444, 2532, 174, 172, 87.00, 1
574, 2360, 5, 0, 2447, 2847, 487, 482, 97.40, 1
575, 2363, 5, 0, 2450, 2850, 487, 482, 97.40, 1
576, 2375, 3, 0, 2458, 2647, 272, 269, 90.67, 1
577, 2376, 3, 0, 2459, 2648, 272, 269, 90.67, 1
578, 2377, 1, 0, 2461, 2461, 84, 83, 84.00, 1
579, 2381, 11, 0, 2466, 3569, 1188, 1177, 108.00, 1
580, 2385, 3, 0, 2471, 2668, 283, 280, 94.33, 1
581, 2390, 12, 0, 2476, 3733, 1343, 1331, 111.92, 1
582, 2394, 1, 0, 2481, 2481, 87, 86, 87.00, 1
583, 2398, 6, 0, 2485, 3006, 608, 602, 101.33, 1
584, 2400, 3, 0, 2488, 2685, 285, 282, 95.00, 1
585, 2412, 5, 0, 2499, 2909, 497, 492, 99.40, 1
586, 2416, 1, 0, 2503, 2503, 87, 86, 87.00, 1
587, 2417, 4, 0, 2505, 2811, 394, 390, 98.50, 1
588, 2421, 4, 0, 2509, 2815, 394, 390, 98.50, 1
589, 2428, 7, 0, 2515, 3139, 711, 704, 101.57, 1
590, 2430, 7, 0, 2517, 3142, 712, 705, 101.71, 1
591, 2432, 1, 0, 2520, 2520, 88, 87, 88.00, 1
592, 2435, 4, 0, 2522, 2829, 394, 390, 98.50, 1
593, 2436, 6, 0, 2524, 3043, 607, 601, 101.17, 1
594, 2440, 4, 0, 2528, 2837, 397, 393, 99.25, 1
595, 2443, 8, 0, 2530, 3262, 819, 811, 102.38, 1
596, 2448, 9, 0, 2536, 3391, 943, 934, 104.78, 1
597, 2453, 2, 0, 2541, 2639, 186, 184, 93.00, 1
598, 2455, 7, 0, 2544, 3181, 726, 719, 103.71, 1
599, 2461, 3, 0, 2550, 2760, 299, 296, 99.67, 1
600, 2462, 22, 0, 2551, 5724, 3262, 3240, 148.27, 1
601, 2465, 2, 0, 2555, 2655, 190, 188, 95.00, 1
602, 2467, 4, 0, 2558, 2881, 414, 410, 103.50, 1
603, 2469, 1, 0, 2561, 2561, 92, 91, 92.00, 1
604, 2470, 6, 0, 2563, 3100, 630, 624, 105.00, 1
605, 2471, 3, 0, 2565, 2776, 305, 302, 101.67, 1
606, 2477, 1, 0, 2571, 2571, 94, 93, 94.00, 1
607, 2479, 2, 0, 2574, 2675, 196, 194, 98.00, 1
608, 2481, 3, 0, 2576, 2785, 304, 301, 101.33, 1
609, 2483, 2, 0, 2578, 2680, 197, 195, 98.50, 1
610, 2486, 1, 0, 2582, 2582, 96, 95, 96.00, 1
611, 2492, 5, 0, 2588, 3007, 515, 510, 103.00, 1
612, 2500, 7, 0, 2596, 3240, 740, 733, 105.71, 1
613, 2506, 1, 0, 2600, 2600, 94, 93, 94.00, 1
614, 2507, 1, 0, 2602, 2602, 95, 94, 95.00, 1
615, 2508, 2, 0, 2604, 2705, 197, 195, 98.50, 1
616, 2523, 10, 0, 2618, 3628, 1105, 1095, 110.50, 1
617, 2527, 4, 0, 2622, 2940, 413, 409, 103.25, 1
618, 2531, 4, 0, 2626, 2944, 413, 409, 103.25, 1
619, 2532, 2, 0, 2628, 2734, 202, 200, 101.00, 1
620, 2535, 2, 0, 2630, 2737, 202, 200, 101.00, 1
621, 2540, 7, 0, 2636, 3283, 743, 736, 106.14, 1
622, 2541, 3, 0, 2638, 2857, 316, 313, 105.33, 1
623, 2546, 10, 0, 2644, 3684, 1138, 1128, 113.80, 1
624, 2551, 2, 0, 2650, 2761, 210, 208, 105.00, 1
625, 2556, 19, 0, 2656, 5317, 2761, 2742, 145.32, 1
626, 2557, 7, 0, 2658, 3317, 760, 753, 108.57, 1
627, 2558, 1, 0, 2660, 2660, 102, 101, 102.00, 1
628, 2560, 1, 0, 2663, 2663, 103, 102, 103.00, 1
629, 2577, 2, 0, 2678, 2786, 209, 207, 104.50, 1
630, 2589, 3, 0, 2689, 2902, 313, 310, 104.33, 1
631, 2592, 1, 0, 2693, 2693, 101, 100, 101.00, 1
632, 2594, 6, 0, 2696, 3238, 644, 638, 107.33, 1
633, 2598, 5, 0, 2700, 3130, 532, 527, 106.40, 1
634, 2606, 1, 0, 2706, 2706, 100, 99, 100.00, 1
635, 2609, 2, 0, 2710, 2819, 210, 208, 105.00, 1
636, 2613, 2, 0, 2715, 2825, 212, 210, 106.00, 1
637, 2616, 7, 0, 2719, 3366, 750, 743, 107.14, 1
638, 2623, 3, 0, 2727, 2941, 318, 315, 106.00, 1
639, 2626, 4, 0, 2730, 3048, 422, 418, 105.50, 1
640, 2628, 2, 0, 2733, 2842, 214, 212, 107.00, 1
641, 2630, 1, 0, 2736, 2736, 106, 105, 106.00, 1
642, 2631, 7, 0, 2738, 3387, 756, 749, 108.00, 1
643, 2635, 8, 0, 2743, 3524, 889, 881, 111.12, 1
644, 2636, 2, 0, 2745, 2853, 217, 215, 108.50, 1
645, 2638, 8, 0, 2747, 3533, 895, 887, 111.88, 1
646, 2640, 3, 0, 2749, 2960, 320, 317, 106.67, 1
647, 2642, 5, 0, 2751, 3179, 537, 532, 107.40, 1
648, 2643, 4, 0, 2753, 3072, 429, 425, 107.25, 1
649, 2644, 5, 0, 2755, 3183, 539, 534, 107.80, 1
650, 2645, 3, 0, 2757, 2973, 328, 325, 109.33, 1
651, 2663, 2, 0, 2772, 2883, 220, 218, 110.00, 1
652, 2669, 9, 0, 2777, 3721, 1052, 1043, 116.89, 1
653, 2671, 1, 0, 2780, 2780, 109, 108, 109.00, 1
654, 2677, 11, 0, 2784, 4036, 1359, 1348, 123.55, 1
655, 2679, 1, 0, 2787, 2787, 108, 107, 108.00, 1
656, 2680, 1, 0, 2789, 2789, 109, 108, 109.00, 1
657, 2681, 1, 0, 2790, 2790, 109, 108, 109.00, 1
658, 2692, 2, 0, 2800, 2905, 213, 211, 106.50, 1
659, 2699, 1, 0, 2806, 2806, 107, 106, 107.00, 1
660, 2700, 6, 0, 2808, 3356, 656, 650, 109.33, 1
661, 2702, 3, 0, 2810, 3023, 321, 318, 107.00, 1
662, 2703, 4, 0, 2812, 3131, 428, 424, 107.00, 1
663, 2708, 3, 0, 2816, 3027, 319, 316, 106.33, 1
664, 2714, 4, 0, 2823, 3141, 427, 423, 106.75, 1
665, 2722, 2, 0, 2830, 2933, 211, 209, 105.50, 1
666, 2723, 9, 0, 2832, 3767, 1044, 1035, 116.00, 1
667, 2735, 14, 0, 2843, 4610, 1875, 1861, 133.93, 1
668, 2736, 1, 0, 2845, 2845, 109, 108, 109.00, 1
669, 2743, 5, 0, 2851, 3276, 533, 528, 106.60, 1
670, 2748, 2, 0, 2856, 2959, 211, 209, 105.50, 1
671, 2751, 4, 0, 2860, 3177, 426, 422, 106.50, 1
672, 2752, 1, 0, 2862, 2862, 110, 109, 110.00, 1
673, 2756, 3, 0, 2867, 3075, 319, 316, 106.33, 1
674, 2758, 1, 0, 2870, 2870, 112, 111, 112.00, 1
675, 2763, 10, 0, 2872, 3975, 1212, 1202, 121.20, 1
676, 2770, 11, 0, 2880, 4158, 1388, 1377, 126.18, 1
677, 2775, 2, 0, 2886, 2991, 216, 214, 108.00, 1
678, 2778, 8, 0, 2889, 3722, 944, 936, 118.00, 1
679, 2783, 11, 0, 2893, 4197, 1414, 1403, 128.55, 1
680, 2784, 1, 0, 2894, 2894, 110, 109, 110.00, 1
681, 2790, 6, 0, 2897, 3469, 679, 673, 113.17, 1
682, 2792, 1, 0, 2898, 2898, 106, 105, 106.00, 1
683, 2801, 5, 0, 2906, 3348, 547, 542, 109.40, 1
684, 2805, 4, 0, 2910, 3239, 434, 430, 108.50, 1
685, 2808, 9, 0, 2913, 3901, 1093, 1084, 121.44, 1
686, 2809, 6, 0, 2915, 3478, 669, 663, 111.50, 1
687, 2813, 3, 0, 2919, 3132, 319, 316, 106.33, 1
688, 2817, 3, 0, 2923, 3135, 318, 315, 106.00, 1
689, 2818, 18, 0, 2925, 5594, 2776, 2758, 154.22, 1
690, 2820, 3, 0, 2926, 3137, 317, 314, 105.67, 1
691, 2832, 1, 0, 2935, 2935, 103, 102, 103.00, 1
692, 2833, 5, 0, 2937, 3373, 540, 535, 108.00, 1
693, 2844, 10, 0, 2947, 4076, 1232, 1222, 123.20, 1
694, 2846, 2, 0, 2949, 3053, 207, 205, 103.50, 1
695, 2848, 9, 0, 2951, 3938, 1090, 1081, 121.11, 1
696, 2854, 3, 0, 2956, 3167, 313, 310, 104.33, 1
697, 2860, 2, 0, 2962, 3066, 206, 204, 103.00, 1
698, 2865, 1, 0, 2967, 2967, 102, 101, 102.00, 1
699, 2868, 5, 0, 2971, 3417, 549, 544, 109.80, 1
700, 2870, 12, 0, 2974, 4481, 1611, 1599, 134.25, 1
701, 2872, 4, 0, 2976, 3302, 430, 426, 107.50, 1
702, 2876, 8, 0, 2979, 3845, 969, 961, 121.12, 1
703, 2878, 6, 0, 2982, 3566, 688, 682, 114.67, 1
704, 2880, 6, 0, 2985, 3570, 690, 684, 115.00, 1
705, 2886, 10, 0, 2990, 4174, 1288, 1278, 128.80, 1
706, 2887, 4, 0, 2992, 3329, 442, 438, 110.50, 1
707, 2890, 11, 0, 2996, 4350, 1460, 1449, 132.73, 1
708, 2895, 7, 0, 3001, 3739, 844, 837, 120.57, 1
709, 2911, 1, 0, 3014, 3014, 103, 102, 103.00, 1
710, 2912, 1, 0, 3016, 3016, 104, 103, 104.00, 1
711, 2913, 1, 0, 3018, 3018, 105, 104, 105.00, 1
712, 2936, 1, 0, 3039, 3039, 103, 102, 103.00, 1
713, 2938, 2, 0, 3042, 3150, 212, 210, 106.00, 1
714, 2941, 1, 0, 3045, 3045, 104, 103, 104.00, 1
715, 2943, 4, 0, 3047, 3377, 434, 430, 108.50, 1
716, 2961, 6, 0, 3063, 3669, 708, 702, 118.00, 1
717, 2962, 4, 0, 3065, 3408, 446, 442, 111.50, 1
718, 2963, 2, 0, 3067, 3176, 213, 211, 106.50, 1
719, 2965, 6, 0, 3070, 3679, 714, 708, 119.00, 1
720, 2969, 7, 0, 3073, 3822, 853, 846, 121.86, 1
721, 2977, 4, 0, 3081, 3424, 447, 443, 111.75, 1
722, 2979, 4, 0, 3084, 3430, 451, 447, 112.75, 1
723, 2980, 3, 0, 3086, 3311, 331, 328, 110.33, 1
724, 2986, 2, 0, 3093, 3206, 220, 218, 110.00, 1
725, 2995, 2, 0, 3102, 3216, 221, 219, 110.50, 1
726, 3000, 8, 0, 3108, 4029, 1029, 1021, 128.62, 1
727, 3002, 2, 0, 3111, 3226, 224, 222, 112.00, 1
728, 3011, 1, 0, 3119, 3119, 108, 107, 108.00, 1
729, 3012, 3, 0, 3121, 3351, 339, 336, 113.00, 1
730, 3020, 3, 0, 3127, 3355, 335, 332, 111.67, 1
731, 3026, 1, 0, 3133, 3133, 107, 106, 107.00, 1
732, 3034, 21, 0, 3140, 6841, 3807, 3786, 181.29, 1
733, 3038, 32, 0, 3144, 11152, 8114, 8082, 253.56, 1
734, 3041, 6, 0, 3147, 3769, 728, 722, 121.33, 1
735, 3042, 6, 0, 3149, 3775, 733, 727, 122.17, 1
736, 3052, 19, 0, 3156, 6370, 3318, 3299, 174.63, 1
737, 3056, 5, 0, 3160, 3652, 596, 591, 119.20, 1
738, 3059, 8, 0, 3164, 4103, 1044, 1036, 130.50, 1
739, 3060, 5, 0, 3166, 3665, 605, 600, 121.00, 1
740, 3064, 1, 0, 3171, 3171, 107, 106, 107.00, 1
741, 3065, 3, 0, 3173, 3407, 342, 339, 114.00, 1
742, 3066, 1, 0, 3175, 3175, 109, 108, 109.00, 1
743, 3069, 6, 0, 3178, 3816, 747, 741, 124.50, 1
744, 3076, 3, 0, 3184, 3415, 339, 336, 113.00, 1
745, 3077, 2, 0, 3186, 3297, 220, 218, 110.00, 1
746, 3084, 8, 0, 3194, 4146, 1062, 1054, 132.75, 1
747, 3085, 1, 0, 3196, 3196, 111, 110, 111.00, 1
748, 3091, 1, 0, 3203, 3203, 112, 111, 112.00, 1
749, 3097, 6, 0, 3210, 3855, 758, 752, 126.33, 1
750, 3098, 4, 0, 3212, 3578, 480, 476, 120.00, 1
751, 3111, 6, 0, 3225, 3888, 777, 771, 129.50, 1
752, 3112, 5, 0, 3227, 3743, 631, 626, 126.20, 1
753, 3119, 3, 0, 3235, 3472, 353, 350, 117.67, 1
754, 3121, 3, 0, 3236, 3473, 352, 349, 117.33, 1
755, 3131, 8, 0, 3246, 4212, 1081, 1073, 135.12, 1
756, 3132, 1, 0, 3247, 3247, 115, 114, 115.00, 1
757, 3139, 4, 0, 3250, 3621, 482, 478, 120.50, 1
758, 3145, 2, 0, 3254, 3368, 223, 221, 111.50, 1
759, 3148, 16, 0, 3258, 5864, 2716, 2700, 169.75, 1
760, 3149, 3, 0, 3260, 3497, 348, 345, 116.00, 1
761, 3157, 8, 0, 3268, 4257, 1100, 1092, 137.50, 1
762, 3161, 1, 0, 3273, 3273, 112, 111, 112.00, 1
763, 3165, 3, 0, 3278, 3522, 357, 354, 119.00, 1
764, 3166, 3, 0, 3280, 3526, 360, 357, 120.00, 1
765, 3167, 11, 0, 3282, 4855, 1688, 1677, 153.45, 1
766, 3173, 4, 0, 3287, 3674, 501, 497, 125.25, 1
767, 3177, 1, 0, 3290, 3290, 113, 112, 113.00, 1
768, 3180, 5, 0, 3292, 3819, 639, 634, 127.80, 1
769, 3190, 2, 0, 3301, 3421, 231, 229, 115.50, 1
770, 3191, 3, 0, 3303, 3552, 361, 358, 120.33, 1
771, 3195, 5, 0, 3308, 3841, 646, 641, 129.20, 1
772, 3200, 3, 0, 3313, 3565, 365, 362, 121.67, 1
773, 3202, 8, 0, 3316, 4329, 1127, 1119, 140.88, 1
774, 3204, 2, 0, 3318, 3437, 233, 231, 116.50, 1
775, 3209, 2, 0, 3322, 3441, 232, 230, 116.00, 1
776, 3213, 7, 0, 3327, 4172, 959, 952, 137.00, 1
777, 3217, 2, 0, 3331, 3452, 235, 233, 117.50, 1
778, 3219, 1, 0, 3334, 3334, 115, 114, 115.00, 1
779, 3234, 8, 0, 3347, 4374, 1140, 1132, 142.50, 1
780, 3239, 5, 0, 3352, 3898, 659, 654, 131.80, 1
781, 3241, 6, 0, 3353, 4043, 802, 796, 133.67, 1
782, 3246, 3, 0, 3358, 3614, 368, 365, 122.67, 1
783, 3248, 2, 0, 3360, 3482, 234, 232, 117.00, 1
784, 3252, 5, 0, 3365, 3913, 661, 656, 132.20, 1
785, 3261, 2, 0, 3375, 3499, 238, 236, 119.00, 1
786, 3265, 1, 0, 3379, 3379, 114, 113, 114.00, 1
787, 3266, 4, 0, 3381, 3780, 514, 510, 128.50, 1
788, 3267, 7, 0, 3383, 4251, 984, 977, 140.57, 1
789, 3273, 4, 0, 3390, 3796, 523, 519, 130.75, 1
790, 3277, 6, 0, 3393, 4102, 825, 819, 137.50, 1
791, 3280, 2, 0, 3397, 3525, 245, 243, 122.50, 1
792, 3281, 2, 0, 3399, 3527, 246, 244, 123.00, 1
793, 3284, 4, 0, 3402, 3810, 526, 522, 131.50, 1
794, 3293, 4, 0, 3411, 3820, 527, 523, 131.75, 1
795, 3295, 1, 0, 3414, 3414, 119, 118, 119.00, 1
796, 3296, 3, 0, 3416, 3683, 387, 384, 129.00, 1
797, 3303, 18, 0, 3422, 6711, 3408, 3390, 189.33, 1
798, 3308, 2, 0, 3428, 3558, 250, 248, 125.00, 1
799, 3310, 1, 0, 3431, 3431, 121, 120, 121.00, 1
800, 3325, 5, 0, 3444, 4003, 678, 673, 135.60, 1
801, 3329, 1, 0, 3449, 3449, 120, 119, 120.00, 1
802, 3330, 1, 0, 3450, 3450, 120, 119, 120.00, 1
803, 3333, 1, 0, 3454, 3454, 121, 120, 121.00, 1
804, 3335, 8, 0, 3456, 4534, 1199, 1191, 149.88, 1
805, 3337, 20, 0, 3458, 7313, 3976, 3956, 198.80, 1
806, 3338, 2, 0, 3460, 3594, 256, 254, 128.00, 1
807, 3341, 7, 0, 3464, 4369, 1028, 1021, 146.86, 1
808, 3352, 4, 0, 3474, 3897, 545, 541, 136.25, 1
809, 3360, 1, 0, 3481, 3481, 121, 120, 121.00, 1
810, 3362, 3, 0, 3484, 3758, 396, 393, 132.00, 1
811, 3365, 2, 0, 3488, 3625, 260, 258, 130.00, 1
812, 3367, 1, 0, 3490, 3490, 123, 122, 123.00, 1
813, 3370, 2, 0, 3493, 3629, 259, 257, 129.50, 1
814, 3375, 6, 0, 3498, 4238, 863, 857, 143.83, 1
815, 3378, 1, 0, 3501, 3501, 123, 122, 123.00, 1
816, 3379, 2, 0, 3503, 3639, 260, 258, 130.00, 1
817, 3384, 3, 0, 3508, 3785, 401, 398, 133.67, 1
818, 3387, 2, 0, 3512, 3650, 263, 261, 131.50, 1
819, 3390, 6, 0, 3515, 4269, 879, 873, 146.50, 1
820, 3392, 5, 0, 3517, 4098, 706, 701, 141.20, 1
821, 3395, 2, 0, 3521, 3661, 266, 264, 133.00, 1
822, 3396, 11, 0, 3523, 5263, 1867, 1856, 169.73, 1
823, 3401, 5, 0, 3529, 4111, 710, 705, 142.00, 1
824, 3402, 1, 0, 3531, 3531, 129, 128, 129.00, 1
825, 3405, 3, 0, 3535, 3812, 407, 404, 135.67, 1
826, 3406, 1, 0, 3537, 3537, 131, 130, 131.00, 1
827, 3410, 8, 0, 3540, 4664, 1254, 1246, 156.75, 1
828, 3414, 5, 0, 3545, 4127, 713, 708, 142.60, 1
829, 3415, 4, 0, 3546, 3967, 552, 548, 138.00, 1
830, 3425, 2, 0, 3553, 3690, 265, 263, 132.50, 1
831, 3428, 6, 0, 3557, 4321, 893, 887, 148.83, 1
832, 3431, 10, 0, 3560, 5099, 1668, 1658, 166.80, 1
833, 3433, 1, 0, 3562, 3562, 129, 128, 129.00, 1
834, 3434, 2, 0, 3564, 3705, 271, 269, 135.50, 1
835, 3437, 12, 0, 3568, 5537, 2100, 2088, 175.00, 1
836, 3442, 7, 0, 3572, 4517, 1075, 1068, 153.57, 1
837, 3445, 9, 0, 3576, 4912, 1467, 1458, 163.00, 1
838, 3447, 3, 0, 3579, 3862, 415, 412, 138.33, 1
839, 3451, 4, 0, 3582, 4012, 561, 557, 140.25, 1
840, 3455, 10, 0, 3585, 5123, 1668, 1658, 166.80, 1
841, 3456, 2, 0, 3587, 3727, 271, 269, 135.50, 1
842, 3459, 4, 0, 3591, 4025, 566, 562, 141.50, 1
843, 3460, 17, 0, 3593, 6781, 3321, 3304, 195.35, 1
844, 3462, 1, 0, 3596, 3596, 134, 133, 134.00, 1
845, 3465, 1, 0, 3600, 3600, 135, 134, 135.00, 1
846, 3466, 11, 0, 3602, 5361, 1895, 1884, 172.27, 1
847, 3472, 2, 0, 3607, 3748, 276, 274, 138.00, 1
848, 3474, 8, 0, 3608, 4749, 1275, 1267, 159.38, 1
849, 3479, 5, 0, 3613, 4210, 731, 726, 146.20, 1
850, 3482, 13, 0, 3616, 5814, 2332, 2319, 179.38, 1
851, 3486, 5, 0, 3620, 4221, 735, 730, 147.00, 1
852, 3487, 3, 0, 3622, 3908, 421, 418, 140.33, 1
853, 3488, 9, 0, 3624, 4984, 1496, 1487, 166.22, 1
854, 3498, 2, 0, 3633, 3771, 273, 271, 136.50, 1
855, 3500, 4, 0, 3635, 4069, 569, 565, 142.25, 1
856, 3503, 1, 0, 3638, 3638, 135, 134, 135.00, 1
857, 3504, 3, 0, 3640, 3924, 420, 417, 140.00, 1
858, 3511, 8, 0, 3648, 4825, 1314, 1306, 164.25, 1
859, 3517, 4, 0, 3655, 4097, 580, 576, 145.00, 1
860, 3519, 11, 0, 3657, 5471, 1952, 1941, 177.45, 1
861, 3520, 1, 0, 3659, 3659, 139, 138, 139.00, 1
862, 3523, 12, 0, 3662, 5694, 2171, 2159, 180.92, 1
863, 3526, 7, 0, 3664, 4651, 1125, 1118, 160.71, 1
864, 3535, 2, 0, 3670, 3811, 276, 274, 138.00, 1
865, 3537, 3, 0, 3673, 3961, 424, 421, 141.33, 1
866, 3550, 4, 0, 3686, 4131, 581, 577, 145.25, 1
867, 3551, 3, 0, 3688, 3971, 420, 417, 140.00, 1
868, 3554, 3, 0, 3691, 3974, 420, 417, 140.00, 1
869, 3555, 3, 0, 3693, 3978, 423, 420, 141.00, 1
870, 3556, 8, 0, 3695, 4887, 1331, 1323, 166.38, 1
871, 3560, 10, 0, 3699, 5316, 1756, 1746, 175.60, 1
872, 3562, 2, 0, 3702, 3846, 284, 282, 142.00, 1
873, 3563, 1, 0, 3703, 3703, 140, 139, 140.00, 1
874, 3578, 2, 0, 3715, 3860, 282, 280, 141.00, 1
875, 3579, 3, 0, 3716, 4005, 426, 423, 142.00, 1
876, 3585, 2, 0, 3723, 3869, 284, 282, 142.00, 1
877, 3587, 6, 0, 3726, 4533, 946, 940, 157.67, 1
878, 3590, 8, 0, 3730, 4927, 1337, 1329, 167.12, 1
879, 3595, 1, 0, 3735, 3735, 140, 139, 140.00, 1
880, 3597, 10, 0, 3737, 5355, 1758, 1748, 175.80, 1
881, 3604, 2, 0, 3744, 3890, 286, 284, 143.00, 1
882, 3615, 1, 0, 3755, 3755, 140, 139, 140.00, 1
883, 3625, 2, 0, 3764, 3912, 287, 285, 143.50, 1
884, 3631, 11, 0, 3768, 5629, 1998, 1987, 181.64, 1
885, 3635, 8, 0, 3773, 5003, 1368, 1360, 171.00, 1
886, 3642, 3, 0, 3779, 4075, 433, 430, 144.33, 1
887, 3644, 1, 0, 3782, 3782, 138, 137, 138.00, 1
888, 3645, 16, 0, 3784, 6896, 3251, 3235, 203.19, 1
889, 3648, 3, 0, 3788, 4083, 435, 432, 145.00, 1
890, 3649, 3, 0, 3790, 4087, 438, 435, 146.00, 1
891, 3652, 1, 0, 3793, 3793, 141, 140, 141.00, 1
892, 3653, 14, 0, 3794, 6402, 2749, 2735, 196.36, 1
893, 3659, 1, 0, 3801, 3801, 142, 141, 142.00, 1
894, 3661, 4, 0, 3803, 4277, 616, 612, 154.00, 1
895, 3667, 5, 0, 3808, 4468, 801, 796, 160.20, 1
896, 3674, 3, 0, 3815, 4123, 449, 446, 149.67, 1
897, 3677, 1, 0, 3818, 3818, 141, 140, 141.00, 1
898, 3680, 3, 0, 3821, 4125, 445, 442, 148.33, 1
899, 3685, 1, 0, 3825, 3825, 140, 139, 140.00, 1
900, 3691, 7, 0, 3831, 4874, 1183, 1176, 169.00, 1
901, 3693, 6, 0, 3834, 4678, 985, 979, 164.17, 1
902, 3694, 1, 0, 3836, 3836, 142, 141, 142.00, 1
903, 3695, 4, 0, 3837, 4313, 618, 614, 154.50, 1
904, 3699, 7, 0, 3842, 4890, 1191, 1184, 170.14, 1
905, 3703, 1, 0, 3847, 3847, 144, 143, 144.00, 1
906, 3705, 1, 0, 3849, 3849, 144, 143, 144.00, 1
907, 3712, 4, 0, 3856, 4340, 628, 624, 157.00, 1
908, 3719, 3, 0, 3864, 4173, 454, 451, 151.33, 1
909, 3720, 4, 0, 3866, 4345, 625, 621, 156.25, 1
910, 3722, 3, 0, 3868, 4178, 456, 453, 152.00, 1
911, 3724, 1, 0, 3870, 3870, 146, 145, 146.00, 1
912, 3729, 4, 0, 3875, 4355, 626, 622, 156.50, 1
913, 3732, 8, 0, 3879, 5138, 1406, 1398, 175.75, 1
914, 3733, 2, 0, 3881, 4027, 294, 292, 147.00, 1
915, 3740, 1, 0, 3886, 3886, 146, 145, 146.00, 1
916, 3749, 5, 0, 3894, 4556, 807, 802, 161.40, 1
917, 3750, 2, 0, 3896, 4042, 292, 290, 146.00, 1
918, 3753, 1, 0, 3900, 3900, 147, 146, 147.00, 1
919, 3758, 5, 0, 3905, 4569, 811, 806, 162.20, 1
920, 3764, 4, 0, 3911, 4401, 637, 633, 159.25, 1
921, 3766, 2, 0, 3914, 4061, 295, 293, 147.50, 1
922, 3770, 4, 0, 3917, 4408, 638, 634, 159.50, 1
923, 3775, 3, 0, 3922, 4244, 469, 466, 156.33, 1
924, 3788, 5, 0, 3932, 4621, 833, 828, 166.60, 1
925, 3791, 2, 0, 3936, 4088, 297, 295, 148.50, 1
926, 3795, 2, 0, 3940, 4093, 298, 296, 149.00, 1
927, 3797, 7, 0, 3942, 5037, 1240, 1233, 177.14, 1
928, 3803, 2, 0, 3948, 4104, 301, 299, 150.50, 1
929, 3806, 8, 0, 3952, 5265, 1459, 1451, 182.38, 1
930, 3808, 2, 0, 3955, 4113, 305, 303, 152.50, 1
931, 3812, 16, 0, 3958, 7246, 3434, 3418, 214.62, 1
932, 3814, 5, 0, 3960, 4660, 846, 841, 169.20, 1
933, 3819, 1, 0, 3964, 3964, 145, 144, 145.00, 1
934, 3835, 2, 0, 3977, 4138, 303, 301, 151.50, 1
935, 3836, 3, 0, 3979, 4310, 474, 471, 158.00, 1
936, 3837, 9, 0, 3980, 5520, 1683, 1674, 187.00, 1
937, 3838, 3, 0, 3982, 4316, 478, 475, 159.33, 1
938, 3840, 3, 0, 3985, 4319, 479, 476, 159.67, 1
939, 3842, 1, 0, 3987, 3987, 145, 144, 145.00, 1
940, 3844, 6, 0, 3990, 4894, 1050, 1044, 175.00, 1
941, 3850, 6, 0, 3993, 4897, 1047, 1041, 174.50, 1
942, 3853, 5, 0, 3997, 4703, 850, 845, 170.00, 1
943, 3854, 1, 0, 3999, 3999, 145, 144, 145.00, 1
944, 3855, 2, 0, 4001, 4164, 309, 307, 154.50, 1
945, 3862, 14, 0, 4006, 6763, 2901, 2887, 207.21, 1
946, 3867, 3, 0, 4011, 4346, 479, 476, 159.67, 1
947, 3868, 7, 0, 4013, 5122, 1254, 1247, 179.14, 1
948, 3869, 3, 0, 4015, 4348, 479, 476, 159.67, 1
949, 3881, 6, 0, 4026, 4934, 1053, 1047, 175.50, 1
950, 3885, 3, 0, 4031, 4368, 483, 480, 161.00, 1
951, 3888, 3, 0, 4034, 4370, 482, 479, 160.67, 1
952, 3892, 5, 0, 4037, 4744, 852, 847, 170.40, 1
953, 3894, 13, 0, 4039, 6525, 2631, 2618, 202.38, 1
954, 3901, 16, 0, 4044, 7332, 3431, 3415, 214.44, 1
955, 3902, 6, 0, 4045, 4953, 1051, 1045, 175.17, 1
956, 3905, 2, 0, 4049, 4215, 310, 308, 155.00, 1
957, 3906, 4, 0, 4051, 4570, 664, 660, 166.00, 1
958, 3907, 5, 0, 4053, 4766, 859, 854, 171.80, 1
959, 3908, 5, 0, 4055, 4772, 864, 859, 172.80, 1
960, 3910, 15, 0, 4057, 7120, 3210, 3195, 214.00, 1
961, 3911, 7, 0, 4059, 5193, 1282, 1275, 183.14, 1
962, 3920, 15, 0, 4067, 7153, 3233, 3218, 215.53, 1
963, 3922, 5, 0, 4070, 4801, 879, 874, 175.80, 1
964, 3924, 10, 0, 4073, 5876, 1952, 1942, 195.20, 1
965, 3931, 14, 0, 4080, 6907, 2976, 2962, 212.57, 1
966, 3934, 4, 0, 4084, 4622, 688, 684, 172.00, 1
967, 3935, 1, 0, 4086, 4086, 151, 150, 151.00, 1
968, 3937, 3, 0, 4089, 4441, 504, 501, 168.00, 1
969, 3939, 4, 0, 4091, 4627, 688, 684, 172.00, 1
970, 3943, 10, 0, 4096, 5919, 1976, 1966, 197.60, 1
971, 3945, 6, 0, 4099, 5041, 1096, 1090, 182.67, 1
972, 3946, 2, 0, 4101, 4276, 330, 328, 165.00, 1
973, 3954, 1, 0, 4110, 4110, 156, 155, 156.00, 1
974, 3955, 3, 0, 4112, 4466, 511, 508, 170.33, 1
975, 3957, 19, 0, 4115, 8554, 4597, 4578, 241.95, 1
976, 3960, 24, 0, 4119, 10854, 6894, 6870, 287.25, 1
977, 3961, 7, 0, 4121, 5274, 1313, 1306, 187.57, 1
978, 3962, 4, 0, 4122, 4663, 701, 697, 175.25, 1
979, 3966, 4, 0, 4126, 4666, 700, 696, 175.00, 1
980, 3967, 1, 0, 4128, 4128, 161, 160, 161.00, 1
981, 3969, 7, 0, 4130, 5278, 1309, 1302, 187.00, 1
982, 3973, 17, 0, 4134, 7851, 3878, 3861, 228.12, 1
983, 3976, 4, 0, 4136, 4676, 700, 696, 175.00, 1
984, 3982, 4, 0, 4142, 4687, 705, 701, 176.25, 1
985, 3984, 2, 0, 4145, 4318, 334, 332, 167.00, 1
986, 3995, 7, 0, 4156, 5320, 1325, 1318, 189.29, 1
987, 3997, 1, 0, 4159, 4159, 162, 161, 162.00, 1
988, 4001, 7, 0, 4163, 5331, 1330, 1323, 190.00, 1
989, 4002, 5, 0, 4165, 4911, 909, 904, 181.80, 1
990, 4004, 1, 0, 4167, 4167, 163, 162, 163.00, 1
991, 4005, 1, 0, 4169, 4169, 164, 163, 164.00, 1
992, 4006, 5, 0, 4170, 4915, 909, 904, 181.80, 1
993, 4016, 1, 0, 4180, 4180, 164, 163, 164.00, 1
994, 4020, 5, 0, 4185, 4924, 904, 899, 180.80, 1
995, 4028, 2, 0, 4192, 4362, 334, 332, 167.00, 1
996, 4031, 7, 0, 4195, 5357, 1326, 1319, 189.43, 1
997, 4037, 10, 0, 4201, 6036, 1999, 1989, 199.90, 1
998, 4044, 5, 0, 4207, 4949, 905, 900, 181.00, 1
999, 4047, 3, 0, 4211, 4563, 516, 513, 172.00, 1
1000, 4049, 5, 0, 4214, 4960, 911, 906, 182.20, 1
1001, 4052, 9, 0, 4218, 5820, 1768, 1759, 196.44, 1
1002, 4055, 2, 0, 4222, 4393, 338, 336, 169.00, 1
1003, 4056, 5, 0, 4224, 4976, 920, 915, 184.00, 1
1004, 4061, 1, 0, 4230, 4230, 169, 168, 169.00, 1
1005, 4062, 31, 0, 4231, 15480, 11418, 11387, 368.32, 1
1006, 4064, 2, 0, 4234, 4406, 342, 340, 171.00, 1
1007, 4065, 4, 0, 4236, 4790, 725, 721, 181.25, 1
1008, 4068, 3, 0, 4240, 4598, 530, 527, 176.67, 1
1009, 4071, 2, 0, 4243, 4419, 348, 346, 174.00, 1
1010, 4073, 3, 0, 4246, 4607, 534, 531, 178.00, 1
1011, 4075, 2, 0, 4249, 4425, 350, 348, 175.00, 1
1012, 4076, 1, 0, 4250, 4250, 174, 173, 174.00, 1
1013, 4080, 3, 0, 4254, 4614, 534, 531, 178.00, 1
1014, 4081, 4, 0, 4256, 4818, 737, 733, 184.25, 1
1015, 4084, 2, 0, 4259, 4435, 351, 349, 175.50, 1
1016, 4085, 2, 0, 4261, 4438, 353, 351, 176.50, 1
1017, 4086, 1, 0, 4263, 4263, 177, 176, 177.00, 1
1018, 4090, 1, 0, 4265, 4265, 175, 174, 175.00, 1
1019, 4095, 4, 0, 4270, 4830, 735, 731, 183.75, 1
1020, 4101, 4, 0, 4275, 4838, 737, 733, 184.25, 1
1021, 4106, 2, 0, 4278, 4455, 349, 347, 174.50, 1
1022, 4107, 9, 0, 4280, 5933, 1826, 1817, 202.89, 1
1023, 4108, 3, 0, 4282, 4648, 540, 537, 180.00, 1
1024, 4109, 11, 0, 4284, 6427, 2318, 2307, 210.73, 1
1025, 4117, 1, 0, 4290, 4290, 173, 172, 173.00, 1
1026, 4120, 3, 0, 4293, 4658, 538, 535, 179.33, 1
1027, 4121, 2, 0, 4295, 4476, 355, 353, 177.50, 1
1028, 4130, 1, 0, 4301, 4301, 171, 170, 171.00, 1
1029, 4139, 5, 0, 4309, 5083, 944, 939, 188.80, 1
1030, 4141, 7, 0, 4312, 5525, 1384, 1377, 197.71, 1
1031, 4142, 1, 0, 4314, 4314, 172, 171, 172.00, 1
1032, 4148, 3, 0, 4320, 4691, 543, 540, 181.00, 1
1033, 4150, 2, 0, 4323, 4505, 355, 353, 177.50, 1
1034, 4160, 4, 0, 4332, 4903, 743, 739, 185.75, 1
1035, 4163, 5, 0, 4336, 5112, 949, 944, 189.80, 1
1036, 4164, 1, 0, 4338, 4338, 174, 173, 174.00, 1
1037, 4167, 2, 0, 4341, 4523, 356, 354, 178.00, 1
1038, 4186, 3, 0, 4354, 4724, 538, 535, 179.33, 1
1039, 4189, 10, 0, 4358, 6258, 2069, 2059, 206.90, 1
1040, 4194, 3, 0, 4364, 4734, 540, 537, 180.00, 1
1041, 4195, 3, 0, 4366, 4738, 543, 540, 181.00, 1
1042, 4207, 8, 0, 4378, 5801, 1594, 1586, 199.25, 1
1043, 4212, 16, 0, 4383, 7942, 3730, 3714, 233.12, 1
1044, 4218, 1, 0, 4388, 4388, 170, 169, 170.00, 1
1045, 4221, 6, 0, 4392, 5388, 1167, 1161, 194.50, 1
1046, 4229, 2, 0, 4400, 4583, 354, 352, 177.00, 1
1047, 4233, 6, 0, 4404, 5413, 1180, 1174, 196.67, 1
1048, 4235, 4, 0, 4407, 4993, 758, 754, 189.50, 1
1049, 4237, 5, 0, 4410, 5204, 967, 962, 193.40, 1
1050, 4239, 6, 0, 4412, 5421, 1182, 1176, 197.00, 1
1051, 4242, 2, 0, 4416, 4601, 359, 357, 179.50, 1
1052, 4243, 5, 0, 4418, 5211, 968, 963, 193.60, 1
1053, 4245, 4, 0, 4420, 5007, 762, 758, 190.50, 1
1054, 4250, 10, 0, 4426, 6359, 2109, 2099, 210.90, 1
1055, 4256, 6, 0, 4431, 5443, 1187, 1181, 197.83, 1
1056, 4258, 14, 0, 4433, 7467, 3209, 3195, 229.21, 1
1057, 4261, 9, 0, 4437, 6142, 1881, 1872, 209.00, 1
1058, 4262, 1, 0, 4439, 4439, 177, 176, 177.00, 1
1059, 4266, 1, 0, 4442, 4442, 176, 175, 176.00, 1
1060, 4274, 3, 0, 4450, 4836, 562, 559, 187.33, 1
1061, 4276, 9, 0, 4453, 6161, 1885, 1876, 209.44, 1
1062, 4277, 3, 0, 4454, 4843, 566, 563, 188.67, 1
1063, 4280, 2, 0, 4457, 4643, 363, 361, 181.50, 1
1064, 4282, 8, 0, 4460, 5939, 1657, 1649, 207.12, 1
1065, 4286, 3, 0, 4465, 4852, 566, 563, 188.67, 1
1066, 4287, 1, 0, 4467, 4467, 180, 179, 180.00, 1
1067, 4291, 1, 0, 4471, 4471, 180, 179, 180.00, 1
1068, 4303, 3, 0, 4483, 4866, 563, 560, 187.67, 1
1069, 4304, 3, 0, 4485, 4869, 565, 562, 188.33, 1
1070, 4305, 1, 0, 4487, 4487, 182, 181, 182.00, 1
1071, 4307, 5, 0, 4490, 5294, 987, 982, 197.40, 1
1072, 4309, 8, 0, 4493, 5971, 1662, 1654, 207.75, 1
1073, 4312, 9, 0, 4496, 6213, 1901, 1892, 211.22, 1
1074, 4314, 1, 0, 4498, 4498, 184, 183, 184.00, 1
1075, 4316, 2, 0, 4500, 4688, 372, 370, 186.00, 1
1076, 4323, 5, 0, 4504, 5313, 990, 985, 198.00, 1
1077, 4328, 1, 0, 4510, 4510, 182, 181, 182.00, 1
1078, 4334, 7, 0, 4516, 5760, 1426, 1419, 203.71, 1
1079, 4335, 11, 0, 4518, 6749, 2414, 2403, 219.45, 1
1080, 4340, 1, 0, 4522, 4522, 182, 181, 182.00, 1
1081, 4343, 4, 0, 4525, 5117, 774, 770, 193.50, 1
1082, 4344, 2, 0, 4527, 4715, 371, 369, 185.50, 1
1083, 4347, 6, 0, 4529, 5551, 1204, 1198, 200.67, 1
1084, 4351, 10, 0, 4532, 6502, 2151, 2141, 215.10, 1
1085, 4362, 1, 0, 4543, 4543, 181, 180, 181.00, 1
1086, 4366, 3, 0, 4547, 4938, 572, 569, 190.67, 1
1087, 4369, 3, 0, 4550, 4940, 571, 568, 190.33, 1
1088, 4374, 6, 0, 4554, 5575, 1201, 1195, 200.17, 1
1089, 4380, 5, 0, 4560, 5367, 987, 982, 197.40, 1
1090, 4384, 3, 0, 4565, 4957, 573, 570, 191.00, 1
1091, 4385, 4, 0, 4567, 5164, 779, 775, 194.75, 1
1092, 4392, 4, 0, 4574, 5171, 779, 775, 194.75, 1
1093, 4398, 15, 0, 4580, 8006, 3608, 3593, 240.53, 1
1094, 4402, 2, 0, 4584, 4782, 380, 378, 190.00, 1
1095, 4407, 11, 0, 4589, 6869, 2462, 2451, 223.82, 1
1096, 4410, 2, 0, 4592, 4792, 382, 380, 191.00, 1
1097, 4413, 2, 0, 4596, 4796, 383, 381, 191.50, 1
1098, 4415, 9, 0, 4599, 6345, 1930, 1921, 214.44, 1
1099, 4420, 3, 0, 4604, 5006, 586, 583, 195.33, 1
1100, 4423, 5, 0, 4608, 5432, 1009, 1004, 201.80, 1
1101, 4433, 3, 0, 4618, 5024, 591, 588, 197.00, 1
1102, 4434, 5, 0, 4620, 5449, 1015, 1010, 203.00, 1
1103, 4440, 7, 0, 4624, 5908, 1468, 1461, 209.71, 1
1104, 4446, 4, 0, 4629, 5244, 798, 794, 199.50, 1
1105, 4449, 6, 0, 4633, 5688, 1239, 1233, 206.50, 1
1106, 4454, 15, 0, 4639, 8157, 3703, 3688, 246.87, 1
1107, 4457, 1, 0, 4642, 4642, 185, 184, 185.00, 1
1108, 4458, 2, 0, 4644, 4845, 387, 385, 193.50, 1
1109, 4469, 4, 0, 4653, 5267, 798, 794, 199.50, 1
1110, 4475, 7, 0, 4659, 5949, 1474, 1467, 210.57, 1
1111, 4478, 4, 0, 4662, 5276, 798, 794, 199.50, 1
1112, 4480, 3, 0, 4665, 5066, 586, 583, 195.33, 1
1113, 4489, 4, 0, 4673, 5291, 802, 798, 200.50, 1
1114, 4492, 1, 0, 4677, 4677, 185, 184, 185.00, 1
1115, 4495, 2, 0, 4681, 4880, 385, 383, 192.50, 1
1116, 4497, 7, 0, 4684, 5982, 1485, 1478, 212.14, 1
1117, 4498, 11, 0, 4686, 6999, 2501, 2490, 227.36, 1
1118, 4502, 5, 0, 4690, 5529, 1027, 1022, 205.40, 1
1119, 4512, 2, 0, 4699, 4899, 387, 385, 193.50, 1
1120, 4517, 11, 0, 4705, 7021, 2504, 2493, 227.64, 1
1121, 4520, 5, 0, 4708, 5543, 1023, 1018, 204.60, 1
1122, 4521, 1, 0, 4710, 4710, 189, 188, 189.00, 1
1123, 4528, 7, 0, 4716, 6008, 1480, 1473, 211.43, 1
1124, 4532, 3, 0, 4721, 5124, 592, 589, 197.33, 1
1125, 4540, 3, 0, 4728, 5133, 593, 590, 197.67, 1
1126, 4541, 2, 0, 4730, 4932, 391, 389, 195.50, 1
1127, 4546, 1, 0, 4735, 4735, 189, 188, 189.00, 1
1128, 4549, 1, 0, 4739, 4739, 190, 189, 190.00, 1
1129, 4554, 1, 0, 4745, 4745, 191, 190, 191.00, 1
1130, 4555, 5, 0, 4747, 5576, 1021, 1016, 204.20, 1
1131, 4563, 9, 0, 4755, 6533, 1970, 1961, 218.89, 1
1132, 4570, 3, 0, 4761, 5165, 595, 592, 198.33, 1
1133, 4572, 1, 0, 4763, 4763, 191, 190, 191.00, 1
1134, 4573, 5, 0, 4765, 5595, 1022, 1017, 204.40, 1
1135, 4574, 4, 0, 4767, 5381, 807, 803, 201.75, 1
1136, 4575, 15, 0, 4769, 8319, 3744, 3729, 249.60, 1
1137, 4576, 4, 0, 4771, 5391, 815, 811, 203.75, 1
1138, 4577, 9, 0, 4773, 6568, 1991, 1982, 221.22, 1
1139, 4581, 5, 0, 4778, 5618, 1037, 1032, 207.40, 1
1140, 4584, 17, 0, 4781, 9211, 4627, 4610, 272.18, 1
1141, 4587, 2, 0, 4785, 4989, 402, 400, 201.00, 1
1142, 4592, 1, 0, 4791, 4791, 199, 198, 199.00, 1
1143, 4598, 2, 0, 4798, 5001, 403, 401, 201.50, 1
1144, 4603, 4, 0, 4802, 5426, 823, 819, 205.75, 1
1145, 4608, 2, 0, 4807, 5010, 402, 400, 201.00, 1
1146, 4611, 3, 0, 4810, 5218, 607, 604, 202.33, 1
1147, 4613, 2, 0, 4813, 5016, 403, 401, 201.50, 1
1148, 4616, 1, 0, 4816, 4816, 200, 199, 200.00, 1
1149, 4618, 3, 0, 4819, 5229, 611, 608, 203.67, 1
1150, 4630, 7, 0, 4829, 6157, 1527, 1520, 218.14, 1
1151, 4635, 2, 0, 4835, 5043, 408, 406, 204.00, 1
1152, 4639, 11, 0, 4840, 7218, 2579, 2568, 234.45, 1
1153, 4640, 2, 0, 4842, 5048, 408, 406, 204.00, 1
1154, 4645, 5, 0, 4846, 5697, 1052, 1047, 210.40, 1
1155, 4656, 1, 0, 4856, 4856, 200, 199, 200.00, 1
1156, 4663, 3, 0, 4862, 5277, 614, 611, 204.67, 1
1157, 4668, 3, 0, 4865, 5280, 612, 609, 204.00, 1
1158, 4669, 4, 0, 4867, 5501, 832, 828, 208.00, 1
1159, 4674, 1, 0, 4873, 4873, 199, 198, 199.00, 1
1160, 4677, 3, 0, 4876, 5295, 618, 615, 206.00, 1
1161, 4681, 4, 0, 4879, 5516, 835, 831, 208.75, 1
1162, 4684, 7, 0, 4883, 6214, 1530, 1523, 218.57, 1
1163, 4691, 8, 0, 4889, 6468, 1777, 1769, 222.12, 1
1164, 4694, 3, 0, 4892, 5315, 621, 618, 207.00, 1
1165, 4699, 2, 0, 4898, 5102, 403, 401, 201.50, 1
1166, 4702, 3, 0, 4902, 5323, 621, 618, 207.00, 1
1167, 4704, 1, 0, 4904, 4904, 200, 199, 200.00, 1
1168, 4713, 2, 0, 4913, 5116, 403, 401, 201.50, 1
1169, 4723, 5, 0, 4923, 5777, 1054, 1049, 210.80, 1
1170, 4724, 3, 0, 4925, 5343, 619, 616, 206.33, 1
1171, 4730, 4, 0, 4931, 5564, 834, 830, 208.50, 1
1172, 4737, 2, 0, 4937, 5142, 405, 403, 202.50, 1
1173, 4742, 13, 0, 4941, 7922, 3180, 3167, 244.62, 1
1174, 4744, 2, 0, 4944, 5148, 404, 402, 202.00, 1
1175, 4752, 2, 0, 4950, 5153, 401, 399, 200.50, 1
1176, 4755, 2, 0, 4954, 5158, 403, 401, 201.50, 1
1177, 4768, 10, 0, 4966, 7088, 2320, 2310, 232.00, 1
1178, 4769, 3, 0, 4968, 5383, 614, 611, 204.67, 1
1179, 4771, 4, 0, 4971, 5603, 832, 828, 208.00, 1
1180, 4772, 5, 0, 4973, 5834, 1062, 1057, 212.40, 1
1181, 4773, 4, 0, 4974, 5607, 834, 830, 208.50, 1
1182, 4775, 7, 0, 4977, 6309, 1534, 1527, 219.14, 1
1183, 4776, 4, 0, 4979, 5612, 836, 832, 209.00, 1
1184, 4778, 6, 0, 4982, 6081, 1303, 1297, 217.17, 1
1185, 4793, 1, 0, 4994, 4994, 201, 200, 201.00, 1
1186, 4796, 3, 0, 4998, 5423, 627, 624, 209.00, 1
1187, 4798, 1, 0, 5000, 5000, 202, 201, 202.00, 1
1188, 4806, 2, 0, 5008, 5213, 407, 405, 203.50, 1
1189, 4807, 1, 0, 5009, 5009, 202, 201, 202.00, 1
1190, 4814, 2, 0, 5017, 5223, 409, 407, 204.50, 1
1191, 4816, 1, 0, 5020, 5020, 204, 203, 204.00, 1
1192, 4820, 6, 0, 5023, 6133, 1313, 1307, 218.83, 1
1193, 4821, 5, 0, 5025, 5893, 1072, 1067, 214.40, 1
1194, 4823, 17, 0, 5028, 9826, 5003, 4986, 294.29, 1
1195, 4824, 9, 0, 5030, 6929, 2105, 2096, 233.89, 1
1196, 4829, 11, 0, 5035, 7490, 2661, 2650, 241.91, 1
1197, 4833, 8, 0, 5039, 6671, 1838, 1830, 229.75, 1
1198, 4835, 2, 0, 5042, 5252, 417, 415, 208.50, 1
1199, 4846, 5, 0, 5050, 5930, 1084, 1079, 216.80, 1
1200, 4856, 6, 0, 5059, 6183, 1327, 1321, 221.17, 1
1201, 4867, 2, 0, 5069, 5281, 414, 412, 207.00, 1
1202, 4869, 1, 0, 5072, 5072, 203, 202, 203.00, 1
1203, 4870, 7, 0, 5073, 6443, 1573, 1566, 224.71, 1
1204, 4871, 7, 0, 5075, 6445, 1574, 1567, 224.86, 1
1205, 4873, 1, 0, 5078, 5078, 205, 204, 205.00, 1
1206, 4874, 9, 0, 5079, 6990, 2116, 2107, 235.11, 1
1207, 4880, 5, 0, 5085, 5974, 1094, 1089, 218.80, 1
1208, 4881, 7, 0, 5086, 6460, 1579, 1572, 225.57, 1
1209, 4889, 2, 0, 5094, 5310, 421, 419, 210.50, 1
1210, 4898, 12, 0, 5101, 7884, 2986, 2974, 248.83, 1
1211, 4900, 1, 0, 5103, 5103, 203, 202, 203.00, 1
1212, 4901, 2, 0, 5105, 5321, 420, 418, 210.00, 1
1213, 4906, 1, 0, 5109, 5109, 203, 202, 203.00, 1
1214, 4910, 1, 0, 5114, 5114, 204, 203, 204.00, 1
1215, 4917, 2, 0, 5119, 5335, 418, 416, 209.00, 1
1216, 4923, 5, 0, 5126, 6014, 1091, 1086, 218.20, 1
1217, 4925, 11, 0, 5128, 7588, 2663, 2652, 242.09, 1
1218, 4928, 2, 0, 5131, 5345, 417, 415, 208.50, 1
1219, 4930, 2, 0, 5134, 5349, 419, 417, 209.50, 1
1220, 4933, 5, 0, 5137, 6027, 1094, 1089, 218.80, 1
1221, 4936, 1, 0, 5140, 5140, 204, 203, 204.00, 1
1222, 4940, 1, 0, 5144, 5144, 204, 203, 204.00, 1
1223, 4953, 1, 0, 5156, 5156, 203, 202, 203.00, 1
1224, 4954, 2, 0, 5157, 5370, 416, 414, 208.00, 1
1225, 4955, 1, 0, 5159, 5159, 204, 203, 204.00, 1
1226, 4958, 4, 0, 5162, 5811, 853, 849, 213.25, 1
1227, 4968, 1, 0, 5172, 5172, 204, 203, 204.00, 1
1228, 4970, 5, 0, 5175, 6064, 1094, 1089, 218.80, 1
1229, 4972, 4, 0, 5178, 5832, 860, 856, 215.00, 1
1230, 4980, 8, 0, 5186, 6847, 1867, 1859, 233.38, 1
1231, 4982, 1, 0, 5189, 5189, 207, 206, 207.00, 1
1232, 4985, 3, 0, 5192, 5619, 634, 631, 211.33, 1
1233, 4987, 7, 0, 5195, 6590, 1603, 1596, 229.00, 1
1234, 4988, 1, 0, 5197, 5197, 209, 208, 209.00, 1
1235, 4990, 3, 0, 5199, 5627, 637, 634, 212.33, 1
1236, 4994, 16, 0, 5203, 9711, 4717, 4701, 294.81, 1
1237, 5006, 11, 0, 5212, 7736, 2730, 2719, 248.18, 1
1238, 5010, 29, 0, 5214, 18197, 13187, 13158, 454.72, 1
1239, 5011, 2, 0, 5215, 5430, 419, 417, 209.50, 1
1240, 5014, 7, 0, 5219, 6630, 1616, 1609, 230.86, 1
1241, 5016, 3, 0, 5222, 5654, 638, 635, 212.67, 1
1242, 5018, 1, 0, 5224, 5224, 206, 205, 206.00, 1
1243, 5022, 2, 0, 5228, 5444, 422, 420, 211.00, 1
1244, 5030, 6, 0, 5236, 6393, 1363, 1357, 227.17, 1
1245, 5031, 6, 0, 5238, 6396, 1365, 1359, 227.50, 1
1246, 5032, 7, 0, 5240, 6666, 1634, 1627, 233.43, 1
1247, 5033, 4, 0, 5242, 5911, 878, 874, 219.50, 1
1248, 5036, 4, 0, 5246, 5916, 880, 876, 220.00, 1
1249, 5039, 4, 0, 5249, 5921, 882, 878, 220.50, 1
1250, 5047, 6, 0, 5256, 6415, 1368, 1362, 228.00, 1
1251, 5053, 3, 0, 5262, 5703, 650, 647, 216.67, 1
1252, 5060, 9, 0, 5270, 7244, 2184, 2175, 242.67, 1
1253, 5064, 3, 0, 5275, 5717, 653, 650, 217.67, 1
1254, 5068, 4, 0, 5279, 5952, 884, 880, 221.00, 1
1255, 5071, 3, 0, 5283, 5723, 652, 649, 217.33, 1
1256, 5076, 3, 0, 5288, 5729, 653, 650, 217.67, 1
1257, 5077, 7, 0, 5290, 6717, 1640, 1633, 234.29, 1
1258, 5079, 1, 0, 5292, 5292, 213, 212, 213.00, 1
1259, 5082, 9, 0, 5296, 7260, 2178, 2169, 242.00, 1
1260, 5087, 6, 0, 5301, 6461, 1374, 1368, 229.00, 1
1261, 5091, 1, 0, 5306, 5306, 215, 214, 215.00, 1
1262, 5096, 16, 0, 5312, 9950, 4854, 4838, 303.38, 1
1263, 5097, 5, 0, 5314, 6227, 1130, 1125, 226.00, 1
1264, 5103, 15, 0, 5319, 9494, 4391, 4376, 292.73, 1
1265, 5112, 3, 0, 5327, 5765, 653, 650, 217.67, 1
1266, 5113, 9, 0, 5328, 7290, 2177, 2168, 241.89, 1
1267, 5114, 8, 0, 5330, 7029, 1915, 1907, 239.38, 1
1268, 5116, 4, 0, 5332, 6006, 890, 886, 222.50, 1
1269, 5118, 7, 0, 5333, 6758, 1640, 1633, 234.29, 1
1270, 5120, 8, 0, 5336, 7036, 1916, 1908, 239.50, 1
1271, 5132, 5, 0, 5346, 6257, 1125, 1120, 225.00, 1
1272, 5133, 6, 0, 5348, 6513, 1380, 1374, 230.00, 1
1273, 5139, 3, 0, 5353, 5790, 651, 648, 217.00, 1
1274, 5143, 3, 0, 5356, 5793, 650, 647, 216.67, 1
1275, 5145, 14, 0, 5358, 9086, 3941, 3927, 281.50, 1
1276, 5146, 1, 0, 5360, 5360, 214, 213, 214.00, 1
1277, 5155, 5, 0, 5368, 6275, 1120, 1115, 224.00, 1
1278, 5159, 2, 0, 5371, 5582, 423, 421, 211.50, 1
1279, 5163, 6, 0, 5375, 6541, 1378, 1372, 229.67, 1
1280, 5165, 9, 0, 5377, 7344, 2179, 2170, 242.11, 1
1281, 5174, 4, 0, 5384, 6058, 884, 880, 221.00, 1
1282, 5175, 22, 0, 5386, 13287, 8112, 8090, 368.73, 1
1283, 5187, 1, 0, 5399, 5399, 212, 211, 212.00, 1
1284, 5192, 1, 0, 5404, 5404, 212, 211, 212.00, 1
1285, 5195, 4, 0, 5407, 6083, 888, 884, 222.00, 1
1286, 5197, 1, 0, 5410, 5410, 213, 212, 213.00, 1
1287, 5201, 1, 0, 5414, 5414, 213, 212, 213.00, 1
1288, 5204, 22, 0, 5418, 13454, 8250, 8228, 375.00, 1
1289, 5205, 3, 0, 5419, 5861, 656, 653, 218.67, 1
1290, 5207, 16, 0, 5422, 10219, 5012, 4996, 313.25, 1
1291, 5211, 3, 0, 5427, 5869, 658, 655, 219.33, 1
1292, 5216, 6, 0, 5431, 6622, 1406, 1400, 234.33, 1
1293, 5218, 11, 0, 5434, 8072, 2854, 2843, 259.45, 1
1294, 5222, 5, 0, 5438, 6366, 1144, 1139, 228.80, 1
1295, 5224, 8, 0, 5440, 7178, 1954, 1946, 244.25, 1
1296, 5232, 3, 0, 5447, 5894, 662, 659, 220.67, 1
1297, 5236, 6, 0, 5452, 6660, 1424, 1418, 237.33, 1
1298, 5242, 1, 0, 5459, 5459, 217, 216, 217.00, 1
1299, 5244, 5, 0, 5462, 6403, 1159, 1154, 231.80, 1
1300, 5251, 13, 0, 5469, 8932, 3681, 3668, 283.15, 1
1301, 5255, 7, 0, 5473, 6946, 1691, 1684, 241.57, 1
1302, 5259, 7, 0, 5478, 6956, 1697, 1690, 242.43, 1
1303, 5260, 1, 0, 5480, 5480, 220, 219, 220.00, 1
1304, 5261, 6, 0, 5482, 6686, 1425, 1419, 237.50, 1
1305, 5262, 12, 0, 5484, 8539, 3277, 3265, 273.08, 1
1306, 5268, 2, 0, 5488, 5708, 440, 438, 220.00, 1
1307, 5269, 1, 0, 5490, 5490, 221, 220, 221.00, 1
1308, 5272, 1, 0, 5494, 5494, 222, 221, 222.00, 1
1309, 5278, 3, 0, 5498, 5950, 672, 669, 224.00, 1
1310, 5282, 3, 0, 5500, 5953, 671, 668, 223.67, 1
1311, 5289, 5, 0, 5508, 6446, 1157, 1152, 231.40, 1
1312, 5296, 9, 0, 5512, 7544, 2248, 2239, 249.78, 1
1313, 5298, 13, 0, 5515, 9005, 3707, 3694, 285.15, 1
1314, 5304, 1, 0, 5522, 5522, 218, 217, 218.00, 1
1315, 5308, 3, 0, 5526, 5983, 675, 672, 225.00, 1
1316, 5309, 4, 0, 5528, 6219, 910, 906, 227.50, 1
1317, 5311, 1, 0, 5530, 5530, 219, 218, 219.00, 1
1318, 5319, 6, 0, 5535, 6741, 1422, 1416, 237.00, 1
1319, 5335, 1, 0, 5548, 5548, 213, 212, 213.00, 1
1320, 5342, 2, 0, 5555, 5778, 436, 434, 218.00, 1
1321, 5345, 6, 0, 5558, 6771, 1426, 1420, 237.67, 1
1322, 5348, 1, 0, 5561, 5561, 213, 212, 213.00, 1
1323, 5356, 1, 0, 5568, 5568, 212, 211, 212.00, 1
1324, 5361, 4, 0, 5572, 6268, 907, 903, 226.75, 1
1325, 5362, 3, 0, 5573, 6034, 672, 669, 224.00, 1
1326, 5368, 8, 0, 5579, 7326, 1958, 1950, 244.75, 1
1327, 5373, 3, 0, 5584, 6046, 673, 670, 224.33, 1
1328, 5376, 5, 0, 5588, 6543, 1167, 1162, 233.40, 1
1329, 5377, 3, 0, 5590, 6052, 675, 672, 225.00, 1
1330, 5378, 4, 0, 5592, 6293, 915, 911, 228.75, 1
1331, 5381, 2, 0, 5596, 5822, 441, 439, 220.50, 1
1332, 5387, 2, 0, 5601, 5828, 441, 439, 220.50, 1
1333, 5391, 1, 0, 5605, 5605, 214, 213, 214.00, 1
1334, 5394, 15, 0, 5608, 10109, 4715, 4700, 314.33, 1
1335, 5398, 14, 0, 5613, 9644, 4246, 4232, 303.29, 1
1336, 5409, 4, 0, 5623, 6327, 918, 914, 229.50, 1
1337, 5410, 4, 0, 5625, 6329, 919, 915, 229.75, 1
1338, 5413, 3, 0, 5628, 6092, 679, 676, 226.33, 1
1339, 5418, 5, 0, 5632, 6608, 1190, 1185, 238.00, 1
1340, 5420, 2, 0, 5635, 5863, 443, 441, 221.50, 1
1341, 5421, 5, 0, 5637, 6613, 1192, 1187, 238.40, 1
1342, 5422, 1, 0, 5638, 5638, 216, 215, 216.00, 1
1343, 5434, 13, 0, 5647, 9287, 3853, 3840, 296.38, 1
1344, 5438, 4, 0, 5652, 6364, 926, 922, 231.50, 1
1345, 5441, 4, 0, 5656, 6369, 928, 924, 232.00, 1
1346, 5444, 6, 0, 5659, 6909, 1465, 1459, 244.17, 1
1347, 5449, 2, 0, 5664, 5898, 449, 447, 224.50, 1
1348, 5450, 2, 0, 5665, 5899, 449, 447, 224.50, 1
1349, 5456, 2, 0, 5672, 5906, 450, 448, 225.00, 1
1350, 5465, 2, 0, 5681, 5917, 452, 450, 226.00, 1
1351, 5467, 6, 0, 5684, 6938, 1471, 1465, 245.17, 1
1352, 5482, 1, 0, 5698, 5698, 216, 215, 216.00, 1
1353, 5485, 2, 0, 5702, 5936, 451, 449, 225.50, 1
1354, 5486, 3, 0, 5704, 6176, 690, 687, 230.00, 1
1355, 5487, 25, 0, 5706, 16659, 11172, 11147, 446.88, 1
1356, 5490, 2, 0, 5710, 5943, 453, 451, 226.50, 1
1357, 5492, 2, 0, 5712, 5945, 453, 451, 226.50, 1
1358, 5499, 5, 0, 5719, 6707, 1208, 1203, 241.60, 1
1359, 5501, 2, 0, 5722, 5954, 453, 451, 226.50, 1
1360, 5505, 1, 0, 5726, 5726, 221, 220, 221.00, 1
1361, 5510, 3, 0, 5732, 6198, 688, 685, 229.33, 1
1362, 5513, 1, 0, 5736, 5736, 223, 222, 223.00, 1
1363, 5514, 6, 0, 5738, 6993, 1479, 1473, 246.50, 1
1364, 5520, 3, 0, 5744, 6212, 692, 689, 230.67, 1
1365, 5521, 2, 0, 5745, 5979, 458, 456, 229.00, 1
1366, 5532, 10, 0, 5753, 8221, 2689, 2679, 268.90, 1
1367, 5533, 8, 0, 5755, 7564, 2031, 2023, 253.88, 1
1368, 5539, 5, 0, 5761, 6746, 1207, 1202, 241.40, 1
1369, 5541, 1, 0, 5764, 5764, 223, 222, 223.00, 1
1370, 5545, 6, 0, 5768, 7031, 1486, 1480, 247.67, 1
1371, 5548, 4, 0, 5772, 6495, 947, 943, 236.75, 1
1372, 5557, 2, 0, 5780, 6017, 460, 458, 230.00, 1
1373, 5560, 2, 0, 5784, 6022, 462, 460, 231.00, 1
1374, 5562, 1, 0, 5786, 5786, 224, 223, 224.00, 1
1375, 5567, 5, 0, 5791, 6779, 1212, 1207, 242.40, 1
1376, 5574, 2, 0, 5798, 6035, 461, 459, 230.50, 1
1377, 5579, 1, 0, 5802, 5802, 223, 222, 223.00, 1
1378, 5580, 1, 0, 5804, 5804, 224, 223, 224.00, 1
1379, 5581, 8, 0, 5806, 7618, 2037, 2029, 254.62, 1
1380, 5590, 5, 0, 5815, 6806, 1216, 1211, 243.20, 1
1381, 5592, 7, 0, 5818, 7352, 1760, 1753, 251.43, 1
1382, 5596, 1, 0, 5821, 5821, 225, 224, 225.00, 1
1383, 5600, 21, 0, 5826, 13918, 8318, 8297, 396.10, 1
1384, 5602, 4, 0, 5829, 6561, 959, 955, 239.75, 1
1385, 5603, 12, 0, 5831, 9162, 3559, 3547, 296.58, 1
1386, 5606, 11, 0, 5833, 8733, 3127, 3116, 284.27, 1
1387, 5610, 1, 0, 5837, 5837, 227, 226, 227.00, 1
1388, 5612, 15, 0, 5840, 10601, 4989, 4974, 332.60, 1
1389, 5613, 1, 0, 5841, 5841, 228, 227, 228.00, 1
1390, 5615, 3, 0, 5844, 6317, 702, 699, 234.00, 1
1391, 5617, 3, 0, 5847, 6321, 704, 701, 234.67, 1
1392, 5635, 1, 0, 5862, 5862, 227, 226, 227.00, 1
1393, 5643, 12, 0, 5870, 9269, 3626, 3614, 302.17, 1
1394, 5645, 1, 0, 5873, 5873, 228, 227, 228.00, 1
1395, 5646, 19, 0, 5875, 12857, 7211, 7192, 379.53, 1
1396, 5649, 3, 0, 5879, 6356, 707, 704, 235.67, 1
1397, 5655, 3, 0, 5885, 6367, 712, 709, 237.33, 1
1398, 5659, 6, 0, 5890, 7181, 1522, 1516, 253.67, 1
1399, 5663, 9, 0, 5895, 8110, 2447, 2438, 271.89, 1
1400, 5664, 2, 0, 5897, 6137, 473, 471, 236.50, 1
1401, 5673, 3, 0, 5907, 6397, 724, 721, 241.33, 1
1402, 5680, 2, 0, 5915, 6155, 475, 473, 237.50, 1
1403, 5700, 2, 0, 5932, 6171, 471, 469, 235.50, 1
1404, 5701, 16, 0, 5934, 11314, 5613, 5597, 350.81, 1
1405, 5704, 4, 0, 5937, 6691, 987, 983, 246.75, 1
1406, 5723, 1, 0, 5955, 5955, 232, 231, 232.00, 1
1407, 5725, 6, 0, 5956, 7249, 1524, 1518, 254.00, 1
1408, 5732, 2, 0, 5962, 6197, 465, 463, 232.50, 1
1409, 5733, 2, 0, 5964, 6199, 466, 464, 233.00, 1
1410, 5738, 1, 0, 5969, 5969, 231, 230, 231.00, 1
1411, 5740, 3, 0, 5972, 6456, 716, 713, 238.67, 1
1412, 5742, 2, 0, 5975, 6207, 465, 463, 232.50, 1
1413, 5750, 4, 0, 5984, 6727, 977, 973, 244.25, 1
1414, 5751, 2, 0, 5986, 6218, 467, 465, 233.50, 1
1415, 5752, 7, 0, 5988, 7555, 1803, 1796, 257.57, 1
1416, 5756, 4, 0, 5993, 6738, 982, 978, 245.50, 1
1417, 5766, 5, 0, 6001, 7024, 1258, 1253, 251.60, 1
1418, 5769, 7, 0, 6005, 7579, 1810, 1803, 258.57, 1
1419, 5773, 3, 0, 6010, 6498, 725, 722, 241.67, 1
1420, 5780, 4, 0, 6016, 6767, 987, 983, 246.75, 1
1421, 5783, 4, 0, 6020, 6774, 991, 987, 247.75, 1
1422, 5789, 4, 0, 6026, 6778, 989, 985, 247.25, 1
1423, 5797, 3, 0, 6033, 6522, 725, 722, 241.67, 1
1424, 5807, 3, 0, 6041, 6531, 724, 721, 241.33, 1
1425, 5808, 1, 0, 6043, 6043, 235, 234, 235.00, 1
1426, 5809, 4, 0, 6045, 6799, 990, 986, 247.50, 1
1427, 5810, 7, 0, 6047, 7624, 1814, 1807, 259.14, 1
1428, 5818, 4, 0, 6054, 6811, 993, 989, 248.25, 1
1429, 5826, 11, 0, 6060, 9152, 3326, 3315, 302.36, 1
1430, 5837, 4, 0, 6069, 6834, 997, 993, 249.25, 1
1431, 5838, 5, 0, 6070, 7102, 1264, 1259, 252.80, 1
1432, 5844, 7, 0, 6076, 7681, 1837, 1830, 262.43, 1
1433, 5852, 4, 0, 6085, 6859, 1007, 1003, 251.75, 1
1434, 5854, 1, 0, 6088, 6088, 234, 233, 234.00, 1
1435, 5855, 4, 0, 6090, 6862, 1007, 1003, 251.75, 1
1436, 5858, 5, 0, 6094, 7138, 1280, 1275, 256.00, 1
1437, 5861, 4, 0, 6098, 6878, 1017, 1013, 254.25, 1
1438, 5863, 1, 0, 6099, 6099, 236, 235, 236.00, 1
1439, 5865, 2, 0, 6100, 6340, 475, 473, 237.50, 1
1440, 5867, 6, 0, 6103, 7428, 1561, 1555, 260.17, 1
1441, 5869, 2, 0, 6106, 6346, 477, 475, 238.50, 1
1442, 5875, 2, 0, 6111, 6351, 476, 474, 238.00, 1
1443, 5879, 6, 0, 6115, 7443, 1564, 1558, 260.67, 1
1444, 5880, 11, 0, 6117, 9298, 3418, 3407, 310.73, 1
1445, 5883, 3, 0, 6121, 6635, 752, 749, 250.67, 1
1446, 5889, 2, 0, 6128, 6372, 483, 481, 241.50, 1
1447, 5892, 1, 0, 6132, 6132, 240, 239, 240.00, 1
1448, 5896, 4, 0, 6135, 6912, 1016, 1012, 254.00, 1
1449, 5899, 6, 0, 6138, 7473, 1574, 1568, 262.33, 1
1450, 5900, 9, 0, 6139, 8502, 2602, 2593, 289.11, 1
1451, 5901, 2, 0, 6141, 6388, 487, 485, 243.50, 1
1452, 5908, 8, 0, 6148, 8133, 2225, 2217, 278.12, 1
1453, 5909, 7, 0, 6149, 7797, 1888, 1881, 269.71, 1
1454, 5914, 1, 0, 6153, 6153, 239, 238, 239.00, 1
1455, 5918, 3, 0, 6156, 6669, 751, 748, 250.33, 1
1456, 5925, 6, 0, 6162, 7499, 1574, 1568, 262.33, 1
1457, 5926, 1, 0, 6164, 6164, 238, 237, 238.00, 1
1458, 5927, 25, 0, 6166, 18422, 12495, 12470, 499.80, 1
1459, 5933, 4, 0, 6172, 6957, 1024, 1020, 256.00, 1
1460, 5941, 7, 0, 6178, 7828, 1887, 1880, 269.57, 1
1461, 5942, 2, 0, 6180, 6428, 486, 484, 243.00, 1
1462, 5944, 9, 0, 6182, 8561, 2617, 2608, 290.78, 1
1463, 5945, 3, 0, 6184, 6701, 756, 753, 252.00, 1
1464, 5948, 2, 0, 6187, 6438, 490, 488, 245.00, 1
1465, 5956, 6, 0, 6190, 7533, 1577, 1571, 262.83, 1
1466, 5976, 4, 0, 6208, 6995, 1019, 1015, 254.75, 1
1467, 5978, 8, 0, 6211, 8205, 2227, 2219, 278.38, 1
1468, 5982, 9, 0, 6215, 8597, 2615, 2606, 290.56, 1
1469, 5992, 1, 0, 6224, 6224, 232, 231, 232.00, 1
1470, 5998, 2, 0, 6231, 6479, 481, 479, 240.50, 1
1471, 6002, 5, 0, 6236, 7289, 1287, 1282, 257.40, 1
1472, 6008, 7, 0, 6242, 7899, 1891, 1884, 270.14, 1
1473, 6010, 2, 0, 6244, 6496, 486, 484, 243.00, 1
1474, 6015, 13, 0, 6249, 10476, 4461, 4448, 343.15, 1
1475, 6017, 7, 0, 6252, 7909, 1892, 1885, 270.29, 1
1476, 6021, 4, 0, 6256, 7050, 1029, 1025, 257.25, 1
1477, 6028, 2, 0, 6262, 6516, 488, 486, 244.00, 1
1478, 6030, 11, 0, 6265, 9541, 3511, 3500, 319.18, 1
1479, 6034, 9, 0, 6270, 8664, 2630, 2621, 292.22, 1
1480, 6037, 16, 0, 6271, 12053, 6016, 6000, 376.00, 1
1481, 6038, 1, 0, 6273, 6273, 235, 234, 235.00, 1
1482, 6040, 14, 0, 6276, 11021, 4981, 4967, 355.79, 1
1483, 6045, 6, 0, 6281, 7622, 1577, 1571, 262.83, 1
1484, 6052, 9, 0, 6288, 8697, 2645, 2636, 293.89, 1
1485, 6055, 7, 0, 6291, 7954, 1899, 1892, 271.29, 1
1486, 6061, 1, 0, 6297, 6297, 236, 235, 236.00, 1
1487, 6065, 1, 0, 6301, 6301, 236, 235, 236.00, 1
1488, 6071, 4, 0, 6308, 7104, 1033, 1029, 258.25, 1
1489, 6072, 3, 0, 6310, 6839, 767, 764, 255.67, 1
1490, 6075, 9, 0, 6314, 8754, 2679, 2670, 297.67, 1
1491, 6080, 1, 0, 6320, 6320, 240, 239, 240.00, 1
1492, 6083, 8, 0, 6323, 8377, 2294, 2286, 286.75, 1
1493, 6085, 3, 0, 6325, 6858, 773, 770, 257.67, 1
1494, 6093, 5, 0, 6332, 7414, 1321, 1316, 264.20, 1
1495, 6096, 4, 0, 6336, 7146, 1050, 1046, 262.50, 1
1496, 6121, 4, 0, 6361, 7171, 1050, 1046, 262.50, 1
1497, 6122, 4, 0, 6363, 7174, 1052, 1048, 263.00, 1
1498, 6123, 1, 0, 6365, 6365, 242, 241, 242.00, 1
1499, 6128, 9, 0, 6371, 8888, 2760, 2751, 306.67, 1
1500, 6132, 1, 0, 6376, 6376, 244, 243, 244.00, 1
1501, 6136, 9, 0, 6379, 8895, 2759, 2750, 306.56, 1
1502, 6137, 8, 0, 6381, 8499, 2362, 2354, 295.25, 1
1503, 6138, 1, 0, 6382, 6382, 244, 243, 244.00, 1
1504, 6140, 2, 0, 6385, 6654, 514, 512, 257.00, 1
1505, 6141, 2, 0, 6387, 6656, 515, 513, 257.50, 1
1506, 6142, 3, 0, 6389, 6926, 784, 781, 261.33, 1
1507, 6143, 5, 0, 6390, 7482, 1339, 1334, 267.80, 1
1508, 6144, 1, 0, 6392, 6392, 248, 247, 248.00, 1
1509, 6145, 1, 0, 6394, 6394, 249, 248, 249.00, 1
1510, 6150, 7, 0, 6400, 8137, 1987, 1980, 283.86, 1
1511, 6161, 11, 0, 6409, 9843, 3682, 3671, 334.73, 1
1512, 6166, 4, 0, 6413, 7221, 1055, 1051, 263.75, 1
1513, 6173, 2, 0, 6420, 6688, 515, 513, 257.50, 1
1514, 6177, 13, 0, 6424, 10825, 4648, 4635, 357.54, 1
1515, 6182, 1, 0, 6430, 6430, 248, 247, 248.00, 1
1516, 6183, 6, 0, 6432, 7842, 1659, 1653, 276.50, 1
1517, 6185, 1, 0, 6434, 6434, 249, 248, 249.00, 1
1518, 6186, 18, 0, 6436, 13651, 7465, 7447, 414.72, 1
1519, 6197, 26, 0, 6448, 20537, 14340, 14314, 551.54, 1
1520, 6198, 6, 0, 6449, 7856, 1658, 1652, 276.33, 1
1521, 6199, 5, 0, 6450, 7542, 1343, 1338, 268.60, 1
1522, 6209, 6, 0, 6459, 7866, 1657, 1651, 276.17, 1
1523, 6220, 2, 0, 6466, 6730, 510, 508, 255.00, 1
1524, 6225, 11, 0, 6471, 9954, 3729, 3718, 339.00, 1
1525, 6227, 1, 0, 6474, 6474, 247, 246, 247.00, 1
1526, 6229, 5, 0, 6476, 7566, 1337, 1332, 267.40, 1
1527, 6232, 5, 0, 6480, 7572, 1340, 1335, 268.00, 1
1528, 6239, 4, 0, 6488, 7293, 1054, 1050, 263.50, 1
1529, 6240, 1, 0, 6490, 6490, 250, 249, 250.00, 1
1530, 6242, 1, 0, 6493, 6493, 251, 250, 251.00, 1
1531, 6245, 2, 0, 6497, 6761, 516, 514, 258.00, 1
1532, 6248, 2, 0, 6501, 6764, 516, 514, 258.00, 1
1533, 6252, 8, 0, 6506, 8645, 2393, 2385, 299.12, 1
1534, 6255, 4, 0, 6510, 7309, 1054, 1050, 263.50, 1
1535, 6274, 9, 0, 6526, 9100, 2826, 2817, 314.00, 1
1536, 6277, 4, 0, 6529, 7328, 1051, 1047, 262.75, 1
1537, 6282, 3, 0, 6535, 7071, 789, 786, 263.00, 1
1538, 6283, 1, 0, 6537, 6537, 254, 253, 254.00, 1
1539, 6284, 14, 0, 6539, 11551, 5267, 5253, 376.21, 1
1540, 6286, 5, 0, 6542, 7629, 1343, 1338, 268.60, 1
1541, 6288, 13, 0, 6545, 11042, 4754, 4741, 365.69, 1
1542, 6290, 1, 0, 6548, 6548, 258, 257, 258.00, 1
1543, 6291, 13, 0, 6550, 11049, 4758, 4745, 366.00, 1
1544, 6293, 12, 0, 6553, 10562, 4269, 4257, 355.75, 1
1545, 6295, 5, 0, 6555, 7647, 1352, 1347, 270.40, 1
1546, 6297, 3, 0, 6558, 7093, 796, 793, 265.33, 1
1547, 6302, 1, 0, 6562, 6562, 260, 259, 260.00, 1
1548, 6303, 2, 0, 6564, 6827, 524, 522, 262.00, 1
1549, 6305, 7, 0, 6567, 8339, 2034, 2027, 290.57, 1
1550, 6306, 3, 0, 6569, 7101, 795, 792, 265.00, 1
1551, 6309, 5, 0, 6573, 7667, 1358, 1353, 271.60, 1
1552, 6312, 4, 0, 6576, 7380, 1068, 1064, 267.00, 1
1553, 6314, 1, 0, 6579, 6579, 265, 264, 265.00, 1
1554, 6318, 2, 0, 6583, 6849, 531, 529, 265.50, 1
1555, 6319, 1, 0, 6585, 6585, 266, 265, 266.00, 1
1556, 6322, 13, 0, 6587, 11119, 4797, 4784, 369.00, 1
1557, 6326, 1, 0, 6592, 6592, 266, 265, 266.00, 1
1558, 6327, 1, 0, 6594, 6594, 267, 266, 267.00, 1
1559, 6330, 15, 0, 6596, 12212, 5882, 5867, 392.13, 1
1560, 6331, 2, 0, 6598, 6864, 533, 531, 266.50, 1
1561, 6332, 3, 0, 6600, 7135, 803, 800, 267.67, 1
1562, 6335, 7, 0, 6604, 8408, 2073, 2066, 296.14, 1
1563, 6336, 4, 0, 6606, 7421, 1085, 1081, 271.25, 1
1564, 6338, 1, 0, 6609, 6609, 271, 270, 271.00, 1
1565, 6340, 2, 0, 6612, 6879, 539, 537, 269.50, 1
1566, 6348, 9, 0, 6618, 9270, 2922, 2913, 324.67, 1
1567, 6350, 5, 0, 6621, 7741, 1391, 1386, 278.20, 1
1568, 6355, 9, 0, 6626, 9289, 2934, 2925, 326.00, 1
1569, 6358, 8, 0, 6629, 8861, 2503, 2495, 312.88, 1
1570, 6361, 1, 0, 6632, 6632, 271, 270, 271.00, 1
1571, 6362, 3, 0, 6634, 7172, 810, 807, 270.00, 1
1572, 6364, 3, 0, 6637, 7177, 813, 810, 271.00, 1
1573, 6368, 2, 0, 6638, 6903, 535, 533, 267.50, 1
1574, 6370, 12, 0, 6640, 10760, 4390, 4378, 365.83, 1
1575, 6380, 1, 0, 6648, 6648, 268, 267, 268.00, 1
1576, 6385, 4, 0, 6653, 7476, 1091, 1087, 272.75, 1
1577, 6388, 2, 0, 6657, 6924, 536, 534, 268.00, 1
1578, 6397, 3, 0, 6662, 7200, 803, 800, 267.67, 1
1579, 6404, 4, 0, 6667, 7489, 1085, 1081, 271.25, 1
1580, 6409, 2, 0, 6673, 6941, 532, 530, 266.00, 1
1581, 6410, 6, 0, 6675, 8149, 1739, 1733, 289.83, 1
1582, 6412, 2, 0, 6678, 6948, 536, 534, 268.00, 1
1583, 6413, 3, 0, 6680, 7220, 807, 804, 269.00, 1
1584, 6416, 2, 0, 6683, 6953, 537, 535, 268.50, 1
1585, 6428, 2, 0, 6695, 6967, 539, 537, 269.50, 1
1586, 6430, 4, 0, 6697, 7520, 1090, 1086, 272.50, 1
1587, 6431, 6, 0, 6698, 8177, 1746, 1740, 291.00, 1
1588, 6435, 2, 0, 6702, 6974, 539, 537, 269.50, 1
1589, 6443, 3, 0, 6710, 7251, 808, 805, 269.33, 1
1590, 6450, 10, 0, 6715, 9908, 3458, 3448, 345.80, 1
1591, 6466, 13, 0, 6729, 11402, 4936, 4923, 379.69, 1
1592, 6468, 4, 0, 6732, 7556, 1088, 1084, 272.00, 1
1593, 6469, 8, 0, 6733, 9028, 2559, 2551, 319.88, 1
1594, 6478, 12, 0, 6742, 10926, 4448, 4436, 370.67, 1
1595, 6479, 1, 0, 6744, 6744, 265, 264, 265.00, 1
1596, 6483, 3, 0, 6748, 7287, 804, 801, 268.00, 1
1597, 6485, 1, 0, 6751, 6751, 266, 265, 266.00, 1
1598, 6493, 1, 0, 6759, 6759, 266, 265, 266.00, 1
1599, 6508, 2, 0, 6770, 7045, 537, 535, 268.50, 1
1600, 6511, 1, 0, 6773, 6773, 262, 261, 262.00, 1
1601, 6513, 15, 0, 6776, 12594, 6081, 6066, 405.40, 1
1602, 6518, 1, 0, 6780, 6780, 262, 261, 262.00, 1
1603, 6523, 15, 0, 6785, 12607, 6084, 6069, 405.60, 1
1604, 6530, 4, 0, 6792, 7617, 1087, 1083, 271.75, 1
1605, 6531, 2, 0, 6794, 7068, 537, 535, 268.50, 1
1606, 6535, 1, 0, 6797, 6797, 262, 261, 262.00, 1
1607, 6539, 1, 0, 6801, 6801, 262, 261, 262.00, 1
1608, 6541, 2, 0, 6804, 7075, 534, 532, 267.00, 1
1609, 6547, 1, 0, 6809, 6809, 262, 261, 262.00, 1
1610, 6550, 3, 0, 6812, 7347, 797, 794, 265.67, 1
1611, 6554, 4, 0, 6817, 7643, 1089, 1085, 272.25, 1
1612, 6556, 15, 0, 6820, 12674, 6118, 6103, 407.87, 1
1613, 6566, 2, 0, 6829, 7098, 532, 530, 266.00, 1
1614, 6569, 1, 0, 6832, 6832, 263, 262, 263.00, 1
1615, 6574, 2, 0, 6838, 7107, 533, 531, 266.50, 1
1616, 6575, 3, 0, 6840, 7377, 802, 799, 267.33, 1
1617, 6579, 4, 0, 6845, 7676, 1097, 1093, 274.25, 1
1618, 6584, 2, 0, 6850, 7118, 534, 532, 267.00, 1
1619, 6585, 1, 0, 6852, 6852, 267, 266, 267.00, 1
1620, 6590, 1, 0, 6857, 6857, 267, 266, 267.00, 1
1621, 6598, 3, 0, 6863, 7409, 811, 808, 270.33, 1
1622, 6601, 5, 0, 6867, 8035, 1434, 1429, 286.80, 1
1623, 6606, 2, 0, 6873, 7143, 537, 535, 268.50, 1
1624, 6609, 1, 0, 6876, 6876, 267, 266, 267.00, 1
1625, 6630, 16, 0, 6895, 13512, 6882, 6866, 430.12, 1
1626, 6636, 15, 0, 6899, 12906, 6270, 6255, 418.00, 1
1627, 6637, 2, 0, 6901, 7176, 539, 537, 269.50, 1
1628, 6645, 1, 0, 6910, 6910, 265, 264, 265.00, 1
1629, 6648, 11, 0, 6914, 10768, 4120, 4109, 374.55, 1
1630, 6650, 4, 0, 6916, 7783, 1133, 1129, 283.25, 1
1631, 6651, 3, 0, 6918, 7471, 820, 817, 273.33, 1
1632, 6654, 7, 0, 6922, 8917, 2263, 2256, 323.29, 1
1633, 6658, 14, 0, 6925, 12372, 5714, 5700, 408.14, 1
1634, 6659, 2, 0, 6927, 7198, 539, 537, 269.50, 1
1635, 6664, 5, 0, 6932, 8134, 1470, 1465, 294.00, 1
1636, 6667, 2, 0, 6935, 7205, 538, 536, 269.00, 1
1637, 6671, 2, 0, 6939, 7209, 538, 536, 269.00, 1
1638, 6675, 6, 0, 6943, 8526, 1851, 1845, 308.50, 1
1639, 6678, 4, 0, 6947, 7814, 1136, 1132, 284.00, 1
1640, 6685, 1, 0, 6955, 6955, 270, 269, 270.00, 1
1641, 6691, 1, 0, 6960, 6960, 269, 268, 269.00, 1
1642, 6692, 3, 0, 6961, 7508, 816, 813, 272.00, 1
1643, 6693, 3, 0, 6963, 7511, 818, 815, 272.67, 1
1644, 6695, 4, 0, 6966, 7831, 1136, 1132, 284.00, 1
1645, 6702, 1, 0, 6973, 6973, 271, 270, 271.00, 1
1646, 6710, 1, 0, 6981, 6981, 271, 270, 271.00, 1
1647, 6717, 1, 0, 6988, 6988, 271, 270, 271.00, 1
1648, 6718, 1, 0, 6989, 6989, 271, 270, 271.00, 1
1649, 6729, 7, 0, 7000, 9019, 2290, 2283, 327.14, 1
1650, 6730, 2, 0, 7002, 7269, 539, 537, 269.50, 1
1651, 6733, 19, 0, 7005, 15966, 9233, 9214, 485.95, 1
1652, 6737, 2, 0, 7010, 7278, 541, 539, 270.50, 1
1653, 6739, 1, 0, 7012, 7012, 273, 272, 273.00, 1
1654, 6742, 1, 0, 7015, 7015, 273, 272, 273.00, 1
1655, 6743, 1, 0, 7017, 7017, 274, 273, 274.00, 1
1656, 6745, 14, 0, 7019, 12539, 5794, 5780, 413.86, 1
1657, 6749, 5, 0, 7023, 8236, 1487, 1482, 297.40, 1
1658, 6753, 1, 0, 7026, 7026, 273, 272, 273.00, 1
1659, 6754, 1, 0, 7028, 7028, 274, 273, 274.00, 1
1660, 6759, 4, 0, 7033, 7898, 1139, 1135, 284.75, 1
1661, 6762, 3, 0, 7035, 7583, 821, 818, 273.67, 1
1662, 6763, 1, 0, 7037, 7037, 274, 273, 274.00, 1
1663, 6764, 3, 0, 7038, 7585, 821, 818, 273.67, 1
1664, 6765, 1, 0, 7039, 7039, 274, 273, 274.00, 1
1665, 6767, 13, 0, 7042, 12013, 5246, 5233, 403.54, 1
1666, 6771, 6, 0, 7046, 8647, 1876, 1870, 312.67, 1
1667, 6772, 1, 0, 7047, 7047, 275, 274, 275.00, 1
1668, 6773, 4, 0, 7049, 7913, 1140, 1136, 285.00, 1
1669, 6781, 7, 0, 7053, 9082, 2301, 2294, 328.71, 1
1670, 6782, 16, 0, 7054, 13819, 7037, 7021, 439.81, 1
1671, 6794, 13, 0, 7067, 12073, 5279, 5266, 406.08, 1
1672, 6811, 3, 0, 7080, 7635, 824, 821, 274.67, 1
1673, 6813, 7, 0, 7082, 9132, 2319, 2312, 331.29, 1
1674, 6836, 2, 0, 7103, 7372, 536, 534, 268.00, 1
1675, 6838, 4, 0, 7106, 7985, 1147, 1143, 286.75, 1
1676, 6841, 5, 0, 7109, 8344, 1503, 1498, 300.60, 1
1677, 6843, 3, 0, 7111, 7672, 829, 826, 276.33, 1
1678, 6847, 2, 0, 7116, 7388, 541, 539, 270.50, 1
1679, 6851, 6, 0, 7119, 8765, 1914, 1908, 319.00, 1
1680, 6852, 5, 0, 7121, 8367, 1515, 1510, 303.00, 1
1681, 6858, 1, 0, 7126, 7126, 268, 267, 268.00, 1
1682, 6859, 1, 0, 7127, 7127, 268, 267, 268.00, 1
1683, 6860, 6, 0, 7128, 8781, 1921, 1915, 320.17, 1
1684, 6861, 10, 0, 7130, 10657, 3796, 3786, 379.60, 1
1685, 6863, 3, 0, 7132, 7707, 844, 841, 281.33, 1
1686, 6871, 5, 0, 7139, 8405, 1534, 1529, 306.80, 1
1687, 6872, 1, 0, 7141, 7141, 269, 268, 269.00, 1
1688, 6874, 2, 0, 7144, 7420, 546, 544, 273.00, 1
1689, 6878, 5, 0, 7148, 8422, 1544, 1539, 308.80, 1
1690, 6879, 1, 0, 7149, 7149, 270, 269, 270.00, 1
1691, 6880, 7, 0, 7150, 9263, 2383, 2376, 340.43, 1
1692, 6887, 1, 0, 7158, 7158, 271, 270, 271.00, 1
1693, 6889, 5, 0, 7161, 8442, 1553, 1548, 310.60, 1
1694, 6895, 3, 0, 7168, 7755, 860, 857, 286.67, 1
1695, 6897, 11, 0, 7170, 11234, 4337, 4326, 394.27, 1
1696, 6901, 14, 0, 7175, 12917, 6016, 6002, 429.71, 1
1697, 6910, 3, 0, 7182, 7774, 864, 861, 288.00, 1
1698, 6915, 1, 0, 7186, 7186, 271, 270, 271.00, 1
1699, 6920, 3, 0, 7192, 7787, 867, 864, 289.00, 1
1700, 6939, 6, 0, 7208, 8928, 1989, 1983, 331.50, 1
1701, 6940, 1, 0, 7210, 7210, 270, 269, 270.00, 1
1702, 6942, 3, 0, 7212, 7807, 865, 862, 288.33, 1
1703, 6950, 1, 0, 7219, 7219, 269, 268, 269.00, 1
1704, 6959, 1, 0, 7225, 7225, 266, 265, 266.00, 1
1705, 6960, 2, 0, 7227, 7507, 547, 545, 273.50, 1
1706, 6965, 6, 0, 7232, 8956, 1991, 1985, 331.83, 1
1707, 6967, 2, 0, 7235, 7517, 550, 548, 275.00, 1
1708, 6971, 18, 0, 7239, 15851, 8880, 8862, 493.33, 1
1709, 6972, 4, 0, 7241, 8181, 1209, 1205, 302.25, 1
1710, 6974, 3, 0, 7243, 7843, 869, 866, 289.67, 1
1711, 6982, 9, 0, 7250, 10381, 3399, 3390, 377.67, 1
1712, 6985, 3, 0, 7254, 7854, 869, 866, 289.67, 1
1713, 6989, 6, 0, 7258, 8995, 2006, 2000, 334.33, 1
1714, 6993, 2, 0, 7261, 7545, 552, 550, 276.00, 1
1715, 6994, 15, 0, 7262, 13704, 6710, 6695, 447.33, 1
1716, 7005, 2, 0, 7272, 7557, 552, 550, 276.00, 1
1717, 7019, 2, 0, 7284, 7570, 551, 549, 275.50, 1
1718, 7029, 5, 0, 7291, 8628, 1599, 1594, 319.80, 1
1719, 7030, 3, 0, 7292, 7894, 864, 861, 288.00, 1
1720, 7033, 12, 0, 7295, 11990, 4957, 4945, 413.08, 1
1721, 7036, 9, 0, 7299, 10467, 3431, 3422, 381.22, 1
1722, 7039, 20, 0, 7301, 17748, 10709, 10689, 535.45, 1
1723, 7047, 3, 0, 7308, 7912, 865, 862, 288.33, 1
1724, 7050, 8, 0, 7311, 10005, 2955, 2947, 369.38, 1
1725, 7057, 3, 0, 7318, 7921, 864, 861, 288.00, 1
1726, 7058, 3, 0, 7320, 7923, 865, 862, 288.33, 1
1727, 7060, 13, 0, 7323, 12611, 5551, 5538, 427.00, 1
1728, 7070, 9, 0, 7333, 10541, 3471, 3462, 385.67, 1
1729, 7072, 2, 0, 7335, 7623, 551, 549, 275.50, 1
1730, 7077, 6, 0, 7340, 9119, 2042, 2036, 340.33, 1
1731, 7078, 7, 0, 7342, 9586, 2508, 2501, 358.29, 1
1732, 7080, 8, 0, 7345, 10073, 2993, 2985, 374.12, 1
1733, 7085, 4, 0, 7351, 8306, 1221, 1217, 305.25, 1
1734, 7086, 1, 0, 7353, 7353, 267, 266, 267.00, 1
1735, 7089, 7, 0, 7356, 9601, 2512, 2505, 358.86, 1
1736, 7092, 2, 0, 7360, 7651, 559, 557, 279.50, 1
1737, 7093, 7, 0, 7362, 9613, 2520, 2513, 360.00, 1
1738, 7097, 9, 0, 7366, 10583, 3486, 3477, 387.33, 1
1739, 7098, 1, 0, 7368, 7368, 270, 269, 270.00, 1
1740, 7100, 3, 0, 7370, 7978, 878, 875, 292.67, 1
1741, 7104, 2, 0, 7373, 7664, 560, 558, 280.00, 1
1742, 7105, 3, 0, 7374, 7982, 877, 874, 292.33, 1
1743, 7110, 6, 0, 7379, 9174, 2064, 2058, 344.00, 1
1744, 7115, 1, 0, 7385, 7385, 270, 269, 270.00, 1
1745, 7116, 4, 0, 7387, 8356, 1240, 1236, 310.00, 1
1746, 7118, 2, 0, 7390, 7683, 565, 563, 282.50, 1
1747, 7119, 7, 0, 7391, 9658, 2539, 2532, 362.71, 1
1748, 7120, 1, 0, 7393, 7393, 273, 272, 273.00, 1
1749, 7123, 4, 0, 7396, 8372, 1249, 1245, 312.25, 1
1750, 7127, 5, 0, 7400, 8779, 1652, 1647, 330.40, 1
1751, 7128, 1, 0, 7401, 7401, 273, 272, 273.00, 1
1752, 7129, 18, 0, 7403, 16292, 9163, 9145, 509.06, 1
1753, 7130, 6, 0, 7405, 9226, 2096, 2090, 349.33, 1
1754, 7134, 8, 0, 7410, 10183, 3049, 3041, 381.12, 1
1755, 7135, 12, 0, 7412, 12231, 5096, 5084, 424.67, 1
1756, 7139, 6, 0, 7415, 9242, 2103, 2097, 350.50, 1
1757, 7140, 18, 0, 7417, 16400, 9260, 9242, 514.44, 1
1758, 7147, 6, 0, 7422, 9255, 2108, 2102, 351.33, 1
1759, 7148, 2, 0, 7424, 7726, 578, 576, 289.00, 1
1760, 7156, 4, 0, 7431, 8433, 1277, 1273, 319.25, 1
1761, 7157, 7, 0, 7433, 9737, 2580, 2573, 368.57, 1
1762, 7160, 4, 0, 7436, 8440, 1280, 1276, 320.00, 1
1763, 7165, 6, 0, 7442, 9291, 2126, 2120, 354.33, 1
1764, 7166, 4, 0, 7444, 8449, 1283, 1279, 320.75, 1
1765, 7170, 1, 0, 7449, 7449, 279, 278, 279.00, 1
1766, 7174, 8, 0, 7452, 10268, 3094, 3086, 386.75, 1
1767, 7175, 8, 0, 7453, 10272, 3097, 3089, 387.12, 1
1768, 7177, 1, 0, 7455, 7455, 278, 277, 278.00, 1
1769, 7179, 7, 0, 7456, 9784, 2605, 2598, 372.14, 1
1770, 7180, 7, 0, 7458, 9791, 2611, 2604, 373.00, 1
1771, 7182, 8, 0, 7460, 10285, 3103, 3095, 387.88, 1
1772, 7186, 5, 0, 7465, 8902, 1716, 1711, 343.20, 1
1773, 7187, 7, 0, 7466, 9811, 2624, 2617, 374.86, 1
1774, 7189, 2, 0, 7469, 7784, 595, 593, 297.50, 1
1775, 7191, 3, 0, 7472, 8122, 931, 928, 310.33, 1
1776, 7195, 8, 0, 7477, 10309, 3114, 3106, 389.25, 1
1777, 7197, 4, 0, 7480, 8509, 1312, 1308, 328.00, 1
1778, 7203, 1, 0, 7485, 7485, 282, 281, 282.00, 1
1779, 7206, 3, 0, 7488, 8138, 932, 929, 310.67, 1
1780, 7209, 9, 0, 7492, 10801, 3592, 3583, 399.11, 1
1781, 7216, 6, 0, 7498, 9382, 2166, 2160, 361.00, 1
1782, 7225, 3, 0, 7504, 8159, 934, 931, 311.33, 1
1783, 7226, 2, 0, 7505, 7819, 593, 591, 296.50, 1
1784, 7230, 2, 0, 7510, 7824, 594, 592, 297.00, 1
1785, 7234, 7, 0, 7515, 9874, 2640, 2633, 377.14, 1
1786, 7237, 7, 0, 7519, 9877, 2640, 2633, 377.14, 1
1787, 7240, 2, 0, 7523, 7838, 598, 596, 299.00, 1
1788, 7241, 1, 0, 7525, 7525, 284, 283, 284.00, 1
1789, 7244, 3, 0, 7529, 8183, 939, 936, 313.00, 1
1790, 7246, 1, 0, 7531, 7531, 285, 284, 285.00, 1
1791, 7251, 2, 0, 7535, 7850, 599, 597, 299.50, 1
1792, 7255, 2, 0, 7539, 7855, 600, 598, 300.00, 1
1793, 7266, 4, 0, 7550, 8595, 1329, 1325, 332.25, 1
1794, 7269, 3, 0, 7554, 8214, 945, 942, 315.00, 1
1795, 7279, 4, 0, 7563, 8616, 1337, 1333, 334.25, 1
1796, 7282, 7, 0, 7567, 9959, 2677, 2670, 382.43, 1
1797, 7288, 6, 0, 7573, 9503, 2215, 2209, 369.17, 1
1798, 7291, 3, 0, 7575, 8237, 946, 943, 315.33, 1
1799, 7294, 5, 0, 7578, 9055, 1761, 1756, 352.20, 1
1800, 7304, 5, 0, 7589, 9066, 1762, 1757, 352.40, 1
1801, 7314, 1, 0, 7598, 7598, 284, 283, 284.00, 1
1802, 7316, 1, 0, 7601, 7601, 285, 284, 285.00, 1
1803, 7325, 5, 0, 7611, 9097, 1772, 1767, 354.40, 1
1804, 7326, 8, 0, 7613, 10529, 3203, 3195, 400.38, 1
1805, 7327, 1, 0, 7614, 7614, 287, 286, 287.00, 1
1806, 7329, 1, 0, 7616, 7616, 287, 286, 287.00, 1
1807, 7332, 7, 0, 7620, 10055, 2723, 2716, 389.00, 1
1808, 7338, 1, 0, 7626, 7626, 288, 287, 288.00, 1
1809, 7339, 4, 0, 7628, 8690, 1351, 1347, 337.75, 1
1810, 7347, 20, 0, 7636, 18827, 11480, 11460, 574.00, 1
1811, 7354, 3, 0, 7641, 8307, 953, 950, 317.67, 1
1812, 7356, 5, 0, 7644, 9138, 1782, 1777, 356.40, 1
1813, 7357, 8, 0, 7646, 10568, 3211, 3203, 401.38, 1
1814, 7360, 3, 0, 7650, 8321, 961, 958, 320.33, 1
1815, 7364, 2, 0, 7655, 7970, 606, 604, 303.00, 1
1816, 7367, 3, 0, 7659, 8333, 966, 963, 322.00, 1
1817, 7375, 14, 0, 7666, 13933, 6558, 6544, 468.43, 1
1818, 7380, 20, 0, 7671, 18917, 11537, 11517, 576.85, 1
1819, 7382, 5, 0, 7673, 9180, 1798, 1793, 359.60, 1
1820, 7385, 1, 0, 7677, 7677, 292, 291, 292.00, 1
1821, 7387, 18, 0, 7679, 17090, 9703, 9685, 539.06, 1
1822, 7390, 3, 0, 7682, 8359, 969, 966, 323.00, 1
1823, 7393, 4, 0, 7686, 8766, 1373, 1369, 343.25, 1
1824, 7395, 4, 0, 7688, 8768, 1373, 1369, 343.25, 1
1825, 7398, 9, 0, 7692, 11124, 3726, 3717, 414.00, 1
1826, 7400, 3, 0, 7695, 8378, 978, 975, 326.00, 1
1827, 7402, 13, 0, 7697, 13357, 5955, 5942, 458.08, 1
1828, 7403, 8, 0, 7699, 10646, 3243, 3235, 405.38, 1
1829, 7405, 10, 0, 7702, 11655, 4250, 4240, 425.00, 1
1830, 7407, 2, 0, 7705, 8025, 618, 616, 309.00, 1
1831, 7412, 5, 0, 7710, 9237, 1825, 1820, 365.00, 1
1832, 7413, 1, 0, 7712, 7712, 299, 298, 299.00, 1
1833, 7415, 4, 0, 7714, 8805, 1390, 1386, 347.50, 1
1834, 7416, 13, 0, 7716, 13425, 6009, 5996, 462.23, 1
1835, 7419, 1, 0, 7720, 7720, 301, 300, 301.00, 1
1836, 7421, 9, 0, 7722, 11181, 3760, 3751, 417.78, 1
1837, 7423, 4, 0, 7724, 8822, 1399, 1395, 349.75, 1
1838, 7425, 4, 0, 7727, 8824, 1399, 1395, 349.75, 1
1839, 7426, 3, 0, 7729, 8424, 998, 995, 332.67, 1
1840, 7427, 2, 0, 7731, 8055, 628, 626, 314.00, 1
1841, 7434, 2, 0, 7738, 8064, 630, 628, 315.00, 1
1842, 7435, 1, 0, 7740, 7740, 305, 304, 305.00, 1
1843, 7436, 2, 0, 7742, 8066, 630, 628, 315.00, 1
1844, 7439, 15, 0, 7746, 14843, 7404, 7389, 493.60, 1
1845, 7446, 13, 0, 7753, 13511, 6065, 6052, 466.54, 1
1846, 7450, 2, 0, 7757, 8084, 634, 632, 317.00, 1
1847, 7451, 10, 0, 7759, 11756, 4305, 4295, 430.50, 1
1848, 7452, 2, 0, 7761, 8091, 639, 637, 319.50, 1
1849, 7455, 10, 0, 7765, 11772, 4317, 4307, 431.70, 1
1850, 7459, 2, 0, 7769, 8101, 642, 640, 321.00, 1
1851, 7460, 3, 0, 7771, 8480, 1020, 1017, 340.00, 1
1852, 7461, 3, 0, 7773, 8483, 1022, 1019, 340.67, 1
1853, 7462, 3, 0, 7775, 8484, 1022, 1019, 340.67, 1
1854, 7465, 14, 0, 7779, 14217, 6752, 6738, 482.29, 1
1855, 7466, 1, 0, 7781, 7781, 315, 314, 315.00, 1
1856, 7486, 2, 0, 7796, 8135, 649, 647, 324.50, 1
1857, 7487, 9, 0, 7798, 11291, 3804, 3795, 422.67, 1
1858, 7490, 3, 0, 7801, 8514, 1024, 1021, 341.33, 1
1859, 7492, 7, 0, 7803, 10323, 2831, 2824, 404.43, 1
1860, 7493, 1, 0, 7805, 7805, 312, 311, 312.00, 1
1861, 7496, 10, 0, 7809, 11816, 4320, 4310, 432.00, 1
1862, 7499, 3, 0, 7813, 8532, 1033, 1030, 344.33, 1
1863, 7507, 7, 0, 7821, 10348, 2841, 2834, 405.86, 1
1864, 7509, 2, 0, 7822, 8163, 654, 652, 327.00, 1
1865, 7511, 5, 0, 7825, 9393, 1882, 1877, 376.40, 1
1866, 7515, 10, 0, 7829, 11849, 4334, 4324, 433.40, 1
1867, 7518, 4, 0, 7832, 8961, 1443, 1439, 360.75, 1
1868, 7523, 1, 0, 7837, 7837, 314, 313, 314.00, 1
1869, 7527, 1, 0, 7841, 7841, 314, 313, 314.00, 1
1870, 7534, 9, 0, 7847, 11351, 3817, 3808, 424.11, 1
1871, 7535, 6, 0, 7849, 9899, 2364, 2358, 394.00, 1
1872, 7538, 20, 0, 7853, 19542, 12004, 11984, 600.20, 1
1873, 7542, 10, 0, 7858, 11903, 4361, 4351, 436.10, 1
1874, 7544, 1, 0, 7860, 7860, 316, 315, 316.00, 1
1875, 7545, 2, 0, 7861, 8199, 654, 652, 327.00, 1
1876, 7547, 4, 0, 7863, 9004, 1457, 1453, 364.25, 1
1877, 7548, 9, 0, 7865, 11387, 3839, 3830, 426.56, 1
1878, 7550, 4, 0, 7868, 9011, 1461, 1457, 365.25, 1
1879, 7552, 3, 0, 7871, 8600, 1048, 1045, 349.33, 1
1880, 7556, 16, 0, 7875, 15956, 8400, 8384, 525.00, 1
1881, 7558, 2, 0, 7876, 8217, 659, 657, 329.50, 1
1882, 7563, 5, 0, 7882, 9486, 1923, 1918, 384.60, 1
1883, 7567, 5, 0, 7885, 9487, 1920, 1915, 384.00, 1
1884, 7580, 4, 0, 7896, 9057, 1477, 1473, 369.25, 1
1885, 7586, 2, 0, 7901, 8247, 661, 659, 330.50, 1
1886, 7590, 5, 0, 7905, 9522, 1932, 1927, 386.40, 1
1887, 7592, 3, 0, 7908, 8646, 1054, 1051, 351.33, 1
1888, 7594, 2, 0, 7911, 8259, 665, 663, 332.50, 1
1889, 7601, 2, 0, 7918, 8266, 665, 663, 332.50, 1
1890, 7610, 3, 0, 7927, 8667, 1057, 1054, 352.33, 1
1891, 7611, 7, 0, 7929, 10520, 2909, 2902, 415.57, 1
1892, 7612, 8, 0, 7931, 11011, 3399, 3391, 424.88, 1
1893, 7619, 10, 0, 7935, 12071, 4452, 4442, 445.20, 1
1894, 7623, 1, 0, 7939, 7939, 316, 315, 316.00, 1
1895, 7624, 39, 0, 7940, 45883, 38259, 38220, 981.00, 1
1896, 7634, 7, 0, 7948, 10555, 2921, 2914, 417.29, 1
1897, 7636, 1, 0, 7950, 7950, 314, 313, 314.00, 1
1898, 7643, 4, 0, 7958, 9137, 1494, 1490, 373.50, 1
1899, 7648, 4, 0, 7962, 9146, 1498, 1494, 374.50, 1
1900, 7654, 5, 0, 7968, 9614, 1960, 1955, 392.00, 1
1901, 7658, 2, 0, 7973, 8330, 672, 670, 336.00, 1
1902, 7663, 12, 0, 7979, 13296, 5633, 5621, 469.42, 1
1903, 7665, 10, 0, 7981, 12136, 4471, 4461, 447.10, 1
1904, 7668, 1, 0, 7984, 7984, 316, 315, 316.00, 1
1905, 7671, 6, 0, 7988, 10118, 2447, 2441, 407.83, 1
1906, 7681, 7, 0, 7996, 10608, 2927, 2920, 418.14, 1
1907, 7682, 9, 0, 7997, 11608, 3926, 3917, 436.22, 1
1908, 7684, 5, 0, 7999, 9651, 1967, 1962, 393.40, 1
1909, 7689, 17, 0, 8005, 17100, 9411, 9394, 553.59, 1
1910, 7690, 8, 0, 8007, 11114, 3424, 3416, 428.00, 1
1911, 7699, 7, 0, 8017, 10642, 2943, 2936, 420.43, 1
1912, 7701, 1, 0, 8020, 8020, 319, 318, 319.00, 1
1913, 7707, 2, 0, 8027, 8393, 686, 684, 343.00, 1
1914, 7708, 3, 0, 8028, 8795, 1087, 1084, 362.33, 1
1915, 7710, 1, 0, 8031, 8031, 321, 320, 321.00, 1
1916, 7712, 3, 0, 8034, 8804, 1092, 1089, 364.00, 1
1917, 7721, 3, 0, 8042, 8812, 1091, 1088, 363.67, 1
1918, 7722, 9, 0, 8044, 11695, 3973, 3964, 441.44, 1
1919, 7723, 1, 0, 8046, 8046, 323, 322, 323.00, 1
1920, 7724, 11, 0, 8048, 12841, 5117, 5106, 465.18, 1
1921, 7734, 3, 0, 8058, 8833, 1099, 1096, 366.33, 1
1922, 7735, 2, 0, 8060, 8432, 697, 695, 348.50, 1
1923, 7736, 10, 0, 8062, 12272, 4536, 4526, 453.60, 1
1924, 7751, 7, 0, 8075, 10722, 2971, 2964, 424.43, 1
1925, 7752, 9, 0, 8077, 11744, 3992, 3983, 443.56, 1
1926, 7753, 5, 0, 8079, 9761, 2008, 2003, 401.60, 1
1927, 7756, 2, 0, 8082, 8456, 700, 698, 350.00, 1
1928, 7758, 16, 0, 8085, 16503, 8745, 8729, 546.56, 1
1929, 7759, 2, 0, 8087, 8460, 701, 699, 350.50, 1
1930, 7761, 2, 0, 8090, 8465, 704, 702, 352.00, 1
1931, 7763, 16, 0, 8093, 16520, 8757, 8741, 547.31, 1
1932, 7767, 5, 0, 8098, 9786, 2019, 2014, 403.80, 1
1933, 7770, 4, 0, 8102, 9330, 1560, 1556, 390.00, 1
1934, 7773, 4, 0, 8106, 9334, 1561, 1557, 390.25, 1
1935, 7776, 4, 0, 8109, 9337, 1561, 1557, 390.25, 1
1936, 7780, 1, 0, 8114, 8114, 334, 333, 334.00, 1
1937, 7782, 4, 0, 8116, 9347, 1565, 1561, 391.25, 1
1938, 7783, 20, 0, 8118, 20320, 12537, 12517, 626.85, 1
1939, 7784, 10, 0, 8119, 12357, 4573, 4563, 457.30, 1
1940, 7785, 5, 0, 8120, 9817, 2032, 2027, 406.40, 1
1941, 7787, 1, 0, 8123, 8123, 336, 335, 336.00, 1
1942, 7788, 6, 0, 8124, 10307, 2519, 2513, 419.83, 1
1943, 7790, 8, 0, 8127, 11277, 3487, 3479, 435.88, 1
1944, 7791, 15, 0, 8129, 15731, 7940, 7925, 529.33, 1
1945, 7803, 2, 0, 8141, 8518, 715, 713, 357.50, 1
1946, 7804, 16, 0, 8143, 16598, 8794, 8778, 549.62, 1
1947, 7812, 7, 0, 8150, 10810, 2998, 2991, 428.29, 1
1948, 7814, 6, 0, 8153, 10338, 2524, 2518, 420.67, 1
1949, 7815, 2, 0, 8154, 8534, 719, 717, 359.50, 1
1950, 7816, 10, 0, 8156, 12398, 4582, 4572, 458.20, 1
1951, 7820, 3, 0, 8160, 8945, 1125, 1122, 375.00, 1
1952, 7826, 6, 0, 8166, 10355, 2529, 2523, 421.50, 1
1953, 7827, 10, 0, 8168, 12412, 4585, 4575, 458.50, 1
1954, 7830, 6, 0, 8171, 10362, 2532, 2526, 422.00, 1
1955, 7835, 5, 0, 8176, 9879, 2044, 2039, 408.80, 1
1956, 7836, 8, 0, 8178, 11340, 3504, 3496, 438.00, 1
1957, 7844, 1, 0, 8182, 8182, 338, 337, 338.00, 1
1958, 7846, 3, 0, 8185, 8973, 1127, 1124, 375.67, 1
1959, 7851, 5, 0, 8190, 9901, 2050, 2045, 410.00, 1
1960, 7852, 3, 0, 8191, 8983, 1131, 1128, 377.00, 1
1961, 7857, 5, 0, 8194, 9905, 2048, 2043, 409.60, 1
1962, 7861, 9, 0, 8198, 11908, 4047, 4038, 449.67, 1
1963, 7862, 5, 0, 8200, 9922, 2060, 2055, 412.00, 1
1964, 7870, 5, 0, 8208, 9932, 2062, 2057, 412.40, 1
1965, 7871, 9, 0, 8210, 11926, 4055, 4046, 450.56, 1
1966, 7876, 5, 0, 8216, 9945, 2069, 2064, 413.80, 1
1967, 7879, 4, 0, 8220, 9479, 1600, 1596, 400.00, 1
1968, 7881, 1, 0, 8223, 8223, 342, 341, 342.00, 1
1969, 7882, 7, 0, 8225, 10923, 3041, 3034, 434.43, 1
1970, 7886, 1, 0, 8229, 8229, 343, 342, 343.00, 1
1971, 7889, 8, 0, 8233, 11434, 3545, 3537, 443.12, 1
1972, 7893, 8, 0, 8238, 11448, 3555, 3547, 444.38, 1
1973, 7897, 2, 0, 8242, 8632, 735, 733, 367.50, 1
1974, 7898, 1, 0, 8244, 8244, 346, 345, 346.00, 1
1975, 7900, 1, 0, 8245, 8245, 345, 344, 345.00, 1
1976, 7903, 11, 0, 8249, 13150, 5247, 5236, 477.00, 1
1977, 7905, 2, 0, 8252, 8641, 736, 734, 368.00, 1
1978, 7911, 14, 0, 8258, 15251, 7340, 7326, 524.29, 1
1979, 7914, 11, 0, 8260, 13185, 5271, 5260, 479.18, 1
1980, 7916, 2, 0, 8263, 8655, 739, 737, 369.50, 1
1981, 7919, 13, 0, 8267, 14517, 6598, 6585, 507.54, 1
1982, 7921, 8, 0, 8270, 11504, 3583, 3575, 447.88, 1
1983, 7925, 4, 0, 8272, 9548, 1623, 1619, 405.75, 1
1984, 7929, 7, 0, 8277, 11008, 3079, 3072, 439.86, 1
1985, 7933, 2, 0, 8282, 8677, 744, 742, 372.00, 1
1986, 7934, 10, 0, 8284, 12631, 4697, 4687, 469.70, 1
1987, 7936, 1, 0, 8287, 8287, 351, 350, 351.00, 1
1988, 7946, 3, 0, 8296, 9124, 1178, 1175, 392.67, 1
1989, 7948, 1, 0, 8299, 8299, 351, 350, 351.00, 1
1990, 7950, 6, 0, 8302, 10557, 2607, 2601, 434.50, 1
1991, 7958, 2, 0, 8309, 8707, 749, 747, 374.50, 1
1992, 7960, 5, 0, 8312, 10081, 2121, 2116, 424.20, 1
1993, 7962, 10, 0, 8315, 12671, 4709, 4699, 470.90, 1
1994, 7963, 5, 0, 8317, 10091, 2128, 2123, 425.60, 1
1995, 7965, 10, 0, 8320, 12675, 4710, 4700, 471.00, 1
1996, 7966, 5, 0, 8322, 10096, 2130, 2125, 426.00, 1
1997, 7969, 4, 0, 8326, 9618, 1649, 1645, 412.25, 1
1998, 7974, 1, 0, 8331, 8331, 357, 356, 357.00, 1
1999, 7976, 3, 0, 8334, 9165, 1189, 1186, 396.33, 1
2000, 7978, 4, 0, 8337, 9626, 1648, 1644, 412.00, 1
2001, 7983, 2, 0, 8341, 8739, 756, 754, 378.00, 1
2002, 7985, 1, 0, 8343, 8343, 358, 357, 358.00, 1
2003, 7988, 4, 0, 8346, 9633, 1645, 1641, 411.25, 1
2004, 7990, 2, 0, 8349, 8746, 756, 754, 378.00, 1
2005, 7992, 4, 0, 8352, 9643, 1651, 1647, 412.75, 1
2006, 7999, 4, 0, 8360, 9649, 1650, 1646, 412.50, 1
2007, 8000, 6, 0, 8362, 10615, 2615, 2609, 435.83, 1
2008, 8003, 1, 0, 8366, 8366, 363, 362, 363.00, 1
2009, 8008, 1, 0, 8371, 8371, 363, 362, 363.00, 1
2010, 8010, 2, 0, 8374, 8775, 765, 763, 382.50, 1
2011, 8015, 1, 0, 8380, 8380, 365, 364, 365.00, 1
2012, 8023, 5, 0, 8388, 10173, 2150, 2145, 430.00, 1
2013, 8026, 2, 0, 8391, 8793, 767, 765, 383.50, 1
2014, 8030, 1, 0, 8396, 8396, 366, 365, 366.00, 1
2015, 8031, 9, 0, 8398, 12221, 4190, 4181, 465.56, 1
2016, 8040, 7, 0, 8406, 11172, 3132, 3125, 447.43, 1
2017, 8046, 4, 0, 8413, 9717, 1671, 1667, 417.75, 1
2018, 8048, 2, 0, 8415, 8819, 771, 769, 385.50, 1
2019, 8049, 11, 0, 8417, 13451, 5402, 5391, 491.09, 1
2020, 8051, 1, 0, 8420, 8420, 369, 368, 369.00, 1
2021, 8053, 2, 0, 8423, 8825, 772, 770, 386.00, 1
2022, 8054, 8, 0, 8425, 11710, 3656, 3648, 457.00, 1
2023, 8057, 4, 0, 8428, 9730, 1673, 1669, 418.25, 1
2024, 8062, 1, 0, 8434, 8434, 372, 371, 372.00, 1
2025, 8065, 10, 0, 8437, 12855, 4790, 4780, 479.00, 1
2026, 8066, 4, 0, 8439, 9740, 1674, 1670, 418.50, 1
2027, 8070, 1, 0, 8443, 8443, 373, 372, 373.00, 1
2028, 8077, 4, 0, 8450, 9756, 1679, 1675, 419.75, 1
2029, 8088, 12, 0, 8461, 14180, 6092, 6080, 507.67, 1
2030, 8089, 2, 0, 8463, 8870, 781, 779, 390.50, 1
2031, 8093, 2, 0, 8467, 8873, 780, 778, 390.00, 1
2032, 8099, 6, 0, 8474, 10757, 2658, 2652, 443.00, 1
2033, 8104, 6, 0, 8479, 10763, 2659, 2653, 443.17, 1
2034, 8113, 10, 0, 8488, 12931, 4818, 4808, 481.80, 1
2035, 8115, 16, 0, 8490, 17422, 9307, 9291, 581.69, 1
2036, 8120, 4, 0, 8496, 9816, 1696, 1692, 424.00, 1
2037, 8121, 7, 0, 8498, 11274, 3153, 3146, 450.43, 1
2038, 8125, 2, 0, 8501, 8912, 787, 785, 393.50, 1
2039, 8129, 1, 0, 8506, 8506, 377, 376, 377.00, 1
2040, 8134, 4, 0, 8511, 9833, 1699, 1695, 424.75, 1
2041, 8136, 4, 0, 8512, 9835, 1699, 1695, 424.75, 1
2042, 8140, 13, 0, 8515, 14983, 6843, 6830, 526.38, 1
2043, 8141, 1, 0, 8517, 8517, 376, 375, 376.00, 1
2044, 8148, 10, 0, 8525, 12969, 4821, 4811, 482.10, 1
2045, 8149, 2, 0, 8527, 8936, 787, 785, 393.50, 1
2046, 8151, 9, 0, 8529, 12388, 4237, 4228, 470.78, 1
2047, 8152, 3, 0, 8531, 9383, 1231, 1228, 410.33, 1
2048, 8164, 1, 0, 8541, 8541, 377, 376, 377.00, 1
2049, 8166, 1, 0, 8544, 8544, 378, 377, 378.00, 1
2050, 8171, 8, 0, 8550, 11852, 3681, 3673, 460.12, 1
2051, 8177, 6, 0, 8557, 10844, 2667, 2661, 444.50, 1
2052, 8178, 3, 0, 8558, 9411, 1233, 1230, 411.00, 1
2053, 8184, 3, 0, 8562, 9415, 1231, 1228, 410.33, 1
2054, 8185, 14, 0, 8564, 15860, 7675, 7661, 548.21, 1
2055, 8192, 12, 0, 8572, 14353, 6161, 6149, 513.42, 1
2056, 8193, 1, 0, 8574, 8574, 381, 380, 381.00, 1
2057, 8194, 2, 0, 8576, 8987, 793, 791, 396.50, 1
2058, 8195, 3, 0, 8578, 9435, 1240, 1237, 413.33, 1
2059, 8197, 4, 0, 8581, 9913, 1716, 1712, 429.00, 1
2060, 8199, 8, 0, 8584, 11913, 3714, 3706, 464.25, 1
2061, 8200, 10, 0, 8585, 13065, 4865, 4855, 486.50, 1
2062, 8204, 5, 0, 8590, 10407, 2203, 2198, 440.60, 1
2063, 8205, 14, 0, 8592, 15936, 7731, 7717, 552.21, 1
2064, 8207, 8, 0, 8594, 11924, 3717, 3709, 464.62, 1
2065, 8211, 2, 0, 8599, 9016, 805, 803, 402.50, 1
2066, 8212, 3, 0, 8601, 9464, 1252, 1249, 417.33, 1
2067, 8213, 4, 0, 8603, 9937, 1724, 1720, 431.00, 1
2068, 8214, 5, 0, 8605, 10422, 2208, 2203, 441.60, 1
2069, 8220, 7, 0, 8610, 11419, 3199, 3192, 457.00, 1
2070, 8233, 1, 0, 8621, 8621, 388, 387, 388.00, 1
2071, 8234, 10, 0, 8623, 13115, 4881, 4871, 488.10, 1
2072, 8236, 3, 0, 8626, 9504, 1268, 1265, 422.67, 1
2073, 8240, 1, 0, 8629, 8629, 389, 388, 389.00, 1
2074, 8243, 5, 0, 8633, 10465, 2222, 2217, 444.40, 1
2075, 8248, 1, 0, 8636, 8636, 388, 387, 388.00, 1
2076, 8254, 2, 0, 8643, 9068, 814, 812, 407.00, 1
2077, 8259, 5, 0, 8649, 10486, 2227, 2222, 445.40, 1
2078, 8260, 4, 0, 8650, 10001, 1741, 1737, 435.25, 1
2079, 8262, 5, 0, 8653, 10494, 2232, 2227, 446.40, 1
2080, 8275, 18, 0, 8666, 19762, 11487, 11469, 638.17, 1
2081, 8278, 1, 0, 8670, 8670, 392, 391, 392.00, 1
2082, 8279, 1, 0, 8672, 8672, 393, 392, 393.00, 1
2083, 8282, 2, 0, 8676, 9101, 819, 817, 409.50, 1
2084, 8283, 11, 0, 8678, 13848, 5565, 5554, 505.91, 1
2085, 8286, 1, 0, 8682, 8682, 396, 395, 396.00, 1
2086, 8292, 5, 0, 8688, 10546, 2254, 2249, 450.80, 1
2087, 8295, 1, 0, 8692, 8692, 397, 396, 397.00, 1
2088, 8296, 5, 0, 8694, 10552, 2256, 2251, 451.20, 1
2089, 8304, 1, 0, 8702, 8702, 398, 397, 398.00, 1
2090, 8305, 1, 0, 8704, 8704, 399, 398, 399.00, 1
2091, 8310, 3, 0, 8708, 9597, 1287, 1284, 429.00, 1
2092, 8313, 4, 0, 8712, 10084, 1771, 1767, 442.75, 1
2093, 8326, 7, 0, 8724, 11574, 3248, 3241, 464.00, 1
2094, 8327, 8, 0, 8726, 12121, 3794, 3786, 474.25, 1
2095, 8328, 1, 0, 8728, 8728, 400, 399, 400.00, 1
2096, 8341, 9, 0, 8738, 12705, 4364, 4355, 484.89, 1
2097, 8343, 1, 0, 8741, 8741, 398, 397, 398.00, 1
2098, 8350, 8, 0, 8747, 12146, 3796, 3788, 474.50, 1
2099, 8351, 3, 0, 8749, 9639, 1288, 1285, 429.33, 1
2100, 8352, 8, 0, 8751, 12152, 3800, 3792, 475.00, 1
2101, 8357, 11, 0, 8756, 13958, 5601, 5590, 509.18, 1
2102, 8359, 2, 0, 8759, 9191, 832, 830, 416.00, 1
2103, 8362, 11, 0, 8762, 13964, 5602, 5591, 509.27, 1
2104, 8366, 4, 0, 8767, 10142, 1776, 1772, 444.00, 1
2105, 8370, 2, 0, 8770, 9203, 833, 831, 416.50, 1
2106, 8373, 4, 0, 8772, 10150, 1777, 1773, 444.25, 1
2107, 8374, 10, 0, 8774, 13352, 4978, 4968, 497.80, 1
2108, 8378, 9, 0, 8778, 12756, 4378, 4369, 486.44, 1
2109, 8386, 5, 0, 8785, 10648, 2262, 2257, 452.40, 1
2110, 8387, 3, 0, 8787, 9682, 1295, 1292, 431.67, 1
2111, 8391, 6, 0, 8792, 11145, 2754, 2748, 459.00, 1
2112, 8397, 9, 0, 8797, 12794, 4397, 4388, 488.56, 1
2113, 8399, 3, 0, 8800, 9698, 1299, 1296, 433.00, 1
2114, 8400, 30, 0, 8802, 35752, 27352, 27322, 911.73, 1
2115, 8405, 15, 0, 8808, 17238, 8833, 8818, 588.87, 1
2116, 8409, 12, 0, 8811, 14791, 6382, 6370, 531.83, 1
2117, 8411, 16, 0, 8814, 18162, 9751, 9735, 609.44, 1
2118, 8428, 2, 0, 8829, 9265, 837, 835, 418.50, 1
2119, 8429, 4, 0, 8831, 10221, 1792, 1788, 448.00, 1
2120, 8433, 5, 0, 8835, 10703, 2270, 2265, 454.00, 1
2121, 8435, 4, 0, 8836, 10223, 1788, 1784, 447.00, 1
2122, 8442, 6, 0, 8843, 11205, 2763, 2757, 460.50, 1
2123, 8444, 3, 0, 8844, 9747, 1303, 1300, 434.33, 1
2124, 8445, 2, 0, 8846, 9286, 841, 839, 420.50, 1
2125, 8446, 1, 0, 8848, 8848, 402, 401, 402.00, 1
2126, 8447, 2, 0, 8850, 9290, 843, 841, 421.50, 1
2127, 8449, 5, 0, 8853, 10724, 2275, 2270, 455.00, 1
2128, 8451, 7, 0, 8855, 11741, 3290, 3283, 470.00, 1
2129, 8454, 2, 0, 8859, 9300, 846, 844, 423.00, 1
2130, 8456, 4, 0, 8862, 10256, 1800, 1796, 450.00, 1
2131, 8460, 4, 0, 8866, 10262, 1802, 1798, 450.50, 1
2132, 8463, 7, 0, 8869, 11757, 3294, 3287, 470.57, 1
2133, 8469, 15, 0, 8875, 17386, 8917, 8902, 594.47, 1
2134, 8475, 2, 0, 8882, 9324, 849, 847, 424.50, 1
2135, 8476, 3, 0, 8884, 9790, 1314, 1311, 438.00, 1
2136, 8478, 2, 0, 8887, 9331, 853, 851, 426.50, 1
2137, 8484, 4, 0, 8892, 10286, 1802, 1798, 450.50, 1
2138, 8485, 4, 0, 8893, 10287, 1802, 1798, 450.50, 1
2139, 8487, 2, 0, 8896, 9339, 852, 850, 426.00, 1
2140, 8489, 5, 0, 8899, 10770, 2281, 2276, 456.20, 1
2141, 8500, 2, 0, 8910, 9356, 856, 854, 428.00, 1
2142, 8504, 1, 0, 8914, 8914, 410, 409, 410.00, 1
2143, 8505, 5, 0, 8916, 10786, 2281, 2276, 456.20, 1
2144, 8507, 2, 0, 8918, 9361, 854, 852, 427.00, 1
2145, 8510, 13, 0, 8921, 15738, 7228, 7215, 556.00, 1
2146, 8511, 1, 0, 8923, 8923, 412, 411, 412.00, 1
2147, 8539, 7, 0, 8946, 11837, 3298, 3291, 471.14, 1
2148, 8543, 5, 0, 8949, 10826, 2283, 2278, 456.60, 1
2149, 8544, 5, 0, 8951, 10827, 2283, 2278, 456.60, 1
2150, 8547, 2, 0, 8954, 9398, 851, 849, 425.50, 1
2151, 8554, 3, 0, 8962, 9876, 1322, 1319, 440.67, 1
2152, 8563, 6, 0, 8970, 11343, 2780, 2774, 463.33, 1
2153, 8567, 2, 0, 8975, 9422, 855, 853, 427.50, 1
2154, 8568, 1, 0, 8977, 8977, 409, 408, 409.00, 1
2155, 8569, 15, 0, 8979, 17597, 9028, 9013, 601.87, 1
2156, 8570, 5, 0, 8981, 10862, 2292, 2287, 458.40, 1
2157, 8578, 1, 0, 8989, 8989, 411, 410, 411.00, 1
2158, 8581, 4, 0, 8993, 10394, 1813, 1809, 453.25, 1
2159, 8583, 3, 0, 8996, 9915, 1332, 1329, 444.00, 1
2160, 8584, 2, 0, 8998, 9445, 861, 859, 430.50, 1
2161, 8587, 2, 0, 9002, 9450, 863, 861, 431.50, 1
2162, 8592, 2, 0, 9008, 9455, 863, 861, 431.50, 1
2163, 8593, 1, 0, 9010, 9010, 417, 416, 417.00, 1
2164, 8594, 8, 0, 9012, 12488, 3894, 3886, 486.75, 1
2165, 8602, 2, 0, 9018, 9466, 864, 862, 432.00, 1
2166, 8604, 3, 0, 9021, 9938, 1334, 1331, 444.67, 1
2167, 8606, 3, 0, 9024, 9942, 1336, 1333, 445.33, 1
2168, 8611, 1, 0, 9030, 9030, 419, 418, 419.00, 1
2169, 8613, 2, 0, 9033, 9481, 868, 866, 434.00, 1
2170, 8614, 8, 0, 9035, 12518, 3904, 3896, 488.00, 1
2171, 8619, 2, 0, 9040, 9491, 872, 870, 436.00, 1
2172, 8620, 6, 0, 9042, 11430, 2810, 2804, 468.33, 1
2173, 8622, 5, 0, 9044, 10931, 2309, 2304, 461.80, 1
2174, 8623, 4, 0, 9046, 10449, 1826, 1822, 456.50, 1
2175, 8624, 8, 0, 9048, 12536, 3912, 3904, 489.00, 1
2176, 8629, 3, 0, 9053, 9978, 1349, 1346, 449.67, 1
2177, 8630, 5, 0, 9054, 10950, 2320, 2315, 464.00, 1
2178, 8631, 4, 0, 9056, 10463, 1832, 1828, 458.00, 1
2179, 8633, 1, 0, 9058, 9058, 425, 424, 425.00, 1
2180, 8640, 13, 0, 9065, 16041, 7401, 7388, 569.31, 1
2181, 8644, 2, 0, 9069, 9523, 879, 877, 439.50, 1
2182, 8653, 3, 0, 9076, 10007, 1354, 1351, 451.33, 1
2183, 8654, 8, 0, 9078, 12593, 3939, 3931, 492.38, 1
2184, 8655, 1, 0, 9080, 9080, 425, 424, 425.00, 1
2185, 8656, 5, 0, 9081, 10989, 2333, 2328, 466.60, 1
2186, 8662, 6, 0, 9088, 11505, 2843, 2837, 473.83, 1
2187, 8663, 4, 0, 9090, 10510, 1847, 1843, 461.75, 1
2188, 8675, 6, 0, 9099, 11519, 2844, 2838, 474.00, 1
2189, 8677, 1, 0, 9102, 9102, 425, 424, 425.00, 1
2190, 8679, 2, 0, 9104, 9563, 884, 882, 442.00, 1
2191, 8683, 3, 0, 9108, 10049, 1366, 1363, 455.33, 1
2192, 8684, 1, 0, 9110, 9110, 426, 425, 426.00, 1
2193, 8685, 2, 0, 9112, 9571, 886, 884, 443.00, 1
2194, 8686, 20, 0, 9114, 22986, 14300, 14280, 715.00, 1
2195, 8693, 3, 0, 9120, 10063, 1370, 1367, 456.67, 1
2196, 8694, 5, 0, 9122, 11044, 2350, 2345, 470.00, 1
2197, 8701, 1, 0, 9129, 9129, 428, 427, 428.00, 1
2198, 8702, 1, 0, 9131, 9131, 429, 428, 429.00, 1
2199, 8704, 1, 0, 9133, 9133, 429, 428, 429.00, 1
2200, 8714, 8, 0, 9142, 12670, 3956, 3948, 494.50, 1
2201, 8716, 1, 0, 9145, 9145, 429, 428, 429.00, 1
2202, 8717, 1, 0, 9147, 9147, 430, 429, 430.00, 1
2203, 8724, 10, 0, 9155, 13911, 5187, 5177, 518.70, 1
2204, 8729, 13, 0, 9160, 16194, 7465, 7452, 574.23, 1
2205, 8731, 3, 0, 9163, 10107, 1376, 1373, 458.67, 1
2206, 8736, 5, 0, 9168, 11075, 2339, 2334, 467.80, 1
2207, 8739, 1, 0, 9172, 9172, 433, 432, 433.00, 1
2208, 8746, 4, 0, 9178, 10597, 1851, 1847, 462.75, 1
2209, 8752, 5, 0, 9184, 11093, 2341, 2336, 468.20, 1
2210, 8761, 9, 0, 9193, 13330, 4569, 4560, 507.67, 1
2211, 8762, 3, 0, 9195, 10135, 1373, 1370, 457.67, 1
2212, 8763, 3, 0, 9197, 10138, 1375, 1372, 458.33, 1
2213, 8770, 2, 0, 9202, 9661, 891, 889, 445.50, 1
2214, 8773, 8, 0, 9206, 12748, 3975, 3967, 496.88, 1
2215, 8777, 1, 0, 9210, 9210, 433, 432, 433.00, 1
2216, 8779, 1, 0, 9213, 9213, 434, 433, 434.00, 1
2217, 8780, 5, 0, 9214, 11126, 2346, 2341, 469.20, 1
2218, 8783, 13, 0, 9217, 16278, 7495, 7482, 576.54, 1
2219, 8790, 5, 0, 9225, 11141, 2351, 2346, 470.20, 1
2220, 8793, 1, 0, 9229, 9229, 436, 435, 436.00, 1
2221, 8796, 4, 0, 9231, 10662, 1866, 1862, 466.50, 1
2222, 8804, 26, 0, 9240, 31127, 22323, 22297, 858.58, 1
2223, 8806, 12, 0, 9241, 15554, 6748, 6736, 562.33, 1
2224, 8808, 5, 0, 9244, 11169, 2361, 2356, 472.20, 1
2225, 8816, 2, 0, 9252, 9714, 898, 896, 449.00, 1
2226, 8819, 8, 0, 9256, 12838, 4019, 4011, 502.38, 1
2227, 8822, 2, 0, 9259, 9723, 901, 899, 450.50, 1
2228, 8824, 10, 0, 9261, 14115, 5291, 5281, 529.10, 1
2229, 8831, 1, 0, 9267, 9267, 436, 435, 436.00, 1
2230, 8838, 6, 0, 9274, 11716, 2878, 2872, 479.67, 1
2231, 8842, 3, 0, 9279, 10229, 1387, 1384, 462.33, 1
2232, 8843, 4, 0, 9281, 10711, 1868, 1864, 467.00, 1
2233, 8844, 7, 0, 9283, 12278, 3434, 3427, 490.57, 1
2234, 8849, 4, 0, 9288, 10720, 1871, 1867, 467.75, 1
2235, 8854, 6, 0, 9294, 11736, 2882, 2876, 480.33, 1
2236, 8862, 3, 0, 9302, 10255, 1393, 1390, 464.33, 1
2237, 8865, 4, 0, 9306, 10738, 1873, 1869, 468.25, 1
2238, 8871, 1, 0, 9312, 9312, 441, 440, 441.00, 1
2239, 8877, 6, 0, 9318, 11767, 2890, 2884, 481.67, 1
2240, 8883, 9, 0, 9325, 13545, 4662, 4653, 518.00, 1
2241, 8885, 1, 0, 9328, 9328, 443, 442, 443.00, 1
2242, 8895, 4, 0, 9338, 10766, 1871, 1867, 467.75, 1
2243, 8897, 4, 0, 9340, 10767, 1870, 1866, 467.50, 1
2244, 8898, 2, 0, 9342, 9804, 906, 904, 453.00, 1
2245, 8905, 5, 0, 9349, 11269, 2364, 2359, 472.80, 1
2246, 8907, 8, 0, 9352, 12943, 4036, 4028, 504.50, 1
2247, 8923, 2, 0, 9366, 9831, 908, 906, 454.00, 1
2248, 8925, 3, 0, 9368, 10320, 1395, 1392, 465.00, 1
2249, 8934, 4, 0, 9376, 10805, 1871, 1867, 467.75, 1
2250, 8936, 3, 0, 9379, 10331, 1395, 1392, 465.00, 1
2251, 8942, 15, 0, 9385, 18411, 9469, 9454, 631.27, 1
2252, 8952, 1, 0, 9395, 9395, 443, 442, 443.00, 1
2253, 8958, 7, 0, 9401, 12414, 3456, 3449, 493.71, 1
2254, 8960, 13, 0, 9404, 16666, 7706, 7693, 592.77, 1
2255, 8964, 8, 0, 9408, 13005, 4041, 4033, 505.12, 1
2256, 8968, 2, 0, 9413, 9883, 915, 913, 457.50, 1
2257, 8970, 1, 0, 9416, 9416, 446, 445, 446.00, 1
2258, 8973, 4, 0, 9420, 10853, 1880, 1876, 470.00, 1
2259, 8977, 4, 0, 9424, 10856, 1879, 1875, 469.75, 1
2260, 8978, 7, 0, 9425, 12444, 3466, 3459, 495.14, 1
2261, 8991, 7, 0, 9436, 12469, 3478, 3471, 496.86, 1
2262, 8992, 7, 0, 9438, 12473, 3481, 3474, 497.29, 1
2263, 8995, 1, 0, 9442, 9442, 447, 446, 447.00, 1
2264, 8999, 4, 0, 9446, 10884, 1885, 1881, 471.25, 1
2265, 9003, 6, 0, 9451, 11916, 2913, 2907, 485.50, 1
2266, 9010, 1, 0, 9457, 9457, 447, 446, 447.00, 1
2267, 9012, 12, 0, 9458, 15940, 6928, 6916, 577.33, 1
2268, 9015, 4, 0, 9462, 10895, 1880, 1876, 470.00, 1
2269, 9018, 2, 0, 9465, 9936, 918, 916, 459.00, 1
2270, 9024, 9, 0, 9471, 13726, 4702, 4693, 522.44, 1
2271, 9025, 7, 0, 9473, 12504, 3479, 3472, 497.00, 1
2272, 9027, 5, 0, 9476, 11414, 2387, 2382, 477.40, 1
2273, 9034, 2, 0, 9482, 9953, 919, 917, 459.50, 1
2274, 9039, 3, 0, 9488, 10439, 1400, 1397, 466.67, 1
2275, 9040, 9, 0, 9490, 13741, 4701, 4692, 522.33, 1
2276, 9044, 3, 0, 9495, 10444, 1400, 1397, 466.67, 1
2277, 9049, 4, 0, 9501, 10940, 1891, 1887, 472.75, 1
2278, 9052, 14, 0, 9505, 17727, 8675, 8661, 619.64, 1
2279, 9053, 6, 0, 9507, 11983, 2930, 2924, 488.33, 1
2280, 9055, 2, 0, 9510, 9980, 925, 923, 462.50, 1
2281, 9056, 1, 0, 9511, 9511, 455, 454, 455.00, 1
2282, 9063, 3, 0, 9517, 10471, 1408, 1405, 469.33, 1
2283, 9065, 17, 0, 9520, 20695, 11630, 11613, 684.12, 1
2284, 9075, 5, 0, 9529, 11488, 2413, 2408, 482.60, 1
2285, 9077, 2, 0, 9532, 10008, 931, 929, 465.50, 1
2286, 9080, 1, 0, 9536, 9536, 456, 455, 456.00, 1
2287, 9081, 5, 0, 9537, 11495, 2414, 2409, 482.80, 1
2288, 9086, 6, 0, 9542, 12041, 2955, 2949, 492.50, 1
2289, 9090, 2, 0, 9546, 10024, 934, 932, 467.00, 1
2290, 9092, 5, 0, 9549, 11508, 2416, 2411, 483.20, 1
2291, 9094, 18, 0, 9552, 21854, 12760, 12742, 708.89, 1
2292, 9097, 5, 0, 9556, 11518, 2421, 2416, 484.20, 1
2293, 9100, 1, 0, 9559, 9559, 459, 458, 459.00, 1
2294, 9103, 2, 0, 9560, 10039, 936, 934, 468.00, 1
2295, 9104, 3, 0, 9562, 10527, 1423, 1420, 474.33, 1
2296, 9108, 13, 0, 9567, 16969, 7861, 7848, 604.69, 1
2297, 9113, 2, 0, 9572, 10053, 940, 938, 470.00, 1
2298, 9116, 16, 0, 9576, 19799, 10683, 10667, 667.69, 1
2299, 9121, 4, 0, 9581, 11041, 1920, 1916, 480.00, 1
2300, 9124, 1, 0, 9585, 9585, 461, 460, 461.00, 1
2301, 9126, 1, 0, 9587, 9587, 461, 460, 461.00, 1
2302, 9132, 6, 0, 9592, 12096, 2964, 2958, 494.00, 1
2303, 9135, 2, 0, 9594, 10078, 943, 941, 471.50, 1
2304, 9136, 1, 0, 9596, 9596, 460, 459, 460.00, 1
2305, 9140, 9, 0, 9599, 13890, 4750, 4741, 527.78, 1
2306, 9142, 1, 0, 9602, 9602, 460, 459, 460.00, 1
2307, 9145, 1, 0, 9606, 9606, 461, 460, 461.00, 1
2308, 9148, 2, 0, 9607, 10090, 942, 940, 471.00, 1
2309, 9153, 2, 0, 9612, 10097, 944, 942, 472.00, 1
2310, 9157, 4, 0, 9617, 11066, 1909, 1905, 477.25, 1
2311, 9174, 5, 0, 9632, 11592, 2418, 2413, 483.60, 1
2312, 9177, 2, 0, 9635, 10119, 942, 940, 471.00, 1
2313, 9196, 5, 0, 9653, 11612, 2416, 2411, 483.20, 1
2314, 9199, 9, 0, 9657, 13965, 4766, 4757, 529.56, 1
2315, 9203, 3, 0, 9662, 10624, 1421, 1418, 473.67, 1
2316, 9204, 2, 0, 9663, 10148, 944, 942, 472.00, 1
2317, 9213, 2, 0, 9671, 10157, 944, 942, 472.00, 1
2318, 9215, 3, 0, 9673, 10639, 1424, 1421, 474.67, 1
2319, 9221, 16, 0, 9680, 19990, 10769, 10753, 673.06, 1
2320, 9227, 2, 0, 9686, 10175, 948, 946, 474.00, 1
2321, 9228, 1, 0, 9688, 9688, 460, 459, 460.00, 1
2322, 9231, 1, 0, 9691, 9691, 460, 459, 460.00, 1
2323, 9234, 4, 0, 9695, 11150, 1916, 1912, 479.00, 1
2324, 9245, 4, 0, 9705, 11170, 1925, 1921, 481.25, 1
2325, 9249, 9, 0, 9710, 14088, 4839, 4830, 537.67, 1
2326, 9254, 1, 0, 9716, 9716, 462, 461, 462.00, 1
2327, 9255, 8, 0, 9718, 13443, 4188, 4180, 523.50, 1
2328, 9257, 3, 0, 9720, 10693, 1436, 1433, 478.67, 1
2329, 9262, 4, 0, 9726, 11193, 1931, 1927, 482.75, 1
2330, 9266, 1, 0, 9729, 9729, 463, 462, 463.00, 1
2331, 9271, 1, 0, 9732, 9732, 461, 460, 461.00, 1
2332, 9282, 1, 0, 9744, 9744, 462, 461, 462.00, 1
2333, 9287, 15, 0, 9749, 19190, 9903, 9888, 660.20, 1
2334, 9288, 1, 0, 9750, 9750, 462, 461, 462.00, 1
2335, 9292, 10, 0, 9752, 14852, 5560, 5550, 556.00, 1
2336, 9296, 2, 0, 9757, 10246, 950, 948, 475.00, 1
2337, 9298, 1, 0, 9760, 9760, 462, 461, 462.00, 1
2338, 9300, 5, 0, 9762, 11746, 2446, 2441, 489.20, 1
2339, 9305, 2, 0, 9767, 10258, 953, 951, 476.50, 1
2340, 9317, 5, 0, 9779, 11766, 2449, 2444, 489.80, 1
2341, 9322, 9, 0, 9785, 14205, 4883, 4874, 542.56, 1
2342, 9331, 1, 0, 9792, 9792, 461, 460, 461.00, 1
2343, 9332, 3, 0, 9793, 10762, 1430, 1427, 476.67, 1
2344, 9333, 12, 0, 9795, 16544, 7211, 7199, 600.92, 1
2345, 9340, 2, 0, 9800, 10289, 949, 947, 474.50, 1
2346, 9342, 2, 0, 9803, 10292, 950, 948, 475.00, 1
2347, 9346, 2, 0, 9808, 10297, 951, 949, 475.50, 1
2348, 9347, 1, 0, 9810, 9810, 463, 462, 463.00, 1
2349, 9358, 4, 0, 9820, 11275, 1917, 1913, 479.25, 1
2350, 9360, 5, 0, 9823, 11797, 2437, 2432, 487.40, 1
2351, 9364, 5, 0, 9827, 11799, 2435, 2430, 487.00, 1
2352, 9366, 1, 0, 9830, 9830, 464, 463, 464.00, 1
2353, 9367, 6, 0, 9832, 12373, 3006, 3000, 501.00, 1
2354, 9373, 4, 0, 9839, 11293, 1920, 1916, 480.00, 1
2355, 9375, 8, 0, 9842, 13594, 4219, 4211, 527.38, 1
2356, 9380, 5, 0, 9848, 11819, 2439, 2434, 487.80, 1
2357, 9384, 12, 0, 9851, 16610, 7226, 7214, 602.17, 1
2358, 9385, 3, 0, 9853, 10813, 1428, 1425, 476.00, 1
2359, 9386, 5, 0, 9855, 11826, 2440, 2435, 488.00, 1
2360, 9396, 7, 0, 9864, 12992, 3596, 3589, 513.71, 1
2361, 9401, 3, 0, 9869, 10835, 1434, 1431, 478.00, 1
2362, 9406, 5, 0, 9875, 11859, 2453, 2448, 490.60, 1
2363, 9411, 9, 0, 9881, 14319, 4908, 4899, 545.33, 1
2364, 9414, 2, 0, 9884, 10370, 956, 954, 478.00, 1
2365, 9425, 3, 0, 9893, 10857, 1432, 1429, 477.33, 1
2366, 9427, 1, 0, 9896, 9896, 469, 468, 469.00, 1
2367, 9428, 1, 0, 9898, 9898, 470, 469, 470.00, 1
2368, 9436, 11, 0, 9906, 15912, 6476, 6465, 588.73, 1
2369, 9441, 5, 0, 9912, 11904, 2463, 2458, 492.60, 1
2370, 9443, 11, 0, 9914, 15926, 6483, 6472, 589.36, 1
2371, 9445, 6, 0, 9917, 12480, 3035, 3029, 505.83, 1
2372, 9449, 1, 0, 9921, 9921, 472, 471, 472.00, 1
2373, 9458, 10, 0, 9928, 15140, 5682, 5672, 568.20, 1
2374, 9464, 4, 0, 9935, 11398, 1934, 1930, 483.50, 1
2375, 9477, 6, 0, 9947, 12509, 3032, 3026, 505.33, 1
2376, 9481, 5, 0, 9951, 11949, 2468, 2463, 493.60, 1
2377, 9482, 3, 0, 9952, 10920, 1438, 1435, 479.33, 1
2378, 9486, 7, 0, 9957, 13105, 3619, 3612, 517.00, 1
2379, 9493, 1, 0, 9962, 9962, 469, 468, 469.00, 1
2380, 9500, 6, 0, 9969, 12534, 3034, 3028, 505.67, 1
2381, 9504, 5, 0, 9973, 11976, 2472, 2467, 494.40, 1
2382, 9505, 3, 0, 9974, 10943, 1438, 1435, 479.33, 1
2383, 9511, 1, 0, 9981, 9981, 470, 469, 470.00, 1
2384, 9516, 4, 0, 9986, 11459, 1943, 1939, 485.75, 1
2385, 9519, 4, 0, 9990, 11468, 1949, 1945, 487.25, 1
2386, 9520, 4, 0, 9992, 11470, 1950, 1946, 487.50, 1
2387, 9523, 11, 0, 9995, 16045, 6522, 6511, 592.91, 1
2388, 9526, 15, 0, 9998, 19708, 10182, 10167, 678.80, 1
2389, 9527, 2, 0, 10000, 10487, 960, 958, 480.00, 1
2390, 9528, 6, 0, 10002, 12587, 3059, 3053, 509.83, 1
2391, 9531, 2, 0, 10006, 10492, 961, 959, 480.50, 1
2392, 9539, 1, 0, 10014, 10014, 475, 474, 475.00, 1
2393, 9540, 13, 0, 10016, 17814, 8274, 8261, 636.46, 1
2394, 9542, 1, 0, 10018, 10018, 476, 475, 476.00, 1
2395, 9546, 1, 0, 10023, 10023, 477, 476, 477.00, 1
2396, 9547, 2, 0, 10025, 10509, 962, 960, 481.00, 1
2397, 9555, 1, 0, 10033, 10033, 478, 477, 478.00, 1
2398, 9556, 1, 0, 10035, 10035, 479, 478, 479.00, 1
2399, 9562, 1, 0, 10041, 10041, 479, 478, 479.00, 1
2400, 9567, 5, 0, 10046, 12066, 2499, 2494, 499.80, 1
2401, 9568, 2, 0, 10048, 10534, 966, 964, 483.00, 1
2402, 9571, 4, 0, 10052, 11538, 1967, 1963, 491.75, 1
2403, 9573, 2, 0, 10054, 10539, 966, 964, 483.00, 1
2404, 9577, 1, 0, 10059, 10059, 482, 481, 482.00, 1
2405, 9583, 3, 0, 10066, 11043, 1460, 1457, 486.67, 1
2406, 9585, 2, 0, 10069, 10553, 968, 966, 484.00, 1
2407, 9588, 2, 0, 10070, 10554, 966, 964, 483.00, 1
2408, 9589, 3, 0, 10072, 11045, 1456, 1453, 485.33, 1
2409, 9595, 2, 0, 10079, 10561, 966, 964, 483.00, 1
2410, 9599, 10, 0, 10082, 15353, 5754, 5744, 575.40, 1
2411, 9601, 14, 0, 10085, 18859, 9258, 9244, 661.29, 1
2412, 9603, 10, 0, 10086, 15363, 5760, 5750, 576.00, 1
2413, 9609, 8, 0, 10092, 13900, 4291, 4283, 536.38, 1
2414, 9611, 5, 0, 10095, 12114, 2503, 2498, 500.60, 1
2415, 9614, 1, 0, 10098, 10098, 484, 483, 484.00, 1
2416, 9615, 14, 0, 10099, 18870, 9255, 9241, 661.07, 1
2417, 9630, 2, 0, 10113, 10589, 959, 957, 479.50, 1
2418, 9633, 2, 0, 10117, 10594, 961, 959, 480.50, 1
2419, 9639, 9, 0, 10123, 14638, 4999, 4990, 555.44, 1
2420, 9640, 24, 0, 10124, 30876, 21236, 21212, 884.83, 1
2421, 9644, 12, 0, 10128, 17086, 7442, 7430, 620.17, 1
2422, 9650, 2, 0, 10133, 10610, 960, 958, 480.00, 1
2423, 9659, 4, 0, 10141, 11617, 1958, 1954, 489.50, 1
2424, 9660, 5, 0, 10143, 12168, 2508, 2503, 501.60, 1
2425, 9661, 2, 0, 10145, 10623, 962, 960, 481.00, 1
2426, 9663, 6, 0, 10147, 12743, 3080, 3074, 513.33, 1
2427, 9668, 5, 0, 10153, 12179, 2511, 2506, 502.20, 1
2428, 9675, 5, 0, 10161, 12189, 2514, 2509, 502.80, 1
2429, 9677, 8, 0, 10164, 13999, 4322, 4314, 540.25, 1
2430, 9678, 1, 0, 10166, 10166, 488, 487, 488.00, 1
2431, 9681, 4, 0, 10170, 11652, 1971, 1967, 492.75, 1
2432, 9687, 25, 0, 10176, 32514, 22827, 22802, 913.08, 1
2433, 9688, 3, 0, 10178, 11144, 1456, 1453, 485.33, 1
2434, 9689, 1, 0, 10179, 10179, 490, 489, 490.00, 1
2435, 9695, 14, 0, 10185, 19036, 9341, 9327, 667.21, 1
2436, 9700, 1, 0, 10190, 10190, 490, 489, 490.00, 1
2437, 9702, 3, 0, 10193, 11163, 1461, 1458, 487.00, 1
2438, 9704, 6, 0, 10196, 12820, 3116, 3110, 519.33, 1
2439, 9712, 3, 0, 10204, 11178, 1466, 1463, 488.67, 1
2440, 9717, 1, 0, 10208, 10208, 491, 490, 491.00, 1
2441, 9725, 5, 0, 10215, 12265, 2540, 2535, 508.00, 1
2442, 9731, 7, 0, 10220, 13461, 3730, 3723, 532.86, 1
2443, 9735, 11, 0, 10224, 16438, 6703, 6692, 609.36, 1
2444, 9745, 2, 0, 10232, 10712, 967, 965, 483.50, 1
2445, 9748, 17, 0, 10235, 22295, 12547, 12530, 738.06, 1
2446, 9754, 1, 0, 10241, 10241, 487, 486, 487.00, 1
2447, 9755, 5, 0, 10243, 12296, 2541, 2536, 508.20, 1
2448, 9757, 11, 0, 10245, 16473, 6716, 6705, 610.55, 1
2449, 9758, 10, 0, 10247, 15645, 5887, 5877, 588.70, 1
2450, 9759, 5, 0, 10249, 12306, 2547, 2542, 509.40, 1
2451, 9760, 1, 0, 10251, 10251, 491, 490, 491.00, 1
2452, 9762, 5, 0, 10252, 12307, 2545, 2540, 509.00, 1
2453, 9773, 15, 0, 10264, 20233, 10460, 10445, 697.33, 1
2454, 9792, 7, 0, 10280, 13546, 3754, 3747, 536.29, 1
2455, 9796, 1, 0, 10284, 10284, 488, 487, 488.00, 1
2456, 9805, 1, 0, 10293, 10293, 488, 487, 488.00, 1
2457, 9809, 3, 0, 10298, 11265, 1456, 1453, 485.33, 1
2458, 9810, 6, 0, 10300, 12940, 3130, 3124, 521.67, 1
2459, 9818, 3, 0, 10305, 11273, 1455, 1452, 485.00, 1
2460, 9822, 19, 0, 10310, 24815, 14993, 14974, 789.11, 1
2461, 9830, 2, 0, 10318, 10793, 963, 961, 481.50, 1
2462, 9849, 2, 0, 10333, 10809, 960, 958, 480.00, 1
2463, 9850, 1, 0, 10335, 10335, 485, 484, 485.00, 1
2464, 9857, 3, 0, 10343, 11311, 1454, 1451, 484.67, 1
2465, 9860, 4, 0, 10347, 11838, 1978, 1974, 494.50, 1
2466, 9864, 14, 0, 10352, 19423, 9559, 9545, 682.79, 1
2467, 9865, 1, 0, 10354, 10354, 489, 488, 489.00, 1
2468, 9877, 1, 0, 10365, 10365, 488, 487, 488.00, 1
2469, 9899, 5, 0, 10383, 12450, 2551, 2546, 510.20, 1
2470, 9904, 2, 0, 10387, 10868, 964, 962, 482.00, 1
2471, 9909, 14, 0, 10391, 19552, 9643, 9629, 688.79, 1
2472, 9915, 2, 0, 10397, 10879, 964, 962, 482.00, 1
2473, 9917, 12, 0, 10399, 17650, 7733, 7721, 644.42, 1
2474, 9919, 1, 0, 10402, 10402, 483, 482, 483.00, 1
2475, 9934, 2, 0, 10415, 10896, 962, 960, 481.00, 1
2476, 9936, 2, 0, 10418, 10900, 964, 962, 482.00, 1
2477, 9937, 4, 0, 10419, 11927, 1990, 1986, 497.50, 1
2478, 9940, 7, 0, 10421, 13721, 3781, 3774, 540.14, 1
2479, 9941, 6, 0, 10423, 13086, 3145, 3139, 524.17, 1
2480, 9945, 1, 0, 10427, 10427, 482, 481, 482.00, 1
2481, 9946, 4, 0, 10428, 11941, 1995, 1991, 498.75, 1
2482, 9951, 1, 0, 10433, 10433, 482, 481, 482.00, 1
2483, 9964, 10, 0, 10443, 15977, 6013, 6003, 601.30, 1
2484, 9965, 11, 0, 10445, 16820, 6855, 6844, 623.18, 1
2485, 9967, 3, 0, 10448, 11435, 1468, 1465, 489.33, 1
2486, 9969, 4, 0, 10451, 11969, 2000, 1996, 500.00, 1
2487, 9977, 13, 0, 10460, 18664, 8687, 8674, 668.23, 1
2488, 9983, 14, 0, 10464, 19662, 9679, 9665, 691.36, 1
2489, 9988, 11, 0, 10470, 16864, 6876, 6865, 625.09, 1
2490, 9989, 9, 0, 10472, 15222, 5233, 5224, 581.44, 1
2491, 9991, 16, 0, 10475, 21751, 11760, 11744, 735.00, 1
2492, 9994, 6, 0, 10479, 13159, 3165, 3159, 527.50, 1
2493, 9998, 14, 0, 10484, 19706, 9708, 9694, 693.43, 1
2494, 10003, 1, 0, 10489, 10489, 486, 485, 486.00, 1
2495, 10009, 4, 0, 10493, 12029, 2020, 2016, 505.00, 1
2496, 10012, 1, 0, 10497, 10497, 485, 484, 485.00, 1
2497, 10017, 1, 0, 10502, 10502, 485, 484, 485.00, 1
2498, 10018, 5, 0, 10504, 12602, 2584, 2579, 516.80, 1
2499, 10027, 1, 0, 10511, 10511, 484, 483, 484.00, 1
2500, 10029, 7, 0, 10514, 13834, 3805, 3798, 543.57, 1
2501, 10034, 6, 0, 10519, 13213, 3179, 3173, 529.83, 1
2502, 10039, 5, 0, 10524, 12622, 2583, 2578, 516.60, 1
2503, 10042, 23, 0, 10526, 30700, 20658, 20635, 898.17, 1
2504, 10043, 6, 0, 10528, 13222, 3179, 3173, 529.83, 1
2505, 10049, 9, 0, 10535, 15320, 5271, 5262, 585.67, 1
2506, 10059, 2, 0, 10543, 11035, 976, 974, 488.00, 1
2507, 10061, 11, 0, 10545, 16995, 6934, 6923, 630.36, 1
2508, 10095, 3, 0, 10573, 11569, 1474, 1471, 491.33, 1
2509, 10109, 12, 0, 10584, 17949, 7840, 7828, 653.33, 1
2510, 10111, 7, 0, 10586, 13928, 3817, 3810, 545.29, 1
2511, 10114, 1, 0, 10590, 10590, 476, 475, 476.00, 1
2512, 10120, 5, 0, 10595, 12709, 2589, 2584, 517.80, 1
2513, 10127, 4, 0, 10603, 12155, 2028, 2024, 507.00, 1
2514, 10138, 5, 0, 10614, 12732, 2594, 2589, 518.80, 1
2515, 10143, 3, 0, 10618, 11619, 1476, 1473, 492.00, 1
2516, 10144, 11, 0, 10620, 17098, 6954, 6943, 632.18, 1
2517, 10145, 16, 0, 10622, 22036, 11891, 11875, 743.19, 1
2518, 10147, 6, 0, 10625, 13342, 3195, 3189, 532.50, 1
2519, 10150, 2, 0, 10628, 11116, 966, 964, 483.00, 1
2520, 10153, 1, 0, 10631, 10631, 478, 477, 478.00, 1
2521, 10154, 11, 0, 10633, 17128, 6974, 6963, 634.00, 1
2522, 10159, 2, 0, 10638, 11127, 968, 966, 484.00, 1
2523, 10165, 4, 0, 10645, 12196, 2031, 2027, 507.75, 1
2524, 10173, 13, 0, 10653, 19019, 8846, 8833, 680.46, 1
2525, 10175, 1, 0, 10655, 10655, 480, 479, 480.00, 1
2526, 10180, 1, 0, 10659, 10659, 479, 478, 479.00, 1
2527, 10190, 3, 0, 10669, 11673, 1483, 1480, 494.33, 1
2528, 10192, 5, 0, 10671, 12812, 2620, 2615, 524.00, 1
2529, 10193, 1, 0, 10673, 10673, 480, 479, 480.00, 1
2530, 10204, 4, 0, 10685, 12250, 2046, 2042, 511.50, 1
2531, 10210, 2, 0, 10691, 11183, 973, 971, 486.50, 1
2532, 10216, 4, 0, 10698, 12266, 2050, 2046, 512.50, 1
2533, 10226, 6, 0, 10706, 13466, 3240, 3234, 540.00, 1
2534, 10236, 1, 0, 10716, 10716, 480, 479, 480.00, 1
2535, 10237, 9, 0, 10718, 15624, 5387, 5378, 598.56, 1
2536, 10242, 2, 0, 10723, 11214, 972, 970, 486.00, 1
2537, 10247, 2, 0, 10728, 11220, 973, 971, 486.50, 1
2538, 10264, 1, 0, 10741, 10741, 477, 476, 477.00, 1
2539, 10269, 13, 0, 10746, 19249, 8980, 8967, 690.77, 1
2540, 10270, 9, 0, 10748, 15684, 5414, 5405, 601.56, 1
2541, 10271, 5, 0, 10750, 12915, 2644, 2639, 528.80, 1
2542, 10275, 2, 0, 10754, 11251, 976, 974, 488.00, 1
2543, 10278, 6, 0, 10758, 13544, 3266, 3260, 544.33, 1
2544, 10286, 4, 0, 10765, 12341, 2055, 2051, 513.75, 1
2545, 10297, 7, 0, 10772, 14219, 3922, 3915, 560.29, 1
2546, 10316, 5, 0, 10789, 12950, 2634, 2629, 526.80, 1
2547, 10318, 2, 0, 10792, 11286, 968, 966, 484.00, 1
2548, 10319, 1, 0, 10794, 10794, 475, 474, 475.00, 1
2549, 10320, 3, 0, 10796, 11810, 1490, 1487, 496.67, 1
2550, 10327, 4, 0, 10802, 12382, 2055, 2051, 513.75, 1
2551, 10328, 1, 0, 10804, 10804, 476, 475, 476.00, 1
2552, 10345, 5, 0, 10819, 12981, 2636, 2631, 527.20, 1
2553, 10346, 14, 0, 10821, 20429, 10083, 10069, 720.21, 1
2554, 10349, 9, 0, 10824, 15804, 5455, 5446, 606.11, 1
2555, 10352, 6, 0, 10828, 13619, 3267, 3261, 544.50, 1
2556, 10353, 3, 0, 10830, 11842, 1489, 1486, 496.33, 1
2557, 10360, 5, 0, 10836, 12997, 2637, 2632, 527.40, 1
2558, 10362, 11, 0, 10839, 17537, 7175, 7164, 652.27, 1
2559, 10363, 12, 0, 10840, 18476, 8113, 8101, 676.08, 1
2560, 10372, 15, 0, 10848, 21564, 11192, 11177, 746.13, 1
2561, 10373, 11, 0, 10850, 17571, 7198, 7187, 654.36, 1
2562, 10381, 7, 0, 10859, 14347, 3966, 3959, 566.57, 1
2563, 10385, 4, 0, 10863, 12452, 2067, 2063, 516.75, 1
2564, 10386, 5, 0, 10865, 13040, 2654, 2649, 530.80, 1
2565, 10387, 6, 0, 10867, 13680, 3293, 3287, 548.83, 1
2566, 10392, 6, 0, 10873, 13690, 3298, 3292, 549.67, 1
2567, 10396, 1, 0, 10877, 10877, 481, 480, 481.00, 1
2568, 10398, 3, 0, 10880, 11907, 1509, 1506, 503.00, 1
2569, 10416, 1, 0, 10897, 10897, 481, 480, 481.00, 1
2570, 10420, 17, 0, 10902, 23904, 13484, 13467, 793.18, 1
2571, 10421, 15, 0, 10904, 21664, 11243, 11228, 749.53, 1
2572, 10428, 6, 0, 10910, 13730, 3302, 3296, 550.33, 1
2573, 10431, 14, 0, 10914, 20612, 10181, 10167, 727.21, 1
2574, 10434, 5, 0, 10917, 13103, 2669, 2664, 533.80, 1
2575, 10435, 3, 0, 10919, 11950, 1515, 1512, 505.00, 1
2576, 10437, 2, 0, 10922, 11424, 987, 985, 493.50, 1
2577, 10442, 2, 0, 10927, 11428, 986, 984, 493.00, 1
2578, 10449, 4, 0, 10934, 12529, 2080, 2076, 520.00, 1
2579, 10453, 8, 0, 10938, 15185, 4732, 4724, 591.50, 1
2580, 10459, 10, 0, 10945, 16843, 6384, 6374, 638.40, 1
2581, 10462, 6, 0, 10949, 13768, 3306, 3300, 551.00, 1
2582, 10463, 5, 0, 10951, 13138, 2675, 2670, 535.00, 1
2583, 10465, 1, 0, 10953, 10953, 488, 487, 488.00, 1
2584, 10468, 1, 0, 10955, 10955, 487, 486, 487.00, 1
2585, 10470, 2, 0, 10958, 11461, 991, 989, 495.50, 1
2586, 10471, 1, 0, 10960, 10960, 489, 488, 489.00, 1
2587, 10474, 5, 0, 10963, 13151, 2677, 2672, 535.40, 1
2588, 10476, 1, 0, 10966, 10966, 490, 489, 490.00, 1
2589, 10487, 5, 0, 10976, 13180, 2693, 2688, 538.60, 1
2590, 10490, 3, 0, 10978, 12023, 1533, 1530, 511.00, 1
2591, 10491, 2, 0, 10980, 11487, 996, 994, 498.00, 1
2592, 10492, 1, 0, 10982, 10982, 490, 489, 490.00, 1
2593, 10493, 8, 0, 10983, 15271, 4778, 4770, 597.25, 1
2594, 10499, 1, 0, 10988, 10988, 489, 488, 489.00, 1
2595, 10504, 11, 0, 10993, 17822, 7318, 7307, 665.27, 1
2596, 10508, 3, 0, 10998, 12043, 1535, 1532, 511.67, 1
2597, 10513, 4, 0, 11001, 12609, 2096, 2092, 524.00, 1
2598, 10518, 5, 0, 11007, 13211, 2693, 2688, 538.60, 1
2599, 10523, 1, 0, 11012, 11012, 489, 488, 489.00, 1
2600, 10528, 2, 0, 11017, 11524, 996, 994, 498.00, 1
2601, 10530, 2, 0, 11019, 11526, 996, 994, 498.00, 1
2602, 10532, 2, 0, 11022, 11529, 997, 995, 498.50, 1
2603, 10534, 3, 0, 11025, 12068, 1534, 1531, 511.33, 1
2604, 10536, 1, 0, 11027, 11027, 491, 490, 491.00, 1
2605, 10541, 4, 0, 11032, 12640, 2099, 2095, 524.75, 1
2606, 10543, 2, 0, 11034, 11543, 1000, 998, 500.00, 1
2607, 10544, 3, 0, 11036, 12081, 1537, 1534, 512.33, 1
2608, 10546, 10, 0, 11039, 16996, 6450, 6440, 645.00, 1
2609, 10560, 10, 0, 11048, 17003, 6443, 6433, 644.30, 1
2610, 10562, 5, 0, 11050, 13256, 2694, 2689, 538.80, 1
2611, 10564, 1, 0, 11052, 11052, 488, 487, 488.00, 1
2612, 10580, 2, 0, 11068, 11576, 996, 994, 498.00, 1
2613, 10583, 18, 0, 11072, 25474, 14891, 14873, 827.28, 1
2614, 10585, 4, 0, 11074, 12696, 2111, 2107, 527.75, 1
2615, 10588, 1, 0, 11078, 11078, 490, 489, 490.00, 1
2616, 10592, 1, 0, 11081, 11081, 489, 488, 489.00, 1
2617, 10593, 18, 0, 11083, 25490, 14897, 14879, 827.61, 1
2618, 10602, 11, 0, 11090, 17973, 7371, 7360, 670.09, 1
2619, 10610, 6, 0, 11098, 13961, 3351, 3345, 558.50, 1
2620, 10611, 1, 0, 11099, 11099, 488, 487, 488.00, 1
2621, 10621, 6, 0, 11109, 13968, 3347, 3341, 557.83, 1
2622, 10628, 1, 0, 11115, 11115, 487, 486, 487.00, 1
2623, 10629, 6, 0, 11117, 13978, 3349, 3343, 558.17, 1
2624, 10635, 3, 0, 11123, 12184, 1549, 1546, 516.33, 1
2625, 10644, 9, 0, 11131, 16282, 5638, 5629, 626.44, 1
2626, 10646, 10, 0, 11134, 17138, 6492, 6482, 649.20, 1
2627, 10655, 4, 0, 11142, 12786, 2131, 2127, 532.75, 1
2628, 10664, 1, 0, 11148, 11148, 484, 483, 484.00, 1
2629, 10666, 6, 0, 11151, 14043, 3377, 3371, 562.83, 1
2630, 10668, 22, 0, 11154, 31074, 20406, 20384, 927.55, 1
2631, 10669, 3, 0, 11156, 12228, 1559, 1556, 519.67, 1
2632, 10670, 31, 0, 11158, 45240, 34570, 34539, 1115.16, 1
2633, 10672, 1, 0, 11161, 11161, 489, 488, 489.00, 1
2634, 10676, 3, 0, 11165, 12237, 1561, 1558, 520.33, 1
2635, 10678, 3, 0, 11168, 12240, 1562, 1559, 520.67, 1
2636, 10682, 1, 0, 11173, 11173, 491, 490, 491.00, 1
2637, 10692, 3, 0, 11184, 12256, 1564, 1561, 521.33, 1
2638, 10699, 1, 0, 11191, 11191, 492, 491, 492.00, 1
2639, 10705, 2, 0, 11197, 11713, 1008, 1006, 504.00, 1
2640, 10713, 3, 0, 11204, 12277, 1564, 1561, 521.33, 1
2641, 10716, 8, 0, 11208, 15620, 4904, 4896, 613.00, 1
2642, 10717, 12, 0, 11209, 19179, 8462, 8450, 705.17, 1
2643, 10724, 11, 0, 11215, 18237, 7513, 7502, 683.00, 1
2644, 10728, 4, 0, 11219, 12884, 2156, 2152, 539.00, 1
2645, 10731, 5, 0, 11223, 13501, 2770, 2765, 554.00, 1
2646, 10735, 10, 0, 11228, 17349, 6614, 6604, 661.40, 1
2647, 10737, 1, 0, 11231, 11231, 494, 493, 494.00, 1
2648, 10739, 3, 0, 11233, 12315, 1576, 1573, 525.33, 1
2649, 10745, 1, 0, 11239, 11239, 494, 493, 494.00, 1
2650, 10748, 3, 0, 11243, 12324, 1576, 1573, 525.33, 1
2651, 10754, 2, 0, 11250, 11770, 1016, 1014, 508.00, 1
2652, 10758, 6, 0, 11254, 14208, 3450, 3444, 575.00, 1
2653, 10766, 14, 0, 11260, 21344, 10578, 10564, 755.57, 1
2654, 10770, 3, 0, 11262, 12345, 1575, 1572, 525.00, 1
2655, 10774, 14, 0, 11266, 21353, 10579, 10565, 755.64, 1
2656, 10789, 7, 0, 11281, 14955, 4166, 4159, 595.14, 1
2657, 10791, 7, 0, 11284, 14965, 4174, 4167, 596.29, 1
2658, 10796, 6, 0, 11288, 14251, 3455, 3449, 575.83, 1
2659, 10797, 3, 0, 11290, 12379, 1582, 1579, 527.33, 1
2660, 10807, 1, 0, 11298, 11298, 491, 490, 491.00, 1
2661, 10808, 1, 0, 11300, 11300, 492, 491, 492.00, 1
2662, 10810, 1, 0, 11302, 11302, 492, 491, 492.00, 1
2663, 10813, 14, 0, 11305, 21442, 10629, 10615, 759.21, 1
2664, 10816, 4, 0, 11308, 12977, 2161, 2157, 540.25, 1
2665, 10817, 3, 0, 11310, 12397, 1580, 1577, 526.67, 1
2666, 10831, 16, 0, 11322, 23749, 12918, 12902, 807.38, 1
2667, 10832, 10, 0, 11324, 17528, 6696, 6686, 669.60, 1
2668, 10842, 3, 0, 11334, 12419, 1577, 1574, 525.67, 1
2669, 10843, 2, 0, 11336, 11861, 1018, 1016, 509.00, 1
2670, 10844, 4, 0, 11338, 13007, 2163, 2159, 540.75, 1
2671, 10850, 1, 0, 11344, 11344, 494, 493, 494.00, 1
2672, 10851, 2, 0, 11346, 11872, 1021, 1019, 510.50, 1
2673, 10854, 7, 0, 11349, 15072, 4218, 4211, 602.57, 1
2674, 10855, 1, 0, 11350, 11350, 495, 494, 495.00, 1
2675, 10856, 8, 0, 11352, 15869, 5013, 5005, 626.62, 1
2676, 10857, 2, 0, 11353, 11878, 1021, 1019, 510.50, 1
2677, 10858, 3, 0, 11354, 12443, 1585, 1582, 528.33, 1
2678, 10867, 8, 0, 11363, 15900, 5033, 5025, 629.12, 1
2679, 10869, 1, 0, 11365, 11365, 496, 495, 496.00, 1
2680, 10883, 2, 0, 11378, 11911, 1028, 1026, 514.00, 1
2681, 10885, 1, 0, 11380, 11380, 495, 494, 495.00, 1
2682, 10887, 2, 0, 11383, 11915, 1028, 1026, 514.00, 1
2683, 10888, 7, 0, 11385, 15138, 4250, 4243, 607.14, 1
2684, 10890, 1, 0, 11388, 11388, 498, 497, 498.00, 1
2685, 10894, 5, 0, 11393, 13711, 2817, 2812, 563.40, 1
2686, 10897, 1, 0, 11395, 11395, 498, 497, 498.00, 1
2687, 10898, 2, 0, 11396, 11925, 1027, 1025, 513.50, 1
2688, 10902, 4, 0, 11400, 13076, 2174, 2170, 543.50, 1
2689, 10904, 7, 0, 11403, 15150, 4246, 4239, 606.57, 1
2690, 10905, 1, 0, 11405, 11405, 500, 499, 500.00, 1
2691, 10907, 7, 0, 11408, 15156, 4249, 4242, 607.00, 1
2692, 10914, 2, 0, 11416, 11943, 1029, 1027, 514.50, 1
2693, 10926, 4, 0, 11427, 13107, 2181, 2177, 545.25, 1
2694, 10928, 2, 0, 11429, 11958, 1030, 1028, 515.00, 1
2695, 10930, 2, 0, 11432, 11962, 1032, 1030, 516.00, 1
2696, 10936, 5, 0, 11438, 13747, 2811, 2806, 562.20, 1
2697, 10943, 8, 0, 11445, 15993, 5050, 5042, 631.25, 1
2698, 10947, 1, 0, 11449, 11449, 502, 501, 502.00, 1
2699, 10951, 9, 0, 11453, 16852, 5901, 5892, 655.67, 1
2700, 10952, 7, 0, 11455, 15208, 4256, 4249, 608.00, 1
2701, 10955, 2, 0, 11458, 11991, 1036, 1034, 518.00, 1
2702, 10960, 8, 0, 11463, 16022, 5062, 5054, 632.75, 1
2703, 10964, 9, 0, 11467, 16870, 5906, 5897, 656.22, 1
2704, 10970, 8, 0, 11473, 16036, 5066, 5058, 633.25, 1
2705, 10972, 4, 0, 11476, 13169, 2197, 2193, 549.25, 1
2706, 10974, 2, 0, 11479, 12016, 1042, 1040, 521.00, 1
2707, 10975, 1, 0, 11481, 11481, 506, 505, 506.00, 1
2708, 10983, 2, 0, 11489, 12027, 1044, 1042, 522.00, 1
2709, 10987, 1, 0, 11494, 11494, 507, 506, 507.00, 1
2710, 10989, 4, 0, 11496, 13188, 2199, 2195, 549.75, 1
2711, 10991, 1, 0, 11498, 11498, 507, 506, 507.00, 1
2712, 11001, 2, 0, 11509, 12045, 1044, 1042, 522.00, 1
2713, 11017, 4, 0, 11523, 13219, 2202, 2198, 550.50, 1
2714, 11020, 3, 0, 11527, 12630, 1610, 1607, 536.67, 1
2715, 11028, 4, 0, 11534, 13229, 2201, 2197, 550.25, 1
2716, 11029, 6, 0, 11536, 14553, 3524, 3518, 587.33, 1
2717, 11034, 12, 0, 11542, 19802, 8768, 8756, 730.67, 1
2718, 11037, 4, 0, 11545, 13237, 2200, 2196, 550.00, 1
2719, 11038, 2, 0, 11547, 12086, 1048, 1046, 524.00, 1
2720, 11040, 6, 0, 11550, 14572, 3532, 3526, 588.67, 1
2721, 11041, 1, 0, 11552, 11552, 511, 510, 511.00, 1
2722, 11047, 2, 0, 11554, 12095, 1048, 1046, 524.00, 1
2723, 11050, 6, 0, 11557, 14578, 3528, 3522, 588.00, 1
2724, 11052, 3, 0, 11560, 12665, 1613, 1610, 537.67, 1
2725, 11064, 5, 0, 11572, 13909, 2845, 2840, 569.00, 1
2726, 11069, 2, 0, 11577, 12122, 1053, 1051, 526.50, 1
2727, 11078, 4, 0, 11586, 13301, 2223, 2219, 555.75, 1
2728, 11083, 1, 0, 11590, 11590, 507, 506, 507.00, 1
2729, 11086, 5, 0, 11594, 13940, 2854, 2849, 570.80, 1
2730, 11092, 2, 0, 11601, 12154, 1062, 1060, 531.00, 1
2731, 11093, 1, 0, 11603, 11603, 510, 509, 510.00, 1
2732, 11094, 1, 0, 11604, 11604, 510, 509, 510.00, 1
2733, 11098, 2, 0, 11609, 12160, 1062, 1060, 531.00, 1
2734, 11102, 1, 0, 11613, 11613, 511, 510, 511.00, 1
2735, 11106, 1, 0, 11618, 11618, 512, 511, 512.00, 1
2736, 11111, 1, 0, 11624, 11624, 513, 512, 513.00, 1
2737, 11115, 1, 0, 11628, 11628, 513, 512, 513.00, 1
2738, 11116, 3, 0, 11629, 12744, 1628, 1625, 542.67, 1
2739, 11117, 1, 0, 11630, 11630, 513, 512, 513.00, 1
2740, 11121, 4, 0, 11634, 13347, 2226, 2222, 556.50, 1
2741, 11127, 6, 0, 11639, 14685, 3558, 3552, 593.00, 1
2742, 11128, 6, 0, 11640, 14687, 3559, 3553, 593.17, 1
2743, 11130, 3, 0, 11643, 12762, 1632, 1629, 544.00, 1
2744, 11135, 6, 0, 11649, 14700, 3565, 3559, 594.17, 1
2745, 11139, 21, 0, 11654, 30991, 19852, 19831, 945.33, 1
2746, 11143, 4, 0, 11658, 13385, 2242, 2238, 560.50, 1
2747, 11145, 9, 0, 11660, 17172, 6027, 6018, 669.67, 1
2748, 11147, 3, 0, 11662, 12793, 1646, 1643, 548.67, 1
2749, 11148, 8, 0, 11664, 16334, 5186, 5178, 648.25, 1
2750, 11152, 7, 0, 11667, 15521, 4369, 4362, 624.14, 1
2751, 11156, 2, 0, 11671, 12226, 1070, 1068, 535.00, 1
2752, 11163, 6, 0, 11678, 14776, 3613, 3607, 602.17, 1
2753, 11165, 4, 0, 11680, 13421, 2256, 2252, 564.00, 1
2754, 11171, 5, 0, 11685, 14081, 2910, 2905, 582.00, 1
2755, 11174, 17, 0, 11687, 25773, 14599, 14582, 858.76, 1
2756, 11176, 5, 0, 11690, 14087, 2911, 2906, 582.20, 1
2757, 11177, 6, 0, 11692, 14793, 3616, 3610, 602.67, 1
2758, 11186, 7, 0, 11699, 15587, 4401, 4394, 628.71, 1
2759, 11188, 6, 0, 11702, 14818, 3630, 3624, 605.00, 1
2760, 11191, 1, 0, 11706, 11706, 515, 514, 515.00, 1
2761, 11192, 5, 0, 11707, 14114, 2922, 2917, 584.40, 1
2762, 11194, 1, 0, 11709, 11709, 515, 514, 515.00, 1
2763, 11208, 9, 0, 11723, 17296, 6088, 6079, 676.44, 1
2764, 11210, 1, 0, 11726, 11726, 516, 515, 516.00, 1
2765, 11211, 11, 0, 11728, 19184, 7973, 7962, 724.82, 1
2766, 11214, 4, 0, 11732, 13490, 2276, 2272, 569.00, 1
2767, 11215, 2, 0, 11733, 12293, 1078, 1076, 539.00, 1
2768, 11220, 19, 0, 11739, 28493, 17273, 17254, 909.11, 1
2769, 11228, 16, 0, 11747, 24671, 13443, 13427, 840.19, 1
2770, 11235, 1, 0, 11753, 11753, 518, 517, 518.00, 1
2771, 11240, 11, 0, 11758, 19244, 8004, 7993, 727.64, 1
2772, 11250, 7, 0, 11769, 15695, 4445, 4438, 635.00, 1
2773, 11252, 11, 0, 11771, 19277, 8025, 8014, 729.55, 1
2774, 11262, 2, 0, 11782, 12344, 1082, 1080, 541.00, 1
2775, 11264, 1, 0, 11785, 11785, 521, 520, 521.00, 1
2776, 11268, 12, 0, 11789, 20316, 9048, 9036, 754.00, 1
2777, 11271, 4, 0, 11792, 13562, 2291, 2287, 572.75, 1
2778, 11273, 2, 0, 11795, 12359, 1086, 1084, 543.00, 1
2779, 11282, 4, 0, 11801, 13568, 2286, 2282, 571.50, 1
2780, 11285, 8, 0, 11805, 16582, 5297, 5289, 662.12, 1
2781, 11288, 4, 0, 11808, 13580, 2292, 2288, 573.00, 1
2782, 11298, 13, 0, 11817, 21426, 10128, 10115, 779.08, 1
2783, 11306, 2, 0, 11823, 12391, 1085, 1083, 542.50, 1
2784, 11307, 11, 0, 11825, 19389, 8082, 8071, 734.73, 1
2785, 11310, 5, 0, 11829, 14278, 2968, 2963, 593.60, 1
2786, 11312, 1, 0, 11831, 11831, 519, 518, 519.00, 1
2787, 11315, 7, 0, 11834, 15796, 4481, 4474, 640.14, 1
2788, 11316, 3, 0, 11836, 12986, 1670, 1667, 556.67, 1
2789, 11323, 1, 0, 11844, 11844, 521, 520, 521.00, 1
2790, 11334, 6, 0, 11856, 15043, 3709, 3703, 618.17, 1
2791, 11335, 9, 0, 11858, 17542, 6207, 6198, 689.67, 1
2792, 11336, 16, 0, 11860, 25021, 13685, 13669, 855.31, 1
2793, 11339, 12, 0, 11864, 20490, 9151, 9139, 762.58, 1
2794, 11341, 11, 0, 11866, 19483, 8142, 8131, 740.18, 1
2795, 11342, 1, 0, 11868, 11868, 526, 525, 526.00, 1
2796, 11345, 2, 0, 11870, 12432, 1087, 1085, 543.50, 1
2797, 11351, 6, 0, 11876, 15077, 3726, 3720, 621.00, 1
2798, 11356, 2, 0, 11881, 12446, 1090, 1088, 545.00, 1
2799, 11359, 4, 0, 11885, 13669, 2310, 2306, 577.50, 1
2800, 11360, 13, 0, 11887, 21600, 10240, 10227, 787.69, 1
2801, 11361, 2, 0, 11889, 12455, 1094, 1092, 547.00, 1
2802, 11364, 12, 0, 11893, 20546, 9182, 9170, 765.17, 1
2803, 11366, 10, 0, 11895, 18555, 7189, 7179, 718.90, 1
2804, 11368, 9, 0, 11898, 17639, 6271, 6262, 696.78, 1
2805, 11374, 18, 0, 11905, 27667, 16293, 16275, 905.17, 1
2806, 11378, 1, 0, 11910, 11910, 532, 531, 532.00, 1
2807, 11402, 5, 0, 11930, 14401, 2999, 2994, 599.80, 1
2808, 11412, 9, 0, 11939, 17681, 6269, 6260, 696.56, 1
2809, 11418, 4, 0, 11945, 13734, 2316, 2312, 579.00, 1
2810, 11420, 8, 0, 11947, 16810, 5390, 5382, 673.75, 1
2811, 11424, 2, 0, 11952, 12519, 1095, 1093, 547.50, 1
2812, 11426, 1, 0, 11954, 11954, 528, 527, 528.00, 1
2813, 11427, 1, 0, 11956, 11956, 529, 528, 529.00, 1
2814, 11430, 2, 0, 11959, 12524, 1094, 1092, 547.00, 1
2815, 11431, 1, 0, 11960, 11960, 529, 528, 529.00, 1
2816, 11435, 1, 0, 11964, 11964, 529, 528, 529.00, 1
2817, 11439, 5, 0, 11968, 14433, 2994, 2989, 598.80, 1
2818, 11440, 3, 0, 11970, 13119, 1679, 1676, 559.67, 1
2819, 11443, 5, 0, 11974, 14439, 2996, 2991, 599.20, 1
2820, 11445, 30, 0, 11977, 45758, 34313, 34283, 1143.77, 1
2821, 11451, 2, 0, 11982, 12545, 1094, 1092, 547.00, 1
2822, 11456, 6, 0, 11988, 15212, 3756, 3750, 626.00, 1
2823, 11459, 1, 0, 11992, 11992, 533, 532, 533.00, 1
2824, 11460, 2, 0, 11993, 12553, 1093, 1091, 546.50, 1
2825, 11462, 7, 0, 11995, 16017, 4555, 4548, 650.71, 1
2826, 11465, 4, 0, 11999, 13782, 2317, 2313, 579.25, 1
2827, 11468, 6, 0, 12003, 15226, 3758, 3752, 626.33, 1
2828, 11470, 5, 0, 12005, 14475, 3005, 3000, 601.00, 1
2829, 11471, 4, 0, 12006, 13788, 2317, 2313, 579.25, 1
2830, 11478, 5, 0, 12014, 14492, 3014, 3009, 602.80, 1
2831, 11482, 3, 0, 12018, 13176, 1694, 1691, 564.67, 1
2832, 11483, 3, 0, 12020, 13178, 1695, 1692, 565.00, 1
2833, 11486, 18, 0, 12024, 27835, 16349, 16331, 908.28, 1
2834, 11488, 7, 0, 12026, 16064, 4576, 4569, 653.71, 1
2835, 11493, 1, 0, 12031, 12031, 538, 537, 538.00, 1
2836, 11498, 3, 0, 12035, 13190, 1692, 1689, 564.00, 1
2837, 11503, 2, 0, 12040, 12603, 1100, 1098, 550.00, 1
2838, 11506, 15, 0, 12042, 24094, 12588, 12573, 839.20, 1
2839, 11513, 4, 0, 12049, 13835, 2322, 2318, 580.50, 1
2840, 11514, 1, 0, 12051, 12051, 537, 536, 537.00, 1
2841, 11517, 1, 0, 12055, 12055, 538, 537, 538.00, 1
2842, 11519, 3, 0, 12057, 13215, 1696, 1693, 565.33, 1
2843, 11521, 2, 0, 12059, 12623, 1102, 1100, 551.00, 1
2844, 11538, 1, 0, 12074, 12074, 536, 535, 536.00, 1
2845, 11542, 2, 0, 12078, 12642, 1100, 1098, 550.00, 1
2846, 11543, 2, 0, 12080, 12644, 1101, 1099, 550.50, 1
2847, 11546, 6, 0, 12083, 15333, 3787, 3781, 631.17, 1
2848, 11547, 3, 0, 12085, 13242, 1695, 1692, 565.00, 1
2849, 11548, 3, 0, 12087, 13243, 1695, 1692, 565.00, 1
2850, 11551, 2, 0, 12091, 12653, 1102, 1100, 551.00, 1
2851, 11552, 3, 0, 12092, 13249, 1697, 1694, 565.67, 1
2852, 11554, 3, 0, 12094, 13251, 1697, 1694, 565.67, 1
2853, 11558, 1, 0, 12099, 12099, 541, 540, 541.00, 1
2854, 11559, 4, 0, 12101, 13885, 2326, 2322, 581.50, 1
2855, 11568, 1, 0, 12111, 12111, 543, 542, 543.00, 1
2856, 11569, 1, 0, 12113, 12113, 544, 543, 544.00, 1
2857, 11572, 14, 0, 12116, 23062, 11490, 11476, 820.71, 1
2858, 11574, 6, 0, 12119, 15377, 3803, 3797, 633.83, 1
2859, 11575, 5, 0, 12120, 14607, 3032, 3027, 606.40, 1
2860, 11578, 5, 0, 12123, 14609, 3031, 3026, 606.20, 1
2861, 11580, 3, 0, 12126, 13286, 1706, 1703, 568.67, 1
2862, 11583, 3, 0, 12130, 13294, 1711, 1708, 570.33, 1
2863, 11586, 6, 0, 12134, 15396, 3810, 3804, 635.00, 1
2864, 11591, 3, 0, 12139, 13304, 1713, 1710, 571.00, 1
2865, 11594, 5, 0, 12142, 14636, 3042, 3037, 608.40, 1
2866, 11595, 3, 0, 12144, 13310, 1715, 1712, 571.67, 1
2867, 11599, 1, 0, 12149, 12149, 550, 549, 550.00, 1
2868, 11600, 4, 0, 12151, 13948, 2348, 2344, 587.00, 1
2869, 11601, 12, 0, 12153, 20952, 9351, 9339, 779.25, 1
2870, 11608, 8, 0, 12159, 17093, 5485, 5477, 685.62, 1
2871, 11613, 5, 0, 12163, 14658, 3045, 3040, 609.00, 1
2872, 11619, 2, 0, 12167, 12736, 1117, 1115, 558.50, 1
2873, 11631, 6, 0, 12176, 15447, 3816, 3810, 636.00, 1
2874, 11635, 10, 0, 12181, 18977, 7342, 7332, 734.20, 1
2875, 11643, 2, 0, 12190, 12761, 1118, 1116, 559.00, 1
2876, 11645, 5, 0, 12193, 14693, 3048, 3043, 609.60, 1
2877, 11651, 1, 0, 12200, 12200, 549, 548, 549.00, 1
2878, 11653, 2, 0, 12202, 12776, 1123, 1121, 561.50, 1
2879, 11654, 8, 0, 12204, 17156, 5502, 5494, 687.75, 1
2880, 11656, 5, 0, 12206, 14716, 3060, 3055, 612.00, 1
2881, 11662, 4, 0, 12213, 14033, 2371, 2367, 592.75, 1
2882, 11666, 9, 0, 12218, 18089, 6423, 6414, 713.67, 1
2883, 11669, 3, 0, 12222, 13401, 1732, 1729, 577.33, 1
2884, 11671, 10, 0, 12225, 19057, 7386, 7376, 738.60, 1
2885, 11672, 8, 0, 12227, 17202, 5530, 5522, 691.25, 1
2886, 11674, 19, 0, 12229, 29661, 17987, 17968, 946.68, 1
2887, 11686, 1, 0, 12242, 12242, 556, 555, 556.00, 1
2888, 11694, 6, 0, 12251, 15576, 3882, 3876, 647.00, 1
2889, 11695, 2, 0, 12253, 12834, 1139, 1137, 569.50, 1
2890, 11697, 14, 0, 12255, 23367, 11670, 11656, 833.57, 1
2891, 11699, 4, 0, 12258, 14100, 2401, 2397, 600.25, 1
2892, 11702, 4, 0, 12262, 14109, 2407, 2403, 601.75, 1
2893, 11709, 4, 0, 12269, 14117, 2408, 2404, 602.00, 1
2894, 11723, 7, 0, 12280, 16445, 4722, 4715, 674.57, 1
2895, 11724, 8, 0, 12282, 17306, 5582, 5574, 697.75, 1
2896, 11727, 2, 0, 12285, 12869, 1142, 1140, 571.00, 1
2897, 11730, 12, 0, 12289, 21221, 9491, 9479, 790.92, 1
2898, 11735, 2, 0, 12295, 12880, 1145, 1143, 572.50, 1
2899, 11737, 5, 0, 12297, 14860, 3123, 3118, 624.60, 1
2900, 11740, 10, 0, 12301, 19209, 7469, 7459, 746.90, 1
2901, 11741, 6, 0, 12303, 15648, 3907, 3901, 651.17, 1
2902, 11743, 3, 0, 12305, 13503, 1760, 1757, 586.67, 1
2903, 11747, 7, 0, 12308, 16490, 4743, 4736, 677.57, 1
2904, 11749, 21, 0, 12311, 32854, 21105, 21084, 1005.00, 1
2905, 11756, 6, 0, 12318, 15672, 3916, 3910, 652.67, 1
2906, 11761, 14, 0, 12322, 23545, 11784, 11770, 841.71, 1
2907, 11763, 2, 0, 12325, 12910, 1147, 1145, 573.50, 1
2908, 11765, 1, 0, 12328, 12328, 563, 562, 563.00, 1
2909, 11772, 6, 0, 12333, 15699, 3927, 3921, 654.50, 1
2910, 11774, 6, 0, 12335, 15702, 3928, 3922, 654.67, 1
2911, 11784, 5, 0, 12346, 14934, 3150, 3145, 630.00, 1
2912, 11787, 10, 0, 12349, 19304, 7517, 7507, 751.70, 1
2913, 11792, 1, 0, 12355, 12355, 563, 562, 563.00, 1
2914, 11799, 10, 0, 12362, 19326, 7527, 7517, 752.70, 1
2915, 11800, 1, 0, 12363, 12363, 563, 562, 563.00, 1
2916, 11802, 9, 0, 12366, 18364, 6562, 6553, 729.11, 1
2917, 11804, 3, 0, 12369, 13573, 1769, 1766, 589.67, 1
2918, 11808, 15, 0, 12374, 24850, 13042, 13027, 869.47, 1
2919, 11810, 6, 0, 12377, 15756, 3946, 3940, 657.67, 1
2920, 11811, 7, 0, 12378, 16592, 4781, 4774, 683.00, 1
2921, 11818, 7, 0, 12385, 16606, 4788, 4781, 684.00, 1
2922, 11819, 4, 0, 12387, 14266, 2447, 2443, 611.75, 1
2923, 11836, 5, 0, 12402, 15015, 3179, 3174, 635.80, 1
2924, 11840, 1, 0, 12405, 12405, 565, 564, 565.00, 1
2925, 11858, 2, 0, 12420, 13002, 1144, 1142, 572.00, 1
2926, 11865, 5, 0, 12426, 15053, 3188, 3183, 637.60, 1
2927, 11868, 7, 0, 12430, 16689, 4821, 4814, 688.71, 1
2928, 11871, 6, 0, 12433, 15858, 3987, 3981, 664.50, 1
2929, 11876, 2, 0, 12438, 13023, 1147, 1145, 573.50, 1
2930, 11878, 9, 0, 12441, 18512, 6634, 6625, 737.11, 1
2931, 11879, 15, 0, 12442, 25056, 13177, 13162, 878.47, 1
2932, 11881, 4, 0, 12445, 14345, 2464, 2460, 616.00, 1
2933, 11884, 37, 0, 12449, 48881, 36997, 36960, 999.92, 1
2934, 11892, 3, 0, 12458, 13675, 1783, 1780, 594.33, 1
2935, 11894, 8, 0, 12461, 17628, 5734, 5726, 716.75, 1
2936, 11896, 1, 0, 12464, 12464, 568, 567, 568.00, 1
2937, 11898, 10, 0, 12467, 19550, 7652, 7642, 765.20, 1
2938, 11902, 5, 0, 12472, 15123, 3221, 3216, 644.20, 1
2939, 11903, 2, 0, 12474, 13057, 1154, 1152, 577.00, 1
2940, 11908, 19, 0, 12477, 30420, 18512, 18493, 974.32, 1
2941, 11911, 5, 0, 12479, 15132, 3221, 3216, 644.20, 1
2942, 11915, 1, 0, 12482, 12482, 567, 566, 567.00, 1
2943, 11925, 1, 0, 12490, 12490, 565, 564, 565.00, 1
2944, 11929, 7, 0, 12492, 16783, 4854, 4847, 693.43, 1
2945, 11930, 4, 0, 12494, 14400, 2470, 2466, 617.50, 1
2946, 11933, 1, 0, 12498, 12498, 565, 564, 565.00, 1
2947, 11934, 2, 0, 12500, 13084, 1150, 1148, 575.00, 1
2948, 11939, 1, 0, 12506, 12506, 567, 566, 567.00, 1
2949, 11943, 5, 0, 12510, 15164, 3221, 3216, 644.20, 1
2950, 11944, 2, 0, 12511, 13095, 1151, 1149, 575.50, 1
2951, 11948, 3, 0, 12516, 13738, 1790, 1787, 596.67, 1
2952, 11959, 3, 0, 12523, 13742, 1783, 1780, 594.33, 1
2953, 11962, 1, 0, 12526, 12526, 564, 563, 564.00, 1
2954, 11964, 10, 0, 12528, 19621, 7657, 7647, 765.70, 1
2955, 11974, 1, 0, 12537, 12537, 563, 562, 563.00, 1
2956, 11984, 3, 0, 12546, 13766, 1782, 1779, 594.00, 1
2957, 12009, 2, 0, 12569, 13161, 1152, 1150, 576.00, 1
2958, 12011, 2, 0, 12572, 13166, 1155, 1153, 577.50, 1
2959, 12012, 12, 0, 12574, 21776, 9764, 9752, 813.67, 1
2960, 12013, 1, 0, 12576, 12576, 563, 562, 563.00, 1
2961, 12016, 8, 0, 12579, 17786, 5770, 5762, 721.25, 1
2962, 12017, 13, 0, 12580, 22879, 10862, 10849, 835.54, 1
2963, 12021, 15, 0, 12585, 25261, 13240, 13225, 882.67, 1
2964, 12025, 3, 0, 12589, 13813, 1788, 1785, 596.00, 1
2965, 12038, 6, 0, 12600, 16076, 4038, 4032, 673.00, 1
2966, 12042, 7, 0, 12604, 16936, 4894, 4887, 699.14, 1
2967, 12044, 3, 0, 12606, 13830, 1786, 1783, 595.33, 1
2968, 12046, 1, 0, 12608, 12608, 562, 561, 562.00, 1
2969, 12047, 11, 0, 12610, 20776, 8729, 8718, 793.55, 1
2970, 12051, 15, 0, 12615, 25339, 13288, 13273, 885.87, 1
2971, 12053, 6, 0, 12617, 16100, 4047, 4041, 674.50, 1
2972, 12054, 3, 0, 12618, 13844, 1790, 1787, 596.67, 1
2973, 12060, 3, 0, 12624, 13847, 1787, 1784, 595.67, 1
2974, 12063, 19, 0, 12628, 30711, 18648, 18629, 981.47, 1
2975, 12067, 5, 0, 12632, 15310, 3243, 3238, 648.60, 1
2976, 12069, 8, 0, 12634, 17861, 5792, 5784, 724.00, 1
2977, 12073, 7, 0, 12638, 16977, 4904, 4897, 700.57, 1
2978, 12092, 11, 0, 12654, 20837, 8745, 8734, 795.00, 1
2979, 12100, 2, 0, 12660, 13255, 1155, 1153, 577.50, 1
2980, 12103, 1, 0, 12664, 12664, 561, 560, 561.00, 1
2981, 12105, 12, 0, 12667, 21927, 9822, 9810, 818.50, 1
2982, 12109, 2, 0, 12672, 13267, 1158, 1156, 579.00, 1
2983, 12114, 3, 0, 12676, 13903, 1789, 1786, 596.33, 1
2984, 12116, 19, 0, 12678, 30819, 18703, 18684, 984.37, 1
2985, 12117, 7, 0, 12680, 17037, 4920, 4913, 702.86, 1
2986, 12125, 2, 0, 12687, 13284, 1159, 1157, 579.50, 1
2987, 12128, 4, 0, 12691, 14616, 2488, 2484, 622.00, 1
2988, 12129, 4, 0, 12693, 14620, 2491, 2487, 622.75, 1
2989, 12134, 6, 0, 12699, 16207, 4073, 4067, 678.83, 1
2990, 12135, 5, 0, 12701, 15398, 3263, 3258, 652.60, 1
2991, 12136, 1, 0, 12703, 12703, 567, 566, 567.00, 1
2992, 12137, 2, 0, 12704, 13302, 1165, 1163, 582.50, 1
2993, 12144, 1, 0, 12712, 12712, 568, 567, 568.00, 1
2994, 12151, 3, 0, 12718, 13946, 1795, 1792, 598.33, 1
2995, 12154, 3, 0, 12721, 13951, 1797, 1794, 599.00, 1
2996, 12157, 1, 0, 12723, 12723, 566, 565, 566.00, 1
2997, 12165, 2, 0, 12731, 13333, 1168, 1166, 584.00, 1
2998, 12166, 1, 0, 12733, 12733, 567, 566, 567.00, 1
2999, 12167, 12, 0, 12735, 22026, 9859, 9847, 821.58, 1
3000, 12172, 9, 0, 12740, 18950, 6778, 6769, 753.11, 1
3001, 12176, 11, 0, 12745, 20991, 8815, 8804, 801.36, 1
3002, 12179, 8, 0, 12749, 18018, 5839, 5831, 729.88, 1
3003, 12183, 3, 0, 12753, 13986, 1803, 1800, 601.00, 1
3004, 12184, 3, 0, 12755, 13988, 1804, 1801, 601.33, 1
3005, 12188, 1, 0, 12759, 12759, 571, 570, 571.00, 1
3006, 12195, 2, 0, 12766, 13362, 1167, 1165, 583.50, 1
3007, 12197, 2, 0, 12768, 13364, 1167, 1165, 583.50, 1
3008, 12198, 10, 0, 12770, 19973, 7775, 7765, 777.50, 1
3009, 12200, 2, 0, 12773, 13370, 1170, 1168, 585.00, 1
3010, 12201, 8, 0, 12774, 18047, 5846, 5838, 730.75, 1
3011, 12204, 6, 0, 12778, 16304, 4100, 4094, 683.33, 1
3012, 12206, 2, 0, 12781, 13379, 1173, 1171, 586.50, 1
3013, 12207, 3, 0, 12783, 14020, 1813, 1810, 604.33, 1
3014, 12208, 10, 0, 12785, 20008, 7800, 7790, 780.00, 1
3015, 12210, 5, 0, 12788, 15493, 3283, 3278, 656.60, 1
3016, 12211, 4, 0, 12790, 14732, 2521, 2517, 630.25, 1
3017, 12223, 3, 0, 12801, 14048, 1825, 1822, 608.33, 1
3018, 12226, 4, 0, 12805, 14759, 2533, 2529, 633.25, 1
3019, 12228, 7, 0, 12807, 17205, 4977, 4970, 711.00, 1
3020, 12229, 1, 0, 12808, 12808, 579, 578, 579.00, 1
3021, 12232, 1, 0, 12811, 12811, 579, 578, 579.00, 1
3022, 12235, 2, 0, 12815, 13419, 1184, 1182, 592.00, 1
3023, 12238, 9, 0, 12818, 19092, 6854, 6845, 761.56, 1
3024, 12241, 6, 0, 12821, 16392, 4151, 4145, 691.83, 1
3025, 12250, 4, 0, 12830, 14796, 2546, 2542, 636.50, 1
3026, 12253, 1, 0, 12833, 12833, 580, 579, 580.00, 1
3027, 12254, 4, 0, 12835, 14805, 2551, 2547, 637.75, 1
3028, 12266, 5, 0, 12846, 15593, 3327, 3322, 665.40, 1
3029, 12271, 8, 0, 12851, 18189, 5918, 5910, 739.75, 1
3030, 12272, 2, 0, 12853, 13465, 1193, 1191, 596.50, 1
3031, 12278, 15, 0, 12858, 25847, 13569, 13554, 904.60, 1
3032, 12279, 3, 0, 12859, 14123, 1844, 1841, 614.67, 1
3033, 12282, 6, 0, 12863, 16450, 4168, 4162, 694.67, 1
3034, 12283, 1, 0, 12865, 12865, 582, 581, 582.00, 1
3035, 12284, 1, 0, 12867, 12867, 583, 582, 583.00, 1
3036, 12290, 13, 0, 12874, 23431, 11141, 11128, 857.00, 1
3037, 12292, 1, 0, 12877, 12877, 585, 584, 585.00, 1
3038, 12296, 7, 0, 12881, 17326, 5030, 5023, 718.57, 1
3039, 12300, 1, 0, 12885, 12885, 585, 584, 585.00, 1
3040, 12311, 6, 0, 12895, 16497, 4186, 4180, 697.67, 1
3041, 12317, 2, 0, 12901, 13515, 1198, 1196, 599.00, 1
3042, 12320, 2, 0, 12905, 13521, 1201, 1199, 600.50, 1
3043, 12327, 6, 0, 12912, 16525, 4198, 4192, 699.67, 1
3044, 12329, 3, 0, 12914, 14197, 1868, 1865, 622.67, 1
3045, 12330, 11, 0, 12916, 21324, 8994, 8983, 817.64, 1
3046, 12332, 7, 0, 12919, 17390, 5058, 5051, 722.57, 1
3047, 12335, 2, 0, 12923, 13539, 1204, 1202, 602.00, 1
3048, 12349, 8, 0, 12935, 18338, 5989, 5981, 748.62, 1
3049, 12372, 2, 0, 12955, 13577, 1205, 1203, 602.50, 1
3050, 12376, 7, 0, 12958, 17455, 5079, 5072, 725.57, 1
3051, 12377, 2, 0, 12960, 13584, 1207, 1205, 603.50, 1
3052, 12383, 5, 0, 12965, 15764, 3381, 3376, 676.20, 1
3053, 12390, 2, 0, 12972, 13600, 1210, 1208, 605.00, 1
3054, 12394, 4, 0, 12976, 14998, 2604, 2600, 651.00, 1
3055, 12397, 3, 0, 12980, 14279, 1882, 1879, 627.33, 1
3056, 12403, 1, 0, 12985, 12985, 582, 581, 582.00, 1
3057, 12404, 2, 0, 12987, 13616, 1212, 1210, 606.00, 1
3058, 12410, 17, 0, 12993, 28889, 16479, 16462, 969.35, 1
3059, 12413, 10, 0, 12996, 20472, 8059, 8049, 805.90, 1
3060, 12424, 7, 0, 13006, 17547, 5123, 5116, 731.86, 1
3061, 12433, 1, 0, 13015, 13015, 582, 581, 582.00, 1
3062, 12437, 5, 0, 13020, 15862, 3425, 3420, 685.00, 1
3063, 12438, 4, 0, 13022, 15074, 2636, 2632, 659.00, 1
3064, 12441, 3, 0, 13026, 14338, 1897, 1894, 632.33, 1
3065, 12442, 15, 0, 13028, 26314, 13872, 13857, 924.80, 1
3066, 12443, 4, 0, 13030, 15085, 2642, 2638, 660.50, 1
3067, 12446, 1, 0, 13032, 13032, 586, 585, 586.00, 1
3068, 12452, 11, 0, 13037, 21594, 9142, 9131, 831.09, 1
3069, 12465, 12, 0, 13048, 22726, 10261, 10249, 855.08, 1
3070, 12469, 5, 0, 13053, 15919, 3450, 3445, 690.00, 1
3071, 12480, 7, 0, 13063, 17651, 5171, 5164, 738.71, 1
3072, 12481, 1, 0, 13064, 13064, 583, 582, 583.00, 1
3073, 12483, 14, 0, 13066, 25113, 12630, 12616, 902.14, 1
3074, 12485, 3, 0, 13069, 14387, 1902, 1899, 634.00, 1
3075, 12487, 2, 0, 13072, 13708, 1221, 1219, 610.50, 1
3076, 12490, 6, 0, 13075, 16782, 4292, 4286, 715.33, 1
3077, 12501, 2, 0, 13085, 13723, 1222, 1220, 611.00, 1
3078, 12505, 3, 0, 13089, 14411, 1906, 1903, 635.33, 1
3079, 12511, 4, 0, 13094, 15165, 2654, 2650, 663.50, 1
3080, 12512, 1, 0, 13096, 13096, 584, 583, 584.00, 1
3081, 12514, 6, 0, 13099, 16808, 4294, 4288, 715.67, 1
3082, 12520, 2, 0, 13104, 13740, 1220, 1218, 610.00, 1
3083, 12524, 1, 0, 13109, 13109, 585, 584, 585.00, 1
3084, 12525, 1, 0, 13110, 13110, 585, 584, 585.00, 1
3085, 12528, 1, 0, 13113, 13113, 585, 584, 585.00, 1
3086, 12531, 1, 0, 13116, 13116, 585, 584, 585.00, 1
3087, 12537, 3, 0, 13121, 14436, 1899, 1896, 633.00, 1
3088, 12539, 4, 0, 13123, 15190, 2651, 2647, 662.75, 1
3089, 12540, 1, 0, 13124, 13124, 584, 583, 584.00, 1
3090, 12541, 2, 0, 13126, 13758, 1217, 1215, 608.50, 1
3091, 12542, 1, 0, 13128, 13128, 586, 585, 586.00, 1
3092, 12545, 5, 0, 13132, 16001, 3456, 3451, 691.20, 1
3093, 12546, 6, 0, 13133, 16849, 4303, 4297, 717.17, 1
3094, 12547, 8, 0, 13135, 18671, 6124, 6116, 765.50, 1
3095, 12550, 2, 0, 13139, 13770, 1220, 1218, 610.00, 1
3096, 12557, 3, 0, 13146, 14466, 1909, 1906, 636.33, 1
3097, 12568, 8, 0, 13158, 18700, 6132, 6124, 766.50, 1
3098, 12569, 2, 0, 13160, 13792, 1223, 1221, 611.50, 1
3099, 12571, 5, 0, 13163, 16040, 3469, 3464, 693.80, 1
3100, 12572, 1, 0, 13165, 13165, 593, 592, 593.00, 1
3101, 12577, 2, 0, 13170, 13801, 1224, 1222, 612.00, 1
3102, 12587, 6, 0, 13181, 16907, 4320, 4314, 720.00, 1
3103, 12589, 9, 0, 13183, 19722, 7133, 7124, 792.56, 1
3104, 12599, 14, 0, 13192, 25302, 12703, 12689, 907.36, 1
3105, 12601, 2, 0, 13195, 13825, 1224, 1222, 612.00, 1
3106, 12604, 9, 0, 13197, 19749, 7145, 7136, 793.89, 1
3107, 12609, 5, 0, 13201, 16089, 3480, 3475, 696.00, 1
3108, 12618, 12, 0, 13209, 22955, 10337, 10325, 861.42, 1
3109, 12620, 5, 0, 13212, 16108, 3488, 3483, 697.60, 1
3110, 12621, 1, 0, 13214, 13214, 593, 592, 593.00, 1
3111, 12628, 3, 0, 13220, 14541, 1913, 1910, 637.67, 1
3112, 12633, 5, 0, 13224, 16114, 3481, 3476, 696.20, 1
3113, 12634, 5, 0, 13226, 16122, 3488, 3483, 697.60, 1
3114, 12643, 8, 0, 13234, 18813, 6170, 6162, 771.25, 1
3115, 12644, 3, 0, 13236, 14560, 1916, 1913, 638.67, 1
3116, 12646, 9, 0, 13238, 19807, 7161, 7152, 795.67, 1
3117, 12648, 5, 0, 13241, 16141, 3493, 3488, 698.60, 1
3118, 12650, 15, 0, 13244, 26659, 14009, 13994, 933.93, 1
3119, 12660, 9, 0, 13254, 19829, 7169, 7160, 796.56, 1
3120, 12663, 10, 0, 13258, 20858, 8195, 8185, 819.50, 1
3121, 12666, 6, 0, 13260, 17014, 4348, 4342, 724.67, 1
3122, 12668, 5, 0, 13263, 16165, 3497, 3492, 699.40, 1
3123, 12671, 10, 0, 13266, 20881, 8210, 8200, 821.00, 1
3124, 12676, 3, 0, 13269, 14594, 1918, 1915, 639.33, 1
3125, 12679, 3, 0, 13273, 14599, 1920, 1917, 640.00, 1
3126, 12682, 11, 0, 13277, 21964, 9282, 9271, 843.82, 1
3127, 12684, 3, 0, 13280, 14606, 1922, 1919, 640.67, 1
3128, 12691, 2, 0, 13288, 13921, 1230, 1228, 615.00, 1
3129, 12692, 2, 0, 13290, 13923, 1231, 1229, 615.50, 1
3130, 12699, 6, 0, 13297, 17058, 4359, 4353, 726.50, 1
3131, 12708, 6, 0, 13305, 17063, 4355, 4349, 725.83, 1
3132, 12710, 11, 0, 13307, 21992, 9282, 9271, 843.82, 1
3133, 12719, 18, 0, 13316, 30882, 18163, 18145, 1009.06, 1
3134, 12720, 1, 0, 13318, 13318, 598, 597, 598.00, 1
3135, 12723, 1, 0, 13322, 13322, 599, 598, 599.00, 1
3136, 12724, 5, 0, 13323, 16237, 3513, 3508, 702.60, 1
3137, 12725, 5, 0, 13325, 16239, 3514, 3509, 702.80, 1
3138, 12726, 13, 0, 13327, 24284, 11558, 11545, 889.08, 1
3139, 12740, 12, 0, 13339, 23133, 10393, 10381, 866.08, 1
3140, 12753, 3, 0, 13350, 14682, 1929, 1926, 643.00, 1
3141, 12757, 8, 0, 13354, 18982, 6225, 6217, 778.12, 1
3142, 12763, 1, 0, 13358, 13358, 595, 594, 595.00, 1
3143, 12772, 2, 0, 13368, 14005, 1233, 1231, 616.50, 1
3144, 12780, 6, 0, 13376, 17157, 4377, 4371, 729.50, 1
3145, 12781, 1, 0, 13378, 13378, 597, 596, 597.00, 1
3146, 12786, 2, 0, 13384, 14023, 1237, 1235, 618.50, 1
3147, 12789, 2, 0, 13387, 14026, 1237, 1235, 618.50, 1
3148, 12790, 13, 0, 13389, 24409, 11619, 11606, 893.77, 1
3149, 12794, 2, 0, 13393, 14035, 1241, 1239, 620.50, 1
3150, 12796, 13, 0, 13395, 24421, 11625, 11612, 894.23, 1
3151, 12800, 11, 0, 13400, 22151, 9351, 9340, 850.09, 1
3152, 12803, 5, 0, 13404, 16353, 3550, 3545, 710.00, 1
3153, 12804, 8, 0, 13406, 19055, 6251, 6243, 781.38, 1
3154, 12809, 1, 0, 13411, 13411, 602, 601, 602.00, 1
3155, 12811, 22, 0, 13414, 37482, 24671, 24649, 1121.41, 1
3156, 12813, 2, 0, 13415, 14067, 1254, 1252, 627.00, 1
3157, 12814, 5, 0, 13417, 16377, 3563, 3558, 712.60, 1
3158, 12818, 9, 0, 13422, 20076, 7258, 7249, 806.44, 1
3159, 12819, 1, 0, 13424, 13424, 605, 604, 605.00, 1
3160, 12820, 7, 0, 13426, 18134, 5314, 5307, 759.14, 1
3161, 12823, 5, 0, 13429, 16394, 3571, 3566, 714.20, 1
3162, 12833, 1, 0, 13440, 13440, 607, 606, 607.00, 1
3163, 12834, 18, 0, 13441, 31207, 18373, 18355, 1020.72, 1
3164, 12838, 6, 0, 13445, 17267, 4429, 4423, 738.17, 1
3165, 12840, 15, 0, 13447, 27088, 14248, 14233, 949.87, 1
3166, 12841, 3, 0, 13449, 14812, 1971, 1968, 657.00, 1
3167, 12842, 2, 0, 13450, 14106, 1264, 1262, 632.00, 1
3168, 12848, 1, 0, 13457, 13457, 609, 608, 609.00, 1
3169, 12849, 4, 0, 13459, 15597, 2748, 2744, 687.00, 1
3170, 12851, 3, 0, 13462, 14824, 1973, 1970, 657.67, 1
3171, 12860, 2, 0, 13470, 14124, 1264, 1262, 632.00, 1
3172, 12863, 24, 0, 13474, 41355, 28492, 28468, 1187.17, 1
3173, 12865, 1, 0, 13477, 13477, 612, 611, 612.00, 1
3174, 12866, 24, 0, 13478, 41370, 28504, 28480, 1187.67, 1
3175, 12875, 1, 0, 13486, 13486, 611, 610, 611.00, 1
3176, 12876, 4, 0, 13488, 15630, 2754, 2750, 688.50, 1
3177, 12880, 7, 0, 13492, 18239, 5359, 5352, 765.57, 1
3178, 12888, 8, 0, 13498, 19218, 6330, 6322, 791.25, 1
3179, 12891, 3, 0, 13502, 14872, 1981, 1978, 660.33, 1
3180, 12892, 2, 0, 13504, 14167, 1275, 1273, 637.50, 1
3181, 12897, 5, 0, 13510, 16500, 3603, 3598, 720.60, 1
3182, 12903, 1, 0, 13517, 13517, 614, 613, 614.00, 1
3183, 12905, 2, 0, 13520, 14185, 1280, 1278, 640.00, 1
3184, 12908, 5, 0, 13523, 16516, 3608, 3603, 721.60, 1
3185, 12917, 6, 0, 13531, 17389, 4472, 4466, 745.33, 1
3186, 12918, 1, 0, 13532, 13532, 614, 613, 614.00, 1
3187, 12923, 11, 0, 13538, 22437, 9514, 9503, 864.91, 1
3188, 12925, 1, 0, 13541, 13541, 616, 615, 616.00, 1
3189, 12926, 5, 0, 13543, 16542, 3616, 3611, 723.20, 1
3190, 12930, 13, 0, 13548, 24783, 11853, 11840, 911.77, 1
3191, 12932, 12, 0, 13550, 23584, 10652, 10640, 887.67, 1
3192, 12937, 8, 0, 13556, 19306, 6369, 6361, 796.12, 1
3193, 12940, 9, 0, 13560, 20317, 7377, 7368, 819.67, 1
3194, 12947, 1, 0, 13566, 13566, 619, 618, 619.00, 1
3195, 12949, 4, 0, 13569, 15736, 2787, 2783, 696.75, 1
3196, 12952, 4, 0, 13572, 15739, 2787, 2783, 696.75, 1
3197, 12953, 13, 0, 13574, 24842, 11889, 11876, 914.54, 1
3198, 12957, 1, 0, 13579, 13579, 622, 621, 622.00, 1
3199, 12958, 8, 0, 13581, 19348, 6390, 6382, 798.75, 1
3200, 12962, 2, 0, 13586, 14255, 1293, 1291, 646.50, 1
3201, 12963, 5, 0, 13588, 16596, 3633, 3628, 726.60, 1
3202, 12964, 1, 0, 13590, 13590, 626, 625, 626.00, 1
3203, 12966, 8, 0, 13593, 19367, 6401, 6393, 800.12, 1
3204, 12970, 13, 0, 13597, 24896, 11926, 11913, 917.38, 1
3205, 12974, 13, 0, 13602, 24909, 11935, 11922, 918.08, 1
3206, 12979, 14, 0, 13607, 26183, 13204, 13190, 943.14, 1
3207, 12981, 4, 0, 13610, 15793, 2812, 2808, 703.00, 1
3208, 12983, 7, 0, 13612, 18433, 5450, 5443, 778.57, 1
3209, 12987, 8, 0, 13615, 19419, 6432, 6424, 804.00, 1
3210, 12989, 2, 0, 13618, 14288, 1299, 1297, 649.50, 1
3211, 12991, 3, 0, 13621, 15021, 2030, 2027, 676.67, 1
3212, 12992, 10, 0, 13623, 21501, 8509, 8499, 850.90, 1
3213, 12994, 2, 0, 13625, 14297, 1303, 1301, 651.50, 1
3214, 12995, 1, 0, 13627, 13627, 632, 631, 632.00, 1
3215, 12997, 7, 0, 13630, 18470, 5473, 5466, 781.86, 1
3216, 12998, 3, 0, 13631, 15038, 2040, 2037, 680.00, 1
3217, 13008, 4, 0, 13639, 15842, 2834, 2830, 708.50, 1
3218, 13010, 2, 0, 13642, 14317, 1307, 1305, 653.50, 1
3219, 13018, 1, 0, 13650, 13650, 632, 631, 632.00, 1
3220, 13022, 4, 0, 13655, 15865, 2843, 2839, 710.75, 1
3221, 13024, 19, 0, 13657, 33347, 20323, 20304, 1069.63, 1
3222, 13042, 2, 0, 13674, 14356, 1314, 1312, 657.00, 1
3223, 13045, 13, 0, 13678, 25086, 12041, 12028, 926.23, 1
3224, 13055, 6, 0, 13689, 17641, 4586, 4580, 764.33, 1
3225, 13057, 8, 0, 13692, 19555, 6498, 6490, 812.25, 1
3226, 13059, 1, 0, 13694, 13694, 635, 634, 635.00, 1
3227, 13060, 3, 0, 13696, 15129, 2069, 2066, 689.67, 1
3228, 13067, 5, 0, 13702, 16772, 3705, 3700, 741.00, 1
3229, 13074, 5, 0, 13710, 16781, 3707, 3702, 741.40, 1
3230, 13079, 3, 0, 13715, 15149, 2070, 2067, 690.00, 1
3231, 13082, 2, 0, 13719, 14403, 1321, 1319, 660.50, 1
3232, 13085, 2, 0, 13722, 14406, 1321, 1319, 660.50, 1
3233, 13087, 2, 0, 13724, 14407, 1320, 1318, 660.00, 1
3234, 13104, 4, 0, 13739, 15970, 2866, 2862, 716.50, 1
3235, 13114, 4, 0, 13745, 15980, 2866, 2862, 716.50, 1
3236, 13118, 1, 0, 13748, 13748, 630, 629, 630.00, 1
3237, 13121, 5, 0, 13751, 16829, 3708, 3703, 741.60, 1
3238, 13122, 7, 0, 13753, 18645, 5523, 5516, 789.00, 1
3239, 13125, 2, 0, 13756, 14441, 1316, 1314, 658.00, 1
3240, 13128, 1, 0, 13760, 13760, 632, 631, 632.00, 1
3241, 13140, 4, 0, 13771, 16007, 2867, 2863, 716.75, 1
3242, 13141, 3, 0, 13773, 15211, 2070, 2067, 690.00, 1
3243, 13153, 2, 0, 13784, 14472, 1319, 1317, 659.50, 1
3244, 13158, 3, 0, 13790, 15233, 2075, 2072, 691.67, 1
3245, 13162, 3, 0, 13793, 15237, 2075, 2072, 691.67, 1
3246, 13163, 8, 0, 13795, 19686, 6523, 6515, 815.38, 1
3247, 13167, 9, 0, 13798, 20706, 7539, 7530, 837.67, 1
3248, 13174, 1, 0, 13805, 13805, 631, 630, 631.00, 1
3249, 13185, 2, 0, 13814, 14506, 1321, 1319, 660.50, 1
3250, 13187, 4, 0, 13816, 16065, 2878, 2874, 719.50, 1
3251, 13188, 4, 0, 13818, 16069, 2881, 2877, 720.25, 1
3252, 13195, 1, 0, 13824, 13824, 629, 628, 629.00, 1
3253, 13201, 1, 0, 13831, 13831, 630, 629, 630.00, 1
3254, 13207, 1, 0, 13838, 13838, 631, 630, 631.00, 1
3255, 13208, 7, 0, 13840, 18780, 5572, 5565, 796.00, 1
3256, 13209, 5, 0, 13842, 16950, 3741, 3736, 748.20, 1
3257, 13212, 10, 0, 13845, 21861, 8649, 8639, 864.90, 1
3258, 13226, 8, 0, 13855, 19793, 6567, 6559, 820.88, 1
3259, 13234, 8, 0, 13863, 19800, 6566, 6558, 820.75, 1
3260, 13237, 2, 0, 13867, 14561, 1324, 1322, 662.00, 1
3261, 13241, 1, 0, 13871, 13871, 630, 629, 630.00, 1
3262, 13244, 3, 0, 13873, 15337, 2093, 2090, 697.67, 1
3263, 13245, 2, 0, 13875, 14569, 1324, 1322, 662.00, 1
3264, 13251, 1, 0, 13881, 13881, 630, 629, 630.00, 1
3265, 13261, 3, 0, 13889, 15356, 2095, 2092, 698.33, 1
3266, 13264, 2, 0, 13893, 14587, 1323, 1321, 661.50, 1
3267, 13265, 2, 0, 13895, 14589, 1324, 1322, 662.00, 1
3268, 13266, 12, 0, 13897, 24212, 10946, 10934, 912.17, 1
3269, 13268, 3, 0, 13899, 15366, 2098, 2095, 699.33, 1
3270, 13269, 1, 0, 13901, 13901, 632, 631, 632.00, 1
3271, 13282, 5, 0, 13915, 17044, 3762, 3757, 752.40, 1
3272, 13283, 4, 0, 13917, 16190, 2907, 2903, 726.75, 1
3273, 13285, 3, 0, 13919, 15384, 2099, 2096, 699.67, 1
3274, 13291, 4, 0, 13924, 16197, 2906, 2902, 726.50, 1
3275, 13304, 3, 0, 13934, 15400, 2096, 2093, 698.67, 1
3276, 13306, 23, 0, 13936, 40810, 27504, 27481, 1195.83, 1
3277, 13314, 9, 0, 13944, 20941, 7627, 7618, 847.44, 1
3278, 13318, 7, 0, 13949, 18931, 5613, 5606, 801.86, 1
3279, 13322, 4, 0, 13953, 16236, 2914, 2910, 728.50, 1
3280, 13325, 3, 0, 13956, 15427, 2102, 2099, 700.67, 1
3281, 13330, 6, 0, 13962, 17994, 4664, 4658, 777.33, 1
3282, 13342, 12, 0, 13973, 24307, 10965, 10953, 913.75, 1
3283, 13343, 7, 0, 13974, 18965, 5622, 5615, 803.14, 1
3284, 13344, 4, 0, 13976, 16263, 2919, 2915, 729.75, 1
3285, 13346, 1, 0, 13979, 13979, 633, 632, 633.00, 1
3286, 13347, 5, 0, 13981, 17121, 3774, 3769, 754.80, 1
3287, 13348, 5, 0, 13982, 17122, 3774, 3769, 754.80, 1
3288, 13352, 5, 0, 13987, 17129, 3777, 3772, 755.40, 1
3289, 13356, 6, 0, 13991, 18031, 4675, 4669, 779.17, 1
3290, 13357, 4, 0, 13993, 16276, 2919, 2915, 729.75, 1
3291, 13360, 2, 0, 13995, 14692, 1332, 1330, 666.00, 1
3292, 13363, 5, 0, 13998, 17136, 3773, 3768, 754.60, 1
3293, 13364, 3, 0, 14000, 15466, 2102, 2099, 700.67, 1
3294, 13366, 2, 0, 14002, 14698, 1332, 1330, 666.00, 1
3295, 13369, 14, 0, 14006, 26846, 13477, 13463, 962.64, 1
3296, 13373, 4, 0, 14010, 16299, 2926, 2922, 731.50, 1
3297, 13374, 7, 0, 14012, 19009, 5635, 5628, 805.00, 1
3298, 13379, 2, 0, 14017, 14715, 1336, 1334, 668.00, 1
3299, 13381, 5, 0, 14019, 17161, 3780, 3775, 756.00, 1
3300, 13387, 6, 0, 14025, 18067, 4680, 4674, 780.00, 1
3301, 13388, 4, 0, 14027, 16323, 2935, 2931, 733.75, 1
3302, 13389, 2, 0, 14029, 14729, 1340, 1338, 670.00, 1
3303, 13393, 3, 0, 14034, 15507, 2114, 2111, 704.67, 1
3304, 13395, 1, 0, 14037, 14037, 642, 641, 642.00, 1
3305, 13396, 6, 0, 14039, 18079, 4683, 4677, 780.50, 1
3306, 13397, 10, 0, 14041, 22147, 8750, 8740, 875.00, 1
3307, 13399, 5, 0, 14044, 17192, 3793, 3788, 758.60, 1
3308, 13402, 2, 0, 14047, 14749, 1347, 1345, 673.50, 1
3309, 13403, 7, 0, 14049, 19051, 5648, 5641, 806.86, 1
3310, 13405, 3, 0, 14052, 15529, 2124, 2121, 708.00, 1
3311, 13410, 4, 0, 14058, 16359, 2949, 2945, 737.25, 1
3312, 13411, 9, 0, 14060, 21092, 7681, 7672, 853.44, 1
3313, 13412, 4, 0, 14061, 16366, 2954, 2950, 738.50, 1
3314, 13414, 1, 0, 14064, 14064, 650, 649, 650.00, 1
3315, 13415, 13, 0, 14066, 25725, 12310, 12297, 946.92, 1
3316, 13416, 8, 0, 14068, 20061, 6645, 6637, 830.62, 1
3317, 13418, 18, 0, 14071, 32631, 19213, 19195, 1067.39, 1
3318, 13419, 5, 0, 14073, 17225, 3806, 3801, 761.20, 1
3319, 13423, 3, 0, 14076, 15556, 2133, 2130, 711.00, 1
3320, 13427, 5, 0, 14079, 17234, 3807, 3802, 761.40, 1
3321, 13437, 13, 0, 14090, 25781, 12344, 12331, 949.54, 1
3322, 13438, 7, 0, 14092, 19114, 5676, 5669, 810.86, 1
3323, 13439, 8, 0, 14094, 20114, 6675, 6667, 834.38, 1
3324, 13448, 5, 0, 14102, 17271, 3823, 3818, 764.60, 1
3325, 13449, 3, 0, 14104, 15588, 2139, 2136, 713.00, 1
3326, 13451, 6, 0, 14107, 18176, 4725, 4719, 787.50, 1
3327, 13452, 4, 0, 14108, 16424, 2972, 2968, 743.00, 1
3328, 13453, 2, 0, 14110, 14817, 1364, 1362, 682.00, 1
3329, 13456, 4, 0, 14113, 16427, 2971, 2967, 742.75, 1
3330, 13471, 1, 0, 14125, 14125, 654, 653, 654.00, 1
3331, 13472, 7, 0, 14127, 19162, 5690, 5683, 812.86, 1
3332, 13473, 2, 0, 14129, 14834, 1361, 1359, 680.50, 1
3333, 13474, 9, 0, 14131, 21204, 7730, 7721, 858.89, 1
3334, 13480, 1, 0, 14137, 14137, 657, 656, 657.00, 1
3335, 13483, 2, 0, 14141, 14845, 1362, 1360, 681.00, 1
3336, 13490, 21, 0, 14148, 37725, 24235, 24214, 1154.05, 1
3337, 13491, 6, 0, 14149, 18234, 4743, 4737, 790.50, 1
3338, 13494, 4, 0, 14153, 16472, 2978, 2974, 744.50, 1
3339, 13498, 15, 0, 14158, 28501, 15003, 14988, 1000.20, 1
3340, 13500, 6, 0, 14161, 18258, 4758, 4752, 793.00, 1
3341, 13501, 16, 0, 14163, 29899, 16398, 16382, 1024.88, 1
3342, 13502, 6, 0, 14164, 18262, 4760, 4754, 793.33, 1
3343, 13503, 3, 0, 14166, 15652, 2149, 2146, 716.33, 1
3344, 13506, 2, 0, 14169, 14876, 1370, 1368, 685.00, 1
3345, 13507, 6, 0, 14171, 18266, 4759, 4753, 793.17, 1
3346, 13508, 7, 0, 14173, 19226, 5718, 5711, 816.86, 1
3347, 13509, 2, 0, 14175, 14883, 1374, 1372, 687.00, 1
3348, 13513, 7, 0, 14178, 19232, 5719, 5712, 817.00, 1
3349, 13520, 8, 0, 14184, 20242, 6722, 6714, 840.25, 1
3350, 13523, 24, 0, 14187, 43162, 29639, 29615, 1234.96, 1
3351, 13524, 3, 0, 14189, 15679, 2155, 2152, 718.33, 1
3352, 13526, 7, 0, 14192, 19270, 5744, 5737, 820.57, 1
3353, 13527, 18, 0, 14194, 32979, 19452, 19434, 1080.67, 1
3354, 13535, 2, 0, 14202, 14918, 1383, 1381, 691.50, 1
3355, 13543, 3, 0, 14209, 15704, 2161, 2158, 720.33, 1
3356, 13544, 5, 0, 14211, 17400, 3856, 3851, 771.20, 1
3357, 13553, 2, 0, 14218, 14935, 1382, 1380, 691.00, 1
3358, 13554, 2, 0, 14220, 14938, 1384, 1382, 692.00, 1
3359, 13559, 4, 0, 14226, 16564, 3005, 3001, 751.25, 1
3360, 13566, 3, 0, 14233, 15733, 2167, 2164, 722.33, 1
3361, 13573, 10, 0, 14239, 22493, 8920, 8910, 892.00, 1
3362, 13575, 13, 0, 14241, 26095, 12520, 12507, 963.08, 1
3363, 13577, 2, 0, 14244, 14967, 1390, 1388, 695.00, 1
3364, 13578, 8, 0, 14245, 20344, 6766, 6758, 845.75, 1
3365, 13580, 1, 0, 14247, 14247, 667, 666, 667.00, 1
3366, 13582, 4, 0, 14249, 16589, 3007, 3003, 751.75, 1
3367, 13585, 4, 0, 14252, 16591, 3006, 3002, 751.50, 1
3368, 13586, 1, 0, 14254, 14254, 668, 667, 668.00, 1
3369, 13588, 2, 0, 14257, 14980, 1392, 1390, 696.00, 1
3370, 13604, 3, 0, 14271, 15779, 2175, 2172, 725.00, 1
3371, 13606, 8, 0, 14274, 20400, 6794, 6786, 849.25, 1
3372, 13608, 6, 0, 14277, 18426, 4818, 4812, 803.00, 1
3373, 13610, 2, 0, 14280, 15006, 1396, 1394, 698.00, 1
3374, 13622, 3, 0, 14291, 15809, 2187, 2184, 729.00, 1
3375, 13624, 7, 0, 14294, 19427, 5803, 5796, 829.00, 1
3376, 13625, 1, 0, 14296, 14296, 671, 670, 671.00, 1
3377, 13631, 3, 0, 14302, 15825, 2194, 2191, 731.33, 1
3378, 13633, 3, 0, 14305, 15828, 2195, 2192, 731.67, 1
3379, 13639, 7, 0, 14312, 19468, 5829, 5822, 832.71, 1
3380, 13642, 10, 0, 14316, 22665, 9023, 9013, 902.30, 1
3381, 13643, 4, 0, 14318, 16684, 3041, 3037, 760.25, 1
3382, 13644, 2, 0, 14320, 15056, 1412, 1410, 706.00, 1
3383, 13647, 6, 0, 14324, 18499, 4852, 4846, 808.67, 1
3384, 13652, 2, 0, 14328, 15067, 1415, 1413, 707.50, 1
3385, 13653, 2, 0, 14330, 15069, 1416, 1414, 708.00, 1
3386, 13662, 4, 0, 14340, 16704, 3042, 3038, 760.50, 1
3387, 13665, 4, 0, 14344, 16710, 3045, 3041, 761.25, 1
3388, 13666, 10, 0, 14346, 22697, 9031, 9021, 903.10, 1
3389, 13672, 4, 0, 14352, 16726, 3054, 3050, 763.50, 1
3390, 13674, 4, 0, 14355, 16732, 3058, 3054, 764.50, 1
3391, 13675, 10, 0, 14357, 22707, 9032, 9022, 903.20, 1
3392, 13676, 2, 0, 14358, 15102, 1426, 1424, 713.00, 1
3393, 13678, 1, 0, 14361, 14361, 683, 682, 683.00, 1
3394, 13685, 3, 0, 14368, 15914, 2229, 2226, 743.00, 1
3395, 13693, 2, 0, 14376, 15125, 1432, 1430, 716.00, 1
3396, 13707, 1, 0, 14389, 14389, 682, 681, 682.00, 1
3397, 13708, 3, 0, 14391, 15938, 2230, 2227, 743.33, 1
3398, 13710, 9, 0, 14393, 21656, 7946, 7937, 882.89, 1
3399, 13716, 1, 0, 14399, 14399, 683, 682, 683.00, 1
3400, 13721, 11, 0, 14405, 23914, 10193, 10182, 926.64, 1
3401, 13725, 6, 0, 14408, 18608, 4883, 4877, 813.83, 1
3402, 13726, 2, 0, 14410, 15157, 1431, 1429, 715.50, 1
3403, 13730, 5, 0, 14414, 17682, 3952, 3947, 790.40, 1
3404, 13731, 4, 0, 14415, 16800, 3069, 3065, 767.25, 1
3405, 13733, 1, 0, 14418, 14418, 685, 684, 685.00, 1
3406, 13738, 5, 0, 14423, 17694, 3956, 3951, 791.20, 1
3407, 13739, 12, 0, 14424, 25150, 11411, 11399, 950.92, 1
3408, 13740, 7, 0, 14426, 19610, 5870, 5863, 838.57, 1
3409, 13743, 2, 0, 14427, 15177, 1434, 1432, 717.00, 1
3410, 13749, 7, 0, 14432, 19626, 5877, 5870, 839.57, 1
3411, 13754, 4, 0, 14438, 16834, 3080, 3076, 770.00, 1
3412, 13762, 6, 0, 14445, 18662, 4900, 4894, 816.67, 1
3413, 13763, 5, 0, 14447, 17730, 3967, 3962, 793.40, 1
3414, 13764, 4, 0, 14449, 16846, 3082, 3078, 770.50, 1
3415, 13767, 2, 0, 14452, 15202, 1435, 1433, 717.50, 1
3416, 13768, 1, 0, 14454, 14454, 686, 685, 686.00, 1
3417, 13773, 7, 0, 14458, 19660, 5887, 5880, 841.00, 1
3418, 13776, 6, 0, 14462, 18683, 4907, 4901, 817.83, 1
3419, 13781, 2, 0, 14468, 15221, 1440, 1438, 720.00, 1
3420, 13784, 3, 0, 14471, 16026, 2242, 2239, 747.33, 1
3421, 13788, 6, 0, 14476, 18697, 4909, 4903, 818.17, 1
3422, 13790, 3, 0, 14478, 16031, 2241, 2238, 747.00, 1
3423, 13792, 2, 0, 14481, 15236, 1444, 1442, 722.00, 1
3424, 13796, 4, 0, 14485, 16885, 3089, 3085, 772.25, 1
3425, 13802, 4, 0, 14491, 16895, 3093, 3089, 773.25, 1
3426, 13803, 2, 0, 14493, 15249, 1446, 1444, 723.00, 1
3427, 13810, 5, 0, 14500, 17793, 3983, 3978, 796.60, 1
3428, 13811, 1, 0, 14502, 14502, 691, 690, 691.00, 1
3429, 13812, 5, 0, 14504, 17801, 3989, 3984, 797.80, 1
3430, 13817, 7, 0, 14509, 19727, 5910, 5903, 844.29, 1
3431, 13819, 10, 0, 14512, 22902, 9083, 9073, 908.30, 1
3432, 13820, 15, 0, 14513, 29229, 15409, 15394, 1027.27, 1
3433, 13821, 1, 0, 14515, 14515, 694, 693, 694.00, 1
3434, 13824, 4, 0, 14519, 16929, 3105, 3101, 776.25, 1
3435, 13828, 1, 0, 14522, 14522, 694, 693, 694.00, 1
3436, 13829, 3, 0, 14524, 16086, 2257, 2254, 752.33, 1
3437, 13839, 1, 0, 14530, 14530, 691, 690, 691.00, 1
3438, 13845, 6, 0, 14536, 18783, 4938, 4932, 823.00, 1
3439, 13846, 7, 0, 14538, 19775, 5929, 5922, 847.00, 1
3440, 13851, 4, 0, 14542, 16962, 3111, 3107, 777.75, 1
3441, 13854, 4, 0, 14546, 16965, 3111, 3107, 777.75, 1
3442, 13859, 9, 0, 14552, 21888, 8029, 8020, 892.11, 1
3443, 13874, 3, 0, 14567, 16143, 2269, 2266, 756.33, 1
3444, 13881, 9, 0, 14575, 21906, 8025, 8016, 891.67, 1
3445, 13883, 7, 0, 14577, 19823, 5940, 5933, 848.57, 1
3446, 13885, 2, 0, 14580, 15351, 1466, 1464, 733.00, 1
3447, 13903, 4, 0, 14595, 17026, 3123, 3119, 780.75, 1
3448, 13904, 3, 0, 14596, 16175, 2271, 2268, 757.00, 1
3449, 13912, 10, 0, 14603, 23065, 9153, 9143, 915.30, 1
3450, 13913, 6, 0, 14605, 18888, 4975, 4969, 829.17, 1
3451, 13917, 2, 0, 14610, 15381, 1464, 1462, 732.00, 1
3452, 13919, 13, 0, 14612, 26728, 12809, 12796, 985.31, 1
3453, 13922, 1, 0, 14615, 14615, 693, 692, 693.00, 1
3454, 13924, 3, 0, 14617, 16196, 2272, 2269, 757.33, 1
3455, 13930, 3, 0, 14623, 16206, 2276, 2273, 758.67, 1
3456, 13932, 13, 0, 14626, 26749, 12817, 12804, 985.92, 1
3457, 13933, 2, 0, 14628, 15399, 1466, 1464, 733.00, 1
3458, 13936, 4, 0, 14631, 17064, 3128, 3124, 782.00, 1
3459, 13938, 2, 0, 14634, 15405, 1467, 1465, 733.50, 1
3460, 13949, 3, 0, 14643, 16227, 2278, 2275, 759.33, 1
3461, 13952, 2, 0, 14646, 15419, 1467, 1465, 733.50, 1
3462, 13953, 7, 0, 14648, 19925, 5972, 5965, 853.14, 1
3463, 13961, 1, 0, 14656, 14656, 695, 694, 695.00, 1
3464, 13965, 2, 0, 14659, 15432, 1467, 1465, 733.50, 1
3465, 13968, 1, 0, 14662, 14662, 694, 693, 694.00, 1
3466, 13972, 1, 0, 14666, 14666, 694, 693, 694.00, 1
3467, 13974, 1, 0, 14669, 14669, 695, 694, 695.00, 1
3468, 13975, 1, 0, 14671, 14671, 696, 695, 696.00, 1
3469, 13979, 1, 0, 14675, 14675, 696, 695, 696.00, 1
3470, 13984, 8, 0, 14680, 21001, 7017, 7009, 877.12, 1
3471, 13994, 6, 0, 14689, 18984, 4990, 4984, 831.67, 1
3472, 13995, 3, 0, 14691, 16280, 2285, 2282, 761.67, 1
3473, 14006, 8, 0, 14701, 21013, 7007, 6999, 875.88, 1
3474, 14011, 2, 0, 14707, 15478, 1467, 1465, 733.50, 1
3475, 14016, 12, 0, 14713, 25608, 11592, 11580, 966.00, 1
3476, 14020, 6, 0, 14718, 19017, 4997, 4991, 832.83, 1
3477, 14024, 3, 0, 14721, 16318, 2294, 2291, 764.67, 1
3478, 14025, 25, 0, 14723, 45196, 31171, 31146, 1246.84, 1
3479, 14026, 3, 0, 14725, 16322, 2296, 2293, 765.33, 1
3480, 14029, 6, 0, 14728, 19026, 4997, 4991, 832.83, 1
3481, 14031, 3, 0, 14731, 16327, 2296, 2293, 765.33, 1
3482, 14034, 4, 0, 14734, 17176, 3142, 3138, 785.50, 1
3483, 14038, 1, 0, 14737, 14737, 699, 698, 699.00, 1
3484, 14041, 11, 0, 14741, 24431, 10390, 10379, 944.55, 1
3485, 14042, 2, 0, 14743, 15517, 1475, 1473, 737.50, 1
3486, 14043, 8, 0, 14745, 21077, 7034, 7026, 879.25, 1
3487, 14048, 3, 0, 14750, 16347, 2299, 2296, 766.33, 1
3488, 14049, 4, 0, 14751, 17195, 3146, 3142, 786.50, 1
3489, 14059, 5, 0, 14762, 18101, 4042, 4037, 808.40, 1
3490, 14061, 1, 0, 14765, 14765, 704, 703, 704.00, 1
3491, 14063, 7, 0, 14768, 20055, 5992, 5985, 856.00, 1
3492, 14080, 1, 0, 14784, 14784, 704, 703, 704.00, 1
3493, 14084, 5, 0, 14788, 18138, 4054, 4049, 810.80, 1
3494, 14089, 7, 0, 14792, 20092, 6003, 5996, 857.57, 1
3495, 14090, 8, 0, 14794, 21139, 7049, 7041, 881.12, 1
3496, 14092, 2, 0, 14797, 15574, 1482, 1480, 741.00, 1
3497, 14095, 1, 0, 14801, 14801, 706, 705, 706.00, 1
3498, 14097, 3, 0, 14804, 16414, 2317, 2314, 772.33, 1
3499, 14107, 6, 0, 14813, 19136, 5029, 5023, 838.17, 1
3500, 14108, 1, 0, 14815, 14815, 707, 706, 707.00, 1
3501, 14114, 9, 0, 14821, 22276, 8162, 8153, 906.89, 1
3502, 14118, 3, 0, 14823, 16433, 2315, 2312, 771.67, 1
3503, 14120, 4, 0, 14826, 17288, 3168, 3164, 792.00, 1
3504, 14126, 2, 0, 14830, 15607, 1481, 1479, 740.50, 1
3505, 14146, 6, 0, 14850, 19193, 5047, 5041, 841.17, 1
3506, 14153, 2, 0, 14858, 15637, 1484, 1482, 742.00, 1
3507, 14159, 11, 0, 14865, 24659, 10500, 10489, 954.55, 1
3508, 14167, 1, 0, 14874, 14874, 707, 706, 707.00, 1
3509, 14173, 4, 0, 14880, 17350, 3177, 3173, 794.25, 1
3510, 14177, 1, 0, 14885, 14885, 708, 707, 708.00, 1
3511, 14178, 1, 0, 14887, 14887, 709, 708, 709.00, 1
3512, 14179, 16, 0, 14889, 31367, 17188, 17172, 1074.25, 1
3513, 14181, 5, 0, 14891, 18280, 4099, 4094, 819.80, 1
3514, 14189, 1, 0, 14899, 14899, 710, 709, 710.00, 1
3515, 14191, 2, 0, 14902, 15681, 1490, 1488, 745.00, 1
3516, 14194, 1, 0, 14906, 14906, 712, 711, 712.00, 1
3517, 14195, 27, 0, 14908, 46877, 32682, 32655, 1210.44, 1
3518, 14199, 6, 0, 14912, 19276, 5077, 5071, 846.17, 1
3519, 14200, 3, 0, 14914, 16532, 2332, 2329, 777.33, 1
3520, 14202, 1, 0, 14917, 14917, 715, 714, 715.00, 1
3521, 14206, 17, 0, 14921, 32997, 18791, 18774, 1105.35, 1
3522, 14209, 5, 0, 14924, 18321, 4112, 4107, 822.40, 1
3523, 14214, 1, 0, 14930, 14930, 716, 715, 716.00, 1
3524, 14216, 1, 0, 14933, 14933, 717, 716, 717.00, 1
3525, 14219, 14, 0, 14936, 28682, 14463, 14449, 1033.07, 1
3526, 14220, 4, 0, 14937, 17410, 3190, 3186, 797.50, 1
3527, 14222, 4, 0, 14940, 17416, 3194, 3190, 798.50, 1
3528, 14229, 1, 0, 14948, 14948, 719, 718, 719.00, 1
3529, 14234, 1, 0, 14954, 14954, 720, 719, 720.00, 1
3530, 14239, 1, 0, 14960, 14960, 721, 720, 721.00, 1
3531, 14241, 3, 0, 14963, 16580, 2339, 2336, 779.67, 1
3532, 14247, 19, 0, 14970, 36309, 22062, 22043, 1161.16, 1
3533, 14249, 6, 0, 14972, 19350, 5101, 5095, 850.17, 1
3534, 14251, 2, 0, 14975, 15753, 1502, 1500, 751.00, 1
3535, 14257, 2, 0, 14979, 15759, 1502, 1500, 751.00, 1
3536, 14258, 1, 0, 14981, 14981, 723, 722, 723.00, 1
3537, 14266, 1, 0, 14990, 14990, 724, 723, 724.00, 1
3538, 14271, 4, 0, 14995, 17482, 3211, 3207, 802.75, 1
3539, 14274, 5, 0, 14999, 18414, 4140, 4135, 828.00, 1
3540, 14275, 4, 0, 15001, 17490, 3215, 3211, 803.75, 1
3541, 14277, 2, 0, 15004, 15788, 1511, 1509, 755.50, 1
3542, 14281, 2, 0, 15007, 15791, 1510, 1508, 755.00, 1
3543, 14282, 3, 0, 15009, 16632, 2350, 2347, 783.33, 1
3544, 14284, 2, 0, 15012, 15799, 1515, 1513, 757.50, 1
3545, 14285, 1, 0, 15014, 15014, 729, 728, 729.00, 1
3546, 14286, 1, 0, 15016, 15016, 730, 729, 730.00, 1
3547, 14288, 14, 0, 15019, 28869, 14581, 14567, 1041.50, 1
3548, 14291, 3, 0, 15022, 16644, 2353, 2350, 784.33, 1
3549, 14295, 4, 0, 15027, 17519, 3224, 3220, 806.00, 1
3550, 14297, 13, 0, 15029, 27549, 13252, 13239, 1019.38, 1
3551, 14298, 13, 0, 15030, 27550, 13252, 13239, 1019.38, 1
3552, 14299, 7, 0, 15032, 20470, 6171, 6164, 881.57, 1
3553, 14302, 6, 0, 15036, 19456, 5154, 5148, 859.00, 1
3554, 14311, 5, 0, 15046, 18482, 4171, 4166, 834.20, 1
3555, 14313, 3, 0, 15049, 16676, 2363, 2360, 787.67, 1
3556, 14314, 2, 0, 15051, 15843, 1529, 1527, 764.50, 1
3557, 14325, 2, 0, 15061, 15854, 1529, 1527, 764.50, 1
3558, 14326, 2, 0, 15063, 15856, 1530, 1528, 765.00, 1
3559, 14328, 1, 0, 15066, 15066, 738, 737, 738.00, 1
3560, 14332, 2, 0, 15071, 15863, 1531, 1529, 765.50, 1
3561, 14335, 4, 0, 15075, 17577, 3242, 3238, 810.50, 1
3562, 14340, 2, 0, 15080, 15871, 1531, 1529, 765.50, 1
3563, 14342, 6, 0, 15083, 19502, 5160, 5154, 860.00, 1
3564, 14345, 3, 0, 15087, 16712, 2367, 2364, 789.00, 1
3565, 14347, 4, 0, 15089, 17594, 3247, 3243, 811.75, 1
3566, 14351, 3, 0, 15093, 16722, 2371, 2368, 790.33, 1
3567, 14353, 4, 0, 15096, 17611, 3258, 3254, 814.50, 1
3568, 14356, 5, 0, 15099, 18542, 4186, 4181, 837.20, 1
3569, 14358, 4, 0, 15101, 17620, 3262, 3258, 815.50, 1
3570, 14360, 2, 0, 15104, 15901, 1541, 1539, 770.50, 1
3571, 14361, 2, 0, 15106, 15903, 1542, 1540, 771.00, 1
3572, 14363, 9, 0, 15108, 22720, 8357, 8348, 928.56, 1
3573, 14368, 1, 0, 15114, 15114, 746, 745, 746.00, 1
3574, 14370, 5, 0, 15117, 18565, 4195, 4190, 839.00, 1
3575, 14374, 4, 0, 15122, 17643, 3269, 3265, 817.25, 1
3576, 14378, 8, 0, 15127, 21640, 7262, 7254, 907.75, 1
3577, 14384, 1, 0, 15134, 15134, 750, 749, 750.00, 1
3578, 14386, 3, 0, 15137, 16775, 2389, 2386, 796.33, 1
3579, 14395, 1, 0, 15145, 15145, 750, 749, 750.00, 1
3580, 14404, 1, 0, 15151, 15151, 747, 746, 747.00, 1
3581, 14407, 14, 0, 15154, 29063, 14656, 14642, 1046.86, 1
3582, 14414, 2, 0, 15160, 15958, 1544, 1542, 772.00, 1
3583, 14416, 8, 0, 15163, 21675, 7259, 7251, 907.38, 1
3584, 14420, 4, 0, 15167, 17691, 3271, 3267, 817.75, 1
3585, 14422, 1, 0, 15170, 15170, 748, 747, 748.00, 1
3586, 14427, 12, 0, 15176, 26424, 11997, 11985, 999.75, 1
3587, 14428, 16, 0, 15178, 31951, 17523, 17507, 1095.19, 1
3588, 14430, 2, 0, 15181, 15979, 1549, 1547, 774.50, 1
3589, 14439, 5, 0, 15189, 18654, 4215, 4210, 843.00, 1
3590, 14452, 2, 0, 15201, 16004, 1552, 1550, 776.00, 1
3591, 14455, 1, 0, 15204, 15204, 749, 748, 749.00, 1
3592, 14457, 6, 0, 15207, 19657, 5200, 5194, 866.67, 1
3593, 14459, 1, 0, 15210, 15210, 751, 750, 751.00, 1
3594, 14463, 2, 0, 15215, 16014, 1551, 1549, 775.50, 1
3595, 14466, 2, 0, 15219, 16020, 1554, 1552, 777.00, 1
3596, 14471, 16, 0, 15224, 32002, 17531, 17515, 1095.69, 1
3597, 14478, 1, 0, 15230, 15230, 752, 751, 752.00, 1
3598, 14479, 1, 0, 15232, 15232, 753, 752, 753.00, 1
3599, 14481, 7, 0, 15235, 20696, 6215, 6208, 887.86, 1
3600, 14489, 7, 0, 15244, 20714, 6225, 6218, 889.29, 1
3601, 14490, 3, 0, 15246, 16892, 2402, 2399, 800.67, 1
3602, 14494, 2, 0, 15250, 16049, 1555, 1553, 777.50, 1
3603, 14498, 3, 0, 15255, 16902, 2404, 2401, 801.33, 1
3604, 14500, 1, 0, 15258, 15258, 758, 757, 758.00, 1
3605, 14502, 3, 0, 15261, 16909, 2407, 2404, 802.33, 1
3606, 14503, 1, 0, 15262, 15262, 759, 758, 759.00, 1
3607, 14507, 5, 0, 15266, 18739, 4232, 4227, 846.40, 1
3608, 14510, 2, 0, 15270, 16067, 1557, 1555, 778.50, 1
3609, 14519, 7, 0, 15278, 20755, 6236, 6229, 890.86, 1
3610, 14520, 6, 0, 15280, 19741, 5221, 5215, 870.17, 1
3611, 14523, 8, 0, 15283, 21839, 7316, 7308, 914.50, 1
3612, 14526, 2, 0, 15287, 16088, 1562, 1560, 781.00, 1
3613, 14527, 12, 0, 15289, 26588, 12061, 12049, 1005.08, 1
3614, 14530, 5, 0, 15293, 18775, 4245, 4240, 849.00, 1
3615, 14531, 2, 0, 15294, 16097, 1566, 1564, 783.00, 1
3616, 14537, 2, 0, 15301, 16104, 1567, 1565, 783.50, 1
3617, 14540, 6, 0, 15305, 19779, 5239, 5233, 873.17, 1
3618, 14541, 1, 0, 15307, 15307, 766, 765, 766.00, 1
3619, 14547, 5, 0, 15313, 18798, 4251, 4246, 850.20, 1
3620, 14548, 1, 0, 15315, 15315, 767, 766, 767.00, 1
3621, 14550, 4, 0, 15318, 17860, 3310, 3306, 827.50, 1
3622, 14553, 1, 0, 15322, 15322, 769, 768, 769.00, 1
3623, 14556, 6, 0, 15325, 19798, 5242, 5236, 873.67, 1
3624, 14559, 1, 0, 15329, 15329, 770, 769, 770.00, 1
3625, 14563, 1, 0, 15332, 15332, 769, 768, 769.00, 1
3626, 14566, 3, 0, 15336, 16991, 2425, 2422, 808.33, 1
3627, 14568, 16, 0, 15339, 32224, 17656, 17640, 1103.50, 1
3628, 14578, 4, 0, 15348, 17891, 3313, 3309, 828.25, 1
3629, 14580, 3, 0, 15350, 17010, 2430, 2427, 810.00, 1
3630, 14584, 2, 0, 15355, 16161, 1577, 1575, 788.50, 1
3631, 14587, 21, 0, 15359, 40745, 26158, 26137, 1245.62, 1
3632, 14589, 5, 0, 15361, 18861, 4272, 4267, 854.40, 1
3633, 14590, 16, 0, 15362, 32300, 17710, 17694, 1106.88, 1
3634, 14599, 15, 0, 15371, 30824, 16225, 16210, 1081.67, 1
3635, 14600, 3, 0, 15372, 17034, 2434, 2431, 811.33, 1
3636, 14608, 33, 0, 15379, 48921, 34313, 34280, 1039.79, 1
3637, 14617, 5, 0, 15386, 18893, 4276, 4271, 855.20, 1
3638, 14621, 3, 0, 15390, 17052, 2431, 2428, 810.33, 1
3639, 14622, 4, 0, 15392, 17951, 3329, 3325, 832.25, 1
3640, 14640, 1, 0, 15409, 15409, 769, 768, 769.00, 1
3641, 14642, 10, 0, 15412, 24271, 9629, 9619, 962.90, 1
3642, 14644, 4, 0, 15415, 17978, 3334, 3330, 833.50, 1
3643, 14645, 2, 0, 15417, 16230, 1585, 1583, 792.50, 1
3644, 14647, 1, 0, 15420, 15420, 773, 772, 773.00, 1
3645, 14649, 9, 0, 15423, 23114, 8465, 8456, 940.56, 1
3646, 14666, 21, 0, 15438, 40901, 26235, 26214, 1249.29, 1
3647, 14667, 7, 0, 15439, 20977, 6310, 6303, 901.43, 1
3648, 14669, 7, 0, 15442, 20984, 6315, 6308, 902.14, 1
3649, 14670, 4, 0, 15443, 18011, 3341, 3337, 835.25, 1
3650, 14679, 6, 0, 15451, 19962, 5283, 5277, 880.50, 1
3651, 14692, 1, 0, 15462, 15462, 770, 769, 770.00, 1
3652, 14694, 2, 0, 15463, 16281, 1587, 1585, 793.50, 1
3653, 14701, 19, 0, 15469, 37321, 22620, 22601, 1190.53, 1
3654, 14702, 3, 0, 15471, 17142, 2440, 2437, 813.33, 1
3655, 14705, 23, 0, 15475, 44085, 29380, 29357, 1277.39, 1
3656, 14708, 6, 0, 15479, 19993, 5285, 5279, 880.83, 1
3657, 14713, 2, 0, 15485, 16308, 1595, 1593, 797.50, 1
3658, 14724, 1, 0, 15495, 15495, 771, 770, 771.00, 1
3659, 14734, 3, 0, 15504, 17173, 2439, 2436, 813.00, 1
3660, 14735, 12, 0, 15506, 26920, 12185, 12173, 1015.42, 1
3661, 14736, 1, 0, 15508, 15508, 772, 771, 772.00, 1
3662, 14741, 1, 0, 15513, 15513, 772, 771, 772.00, 1
3663, 14742, 6, 0, 15515, 20033, 5291, 5285, 881.83, 1
3664, 14751, 2, 0, 15524, 16348, 1597, 1595, 798.50, 1
3665, 14768, 6, 0, 15540, 20053, 5285, 5279, 880.83, 1
3666, 14771, 1, 0, 15544, 15544, 773, 772, 773.00, 1
3667, 14772, 2, 0, 15546, 16374, 1602, 1600, 801.00, 1
3668, 14776, 6, 0, 15551, 20068, 5292, 5286, 882.00, 1
3669, 14778, 1, 0, 15553, 15553, 775, 774, 775.00, 1
3670, 14781, 3, 0, 15557, 17230, 2449, 2446, 816.33, 1
3671, 14784, 1, 0, 15561, 15561, 777, 776, 777.00, 1
3672, 14789, 11, 0, 15566, 25767, 10978, 10967, 998.00, 1
3673, 14792, 8, 0, 15569, 22213, 7421, 7413, 927.62, 1
3674, 14796, 7, 0, 15573, 21146, 6350, 6343, 907.14, 1
3675, 14800, 11, 0, 15577, 25791, 10991, 10980, 999.18, 1
3676, 14809, 5, 0, 15585, 19132, 4323, 4318, 864.60, 1
3677, 14817, 8, 0, 15592, 22266, 7449, 7441, 931.12, 1
3678, 14821, 10, 0, 15595, 24572, 9751, 9741, 975.10, 1
3679, 14826, 5, 0, 15600, 19155, 4329, 4324, 865.80, 1
3680, 14827, 1, 0, 15602, 15602, 775, 774, 775.00, 1
3681, 14829, 1, 0, 15605, 15605, 776, 775, 776.00, 1
3682, 14832, 2, 0, 15609, 16443, 1611, 1609, 805.50, 1
3683, 14838, 5, 0, 15615, 19172, 4334, 4329, 866.80, 1
3684, 14839, 4, 0, 15617, 18215, 3376, 3372, 844.00, 1
3685, 14843, 5, 0, 15622, 19182, 4339, 4334, 867.80, 1
3686, 14849, 12, 0, 15627, 27145, 12296, 12284, 1024.67, 1
3687, 14853, 5, 0, 15631, 19196, 4343, 4338, 868.60, 1
3688, 14868, 11, 0, 15646, 25920, 11052, 11041, 1004.73, 1
3689, 14872, 2, 0, 15651, 16488, 1616, 1614, 808.00, 1
3690, 14874, 4, 0, 15653, 18264, 3390, 3386, 847.50, 1
3691, 14875, 1, 0, 15654, 15654, 779, 778, 779.00, 1
3692, 14881, 6, 0, 15660, 20219, 5338, 5332, 889.67, 1
3693, 14891, 6, 0, 15668, 20228, 5337, 5331, 889.50, 1
3694, 14893, 8, 0, 15671, 22387, 7494, 7486, 936.75, 1
3695, 14898, 2, 0, 15677, 16514, 1616, 1614, 808.00, 1
3696, 14910, 4, 0, 15688, 18310, 3400, 3396, 850.00, 1
3697, 14915, 2, 0, 15694, 16533, 1618, 1616, 809.00, 1
3698, 14918, 4, 0, 15697, 18314, 3396, 3392, 849.00, 1
3699, 14930, 7, 0, 15709, 21337, 6407, 6400, 915.29, 1
3700, 14931, 13, 0, 15710, 28671, 13740, 13727, 1056.92, 1
3701, 14936, 1, 0, 15713, 15713, 777, 776, 777.00, 1
3702, 14938, 22, 0, 15716, 43238, 28300, 28278, 1286.36, 1
3703, 14944, 3, 0, 15722, 17421, 2477, 2474, 825.67, 1
3704, 14946, 1, 0, 15725, 15725, 779, 778, 779.00, 1
3705, 14950, 3, 0, 15729, 17430, 2480, 2477, 826.67, 1
3706, 14954, 2, 0, 15734, 16574, 1620, 1618, 810.00, 1
3707, 14956, 4, 0, 15735, 18359, 3403, 3399, 850.75, 1
3708, 14969, 1, 0, 15746, 15746, 777, 776, 777.00, 1
3709, 14977, 1, 0, 15755, 15755, 778, 777, 778.00, 1
3710, 14979, 3, 0, 15758, 17459, 2480, 2477, 826.67, 1
3711, 14982, 3, 0, 15760, 17461, 2479, 2476, 826.33, 1
3712, 14984, 14, 0, 15762, 30148, 15164, 15150, 1083.14, 1
3713, 14987, 1, 0, 15766, 15766, 779, 778, 779.00, 1
3714, 14988, 9, 0, 15768, 23676, 8688, 8679, 965.33, 1
3715, 14990, 10, 0, 15771, 24897, 9907, 9897, 990.70, 1
3716, 14992, 2, 0, 15773, 16611, 1619, 1617, 809.50, 1
3717, 14993, 21, 0, 15775, 41865, 26872, 26851, 1279.62, 1
3718, 14997, 2, 0, 15780, 16617, 1620, 1618, 810.00, 1
3719, 15001, 6, 0, 15784, 20403, 5402, 5396, 900.33, 1
3720, 15005, 8, 0, 15789, 22577, 7572, 7564, 946.50, 1
3721, 15008, 18, 0, 15792, 36472, 21464, 21446, 1192.44, 1
3722, 15009, 2, 0, 15794, 16631, 1622, 1620, 811.00, 1
3723, 15011, 2, 0, 15797, 16633, 1622, 1620, 811.00, 1
3724, 15015, 2, 0, 15801, 16638, 1623, 1621, 811.50, 1
3725, 15017, 4, 0, 15802, 18439, 3422, 3418, 855.50, 1
3726, 15019, 22, 0, 15805, 43469, 28450, 28428, 1293.18, 1
3727, 15024, 2, 0, 15810, 16646, 1622, 1620, 811.00, 1
3728, 15027, 13, 0, 15814, 28880, 13853, 13840, 1065.62, 1
3729, 15039, 1, 0, 15826, 15826, 787, 786, 787.00, 1
3730, 15041, 11, 0, 15829, 26284, 11243, 11232, 1022.09, 1
3731, 15043, 7, 0, 15832, 21547, 6504, 6497, 929.14, 1
3732, 15045, 1, 0, 15834, 15834, 789, 788, 789.00, 1
3733, 15048, 3, 0, 15838, 17549, 2501, 2498, 833.67, 1
3734, 15050, 4, 0, 15841, 18486, 3436, 3432, 859.00, 1
3735, 15053, 16, 0, 15845, 33338, 18285, 18269, 1142.81, 1
3736, 15054, 1, 0, 15846, 15846, 792, 791, 792.00, 1
3737, 15056, 5, 0, 15849, 19480, 4424, 4419, 884.80, 1
3738, 15064, 3, 0, 15857, 17568, 2504, 2501, 834.67, 1
3739, 15069, 1, 0, 15861, 15861, 792, 791, 792.00, 1
3740, 15072, 3, 0, 15864, 17575, 2503, 2500, 834.33, 1
3741, 15076, 1, 0, 15867, 15867, 791, 790, 791.00, 1
3742, 15083, 1, 0, 15874, 15874, 791, 790, 791.00, 1
3743, 15086, 5, 0, 15877, 19505, 4419, 4414, 883.80, 1
3744, 15092, 3, 0, 15884, 17600, 2508, 2505, 836.00, 1
3745, 15094, 6, 0, 15887, 20532, 5438, 5432, 906.33, 1
3746, 15096, 7, 0, 15890, 21601, 6505, 6498, 929.29, 1
3747, 15100, 8, 0, 15895, 22706, 7606, 7598, 950.75, 1
3748, 15101, 1, 0, 15897, 15897, 796, 795, 796.00, 1
3749, 15102, 1, 0, 15899, 15899, 797, 796, 797.00, 1
3750, 15109, 6, 0, 15906, 20554, 5445, 5439, 907.50, 1
3751, 15113, 7, 0, 15911, 21627, 6514, 6507, 930.57, 1
3752, 15114, 7, 0, 15913, 21632, 6518, 6511, 931.14, 1
3753, 15119, 1, 0, 15918, 15918, 799, 798, 799.00, 1
3754, 15129, 4, 0, 15927, 18572, 3443, 3439, 860.75, 1
3755, 15135, 1, 0, 15931, 15931, 796, 795, 796.00, 1
3756, 15137, 2, 0, 15934, 16774, 1637, 1635, 818.50, 1
3757, 15140, 5, 0, 15937, 19571, 4431, 4426, 886.20, 1
3758, 15142, 3, 0, 15939, 17658, 2516, 2513, 838.67, 1
3759, 15143, 12, 0, 15941, 27685, 12542, 12530, 1045.17, 1
3760, 15148, 5, 0, 15946, 19580, 4432, 4427, 886.40, 1
3761, 15149, 17, 0, 15948, 35055, 19906, 19889, 1170.94, 1
3762, 15150, 5, 0, 15949, 19584, 4434, 4429, 886.80, 1
3763, 15151, 4, 0, 15950, 18596, 3445, 3441, 861.25, 1
3764, 15152, 6, 0, 15951, 20600, 5448, 5442, 908.00, 1
3765, 15163, 7, 0, 15961, 21673, 6510, 6503, 930.00, 1
3766, 15175, 8, 0, 15971, 22787, 7612, 7604, 951.50, 1
3767, 15176, 4, 0, 15973, 18624, 3448, 3444, 862.00, 1
3768, 15177, 1, 0, 15975, 15975, 798, 797, 798.00, 1
3769, 15184, 5, 0, 15982, 19625, 4441, 4436, 888.20, 1
3770, 15185, 7, 0, 15984, 21700, 6515, 6508, 930.71, 1
3771, 15186, 3, 0, 15985, 17714, 2528, 2525, 842.67, 1
3772, 15188, 5, 0, 15988, 19631, 4443, 4438, 888.60, 1
3773, 15191, 10, 0, 15991, 25178, 9987, 9977, 998.70, 1
3774, 15193, 2, 0, 15994, 16839, 1646, 1644, 823.00, 1
3775, 15201, 5, 0, 16003, 19651, 4450, 4445, 890.00, 1
3776, 15213, 2, 0, 16010, 16858, 1645, 1643, 822.50, 1
3777, 15215, 2, 0, 16013, 16861, 1646, 1644, 823.00, 1
3778, 15216, 4, 0, 16015, 18684, 3468, 3464, 867.00, 1
3779, 15219, 4, 0, 16019, 18686, 3467, 3463, 866.75, 1
3780, 15220, 24, 0, 16021, 45770, 30550, 30526, 1272.92, 1
3781, 15225, 14, 0, 16025, 30523, 15298, 15284, 1092.71, 1
3782, 15228, 5, 0, 16028, 19679, 4451, 4446, 890.20, 1
3783, 15233, 1, 0, 16032, 16032, 799, 798, 799.00, 1
3784, 15238, 1, 0, 16035, 16035, 797, 796, 797.00, 1
3785, 15240, 7, 0, 16038, 21766, 6526, 6519, 932.29, 1
3786, 15244, 4, 0, 16043, 18715, 3471, 3467, 867.75, 1
3787, 15265, 7, 0, 16061, 21797, 6532, 6525, 933.14, 1
3788, 15272, 1, 0, 16068, 16068, 796, 795, 796.00, 1
3789, 15273, 1, 0, 16070, 16070, 797, 796, 797.00, 1
3790, 15277, 1, 0, 16075, 16075, 798, 797, 798.00, 1
3791, 15278, 5, 0, 16077, 19739, 4461, 4456, 892.20, 1
3792, 15281, 1, 0, 16081, 16081, 800, 799, 800.00, 1
3793, 15289, 1, 0, 16090, 16090, 801, 800, 801.00, 1
3794, 15291, 1, 0, 16093, 16093, 802, 801, 802.00, 1
3795, 15304, 5, 0, 16107, 19777, 4473, 4468, 894.60, 1
3796, 15308, 3, 0, 16111, 17851, 2543, 2540, 847.67, 1
3797, 15312, 1, 0, 16115, 16115, 803, 802, 803.00, 1
3798, 15314, 5, 0, 16118, 19789, 4475, 4470, 895.00, 1
3799, 15317, 2, 0, 16121, 16972, 1655, 1653, 827.50, 1
3800, 15321, 2, 0, 16125, 16975, 1654, 1652, 827.00, 1
3801, 15322, 1, 0, 16127, 16127, 805, 804, 805.00, 1
3802, 15326, 2, 0, 16131, 16981, 1655, 1653, 827.50, 1
3803, 15328, 2, 0, 16134, 16984, 1656, 1654, 828.00, 1
3804, 15329, 3, 0, 16136, 17871, 2542, 2539, 847.33, 1
3805, 15331, 1, 0, 16138, 16138, 807, 806, 807.00, 1
3806, 15345, 3, 0, 16150, 17885, 2540, 2537, 846.67, 1
3807, 15346, 5, 0, 16152, 19820, 4474, 4469, 894.80, 1
3808, 15349, 5, 0, 16156, 19826, 4477, 4472, 895.40, 1
3809, 15356, 13, 0, 16162, 29377, 14021, 14008, 1078.54, 1
3810, 15358, 13, 0, 16164, 29382, 14024, 14011, 1078.77, 1
3811, 15360, 1, 0, 16167, 16167, 807, 806, 807.00, 1
3812, 15366, 1, 0, 16173, 16173, 807, 806, 807.00, 1
3813, 15372, 11, 0, 16179, 26716, 11344, 11333, 1031.27, 1
3814, 15374, 3, 0, 16182, 17932, 2558, 2555, 852.67, 1
3815, 15377, 4, 0, 16186, 18887, 3510, 3506, 877.50, 1
3816, 15383, 2, 0, 16191, 17045, 1662, 1660, 831.00, 1
3817, 15385, 1, 0, 16193, 16193, 808, 807, 808.00, 1
3818, 15389, 4, 0, 16198, 18896, 3507, 3503, 876.75, 1
3819, 15391, 9, 0, 16201, 24244, 8853, 8844, 983.67, 1
3820, 15393, 4, 0, 16204, 18901, 3508, 3504, 877.00, 1
3821, 15396, 1, 0, 16208, 16208, 812, 811, 812.00, 1
3822, 15400, 3, 0, 16210, 17956, 2556, 2553, 852.00, 1
3823, 15404, 2, 0, 16214, 17066, 1662, 1660, 831.00, 1
3824, 15405, 14, 0, 16216, 30867, 15462, 15448, 1104.43, 1
3825, 15408, 2, 0, 16219, 17072, 1664, 1662, 832.00, 1
3826, 15411, 5, 0, 16222, 19914, 4503, 4498, 900.60, 1
3827, 15414, 3, 0, 16226, 17977, 2563, 2560, 854.33, 1
3828, 15418, 3, 0, 16231, 17981, 2563, 2560, 854.33, 1
3829, 15429, 1, 0, 16240, 16240, 811, 810, 811.00, 1
3830, 15432, 4, 0, 16244, 18945, 3513, 3509, 878.25, 1
3831, 15437, 1, 0, 16249, 16249, 812, 811, 812.00, 1
3832, 15439, 5, 0, 16252, 19941, 4502, 4497, 900.40, 1
3833, 15441, 1, 0, 16255, 16255, 814, 813, 814.00, 1
3834, 15442, 5, 0, 16257, 19946, 4504, 4499, 900.80, 1
3835, 15445, 4, 0, 16261, 18966, 3521, 3517, 880.25, 1
3836, 15449, 11, 0, 16265, 26817, 11368, 11357, 1033.45, 1
3837, 15457, 2, 0, 16274, 17131, 1674, 1672, 837.00, 1
3838, 15461, 6, 0, 16279, 21008, 5547, 5541, 924.50, 1
3839, 15467, 3, 0, 16284, 18035, 2568, 2565, 856.00, 1
3840, 15472, 4, 0, 16290, 18995, 3523, 3519, 880.75, 1
3841, 15474, 2, 0, 16293, 17146, 1672, 1670, 836.00, 1
3842, 15476, 3, 0, 16296, 18050, 2574, 2571, 858.00, 1
3843, 15477, 1, 0, 16298, 16298, 821, 820, 821.00, 1
3844, 15478, 4, 0, 16300, 19004, 3526, 3522, 881.50, 1
3845, 15479, 7, 0, 16301, 22089, 6610, 6603, 944.29, 1
3846, 15483, 2, 0, 16305, 17155, 1672, 1670, 836.00, 1
3847, 15488, 4, 0, 16311, 19013, 3525, 3521, 881.25, 1
3848, 15491, 1, 0, 16315, 16315, 824, 823, 824.00, 1
3849, 15492, 2, 0, 16317, 17165, 1673, 1671, 836.50, 1
3850, 15495, 5, 0, 16320, 20013, 4518, 4513, 903.60, 1
3851, 15505, 4, 0, 16330, 19031, 3526, 3522, 881.50, 1
3852, 15506, 6, 0, 16332, 21058, 5552, 5546, 925.33, 1
3853, 15514, 15, 0, 16338, 32538, 17024, 17009, 1134.93, 1
3854, 15518, 2, 0, 16342, 17188, 1670, 1668, 835.00, 1
3855, 15527, 2, 0, 16351, 17197, 1670, 1668, 835.00, 1
3856, 15532, 1, 0, 16356, 16356, 824, 823, 824.00, 1
3857, 15536, 3, 0, 16361, 18102, 2566, 2563, 855.33, 1
3858, 15537, 5, 0, 16363, 20049, 4512, 4507, 902.40, 1
3859, 15538, 1, 0, 16365, 16365, 827, 826, 827.00, 1
3860, 15540, 3, 0, 16368, 18109, 2569, 2566, 856.33, 1
3861, 15550, 2, 0, 16378, 17221, 1671, 1669, 835.50, 1
3862, 15552, 3, 0, 16381, 18127, 2575, 2572, 858.33, 1
3863, 15554, 4, 0, 16383, 19087, 3533, 3529, 883.25, 1
3864, 15556, 1, 0, 16385, 16385, 829, 828, 829.00, 1
3865, 15559, 1, 0, 16388, 16388, 829, 828, 829.00, 1
3866, 15562, 3, 0, 16391, 18135, 2573, 2570, 857.67, 1
3867, 15563, 5, 0, 16393, 20081, 4518, 4513, 903.60, 1
3868, 15567, 3, 0, 16398, 18140, 2573, 2570, 857.67, 1
3869, 15569, 3, 0, 16401, 18143, 2574, 2571, 858.00, 1
3870, 15571, 9, 0, 16404, 24525, 8954, 8945, 994.89, 1
3871, 15578, 5, 0, 16410, 20112, 4534, 4529, 906.80, 1
3872, 15583, 7, 0, 16416, 22253, 6670, 6663, 952.86, 1
3873, 15584, 1, 0, 16418, 16418, 834, 833, 834.00, 1
3874, 15592, 7, 0, 16425, 22263, 6671, 6664, 953.00, 1
3875, 15595, 8, 0, 16428, 23381, 7786, 7778, 973.25, 1
3876, 15596, 1, 0, 16430, 16430, 834, 833, 834.00, 1
3877, 15597, 2, 0, 16432, 17283, 1686, 1684, 843.00, 1
3878, 15600, 27, 0, 16435, 47773, 32173, 32146, 1191.59, 1
3879, 15607, 8, 0, 16441, 23406, 7799, 7791, 974.88, 1
3880, 15617, 2, 0, 16451, 17303, 1686, 1684, 843.00, 1
3881, 15622, 2, 0, 16456, 17310, 1688, 1686, 844.00, 1
3882, 15629, 1, 0, 16463, 16463, 834, 833, 834.00, 1
3883, 15638, 4, 0, 16471, 19202, 3564, 3560, 891.00, 1
3884, 15641, 3, 0, 16475, 18245, 2604, 2601, 868.00, 1
3885, 15642, 12, 0, 16477, 28497, 12855, 12843, 1071.25, 1
3886, 15643, 6, 0, 16479, 21252, 5609, 5603, 934.83, 1
3887, 15645, 6, 0, 16482, 21256, 5611, 5605, 935.17, 1
3888, 15648, 15, 0, 16485, 32839, 17191, 17176, 1146.07, 1
3889, 15664, 6, 0, 16499, 21267, 5603, 5597, 933.83, 1
3890, 15669, 3, 0, 16505, 18279, 2610, 2607, 870.00, 1
3891, 15674, 11, 0, 16510, 27245, 11571, 11560, 1051.91, 1
3892, 15678, 5, 0, 16515, 20251, 4573, 4568, 914.60, 1
3893, 15679, 8, 0, 16517, 23533, 7854, 7846, 981.75, 1
3894, 15682, 1, 0, 16519, 16519, 837, 836, 837.00, 1
3895, 15684, 1, 0, 16522, 16522, 838, 837, 838.00, 1
3896, 15692, 1, 0, 16530, 16530, 838, 837, 838.00, 1
3897, 15703, 4, 0, 16539, 19284, 3581, 3577, 895.25, 1
3898, 15704, 11, 0, 16541, 27310, 11606, 11595, 1055.09, 1
3899, 15713, 2, 0, 16550, 17408, 1695, 1693, 847.50, 1
3900, 15715, 1, 0, 16552, 16552, 837, 836, 837.00, 1
3901, 15717, 2, 0, 16555, 17413, 1696, 1694, 848.00, 1
3902, 15720, 4, 0, 16559, 19305, 3585, 3581, 896.25, 1
3903, 15728, 3, 0, 16567, 18350, 2622, 2619, 874.00, 1
3904, 15729, 5, 0, 16569, 20321, 4592, 4587, 918.40, 1
3905, 15732, 10, 0, 16572, 26072, 10340, 10330, 1034.00, 1
3906, 15737, 3, 0, 16576, 18361, 2624, 2621, 874.67, 1
3907, 15750, 3, 0, 16587, 18380, 2630, 2627, 876.67, 1
3908, 15758, 4, 0, 16593, 19353, 3595, 3591, 898.75, 1
3909, 15764, 8, 0, 16599, 23665, 7901, 7893, 987.62, 1
3910, 15765, 3, 0, 16600, 18394, 2629, 2626, 876.33, 1
3911, 15768, 12, 0, 16603, 28790, 13022, 13010, 1085.17, 1
3912, 15769, 1, 0, 16605, 16605, 836, 835, 836.00, 1
3913, 15770, 6, 0, 16607, 21435, 5665, 5659, 944.17, 1
3914, 15785, 6, 0, 16622, 21458, 5673, 5667, 945.50, 1
3915, 15791, 18, 0, 16628, 38209, 22418, 22400, 1245.44, 1
3916, 15794, 9, 0, 16630, 24944, 9150, 9141, 1016.67, 1
3917, 15798, 8, 0, 16634, 23732, 7934, 7926, 991.75, 1
3918, 15799, 5, 0, 16636, 20426, 4627, 4622, 925.40, 1
3919, 15810, 1, 0, 16645, 16645, 835, 834, 835.00, 1
3920, 15816, 5, 0, 16652, 20451, 4635, 4630, 927.00, 1
3921, 15817, 7, 0, 16654, 22628, 6811, 6804, 973.00, 1
3922, 15834, 2, 0, 16669, 17544, 1710, 1708, 855.00, 1
3923, 15839, 2, 0, 16674, 17550, 1711, 1709, 855.50, 1
3924, 15842, 10, 0, 16678, 26290, 10448, 10438, 1044.80, 1
3925, 15843, 2, 0, 16679, 17555, 1712, 1710, 856.00, 1
3926, 15848, 15, 0, 16683, 33343, 17495, 17480, 1166.33, 1
3927, 15849, 13, 0, 16685, 30335, 14486, 14473, 1114.31, 1
3928, 15850, 5, 0, 16687, 20498, 4648, 4643, 929.60, 1
3929, 15855, 5, 0, 16691, 20501, 4646, 4641, 929.20, 1
3930, 15858, 6, 0, 16694, 21566, 5708, 5702, 951.33, 1
3931, 15862, 2, 0, 16696, 17572, 1710, 1708, 855.00, 1
3932, 15863, 3, 0, 16697, 18506, 2643, 2640, 881.00, 1
3933, 15869, 8, 0, 16701, 23824, 7955, 7947, 994.38, 1
3934, 15870, 1, 0, 16702, 16702, 832, 831, 832.00, 1
3935, 15874, 6, 0, 16706, 21581, 5707, 5701, 951.17, 1
3936, 15879, 4, 0, 16711, 19507, 3628, 3624, 907.00, 1
3937, 15880, 8, 0, 16713, 23841, 7961, 7953, 995.12, 1
3938, 15882, 2, 0, 16716, 17595, 1713, 1711, 856.50, 1
3939, 15886, 6, 0, 16721, 21596, 5710, 5704, 951.67, 1
3940, 15888, 3, 0, 16724, 18536, 2648, 2645, 882.67, 1
3941, 15891, 1, 0, 16728, 16728, 837, 836, 837.00, 1
3942, 15892, 6, 0, 16730, 21602, 5710, 5704, 951.67, 1
3943, 15896, 1, 0, 16735, 16735, 839, 838, 839.00, 1
3944, 15897, 4, 0, 16737, 19529, 3632, 3628, 908.00, 1
3945, 15898, 2, 0, 16738, 17619, 1721, 1719, 860.50, 1
3946, 15901, 10, 0, 16740, 26350, 10449, 10439, 1044.90, 1
3947, 15902, 1, 0, 16741, 16741, 839, 838, 839.00, 1
3948, 15903, 6, 0, 16743, 21614, 5711, 5705, 951.83, 1
3949, 15904, 1, 0, 16744, 16744, 840, 839, 840.00, 1
3950, 15912, 5, 0, 16753, 20562, 4650, 4645, 930.00, 1
3951, 15922, 6, 0, 16760, 21637, 5715, 5709, 952.50, 1
3952, 15931, 1, 0, 16769, 16769, 838, 837, 838.00, 1
3953, 15932, 4, 0, 16770, 19561, 3629, 3625, 907.25, 1
3954, 15934, 1, 0, 16773, 16773, 839, 838, 839.00, 1
3955, 15940, 1, 0, 16778, 16778, 838, 837, 838.00, 1
3956, 15950, 2, 0, 16788, 17668, 1718, 1716, 859.00, 1
3957, 15953, 3, 0, 16792, 18601, 2648, 2645, 882.67, 1
3958, 15954, 3, 0, 16794, 18605, 2651, 2648, 883.67, 1
3959, 15957, 7, 0, 16797, 22774, 6817, 6810, 973.86, 1
3960, 15961, 2, 0, 16801, 17683, 1722, 1720, 861.00, 1
3961, 15963, 3, 0, 16804, 18613, 2650, 2647, 883.33, 1
3962, 15964, 3, 0, 16806, 18616, 2652, 2649, 884.00, 1
3963, 15966, 7, 0, 16809, 22782, 6816, 6809, 973.71, 1
3964, 15974, 12, 0, 16816, 29074, 13100, 13088, 1091.67, 1
3965, 15977, 3, 0, 16819, 18630, 2653, 2650, 884.33, 1
3966, 15979, 6, 0, 16821, 21694, 5715, 5709, 952.50, 1
3967, 15981, 7, 0, 16822, 22797, 6816, 6809, 973.71, 1
3968, 15982, 9, 0, 16824, 25164, 9182, 9173, 1020.22, 1
3969, 15987, 1, 0, 16830, 16830, 843, 842, 843.00, 1
3970, 15989, 3, 0, 16833, 18649, 2660, 2657, 886.67, 1
3971, 15990, 6, 0, 16835, 21709, 5719, 5713, 953.17, 1
3972, 15995, 6, 0, 16840, 21717, 5722, 5716, 953.67, 1
3973, 16001, 3, 0, 16847, 18665, 2664, 2661, 888.00, 1
3974, 16002, 8, 0, 16848, 23970, 7968, 7960, 996.00, 1
3975, 16007, 5, 0, 16853, 20663, 4656, 4651, 931.20, 1
3976, 16008, 6, 0, 16854, 21727, 5719, 5713, 953.17, 1
3977, 16009, 6, 0, 16856, 21730, 5721, 5715, 953.50, 1
3978, 16020, 8, 0, 16866, 23984, 7964, 7956, 995.50, 1
3979, 16022, 1, 0, 16868, 16868, 846, 845, 846.00, 1
3980, 16023, 4, 0, 16869, 19670, 3647, 3643, 911.75, 1
3981, 16024, 7, 0, 16871, 22842, 6818, 6811, 974.00, 1
3982, 16036, 3, 0, 16880, 18702, 2666, 2663, 888.67, 1
3983, 16037, 8, 0, 16881, 24005, 7968, 7960, 996.00, 1
3984, 16038, 10, 0, 16883, 26501, 10463, 10453, 1046.30, 1
3985, 16041, 4, 0, 16886, 19691, 3650, 3646, 912.50, 1
3986, 16043, 2, 0, 16888, 17775, 1732, 1730, 866.00, 1
3987, 16045, 8, 0, 16891, 24022, 7977, 7969, 997.12, 1
3988, 16048, 3, 0, 16894, 18721, 2673, 2670, 891.00, 1
3989, 16049, 4, 0, 16896, 19703, 3654, 3650, 913.50, 1
3990, 16050, 2, 0, 16897, 17785, 1735, 1733, 867.50, 1
3991, 16053, 2, 0, 16901, 17789, 1736, 1734, 868.00, 1
3992, 16057, 2, 0, 16906, 17794, 1737, 1735, 868.50, 1
3993, 16058, 4, 0, 16908, 19713, 3655, 3651, 913.75, 1
3994, 16062, 1, 0, 16913, 16913, 851, 850, 851.00, 1
3995, 16064, 5, 0, 16916, 20738, 4674, 4669, 934.80, 1
3996, 16065, 1, 0, 16917, 16917, 852, 851, 852.00, 1
3997, 16066, 1, 0, 16918, 16918, 852, 851, 852.00, 1
3998, 16067, 3, 0, 16920, 18744, 2677, 2674, 892.33, 1
3999, 16071, 9, 0, 16921, 25290, 9219, 9210, 1024.33, 1
4000, 16077, 5, 0, 16926, 20751, 4674, 4669, 934.80, 1
4001, 16080, 3, 0, 16930, 18754, 2674, 2671, 891.33, 1
4002, 16083, 8, 0, 16933, 24087, 8004, 7996, 1000.50, 1
4003, 16087, 1, 0, 16937, 16937, 850, 849, 850.00, 1
4004, 16088, 5, 0, 16939, 20774, 4686, 4681, 937.20, 1
4005, 16090, 1, 0, 16940, 16940, 850, 849, 850.00, 1
4006, 16092, 3, 0, 16942, 18769, 2677, 2674, 892.33, 1
4007, 16097, 1, 0, 16947, 16947, 850, 849, 850.00, 1
4008, 16109, 9, 0, 16956, 25357, 9248, 9239, 1027.56, 1
4009, 16110, 18, 0, 16958, 38761, 22651, 22633, 1258.39, 1
4010, 16111, 5, 0, 16960, 20805, 4694, 4689, 938.80, 1
4011, 16116, 1, 0, 16964, 16964, 848, 847, 848.00, 1
4012, 16118, 1, 0, 16967, 16967, 849, 848, 849.00, 1
4013, 16120, 7, 0, 16970, 22979, 6859, 6852, 979.86, 1
4014, 16129, 3, 0, 16978, 18807, 2678, 2675, 892.67, 1
4015, 16141, 3, 0, 16990, 18819, 2678, 2675, 892.67, 1
4016, 16144, 2, 0, 16992, 17877, 1733, 1731, 866.50, 1
4017, 16148, 13, 0, 16997, 30751, 14603, 14590, 1123.31, 1
4018, 16156, 11, 0, 17006, 27992, 11836, 11825, 1076.00, 1
4019, 16157, 5, 0, 17008, 20849, 4692, 4687, 938.40, 1
4020, 16159, 11, 0, 17011, 28004, 11845, 11834, 1076.82, 1
4021, 16160, 3, 0, 17013, 18844, 2684, 2681, 894.67, 1
4022, 16162, 2, 0, 17015, 17904, 1742, 1740, 871.00, 1
4023, 16167, 3, 0, 17020, 18858, 2691, 2688, 897.00, 1
4024, 16175, 7, 0, 17027, 23044, 6869, 6862, 981.29, 1
4025, 16176, 13, 0, 17028, 30816, 14640, 14627, 1126.15, 1
4026, 16178, 6, 0, 17031, 21950, 5772, 5766, 962.00, 1
4027, 16184, 5, 0, 17038, 20899, 4715, 4710, 943.00, 1
4028, 16193, 4, 0, 17047, 19884, 3691, 3687, 922.75, 1
4029, 16198, 8, 0, 17049, 24239, 8041, 8033, 1005.12, 1
4030, 16202, 5, 0, 17054, 20917, 4715, 4710, 943.00, 1
4031, 16209, 4, 0, 17059, 19894, 3685, 3681, 921.25, 1
4032, 16211, 3, 0, 17062, 18907, 2696, 2693, 898.67, 1
4033, 16215, 1, 0, 17067, 17067, 852, 851, 852.00, 1
4034, 16224, 6, 0, 17077, 22002, 5778, 5772, 963.00, 1
4035, 16232, 2, 0, 17084, 17982, 1750, 1748, 875.00, 1
4036, 16234, 4, 0, 17087, 19924, 3690, 3686, 922.50, 1
4037, 16241, 3, 0, 17091, 18940, 2699, 2696, 899.67, 1
4038, 16243, 11, 0, 17094, 28113, 11870, 11859, 1079.09, 1
4039, 16247, 2, 0, 17099, 17998, 1751, 1749, 875.50, 1
4040, 16248, 1, 0, 17101, 17101, 853, 852, 853.00, 1
4041, 16251, 3, 0, 17104, 18952, 2701, 2698, 900.33, 1
4042, 16260, 5, 0, 17113, 20990, 4730, 4725, 946.00, 1
4043, 16263, 3, 0, 17117, 18969, 2706, 2703, 902.00, 1
4044, 16264, 1, 0, 17118, 17118, 854, 853, 854.00, 1
4045, 16268, 16, 0, 17123, 35606, 19338, 19322, 1208.62, 1
4046, 16271, 1, 0, 17127, 17127, 856, 855, 856.00, 1
4047, 16278, 1, 0, 17134, 17134, 856, 855, 856.00, 1
4048, 16292, 6, 0, 17145, 22076, 5784, 5778, 964.00, 1
4049, 16330, 3, 0, 17174, 19030, 2700, 2697, 900.00, 1
4050, 16338, 1, 0, 17182, 17182, 844, 843, 844.00, 1
4051, 16340, 12, 0, 17185, 29626, 13286, 13274, 1107.17, 1
4052, 16345, 9, 0, 17191, 25689, 9344, 9335, 1038.22, 1
4053, 16348, 2, 0, 17194, 18093, 1745, 1743, 872.50, 1
4054, 16366, 1, 0, 17208, 17208, 842, 841, 842.00, 1
4055, 16370, 3, 0, 17212, 19069, 2699, 2696, 899.67, 1
4056, 16375, 2, 0, 17217, 18118, 1743, 1741, 871.50, 1
4057, 16377, 7, 0, 17220, 23296, 6919, 6912, 988.43, 1
4058, 16384, 2, 0, 17227, 18129, 1745, 1743, 872.50, 1
4059, 16386, 1, 0, 17229, 17229, 843, 842, 843.00, 1
4060, 16388, 4, 0, 17232, 20080, 3692, 3688, 923.00, 1
4061, 16391, 1, 0, 17235, 17235, 844, 843, 844.00, 1
4062, 16405, 3, 0, 17247, 19106, 2701, 2698, 900.33, 1
4063, 16406, 1, 0, 17249, 17249, 843, 842, 843.00, 1
4064, 16407, 7, 0, 17251, 23342, 6935, 6928, 990.71, 1
4065, 16409, 9, 0, 17254, 25788, 9379, 9370, 1042.11, 1
4066, 16410, 6, 0, 17256, 22233, 5823, 5817, 970.50, 1
4067, 16412, 1, 0, 17259, 17259, 847, 846, 847.00, 1
4068, 16414, 2, 0, 17262, 18165, 1751, 1749, 875.50, 1
4069, 16415, 4, 0, 17263, 20121, 3706, 3702, 926.50, 1
4070, 16417, 5, 0, 17266, 21169, 4752, 4747, 950.40, 1
4071, 16421, 4, 0, 17270, 20130, 3709, 3705, 927.25, 1
4072, 16426, 2, 0, 17275, 18179, 1753, 1751, 876.50, 1
4073, 16427, 8, 0, 17277, 24568, 8141, 8133, 1017.62, 1
4074, 16429, 6, 0, 17279, 22271, 5842, 5836, 973.67, 1
4075, 16432, 7, 0, 17282, 23392, 6960, 6953, 994.29, 1
4076, 16437, 2, 0, 17287, 18194, 1757, 1755, 878.50, 1
4077, 16442, 8, 0, 17292, 24596, 8154, 8146, 1019.25, 1
4078, 16446, 5, 0, 17295, 21202, 4756, 4751, 951.20, 1
4079, 16448, 6, 0, 17298, 22299, 5851, 5845, 975.17, 1
4080, 16449, 6, 0, 17300, 22304, 5855, 5849, 975.83, 1
4081, 16451, 3, 0, 17302, 19174, 2723, 2720, 907.67, 1
4082, 16452, 5, 0, 17304, 21215, 4763, 4758, 952.60, 1
4083, 16456, 6, 0, 17309, 22310, 5854, 5848, 975.67, 1
4084, 16461, 5, 0, 17315, 21226, 4765, 4760, 953.00, 1
4085, 16465, 3, 0, 17319, 19195, 2730, 2727, 910.00, 1
4086, 16468, 3, 0, 17323, 19199, 2731, 2728, 910.33, 1
4087, 16474, 6, 0, 17328, 22338, 5864, 5858, 977.33, 1
4088, 16475, 2, 0, 17330, 18244, 1769, 1767, 884.50, 1
4089, 16480, 2, 0, 17336, 18252, 1772, 1770, 886.00, 1
4090, 16488, 2, 0, 17345, 18263, 1775, 1773, 887.50, 1
4091, 16496, 2, 0, 17352, 18268, 1772, 1770, 886.00, 1
4092, 16499, 11, 0, 17355, 28545, 12046, 12035, 1095.09, 1
4093, 16500, 9, 0, 17357, 25939, 9439, 9430, 1048.78, 1
4094, 16510, 7, 0, 17366, 23510, 7000, 6993, 1000.00, 1
4095, 16512, 14, 0, 17369, 32934, 16422, 16408, 1173.00, 1
4096, 16513, 4, 0, 17371, 20246, 3733, 3729, 933.25, 1
4097, 16516, 3, 0, 17374, 19257, 2741, 2738, 913.67, 1
4098, 16518, 15, 0, 17376, 34522, 18004, 17989, 1200.27, 1
4099, 16519, 10, 0, 17378, 27286, 10767, 10757, 1076.70, 1
4100, 16520, 1, 0, 17379, 17379, 859, 858, 859.00, 1
4101, 16521, 12, 0, 17380, 30018, 13497, 13485, 1124.75, 1
4102, 16522, 3, 0, 17382, 19271, 2749, 2746, 916.33, 1
4103, 16538, 1, 0, 17394, 17394, 856, 855, 856.00, 1
4104, 16541, 4, 0, 17398, 20287, 3746, 3742, 936.50, 1
4105, 16544, 4, 0, 17401, 20290, 3746, 3742, 936.50, 1
4106, 16549, 2, 0, 17406, 18332, 1783, 1781, 891.50, 1
4107, 16554, 8, 0, 17411, 24794, 8240, 8232, 1030.00, 1
4108, 16557, 13, 0, 17415, 31508, 14951, 14938, 1150.08, 1
4109, 16567, 2, 0, 17425, 18349, 1782, 1780, 891.00, 1
4110, 16570, 14, 0, 17429, 33048, 16478, 16464, 1177.00, 1
4111, 16571, 1, 0, 17431, 17431, 860, 859, 860.00, 1
4112, 16573, 2, 0, 17434, 18357, 1784, 1782, 892.00, 1
4113, 16577, 3, 0, 17438, 19331, 2754, 2751, 918.00, 1
4114, 16580, 17, 0, 17442, 38034, 21454, 21437, 1262.00, 1
4115, 16581, 4, 0, 17443, 20341, 3760, 3756, 940.00, 1
4116, 16585, 11, 0, 17447, 28731, 12146, 12135, 1104.18, 1
4117, 16587, 13, 0, 17450, 31580, 14993, 14980, 1153.31, 1
4118, 16589, 8, 0, 17453, 24864, 8275, 8267, 1034.38, 1
4119, 16590, 1, 0, 17454, 17454, 864, 863, 864.00, 1
4120, 16592, 1, 0, 17456, 17456, 864, 863, 864.00, 1
4121, 16594, 5, 0, 17458, 21408, 4814, 4809, 962.80, 1
4122, 16595, 7, 0, 17460, 23655, 7060, 7053, 1008.57, 1
4123, 16597, 6, 0, 17462, 22524, 5927, 5921, 987.83, 1
4124, 16598, 6, 0, 17464, 22527, 5929, 5923, 988.17, 1
4125, 16600, 7, 0, 17466, 23666, 7066, 7059, 1009.43, 1
4126, 16604, 1, 0, 17471, 17471, 867, 866, 867.00, 1
4127, 16606, 6, 0, 17473, 22539, 5933, 5927, 988.83, 1
4128, 16614, 10, 0, 17479, 27443, 10829, 10819, 1082.90, 1
4129, 16621, 12, 0, 17486, 30206, 13585, 13573, 1132.08, 1
4130, 16622, 3, 0, 17488, 19397, 2775, 2772, 925.00, 1
4131, 16626, 24, 0, 17493, 46988, 30362, 30338, 1265.08, 1
4132, 16627, 1, 0, 17495, 17495, 868, 867, 868.00, 1
4133, 16629, 1, 0, 17498, 17498, 869, 868, 869.00, 1
4134, 16635, 4, 0, 17502, 20423, 3788, 3784, 947.00, 1
4135, 16639, 7, 0, 17506, 23743, 7104, 7097, 1014.86, 1
4136, 16644, 1, 0, 17512, 17512, 868, 867, 868.00, 1
4137, 16649, 1, 0, 17515, 17515, 866, 865, 866.00, 1
4138, 16650, 9, 0, 17517, 26233, 9583, 9574, 1064.78, 1
4139, 16652, 4, 0, 17520, 20450, 3798, 3794, 949.50, 1
4140, 16654, 3, 0, 17523, 19435, 2781, 2778, 927.00, 1
4141, 16657, 2, 0, 17527, 18462, 1805, 1803, 902.50, 1
4142, 16658, 8, 0, 17529, 25010, 8352, 8344, 1044.00, 1
4143, 16659, 3, 0, 17531, 19450, 2791, 2788, 930.33, 1
4144, 16661, 17, 0, 17533, 38313, 21652, 21635, 1273.65, 1
4145, 16662, 1, 0, 17535, 17535, 873, 872, 873.00, 1
4146, 16668, 3, 0, 17541, 19463, 2795, 2792, 931.67, 1
4147, 16669, 11, 0, 17543, 28931, 12262, 12251, 1114.73, 1
4148, 16673, 2, 0, 17548, 18483, 1810, 1808, 905.00, 1
4149, 16676, 3, 0, 17552, 19469, 2793, 2790, 931.00, 1
4150, 16683, 2, 0, 17559, 18492, 1809, 1807, 904.50, 1
4151, 16695, 3, 0, 17570, 19489, 2794, 2791, 931.33, 1
4152, 16698, 3, 0, 17574, 19491, 2793, 2790, 931.00, 1
4153, 16699, 3, 0, 17576, 19492, 2793, 2790, 931.00, 1
4154, 16700, 5, 0, 17578, 21571, 4871, 4866, 974.20, 1
4155, 16702, 1, 0, 17581, 17581, 879, 878, 879.00, 1
4156, 16706, 4, 0, 17584, 20515, 3809, 3805, 952.25, 1
4157, 16709, 9, 0, 17588, 26326, 9617, 9608, 1068.56, 1
4158, 16710, 3, 0, 17590, 19506, 2796, 2793, 932.00, 1
4159, 16717, 15, 0, 17596, 34960, 18243, 18228, 1216.20, 1
4160, 16718, 18, 0, 17598, 40194, 23476, 23458, 1304.22, 1
4161, 16720, 4, 0, 17601, 20528, 3808, 3804, 952.00, 1
4162, 16723, 5, 0, 17604, 21598, 4875, 4870, 975.00, 1
4163, 16725, 1, 0, 17607, 17607, 882, 881, 882.00, 1
4164, 16727, 1, 0, 17609, 17609, 882, 881, 882.00, 1
4165, 16731, 4, 0, 17613, 20536, 3805, 3801, 951.25, 1
4166, 16740, 5, 0, 17621, 21611, 4871, 4866, 974.20, 1
4167, 16752, 2, 0, 17632, 18558, 1806, 1804, 903.00, 1
4168, 16755, 9, 0, 17636, 26372, 9617, 9608, 1068.56, 1
4169, 16762, 5, 0, 17644, 21638, 4876, 4871, 975.20, 1
4170, 16771, 5, 0, 17653, 21643, 4872, 4867, 974.40, 1
4171, 16773, 1, 0, 17655, 17655, 882, 881, 882.00, 1
4172, 16776, 4, 0, 17656, 20582, 3806, 3802, 951.50, 1
4173, 16778, 4, 0, 17659, 20588, 3810, 3806, 952.50, 1
4174, 16780, 12, 0, 17661, 30439, 13659, 13647, 1138.25, 1
4175, 16786, 1, 0, 17665, 17665, 879, 878, 879.00, 1
4176, 16789, 1, 0, 17669, 17669, 880, 879, 880.00, 1
4177, 16790, 1, 0, 17671, 17671, 881, 880, 881.00, 1
4178, 16794, 7, 0, 17676, 23918, 7124, 7117, 1017.71, 1
4179, 16806, 3, 0, 17688, 19602, 2796, 2793, 932.00, 1
4180, 16807, 1, 0, 17690, 17690, 883, 882, 883.00, 1
4181, 16808, 3, 0, 17692, 19604, 2796, 2793, 932.00, 1
4182, 16817, 1, 0, 17700, 17700, 883, 882, 883.00, 1
4183, 16819, 6, 0, 17703, 22793, 5974, 5968, 995.67, 1
4184, 16821, 13, 0, 17705, 31956, 15135, 15122, 1164.23, 1
4185, 16825, 7, 0, 17710, 23942, 7117, 7110, 1016.71, 1
4186, 16830, 3, 0, 17715, 19629, 2799, 2796, 933.00, 1
4187, 16833, 2, 0, 17718, 18647, 1814, 1812, 907.00, 1
4188, 16835, 5, 0, 17720, 21705, 4870, 4865, 974.00, 1
4189, 16839, 14, 0, 17725, 33503, 16664, 16650, 1190.29, 1
4190, 16842, 2, 0, 17728, 18661, 1819, 1817, 909.50, 1
4191, 16848, 3, 0, 17733, 19648, 2800, 2797, 933.33, 1
4192, 16849, 4, 0, 17735, 20660, 3811, 3807, 952.75, 1
4193, 16850, 1, 0, 17736, 17736, 886, 885, 886.00, 1
4194, 16854, 2, 0, 17740, 18674, 1820, 1818, 910.00, 1
4195, 16864, 1, 0, 17749, 17749, 885, 884, 885.00, 1
4196, 16870, 4, 0, 17754, 20683, 3813, 3809, 953.25, 1
4197, 16876, 1, 0, 17760, 17760, 884, 883, 884.00, 1
4198, 16879, 1, 0, 17764, 17764, 885, 884, 885.00, 1
4199, 16883, 5, 0, 17769, 21760, 4877, 4872, 975.40, 1
4200, 16888, 1, 0, 17774, 17774, 886, 885, 886.00, 1
4201, 16889, 6, 0, 17776, 22871, 5982, 5976, 997.00, 1
4202, 16893, 1, 0, 17780, 17780, 887, 886, 887.00, 1
4203, 16895, 8, 0, 17783, 25253, 8358, 8350, 1044.75, 1
4204, 16905, 1, 0, 17792, 17792, 887, 886, 887.00, 1
4205, 16907, 11, 0, 17795, 29188, 12281, 12270, 1116.45, 1
4206, 16908, 1, 0, 17796, 17796, 888, 887, 888.00, 1
4207, 16909, 3, 0, 17798, 19715, 2806, 2803, 935.33, 1
4208, 16910, 2, 0, 17799, 18734, 1824, 1822, 912.00, 1
4209, 16917, 8, 0, 17806, 25283, 8366, 8358, 1045.75, 1
4210, 16918, 1, 0, 17807, 17807, 889, 888, 889.00, 1
4211, 16924, 10, 0, 17813, 27864, 10940, 10930, 1094.00, 1
4212, 16932, 3, 0, 17821, 19745, 2813, 2810, 937.67, 1
4213, 16935, 4, 0, 17825, 20768, 3833, 3829, 958.25, 1
4214, 16944, 4, 0, 17832, 20778, 3834, 3830, 958.50, 1
4215, 16947, 4, 0, 17836, 20783, 3836, 3832, 959.00, 1
4216, 16949, 9, 0, 17838, 26603, 9654, 9645, 1072.67, 1
4217, 16950, 15, 0, 17840, 35301, 18351, 18336, 1223.40, 1
4218, 16963, 4, 0, 17852, 20807, 3844, 3840, 961.00, 1
4219, 16964, 1, 0, 17854, 17854, 890, 889, 890.00, 1
4220, 16972, 5, 0, 17859, 21885, 4913, 4908, 982.60, 1
4221, 16978, 2, 0, 17863, 18806, 1828, 1826, 914.00, 1
4222, 16985, 2, 0, 17869, 18812, 1827, 1825, 913.50, 1
4223, 16988, 6, 0, 17873, 22990, 6002, 5996, 1000.33, 1
4224, 16993, 4, 0, 17878, 20832, 3839, 3835, 959.75, 1
4225, 16995, 7, 0, 17881, 24166, 7171, 7164, 1024.43, 1
4226, 17001, 2, 0, 17886, 18828, 1827, 1825, 913.50, 1
4227, 17003, 4, 0, 17889, 20845, 3842, 3838, 960.50, 1
4228, 17007, 2, 0, 17893, 18835, 1828, 1826, 914.00, 1
4229, 17011, 9, 0, 17897, 26682, 9671, 9662, 1074.56, 1
4230, 17013, 4, 0, 17900, 20859, 3846, 3842, 961.50, 1
4231, 17014, 2, 0, 17902, 18845, 1831, 1829, 915.50, 1
4232, 17015, 2, 0, 17903, 18846, 1831, 1829, 915.50, 1
4233, 17016, 1, 0, 17905, 17905, 889, 888, 889.00, 1
4234, 17017, 12, 0, 17907, 30788, 13771, 13759, 1147.58, 1
4235, 17019, 4, 0, 17910, 20869, 3850, 3846, 962.50, 1
4236, 17022, 4, 0, 17914, 20874, 3852, 3848, 963.00, 1
4237, 17024, 11, 0, 17917, 29397, 12373, 12362, 1124.82, 1
4238, 17031, 1, 0, 17924, 17924, 893, 892, 893.00, 1
4239, 17032, 1, 0, 17926, 17926, 894, 893, 894.00, 1
4240, 17033, 8, 0, 17928, 25451, 8418, 8410, 1052.25, 1
4241, 17034, 10, 0, 17930, 28045, 11011, 11001, 1101.10, 1
4242, 17048, 1, 0, 17941, 17941, 893, 892, 893.00, 1
4243, 17049, 2, 0, 17943, 18894, 1845, 1843, 922.50, 1
4244, 17056, 9, 0, 17950, 26740, 9684, 9675, 1076.00, 1
4245, 17060, 6, 0, 17954, 23085, 6025, 6019, 1004.17, 1
4246, 17063, 2, 0, 17958, 18908, 1845, 1843, 922.50, 1
4247, 17064, 1, 0, 17959, 17959, 895, 894, 895.00, 1
4248, 17067, 4, 0, 17961, 20926, 3859, 3855, 964.75, 1
4249, 17068, 4, 0, 17962, 20927, 3859, 3855, 964.75, 1
4250, 17073, 5, 0, 17967, 21994, 4921, 4916, 984.20, 1
4251, 17074, 2, 0, 17969, 18921, 1847, 1845, 923.50, 1
4252, 17076, 2, 0, 17972, 18925, 1849, 1847, 924.50, 1
4253, 17082, 6, 0, 17979, 23110, 6028, 6022, 1004.67, 1
4254, 17086, 3, 0, 17984, 19922, 2836, 2833, 945.33, 1
4255, 17091, 4, 0, 17988, 20957, 3866, 3862, 966.50, 1
4256, 17093, 13, 0, 17991, 32386, 15293, 15280, 1176.38, 1
4257, 17095, 1, 0, 17993, 17993, 898, 897, 898.00, 1
4258, 17098, 6, 0, 17997, 23132, 6034, 6028, 1005.67, 1
4259, 17104, 9, 0, 18001, 26797, 9693, 9684, 1077.00, 1
4260, 17111, 4, 0, 18009, 20982, 3871, 3867, 967.75, 1
4261, 17113, 7, 0, 18012, 24314, 7201, 7194, 1028.71, 1
4262, 17122, 22, 0, 18020, 46007, 28885, 28863, 1312.95, 1
4263, 17124, 5, 0, 18022, 22055, 4931, 4926, 986.20, 1
4264, 17125, 2, 0, 18024, 18976, 1851, 1849, 925.50, 1
4265, 17126, 6, 0, 18026, 23166, 6040, 6034, 1006.67, 1
4266, 17127, 7, 0, 18028, 24334, 7207, 7200, 1029.57, 1
4267, 17132, 7, 0, 18030, 24335, 7203, 7196, 1029.00, 1
4268, 17135, 2, 0, 18033, 18985, 1850, 1848, 925.00, 1
4269, 17138, 3, 0, 18036, 19971, 2833, 2830, 944.33, 1
4270, 17140, 1, 0, 18038, 18038, 898, 897, 898.00, 1
4271, 17141, 3, 0, 18040, 19976, 2835, 2832, 945.00, 1
4272, 17143, 1, 0, 18042, 18042, 899, 898, 899.00, 1
4273, 17144, 8, 0, 18044, 25583, 8439, 8431, 1054.88, 1
4274, 17149, 19, 0, 18049, 42728, 25579, 25560, 1346.26, 1
4275, 17162, 21, 0, 18059, 45186, 28024, 28003, 1334.48, 1
4276, 17163, 10, 0, 18061, 28208, 11045, 11035, 1104.50, 1
4277, 17164, 9, 0, 18063, 26893, 9729, 9720, 1081.00, 1
4278, 17173, 7, 0, 18071, 24411, 7238, 7231, 1034.00, 1
4279, 17175, 1, 0, 18073, 18073, 898, 897, 898.00, 1
4280, 17178, 5, 0, 18076, 22125, 4947, 4942, 989.40, 1
4281, 17182, 10, 0, 18081, 28243, 11061, 11051, 1106.10, 1
4282, 17183, 5, 0, 18082, 22133, 4950, 4945, 990.00, 1
4283, 17186, 5, 0, 18086, 22146, 4960, 4955, 992.00, 1
4284, 17200, 6, 0, 18097, 23271, 6071, 6065, 1011.83, 1
4285, 17203, 12, 0, 18100, 31085, 13882, 13870, 1156.83, 1
4286, 17205, 2, 0, 18103, 19060, 1855, 1853, 927.50, 1
4287, 17206, 4, 0, 18104, 21090, 3884, 3880, 971.00, 1
4288, 17207, 2, 0, 18106, 19063, 1856, 1854, 928.00, 1
4289, 17211, 5, 0, 18110, 22170, 4959, 4954, 991.80, 1
4290, 17213, 4, 0, 18113, 21096, 3883, 3879, 970.75, 1
4291, 17221, 1, 0, 18122, 18122, 901, 900, 901.00, 1
4292, 17222, 10, 0, 18123, 28331, 11109, 11099, 1110.90, 1
4293, 17224, 7, 0, 18126, 24507, 7283, 7276, 1040.43, 1
4294, 17233, 1, 0, 18133, 18133, 900, 899, 900.00, 1
4295, 17239, 3, 0, 18137, 20082, 2843, 2840, 947.67, 1
4296, 17242, 3, 0, 18141, 20084, 2842, 2839, 947.33, 1
4297, 17244, 10, 0, 18144, 28368, 11124, 11114, 1112.40, 1
4298, 17248, 2, 0, 18149, 19108, 1860, 1858, 930.00, 1
4299, 17256, 5, 0, 18157, 22232, 4976, 4971, 995.20, 1
4300, 17260, 3, 0, 18161, 20115, 2855, 2852, 951.67, 1
4301, 17262, 9, 0, 18164, 27073, 9811, 9802, 1090.11, 1
4302, 17270, 8, 0, 18172, 25818, 8548, 8540, 1068.50, 1
4303, 17271, 6, 0, 18174, 23376, 6105, 6099, 1017.50, 1
4304, 17275, 3, 0, 18178, 20135, 2860, 2857, 953.33, 1
4305, 17278, 2, 0, 18182, 19143, 1865, 1863, 932.50, 1
4306, 17279, 5, 0, 18184, 22270, 4991, 4986, 998.20, 1
4307, 17285, 14, 0, 18190, 34292, 17007, 16993, 1214.79, 1
4308, 17286, 7, 0, 18192, 24587, 7301, 7294, 1043.00, 1
4309, 17288, 4, 0, 18195, 21196, 3908, 3904, 977.00, 1
4310, 17289, 1, 0, 18196, 18196, 907, 906, 907.00, 1
4311, 17296, 2, 0, 18204, 19164, 1868, 1866, 934.00, 1
4312, 17299, 5, 0, 18207, 22301, 5002, 4997, 1000.40, 1
4313, 17301, 14, 0, 18210, 34334, 17033, 17019, 1216.64, 1
4314, 17303, 3, 0, 18213, 20171, 2868, 2865, 956.00, 1
4315, 17312, 1, 0, 18220, 18220, 908, 907, 908.00, 1
4316, 17316, 1, 0, 18225, 18225, 909, 908, 909.00, 1
4317, 17318, 13, 0, 18228, 32797, 15479, 15466, 1190.69, 1
4318, 17319, 5, 0, 18230, 22325, 5006, 5001, 1001.20, 1
4319, 17323, 5, 0, 18235, 22328, 5005, 5000, 1001.00, 1
4320, 17325, 8, 0, 18238, 25891, 8566, 8558, 1070.75, 1
4321, 17329, 3, 0, 18242, 20199, 2870, 2867, 956.67, 1
4322, 17332, 2, 0, 18246, 19208, 1876, 1874, 938.00, 1
4323, 17333, 1, 0, 18248, 18248, 915, 914, 915.00, 1
4324, 17337, 2, 0, 18253, 19215, 1878, 1876, 939.00, 1
4325, 17344, 1, 0, 18261, 18261, 917, 916, 917.00, 1
4326, 17355, 2, 0, 18271, 19228, 1873, 1871, 936.50, 1
4327, 17361, 13, 0, 18278, 32898, 15537, 15524, 1195.15, 1
4328, 17363, 32, 0, 18281, 49166, 31803, 31771, 993.84, 1
4329, 17365, 2, 0, 18284, 19242, 1877, 1875, 938.50, 1
4330, 17367, 1, 0, 18287, 18287, 920, 919, 920.00, 1
4331, 17372, 8, 0, 18293, 25983, 8611, 8603, 1076.38, 1
4332, 17374, 5, 0, 18296, 22406, 5032, 5027, 1006.40, 1
4333, 17376, 5, 0, 18299, 22412, 5036, 5031, 1007.20, 1
4334, 17377, 5, 0, 18301, 22415, 5038, 5033, 1007.60, 1
4335, 17380, 10, 0, 18304, 28639, 11259, 11249, 1125.90, 1
4336, 17388, 3, 0, 18312, 20276, 2888, 2885, 962.67, 1
4337, 17393, 2, 0, 18316, 19278, 1885, 1883, 942.50, 1
4338, 17396, 9, 0, 18319, 27307, 9911, 9902, 1101.22, 1
4339, 17398, 4, 0, 18322, 21332, 3934, 3930, 983.50, 1
4340, 17401, 1, 0, 18325, 18325, 924, 923, 924.00, 1
4341, 17404, 16, 0, 18329, 37949, 20545, 20529, 1284.06, 1
4342, 17408, 9, 0, 18334, 27330, 9922, 9913, 1102.44, 1
4343, 17421, 7, 0, 18344, 24802, 7381, 7374, 1054.43, 1
4344, 17423, 3, 0, 18345, 20313, 2890, 2887, 963.33, 1
4345, 17425, 2, 0, 18348, 19316, 1891, 1889, 945.50, 1
4346, 17430, 5, 0, 18354, 22478, 5048, 5043, 1009.60, 1
4347, 17437, 7, 0, 18360, 24828, 7391, 7384, 1055.86, 1
4348, 17438, 10, 0, 18362, 28719, 11281, 11271, 1128.10, 1
4349, 17440, 7, 0, 18365, 24836, 7396, 7389, 1056.57, 1
4350, 17445, 3, 0, 18371, 20343, 2898, 2895, 966.00, 1
4351, 17447, 4, 0, 18374, 21394, 3947, 3943, 986.75, 1
4352, 17448, 5, 0, 18376, 22503, 5055, 5050, 1011.00, 1
4353, 17455, 6, 0, 18383, 23651, 6196, 6190, 1032.67, 1
4354, 17462, 4, 0, 18387, 21412, 3950, 3946, 987.50, 1
4355, 17463, 2, 0, 18389, 19361, 1898, 1896, 949.00, 1
4356, 17469, 2, 0, 18396, 19368, 1899, 1897, 949.50, 1
4357, 17470, 17, 0, 18398, 39927, 22457, 22440, 1321.00, 1
4358, 17477, 3, 0, 18405, 20386, 2909, 2906, 969.67, 1
4359, 17478, 5, 0, 18407, 22551, 5073, 5068, 1014.60, 1
4360, 17484, 2, 0, 18413, 19390, 1906, 1904, 953.00, 1
4361, 17486, 2, 0, 18416, 19394, 1908, 1906, 954.00, 1
4362, 17491, 17, 0, 18421, 39981, 22490, 22473, 1322.94, 1
4363, 17497, 6, 0, 18427, 23719, 6222, 6216, 1037.00, 1
4364, 17505, 7, 0, 18435, 24952, 7447, 7440, 1063.86, 1
4365, 17506, 1, 0, 18437, 18437, 931, 930, 931.00, 1
4366, 17510, 1, 0, 18442, 18442, 932, 931, 932.00, 1
4367, 17515, 10, 0, 18447, 28879, 11364, 11354, 1136.40, 1
4368, 17519, 4, 0, 18451, 21509, 3990, 3986, 997.50, 1
4369, 17524, 4, 0, 18456, 21515, 3991, 3987, 997.75, 1
4370, 17525, 9, 0, 18458, 27537, 10012, 10003, 1112.44, 1
4371, 17527, 13, 0, 18461, 33314, 15787, 15774, 1214.38, 1
4372, 17531, 13, 0, 18465, 33316, 15785, 15772, 1214.23, 1
4373, 17534, 1, 0, 18469, 18469, 935, 934, 935.00, 1
4374, 17536, 5, 0, 18471, 22654, 5118, 5113, 1023.60, 1
4375, 17537, 5, 0, 18473, 22656, 5119, 5114, 1023.80, 1
4376, 17538, 2, 0, 18474, 19459, 1921, 1919, 960.50, 1
4377, 17543, 10, 0, 18479, 28927, 11384, 11374, 1138.40, 1
4378, 17558, 2, 0, 18490, 19475, 1917, 1915, 958.50, 1
4379, 17564, 1, 0, 18497, 18497, 933, 932, 933.00, 1
4380, 17570, 4, 0, 18503, 21568, 3998, 3994, 999.50, 1
4381, 17571, 1, 0, 18505, 18505, 934, 933, 934.00, 1
4382, 17583, 1, 0, 18513, 18513, 930, 929, 930.00, 1
4383, 17587, 1, 0, 18518, 18518, 931, 930, 931.00, 1
4384, 17594, 1, 0, 18526, 18526, 932, 931, 932.00, 1
4385, 17603, 1, 0, 18532, 18532, 929, 928, 929.00, 1
4386, 17620, 2, 0, 18546, 19530, 1910, 1908, 955.00, 1
4387, 17626, 4, 0, 18552, 21617, 3991, 3987, 997.75, 1
4388, 17634, 1, 0, 18560, 18560, 926, 925, 926.00, 1
4389, 17649, 2, 0, 18573, 19558, 1909, 1907, 954.50, 1
4390, 17650, 10, 0, 18575, 29025, 11375, 11365, 1137.50, 1
4391, 17654, 7, 0, 18578, 25112, 7458, 7451, 1065.43, 1
4392, 17655, 6, 0, 18580, 23890, 6235, 6229, 1039.17, 1
4393, 17656, 3, 0, 18581, 20581, 2925, 2922, 975.00, 1
4394, 17658, 4, 0, 18584, 21649, 3991, 3987, 997.75, 1
4395, 17659, 10, 0, 18585, 29038, 11379, 11369, 1137.90, 1
4396, 17661, 1, 0, 18588, 18588, 927, 926, 927.00, 1
4397, 17666, 5, 0, 18593, 22759, 5093, 5088, 1018.60, 1
4398, 17672, 4, 0, 18597, 21663, 3991, 3987, 997.75, 1
4399, 17673, 2, 0, 18599, 19588, 1915, 1913, 957.50, 1
4400, 17676, 22, 0, 18603, 46485, 28809, 28787, 1309.50, 1
4401, 17678, 2, 0, 18606, 19594, 1916, 1914, 958.00, 1
4402, 17684, 1, 0, 18610, 18610, 926, 925, 926.00, 1
4403, 17691, 5, 0, 18617, 22779, 5088, 5083, 1017.60, 1
4404, 17692, 1, 0, 18618, 18618, 926, 925, 926.00, 1
4405, 17703, 1, 0, 18628, 18628, 925, 924, 925.00, 1
4406, 17706, 4, 0, 18632, 21693, 3987, 3983, 996.75, 1
4407, 17711, 1, 0, 18638, 18638, 927, 926, 927.00, 1
4408, 17713, 1, 0, 18641, 18641, 928, 927, 928.00, 1
4409, 17716, 5, 0, 18644, 22804, 5088, 5083, 1017.60, 1
4410, 17719, 9, 0, 18648, 27726, 10007, 9998, 1111.89, 1
4411, 17720, 3, 0, 18650, 20641, 2921, 2918, 973.67, 1
4412, 17721, 4, 0, 18652, 21707, 3986, 3982, 996.50, 1
4413, 17724, 3, 0, 18656, 20648, 2924, 2921, 974.67, 1
4414, 17725, 8, 0, 18658, 26443, 8718, 8710, 1089.75, 1
4415, 17731, 2, 0, 18663, 19646, 1915, 1913, 957.50, 1
4416, 17737, 1, 0, 18669, 18669, 932, 931, 932.00, 1
4417, 17739, 9, 0, 18672, 27754, 10015, 10006, 1112.78, 1
4418, 17741, 9, 0, 18675, 27756, 10015, 10006, 1112.78, 1
4419, 17742, 3, 0, 18677, 20666, 2924, 2921, 974.67, 1
4420, 17746, 4, 0, 18682, 21735, 3989, 3985, 997.25, 1
4421, 17750, 1, 0, 18685, 18685, 935, 934, 935.00, 1
4422, 17760, 4, 0, 18696, 21753, 3993, 3989, 998.25, 1
4423, 17762, 1, 0, 18698, 18698, 936, 935, 936.00, 1
4424, 17772, 1, 0, 18708, 18708, 936, 935, 936.00, 1
4425, 17774, 11, 0, 18711, 30582, 12808, 12797, 1164.36, 1
4426, 17775, 9, 0, 18712, 27811, 10036, 10027, 1115.11, 1
4427, 17776, 12, 0, 18713, 32068, 14292, 14280, 1191.00, 1
4428, 17779, 2, 0, 18717, 19698, 1919, 1917, 959.50, 1
4429, 17781, 1, 0, 18719, 18719, 938, 937, 938.00, 1
4430, 17795, 4, 0, 18728, 21786, 3991, 3987, 997.75, 1
4431, 17797, 3, 0, 18730, 20728, 2931, 2928, 977.00, 1
4432, 17799, 4, 0, 18733, 21791, 3992, 3988, 998.00, 1
4433, 17801, 4, 0, 18736, 21795, 3994, 3990, 998.50, 1
4434, 17808, 4, 0, 18742, 21803, 3995, 3991, 998.75, 1
4435, 17811, 4, 0, 18746, 21808, 3997, 3993, 999.25, 1
4436, 17821, 12, 0, 18756, 32135, 14314, 14302, 1192.83, 1
4437, 17822, 1, 0, 18758, 18758, 936, 935, 936.00, 1
4438, 17825, 9, 0, 18761, 27886, 10061, 10052, 1117.89, 1
4439, 17826, 9, 0, 18763, 27887, 10061, 10052, 1117.89, 1
4440, 17828, 5, 0, 18766, 22936, 5108, 5103, 1021.60, 1
4441, 17834, 10, 0, 18773, 29269, 11435, 11425, 1143.50, 1
4442, 17837, 1, 0, 18777, 18777, 940, 939, 940.00, 1
4443, 17844, 6, 0, 18785, 24117, 6273, 6267, 1045.50, 1
4444, 17845, 4, 0, 18787, 21865, 4020, 4016, 1005.00, 1
4445, 17848, 3, 0, 18791, 20801, 2953, 2950, 984.33, 1
4446, 17851, 10, 0, 18795, 29300, 11449, 11439, 1144.90, 1
4447, 17857, 2, 0, 18800, 19790, 1933, 1931, 966.50, 1
4448, 17859, 5, 0, 18803, 22982, 5123, 5118, 1024.60, 1
4449, 17873, 2, 0, 18815, 19803, 1930, 1928, 965.00, 1
4450, 17877, 34, 0, 18820, 49326, 31449, 31415, 924.97, 1
4451, 17889, 3, 0, 18831, 20844, 2955, 2952, 985.00, 1
4452, 17898, 3, 0, 18840, 20854, 2956, 2953, 985.33, 1
4453, 17904, 1, 0, 18847, 18847, 943, 942, 943.00, 1
4454, 17907, 4, 0, 18849, 21923, 4016, 4012, 1004.00, 1
4455, 17908, 1, 0, 18851, 18851, 943, 942, 943.00, 1
4456, 17909, 2, 0, 18853, 19843, 1934, 1932, 967.00, 1
4457, 17910, 10, 0, 18855, 29383, 11473, 11463, 1147.30, 1
4458, 17918, 2, 0, 18864, 19855, 1937, 1935, 968.50, 1
4459, 17919, 3, 0, 18866, 20879, 2960, 2957, 986.67, 1
4460, 17924, 5, 0, 18872, 23049, 5125, 5120, 1025.00, 1
4461, 17925, 17, 0, 18873, 40763, 22838, 22821, 1343.41, 1
4462, 17930, 6, 0, 18878, 24224, 6294, 6288, 1049.00, 1
4463, 17933, 4, 0, 18881, 21960, 4027, 4023, 1006.75, 1
4464, 17934, 3, 0, 18883, 20901, 2967, 2964, 989.00, 1
4465, 17936, 11, 0, 18886, 30833, 12897, 12886, 1172.45, 1
4466, 17942, 11, 0, 18892, 30839, 12897, 12886, 1172.45, 1
4467, 17953, 1, 0, 18902, 18902, 949, 948, 949.00, 1
4468, 17954, 6, 0, 18904, 24250, 6296, 6290, 1049.33, 1
4469, 17964, 1, 0, 18913, 18913, 949, 948, 949.00, 1
4470, 17966, 14, 0, 18916, 35523, 17557, 17543, 1254.07, 1
4471, 17968, 1, 0, 18919, 18919, 951, 950, 951.00, 1
4472, 17971, 1, 0, 18923, 18923, 952, 951, 952.00, 1
4473, 17977, 1, 0, 18929, 18929, 952, 951, 952.00, 1
4474, 17983, 7, 0, 18932, 25511, 7528, 7521, 1075.43, 1
4475, 17985, 7, 0, 18935, 25512, 7527, 7520, 1075.29, 1
4476, 17991, 1, 0, 18942, 18942, 951, 950, 951.00, 1
4477, 17999, 3, 0, 18948, 20970, 2971, 2968, 990.33, 1
4478, 18005, 2, 0, 18955, 19942, 1937, 1935, 968.50, 1
4479, 18011, 4, 0, 18962, 22042, 4031, 4027, 1007.75, 1
4480, 18017, 6, 0, 18968, 24319, 6302, 6296, 1050.33, 1
4481, 18023, 1, 0, 18974, 18974, 951, 950, 951.00, 1
4482, 18029, 1, 0, 18981, 18981, 952, 951, 952.00, 1
4483, 18034, 8, 0, 18986, 26831, 8797, 8789, 1099.62, 1
4484, 18039, 2, 0, 18990, 19974, 1935, 1933, 967.50, 1
4485, 18041, 4, 0, 18993, 22069, 4028, 4024, 1007.00, 1
4486, 18045, 3, 0, 18997, 21016, 2971, 2968, 990.33, 1
4487, 18051, 2, 0, 19002, 19989, 1938, 1936, 969.00, 1
4488, 18054, 1, 0, 19006, 19006, 952, 951, 952.00, 1
4489, 18055, 3, 0, 19008, 21031, 2976, 2973, 992.00, 1
4490, 18058, 1, 0, 19012, 19012, 954, 953, 954.00, 1
4491, 18059, 2, 0, 19014, 20000, 1941, 1939, 970.50, 1
4492, 18060, 2, 0, 19016, 20002, 1942, 1940, 971.00, 1
4493, 18066, 4, 0, 19023, 22114, 4048, 4044, 1012.00, 1
4494, 18072, 1, 0, 19029, 19029, 957, 956, 957.00, 1
4495, 18083, 1, 0, 19039, 19039, 956, 955, 956.00, 1
4496, 18088, 1, 0, 19045, 19045, 957, 956, 957.00, 1
4497, 18093, 6, 0, 19050, 24449, 6356, 6350, 1059.33, 1
4498, 18099, 1, 0, 19056, 19056, 957, 956, 957.00, 1
4499, 18102, 8, 0, 19059, 26964, 8862, 8854, 1107.75, 1
4500, 18112, 1, 0, 19068, 19068, 956, 955, 956.00, 1
4501, 18115, 1, 0, 19072, 19072, 957, 956, 957.00, 1
4502, 18118, 6, 0, 19076, 24480, 6362, 6356, 1060.33, 1
4503, 18124, 3, 0, 19081, 21110, 2986, 2983, 995.33, 1
4504, 18126, 7, 0, 19084, 25756, 7630, 7623, 1090.00, 1
4505, 18127, 3, 0, 19086, 21120, 2993, 2990, 997.67, 1
4506, 18129, 14, 0, 19088, 35840, 17711, 17697, 1265.07, 1
4507, 18130, 2, 0, 19089, 20075, 1945, 1943, 972.50, 1
4508, 18131, 6, 0, 19091, 24511, 6380, 6374, 1063.33, 1
4509, 18137, 1, 0, 19095, 19095, 958, 957, 958.00, 1
4510, 18144, 4, 0, 19100, 22210, 4066, 4062, 1016.50, 1
4511, 18146, 10, 0, 19103, 29743, 11597, 11587, 1159.70, 1
4512, 18149, 2, 0, 19107, 20095, 1946, 1944, 973.00, 1
4513, 18151, 3, 0, 19110, 21141, 2990, 2987, 996.67, 1
4514, 18160, 4, 0, 19120, 22238, 4078, 4074, 1019.50, 1
4515, 18164, 1, 0, 19124, 19124, 960, 959, 960.00, 1
4516, 18167, 9, 0, 19127, 28404, 10237, 10228, 1137.44, 1
4517, 18176, 4, 0, 19137, 22262, 4086, 4082, 1021.50, 1
4518, 18180, 1, 0, 19140, 19140, 960, 959, 960.00, 1
4519, 18190, 2, 0, 19150, 20148, 1958, 1956, 979.00, 1
4520, 18193, 8, 0, 19154, 27111, 8918, 8910, 1114.75, 1
4521, 18196, 2, 0, 19157, 20155, 1959, 1957, 979.50, 1
4522, 18205, 13, 0, 19165, 34316, 16111, 16098, 1239.31, 1
4523, 18212, 1, 0, 19173, 19173, 961, 960, 961.00, 1
4524, 18216, 1, 0, 19177, 19177, 961, 960, 961.00, 1
4525, 18219, 2, 0, 19181, 20175, 1956, 1954, 978.00, 1
4526, 18220, 10, 0, 19183, 29847, 11627, 11617, 1162.70, 1
4527, 18224, 4, 0, 19187, 22316, 4092, 4088, 1023.00, 1
4528, 18228, 7, 0, 19191, 25882, 7654, 7647, 1093.43, 1
4529, 18238, 7, 0, 19200, 25889, 7651, 7644, 1093.00, 1
4530, 18241, 4, 0, 19203, 22336, 4095, 4091, 1023.75, 1
4531, 18245, 7, 0, 19207, 25900, 7655, 7648, 1093.57, 1
4532, 18250, 1, 0, 19211, 19211, 961, 960, 961.00, 1
4533, 18251, 9, 0, 19213, 28510, 10259, 10250, 1139.89, 1
4534, 18255, 1, 0, 19217, 19217, 962, 961, 962.00, 1
4535, 18259, 8, 0, 19221, 27188, 8929, 8921, 1116.12, 1
4536, 18277, 9, 0, 19234, 28555, 10278, 10269, 1142.00, 1
4537, 18280, 9, 0, 19237, 28569, 10289, 10280, 1143.22, 1
4538, 18283, 1, 0, 19240, 19240, 957, 956, 957.00, 1
4539, 18285, 16, 0, 19243, 39625, 21340, 21324, 1333.75, 1
4540, 18292, 2, 0, 19250, 20245, 1953, 1951, 976.50, 1
4541, 18295, 3, 0, 19254, 21297, 3002, 2999, 1000.67, 1
4542, 18298, 4, 0, 19258, 22409, 4111, 4107, 1027.75, 1
4543, 18302, 7, 0, 19263, 26012, 7710, 7703, 1101.43, 1
4544, 18304, 4, 0, 19266, 22425, 4121, 4117, 1030.25, 1
4545, 18306, 5, 0, 19269, 23552, 5246, 5241, 1049.20, 1
4546, 18317, 1, 0, 19279, 19279, 962, 961, 962.00, 1
4547, 18320, 7, 0, 19283, 26035, 7715, 7708, 1102.14, 1
4548, 18321, 10, 0, 19285, 30039, 11718, 11708, 1171.80, 1
4549, 18329, 2, 0, 19292, 20294, 1965, 1963, 982.50, 1
4550, 18332, 2, 0, 19296, 20299, 1967, 1965, 983.50, 1
4551, 18340, 1, 0, 19303, 19303, 963, 962, 963.00, 1
4552, 18344, 2, 0, 19308, 20310, 1966, 1964, 983.00, 1
4553, 18345, 4, 0, 19310, 22468, 4123, 4119, 1030.75, 1
4554, 18346, 2, 0, 19312, 20314, 1968, 1966, 984.00, 1
4555, 18348, 4, 0, 19315, 22474, 4126, 4122, 1031.50, 1
4556, 18355, 2, 0, 19321, 20325, 1970, 1968, 985.00, 1
4557, 18356, 3, 0, 19323, 21371, 3015, 3012, 1005.00, 1
4558, 18357, 18, 0, 19325, 43251, 24894, 24876, 1383.00, 1
4559, 18360, 3, 0, 19327, 21377, 3017, 3014, 1005.67, 1
4560, 18361, 5, 0, 19329, 23619, 5258, 5253, 1051.60, 1
4561, 18365, 1, 0, 19332, 19332, 967, 966, 967.00, 1
4562, 18369, 1, 0, 19337, 19337, 968, 967, 968.00, 1
4563, 18378, 1, 0, 19347, 19347, 969, 968, 969.00, 1
4564, 18385, 7, 0, 19354, 26118, 7733, 7726, 1104.71, 1
4565, 18386, 2, 0, 19356, 20358, 1972, 1970, 986.00, 1
4566, 18388, 3, 0, 19359, 21414, 3026, 3023, 1008.67, 1
4567, 18390, 1, 0, 19362, 19362, 972, 971, 972.00, 1
4568, 18397, 5, 0, 19369, 23671, 5274, 5269, 1054.80, 1
4569, 18400, 2, 0, 19373, 20376, 1976, 1974, 988.00, 1
4570, 18402, 4, 0, 19376, 22541, 4139, 4135, 1034.75, 1
4571, 18406, 2, 0, 19381, 20388, 1982, 1980, 991.00, 1
4572, 18409, 1, 0, 19385, 19385, 976, 975, 976.00, 1
4573, 18412, 1, 0, 19388, 19388, 976, 975, 976.00, 1
4574, 18414, 7, 0, 19391, 26165, 7751, 7744, 1107.29, 1
4575, 18415, 5, 0, 19392, 23699, 5284, 5279, 1056.80, 1
4576, 18421, 6, 0, 19399, 24919, 6498, 6492, 1083.00, 1
4577, 18424, 10, 0, 19402, 30226, 11802, 11792, 1180.20, 1
4578, 18432, 21, 0, 19410, 46387, 27955, 27934, 1331.19, 1
4579, 18433, 4, 0, 19412, 22594, 4161, 4157, 1040.25, 1
4580, 18436, 15, 0, 19415, 38231, 19795, 19780, 1319.67, 1
4581, 18438, 3, 0, 19417, 21488, 3050, 3047, 1016.67, 1
4582, 18441, 3, 0, 19420, 21493, 3052, 3049, 1017.33, 1
4583, 18452, 2, 0, 19431, 20448, 1996, 1994, 998.00, 1
4584, 18456, 11, 0, 19436, 31762, 13306, 13295, 1209.64, 1
4585, 18458, 2, 0, 19439, 20457, 1999, 1997, 999.50, 1
4586, 18459, 9, 0, 19441, 28903, 10444, 10435, 1160.44, 1
4587, 18460, 4, 0, 19443, 22639, 4179, 4175, 1044.75, 1
4588, 18463, 1, 0, 19446, 19446, 983, 982, 983.00, 1
4589, 18469, 4, 0, 19453, 22652, 4183, 4179, 1045.75, 1
4590, 18472, 1, 0, 19455, 19455, 983, 982, 983.00, 1
4591, 18473, 5, 0, 19457, 23796, 5323, 5318, 1064.60, 1
4592, 18477, 2, 0, 19461, 20481, 2004, 2002, 1002.00, 1
4593, 18484, 3, 0, 19467, 21551, 3067, 3064, 1022.33, 1
4594, 18486, 3, 0, 19470, 21552, 3066, 3063, 1022.00, 1
4595, 18490, 1, 0, 19474, 19474, 984, 983, 984.00, 1
4596, 18491, 2, 0, 19476, 20492, 2001, 1999, 1000.50, 1
4597, 18497, 3, 0, 19482, 21562, 3065, 3062, 1021.67, 1
4598, 18499, 7, 0, 19484, 26299, 7800, 7793, 1114.29, 1
4599, 18507, 6, 0, 19490, 25040, 6533, 6527, 1088.83, 1
4600, 18510, 5, 0, 19494, 23820, 5310, 5305, 1062.00, 1
4601, 18512, 4, 0, 19497, 22683, 4171, 4167, 1042.75, 1
4602, 18515, 12, 0, 19499, 33353, 14838, 14826, 1236.50, 1
4603, 18526, 9, 0, 19510, 28976, 10450, 10441, 1161.11, 1
4604, 18528, 2, 0, 19512, 20525, 1997, 1995, 998.50, 1
4605, 18535, 1, 0, 19519, 19519, 984, 983, 984.00, 1
4606, 18545, 4, 0, 19528, 22708, 4163, 4159, 1040.75, 1
4607, 18553, 2, 0, 19537, 20550, 1997, 1995, 998.50, 1
4608, 18556, 8, 0, 19540, 27647, 9091, 9083, 1136.38, 1
4609, 18559, 7, 0, 19543, 26363, 7804, 7797, 1114.86, 1
4610, 18560, 4, 0, 19545, 22730, 4170, 4166, 1042.50, 1
4611, 18563, 2, 0, 19548, 20565, 2002, 2000, 1001.00, 1
4612, 18566, 14, 0, 19551, 36679, 18113, 18099, 1293.79, 1
4613, 18577, 1, 0, 19562, 19562, 985, 984, 985.00, 1
4614, 18579, 1, 0, 19565, 19565, 986, 985, 986.00, 1
4615, 18583, 2, 0, 19570, 20583, 2000, 1998, 1000.00, 1
4616, 18586, 3, 0, 19574, 21652, 3066, 3063, 1022.00, 1
4617, 18588, 10, 0, 19577, 30437, 11849, 11839, 1184.90, 1
4618, 18596, 13, 0, 19585, 35059, 16463, 16450, 1266.38, 1
4619, 18601, 2, 0, 19590, 20602, 2001, 1999, 1000.50, 1
4620, 18607, 1, 0, 19595, 19595, 988, 987, 988.00, 1
4621, 18610, 3, 0, 19598, 21671, 3061, 3058, 1020.33, 1
4622, 18622, 2, 0, 19607, 20618, 1996, 1994, 998.00, 1
4623, 18623, 1, 0, 19609, 19609, 986, 985, 986.00, 1
4624, 18626, 2, 0, 19612, 20623, 1997, 1995, 998.50, 1
4625, 18631, 1, 0, 19616, 19616, 985, 984, 985.00, 1
4626, 18636, 4, 0, 19622, 22798, 4162, 4158, 1040.50, 1
4627, 18643, 7, 0, 19628, 26430, 7787, 7780, 1112.43, 1
4628, 18653, 2, 0, 19636, 20645, 1992, 1990, 996.00, 1
4629, 18660, 7, 0, 19643, 26452, 7792, 7785, 1113.14, 1
4630, 18661, 13, 0, 19645, 35100, 16439, 16426, 1264.54, 1
4631, 18666, 3, 0, 19647, 21721, 3055, 3052, 1018.33, 1
4632, 18680, 18, 0, 19659, 43691, 25011, 24993, 1389.50, 1
4633, 18681, 1, 0, 19661, 19661, 980, 979, 980.00, 1
4634, 18686, 1, 0, 19664, 19664, 978, 977, 978.00, 1
4635, 18687, 3, 0, 19665, 21738, 3051, 3048, 1017.00, 1
4636, 18688, 2, 0, 19667, 20677, 1989, 1987, 994.50, 1
4637, 18689, 3, 0, 19669, 21743, 3054, 3051, 1018.00, 1
4638, 18693, 1, 0, 19674, 19674, 981, 980, 981.00, 1
4639, 18694, 8, 0, 19676, 27772, 9078, 9070, 1134.75, 1
4640, 18695, 7, 0, 19678, 26480, 7785, 7778, 1112.14, 1
4641, 18697, 5, 0, 19681, 23997, 5300, 5295, 1060.00, 1
4642, 18698, 6, 0, 19682, 25226, 6528, 6522, 1088.00, 1
4643, 18706, 9, 0, 19688, 29158, 10452, 10443, 1161.33, 1
4644, 18721, 1, 0, 19701, 19701, 980, 979, 980.00, 1
4645, 18724, 6, 0, 19704, 25256, 6532, 6526, 1088.67, 1
4646, 18726, 1, 0, 19707, 19707, 981, 980, 981.00, 1
4647, 18732, 1, 0, 19714, 19714, 982, 981, 982.00, 1
4648, 18733, 6, 0, 19716, 25269, 6536, 6530, 1089.33, 1
4649, 18734, 3, 0, 19718, 21792, 3058, 3055, 1019.33, 1
4650, 18743, 2, 0, 19726, 20742, 1999, 1997, 999.50, 1
4651, 18746, 1, 0, 19729, 19729, 983, 982, 983.00, 1
4652, 18747, 1, 0, 19731, 19731, 984, 983, 984.00, 1
4653, 18748, 11, 0, 19733, 32110, 13362, 13351, 1214.73, 1
4654, 18752, 2, 0, 19738, 20753, 2001, 1999, 1000.50, 1
4655, 18756, 18, 0, 19742, 43803, 25047, 25029, 1391.50, 1
4656, 18757, 7, 0, 19744, 26575, 7818, 7811, 1116.86, 1
4657, 18758, 11, 0, 19746, 32137, 13379, 13368, 1216.27, 1
4658, 18760, 3, 0, 19748, 21834, 3074, 3071, 1024.67, 1
4659, 18765, 1, 0, 19754, 19754, 989, 988, 989.00, 1
4660, 18766, 4, 0, 19756, 22934, 4168, 4164, 1042.00, 1
4661, 18773, 24, 0, 19763, 47995, 29222, 29198, 1217.58, 1
4662, 18778, 6, 0, 19767, 25342, 6564, 6558, 1094.00, 1
4663, 18784, 6, 0, 19772, 25352, 6568, 6562, 1094.67, 1
4664, 18793, 1, 0, 19782, 19782, 989, 988, 989.00, 1
4665, 18798, 10, 0, 19788, 30713, 11915, 11905, 1191.50, 1
4666, 18802, 3, 0, 19792, 21882, 3080, 3077, 1026.67, 1
4667, 18812, 2, 0, 19801, 20823, 2011, 2009, 1005.50, 1
4668, 18816, 1, 0, 19804, 19804, 988, 987, 988.00, 1
4669, 18817, 5, 0, 19806, 24153, 5336, 5331, 1067.20, 1
4670, 18818, 2, 0, 19808, 20827, 2009, 2007, 1004.50, 1
4671, 18829, 4, 0, 19817, 23002, 4173, 4169, 1043.25, 1
4672, 18830, 6, 0, 19819, 25402, 6572, 6566, 1095.33, 1
4673, 18834, 9, 0, 19824, 29355, 10521, 10512, 1169.00, 1
4674, 18838, 2, 0, 19828, 20850, 2012, 2010, 1006.00, 1
4675, 18839, 6, 0, 19830, 25416, 6577, 6571, 1096.17, 1
4676, 18840, 5, 0, 19832, 24183, 5343, 5338, 1068.60, 1
4677, 18842, 5, 0, 19835, 24185, 5343, 5338, 1068.60, 1
4678, 18853, 1, 0, 19842, 19842, 989, 988, 989.00, 1
4679, 18856, 2, 0, 19846, 20867, 2011, 2009, 1005.50, 1
4680, 18857, 3, 0, 19848, 21932, 3075, 3072, 1025.00, 1
4681, 18858, 1, 0, 19850, 19850, 992, 991, 992.00, 1
4682, 18859, 4, 0, 19851, 23037, 4178, 4174, 1044.50, 1
4683, 18865, 1, 0, 19856, 19856, 991, 990, 991.00, 1
4684, 18867, 2, 0, 19859, 20880, 2013, 2011, 1006.50, 1
4685, 18878, 1, 0, 19870, 19870, 992, 991, 992.00, 1
4686, 18881, 1, 0, 19874, 19874, 993, 992, 993.00, 1
4687, 18883, 3, 0, 19877, 21962, 3079, 3076, 1026.33, 1
4688, 18894, 2, 0, 19886, 20909, 2015, 2013, 1007.50, 1
4689, 18895, 2, 0, 19887, 20911, 2016, 2014, 1008.00, 1
4690, 18903, 4, 0, 19893, 23082, 4179, 4175, 1044.75, 1
4691, 18908, 8, 0, 19898, 28072, 9164, 9156, 1145.50, 1
4692, 18915, 2, 0, 19904, 20931, 2016, 2014, 1008.00, 1
4693, 18917, 2, 0, 19907, 20935, 2018, 2016, 1009.00, 1
4694, 18920, 2, 0, 19909, 20937, 2017, 2015, 1008.50, 1
4695, 18921, 3, 0, 19911, 21998, 3077, 3074, 1025.67, 1
4696, 18923, 10, 0, 19913, 30877, 11954, 11944, 1195.40, 1
4697, 18933, 4, 0, 19920, 23112, 4179, 4175, 1044.75, 1
4698, 18940, 7, 0, 19928, 26777, 7837, 7830, 1119.57, 1
4699, 18941, 4, 0, 19929, 23119, 4178, 4174, 1044.50, 1
4700, 18948, 2, 0, 19935, 20969, 2021, 2019, 1010.50, 1
4701, 18950, 8, 0, 19938, 28120, 9170, 9162, 1146.25, 1
4702, 18962, 7, 0, 19949, 26808, 7846, 7839, 1120.86, 1
4703, 18966, 1, 0, 19953, 19953, 987, 986, 987.00, 1
4704, 18968, 1, 0, 19955, 19955, 987, 986, 987.00, 1
4705, 18973, 6, 0, 19960, 25561, 6588, 6582, 1098.00, 1
4706, 18978, 7, 0, 19963, 26829, 7851, 7844, 1121.57, 1
4707, 18982, 2, 0, 19967, 21004, 2022, 2020, 1011.00, 1
4708, 18989, 6, 0, 19972, 25570, 6581, 6575, 1096.83, 1
4709, 18999, 3, 0, 19982, 22075, 3076, 3073, 1025.33, 1
4710, 19000, 21, 0, 19984, 46693, 27693, 27672, 1318.71, 1
4711, 19001, 1, 0, 19986, 19986, 985, 984, 985.00, 1
4712, 19002, 5, 0, 19988, 24357, 5355, 5350, 1071.00, 1
4713, 19004, 3, 0, 19991, 22087, 3083, 3080, 1027.67, 1
4714, 19008, 3, 0, 19994, 22091, 3083, 3080, 1027.67, 1
4715, 19010, 1, 0, 19996, 19996, 986, 985, 986.00, 1
4716, 19014, 5, 0, 19999, 24383, 5369, 5364, 1073.80, 1
4717, 19018, 8, 0, 20003, 28204, 9186, 9178, 1148.25, 1
4718, 19019, 1, 0, 20005, 20005, 986, 985, 986.00, 1
4719, 19020, 7, 0, 20006, 26890, 7870, 7863, 1124.29, 1
4720, 19022, 10, 0, 20009, 31007, 11985, 11975, 1198.50, 1
4721, 19023, 5, 0, 20011, 24400, 5377, 5372, 1075.40, 1
4722, 19027, 8, 0, 20015, 28224, 9197, 9189, 1149.62, 1
4723, 19031, 2, 0, 20018, 21057, 2026, 2024, 1013.00, 1
4724, 19039, 7, 0, 20025, 26924, 7885, 7878, 1126.43, 1
4725, 19041, 3, 0, 20027, 22138, 3097, 3094, 1032.33, 1
4726, 19042, 1, 0, 20029, 20029, 987, 986, 987.00, 1
4727, 19043, 3, 0, 20031, 22144, 3101, 3098, 1033.67, 1
4728, 19045, 1, 0, 20034, 20034, 989, 988, 989.00, 1
4729, 19048, 7, 0, 20037, 26946, 7898, 7891, 1128.29, 1
4730, 19050, 5, 0, 20040, 24447, 5397, 5392, 1079.40, 1
4731, 19054, 1, 0, 20044, 20044, 990, 989, 990.00, 1
4732, 19075, 7, 0, 20058, 26989, 7914, 7907, 1130.57, 1
4733, 19082, 3, 0, 20066, 22187, 3105, 3102, 1035.00, 1
4734, 19084, 7, 0, 20069, 27023, 7939, 7932, 1134.14, 1
4735, 19085, 2, 0, 20071, 21117, 2032, 2030, 1016.00, 1
4736, 19092, 4, 0, 20078, 23320, 4228, 4224, 1057.00, 1
4737, 19093, 5, 0, 20079, 24514, 5421, 5416, 1084.20, 1
4738, 19099, 1, 0, 20085, 20085, 986, 985, 986.00, 1
4739, 19104, 3, 0, 20091, 22215, 3111, 3108, 1037.00, 1
4740, 19106, 2, 0, 20094, 21137, 2031, 2029, 1015.50, 1
4741, 19108, 6, 0, 20096, 25777, 6669, 6663, 1111.50, 1
4742, 19109, 1, 0, 20097, 20097, 988, 987, 988.00, 1
4743, 19110, 24, 0, 20099, 48096, 28986, 28962, 1207.75, 1
4744, 19112, 9, 0, 20102, 29759, 10647, 10638, 1183.00, 1
4745, 19113, 5, 0, 20104, 24536, 5423, 5418, 1084.60, 1
4746, 19114, 1, 0, 20106, 20106, 992, 991, 992.00, 1
4747, 19119, 4, 0, 20111, 23352, 4233, 4229, 1058.25, 1
4748, 19123, 6, 0, 20116, 25801, 6678, 6672, 1113.00, 1
4749, 19124, 3, 0, 20118, 22243, 3119, 3116, 1039.67, 1
4750, 19126, 8, 0, 20120, 28400, 9274, 9266, 1159.25, 1
4751, 19128, 2, 0, 20123, 21164, 2036, 2034, 1018.00, 1
4752, 19130, 10, 0, 20126, 31216, 12086, 12076, 1208.60, 1
4753, 19138, 2, 0, 20133, 21174, 2036, 2034, 1018.00, 1
4754, 19140, 3, 0, 20136, 22265, 3125, 3122, 1041.67, 1
4755, 19147, 1, 0, 20142, 20142, 995, 994, 995.00, 1
4756, 19148, 3, 0, 20144, 22274, 3126, 3123, 1042.00, 1
4757, 19149, 8, 0, 20146, 28426, 9277, 9269, 1159.62, 1
4758, 19153, 11, 0, 20151, 32741, 13588, 13577, 1235.27, 1
4759, 19166, 1, 0, 20162, 20162, 996, 995, 996.00, 1
4760, 19170, 2, 0, 20167, 21209, 2039, 2037, 1019.50, 1
4761, 19171, 12, 0, 20169, 34333, 15162, 15150, 1263.50, 1
4762, 19182, 9, 0, 20176, 29845, 10663, 10654, 1184.78, 1
4763, 19183, 1, 0, 20177, 20177, 994, 993, 994.00, 1
4764, 19188, 7, 0, 20182, 27142, 7954, 7947, 1136.29, 1
4765, 19196, 4, 0, 20188, 23441, 4245, 4241, 1061.25, 1
4766, 19199, 2, 0, 20191, 21236, 2037, 2035, 1018.50, 1
4767, 19200, 1, 0, 20192, 20192, 992, 991, 992.00, 1
4768, 19202, 15, 0, 20195, 39503, 20301, 20286, 1353.40, 1
4769, 19205, 3, 0, 20198, 22339, 3134, 3131, 1044.67, 1
4770, 19208, 7, 0, 20202, 27164, 7956, 7949, 1136.57, 1
4771, 19215, 4, 0, 20207, 23467, 4252, 4248, 1063.00, 1
4772, 19216, 3, 0, 20208, 22354, 3138, 3135, 1046.00, 1
4773, 19217, 1, 0, 20210, 20210, 993, 992, 993.00, 1
4774, 19221, 2, 0, 20213, 21258, 2037, 2035, 1018.50, 1
4775, 19224, 10, 0, 20217, 31345, 12121, 12111, 1212.10, 1
4776, 19234, 2, 0, 20225, 21271, 2037, 2035, 1018.50, 1
4777, 19235, 2, 0, 20227, 21274, 2039, 2037, 1019.50, 1
4778, 19236, 6, 0, 20229, 25954, 6718, 6712, 1119.67, 1
4779, 19240, 3, 0, 20234, 22386, 3146, 3143, 1048.67, 1
4780, 19242, 9, 0, 20236, 29957, 10715, 10706, 1190.56, 1
4781, 19244, 6, 0, 20238, 25972, 6728, 6722, 1121.33, 1
4782, 19247, 5, 0, 20241, 24716, 5469, 5464, 1093.80, 1
4783, 19248, 5, 0, 20243, 24719, 5471, 5466, 1094.20, 1
4784, 19252, 1, 0, 20247, 20247, 995, 994, 995.00, 1
4785, 19256, 9, 0, 20252, 29989, 10733, 10724, 1192.56, 1
4786, 19257, 2, 0, 20254, 21300, 2043, 2041, 1021.50, 1
4787, 19260, 2, 0, 20257, 21304, 2044, 2042, 1022.00, 1
4788, 19264, 14, 0, 20262, 37906, 18642, 18628, 1331.57, 1
4789, 19265, 1, 0, 20264, 20264, 999, 998, 999.00, 1
4790, 19271, 5, 0, 20270, 24761, 5490, 5485, 1098.00, 1
4791, 19274, 8, 0, 20273, 28651, 9377, 9369, 1172.12, 1
4792, 19275, 2, 0, 20275, 21325, 2050, 2048, 1025.00, 1
4793, 19276, 1, 0, 20277, 20277, 1001, 1000, 1001.00, 1
4794, 19278, 1, 0, 20278, 20278, 1000, 999, 1000.00, 1
4795, 19279, 1, 0, 20279, 20279, 1000, 999, 1000.00, 1
4796, 19284, 4, 0, 20284, 23566, 4282, 4278, 1070.50, 1
4797, 19289, 4, 0, 20289, 23574, 4285, 4281, 1071.25, 1
4798, 19292, 2, 0, 20293, 21338, 2046, 2044, 1023.00, 1
4799, 19295, 9, 0, 20297, 30059, 10764, 10755, 1196.00, 1
4800, 19304, 1, 0, 20306, 20306, 1002, 1001, 1002.00, 1
4801, 19305, 3, 0, 20307, 22463, 3158, 3155, 1052.67, 1
4802, 19306, 1, 0, 20308, 20308, 1002, 1001, 1002.00, 1
4803, 19313, 2, 0, 20315, 21359, 2046, 2044, 1023.00, 1
4804, 19315, 1, 0, 20318, 20318, 1003, 1002, 1003.00, 1
4805, 19319, 2, 0, 20322, 21365, 2046, 2044, 1023.00, 1
4806, 19325, 5, 0, 20329, 24820, 5495, 5490, 1099.00, 1
4807, 19327, 2, 0, 20331, 21375, 2048, 2046, 1024.00, 1
4808, 19334, 7, 0, 20337, 27366, 8032, 8025, 1147.43, 1
4809, 19348, 5, 0, 20350, 24857, 5509, 5504, 1101.80, 1
4810, 19349, 3, 0, 20351, 22509, 3160, 3157, 1053.33, 1
4811, 19351, 3, 0, 20353, 22512, 3161, 3158, 1053.67, 1
4812, 19358, 4, 0, 20360, 23657, 4299, 4295, 1074.75, 1
4813, 19362, 2, 0, 20364, 21416, 2054, 2052, 1027.00, 1
4814, 19363, 8, 0, 20365, 28763, 9400, 9392, 1175.00, 1
4815, 19365, 9, 0, 20368, 30156, 10791, 10782, 1199.00, 1
4816, 19367, 2, 0, 20371, 21423, 2056, 2054, 1028.00, 1
4817, 19375, 4, 0, 20378, 23677, 4302, 4298, 1075.50, 1
4818, 19378, 6, 0, 20382, 26147, 6769, 6763, 1128.17, 1
4819, 19380, 18, 0, 20385, 44614, 25234, 25216, 1401.89, 1
4820, 19381, 1, 0, 20387, 20387, 1006, 1005, 1006.00, 1
4821, 19384, 11, 0, 20391, 33175, 13791, 13780, 1253.73, 1
4822, 19385, 1, 0, 20393, 20393, 1008, 1007, 1008.00, 1
4823, 19387, 7, 0, 20395, 27447, 8060, 8053, 1151.43, 1
4824, 19388, 1, 0, 20397, 20397, 1009, 1008, 1009.00, 1
4825, 19394, 7, 0, 20401, 27452, 8058, 8051, 1151.14, 1
4826, 19397, 2, 0, 20404, 21455, 2058, 2056, 1029.00, 1
4827, 19398, 4, 0, 20405, 23705, 4307, 4303, 1076.75, 1
4828, 19406, 5, 0, 20414, 24934, 5528, 5523, 1105.60, 1
4829, 19407, 7, 0, 20416, 27482, 8075, 8068, 1153.57, 1
4830, 19408, 9, 0, 20418, 30239, 10831, 10822, 1203.44, 1
4831, 19409, 1, 0, 20420, 20420, 1011, 1010, 1011.00, 1
4832, 19412, 3, 0, 20424, 22593, 3181, 3178, 1060.33, 1
4833, 19417, 4, 0, 20430, 23740, 4323, 4319, 1080.75, 1
4834, 19418, 5, 0, 20432, 24958, 5540, 5535, 1108.00, 1
4835, 19419, 3, 0, 20434, 22602, 3183, 3180, 1061.00, 1
4836, 19425, 3, 0, 20439, 22609, 3184, 3181, 1061.33, 1
4837, 19426, 9, 0, 20441, 30266, 10840, 10831, 1204.44, 1
4838, 19430, 2, 0, 20445, 21507, 2077, 2075, 1038.50, 1
4839, 19431, 6, 0, 20447, 26240, 6809, 6803, 1134.83, 1
4840, 19432, 3, 0, 20449, 22623, 3191, 3188, 1063.67, 1
4841, 19439, 4, 0, 20456, 23772, 4333, 4329, 1083.25, 1
4842, 19442, 7, 0, 20460, 27544, 8102, 8095, 1157.43, 1
4843, 19443, 6, 0, 20462, 26268, 6825, 6819, 1137.50, 1
4844, 19444, 2, 0, 20464, 21529, 2085, 2083, 1042.50, 1
4845, 19445, 3, 0, 20466, 22642, 3197, 3194, 1065.67, 1
4846, 19447, 2, 0, 20468, 21533, 2086, 2084, 1043.00, 1
4847, 19452, 1, 0, 20473, 20473, 1021, 1020, 1021.00, 1
4848, 19454, 11, 0, 20476, 33326, 13872, 13861, 1261.09, 1
4849, 19465, 1, 0, 20484, 20484, 1019, 1018, 1019.00, 1
4850, 19477, 2, 0, 20493, 21556, 2079, 2077, 1039.50, 1
4851, 19481, 1, 0, 20497, 20497, 1016, 1015, 1016.00, 1
4852, 19487, 3, 0, 20503, 22672, 3185, 3182, 1061.67, 1
4853, 19494, 4, 0, 20508, 23818, 4324, 4320, 1081.00, 1
4854, 19501, 3, 0, 20516, 22687, 3186, 3183, 1062.00, 1
4855, 19502, 10, 0, 20518, 31824, 12322, 12312, 1232.20, 1
4856, 19526, 5, 0, 20538, 25076, 5550, 5545, 1110.00, 1
4857, 19530, 3, 0, 20542, 22709, 3179, 3176, 1059.67, 1
4858, 19533, 4, 0, 20545, 23856, 4323, 4319, 1080.75, 1
4859, 19538, 4, 0, 20551, 23862, 4324, 4320, 1081.00, 1
4860, 19539, 4, 0, 20553, 23863, 4324, 4320, 1081.00, 1
4861, 19541, 4, 0, 20556, 23866, 4325, 4321, 1081.25, 1
4862, 19543, 4, 0, 20558, 23869, 4326, 4322, 1081.50, 1
4863, 19547, 3, 0, 20563, 22733, 3186, 3183, 1062.00, 1
4864, 19549, 12, 0, 20566, 35008, 15459, 15447, 1288.25, 1
4865, 19553, 1, 0, 20569, 20569, 1016, 1015, 1016.00, 1
4866, 19568, 2, 0, 20580, 21647, 2079, 2077, 1039.50, 1
4867, 19573, 11, 0, 20585, 33456, 13883, 13872, 1262.09, 1
4868, 19579, 1, 0, 20592, 20592, 1013, 1012, 1013.00, 1
4869, 19583, 18, 0, 20596, 44824, 25241, 25223, 1402.28, 1
4870, 19599, 4, 0, 20609, 23922, 4323, 4319, 1080.75, 1
4871, 19604, 2, 0, 20614, 21678, 2074, 2072, 1037.00, 1
4872, 19605, 1, 0, 20615, 20615, 1010, 1009, 1010.00, 1
4873, 19611, 2, 0, 20620, 21684, 2073, 2071, 1036.50, 1
4874, 19612, 1, 0, 20622, 20622, 1010, 1009, 1010.00, 1
4875, 19613, 5, 0, 20624, 25157, 5544, 5539, 1108.80, 1
4876, 19617, 2, 0, 20628, 21691, 2074, 2072, 1037.00, 1
4877, 19633, 5, 0, 20640, 25173, 5540, 5535, 1108.00, 1
4878, 19635, 3, 0, 20643, 22808, 3173, 3170, 1057.67, 1
4879, 19643, 8, 0, 20652, 29101, 9458, 9450, 1182.25, 1
4880, 19644, 1, 0, 20654, 20654, 1010, 1009, 1010.00, 1
4881, 19647, 4, 0, 20657, 23967, 4320, 4316, 1080.00, 1
4882, 19653, 5, 0, 20662, 25203, 5550, 5545, 1110.00, 1
4883, 19657, 2, 0, 20667, 21728, 2071, 2069, 1035.50, 1
4884, 19661, 1, 0, 20670, 20670, 1009, 1008, 1009.00, 1
4885, 19663, 4, 0, 20671, 23982, 4319, 4315, 1079.75, 1
4886, 19664, 2, 0, 20673, 21736, 2072, 2070, 1036.00, 1
4887, 19665, 2, 0, 20674, 21737, 2072, 2070, 1036.00, 1
4888, 19668, 1, 0, 20678, 20678, 1010, 1009, 1010.00, 1
4889, 19669, 1, 0, 20680, 20680, 1011, 1010, 1011.00, 1
4890, 19670, 2, 0, 20682, 21745, 2075, 2073, 1037.50, 1
4891, 19674, 3, 0, 20686, 22844, 3170, 3167, 1056.67, 1
4892, 19676, 1, 0, 20688, 20688, 1012, 1011, 1012.00, 1
4893, 19685, 31, 0, 20697, 49268, 29583, 29552, 954.29, 1
4894, 19686, 27, 0, 20699, 48896, 29210, 29183, 1081.85, 1
4895, 19688, 4, 0, 20701, 24007, 4319, 4315, 1079.75, 1
4896, 19690, 4, 0, 20704, 24011, 4321, 4317, 1080.25, 1
4897, 19693, 9, 0, 20707, 30567, 10874, 10865, 1208.22, 1
4898, 19695, 2, 0, 20710, 21771, 2076, 2074, 1038.00, 1
4899, 19697, 8, 0, 20713, 29179, 9482, 9474, 1185.25, 1
4900, 19703, 1, 0, 20718, 20718, 1015, 1014, 1015.00, 1
4901, 19704, 19, 0, 20719, 45808, 26104, 26085, 1373.89, 1
4902, 19708, 4, 0, 20722, 24031, 4323, 4319, 1080.75, 1
4903, 19709, 1, 0, 20723, 20723, 1014, 1013, 1014.00, 1
4904, 19710, 1, 0, 20725, 20725, 1015, 1014, 1015.00, 1
4905, 19713, 2, 0, 20729, 21789, 2076, 2074, 1038.00, 1
4906, 19719, 8, 0, 20733, 29198, 9479, 9471, 1184.88, 1
4907, 19722, 2, 0, 20737, 21799, 2077, 2075, 1038.50, 1
4908, 19726, 14, 0, 20741, 38656, 18930, 18916, 1352.14, 1
4909, 19733, 29, 0, 20746, 49130, 29397, 29368, 1013.69, 1
4910, 19738, 8, 0, 20752, 29240, 9502, 9494, 1187.75, 1
4911, 19740, 9, 0, 20754, 30643, 10903, 10894, 1211.44, 1
4912, 19742, 9, 0, 20756, 30646, 10904, 10895, 1211.56, 1
4913, 19744, 3, 0, 20759, 22923, 3179, 3176, 1059.67, 1
4914, 19745, 5, 0, 20761, 25320, 5575, 5570, 1115.00, 1
4915, 19749, 2, 0, 20765, 21835, 2086, 2084, 1043.00, 1
4916, 19750, 4, 0, 20766, 24088, 4338, 4334, 1084.50, 1
4917, 19761, 1, 0, 20777, 20777, 1016, 1015, 1016.00, 1
4918, 19763, 4, 0, 20779, 24098, 4335, 4331, 1083.75, 1
4919, 19768, 1, 0, 20785, 20785, 1017, 1016, 1017.00, 1
4920, 19769, 12, 0, 20787, 35298, 15529, 15517, 1294.08, 1
4921, 19775, 4, 0, 20794, 24118, 4343, 4339, 1085.75, 1
4922, 19776, 1, 0, 20795, 20795, 1019, 1018, 1019.00, 1
4923, 19778, 4, 0, 20797, 24121, 4343, 4339, 1085.75, 1
4924, 19779, 4, 0, 20799, 24125, 4346, 4342, 1086.50, 1
4925, 19780, 14, 0, 20800, 38753, 18973, 18959, 1355.21, 1
4926, 19783, 8, 0, 20803, 29297, 9514, 9506, 1189.25, 1
4927, 19791, 8, 0, 20810, 29311, 9520, 9512, 1190.00, 1
4928, 19794, 1, 0, 20813, 20813, 1019, 1018, 1019.00, 1
4929, 19795, 7, 0, 20815, 27952, 8157, 8150, 1165.29, 1
4930, 19796, 7, 0, 20817, 27956, 8160, 8153, 1165.71, 1
4931, 19799, 14, 0, 20820, 38790, 18991, 18977, 1356.50, 1
4932, 19800, 10, 0, 20821, 32206, 12406, 12396, 1240.60, 1
4933, 19801, 9, 0, 20822, 30727, 10926, 10917, 1214.00, 1
4934, 19802, 2, 0, 20824, 21893, 2091, 2089, 1045.50, 1
4935, 19810, 1, 0, 20829, 20829, 1019, 1018, 1019.00, 1
4936, 19811, 5, 0, 20831, 25394, 5583, 5578, 1116.60, 1
4937, 19817, 1, 0, 20838, 20838, 1021, 1020, 1021.00, 1
4938, 19820, 1, 0, 20842, 20842, 1022, 1021, 1022.00, 1
4939, 19821, 13, 0, 20843, 37069, 17248, 17235, 1326.77, 1
4940, 19823, 19, 0, 20846, 45903, 26080, 26061, 1372.63, 1
4941, 19836, 4, 0, 20857, 24186, 4350, 4346, 1087.50, 1
4942, 19841, 4, 0, 20863, 24195, 4354, 4350, 1088.50, 1
4943, 19847, 6, 0, 20868, 26695, 6848, 6842, 1141.33, 1
4944, 19850, 4, 0, 20872, 24204, 4354, 4350, 1088.50, 1
4945, 19856, 3, 0, 20877, 23041, 3185, 3182, 1061.67, 1
4946, 19862, 1, 0, 20883, 20883, 1021, 1020, 1021.00, 1
4947, 19864, 10, 0, 20886, 32313, 12449, 12439, 1244.90, 1
4948, 19871, 3, 0, 20893, 23056, 3185, 3182, 1061.67, 1
4949, 19873, 7, 0, 20896, 28046, 8173, 8166, 1167.57, 1
4950, 19879, 1, 0, 20902, 20902, 1023, 1022, 1023.00, 1
4951, 19887, 3, 0, 20910, 23073, 3186, 3183, 1062.00, 1
4952, 19888, 25, 0, 20912, 48563, 28675, 28650, 1147.00, 1
4953, 19889, 6, 0, 20914, 26736, 6847, 6841, 1141.17, 1
4954, 19893, 9, 0, 20919, 30852, 10959, 10950, 1217.67, 1
4955, 19903, 5, 0, 20929, 25491, 5588, 5583, 1117.60, 1
4956, 19905, 2, 0, 20932, 21991, 2086, 2084, 1043.00, 1
4957, 19910, 4, 0, 20938, 24265, 4355, 4351, 1088.75, 1
4958, 19913, 3, 0, 20942, 23101, 3188, 3185, 1062.67, 1
4959, 19917, 3, 0, 20946, 23107, 3190, 3187, 1063.33, 1
4960, 19919, 2, 0, 20949, 22008, 2089, 2087, 1044.50, 1
4961, 19924, 1, 0, 20954, 20954, 1030, 1029, 1030.00, 1
4962, 19927, 2, 0, 20956, 22014, 2087, 2085, 1043.50, 1
4963, 19929, 2, 0, 20959, 22017, 2088, 2086, 1044.00, 1
4964, 19930, 1, 0, 20961, 20961, 1031, 1030, 1031.00, 1
4965, 19933, 29, 0, 20965, 49146, 29213, 29184, 1007.34, 1
4966, 19934, 5, 0, 20967, 25530, 5596, 5591, 1119.20, 1
4967, 19941, 10, 0, 20975, 32403, 12462, 12452, 1246.20, 1
4968, 19943, 6, 0, 20976, 26800, 6857, 6851, 1142.83, 1
4969, 19944, 8, 0, 20978, 29491, 9547, 9539, 1193.38, 1
4970, 19945, 4, 0, 20980, 24305, 4360, 4356, 1090.00, 1
4971, 19948, 1, 0, 20983, 20983, 1035, 1034, 1035.00, 1
4972, 19950, 16, 0, 20986, 42683, 22733, 22717, 1420.81, 1
4973, 19952, 2, 0, 20989, 22045, 2093, 2091, 1046.50, 1
4974, 19956, 2, 0, 20992, 22046, 2090, 2088, 1045.00, 1
4975, 19967, 2, 0, 21003, 22060, 2093, 2091, 1046.50, 1
4976, 19970, 3, 0, 21007, 23171, 3201, 3198, 1067.00, 1
4977, 19975, 11, 0, 21010, 33995, 14020, 14009, 1274.55, 1
4978, 19979, 5, 0, 21014, 25580, 5601, 5596, 1120.20, 1
4979, 19986, 2, 0, 21022, 22080, 2094, 2092, 1047.00, 1
4980, 19988, 7, 0, 21024, 28180, 8192, 8185, 1170.29, 1
4981, 19990, 15, 0, 21026, 40985, 20995, 20980, 1399.67, 1
4982, 19993, 2, 0, 21029, 22090, 2097, 2095, 1048.50, 1
4983, 19996, 4, 0, 21032, 24370, 4374, 4370, 1093.50, 1
4984, 19999, 4, 0, 21035, 24377, 4378, 4374, 1094.50, 1
4985, 20003, 2, 0, 21038, 22104, 2101, 2099, 1050.50, 1
4986, 20007, 1, 0, 21042, 21042, 1035, 1034, 1035.00, 1
4987, 20009, 2, 0, 21044, 22109, 2100, 2098, 1050.00, 1
4988, 20010, 2, 0, 21046, 22111, 2101, 2099, 1050.50, 1
4989, 20013, 4, 0, 21050, 24402, 4389, 4385, 1097.25, 1
4990, 20014, 10, 0, 21051, 32510, 12496, 12486, 1249.60, 1
4991, 20018, 3, 0, 21056, 23234, 3216, 3213, 1072.00, 1
4992, 20021, 8, 0, 21060, 29604, 9583, 9575, 1197.88, 1
4993, 20026, 10, 0, 21066, 32537, 12511, 12501, 1251.10, 1
4994, 20029, 10, 0, 21070, 32546, 12517, 12507, 1251.70, 1
4995, 20031, 2, 0, 21072, 22143, 2112, 2110, 1056.00, 1
4996, 20036, 6, 0, 21076, 26945, 6909, 6903, 1151.50, 1
4997, 20040, 5, 0, 21081, 25691, 5651, 5646, 1130.20, 1
4998, 20046, 7, 0, 21087, 28280, 8234, 8227, 1176.29, 1
4999, 20050, 2, 0, 21091, 22165, 2115, 2113, 1057.50, 1
5000, 20051, 6, 0, 21093, 26969, 6918, 6912, 1153.00, 1
5001, 20056, 6, 0, 21097, 26980, 6924, 6918, 1154.00, 1
5002, 20058, 9, 0, 21100, 31111, 11053, 11044, 1228.11, 1
5003, 20060, 1, 0, 21103, 21103, 1043, 1042, 1043.00, 1
5004, 20063, 1, 0, 21106, 21106, 1043, 1042, 1043.00, 1
5005, 20065, 4, 0, 21109, 24493, 4428, 4424, 1107.00, 1
5006, 20070, 14, 0, 21114, 39303, 19233, 19219, 1373.79, 1
5007, 20071, 1, 0, 21116, 21116, 1045, 1044, 1045.00, 1
5008, 20073, 4, 0, 21119, 24508, 4435, 4431, 1108.75, 1
5009, 20077, 3, 0, 21122, 23317, 3240, 3237, 1080.00, 1
5010, 20080, 1, 0, 21126, 21126, 1046, 1045, 1046.00, 1
5011, 20083, 2, 0, 21127, 22204, 2121, 2119, 1060.50, 1
5012, 20084, 3, 0, 21129, 23328, 3244, 3241, 1081.33, 1
5013, 20106, 1, 0, 21147, 21147, 1041, 1040, 1041.00, 1
5014, 20112, 4, 0, 21153, 24546, 4434, 4430, 1108.50, 1
5015, 20118, 2, 0, 21157, 22242, 2124, 2122, 1062.00, 1
5016, 20121, 2, 0, 21161, 22247, 2126, 2124, 1063.00, 1
5017, 20122, 4, 0, 21162, 24554, 4432, 4428, 1108.00, 1
5018, 20126, 5, 0, 21167, 25812, 5686, 5681, 1137.20, 1
5019, 20142, 8, 0, 21182, 29786, 9644, 9636, 1205.50, 1
5020, 20145, 5, 0, 21185, 25825, 5680, 5675, 1136.00, 1
5021, 20150, 2, 0, 21190, 22283, 2133, 2131, 1066.50, 1
5022, 20151, 1, 0, 21192, 21192, 1041, 1040, 1041.00, 1
5023, 20158, 4, 0, 21199, 24593, 4435, 4431, 1108.75, 1
5024, 20165, 1, 0, 21206, 21206, 1041, 1040, 1041.00, 1
5025, 20168, 5, 0, 21210, 25860, 5692, 5687, 1138.40, 1
5026, 20172, 8, 0, 21214, 29834, 9662, 9654, 1207.75, 1
5027, 20173, 1, 0, 21216, 21216, 1043, 1042, 1043.00, 1
5028, 20180, 1, 0, 21222, 21222, 1042, 1041, 1042.00, 1
5029, 20184, 1, 0, 21227, 21227, 1043, 1042, 1043.00, 1
5030, 20191, 7, 0, 21235, 28485, 8294, 8287, 1184.86, 1
5031, 20195, 2, 0, 21239, 22333, 2138, 2136, 1069.00, 1
5032, 20199, 2, 0, 21244, 22340, 2141, 2139, 1070.50, 1
5033, 20205, 4, 0, 21250, 24650, 4445, 4441, 1111.25, 1
5034, 20221, 2, 0, 21265, 22365, 2144, 2142, 1072.00, 1
5035, 20224, 3, 0, 21269, 23485, 3261, 3258, 1087.00, 1
5036, 20227, 5, 0, 21273, 25951, 5724, 5719, 1144.80, 1
5037, 20228, 2, 0, 21275, 22376, 2148, 2146, 1074.00, 1
5038, 20229, 6, 0, 21276, 27225, 6996, 6990, 1166.00, 1
5039, 20232, 10, 0, 21280, 32906, 12674, 12664, 1267.40, 1
5040, 20237, 4, 0, 21285, 24703, 4466, 4462, 1116.50, 1
5041, 20238, 13, 0, 21287, 37856, 17618, 17605, 1355.23, 1
5042, 20242, 1, 0, 21292, 21292, 1050, 1049, 1050.00, 1
5043, 20255, 3, 0, 21301, 23530, 3275, 3272, 1091.67, 1
5044, 20260, 5, 0, 21307, 26005, 5745, 5740, 1149.00, 1
5045, 20261, 4, 0, 21309, 24747, 4486, 4482, 1121.50, 1
5046, 20262, 2, 0, 21311, 22419, 2157, 2155, 1078.50, 1
5047, 20274, 10, 0, 21323, 32994, 12720, 12710, 1272.00, 1
5048, 20289, 8, 0, 21334, 30045, 9756, 9748, 1219.50, 1
5049, 20294, 5, 0, 21339, 26046, 5752, 5747, 1150.40, 1
5050, 20296, 24, 0, 21341, 48423, 28127, 28103, 1171.96, 1
5051, 20306, 3, 0, 21351, 23592, 3286, 3283, 1095.33, 1
5052, 20310, 6, 0, 21354, 27335, 7025, 7019, 1170.83, 1
5053, 20311, 9, 0, 21355, 31511, 11200, 11191, 1244.44, 1
5054, 20313, 9, 0, 21358, 31517, 11204, 11195, 1244.89, 1
5055, 20316, 4, 0, 21360, 24807, 4491, 4487, 1122.75, 1
5056, 20317, 9, 0, 21361, 31523, 11206, 11197, 1245.11, 1
5057, 20319, 4, 0, 21362, 24810, 4491, 4487, 1122.75, 1
5058, 20321, 2, 0, 21364, 22475, 2154, 2152, 1077.00, 1
5059, 20323, 7, 0, 21366, 28698, 8375, 8368, 1196.43, 1
5060, 20327, 1, 0, 21370, 21370, 1043, 1042, 1043.00, 1
5061, 20332, 13, 0, 21376, 38002, 17670, 17657, 1359.23, 1
5062, 20333, 4, 0, 21378, 24825, 4492, 4488, 1123.00, 1
5063, 20336, 4, 0, 21382, 24833, 4497, 4493, 1124.25, 1
5064, 20337, 1, 0, 21384, 21384, 1047, 1046, 1047.00, 1
5065, 20340, 4, 0, 21388, 24843, 4503, 4499, 1125.75, 1
5066, 20342, 1, 0, 21390, 21390, 1048, 1047, 1048.00, 1
5067, 20344, 9, 0, 21392, 31559, 11215, 11206, 1246.11, 1
5068, 20349, 3, 0, 21397, 23639, 3290, 3287, 1096.67, 1
5069, 20350, 9, 0, 21399, 31570, 11220, 11211, 1246.67, 1
5070, 20357, 2, 0, 21407, 22518, 2161, 2159, 1080.50, 1
5071, 20359, 5, 0, 21409, 26119, 5760, 5755, 1152.00, 1
5072, 20362, 4, 0, 21413, 24872, 4510, 4506, 1127.50, 1
5073, 20372, 3, 0, 21424, 23670, 3298, 3295, 1099.33, 1
5074, 20378, 1, 0, 21430, 21430, 1052, 1051, 1052.00, 1
5075, 20380, 4, 0, 21433, 24891, 4511, 4507, 1127.75, 1
5076, 20382, 3, 0, 21436, 23680, 3298, 3295, 1099.33, 1
5077, 20387, 2, 0, 21441, 22549, 2162, 2160, 1081.00, 1
5078, 20395, 9, 0, 21447, 31661, 11266, 11257, 1251.78, 1
5079, 20402, 1, 0, 21453, 21453, 1051, 1050, 1051.00, 1
5080, 20406, 2, 0, 21457, 22566, 2160, 2158, 1080.00, 1
5081, 20408, 3, 0, 21460, 23709, 3301, 3298, 1100.33, 1
5082, 20409, 6, 0, 21462, 27463, 7054, 7048, 1175.67, 1
5083, 20410, 4, 0, 21464, 24928, 4518, 4514, 1129.50, 1
5084, 20415, 2, 0, 21470, 22581, 2166, 2164, 1083.00, 1
5085, 20416, 1, 0, 21472, 21472, 1056, 1055, 1056.00, 1
5086, 20417, 4, 0, 21474, 24939, 4522, 4518, 1130.50, 1
5087, 20421, 9, 0, 21478, 31718, 11297, 11288, 1255.22, 1
5088, 20422, 1, 0, 21480, 21480, 1058, 1057, 1058.00, 1
5089, 20426, 1, 0, 21484, 21484, 1058, 1057, 1058.00, 1
5090, 20432, 4, 0, 21489, 24957, 4525, 4521, 1131.25, 1
5091, 20436, 4, 0, 21494, 24960, 4524, 4520, 1131.00, 1
5092, 20439, 3, 0, 21498, 23750, 3311, 3308, 1103.67, 1
5093, 20440, 10, 0, 21500, 33264, 12824, 12814, 1282.40, 1
5094, 20441, 4, 0, 21502, 24968, 4527, 4523, 1131.75, 1
5095, 20446, 2, 0, 21508, 22619, 2173, 2171, 1086.50, 1
5096, 20453, 18, 0, 21513, 45645, 25192, 25174, 1399.56, 1
5097, 20459, 6, 0, 21519, 27539, 7080, 7074, 1180.00, 1
5098, 20460, 18, 0, 21521, 45663, 25203, 25185, 1400.17, 1
5099, 20461, 4, 0, 21523, 24999, 4538, 4534, 1134.50, 1
5100, 20463, 1, 0, 21526, 21526, 1063, 1062, 1063.00, 1
5101, 20464, 1, 0, 21528, 21528, 1064, 1063, 1064.00, 1
5102, 20469, 2, 0, 21534, 22644, 2175, 2173, 1087.50, 1
5103, 20471, 2, 0, 21536, 22648, 2177, 2175, 1088.50, 1
5104, 20472, 1, 0, 21538, 21538, 1066, 1065, 1066.00, 1
5105, 20479, 1, 0, 21544, 21544, 1065, 1064, 1065.00, 1
5106, 20489, 3, 0, 21553, 23802, 3313, 3310, 1104.33, 1
5107, 20494, 6, 0, 21557, 27577, 7083, 7077, 1180.50, 1
5108, 20496, 6, 0, 21560, 27585, 7089, 7083, 1181.50, 1
5109, 20505, 2, 0, 21567, 22674, 2169, 2167, 1084.50, 1
5110, 20506, 4, 0, 21569, 25038, 4532, 4528, 1133.00, 1
5111, 20517, 10, 0, 21580, 33356, 12839, 12829, 1283.90, 1
5112, 20520, 9, 0, 21584, 31839, 11319, 11310, 1257.67, 1
5113, 20521, 9, 0, 21586, 31842, 11321, 11312, 1257.89, 1
5114, 20526, 7, 0, 21591, 28981, 8455, 8448, 1207.86, 1
5115, 20530, 7, 0, 21595, 28988, 8458, 8451, 1208.29, 1
5116, 20531, 1, 0, 21597, 21597, 1066, 1065, 1066.00, 1
5117, 20532, 2, 0, 21599, 22704, 2172, 2170, 1086.00, 1
5118, 20540, 1, 0, 21605, 21605, 1065, 1064, 1065.00, 1
5119, 20542, 1, 0, 21608, 21608, 1066, 1065, 1066.00, 1
5120, 20543, 7, 0, 21610, 28991, 8448, 8441, 1206.86, 1
5121, 20548, 2, 0, 21615, 22715, 2167, 2165, 1083.50, 1
5122, 20559, 3, 0, 21625, 23870, 3311, 3308, 1103.67, 1
5123, 20563, 2, 0, 21629, 22731, 2168, 2166, 1084.00, 1
5124, 20564, 1, 0, 21631, 21631, 1067, 1066, 1067.00, 1
5125, 20567, 7, 0, 21634, 29017, 8450, 8443, 1207.14, 1
5126, 20584, 30, 0, 21648, 49264, 28680, 28650, 956.00, 1
5127, 20596, 9, 0, 21659, 31928, 11332, 11323, 1259.11, 1
5128, 20608, 2, 0, 21670, 22775, 2167, 2165, 1083.50, 1
5129, 20611, 5, 0, 21674, 26415, 5804, 5799, 1160.80, 1
5130, 20614, 2, 0, 21677, 22780, 2166, 2164, 1083.00, 1
5131, 20618, 8, 0, 21681, 30466, 9848, 9840, 1231.00, 1
5132, 20619, 5, 0, 21682, 26422, 5803, 5798, 1160.60, 1
5133, 20624, 1, 0, 21686, 21686, 1062, 1061, 1062.00, 1
5134, 20636, 1, 0, 21699, 21699, 1063, 1062, 1063.00, 1
5135, 20646, 2, 0, 21708, 22810, 2164, 2162, 1082.00, 1
5136, 20653, 6, 0, 21715, 27744, 7091, 7085, 1181.83, 1
5137, 20657, 18, 0, 21719, 45767, 25110, 25092, 1395.00, 1
5138, 20659, 4, 0, 21722, 25198, 4539, 4535, 1134.75, 1
5139, 20668, 4, 0, 21729, 25206, 4538, 4534, 1134.50, 1
5140, 20670, 2, 0, 21732, 22834, 2164, 2162, 1082.00, 1
5141, 20671, 4, 0, 21733, 25210, 4539, 4535, 1134.75, 1
5142, 20677, 2, 0, 21740, 22838, 2161, 2159, 1080.50, 1
5143, 20678, 4, 0, 21741, 25214, 4536, 4532, 1134.00, 1
5144, 20682, 1, 0, 21744, 21744, 1062, 1061, 1062.00, 1
5145, 20696, 6, 0, 21756, 27777, 7081, 7075, 1180.17, 1
5146, 20701, 2, 0, 21761, 22857, 2156, 2154, 1078.00, 1
5147, 20708, 8, 0, 21768, 30573, 9865, 9857, 1233.12, 1
5148, 20717, 1, 0, 21777, 21777, 1060, 1059, 1060.00, 1
5149, 20721, 3, 0, 21781, 24029, 3308, 3305, 1102.67, 1
5150, 20725, 1, 0, 21785, 21785, 1060, 1059, 1060.00, 1
5151, 20729, 13, 0, 21788, 38631, 17902, 17889, 1377.08, 1
5152, 20736, 6, 0, 21796, 27837, 7101, 7095, 1183.50, 1
5153, 20737, 4, 0, 21798, 25281, 4544, 4540, 1136.00, 1
5154, 20738, 3, 0, 21800, 24048, 3310, 3307, 1103.33, 1
5155, 20739, 2, 0, 21801, 22893, 2154, 2152, 1077.00, 1
5156, 20743, 2, 0, 21805, 22898, 2155, 2153, 1077.50, 1
5157, 20744, 3, 0, 21807, 24057, 3313, 3310, 1104.33, 1
5158, 20745, 1, 0, 21809, 21809, 1064, 1063, 1064.00, 1
5159, 20746, 1, 0, 21811, 21811, 1065, 1064, 1065.00, 1
5160, 20747, 1, 0, 21813, 21813, 1066, 1065, 1066.00, 1
5161, 20748, 1, 0, 21815, 21815, 1067, 1066, 1067.00, 1
5162, 20749, 9, 0, 21817, 32117, 11368, 11359, 1263.11, 1
5163, 20752, 5, 0, 21820, 26564, 5812, 5807, 1162.40, 1
5164, 20753, 5, 0, 21822, 26567, 5814, 5809, 1162.80, 1
5165, 20755, 1, 0, 21824, 21824, 1069, 1068, 1069.00, 1
5166, 20758, 7, 0, 21827, 29250, 8492, 8485, 1213.14, 1
5167, 20774, 2, 0, 21843, 22937, 2163, 2161, 1081.50, 1
5168, 20778, 2, 0, 21845, 22939, 2161, 2159, 1080.50, 1
5169, 20780, 4, 0, 21847, 25331, 4551, 4547, 1137.75, 1
5170, 20783, 10, 0, 21851, 33702, 12919, 12909, 1291.90, 1
5171, 20784, 3, 0, 21852, 24108, 3324, 3321, 1108.00, 1
5172, 20791, 1, 0, 21859, 21859, 1068, 1067, 1068.00, 1
5173, 20795, 4, 0, 21864, 25353, 4558, 4554, 1139.50, 1
5174, 20807, 14, 0, 21874, 40602, 19795, 19781, 1413.93, 1
5175, 20808, 11, 0, 21875, 35330, 14522, 14511, 1320.18, 1
5176, 20809, 4, 0, 21877, 25372, 4563, 4559, 1140.75, 1
5177, 20812, 6, 0, 21881, 27951, 7139, 7133, 1189.83, 1
5178, 20817, 7, 0, 21886, 29320, 8503, 8496, 1214.71, 1
5179, 20831, 3, 0, 21898, 24159, 3328, 3325, 1109.33, 1
5180, 20833, 15, 0, 21900, 42468, 21635, 21620, 1442.33, 1
5181, 20841, 1, 0, 21907, 21907, 1066, 1065, 1066.00, 1
5182, 20848, 9, 0, 21912, 32247, 11399, 11390, 1266.56, 1
5183, 20850, 12, 0, 21914, 37086, 16236, 16224, 1353.00, 1
5184, 20858, 1, 0, 21921, 21921, 1063, 1062, 1063.00, 1
5185, 20863, 3, 0, 21925, 24194, 3331, 3328, 1110.33, 1
5186, 20869, 2, 0, 21931, 23029, 2160, 2158, 1080.00, 1
5187, 20872, 2, 0, 21934, 23033, 2161, 2159, 1080.50, 1
5188, 20873, 2, 0, 21936, 23035, 2162, 2160, 1081.00, 1
5189, 20878, 4, 0, 21941, 25441, 4563, 4559, 1140.75, 1
5190, 20883, 19, 0, 21944, 46612, 25729, 25710, 1354.16, 1
5191, 20896, 5, 0, 21957, 26720, 5824, 5819, 1164.80, 1
5192, 20900, 2, 0, 21961, 23063, 2163, 2161, 1081.50, 1
5193, 20901, 1, 0, 21963, 21963, 1062, 1061, 1062.00, 1
5194, 20908, 1, 0, 21969, 21969, 1061, 1060, 1061.00, 1
5195, 20924, 1, 0, 21983, 21983, 1059, 1058, 1059.00, 1
5196, 20930, 2, 0, 21988, 23093, 2163, 2161, 1081.50, 1
5197, 20931, 8, 0, 21990, 30870, 9939, 9931, 1242.38, 1
5198, 20939, 4, 0, 21996, 25502, 4563, 4559, 1140.75, 1
5199, 20941, 6, 0, 21999, 28091, 7150, 7144, 1191.67, 1
5200, 20945, 2, 0, 22003, 23104, 2159, 2157, 1079.50, 1
5201, 20954, 1, 0, 22012, 22012, 1058, 1057, 1058.00, 1
5202, 20959, 2, 0, 22016, 23117, 2158, 2156, 1079.00, 1
5203, 20961, 1, 0, 22019, 22019, 1058, 1057, 1058.00, 1
5204, 20962, 1, 0, 22020, 22020, 1058, 1057, 1058.00, 1
5205, 20966, 5, 0, 22025, 26791, 5825, 5820, 1165.00, 1
5206, 20983, 3, 0, 22039, 24308, 3325, 3322, 1108.33, 1
5207, 20988, 1, 0, 22043, 22043, 1055, 1054, 1055.00, 1
5208, 20993, 7, 0, 22047, 29508, 8515, 8508, 1216.43, 1
5209, 20995, 1, 0, 22050, 22050, 1055, 1054, 1055.00, 1
5210, 20996, 3, 0, 22052, 24324, 3328, 3325, 1109.33, 1
5211, 20999, 4, 0, 22056, 25564, 4565, 4561, 1141.25, 1
5212, 21009, 2, 0, 22064, 23173, 2164, 2162, 1082.00, 1
5213, 21010, 3, 0, 22066, 24339, 3329, 3326, 1109.67, 1
5214, 21014, 9, 0, 22070, 32448, 11434, 11425, 1270.44, 1
5215, 21015, 24, 0, 22072, 48586, 27571, 27547, 1148.79, 1
5216, 21022, 3, 0, 22079, 24354, 3332, 3329, 1110.67, 1
5217, 21024, 1, 0, 22082, 22082, 1058, 1057, 1058.00, 1
5218, 21027, 9, 0, 22086, 32479, 11452, 11443, 1272.44, 1
5219, 21028, 4, 0, 22088, 25600, 4572, 4568, 1143.00, 1
5220, 21032, 4, 0, 22092, 25602, 4570, 4566, 1142.50, 1
5221, 21033, 1, 0, 22094, 22094, 1061, 1060, 1061.00, 1
5222, 21034, 7, 0, 22096, 29564, 8530, 8523, 1218.57, 1
5223, 21035, 3, 0, 22098, 24376, 3341, 3338, 1113.67, 1
5224, 21036, 3, 0, 22100, 24380, 3344, 3341, 1114.67, 1
5225, 21038, 6, 0, 22103, 28203, 7165, 7159, 1194.17, 1
5226, 21052, 4, 0, 22117, 25647, 4595, 4591, 1148.75, 1
5227, 21057, 12, 0, 22123, 37410, 16353, 16341, 1362.75, 1
5228, 21059, 15, 0, 22124, 42792, 21733, 21718, 1448.87, 1
5229, 21060, 3, 0, 22126, 24416, 3356, 3353, 1118.67, 1
5230, 21062, 3, 0, 22129, 24420, 3358, 3355, 1119.33, 1
5231, 21063, 1, 0, 22131, 22131, 1068, 1067, 1068.00, 1
5232, 21065, 1, 0, 22134, 22134, 1069, 1068, 1069.00, 1
5233, 21072, 5, 0, 22142, 26939, 5867, 5862, 1173.40, 1
5234, 21074, 10, 0, 22145, 34103, 13029, 13019, 1302.90, 1
5235, 21082, 1, 0, 22153, 22153, 1071, 1070, 1071.00, 1
5236, 21083, 15, 0, 22155, 42831, 21748, 21733, 1449.87, 1
5237, 21085, 2, 0, 22158, 23269, 2184, 2182, 1092.00, 1
5238, 21086, 1, 0, 22160, 22160, 1074, 1073, 1074.00, 1
5239, 21093, 5, 0, 22166, 26967, 5874, 5869, 1174.80, 1
5240, 21094, 2, 0, 22168, 23277, 2183, 2181, 1091.50, 1
5241, 21104, 17, 0, 22177, 45250, 24146, 24129, 1420.35, 1
5242, 21105, 5, 0, 22179, 26999, 5894, 5889, 1178.80, 1
5243, 21107, 2, 0, 22181, 23294, 2187, 2185, 1093.50, 1
5244, 21108, 5, 0, 22183, 27008, 5900, 5895, 1180.00, 1
5245, 21109, 6, 0, 22185, 28337, 7228, 7222, 1204.67, 1
5246, 21112, 2, 0, 22188, 23304, 2192, 2190, 1096.00, 1
5247, 21113, 12, 0, 22190, 37531, 16418, 16406, 1368.17, 1
5248, 21114, 7, 0, 22192, 29714, 8600, 8593, 1228.57, 1
5249, 21116, 5, 0, 22195, 27031, 5915, 5910, 1183.00, 1
5250, 21125, 2, 0, 22202, 23321, 2196, 2194, 1098.00, 1
5251, 21128, 7, 0, 22205, 29728, 8600, 8593, 1228.57, 1
5252, 21129, 11, 0, 22207, 35854, 14725, 14714, 1338.64, 1
5253, 21133, 1, 0, 22212, 22212, 1079, 1078, 1079.00, 1
5254, 21138, 1, 0, 22217, 22217, 1079, 1078, 1079.00, 1
5255, 21142, 7, 0, 22220, 29750, 8608, 8601, 1229.71, 1
5256, 21143, 6, 0, 22222, 28377, 7234, 7228, 1205.67, 1
5257, 21144, 10, 0, 22224, 34248, 13104, 13094, 1310.40, 1
5258, 21146, 1, 0, 22227, 22227, 1081, 1080, 1081.00, 1
5259, 21148, 1, 0, 22228, 22228, 1080, 1079, 1080.00, 1
5260, 21149, 12, 0, 22230, 37603, 16454, 16442, 1371.17, 1
5261, 21152, 3, 0, 22234, 24542, 3390, 3387, 1130.00, 1
5262, 21154, 3, 0, 22237, 24547, 3393, 3390, 1131.00, 1
5263, 21156, 6, 0, 22240, 28395, 7239, 7233, 1206.50, 1
5264, 21160, 2, 0, 22245, 23360, 2200, 2198, 1100.00, 1
5265, 21164, 3, 0, 22250, 24556, 3392, 3389, 1130.67, 1
5266, 21165, 2, 0, 22251, 23366, 2201, 2199, 1100.50, 1
5267, 21167, 1, 0, 22254, 22254, 1087, 1086, 1087.00, 1
5268, 21169, 5, 0, 22257, 27087, 5918, 5913, 1183.60, 1
5269, 21170, 2, 0, 22258, 23372, 2202, 2200, 1101.00, 1
5270, 21176, 2, 0, 22264, 23378, 2202, 2200, 1101.00, 1
5271, 21178, 1, 0, 22267, 22267, 1089, 1088, 1089.00, 1
5272, 21187, 6, 0, 22277, 28423, 7236, 7230, 1206.00, 1
5273, 21188, 15, 0, 22279, 42975, 21787, 21772, 1452.47, 1
5274, 21189, 2, 0, 22281, 23394, 2205, 2203, 1102.50, 1
5275, 21192, 3, 0, 22285, 24583, 3391, 3388, 1130.33, 1
5276, 21193, 4, 0, 22286, 25840, 4647, 4643, 1161.75, 1
5277, 21200, 4, 0, 22293, 25849, 4649, 4645, 1162.25, 1
5278, 21203, 3, 0, 22296, 24599, 3396, 3393, 1132.00, 1
5279, 21205, 6, 0, 22298, 28444, 7239, 7233, 1206.50, 1
5280, 21207, 10, 0, 22300, 34318, 13111, 13101, 1311.10, 1
5281, 21215, 2, 0, 22308, 23423, 2208, 2206, 1104.00, 1
5282, 21219, 3, 0, 22311, 24616, 3397, 3394, 1132.33, 1
5283, 21223, 3, 0, 22314, 24619, 3396, 3393, 1132.00, 1
5284, 21226, 1, 0, 22318, 22318, 1092, 1091, 1092.00, 1
5285, 21228, 8, 0, 22319, 31288, 10060, 10052, 1257.50, 1
5286, 21229, 4, 0, 22321, 25881, 4652, 4648, 1163.00, 1
5287, 21231, 2, 0, 22324, 23440, 2209, 2207, 1104.50, 1
5288, 21239, 1, 0, 22332, 22332, 1093, 1092, 1093.00, 1
5289, 21241, 7, 0, 22335, 29866, 8625, 8618, 1232.14, 1
5290, 21242, 6, 0, 22337, 28492, 7250, 7244, 1208.33, 1
5291, 21246, 5, 0, 22342, 27162, 5916, 5911, 1183.20, 1
5292, 21248, 4, 0, 22345, 25903, 4655, 4651, 1163.75, 1
5293, 21249, 2, 0, 22347, 23460, 2211, 2209, 1105.50, 1
5294, 21251, 4, 0, 22350, 25909, 4658, 4654, 1164.50, 1
5295, 21253, 4, 0, 22352, 25914, 4661, 4657, 1165.25, 1
5296, 21262, 7, 0, 22360, 29903, 8641, 8634, 1234.43, 1
5297, 21263, 4, 0, 22362, 25930, 4667, 4663, 1166.75, 1
5298, 21266, 9, 0, 22366, 32857, 11591, 11582, 1287.89, 1
5299, 21271, 1, 0, 22371, 22371, 1100, 1099, 1100.00, 1
5300, 21272, 4, 0, 22372, 25945, 4673, 4669, 1168.25, 1
5301, 21273, 1, 0, 22374, 22374, 1101, 1100, 1101.00, 1
5302, 21276, 1, 0, 22377, 22377, 1101, 1100, 1101.00, 1
5303, 21279, 3, 0, 22381, 24693, 3414, 3411, 1138.00, 1
5304, 21280, 3, 0, 22383, 24697, 3417, 3414, 1139.00, 1
5305, 21288, 3, 0, 22392, 24708, 3420, 3417, 1140.00, 1
5306, 21290, 6, 0, 22395, 28587, 7297, 7291, 1216.17, 1
5307, 21293, 6, 0, 22398, 28595, 7302, 7296, 1217.00, 1
5308, 21296, 14, 0, 22402, 41551, 20255, 20241, 1446.79, 1
5309, 21298, 2, 0, 22404, 23525, 2227, 2225, 1113.50, 1
5310, 21301, 3, 0, 22407, 24734, 3433, 3430, 1144.33, 1
5311, 21303, 3, 0, 22410, 24737, 3434, 3431, 1144.67, 1
5312, 21310, 4, 0, 22417, 26010, 4700, 4696, 1175.00, 1
5313, 21313, 1, 0, 22421, 22421, 1108, 1107, 1108.00, 1
5314, 21314, 4, 0, 22423, 26016, 4702, 4698, 1175.50, 1
5315, 21325, 1, 0, 22434, 22434, 1109, 1108, 1109.00, 1
5316, 21327, 4, 0, 22436, 26031, 4704, 4700, 1176.00, 1
5317, 21332, 2, 0, 22442, 23568, 2236, 2234, 1118.00, 1
5318, 21334, 3, 0, 22444, 24776, 3442, 3439, 1147.33, 1
5319, 21336, 1, 0, 22447, 22447, 1111, 1110, 1111.00, 1
5320, 21348, 1, 0, 22457, 22457, 1109, 1108, 1109.00, 1
5321, 21351, 2, 0, 22461, 23591, 2240, 2238, 1120.00, 1
5322, 21357, 2, 0, 22467, 23596, 2239, 2237, 1119.50, 1
5323, 21359, 2, 0, 22470, 23599, 2240, 2238, 1120.00, 1
5324, 21373, 4, 0, 22481, 26074, 4701, 4697, 1175.25, 1
5325, 21378, 10, 0, 22485, 34620, 13242, 13232, 1324.20, 1
5326, 21391, 4, 0, 22497, 26094, 4703, 4699, 1175.75, 1
5327, 21394, 2, 0, 22501, 23636, 2242, 2240, 1121.00, 1
5328, 21398, 3, 0, 22505, 24853, 3455, 3452, 1151.67, 1
5329, 21402, 6, 0, 22510, 28746, 7344, 7338, 1224.00, 1
5330, 21404, 5, 0, 22513, 27391, 5987, 5982, 1197.40, 1
5331, 21405, 4, 0, 22515, 26114, 4709, 4705, 1177.25, 1
5332, 21413, 10, 0, 22522, 34678, 13265, 13255, 1326.50, 1
5333, 21423, 11, 0, 22531, 36373, 14950, 14939, 1359.09, 1
5334, 21428, 2, 0, 22535, 23673, 2245, 2243, 1122.50, 1
5335, 21437, 7, 0, 22543, 30180, 8743, 8736, 1249.00, 1
5336, 21441, 1, 0, 22548, 22548, 1107, 1106, 1107.00, 1
5337, 21443, 2, 0, 22550, 23689, 2246, 2244, 1123.00, 1
5338, 21445, 14, 0, 22553, 41859, 20414, 20400, 1458.14, 1
5339, 21456, 10, 0, 22563, 34777, 13321, 13311, 1332.10, 1
5340, 21457, 5, 0, 22565, 27459, 6002, 5997, 1200.40, 1
5341, 21458, 1, 0, 22567, 22567, 1109, 1108, 1109.00, 1
5342, 21466, 1, 0, 22575, 22575, 1109, 1108, 1109.00, 1
5343, 21470, 4, 0, 22580, 26192, 4722, 4718, 1180.50, 1
5344, 21476, 7, 0, 22586, 30238, 8762, 8755, 1251.71, 1
5345, 21482, 1, 0, 22592, 22592, 1110, 1109, 1110.00, 1
5346, 21485, 5, 0, 22595, 27496, 6011, 6006, 1202.20, 1
5347, 21495, 19, 0, 22604, 46999, 25504, 25485, 1342.32, 1
5348, 21500, 16, 0, 22610, 44678, 23178, 23162, 1448.62, 1
5349, 21507, 4, 0, 22617, 26237, 4730, 4726, 1182.50, 1
5350, 21508, 1, 0, 22618, 22618, 1110, 1109, 1110.00, 1
5351, 21510, 1, 0, 22620, 22620, 1110, 1109, 1110.00, 1
5352, 21511, 1, 0, 22622, 22622, 1111, 1110, 1111.00, 1
5353, 21516, 4, 0, 22627, 26249, 4733, 4729, 1183.25, 1
5354, 21518, 33, 0, 22630, 49411, 27893, 27860, 845.24, 1
5355, 21529, 1, 0, 22640, 22640, 1111, 1110, 1111.00, 1
5356, 21535, 2, 0, 22645, 23789, 2254, 2252, 1127.00, 1
5357, 21536, 2, 0, 22647, 23791, 2255, 2253, 1127.50, 1
5358, 21538, 2, 0, 22650, 23793, 2255, 2253, 1127.50, 1
5359, 21559, 1, 0, 22666, 22666, 1107, 1106, 1107.00, 1
5360, 21565, 8, 0, 22671, 31811, 10246, 10238, 1280.75, 1
5361, 21566, 5, 0, 22673, 27592, 6026, 6021, 1205.20, 1
5362, 21575, 2, 0, 22680, 23822, 2247, 2245, 1123.50, 1
5363, 21576, 11, 0, 22682, 36594, 15018, 15007, 1365.27, 1
5364, 21577, 12, 0, 22684, 38344, 16767, 16755, 1397.25, 1
5365, 21580, 11, 0, 22688, 36601, 15021, 15010, 1365.55, 1
5366, 21584, 3, 0, 22692, 25057, 3473, 3470, 1157.67, 1
5367, 21610, 7, 0, 22710, 30386, 8776, 8769, 1253.71, 1
5368, 21613, 7, 0, 22713, 30388, 8775, 8768, 1253.57, 1
5369, 21616, 12, 0, 22716, 38411, 16795, 16783, 1399.58, 1
5370, 21618, 11, 0, 22718, 36661, 15043, 15032, 1367.55, 1
5371, 21622, 2, 0, 22723, 23865, 2243, 2241, 1121.50, 1
5372, 21623, 3, 0, 22725, 25093, 3470, 3467, 1156.67, 1
5373, 21630, 1, 0, 22732, 22732, 1102, 1101, 1102.00, 1
5374, 21633, 1, 0, 22734, 22734, 1101, 1100, 1101.00, 1
5375, 21634, 3, 0, 22736, 25103, 3469, 3466, 1156.33, 1
5376, 21639, 8, 0, 22740, 31898, 10259, 10251, 1282.38, 1
5377, 21646, 3, 0, 22746, 25114, 3468, 3465, 1156.00, 1
5378, 21652, 3, 0, 22751, 25124, 3472, 3469, 1157.33, 1
5379, 21653, 2, 0, 22752, 23897, 2244, 2242, 1122.00, 1
5380, 21656, 2, 0, 22756, 23902, 2246, 2244, 1123.00, 1
5381, 21658, 1, 0, 22758, 22758, 1100, 1099, 1100.00, 1
5382, 21659, 11, 0, 22760, 36710, 15051, 15040, 1368.27, 1
5383, 21661, 9, 0, 22763, 33470, 11809, 11800, 1312.11, 1
5384, 21663, 1, 0, 22766, 22766, 1103, 1102, 1103.00, 1
5385, 21665, 1, 0, 22767, 22767, 1102, 1101, 1102.00, 1
5386, 21668, 3, 0, 22771, 25143, 3475, 3472, 1158.33, 1
5387, 21669, 1, 0, 22773, 22773, 1104, 1103, 1104.00, 1
5388, 21672, 10, 0, 22776, 35068, 13396, 13386, 1339.60, 1
5389, 21679, 6, 0, 22781, 29070, 7391, 7385, 1231.83, 1
5390, 21682, 3, 0, 22785, 25152, 3470, 3467, 1156.67, 1
5391, 21686, 1, 0, 22789, 22789, 1103, 1102, 1103.00, 1
5392, 21692, 3, 0, 22794, 25161, 3469, 3466, 1156.33, 1
5393, 21695, 1, 0, 22796, 22796, 1101, 1100, 1101.00, 1
5394, 21698, 7, 0, 22800, 30477, 8779, 8772, 1254.14, 1
5395, 21699, 3, 0, 22802, 25166, 3467, 3464, 1155.67, 1
5396, 21703, 3, 0, 22805, 25169, 3466, 3463, 1155.33, 1
5397, 21708, 9, 0, 22809, 33499, 11791, 11782, 1310.11, 1
5398, 21711, 5, 0, 22812, 27734, 6023, 6018, 1204.60, 1
5399, 21714, 7, 0, 22816, 30495, 8781, 8774, 1254.43, 1
5400, 21716, 2, 0, 22819, 23962, 2246, 2244, 1123.00, 1
5401, 21725, 3, 0, 22827, 25201, 3476, 3473, 1158.67, 1
5402, 21731, 7, 0, 22831, 30509, 8778, 8771, 1254.00, 1
5403, 21732, 1, 0, 22833, 22833, 1101, 1100, 1101.00, 1
5404, 21743, 5, 0, 22841, 27765, 6022, 6017, 1204.40, 1
5405, 21751, 3, 0, 22847, 25222, 3471, 3468, 1157.00, 1
5406, 21756, 5, 0, 22851, 27776, 6020, 6015, 1204.00, 1
5407, 21758, 7, 0, 22854, 30548, 8790, 8783, 1255.71, 1
5408, 21763, 1, 0, 22859, 22859, 1096, 1095, 1096.00, 1
5409, 21768, 16, 0, 22864, 44880, 23112, 23096, 1444.50, 1
5410, 21769, 13, 0, 22866, 40425, 18656, 18643, 1435.08, 1
5411, 21773, 1, 0, 22870, 22870, 1097, 1096, 1097.00, 1
5412, 21781, 3, 0, 22877, 25258, 3477, 3474, 1159.00, 1
5413, 21789, 5, 0, 22884, 27827, 6038, 6033, 1207.60, 1
5414, 21790, 11, 0, 22885, 36878, 15088, 15077, 1371.64, 1
5415, 21797, 5, 0, 22890, 27838, 6041, 6036, 1208.20, 1
5416, 21804, 4, 0, 22895, 26542, 4738, 4734, 1184.50, 1
5417, 21805, 3, 0, 22897, 25287, 3482, 3479, 1160.67, 1
5418, 21808, 2, 0, 22901, 24058, 2250, 2248, 1125.00, 1
5419, 21811, 6, 0, 22903, 29222, 7411, 7405, 1235.17, 1
5420, 21813, 1, 0, 22905, 22905, 1092, 1091, 1092.00, 1
5421, 21816, 13, 0, 22907, 40496, 18680, 18667, 1436.92, 1
5422, 21821, 3, 0, 22913, 25306, 3485, 3482, 1161.67, 1
5423, 21825, 2, 0, 22917, 24074, 2249, 2247, 1124.50, 1
5424, 21827, 3, 0, 22920, 25313, 3486, 3483, 1162.00, 1
5425, 21831, 2, 0, 22925, 24083, 2252, 2250, 1126.00, 1
5426, 21839, 2, 0, 22932, 24093, 2254, 2252, 1127.00, 1
5427, 21842, 7, 0, 22935, 30661, 8819, 8812, 1259.86, 1
5428, 21849, 7, 0, 22943, 30667, 8818, 8811, 1259.71, 1
5429, 21850, 2, 0, 22945, 24104, 2254, 2252, 1127.00, 1
5430, 21854, 3, 0, 22950, 25345, 3491, 3488, 1163.67, 1
5431, 21858, 3, 0, 22954, 25350, 3492, 3489, 1164.00, 1
5432, 21859, 1, 0, 22956, 22956, 1097, 1096, 1097.00, 1
5433, 21868, 1, 0, 22963, 22963, 1095, 1094, 1095.00, 1
5434, 21869, 2, 0, 22965, 24126, 2257, 2255, 1128.50, 1
5435, 21870, 2, 0, 22967, 24128, 2258, 2256, 1129.00, 1
5436, 21874, 1, 0, 22972, 22972, 1098, 1097, 1098.00, 1
5437, 21881, 7, 0, 22980, 30717, 8836, 8829, 1262.29, 1
5438, 21897, 11, 0, 22993, 37035, 15138, 15127, 1376.18, 1
5439, 21909, 13, 0, 23004, 40676, 18767, 18754, 1443.62, 1
5440, 21912, 1, 0, 23008, 23008, 1096, 1095, 1096.00, 1
5441, 21915, 8, 0, 23012, 32260, 10345, 10337, 1293.12, 1
5442, 21924, 3, 0, 23020, 25423, 3499, 3496, 1166.33, 1
5443, 21925, 2, 0, 23022, 24193, 2268, 2266, 1134.00, 1
5444, 21926, 1, 0, 23024, 23024, 1098, 1097, 1098.00, 1
5445, 21932, 5, 0, 23030, 28023, 6091, 6086, 1218.20, 1
5446, 21933, 1, 0, 23031, 23031, 1098, 1097, 1098.00, 1
5447, 21937, 1, 0, 23036, 23036, 1099, 1098, 1099.00, 1
5448, 21940, 1, 0, 23040, 23040, 1100, 1099, 1100.00, 1
5449, 21951, 1, 0, 23051, 23051, 1100, 1099, 1100.00, 1
5450, 21953, 5, 0, 23054, 28041, 6088, 6083, 1217.60, 1
5451, 21955, 1, 0, 23057, 23057, 1102, 1101, 1102.00, 1
5452, 21963, 2, 0, 23064, 24229, 2266, 2264, 1133.00, 1
5453, 21967, 5, 0, 23067, 28051, 6084, 6079, 1216.80, 1
5454, 21968, 4, 0, 23069, 26727, 4759, 4755, 1189.75, 1
5455, 21970, 4, 0, 23071, 26729, 4759, 4755, 1189.75, 1
5456, 21974, 4, 0, 23076, 26735, 4761, 4757, 1190.25, 1
5457, 21980, 5, 0, 23083, 28067, 6087, 6082, 1217.40, 1
5458, 21985, 1, 0, 23088, 23088, 1103, 1102, 1103.00, 1
5459, 21988, 4, 0, 23092, 26758, 4770, 4766, 1192.50, 1
5460, 22003, 1, 0, 23103, 23103, 1100, 1099, 1100.00, 1
5461, 22005, 3, 0, 23106, 25508, 3503, 3500, 1167.67, 1
5462, 22006, 1, 0, 23108, 23108, 1102, 1101, 1102.00, 1
5463, 22014, 5, 0, 23115, 28099, 6085, 6080, 1217.00, 1
5464, 22017, 14, 0, 23118, 42637, 20620, 20606, 1472.86, 1
5465, 22019, 5, 0, 23120, 28105, 6086, 6081, 1217.20, 1
5466, 22020, 12, 0, 23121, 39002, 16982, 16970, 1415.17, 1
5467, 22022, 3, 0, 23123, 25523, 3501, 3498, 1167.00, 1
5468, 22025, 3, 0, 23127, 25528, 3503, 3500, 1167.67, 1
5469, 22027, 1, 0, 23129, 23129, 1102, 1101, 1102.00, 1
5470, 22028, 3, 0, 23131, 25532, 3504, 3501, 1168.00, 1
5471, 22031, 8, 0, 23135, 32400, 10369, 10361, 1296.12, 1
5472, 22037, 3, 0, 23141, 25543, 3506, 3503, 1168.67, 1
5473, 22038, 3, 0, 23143, 25546, 3508, 3505, 1169.33, 1
5474, 22042, 5, 0, 23148, 28139, 6097, 6092, 1219.40, 1
5475, 22043, 22, 0, 23149, 48343, 26300, 26278, 1195.45, 1
5476, 22046, 2, 0, 23151, 24316, 2270, 2268, 1135.00, 1
5477, 22047, 3, 0, 23152, 25553, 3506, 3503, 1168.67, 1
5478, 22052, 2, 0, 23157, 24323, 2271, 2269, 1135.50, 1
5479, 22054, 1, 0, 23160, 23160, 1106, 1105, 1106.00, 1
5480, 22056, 4, 0, 23162, 26826, 4770, 4766, 1192.50, 1
5481, 22058, 1, 0, 23165, 23165, 1107, 1106, 1107.00, 1
5482, 22059, 10, 0, 23167, 35613, 13554, 13544, 1355.40, 1
5483, 22064, 1, 0, 23172, 23172, 1108, 1107, 1108.00, 1
5484, 22071, 4, 0, 23179, 26840, 4769, 4765, 1192.25, 1
5485, 22072, 4, 0, 23181, 26844, 4772, 4768, 1193.00, 1
5486, 22077, 3, 0, 23185, 25585, 3508, 3505, 1169.33, 1
5487, 22085, 24, 0, 23192, 48783, 26698, 26674, 1112.42, 1
5488, 22086, 6, 0, 23194, 29556, 7470, 7464, 1245.00, 1
5489, 22088, 10, 0, 23196, 35661, 13573, 13563, 1357.30, 1
5490, 22090, 1, 0, 23198, 23198, 1108, 1107, 1108.00, 1
5491, 22093, 2, 0, 23200, 24368, 2275, 2273, 1137.50, 1
5492, 22094, 5, 0, 23202, 28191, 6097, 6092, 1219.40, 1
5493, 22098, 11, 0, 23206, 37381, 15283, 15272, 1389.36, 1
5494, 22100, 4, 0, 23209, 26876, 4776, 4772, 1194.00, 1
5495, 22101, 4, 0, 23211, 26878, 4777, 4773, 1194.25, 1
5496, 22104, 4, 0, 23215, 26882, 4778, 4774, 1194.50, 1
5497, 22106, 13, 0, 23217, 41032, 18926, 18913, 1455.85, 1
5498, 22109, 1, 0, 23221, 23221, 1112, 1111, 1112.00, 1
5499, 22114, 2, 0, 23225, 24401, 2287, 2285, 1143.50, 1
5500, 22116, 11, 0, 23227, 37403, 15287, 15276, 1389.73, 1
5501, 22131, 4, 0, 23242, 26921, 4790, 4786, 1197.50, 1
5502, 22136, 3, 0, 23245, 25666, 3530, 3527, 1176.67, 1
5503, 22138, 4, 0, 23248, 26931, 4793, 4789, 1198.25, 1
5504, 22141, 1, 0, 23251, 23251, 1110, 1109, 1110.00, 1
5505, 22143, 1, 0, 23254, 23254, 1111, 1110, 1111.00, 1
5506, 22147, 6, 0, 23256, 29634, 7487, 7481, 1247.83, 1
5507, 22150, 19, 0, 23259, 47278, 25128, 25109, 1322.53, 1
5508, 22152, 5, 0, 23261, 28272, 6120, 6115, 1224.00, 1
5509, 22157, 4, 0, 23266, 26954, 4797, 4793, 1199.25, 1
5510, 22158, 4, 0, 23268, 26958, 4800, 4796, 1200.00, 1
5511, 22169, 5, 0, 23278, 28289, 6120, 6115, 1224.00, 1
5512, 22170, 5, 0, 23280, 28297, 6127, 6122, 1225.40, 1
5513, 22176, 3, 0, 23286, 25724, 3548, 3545, 1182.67, 1
5514, 22177, 5, 0, 23288, 28313, 6136, 6131, 1227.20, 1
5515, 22178, 7, 0, 23290, 31120, 8942, 8935, 1277.43, 1
5516, 22182, 15, 0, 23295, 44202, 22020, 22005, 1468.00, 1
5517, 22184, 7, 0, 23298, 31134, 8950, 8943, 1278.57, 1
5518, 22185, 5, 0, 23300, 28333, 6148, 6143, 1229.60, 1
5519, 22188, 2, 0, 23303, 24495, 2307, 2305, 1153.50, 1
5520, 22190, 3, 0, 23306, 25747, 3557, 3554, 1185.67, 1
5521, 22194, 6, 0, 23311, 29717, 7523, 7517, 1253.83, 1
5522, 22201, 5, 0, 23319, 28355, 6154, 6149, 1230.80, 1
5523, 22205, 1, 0, 23323, 23323, 1118, 1117, 1118.00, 1
5524, 22206, 3, 0, 23325, 25766, 3560, 3557, 1186.67, 1
5525, 22209, 1, 0, 23329, 23329, 1120, 1119, 1120.00, 1
5526, 22220, 1, 0, 23336, 23336, 1116, 1115, 1116.00, 1
5527, 22226, 1, 0, 23343, 23343, 1117, 1116, 1117.00, 1
5528, 22227, 7, 0, 23345, 31196, 8969, 8962, 1281.29, 1
5529, 22230, 1, 0, 23347, 23347, 1117, 1116, 1117.00, 1
5530, 22235, 4, 0, 23351, 27063, 4828, 4824, 1207.00, 1
5531, 22239, 5, 0, 23355, 28393, 6154, 6149, 1230.80, 1
5532, 22251, 1, 0, 23365, 23365, 1114, 1113, 1114.00, 1
5533, 22256, 4, 0, 23369, 27085, 4829, 4825, 1207.25, 1
5534, 22260, 6, 0, 23374, 29784, 7524, 7518, 1254.00, 1
5535, 22264, 3, 0, 23377, 25820, 3556, 3553, 1185.33, 1
5536, 22267, 2, 0, 23379, 24567, 2300, 2298, 1150.00, 1
5537, 22273, 10, 0, 23383, 35915, 13642, 13632, 1364.20, 1
5538, 22276, 1, 0, 23386, 23386, 1110, 1109, 1110.00, 1
5539, 22277, 6, 0, 23387, 29790, 7513, 7507, 1252.17, 1
5540, 22278, 5, 0, 23389, 28424, 6146, 6141, 1229.20, 1
5541, 22281, 1, 0, 23393, 23393, 1112, 1111, 1112.00, 1
5542, 22283, 1, 0, 23396, 23396, 1113, 1112, 1113.00, 1
5543, 22288, 3, 0, 23401, 25842, 3554, 3551, 1184.67, 1
5544, 22289, 2, 0, 23403, 24589, 2300, 2298, 1150.00, 1
5545, 22296, 4, 0, 23410, 27115, 4819, 4815, 1204.75, 1
5546, 22298, 1, 0, 23413, 23413, 1115, 1114, 1115.00, 1
5547, 22301, 5, 0, 23416, 28452, 6151, 6146, 1230.20, 1
5548, 22305, 6, 0, 23419, 29830, 7525, 7519, 1254.17, 1
5549, 22309, 10, 0, 23424, 35982, 13673, 13663, 1367.30, 1
5550, 22310, 1, 0, 23426, 23426, 1116, 1115, 1116.00, 1
5551, 22320, 2, 0, 23434, 24622, 2302, 2300, 1151.00, 1
5552, 22323, 9, 0, 23438, 34360, 12037, 12028, 1337.44, 1
5553, 22332, 1, 0, 23446, 23446, 1114, 1113, 1114.00, 1
5554, 22334, 13, 0, 23447, 41400, 19066, 19053, 1466.62, 1
5555, 22338, 3, 0, 23451, 25897, 3559, 3556, 1186.33, 1
5556, 22339, 1, 0, 23452, 23452, 1113, 1112, 1113.00, 1
5557, 22343, 1, 0, 23455, 23455, 1112, 1111, 1112.00, 1
5558, 22353, 5, 0, 23466, 28513, 6160, 6155, 1232.00, 1
5559, 22354, 6, 0, 23468, 29888, 7534, 7528, 1255.67, 1
5560, 22355, 7, 0, 23469, 31327, 8972, 8965, 1281.71, 1
5561, 22362, 3, 0, 23477, 25929, 3567, 3564, 1189.00, 1
5562, 22367, 7, 0, 23482, 31357, 8990, 8983, 1284.29, 1
5563, 22370, 1, 0, 23486, 23486, 1116, 1115, 1116.00, 1
5564, 22372, 4, 0, 23488, 27215, 4843, 4839, 1210.75, 1
5565, 22375, 2, 0, 23491, 24685, 2310, 2308, 1155.00, 1
5566, 22381, 2, 0, 23496, 24692, 2311, 2309, 1155.50, 1
5567, 22383, 3, 0, 23499, 25959, 3576, 3573, 1192.00, 1
5568, 22391, 3, 0, 23506, 25967, 3576, 3573, 1192.00, 1
5569, 22396, 8, 0, 23512, 32925, 10529, 10521, 1316.12, 1
5570, 22398, 6, 0, 23515, 29971, 7573, 7567, 1262.17, 1
5571, 22400, 4, 0, 23518, 27249, 4849, 4845, 1212.25, 1
5572, 22402, 17, 0, 23521, 46222, 23820, 23803, 1401.18, 1
5573, 22403, 17, 0, 23523, 46226, 23823, 23806, 1401.35, 1
5574, 22407, 1, 0, 23527, 23527, 1120, 1119, 1120.00, 1
5575, 22408, 1, 0, 23529, 23529, 1121, 1120, 1121.00, 1
5576, 22411, 2, 0, 23532, 24738, 2327, 2325, 1163.50, 1
5577, 22412, 4, 0, 23534, 27274, 4862, 4858, 1215.50, 1
5578, 22414, 6, 0, 23536, 30000, 7586, 7580, 1264.33, 1
5579, 22415, 6, 0, 23538, 30006, 7591, 7585, 1265.17, 1
5580, 22416, 3, 0, 23539, 26009, 3593, 3590, 1197.67, 1
5581, 22421, 2, 0, 23544, 24752, 2331, 2329, 1165.50, 1
5582, 22423, 2, 0, 23546, 24753, 2330, 2328, 1165.00, 1
5583, 22425, 2, 0, 23549, 24757, 2332, 2330, 1166.00, 1
5584, 22429, 2, 0, 23553, 24760, 2331, 2329, 1165.50, 1
5585, 22431, 2, 0, 23556, 24763, 2332, 2330, 1166.00, 1
5586, 22434, 1, 0, 23560, 23560, 1126, 1125, 1126.00, 1
5587, 22438, 4, 0, 23563, 27305, 4867, 4863, 1216.75, 1
5588, 22443, 1, 0, 23569, 23569, 1126, 1125, 1126.00, 1
5589, 22445, 24, 0, 23572, 48829, 26384, 26360, 1099.33, 1
5590, 22447, 2, 0, 23575, 24782, 2335, 2333, 1167.50, 1
5591, 22449, 15, 0, 23577, 44472, 22023, 22008, 1468.20, 1
5592, 22454, 4, 0, 23583, 27327, 4873, 4869, 1218.25, 1
5593, 22460, 2, 0, 23589, 24796, 2336, 2334, 1168.00, 1
5594, 22470, 2, 0, 23598, 24806, 2336, 2334, 1168.00, 1
5595, 22476, 4, 0, 23603, 27343, 4867, 4863, 1216.75, 1
5596, 22477, 1, 0, 23605, 23605, 1128, 1127, 1128.00, 1
5597, 22482, 2, 0, 23610, 24819, 2337, 2335, 1168.50, 1
5598, 22484, 1, 0, 23613, 23613, 1129, 1128, 1129.00, 1
5599, 22487, 4, 0, 23617, 27359, 4872, 4868, 1218.00, 1
5600, 22489, 6, 0, 23620, 30101, 7612, 7606, 1268.67, 1
5601, 22491, 5, 0, 23623, 28721, 6230, 6225, 1246.00, 1
5602, 22492, 4, 0, 23625, 27365, 4873, 4869, 1218.25, 1
5603, 22494, 8, 0, 23627, 33076, 10582, 10574, 1322.75, 1
5604, 22499, 11, 0, 23633, 38042, 15543, 15532, 1413.00, 1
5605, 22503, 1, 0, 23638, 23638, 1135, 1134, 1135.00, 1
5606, 22510, 8, 0, 23644, 33099, 10589, 10581, 1323.62, 1
5607, 22514, 22, 0, 23648, 48441, 25927, 25905, 1178.50, 1
5608, 22517, 7, 0, 23652, 31585, 9068, 9061, 1295.43, 1
5609, 22521, 2, 0, 23656, 24870, 2349, 2347, 1174.50, 1
5610, 22525, 9, 0, 23660, 34686, 12161, 12152, 1351.22, 1
5611, 22528, 9, 0, 23663, 34703, 12175, 12166, 1352.78, 1
5612, 22531, 2, 0, 23667, 24881, 2350, 2348, 1175.00, 1
5613, 22532, 3, 0, 23669, 26135, 3603, 3600, 1201.00, 1
5614, 22536, 2, 0, 23674, 24887, 2351, 2349, 1175.50, 1
5615, 22541, 8, 0, 23679, 33166, 10625, 10617, 1328.12, 1
5616, 22543, 2, 0, 23681, 24893, 2350, 2348, 1175.00, 1
5617, 22547, 1, 0, 23686, 23686, 1139, 1138, 1139.00, 1
5618, 22549, 1, 0, 23688, 23688, 1139, 1138, 1139.00, 1
5619, 22555, 10, 0, 23693, 36420, 13865, 13855, 1386.50, 1
5620, 22561, 4, 0, 23700, 27451, 4890, 4886, 1222.50, 1
5621, 22563, 5, 0, 23703, 28821, 6258, 6253, 1251.60, 1
5622, 22569, 3, 0, 23708, 26174, 3605, 3602, 1201.67, 1
5623, 22572, 7, 0, 23712, 31686, 9114, 9107, 1302.00, 1
5624, 22575, 6, 0, 23716, 30227, 7652, 7646, 1275.33, 1
5625, 22577, 9, 0, 23718, 34800, 12223, 12214, 1358.11, 1
5626, 22580, 1, 0, 23721, 23721, 1141, 1140, 1141.00, 1
5627, 22582, 1, 0, 23723, 23723, 1141, 1140, 1141.00, 1
5628, 22592, 1, 0, 23734, 23734, 1142, 1141, 1142.00, 1
5629, 22593, 3, 0, 23735, 26205, 3612, 3609, 1204.00, 1
5630, 22594, 7, 0, 23736, 31722, 9128, 9121, 1304.00, 1
5631, 22602, 14, 0, 23744, 43466, 20864, 20850, 1490.29, 1
5632, 22609, 13, 0, 23751, 41959, 19350, 19337, 1488.46, 1
5633, 22614, 3, 0, 23756, 26231, 3617, 3614, 1205.67, 1
5634, 22616, 3, 0, 23759, 26234, 3618, 3615, 1206.00, 1
5635, 22621, 6, 0, 23762, 30279, 7658, 7652, 1276.33, 1
5636, 22622, 6, 0, 23764, 30280, 7658, 7652, 1276.33, 1
5637, 22624, 4, 0, 23765, 27523, 4899, 4895, 1224.75, 1
5638, 22625, 2, 0, 23767, 24984, 2359, 2357, 1179.50, 1
5639, 22628, 3, 0, 23771, 26250, 3622, 3619, 1207.33, 1
5640, 22632, 6, 0, 23775, 30295, 7663, 7657, 1277.17, 1
5641, 22634, 7, 0, 23778, 31774, 9140, 9133, 1305.71, 1
5642, 22643, 6, 0, 23785, 30308, 7665, 7659, 1277.50, 1
5643, 22644, 2, 0, 23787, 25007, 2363, 2361, 1181.50, 1
5644, 22645, 13, 0, 23788, 42038, 19393, 19380, 1491.77, 1
5645, 22657, 4, 0, 23797, 27566, 4909, 4905, 1227.25, 1
5646, 22666, 4, 0, 23806, 27581, 4915, 4911, 1228.75, 1
5647, 22667, 9, 0, 23807, 34917, 12250, 12241, 1361.11, 1
5648, 22670, 2, 0, 23811, 25031, 2361, 2359, 1180.50, 1
5649, 22673, 4, 0, 23814, 27589, 4916, 4912, 1229.00, 1
5650, 22678, 1, 0, 23819, 23819, 1141, 1140, 1141.00, 1
5651, 22681, 6, 0, 23823, 30341, 7660, 7654, 1276.67, 1
5652, 22683, 5, 0, 23826, 28952, 6269, 6264, 1253.80, 1
5653, 22684, 1, 0, 23827, 23827, 1143, 1142, 1143.00, 1
5654, 22685, 4, 0, 23829, 27600, 4915, 4911, 1228.75, 1
5655, 22687, 1, 0, 23832, 23832, 1145, 1144, 1145.00, 1
5656, 22698, 3, 0, 23842, 26333, 3635, 3632, 1211.67, 1
5657, 22705, 11, 0, 23849, 38395, 15690, 15679, 1426.36, 1
5658, 22708, 2, 0, 23851, 25078, 2370, 2368, 1185.00, 1
5659, 22715, 16, 0, 23857, 45718, 23003, 22987, 1437.69, 1
5660, 22718, 2, 0, 23860, 25087, 2369, 2367, 1184.50, 1
5661, 22725, 8, 0, 23867, 33419, 10694, 10686, 1336.75, 1
5662, 22729, 2, 0, 23871, 25094, 2365, 2363, 1182.50, 1
5663, 22730, 5, 0, 23873, 29008, 6278, 6273, 1255.60, 1
5664, 22732, 2, 0, 23874, 25097, 2365, 2363, 1182.50, 1
5665, 22733, 8, 0, 23875, 33425, 10692, 10684, 1336.50, 1
5666, 22734, 5, 0, 23876, 29013, 6279, 6274, 1255.80, 1
5667, 22745, 1, 0, 23887, 23887, 1142, 1141, 1142.00, 1
5668, 22748, 5, 0, 23891, 29026, 6278, 6273, 1255.60, 1
5669, 22749, 12, 0, 23893, 40252, 17503, 17491, 1458.58, 1
5670, 22756, 3, 0, 23901, 26396, 3640, 3637, 1213.33, 1
5671, 22757, 1, 0, 23903, 23903, 1146, 1145, 1146.00, 1
5672, 22758, 6, 0, 23905, 30440, 7682, 7676, 1280.33, 1
5673, 22759, 7, 0, 23906, 31923, 9164, 9157, 1309.14, 1
5674, 22764, 1, 0, 23911, 23911, 1147, 1146, 1147.00, 1
5675, 22769, 1, 0, 23915, 23915, 1146, 1145, 1146.00, 1
5676, 22770, 1, 0, 23917, 23917, 1147, 1146, 1147.00, 1
5677, 22781, 6, 0, 23924, 30464, 7683, 7677, 1280.50, 1
5678, 22786, 4, 0, 23929, 27716, 4930, 4926, 1232.50, 1
5679, 22790, 2, 0, 23932, 25156, 2366, 2364, 1183.00, 1
5680, 22795, 2, 0, 23937, 25162, 2367, 2365, 1183.50, 1
5681, 22797, 1, 0, 23939, 23939, 1142, 1141, 1142.00, 1
5682, 22808, 6, 0, 23948, 30483, 7675, 7669, 1279.17, 1
5683, 22809, 3, 0, 23949, 26435, 3626, 3623, 1208.67, 1
5684, 22815, 5, 0, 23955, 29096, 6281, 6276, 1256.20, 1
5685, 22816, 2, 0, 23957, 25187, 2371, 2369, 1185.50, 1
5686, 22819, 3, 0, 23961, 26451, 3632, 3629, 1210.67, 1
5687, 22821, 1, 0, 23964, 23964, 1143, 1142, 1143.00, 1
5688, 22825, 1, 0, 23969, 23969, 1144, 1143, 1144.00, 1
5689, 22830, 2, 0, 23975, 25205, 2375, 2373, 1187.50, 1
5690, 22834, 1, 0, 23979, 23979, 1145, 1144, 1145.00, 1
5691, 22836, 3, 0, 23981, 26469, 3633, 3630, 1211.00, 1
5692, 22837, 8, 0, 23983, 33527, 10690, 10682, 1336.25, 1
5693, 22839, 1, 0, 23985, 23985, 1146, 1145, 1146.00, 1
5694, 22842, 2, 0, 23989, 25217, 2375, 2373, 1187.50, 1
5695, 22846, 1, 0, 23992, 23992, 1146, 1145, 1146.00, 1
5696, 22848, 3, 0, 23995, 26479, 3631, 3628, 1210.33, 1
5697, 22850, 2, 0, 23998, 25225, 2375, 2373, 1187.50, 1
5698, 22854, 4, 0, 24003, 27785, 4931, 4927, 1232.75, 1
5699, 22860, 9, 0, 24008, 35160, 12300, 12291, 1366.67, 1
5700, 22866, 11, 0, 24015, 38596, 15730, 15719, 1430.00, 1
5701, 22872, 2, 0, 24020, 25251, 2379, 2377, 1189.50, 1
5702, 22877, 2, 0, 24026, 25257, 2380, 2378, 1190.00, 1
5703, 22878, 4, 0, 24028, 27819, 4941, 4937, 1235.25, 1
5704, 22879, 10, 0, 24030, 36866, 13987, 13977, 1398.70, 1
5705, 22883, 6, 0, 24034, 30597, 7714, 7708, 1285.67, 1
5706, 22887, 3, 0, 24039, 26530, 3643, 3640, 1214.33, 1
5707, 22888, 8, 0, 24041, 33631, 10743, 10735, 1342.88, 1
5708, 22890, 1, 0, 24044, 24044, 1154, 1153, 1154.00, 1
5709, 22891, 6, 0, 24046, 30612, 7721, 7715, 1286.83, 1
5710, 22894, 4, 0, 24049, 27841, 4947, 4943, 1236.75, 1
5711, 22897, 3, 0, 24053, 26546, 3649, 3646, 1216.33, 1
5712, 22898, 7, 0, 24055, 32102, 9204, 9197, 1314.86, 1
5713, 22902, 3, 0, 24059, 26550, 3648, 3645, 1216.00, 1
5714, 22912, 3, 0, 24068, 26561, 3649, 3646, 1216.33, 1
5715, 22919, 2, 0, 24076, 25311, 2392, 2390, 1196.00, 1
5716, 22925, 6, 0, 24082, 30654, 7729, 7723, 1288.17, 1
5717, 22927, 1, 0, 24085, 24085, 1158, 1157, 1158.00, 1
5718, 22930, 3, 0, 24089, 26580, 3650, 3647, 1216.67, 1
5719, 22932, 3, 0, 24092, 26585, 3653, 3650, 1217.67, 1
5720, 22936, 3, 0, 24096, 26587, 3651, 3648, 1217.00, 1
5721, 22945, 6, 0, 24103, 30670, 7725, 7719, 1287.50, 1
5722, 22946, 22, 0, 24105, 48539, 25593, 25571, 1163.32, 1
5723, 22950, 7, 0, 24110, 32162, 9212, 9205, 1316.00, 1
5724, 22961, 4, 0, 24120, 27911, 4950, 4946, 1237.50, 1
5725, 22962, 5, 0, 24122, 29287, 6325, 6320, 1265.00, 1
5726, 22963, 2, 0, 24124, 25359, 2396, 2394, 1198.00, 1
5727, 22969, 4, 0, 24130, 27925, 4956, 4952, 1239.00, 1
5728, 22974, 2, 0, 24135, 25369, 2395, 2393, 1197.50, 1
5729, 22981, 7, 0, 24142, 32197, 9216, 9209, 1316.57, 1
5730, 22987, 4, 0, 24147, 27958, 4971, 4967, 1242.75, 1
5731, 22990, 9, 0, 24151, 35350, 12360, 12351, 1373.33, 1
5732, 22991, 5, 0, 24152, 29331, 6340, 6335, 1268.00, 1
5733, 22994, 2, 0, 24156, 25392, 2398, 2396, 1199.00, 1
5734, 22995, 1, 0, 24158, 24158, 1163, 1162, 1163.00, 1
5735, 22998, 4, 0, 24162, 27976, 4978, 4974, 1244.50, 1
5736, 22999, 2, 0, 24164, 25399, 2400, 2398, 1200.00, 1
5737, 23003, 1, 0, 24168, 24168, 1165, 1164, 1165.00, 1
5738, 23004, 13, 0, 24170, 42483, 19479, 19466, 1498.38, 1
5739, 23011, 5, 0, 24177, 29358, 6347, 6342, 1269.40, 1
5740, 23013, 10, 0, 24180, 37104, 14091, 14081, 1409.10, 1
5741, 23019, 6, 0, 24187, 30779, 7760, 7754, 1293.33, 1
5742, 23021, 9, 0, 24190, 35425, 12404, 12395, 1378.22, 1
5743, 23022, 2, 0, 24192, 25426, 2404, 2402, 1202.00, 1
5744, 23026, 2, 0, 24196, 25427, 2401, 2399, 1200.50, 1
5745, 23030, 13, 0, 24200, 42542, 19512, 19499, 1500.92, 1
5746, 23031, 8, 0, 24202, 33843, 10812, 10804, 1351.50, 1
5747, 23036, 3, 0, 24205, 26701, 3665, 3662, 1221.67, 1
5748, 23039, 1, 0, 24207, 24207, 1168, 1167, 1168.00, 1
5749, 23041, 4, 0, 24209, 28030, 4989, 4985, 1247.25, 1
5750, 23043, 1, 0, 24211, 24211, 1168, 1167, 1168.00, 1
5751, 23048, 18, 0, 24216, 47179, 24131, 24113, 1340.61, 1
5752, 23058, 1, 0, 24223, 24223, 1165, 1164, 1165.00, 1
5753, 23063, 2, 0, 24228, 25459, 2396, 2394, 1198.00, 1
5754, 23072, 6, 0, 24236, 30837, 7765, 7759, 1294.17, 1
5755, 23079, 9, 0, 24243, 35492, 12413, 12404, 1379.22, 1
5756, 23083, 2, 0, 24247, 25481, 2398, 2396, 1199.00, 1
5757, 23084, 7, 0, 24249, 32347, 9263, 9256, 1323.29, 1
5758, 23088, 12, 0, 24253, 40808, 17720, 17708, 1476.67, 1
5759, 23090, 1, 0, 24255, 24255, 1165, 1164, 1165.00, 1
5760, 23093, 6, 0, 24259, 30866, 7773, 7767, 1295.50, 1
5761, 23096, 14, 0, 24262, 43998, 20902, 20888, 1493.00, 1
5762, 23097, 6, 0, 24264, 30875, 7778, 7772, 1296.33, 1
5763, 23102, 2, 0, 24269, 25506, 2404, 2402, 1202.00, 1
5764, 23112, 1, 0, 24275, 24275, 1163, 1162, 1163.00, 1
5765, 23118, 13, 0, 24279, 42631, 19513, 19500, 1501.00, 1
5766, 23122, 6, 0, 24283, 30896, 7774, 7768, 1295.67, 1
5767, 23131, 7, 0, 24292, 32396, 9265, 9258, 1323.57, 1
5768, 23135, 4, 0, 24295, 28121, 4986, 4982, 1246.50, 1
5769, 23141, 1, 0, 24302, 24302, 1161, 1160, 1161.00, 1
5770, 23142, 5, 0, 24304, 29499, 6357, 6352, 1271.40, 1
5771, 23148, 1, 0, 24311, 24311, 1163, 1162, 1163.00, 1
5772, 23151, 6, 0, 24315, 30931, 7780, 7774, 1296.67, 1
5773, 23157, 6, 0, 24322, 30941, 7784, 7778, 1297.33, 1
5774, 23160, 1, 0, 24326, 24326, 1166, 1165, 1166.00, 1
5775, 23163, 8, 0, 24329, 33989, 10826, 10818, 1353.25, 1
5776, 23164, 8, 0, 24331, 33990, 10826, 10818, 1353.25, 1
5777, 23175, 5, 0, 24338, 29527, 6352, 6347, 1270.40, 1
5778, 23176, 2, 0, 24340, 25572, 2396, 2394, 1198.00, 1
5779, 23186, 13, 0, 24351, 42714, 19528, 19515, 1502.15, 1
5780, 23192, 1, 0, 24358, 24358, 1166, 1165, 1166.00, 1
5781, 23194, 7, 0, 24361, 32477, 9283, 9276, 1326.14, 1
5782, 23200, 2, 0, 24367, 25604, 2404, 2402, 1202.00, 1
5783, 23201, 3, 0, 24369, 26864, 3663, 3660, 1221.00, 1
5784, 23209, 3, 0, 24378, 26874, 3665, 3662, 1221.67, 1
5785, 23211, 2, 0, 24381, 25618, 2407, 2405, 1203.50, 1
5786, 23213, 3, 0, 24384, 26879, 3666, 3663, 1222.00, 1
5787, 23214, 2, 0, 24386, 25623, 2409, 2407, 1204.50, 1
5788, 23219, 7, 0, 24392, 32501, 9282, 9275, 1326.00, 1
5789, 23220, 16, 0, 24394, 46049, 22829, 22813, 1426.81, 1
5790, 23221, 2, 0, 24396, 25637, 2416, 2414, 1208.00, 1
5791, 23224, 11, 0, 24399, 39164, 15940, 15929, 1449.09, 1
5792, 23229, 2, 0, 24405, 25645, 2416, 2414, 1208.00, 1
5793, 23233, 1, 0, 24410, 24410, 1177, 1176, 1177.00, 1
5794, 23235, 6, 0, 24412, 31019, 7784, 7778, 1297.33, 1
5795, 23236, 7, 0, 24414, 32519, 9283, 9276, 1326.14, 1
5796, 23239, 9, 0, 24418, 35709, 12470, 12461, 1385.56, 1
5797, 23248, 1, 0, 24428, 24428, 1180, 1179, 1180.00, 1
5798, 23249, 3, 0, 24430, 26932, 3683, 3680, 1227.67, 1
5799, 23250, 14, 0, 24432, 44151, 20901, 20887, 1492.93, 1
5800, 23252, 7, 0, 24434, 32550, 9298, 9291, 1328.29, 1
5801, 23254, 6, 0, 24437, 31057, 7803, 7797, 1300.50, 1
5802, 23259, 6, 0, 24442, 31066, 7807, 7801, 1301.17, 1
5803, 23268, 5, 0, 24452, 29647, 6379, 6374, 1275.80, 1
5804, 23272, 2, 0, 24455, 25698, 2426, 2424, 1213.00, 1
5805, 23273, 6, 0, 24457, 31082, 7809, 7803, 1301.50, 1
5806, 23275, 2, 0, 24460, 25705, 2430, 2428, 1215.00, 1
5807, 23280, 4, 0, 24465, 28294, 5014, 5010, 1253.50, 1
5808, 23281, 5, 0, 24467, 29666, 6385, 6380, 1277.00, 1
5809, 23284, 7, 0, 24471, 32595, 9311, 9304, 1330.14, 1
5810, 23291, 3, 0, 24479, 26996, 3705, 3702, 1235.00, 1
5811, 23294, 3, 0, 24483, 27004, 3710, 3707, 1236.67, 1
5812, 23297, 3, 0, 24485, 27007, 3710, 3707, 1236.67, 1
5813, 23299, 17, 0, 24488, 46749, 23450, 23433, 1379.41, 1
5814, 23300, 2, 0, 24490, 25741, 2441, 2439, 1220.50, 1
5815, 23303, 1, 0, 24494, 24494, 1191, 1190, 1191.00, 1
5816, 23306, 6, 0, 24497, 31145, 7839, 7833, 1306.50, 1
5817, 23307, 2, 0, 24499, 25749, 2442, 2440, 1221.00, 1
5818, 23316, 11, 0, 24509, 39319, 16003, 15992, 1454.82, 1
5819, 23322, 2, 0, 24513, 25763, 2441, 2439, 1220.50, 1
5820, 23325, 2, 0, 24516, 25765, 2440, 2438, 1220.00, 1
5821, 23328, 5, 0, 24520, 29737, 6409, 6404, 1281.80, 1
5822, 23330, 2, 0, 24521, 25771, 2441, 2439, 1220.50, 1
5823, 23335, 1, 0, 24527, 24527, 1192, 1191, 1192.00, 1
5824, 23339, 13, 0, 24531, 42926, 19587, 19574, 1506.69, 1
5825, 23340, 6, 0, 24533, 31190, 7850, 7844, 1308.33, 1
5826, 23348, 2, 0, 24539, 25789, 2441, 2439, 1220.50, 1
5827, 23351, 5, 0, 24543, 29764, 6413, 6408, 1282.60, 1
5828, 23352, 6, 0, 24545, 31202, 7850, 7844, 1308.33, 1
5829, 23366, 5, 0, 24557, 29776, 6410, 6405, 1282.00, 1
5830, 23368, 4, 0, 24558, 28410, 5042, 5038, 1260.50, 1
5831, 23384, 2, 0, 24571, 25824, 2440, 2438, 1220.00, 1
5832, 23390, 6, 0, 24577, 31230, 7840, 7834, 1306.67, 1
5833, 23398, 11, 0, 24582, 39428, 16030, 16019, 1457.27, 1
5834, 23403, 6, 0, 24588, 31247, 7844, 7838, 1307.33, 1
5835, 23405, 3, 0, 24591, 27112, 3707, 3704, 1235.67, 1
5836, 23409, 1, 0, 24595, 24595, 1186, 1185, 1186.00, 1
5837, 23411, 2, 0, 24598, 25852, 2441, 2439, 1220.50, 1
5838, 23415, 1, 0, 24602, 24602, 1187, 1186, 1187.00, 1
5839, 23416, 3, 0, 24604, 27122, 3706, 3703, 1235.33, 1
5840, 23419, 5, 0, 24608, 29829, 6410, 6405, 1282.00, 1
5841, 23423, 8, 0, 24613, 34336, 10913, 10905, 1364.12, 1
5842, 23436, 3, 0, 24624, 27148, 3712, 3709, 1237.33, 1
5843, 23439, 6, 0, 24628, 31298, 7859, 7853, 1309.83, 1
5844, 23440, 2, 0, 24630, 25886, 2446, 2444, 1223.00, 1
5845, 23445, 12, 0, 24634, 41395, 17950, 17938, 1495.83, 1
5846, 23450, 1, 0, 24639, 24639, 1189, 1188, 1189.00, 1
5847, 23462, 8, 0, 24649, 34388, 10926, 10918, 1365.75, 1
5848, 23464, 3, 0, 24652, 27177, 3713, 3710, 1237.67, 1
5849, 23466, 2, 0, 24655, 25915, 2449, 2447, 1224.50, 1
5850, 23471, 9, 0, 24660, 36046, 12575, 12566, 1397.22, 1
5851, 23475, 2, 0, 24665, 25924, 2449, 2447, 1224.50, 1
5852, 23476, 1, 0, 24667, 24667, 1191, 1190, 1191.00, 1
5853, 23482, 11, 0, 24674, 39555, 16073, 16062, 1461.18, 1
5854, 23483, 14, 0, 24676, 44360, 20877, 20863, 1491.21, 1
5855, 23485, 6, 0, 24679, 31363, 7878, 7872, 1313.00, 1
5856, 23490, 10, 0, 24683, 37809, 14319, 14309, 1431.90, 1
5857, 23492, 5, 0, 24686, 29937, 6445, 6440, 1289.00, 1
5858, 23495, 2, 0, 24690, 25955, 2460, 2458, 1230.00, 1
5859, 23499, 4, 0, 24695, 28571, 5072, 5068, 1268.00, 1
5860, 23502, 1, 0, 24699, 24699, 1197, 1196, 1197.00, 1
5861, 23503, 5, 0, 24701, 29954, 6451, 6446, 1290.20, 1
5862, 23506, 2, 0, 24705, 25966, 2460, 2458, 1230.00, 1
5863, 23509, 4, 0, 24709, 28583, 5074, 5070, 1268.50, 1
5864, 23510, 2, 0, 24711, 25973, 2463, 2461, 1231.50, 1
5865, 23513, 4, 0, 24714, 28590, 5077, 5073, 1269.25, 1
5866, 23519, 1, 0, 24721, 24721, 1202, 1201, 1202.00, 1
5867, 23521, 18, 0, 24724, 47384, 23863, 23845, 1325.72, 1
5868, 23523, 11, 0, 24727, 39655, 16132, 16121, 1466.55, 1
5869, 23524, 5, 0, 24729, 29984, 6460, 6455, 1292.00, 1
5870, 23526, 3, 0, 24731, 27262, 3736, 3733, 1245.33, 1
5871, 23528, 22, 0, 24733, 48644, 25116, 25094, 1141.64, 1
5872, 23529, 4, 0, 24735, 28617, 5088, 5084, 1272.00, 1
5873, 23530, 10, 0, 24736, 37897, 14367, 14357, 1436.70, 1
5874, 23533, 3, 0, 24739, 27273, 3740, 3737, 1246.67, 1
5875, 23539, 2, 0, 24745, 26008, 2469, 2467, 1234.50, 1
5876, 23544, 5, 0, 24751, 30012, 6468, 6463, 1293.60, 1
5877, 23549, 9, 0, 24756, 36180, 12631, 12622, 1403.44, 1
5878, 23557, 4, 0, 24764, 28648, 5091, 5087, 1272.75, 1
5879, 23566, 14, 0, 24773, 44468, 20902, 20888, 1493.00, 1
5880, 23573, 2, 0, 24778, 26040, 2467, 2465, 1233.50, 1
5881, 23574, 8, 0, 24780, 34562, 10988, 10980, 1373.50, 1
5882, 23575, 3, 0, 24781, 27316, 3741, 3738, 1247.00, 1
5883, 23582, 10, 0, 24789, 37964, 14382, 14372, 1438.20, 1
5884, 23594, 1, 0, 24799, 24799, 1205, 1204, 1205.00, 1
5885, 23595, 1, 0, 24801, 24801, 1206, 1205, 1206.00, 1
5886, 23597, 8, 0, 24803, 34596, 10999, 10991, 1374.88, 1
5887, 23598, 6, 0, 24805, 31520, 7922, 7916, 1320.33, 1
5888, 23601, 1, 0, 24808, 24808, 1207, 1206, 1207.00, 1
5889, 23605, 1, 0, 24813, 24813, 1208, 1207, 1208.00, 1
5890, 23608, 4, 0, 24816, 28701, 5093, 5089, 1273.25, 1
5891, 23615, 8, 0, 24823, 34615, 11000, 10992, 1375.00, 1
5892, 23617, 1, 0, 24826, 24826, 1209, 1208, 1209.00, 1
5893, 23620, 2, 0, 24829, 26083, 2463, 2461, 1231.50, 1
5894, 23621, 1, 0, 24831, 24831, 1210, 1209, 1210.00, 1
5895, 23624, 1, 0, 24835, 24835, 1211, 1210, 1211.00, 1
5896, 23625, 1, 0, 24837, 24837, 1212, 1211, 1212.00, 1
5897, 23627, 1, 0, 24840, 24840, 1213, 1212, 1213.00, 1
5898, 23631, 9, 0, 24845, 36296, 12665, 12656, 1407.22, 1
5899, 23638, 2, 0, 24852, 26099, 2461, 2459, 1230.50, 1
5900, 23643, 6, 0, 24856, 31572, 7929, 7923, 1321.50, 1
5901, 23647, 2, 0, 24861, 26109, 2462, 2460, 1231.00, 1
5902, 23653, 3, 0, 24867, 27397, 3744, 3741, 1248.00, 1
5903, 23662, 8, 0, 24875, 34693, 11031, 11023, 1378.88, 1
5904, 23663, 5, 0, 24877, 30153, 6490, 6485, 1298.00, 1
5905, 23666, 3, 0, 24880, 27416, 3750, 3747, 1250.00, 1
5906, 23671, 11, 0, 24884, 39919, 16248, 16237, 1477.09, 1
5907, 23672, 1, 0, 24885, 24885, 1213, 1212, 1213.00, 1
5908, 23676, 1, 0, 24889, 24889, 1213, 1212, 1213.00, 1
5909, 23678, 1, 0, 24890, 24890, 1212, 1211, 1212.00, 1
5910, 23693, 8, 0, 24902, 34753, 11060, 11052, 1382.50, 1
5911, 23694, 7, 0, 24904, 33191, 9497, 9490, 1356.71, 1
5912, 23696, 6, 0, 24907, 31664, 7968, 7962, 1328.00, 1
5913, 23702, 1, 0, 24913, 24913, 1211, 1210, 1211.00, 1
5914, 23706, 4, 0, 24917, 28824, 5118, 5114, 1279.50, 1
5915, 23709, 1, 0, 24921, 24921, 1212, 1211, 1212.00, 1
5916, 23712, 7, 0, 24924, 33216, 9504, 9497, 1357.71, 1
5917, 23713, 7, 0, 24926, 33219, 9506, 9499, 1358.00, 1
5918, 23720, 3, 0, 24933, 27477, 3757, 3754, 1252.33, 1
5919, 23724, 6, 0, 24936, 31704, 7980, 7974, 1330.00, 1
5920, 23728, 2, 0, 24941, 26198, 2470, 2468, 1235.00, 1
5921, 23732, 2, 0, 24946, 26203, 2471, 2469, 1235.50, 1
5922, 23738, 1, 0, 24951, 24951, 1213, 1212, 1213.00, 1
5923, 23739, 2, 0, 24953, 26210, 2471, 2469, 1235.50, 1
5924, 23740, 5, 0, 24955, 30254, 6514, 6509, 1302.80, 1
5925, 23741, 13, 0, 24956, 43465, 19724, 19711, 1517.23, 1
5926, 23751, 1, 0, 24964, 24964, 1213, 1212, 1213.00, 1
5927, 23761, 1, 0, 24975, 24975, 1214, 1213, 1214.00, 1
5928, 23762, 1, 0, 24977, 24977, 1215, 1214, 1215.00, 1
5929, 23766, 4, 0, 24982, 28887, 5121, 5117, 1280.25, 1
5930, 23774, 12, 0, 24990, 42010, 18236, 18224, 1519.67, 1
5931, 23781, 12, 0, 24998, 42028, 18247, 18235, 1520.58, 1
5932, 23782, 3, 0, 25000, 27547, 3765, 3762, 1255.00, 1
5933, 23785, 6, 0, 25004, 31783, 7998, 7992, 1333.00, 1
5934, 23788, 2, 0, 25008, 26273, 2485, 2483, 1242.50, 1
5935, 23794, 1, 0, 25012, 25012, 1218, 1217, 1218.00, 1
5936, 23796, 4, 0, 25015, 28924, 5128, 5124, 1282.00, 1
5937, 23800, 7, 0, 25019, 33334, 9534, 9527, 1362.00, 1
5938, 23803, 5, 0, 25022, 30326, 6523, 6518, 1304.60, 1
5939, 23813, 3, 0, 25033, 27587, 3774, 3771, 1258.00, 1
5940, 23815, 2, 0, 25036, 26303, 2488, 2486, 1244.00, 1
5941, 23817, 5, 0, 25039, 30339, 6522, 6517, 1304.40, 1
5942, 23819, 2, 0, 25041, 26307, 2488, 2486, 1244.00, 1
5943, 23832, 1, 0, 25050, 25050, 1218, 1217, 1218.00, 1
5944, 23834, 2, 0, 25052, 26317, 2483, 2481, 1241.50, 1
5945, 23835, 7, 0, 25054, 33357, 9522, 9515, 1360.29, 1
5946, 23838, 11, 0, 25058, 40163, 16325, 16314, 1484.09, 1
5947, 23839, 1, 0, 25060, 25060, 1221, 1220, 1221.00, 1
5948, 23840, 2, 0, 25062, 26328, 2488, 2486, 1244.00, 1
5949, 23841, 14, 0, 25064, 44768, 20927, 20913, 1494.79, 1
5950, 23842, 3, 0, 25065, 27619, 3777, 3774, 1259.00, 1
5951, 23845, 4, 0, 25069, 28980, 5135, 5131, 1283.75, 1
5952, 23846, 7, 0, 25071, 33395, 9549, 9542, 1364.14, 1
5953, 23851, 2, 0, 25077, 26346, 2495, 2493, 1247.50, 1
5954, 23858, 20, 0, 25084, 48248, 24390, 24370, 1219.50, 1
5955, 23867, 2, 0, 25090, 26359, 2492, 2490, 1246.00, 1
5956, 23868, 1, 0, 25092, 25092, 1224, 1223, 1224.00, 1
5957, 23877, 4, 0, 25100, 29014, 5137, 5133, 1284.25, 1
5958, 23878, 3, 0, 25102, 27661, 3783, 3780, 1261.00, 1
5959, 23881, 3, 0, 25106, 27663, 3782, 3779, 1260.67, 1
5960, 23891, 1, 0, 25115, 25115, 1224, 1223, 1224.00, 1
5961, 23893, 4, 0, 25118, 29029, 5136, 5132, 1284.00, 1
5962, 23894, 9, 0, 25120, 36695, 12801, 12792, 1422.33, 1
5963, 23896, 4, 0, 25123, 29039, 5143, 5139, 1285.75, 1
5964, 23898, 2, 0, 25125, 26390, 2492, 2490, 1246.00, 1
5965, 23899, 6, 0, 25127, 31920, 8021, 8015, 1336.83, 1
5966, 23904, 4, 0, 25131, 29046, 5142, 5138, 1285.50, 1
5967, 23910, 4, 0, 25137, 29055, 5145, 5141, 1286.25, 1
5968, 23913, 1, 0, 25140, 25140, 1227, 1226, 1227.00, 1
5969, 23922, 9, 0, 25146, 36735, 12813, 12804, 1423.67, 1
5970, 23934, 1, 0, 25158, 25158, 1224, 1223, 1224.00, 1
5971, 23945, 10, 0, 25168, 38492, 14547, 14537, 1454.70, 1
5972, 23946, 1, 0, 25170, 25170, 1224, 1223, 1224.00, 1
5973, 23947, 6, 0, 25172, 31961, 8014, 8008, 1335.67, 1
5974, 23951, 3, 0, 25177, 27730, 3779, 3776, 1259.67, 1
5975, 23953, 6, 0, 25180, 31967, 8014, 8008, 1335.67, 1
5976, 23954, 6, 0, 25182, 31969, 8015, 8009, 1335.83, 1
5977, 23957, 3, 0, 25186, 27740, 3783, 3780, 1261.00, 1
5978, 23965, 3, 0, 25193, 27746, 3781, 3778, 1260.33, 1
5979, 23967, 2, 0, 25196, 26457, 2490, 2488, 1245.00, 1
5980, 23968, 1, 0, 25197, 25197, 1229, 1228, 1229.00, 1
5981, 23971, 13, 0, 25199, 43687, 19716, 19703, 1516.62, 1
5982, 23973, 3, 0, 25202, 27755, 3782, 3779, 1260.67, 1
5983, 23978, 1, 0, 25208, 25208, 1230, 1229, 1230.00, 1
5984, 23981, 4, 0, 25211, 29115, 5134, 5130, 1283.50, 1
5985, 23993, 5, 0, 25220, 30525, 6532, 6527, 1306.40, 1
5986, 24001, 2, 0, 25228, 26482, 2481, 2479, 1240.50, 1
5987, 24002, 5, 0, 25230, 30533, 6531, 6526, 1306.20, 1
5988, 24003, 9, 0, 25232, 36808, 12805, 12796, 1422.78, 1
5989, 24005, 6, 0, 25235, 32035, 8030, 8024, 1338.33, 1
5990, 24008, 3, 0, 25237, 27795, 3787, 3784, 1262.33, 1
5991, 24016, 3, 0, 25245, 27807, 3791, 3788, 1263.67, 1
5992, 24017, 2, 0, 25247, 26508, 2491, 2489, 1245.50, 1
5993, 24025, 5, 0, 25255, 30591, 6566, 6561, 1313.20, 1
5994, 24034, 2, 0, 25263, 26523, 2489, 2487, 1244.50, 1
5995, 24036, 5, 0, 25266, 30603, 6567, 6562, 1313.40, 1
5996, 24039, 2, 0, 25270, 26529, 2490, 2488, 1245.00, 1
5997, 24041, 4, 0, 25273, 29200, 5159, 5155, 1289.75, 1
5998, 24042, 3, 0, 25275, 27833, 3791, 3788, 1263.67, 1
5999, 24046, 4, 0, 25279, 29205, 5159, 5155, 1289.75, 1
6000, 24055, 14, 0, 25288, 44918, 20863, 20849, 1490.21, 1
6001, 24058, 3, 0, 25291, 27850, 3792, 3789, 1264.00, 1
6002, 24063, 11, 0, 25296, 40494, 16431, 16420, 1493.73, 1
6003, 24065, 3, 0, 25299, 27861, 3796, 3793, 1265.33, 1
6004, 24069, 8, 0, 25304, 35247, 11178, 11170, 1397.25, 1
6005, 24080, 2, 0, 25315, 26573, 2493, 2491, 1246.50, 1
6006, 24082, 12, 0, 25318, 42379, 18297, 18285, 1524.75, 1
6007, 24088, 2, 0, 25322, 26579, 2491, 2489, 1245.50, 1
6008, 24090, 4, 0, 25324, 29258, 5168, 5164, 1292.00, 1
6009, 24100, 5, 0, 25332, 30663, 6563, 6558, 1312.60, 1
6010, 24101, 1, 0, 25334, 25334, 1233, 1232, 1233.00, 1
6011, 24109, 2, 0, 25341, 26599, 2490, 2488, 1245.00, 1
6012, 24111, 1, 0, 25344, 25344, 1233, 1232, 1233.00, 1
6013, 24115, 2, 0, 25349, 26605, 2490, 2488, 1245.00, 1
6014, 24116, 1, 0, 25351, 25351, 1235, 1234, 1235.00, 1
6015, 24122, 3, 0, 25355, 27913, 3791, 3788, 1263.67, 1
6016, 24124, 3, 0, 25358, 27918, 3794, 3791, 1264.67, 1
6017, 24127, 3, 0, 25360, 27920, 3793, 3790, 1264.33, 1
6018, 24134, 1, 0, 25367, 25367, 1233, 1232, 1233.00, 1
6019, 24140, 3, 0, 25374, 27942, 3802, 3799, 1267.33, 1
6020, 24147, 3, 0, 25382, 27957, 3810, 3807, 1270.00, 1
6021, 24155, 6, 0, 25390, 32212, 8057, 8051, 1342.83, 1
6022, 24164, 8, 0, 25398, 35372, 11208, 11200, 1401.00, 1
6023, 24172, 4, 0, 25405, 29351, 5179, 5175, 1294.75, 1
6024, 24179, 4, 0, 25413, 29365, 5186, 5182, 1296.50, 1
6025, 24185, 2, 0, 25419, 26684, 2499, 2497, 1249.50, 1
6026, 24188, 6, 0, 25421, 32267, 8079, 8073, 1346.50, 1
6027, 24197, 6, 0, 25428, 32276, 8079, 8073, 1346.50, 1
6028, 24199, 8, 0, 25431, 35436, 11237, 11229, 1404.62, 1
6029, 24211, 1, 0, 25442, 25442, 1231, 1230, 1231.00, 1
6030, 24216, 2, 0, 25446, 26709, 2493, 2491, 1246.50, 1
6031, 24221, 1, 0, 25452, 25452, 1231, 1230, 1231.00, 1
6032, 24225, 5, 0, 25455, 30828, 6603, 6598, 1320.60, 1
6033, 24230, 6, 0, 25460, 32323, 8093, 8087, 1348.83, 1
6034, 24237, 4, 0, 25468, 29419, 5182, 5178, 1295.50, 1
6035, 24242, 5, 0, 25473, 30843, 6601, 6596, 1320.20, 1
6036, 24244, 13, 0, 25476, 43973, 19729, 19716, 1517.62, 1
6037, 24246, 1, 0, 25478, 25478, 1232, 1231, 1232.00, 1
6038, 24247, 2, 0, 25480, 26744, 2497, 2495, 1248.50, 1
6039, 24249, 2, 0, 25483, 26746, 2497, 2495, 1248.50, 1
6040, 24255, 11, 0, 25489, 40818, 16563, 16552, 1505.73, 1
6041, 24258, 2, 0, 25492, 26756, 2498, 2496, 1249.00, 1
6042, 24265, 4, 0, 25500, 29453, 5188, 5184, 1297.00, 1
6043, 24266, 3, 0, 25501, 28089, 3823, 3820, 1274.33, 1
6044, 24267, 1, 0, 25503, 25503, 1236, 1235, 1236.00, 1
6045, 24273, 1, 0, 25509, 25509, 1236, 1235, 1236.00, 1
6046, 24277, 4, 0, 25513, 29461, 5184, 5180, 1296.00, 1
6047, 24284, 1, 0, 25521, 25521, 1237, 1236, 1237.00, 1
6048, 24285, 2, 0, 25522, 26784, 2499, 2497, 1249.50, 1
6049, 24287, 9, 0, 25525, 37247, 12960, 12951, 1440.00, 1
6050, 24301, 1, 0, 25540, 25540, 1239, 1238, 1239.00, 1
6051, 24303, 4, 0, 25542, 29493, 5190, 5186, 1297.50, 1
6052, 24305, 3, 0, 25545, 28133, 3828, 3825, 1276.00, 1
6053, 24311, 3, 0, 25549, 28138, 3827, 3824, 1275.67, 1
6054, 24322, 3, 0, 25557, 28149, 3827, 3824, 1275.67, 1
6055, 24325, 6, 0, 25559, 32433, 8108, 8102, 1351.33, 1
6056, 24332, 1, 0, 25566, 25566, 1234, 1233, 1234.00, 1
6057, 24342, 5, 0, 25574, 30954, 6612, 6607, 1322.40, 1
6058, 24344, 2, 0, 25577, 26839, 2495, 2493, 1247.50, 1
6059, 24345, 2, 0, 25579, 26842, 2497, 2495, 1248.50, 1
6060, 24353, 3, 0, 25588, 28177, 3824, 3821, 1274.67, 1
6061, 24356, 1, 0, 25591, 25591, 1235, 1234, 1235.00, 1
6062, 24357, 1, 0, 25593, 25593, 1236, 1235, 1236.00, 1
6063, 24366, 3, 0, 25601, 28188, 3822, 3819, 1274.00, 1
6064, 24367, 9, 0, 25603, 37371, 13004, 12995, 1444.89, 1
6065, 24370, 2, 0, 25606, 26865, 2495, 2493, 1247.50, 1
6066, 24374, 1, 0, 25610, 25610, 1236, 1235, 1236.00, 1
6067, 24375, 7, 0, 25612, 34046, 9671, 9664, 1381.57, 1
6068, 24378, 2, 0, 25614, 26873, 2495, 2493, 1247.50, 1
6069, 24379, 5, 0, 25616, 30994, 6615, 6610, 1323.00, 1
6070, 24386, 1, 0, 25622, 25622, 1236, 1235, 1236.00, 1
6071, 24388, 1, 0, 25625, 25625, 1237, 1236, 1237.00, 1
6072, 24391, 3, 0, 25629, 28207, 3816, 3813, 1272.00, 1
6073, 24394, 5, 0, 25633, 31005, 6611, 6606, 1322.20, 1
6074, 24396, 3, 0, 25636, 28212, 3816, 3813, 1272.00, 1
6075, 24400, 1, 0, 25641, 25641, 1241, 1240, 1241.00, 1
6076, 24402, 8, 0, 25642, 35696, 11294, 11286, 1411.75, 1
6077, 24406, 6, 0, 25646, 32512, 8106, 8100, 1351.00, 1
6078, 24412, 1, 0, 25650, 25650, 1238, 1237, 1238.00, 1
6079, 24413, 7, 0, 25652, 34072, 9659, 9652, 1379.86, 1
6080, 24416, 4, 0, 25656, 29601, 5185, 5181, 1296.25, 1
6081, 24418, 3, 0, 25658, 28237, 3819, 3816, 1273.00, 1
6082, 24419, 18, 0, 25660, 47721, 23302, 23284, 1294.56, 1
6083, 24425, 6, 0, 25665, 32536, 8111, 8105, 1351.83, 1
6084, 24428, 1, 0, 25669, 25669, 1241, 1240, 1241.00, 1
6085, 24429, 3, 0, 25670, 28250, 3821, 3818, 1273.67, 1
6086, 24430, 1, 0, 25672, 25672, 1242, 1241, 1242.00, 1
6087, 24434, 3, 0, 25676, 28255, 3821, 3818, 1273.67, 1
6088, 24441, 1, 0, 25684, 25684, 1243, 1242, 1243.00, 1
6089, 24443, 1, 0, 25687, 25687, 1244, 1243, 1244.00, 1
6090, 24457, 2, 0, 25700, 26961, 2504, 2502, 1252.00, 1
6091, 24460, 3, 0, 25704, 28286, 3826, 3823, 1275.33, 1
6092, 24464, 5, 0, 25709, 31091, 6627, 6622, 1325.40, 1
6093, 24465, 7, 0, 25711, 34129, 9664, 9657, 1380.57, 1
6094, 24466, 2, 0, 25713, 26975, 2509, 2507, 1254.50, 1
6095, 24468, 2, 0, 25716, 26979, 2511, 2509, 1255.50, 1
6096, 24473, 13, 0, 25722, 44193, 19720, 19707, 1516.92, 1
6097, 24481, 10, 0, 25730, 39272, 14791, 14781, 1479.10, 1
6098, 24483, 2, 0, 25733, 27003, 2520, 2518, 1260.00, 1
6099, 24492, 2, 0, 25743, 27015, 2523, 2521, 1261.50, 1
6100, 24499, 2, 0, 25748, 27021, 2522, 2520, 1261.00, 1
6101, 24502, 2, 0, 25752, 27024, 2522, 2520, 1261.00, 1
6102, 24506, 6, 0, 25757, 32649, 8143, 8137, 1357.17, 1
6103, 24509, 1, 0, 25759, 25759, 1250, 1249, 1250.00, 1
6104, 24519, 12, 0, 25768, 42916, 18397, 18385, 1533.08, 1
6105, 24522, 12, 0, 25772, 42922, 18400, 18388, 1533.33, 1
6106, 24525, 1, 0, 25776, 25776, 1251, 1250, 1251.00, 1
6107, 24527, 7, 0, 25778, 34233, 9706, 9699, 1386.57, 1
6108, 24543, 2, 0, 25792, 27060, 2517, 2515, 1258.50, 1
6109, 24544, 1, 0, 25794, 25794, 1250, 1249, 1250.00, 1
6110, 24545, 1, 0, 25796, 25796, 1251, 1250, 1251.00, 1
6111, 24546, 3, 0, 25798, 28391, 3845, 3842, 1281.67, 1
6112, 24548, 6, 0, 25799, 32701, 8153, 8147, 1358.83, 1
6113, 24550, 7, 0, 25802, 34259, 9709, 9702, 1387.00, 1
6114, 24554, 3, 0, 25807, 28403, 3849, 3846, 1283.00, 1
6115, 24558, 10, 0, 25810, 39393, 14835, 14825, 1483.50, 1
6116, 24566, 6, 0, 25819, 32716, 8150, 8144, 1358.33, 1
6117, 24568, 1, 0, 25821, 25821, 1253, 1252, 1253.00, 1
6118, 24575, 11, 0, 25827, 41304, 16729, 16718, 1520.82, 1
6119, 24577, 1, 0, 25830, 25830, 1253, 1252, 1253.00, 1
6120, 24578, 1, 0, 25832, 25832, 1254, 1253, 1254.00, 1
6121, 24580, 2, 0, 25835, 27101, 2521, 2519, 1260.50, 1
6122, 24581, 2, 0, 25837, 27103, 2522, 2520, 1261.00, 1
6123, 24587, 11, 0, 25843, 41329, 16742, 16731, 1522.00, 1
6124, 24594, 5, 0, 25848, 31250, 6656, 6651, 1331.20, 1
6125, 24595, 2, 0, 25850, 27114, 2519, 2517, 1259.50, 1
6126, 24604, 11, 0, 25856, 41348, 16744, 16733, 1522.18, 1
6127, 24612, 1, 0, 25865, 25865, 1253, 1252, 1253.00, 1
6128, 24614, 4, 0, 25868, 29836, 5222, 5218, 1305.50, 1
6129, 24616, 4, 0, 25871, 29843, 5227, 5223, 1306.75, 1
6130, 24617, 1, 0, 25872, 25872, 1255, 1254, 1255.00, 1
6131, 24621, 6, 0, 25876, 32786, 8165, 8159, 1360.83, 1
6132, 24624, 5, 0, 25879, 31294, 6670, 6665, 1334.00, 1
6133, 24640, 13, 0, 25895, 44332, 19692, 19679, 1514.77, 1
6134, 24646, 12, 0, 25902, 43042, 18396, 18384, 1533.00, 1
6135, 24648, 2, 0, 25905, 27170, 2522, 2520, 1261.00, 1
6136, 24650, 3, 0, 25908, 28505, 3855, 3852, 1285.00, 1
6137, 24652, 9, 0, 25910, 37752, 13100, 13091, 1455.56, 1
6138, 24653, 6, 0, 25912, 32822, 8169, 8163, 1361.50, 1
6139, 24666, 3, 0, 25925, 28524, 3858, 3855, 1286.00, 1
6140, 24668, 4, 0, 25927, 29906, 5238, 5234, 1309.50, 1
6141, 24674, 7, 0, 25933, 34425, 9751, 9744, 1393.00, 1
6142, 24676, 13, 0, 25936, 44356, 19680, 19667, 1513.85, 1
6143, 24680, 21, 0, 25941, 48631, 23951, 23930, 1140.52, 1
6144, 24681, 4, 0, 25943, 29932, 5251, 5247, 1312.75, 1
6145, 24685, 2, 0, 25948, 27219, 2534, 2532, 1267.00, 1
6146, 24687, 9, 0, 25950, 37820, 13133, 13124, 1459.22, 1
6147, 24688, 16, 0, 25952, 46841, 22153, 22137, 1384.56, 1
6148, 24700, 1, 0, 25961, 25961, 1261, 1260, 1261.00, 1
6149, 24708, 5, 0, 25969, 31407, 6699, 6694, 1339.80, 1
6150, 24709, 2, 0, 25970, 27238, 2529, 2527, 1264.50, 1
6151, 24721, 7, 0, 25981, 34496, 9775, 9768, 1396.43, 1
6152, 24730, 2, 0, 25990, 27259, 2529, 2527, 1264.50, 1
6153, 24732, 2, 0, 25993, 27263, 2531, 2529, 1265.50, 1
6154, 24733, 4, 0, 25995, 29990, 5257, 5253, 1314.25, 1
6155, 24738, 4, 0, 25999, 29997, 5259, 5255, 1314.75, 1
6156, 24743, 5, 0, 26004, 31442, 6699, 6694, 1339.80, 1
6157, 24744, 6, 0, 26006, 32966, 8222, 8216, 1370.33, 1
6158, 24749, 5, 0, 26011, 31448, 6699, 6694, 1339.80, 1
6159, 24754, 1, 0, 26015, 26015, 1261, 1260, 1261.00, 1
6160, 24757, 5, 0, 26019, 31457, 6700, 6695, 1340.00, 1
6161, 24762, 7, 0, 26022, 34535, 9773, 9766, 1396.14, 1
6162, 24763, 29, 0, 26024, 49378, 24615, 24586, 848.79, 1
6163, 24765, 2, 0, 26026, 27298, 2533, 2531, 1266.50, 1
6164, 24770, 4, 0, 26032, 30034, 5264, 5260, 1316.00, 1
6165, 24779, 1, 0, 26041, 26041, 1262, 1261, 1262.00, 1
6166, 24788, 1, 0, 26049, 26049, 1261, 1260, 1261.00, 1
6167, 24789, 4, 0, 26051, 30055, 5266, 5262, 1316.50, 1
6168, 24792, 3, 0, 26055, 28680, 3888, 3885, 1296.00, 1
6169, 24801, 6, 0, 26062, 33039, 8238, 8232, 1373.00, 1
6170, 24805, 7, 0, 26065, 34600, 9795, 9788, 1399.29, 1
6171, 24818, 9, 0, 26073, 37994, 13176, 13167, 1464.00, 1
6172, 24822, 4, 0, 26076, 30090, 5268, 5264, 1317.00, 1
6173, 24825, 8, 0, 26080, 36274, 11449, 11441, 1431.12, 1
6174, 24826, 4, 0, 26081, 30097, 5271, 5267, 1317.75, 1
6175, 24834, 23, 0, 26086, 48984, 24150, 24127, 1050.00, 1
6176, 24842, 2, 0, 26091, 27369, 2527, 2525, 1263.50, 1
6177, 24855, 5, 0, 26101, 31565, 6710, 6705, 1342.00, 1
6178, 24858, 3, 0, 26104, 28744, 3886, 3883, 1295.33, 1
6179, 24860, 2, 0, 26107, 27388, 2528, 2526, 1264.00, 1
6180, 24862, 5, 0, 26110, 31581, 6719, 6714, 1343.80, 1
6181, 24865, 3, 0, 26113, 28751, 3886, 3883, 1295.33, 1
6182, 24867, 5, 0, 26116, 31587, 6720, 6715, 1344.00, 1
6183, 24874, 8, 0, 26122, 36354, 11480, 11472, 1435.00, 1
6184, 24877, 7, 0, 26126, 34695, 9818, 9811, 1402.57, 1
6185, 24879, 3, 0, 26129, 28772, 3893, 3890, 1297.67, 1
6186, 24881, 1, 0, 26132, 26132, 1251, 1250, 1251.00, 1
6187, 24883, 7, 0, 26134, 34715, 9832, 9825, 1404.57, 1
6188, 24884, 1, 0, 26136, 26136, 1252, 1251, 1252.00, 1
6189, 24886, 6, 0, 26138, 33150, 8264, 8258, 1377.33, 1
6190, 24887, 1, 0, 26140, 26140, 1253, 1252, 1253.00, 1
6191, 24888, 5, 0, 26141, 31630, 6742, 6737, 1348.40, 1
6192, 24891, 1, 0, 26143, 26143, 1252, 1251, 1252.00, 1
6193, 24892, 2, 0, 26144, 27427, 2535, 2533, 1267.50, 1
6194, 24897, 1, 0, 26148, 26148, 1251, 1250, 1251.00, 1
6195, 24899, 7, 0, 26150, 34740, 9841, 9834, 1405.86, 1
6196, 24901, 3, 0, 26153, 28802, 3901, 3898, 1300.33, 1
6197, 24908, 3, 0, 26161, 28812, 3904, 3901, 1301.33, 1
6198, 24909, 12, 0, 26163, 43405, 18496, 18484, 1541.33, 1
6199, 24910, 3, 0, 26164, 28815, 3905, 3902, 1301.67, 1
6200, 24911, 1, 0, 26166, 26166, 1255, 1254, 1255.00, 1
6201, 24922, 4, 0, 26175, 30210, 5288, 5284, 1322.00, 1
6202, 24923, 9, 0, 26177, 38183, 13260, 13251, 1473.33, 1
6203, 24927, 13, 0, 26182, 44645, 19718, 19705, 1516.77, 1
6204, 24928, 3, 0, 26184, 28838, 3910, 3907, 1303.33, 1
6205, 24929, 2, 0, 26185, 27472, 2543, 2541, 1271.50, 1
6206, 24934, 3, 0, 26191, 28844, 3910, 3907, 1303.33, 1
6207, 24937, 3, 0, 26194, 28846, 3909, 3906, 1303.00, 1
6208, 24945, 6, 0, 26201, 33243, 8298, 8292, 1383.00, 1
6209, 24949, 3, 0, 26206, 28857, 3908, 3905, 1302.67, 1
6210, 24952, 2, 0, 26209, 27497, 2545, 2543, 1272.50, 1
6211, 24955, 1, 0, 26212, 26212, 1257, 1256, 1257.00, 1
6212, 24957, 5, 0, 26215, 31729, 6772, 6767, 1354.40, 1
6213, 24959, 2, 0, 26216, 27502, 2543, 2541, 1271.50, 1
6214, 24960, 3, 0, 26218, 28865, 3905, 3902, 1301.67, 1
6215, 24965, 1, 0, 26222, 26222, 1257, 1256, 1257.00, 1
6216, 24966, 3, 0, 26224, 28871, 3905, 3902, 1301.67, 1
6217, 24968, 1, 0, 26227, 26227, 1259, 1258, 1259.00, 1
6218, 24969, 1, 0, 26228, 26228, 1259, 1258, 1259.00, 1
6219, 24970, 5, 0, 26230, 31744, 6774, 6769, 1354.80, 1
6220, 24976, 4, 0, 26236, 30276, 5300, 5296, 1325.00, 1
6221, 24978, 1, 0, 26238, 26238, 1260, 1259, 1260.00, 1
6222, 24984, 1, 0, 26245, 26245, 1261, 1260, 1261.00, 1
6223, 24987, 4, 0, 26248, 30288, 5301, 5297, 1325.25, 1
6224, 24989, 8, 0, 26251, 36533, 11544, 11536, 1443.00, 1
6225, 24991, 2, 0, 26254, 27536, 2545, 2543, 1272.50, 1
6226, 24994, 1, 0, 26258, 26258, 1264, 1263, 1264.00, 1
6227, 24999, 2, 0, 26264, 27546, 2547, 2545, 1273.50, 1
6228, 25001, 1, 0, 26266, 26266, 1265, 1264, 1265.00, 1
6229, 25009, 3, 0, 26274, 28915, 3906, 3903, 1302.00, 1
6230, 25010, 2, 0, 26276, 27556, 2546, 2544, 1273.00, 1
6231, 25014, 11, 0, 26279, 42049, 17035, 17024, 1548.64, 1
6232, 25017, 2, 0, 26283, 27567, 2550, 2548, 1275.00, 1
6233, 25020, 2, 0, 26287, 27572, 2552, 2550, 1276.00, 1
6234, 25026, 2, 0, 26293, 27579, 2553, 2551, 1276.50, 1
6235, 25037, 6, 0, 26304, 33344, 8307, 8301, 1384.50, 1
6236, 25053, 6, 0, 26318, 33355, 8302, 8296, 1383.67, 1
6237, 25058, 8, 0, 26322, 36604, 11546, 11538, 1443.25, 1
6238, 25059, 3, 0, 26324, 28966, 3907, 3904, 1302.33, 1
6239, 25062, 3, 0, 26327, 28969, 3907, 3904, 1302.33, 1
6240, 25065, 11, 0, 26331, 42104, 17039, 17028, 1549.00, 1
6241, 25067, 5, 0, 26334, 31845, 6778, 6773, 1355.60, 1
6242, 25069, 21, 0, 26337, 48708, 23639, 23618, 1125.67, 1
6243, 25070, 1, 0, 26339, 26339, 1269, 1268, 1269.00, 1
6244, 25081, 5, 0, 26349, 31871, 6790, 6785, 1358.00, 1
6245, 25089, 3, 0, 26356, 29002, 3913, 3910, 1304.33, 1
6246, 25090, 2, 0, 26358, 27648, 2558, 2556, 1279.00, 1
6247, 25092, 1, 0, 26361, 26361, 1269, 1268, 1269.00, 1
6248, 25095, 2, 0, 26362, 27652, 2557, 2555, 1278.50, 1
6249, 25099, 22, 0, 26366, 48883, 23784, 23762, 1081.09, 1
6250, 25109, 1, 0, 26376, 26376, 1267, 1266, 1267.00, 1
6251, 25116, 1, 0, 26380, 26380, 1264, 1263, 1264.00, 1
6252, 25120, 12, 0, 26385, 43632, 18512, 18500, 1542.67, 1
6253, 25126, 2, 0, 26391, 27684, 2558, 2556, 1279.00, 1
6254, 25132, 1, 0, 26398, 26398, 1266, 1265, 1266.00, 1
6255, 25137, 3, 0, 26404, 29054, 3917, 3914, 1305.67, 1
6256, 25144, 2, 0, 26410, 27704, 2560, 2558, 1280.00, 1
6257, 25147, 1, 0, 26414, 26414, 1267, 1266, 1267.00, 1
6258, 25148, 4, 0, 26416, 30463, 5315, 5311, 1328.75, 1
6259, 25153, 7, 0, 26420, 35075, 9922, 9915, 1417.43, 1
6260, 25162, 6, 0, 26426, 33488, 8326, 8320, 1387.67, 1
6261, 25165, 4, 0, 26428, 30475, 5310, 5306, 1327.50, 1
6262, 25179, 4, 0, 26438, 30486, 5307, 5303, 1326.75, 1
6263, 25190, 1, 0, 26449, 26449, 1259, 1258, 1259.00, 1
6264, 25194, 11, 0, 26454, 42228, 17034, 17023, 1548.55, 1
6265, 25198, 1, 0, 26458, 26458, 1260, 1259, 1260.00, 1
6266, 25199, 2, 0, 26459, 27751, 2552, 2550, 1276.00, 1
6267, 25200, 9, 0, 26461, 38523, 13323, 13314, 1480.33, 1
6268, 25206, 2, 0, 26465, 27758, 2552, 2550, 1276.00, 1
6269, 25217, 2, 0, 26473, 27766, 2549, 2547, 1274.50, 1
6270, 25223, 6, 0, 26478, 33543, 8320, 8314, 1386.67, 1
6271, 25231, 12, 0, 26485, 43708, 18477, 18465, 1539.75, 1
6272, 25232, 8, 0, 26487, 36805, 11573, 11565, 1446.62, 1
6273, 25233, 3, 0, 26489, 29139, 3906, 3903, 1302.00, 1
6274, 25234, 1, 0, 26491, 26491, 1257, 1256, 1257.00, 1
6275, 25235, 5, 0, 26493, 32032, 6797, 6792, 1359.40, 1
6276, 25236, 1, 0, 26495, 26495, 1259, 1258, 1259.00, 1
6277, 25237, 7, 0, 26497, 35156, 9919, 9912, 1417.00, 1
6278, 25249, 1, 0, 26510, 26510, 1261, 1260, 1261.00, 1
6279, 25250, 2, 0, 26512, 27812, 2562, 2560, 1281.00, 1
6280, 25252, 3, 0, 26514, 29178, 3926, 3923, 1308.67, 1
6281, 25256, 3, 0, 26518, 29184, 3928, 3925, 1309.33, 1
6282, 25261, 1, 0, 26521, 26521, 1260, 1259, 1260.00, 1
6283, 25278, 1, 0, 26537, 26537, 1259, 1258, 1259.00, 1
6284, 25285, 5, 0, 26543, 32093, 6808, 6803, 1361.60, 1
6285, 25286, 8, 0, 26545, 36899, 11613, 11605, 1451.62, 1
6286, 25293, 11, 0, 26551, 42351, 17058, 17047, 1550.73, 1
6287, 25304, 10, 0, 26562, 40503, 15199, 15189, 1519.90, 1
6288, 25308, 1, 0, 26566, 26566, 1258, 1257, 1258.00, 1
6289, 25314, 5, 0, 26571, 32131, 6817, 6812, 1363.40, 1
6290, 25327, 3, 0, 26584, 29260, 3933, 3930, 1311.00, 1
6291, 25333, 12, 0, 26590, 43812, 18479, 18467, 1539.92, 1
6292, 25335, 1, 0, 26592, 26592, 1257, 1256, 1257.00, 1
6293, 25339, 13, 0, 26597, 44954, 19615, 19602, 1508.85, 1
6294, 25342, 9, 0, 26600, 38745, 13403, 13394, 1489.22, 1
6295, 25352, 1, 0, 26606, 26606, 1254, 1253, 1254.00, 1
6296, 25356, 2, 0, 26609, 27914, 2558, 2556, 1279.00, 1
6297, 25357, 3, 0, 26611, 29288, 3931, 3928, 1310.33, 1
6298, 25360, 2, 0, 26613, 27919, 2559, 2557, 1279.50, 1
6299, 25362, 15, 0, 26616, 46571, 21209, 21194, 1413.93, 1
6300, 25364, 2, 0, 26619, 27927, 2563, 2561, 1281.50, 1
6301, 25367, 2, 0, 26623, 27932, 2565, 2563, 1282.50, 1
6302, 25370, 2, 0, 26625, 27935, 2565, 2563, 1282.50, 1
6303, 25372, 5, 0, 26628, 32193, 6821, 6816, 1364.20, 1
6304, 25375, 2, 0, 26631, 27943, 2568, 2566, 1284.00, 1
6305, 25377, 3, 0, 26634, 29315, 3938, 3935, 1312.67, 1
6306, 25387, 4, 0, 26645, 30731, 5344, 5340, 1336.00, 1
6307, 25390, 2, 0, 26649, 27967, 2577, 2575, 1288.50, 1
6308, 25392, 1, 0, 26652, 26652, 1260, 1259, 1260.00, 1
6309, 25396, 4, 0, 26655, 30742, 5346, 5342, 1336.50, 1
6310, 25402, 1, 0, 26661, 26661, 1259, 1258, 1259.00, 1
6311, 25404, 9, 0, 26663, 38823, 13419, 13410, 1491.00, 1
6312, 25409, 13, 0, 26669, 45018, 19609, 19596, 1508.38, 1
6313, 25411, 1, 0, 26672, 26672, 1261, 1260, 1261.00, 1
6314, 25413, 8, 0, 26675, 37090, 11677, 11669, 1459.62, 1
6315, 25415, 1, 0, 26678, 26678, 1263, 1262, 1263.00, 1
6316, 25416, 4, 0, 26680, 30776, 5360, 5356, 1340.00, 1
6317, 25417, 2, 0, 26681, 28003, 2586, 2584, 1293.00, 1
6318, 25420, 6, 0, 26685, 33813, 8393, 8387, 1398.83, 1
6319, 25434, 11, 0, 26697, 42544, 17110, 17099, 1555.45, 1
6320, 25438, 5, 0, 26702, 32299, 6861, 6856, 1372.20, 1
6321, 25447, 1, 0, 26710, 26710, 1263, 1262, 1263.00, 1
6322, 25455, 2, 0, 26717, 28043, 2588, 2586, 1294.00, 1
6323, 25462, 10, 0, 26724, 40776, 15314, 15304, 1531.40, 1
6324, 25469, 4, 0, 26732, 30838, 5369, 5365, 1342.25, 1
6325, 25478, 2, 0, 26741, 28063, 2585, 2583, 1292.50, 1
6326, 25479, 5, 0, 26742, 32344, 6865, 6860, 1373.00, 1
6327, 25485, 3, 0, 26748, 29437, 3952, 3949, 1317.33, 1
6328, 25487, 3, 0, 26751, 29438, 3951, 3948, 1317.00, 1
6329, 25491, 1, 0, 26755, 26755, 1264, 1263, 1264.00, 1
6330, 25493, 4, 0, 26757, 30864, 5371, 5367, 1342.75, 1
6331, 25497, 5, 0, 26762, 32360, 6863, 6858, 1372.60, 1
6332, 25503, 1, 0, 26768, 26768, 1265, 1264, 1265.00, 1
6333, 25508, 5, 0, 26772, 32366, 6858, 6853, 1371.60, 1
6334, 25514, 2, 0, 26775, 28098, 2584, 2582, 1292.00, 1
6335, 25516, 4, 0, 26778, 30886, 5370, 5366, 1342.50, 1
6336, 25524, 2, 0, 26785, 28110, 2586, 2584, 1293.00, 1
6337, 25528, 3, 0, 26790, 29480, 3952, 3949, 1317.33, 1
6338, 25532, 17, 0, 26793, 47684, 22152, 22135, 1303.06, 1
6339, 25542, 1, 0, 26802, 26802, 1260, 1259, 1260.00, 1
6340, 25543, 8, 0, 26804, 37282, 11739, 11731, 1467.38, 1
6341, 25544, 3, 0, 26805, 29496, 3952, 3949, 1317.33, 1
6342, 25548, 2, 0, 26809, 28135, 2587, 2585, 1293.50, 1
6343, 25551, 5, 0, 26813, 32419, 6868, 6863, 1373.60, 1
6344, 25556, 6, 0, 26818, 33977, 8421, 8415, 1403.50, 1
6345, 25557, 3, 0, 26820, 29514, 3957, 3954, 1319.00, 1
6346, 25561, 3, 0, 26825, 29520, 3959, 3956, 1319.67, 1
6347, 25571, 2, 0, 26832, 28160, 2589, 2587, 1294.50, 1
6348, 25575, 3, 0, 26836, 29531, 3956, 3953, 1318.67, 1
6349, 25579, 1, 0, 26841, 26841, 1262, 1261, 1262.00, 1
6350, 25580, 4, 0, 26843, 30959, 5379, 5375, 1344.75, 1
6351, 25588, 6, 0, 26849, 34014, 8426, 8420, 1404.33, 1
6352, 25589, 1, 0, 26851, 26851, 1262, 1261, 1262.00, 1
6353, 25603, 11, 0, 26862, 42751, 17148, 17137, 1558.91, 1
6354, 25610, 3, 0, 26868, 29565, 3955, 3952, 1318.33, 1
6355, 25614, 1, 0, 26872, 26872, 1258, 1257, 1258.00, 1
6356, 25619, 8, 0, 26877, 37383, 11764, 11756, 1470.50, 1
6357, 25628, 6, 0, 26884, 34057, 8429, 8423, 1404.83, 1
6358, 25630, 1, 0, 26887, 26887, 1257, 1256, 1257.00, 1
6359, 25638, 1, 0, 26895, 26895, 1257, 1256, 1257.00, 1
6360, 25639, 2, 0, 26897, 28214, 2575, 2573, 1287.50, 1
6361, 25650, 2, 0, 26906, 28225, 2575, 2573, 1287.50, 1
6362, 25653, 2, 0, 26909, 28228, 2575, 2573, 1287.50, 1
6363, 25655, 6, 0, 26912, 34075, 8420, 8414, 1403.33, 1
6364, 25657, 2, 0, 26915, 28235, 2578, 2576, 1289.00, 1
6365, 25663, 5, 0, 26922, 32530, 6867, 6862, 1373.40, 1
6366, 25665, 5, 0, 26925, 32534, 6869, 6864, 1373.80, 1
6367, 25669, 7, 0, 26929, 35724, 10055, 10048, 1436.43, 1
6368, 25674, 3, 0, 26933, 29619, 3945, 3942, 1315.00, 1
6369, 25681, 2, 0, 26941, 28261, 2580, 2578, 1290.00, 1
6370, 25682, 7, 0, 26943, 35736, 10054, 10047, 1436.29, 1
6371, 25686, 4, 0, 26947, 31065, 5379, 5375, 1344.75, 1
6372, 25689, 2, 0, 26950, 28270, 2581, 2579, 1290.50, 1
6373, 25691, 1, 0, 26952, 26952, 1261, 1260, 1261.00, 1
6374, 25695, 1, 0, 26956, 26956, 1261, 1260, 1261.00, 1
6375, 25704, 6, 0, 26965, 34125, 8421, 8415, 1403.50, 1
6376, 25707, 4, 0, 26968, 31089, 5382, 5378, 1345.50, 1
6377, 25714, 12, 0, 26976, 44174, 18460, 18448, 1538.33, 1
6378, 25718, 18, 0, 26981, 48081, 22363, 22345, 1242.39, 1
6379, 25721, 10, 0, 26985, 41139, 15418, 15408, 1541.80, 1
6380, 25722, 14, 0, 26987, 46089, 20367, 20353, 1454.79, 1
6381, 25724, 1, 0, 26990, 26990, 1266, 1265, 1266.00, 1
6382, 25725, 1, 0, 26991, 26991, 1266, 1265, 1266.00, 1
6383, 25729, 4, 0, 26995, 31122, 5393, 5389, 1348.25, 1
6384, 25731, 3, 0, 26998, 29691, 3960, 3957, 1320.00, 1
6385, 25732, 1, 0, 27000, 27000, 1268, 1267, 1268.00, 1
6386, 25733, 13, 0, 27002, 45251, 19518, 19505, 1501.38, 1
6387, 25735, 8, 0, 27005, 37511, 11776, 11768, 1472.00, 1
6388, 25739, 3, 0, 27010, 29700, 3961, 3958, 1320.33, 1
6389, 25743, 10, 0, 27014, 41171, 15428, 15418, 1542.80, 1
6390, 25744, 5, 0, 27016, 32626, 6882, 6877, 1376.40, 1
6391, 25746, 2, 0, 27019, 28339, 2593, 2591, 1296.50, 1
6392, 25753, 10, 0, 27025, 41189, 15436, 15426, 1543.60, 1
6393, 25757, 10, 0, 27029, 41202, 15445, 15435, 1544.50, 1
6394, 25759, 3, 0, 27032, 29723, 3964, 3961, 1321.33, 1
6395, 25767, 6, 0, 27037, 34215, 8448, 8442, 1408.00, 1
6396, 25768, 5, 0, 27038, 32664, 6896, 6891, 1379.20, 1
6397, 25771, 1, 0, 27042, 27042, 1271, 1270, 1271.00, 1
6398, 25772, 5, 0, 27043, 32672, 6900, 6895, 1380.00, 1
6399, 25776, 3, 0, 27047, 29744, 3968, 3965, 1322.67, 1
6400, 25781, 1, 0, 27051, 27051, 1270, 1269, 1270.00, 1
6401, 25784, 10, 0, 27054, 41239, 15455, 15445, 1545.50, 1
6402, 25795, 2, 0, 27062, 28387, 2592, 2590, 1296.00, 1
6403, 25796, 9, 0, 27064, 39376, 13580, 13571, 1508.89, 1
6404, 25805, 1, 0, 27072, 27072, 1267, 1266, 1267.00, 1
6405, 25806, 1, 0, 27074, 27074, 1268, 1267, 1268.00, 1
6406, 25807, 6, 0, 27076, 34262, 8455, 8449, 1409.17, 1
6407, 25811, 7, 0, 27081, 35906, 10095, 10088, 1442.14, 1
6408, 25812, 3, 0, 27083, 29780, 3968, 3965, 1322.67, 1
6409, 25813, 1, 0, 27084, 27084, 1271, 1270, 1271.00, 1
6410, 25826, 4, 0, 27093, 31223, 5397, 5393, 1349.25, 1
6411, 25839, 9, 0, 27105, 39425, 13586, 13577, 1509.56, 1
6412, 25843, 1, 0, 27108, 27108, 1265, 1264, 1265.00, 1
6413, 25856, 2, 0, 27119, 28446, 2590, 2588, 1295.00, 1
6414, 25857, 8, 0, 27121, 37683, 11826, 11818, 1478.25, 1
6415, 25858, 14, 0, 27123, 46159, 20301, 20287, 1450.07, 1
6416, 25861, 5, 0, 27126, 32763, 6902, 6897, 1380.40, 1
6417, 25866, 7, 0, 27131, 35975, 10109, 10102, 1444.14, 1
6418, 25870, 2, 0, 27136, 28466, 2596, 2594, 1298.00, 1
6419, 25873, 7, 0, 27139, 35987, 10114, 10107, 1444.86, 1
6420, 25879, 6, 0, 27146, 34353, 8474, 8468, 1412.33, 1
6421, 25883, 12, 0, 27149, 44321, 18438, 18426, 1536.50, 1
6422, 25901, 1, 0, 27163, 27163, 1262, 1261, 1262.00, 1
6423, 25902, 8, 0, 27165, 37739, 11837, 11829, 1479.62, 1
6424, 25903, 4, 0, 27167, 31312, 5409, 5405, 1352.25, 1
6425, 25905, 7, 0, 27169, 36028, 10123, 10116, 1446.14, 1
6426, 25906, 4, 0, 27171, 31315, 5409, 5405, 1352.25, 1
6427, 25908, 3, 0, 27174, 29878, 3970, 3967, 1323.33, 1
6428, 25913, 3, 0, 27179, 29883, 3970, 3967, 1323.33, 1
6429, 25914, 1, 0, 27181, 27181, 1267, 1266, 1267.00, 1
6430, 25918, 9, 0, 27184, 39532, 13614, 13605, 1512.67, 1
6431, 25919, 12, 0, 27186, 44343, 18424, 18412, 1535.33, 1
6432, 25922, 8, 0, 27189, 37772, 11850, 11842, 1481.25, 1
6433, 25926, 5, 0, 27193, 32843, 6917, 6912, 1383.40, 1
6434, 25930, 4, 0, 27197, 31348, 5418, 5414, 1354.50, 1
6435, 25932, 1, 0, 27199, 27199, 1267, 1266, 1267.00, 1
6436, 25933, 5, 0, 27201, 32858, 6925, 6920, 1385.00, 1
6437, 25937, 1, 0, 27206, 27206, 1269, 1268, 1269.00, 1
6438, 25938, 5, 0, 27208, 32866, 6928, 6923, 1385.60, 1
6439, 25940, 1, 0, 27210, 27210, 1270, 1269, 1270.00, 1
6440, 25946, 8, 0, 27216, 37801, 11855, 11847, 1481.88, 1
6441, 25949, 3, 0, 27220, 29936, 3987, 3984, 1329.00, 1
6442, 25951, 2, 0, 27223, 28561, 2610, 2608, 1305.00, 1
6443, 25957, 4, 0, 27227, 31389, 5432, 5428, 1358.00, 1
6444, 25958, 5, 0, 27229, 32905, 6947, 6942, 1389.40, 1
6445, 25974, 3, 0, 27240, 29966, 3992, 3989, 1330.67, 1
6446, 25977, 2, 0, 27244, 28591, 2614, 2612, 1307.00, 1
6447, 25979, 1, 0, 27247, 27247, 1268, 1267, 1268.00, 1
6448, 25984, 1, 0, 27252, 27252, 1268, 1267, 1268.00, 1
6449, 25992, 9, 0, 27261, 39667, 13675, 13666, 1519.44, 1
6450, 25995, 2, 0, 27265, 28612, 2617, 2615, 1308.50, 1
6451, 25998, 3, 0, 27269, 29993, 3995, 3992, 1331.67, 1
6452, 26000, 4, 0, 27272, 31438, 5438, 5434, 1359.50, 1
6453, 26010, 2, 0, 27280, 28629, 2619, 2617, 1309.50, 1
6454, 26013, 3, 0, 27282, 30008, 3995, 3992, 1331.67, 1
6455, 26016, 2, 0, 27285, 28634, 2618, 2616, 1309.00, 1
6456, 26018, 7, 0, 27287, 36177, 10159, 10152, 1451.29, 1
6457, 26024, 6, 0, 27294, 34536, 8512, 8506, 1418.67, 1
6458, 26025, 13, 0, 27296, 45446, 19421, 19408, 1493.92, 1
6459, 26028, 11, 0, 27300, 43198, 17170, 17159, 1560.91, 1
6460, 26034, 2, 0, 27306, 28657, 2623, 2621, 1311.50, 1
6461, 26040, 2, 0, 27312, 28661, 2621, 2619, 1310.50, 1
6462, 26042, 3, 0, 27313, 30044, 4002, 3999, 1334.00, 1
6463, 26045, 2, 0, 27317, 28666, 2621, 2619, 1310.50, 1
6464, 26048, 9, 0, 27320, 39730, 13682, 13673, 1520.22, 1
6465, 26052, 4, 0, 27324, 31499, 5447, 5443, 1361.75, 1
6466, 26056, 2, 0, 27329, 28681, 2625, 2623, 1312.50, 1
6467, 26060, 6, 0, 27334, 34589, 8529, 8523, 1421.50, 1
6468, 26076, 8, 0, 27349, 37997, 11921, 11913, 1490.12, 1
6469, 26078, 2, 0, 27352, 28709, 2631, 2629, 1315.50, 1
6470, 26079, 4, 0, 27354, 31539, 5460, 5456, 1365.00, 1
6471, 26081, 1, 0, 27357, 27357, 1276, 1275, 1276.00, 1
6472, 26084, 10, 0, 27360, 41700, 15616, 15606, 1561.60, 1
6473, 26090, 6, 0, 27367, 34634, 8544, 8538, 1424.00, 1
6474, 26095, 5, 0, 27372, 33083, 6988, 6983, 1397.60, 1
6475, 26099, 10, 0, 27376, 41728, 15629, 15619, 1562.90, 1
6476, 26101, 4, 0, 27378, 31564, 5463, 5459, 1365.75, 1
6477, 26102, 7, 0, 27380, 36311, 10209, 10202, 1458.43, 1
6478, 26103, 2, 0, 27382, 28741, 2638, 2636, 1319.00, 1
6479, 26107, 8, 0, 27387, 38065, 11958, 11950, 1494.75, 1
6480, 26112, 1, 0, 27392, 27392, 1280, 1279, 1280.00, 1
6481, 26118, 2, 0, 27398, 28755, 2637, 2635, 1318.50, 1
6482, 26121, 1, 0, 27400, 27400, 1279, 1278, 1279.00, 1
6483, 26123, 3, 0, 27403, 30144, 4021, 4018, 1340.33, 1
6484, 26124, 6, 0, 27405, 34690, 8566, 8560, 1427.67, 1
6485, 26127, 7, 0, 27409, 36364, 10237, 10230, 1462.43, 1
6486, 26130, 2, 0, 27413, 28773, 2643, 2641, 1321.50, 1
6487, 26131, 2, 0, 27415, 28776, 2645, 2643, 1322.50, 1
6488, 26134, 8, 0, 27418, 38115, 11981, 11973, 1497.62, 1
6489, 26136, 19, 0, 27420, 48449, 22313, 22294, 1174.37, 1
6490, 26138, 2, 0, 27422, 28783, 2645, 2643, 1322.50, 1
6491, 26146, 1, 0, 27429, 27429, 1283, 1282, 1283.00, 1
6492, 26151, 8, 0, 27433, 38152, 12001, 11993, 1500.12, 1
6493, 26156, 6, 0, 27439, 34756, 8600, 8594, 1433.33, 1
6494, 26157, 1, 0, 27441, 27441, 1284, 1283, 1284.00, 1
6495, 26165, 3, 0, 27450, 30202, 4037, 4034, 1345.67, 1
6496, 26169, 7, 0, 27453, 36435, 10266, 10259, 1466.57, 1
6497, 26170, 5, 0, 27455, 33207, 7037, 7032, 1407.40, 1
6498, 26180, 2, 0, 27465, 28831, 2651, 2649, 1325.50, 1
6499, 26182, 4, 0, 27468, 31689, 5507, 5503, 1376.75, 1
6500, 26184, 3, 0, 27470, 30224, 4040, 4037, 1346.67, 1
6501, 26198, 16, 0, 27484, 47496, 21298, 21282, 1331.12, 1
6502, 26199, 1, 0, 27485, 27485, 1286, 1285, 1286.00, 1
6503, 26200, 1, 0, 27487, 27487, 1287, 1286, 1287.00, 1
6504, 26201, 8, 0, 27489, 38222, 12021, 12013, 1502.62, 1
6505, 26202, 1, 0, 27491, 27491, 1289, 1288, 1289.00, 1
6506, 26221, 2, 0, 27507, 28868, 2647, 2645, 1323.50, 1
6507, 26232, 5, 0, 27515, 33271, 7039, 7034, 1407.80, 1
6508, 26236, 5, 0, 27518, 33275, 7039, 7034, 1407.80, 1
6509, 26242, 1, 0, 27522, 27522, 1280, 1279, 1280.00, 1
6510, 26244, 6, 0, 27525, 34860, 8616, 8610, 1436.00, 1
6511, 26246, 4, 0, 27527, 31759, 5513, 5509, 1378.25, 1
6512, 26247, 1, 0, 27529, 27529, 1282, 1281, 1282.00, 1
6513, 26248, 4, 0, 27531, 31763, 5515, 5511, 1378.75, 1
6514, 26259, 1, 0, 27540, 27540, 1281, 1280, 1281.00, 1
6515, 26266, 15, 0, 27548, 47022, 20756, 20741, 1383.73, 1
6516, 26278, 6, 0, 27558, 34894, 8616, 8610, 1436.00, 1
6517, 26279, 8, 0, 27560, 38316, 12037, 12029, 1504.62, 1
6518, 26281, 3, 0, 27563, 30318, 4037, 4034, 1345.67, 1
6519, 26282, 8, 0, 27565, 38325, 12043, 12035, 1505.38, 1
6520, 26284, 1, 0, 27568, 27568, 1284, 1283, 1284.00, 1
6521, 26286, 6, 0, 27570, 34910, 8624, 8618, 1437.33, 1
6522, 26291, 1, 0, 27575, 27575, 1284, 1283, 1284.00, 1
6523, 26293, 4, 0, 27578, 31807, 5514, 5510, 1378.50, 1
6524, 26294, 3, 0, 27580, 30329, 4035, 4032, 1345.00, 1
6525, 26297, 3, 0, 27584, 30334, 4037, 4034, 1345.67, 1
6526, 26305, 3, 0, 27591, 30338, 4033, 4030, 1344.33, 1
6527, 26306, 2, 0, 27593, 28947, 2641, 2639, 1320.50, 1
6528, 26321, 1, 0, 27606, 27606, 1285, 1284, 1285.00, 1
6529, 26322, 5, 0, 27608, 33358, 7036, 7031, 1407.20, 1
6530, 26324, 5, 0, 27611, 33370, 7046, 7041, 1409.20, 1
6531, 26325, 6, 0, 27613, 34947, 8622, 8616, 1437.00, 1
6532, 26336, 1, 0, 27622, 27622, 1286, 1285, 1286.00, 1
6533, 26338, 1, 0, 27625, 27625, 1287, 1286, 1287.00, 1
6534, 26339, 1, 0, 27627, 27627, 1288, 1287, 1288.00, 1
6535, 26341, 1, 0, 27629, 27629, 1288, 1287, 1288.00, 1
6536, 26344, 4, 0, 27633, 31866, 5522, 5518, 1380.50, 1
6537, 26352, 13, 0, 27640, 45716, 19364, 19351, 1489.54, 1
6538, 26355, 1, 0, 27644, 27644, 1289, 1288, 1289.00, 1
6539, 26359, 3, 0, 27649, 30400, 4041, 4038, 1347.00, 1
6540, 26361, 9, 0, 27651, 40219, 13858, 13849, 1539.78, 1
6541, 26363, 6, 0, 27653, 35000, 8637, 8631, 1439.50, 1
6542, 26366, 1, 0, 27656, 27656, 1290, 1289, 1290.00, 1
6543, 26377, 6, 0, 27666, 35013, 8636, 8630, 1439.33, 1
6544, 26383, 4, 0, 27672, 31906, 5523, 5519, 1380.75, 1
6545, 26385, 2, 0, 27675, 29032, 2647, 2645, 1323.50, 1
6546, 26387, 14, 0, 27678, 46483, 20096, 20082, 1435.43, 1
6547, 26390, 1, 0, 27682, 27682, 1292, 1291, 1292.00, 1
6548, 26391, 1, 0, 27683, 27683, 1292, 1291, 1292.00, 1
6549, 26393, 3, 0, 27686, 30433, 4040, 4037, 1346.67, 1
6550, 26402, 5, 0, 27694, 33462, 7060, 7055, 1412.00, 1
6551, 26408, 10, 0, 27701, 42186, 15778, 15768, 1577.80, 1
6552, 26414, 1, 0, 27708, 27708, 1294, 1293, 1294.00, 1
6553, 26416, 1, 0, 27709, 27709, 1293, 1292, 1293.00, 1
6554, 26418, 1, 0, 27712, 27712, 1294, 1293, 1294.00, 1
6555, 26424, 1, 0, 27718, 27718, 1294, 1293, 1294.00, 1
6556, 26427, 5, 0, 27721, 33491, 7064, 7059, 1412.80, 1
6557, 26438, 7, 0, 27731, 36752, 10314, 10307, 1473.43, 1
6558, 26439, 1, 0, 27733, 27733, 1294, 1293, 1294.00, 1
6559, 26449, 3, 0, 27743, 30496, 4047, 4044, 1349.00, 1
6560, 26452, 6, 0, 27745, 35095, 8643, 8637, 1440.50, 1
6561, 26455, 1, 0, 27748, 27748, 1293, 1292, 1293.00, 1
6562, 26465, 2, 0, 27757, 29111, 2646, 2644, 1323.00, 1
6563, 26467, 1, 0, 27760, 27760, 1293, 1292, 1293.00, 1
6564, 26474, 5, 0, 27767, 33538, 7064, 7059, 1412.80, 1
6565, 26475, 9, 0, 27769, 40364, 13889, 13880, 1543.22, 1
6566, 26479, 22, 0, 27774, 49023, 22544, 22522, 1024.73, 1
6567, 26481, 6, 0, 27775, 35130, 8649, 8643, 1441.50, 1
6568, 26490, 1, 0, 27784, 27784, 1294, 1293, 1294.00, 1
6569, 26491, 3, 0, 27786, 30545, 4054, 4051, 1351.33, 1
6570, 26493, 4, 0, 27788, 32030, 5537, 5533, 1384.25, 1
6571, 26495, 3, 0, 27791, 30554, 4059, 4056, 1353.00, 1
6572, 26497, 2, 0, 27793, 29150, 2653, 2651, 1326.50, 1
6573, 26499, 4, 0, 27796, 32041, 5542, 5538, 1385.50, 1
6574, 26500, 11, 0, 27798, 43728, 17228, 17217, 1566.18, 1
6575, 26502, 3, 0, 27800, 30565, 4063, 4060, 1354.33, 1
6576, 26504, 7, 0, 27803, 36836, 10332, 10325, 1476.00, 1
6577, 26505, 2, 0, 27805, 29167, 2662, 2660, 1331.00, 1
6578, 26509, 16, 0, 27809, 47588, 21079, 21063, 1317.44, 1
6579, 26521, 1, 0, 27821, 27821, 1300, 1299, 1300.00, 1
6580, 26525, 2, 0, 27824, 29192, 2667, 2665, 1333.50, 1
6581, 26530, 3, 0, 27829, 30606, 4076, 4073, 1358.67, 1
6582, 26535, 6, 0, 27834, 35214, 8679, 8673, 1446.50, 1
6583, 26536, 4, 0, 27836, 32091, 5555, 5551, 1388.75, 1
6584, 26544, 4, 0, 27843, 32094, 5550, 5546, 1387.50, 1
6585, 26545, 1, 0, 27845, 27845, 1300, 1299, 1300.00, 1
6586, 26546, 2, 0, 27847, 29214, 2668, 2666, 1334.00, 1
6587, 26550, 2, 0, 27851, 29219, 2669, 2667, 1334.50, 1
6588, 26554, 2, 0, 27855, 29224, 2670, 2668, 1335.00, 1
6589, 26557, 2, 0, 27859, 29228, 2671, 2669, 1335.50, 1
6590, 26560, 2, 0, 27863, 29232, 2672, 2670, 1336.00, 1
6591, 26561, 8, 0, 27865, 38682, 12121, 12113, 1515.12, 1
6592, 26563, 4, 0, 27867, 32121, 5558, 5554, 1389.50, 1
6593, 26564, 6, 0, 27869, 35248, 8684, 8678, 1447.33, 1
6594, 26568, 16, 0, 27871, 47605, 21037, 21021, 1314.81, 1
6595, 26569, 2, 0, 27873, 29244, 2675, 2673, 1337.50, 1
6596, 26573, 4, 0, 27878, 32133, 5560, 5556, 1390.00, 1
6597, 26579, 6, 0, 27883, 35262, 8683, 8677, 1447.17, 1
6598, 26581, 9, 0, 27884, 40531, 13950, 13941, 1550.00, 1
6599, 26585, 3, 0, 27889, 30660, 4075, 4072, 1358.33, 1
6600, 26587, 1, 0, 27891, 27891, 1304, 1303, 1304.00, 1
6601, 26589, 2, 0, 27892, 29263, 2674, 2672, 1337.00, 1
6602, 26598, 5, 0, 27901, 33697, 7099, 7094, 1419.80, 1
6603, 26600, 1, 0, 27903, 27903, 1303, 1302, 1303.00, 1
6604, 26603, 5, 0, 27907, 33708, 7105, 7100, 1421.00, 1
6605, 26606, 1, 0, 27909, 27909, 1303, 1302, 1303.00, 1
6606, 26607, 13, 0, 27910, 45862, 19255, 19242, 1481.15, 1
6607, 26608, 3, 0, 27912, 30691, 4083, 4080, 1361.00, 1
6608, 26612, 1, 0, 27917, 27917, 1305, 1304, 1305.00, 1
6609, 26616, 3, 0, 27922, 30693, 4077, 4074, 1359.00, 1
6610, 26619, 6, 0, 27926, 35319, 8700, 8694, 1450.00, 1
6611, 26620, 3, 0, 27928, 30699, 4079, 4076, 1359.67, 1
6612, 26624, 7, 0, 27933, 37002, 10378, 10371, 1482.57, 1
6613, 26627, 4, 0, 27937, 32192, 5565, 5561, 1391.25, 1
6614, 26630, 2, 0, 27941, 29309, 2679, 2677, 1339.50, 1
6615, 26632, 7, 0, 27944, 37011, 10379, 10372, 1482.71, 1
6616, 26633, 10, 0, 27946, 42443, 15810, 15800, 1581.00, 1
6617, 26636, 1, 0, 27950, 27950, 1314, 1313, 1314.00, 1
6618, 26638, 4, 0, 27953, 32201, 5563, 5559, 1390.75, 1
6619, 26639, 1, 0, 27955, 27955, 1316, 1315, 1316.00, 1
6620, 26645, 7, 0, 27962, 37026, 10381, 10374, 1483.00, 1
6621, 26651, 1, 0, 27969, 27969, 1318, 1317, 1318.00, 1
6622, 26652, 1, 0, 27971, 27971, 1319, 1318, 1319.00, 1
6623, 26654, 5, 0, 27973, 33760, 7106, 7101, 1421.20, 1
6624, 26658, 11, 0, 27978, 43883, 17225, 17214, 1565.91, 1
6625, 26662, 2, 0, 27981, 29346, 2684, 2682, 1342.00, 1
6626, 26668, 5, 0, 27988, 33794, 7126, 7121, 1425.20, 1
6627, 26672, 1, 0, 27993, 27993, 1321, 1320, 1321.00, 1
6628, 26674, 10, 0, 27995, 42514, 15840, 15830, 1584.00, 1
6629, 26676, 1, 0, 27998, 27998, 1322, 1321, 1322.00, 1
6630, 26685, 1, 0, 28005, 28005, 1320, 1319, 1320.00, 1
6631, 26687, 6, 0, 28008, 35418, 8731, 8725, 1455.17, 1
6632, 26688, 3, 0, 28010, 30784, 4096, 4093, 1365.33, 1
6633, 26691, 2, 0, 28014, 29380, 2689, 2687, 1344.50, 1
6634, 26696, 1, 0, 28019, 28019, 1323, 1322, 1323.00, 1
6635, 26698, 4, 0, 28022, 32289, 5591, 5587, 1397.75, 1
6636, 26704, 7, 0, 28028, 37145, 10441, 10434, 1491.57, 1
6637, 26708, 5, 0, 28033, 33858, 7150, 7145, 1430.00, 1
6638, 26713, 1, 0, 28037, 28037, 1324, 1323, 1324.00, 1
6639, 26715, 10, 0, 28040, 42570, 15855, 15845, 1585.50, 1
6640, 26717, 14, 0, 28042, 46618, 19901, 19887, 1421.50, 1
6641, 26722, 6, 0, 28047, 35481, 8759, 8753, 1459.83, 1
6642, 26726, 16, 0, 28052, 47652, 20926, 20910, 1307.88, 1
6643, 26737, 7, 0, 28059, 37186, 10449, 10442, 1492.71, 1
6644, 26742, 7, 0, 28064, 37191, 10449, 10442, 1492.71, 1
6645, 26746, 1, 0, 28068, 28068, 1322, 1321, 1322.00, 1
6646, 26748, 11, 0, 28070, 43983, 17235, 17224, 1566.82, 1
6647, 26753, 7, 0, 28075, 37202, 10449, 10442, 1492.71, 1
6648, 26758, 25, 0, 28079, 49281, 22523, 22498, 900.92, 1
6649, 26761, 6, 0, 28082, 35518, 8757, 8751, 1459.50, 1
6650, 26773, 5, 0, 28094, 33911, 7138, 7133, 1427.60, 1
6651, 26775, 1, 0, 28097, 28097, 1322, 1321, 1322.00, 1
6652, 26780, 4, 0, 28102, 32377, 5597, 5593, 1399.25, 1
6653, 26781, 1, 0, 28104, 28104, 1323, 1322, 1323.00, 1
6654, 26783, 2, 0, 28107, 29469, 2686, 2684, 1343.00, 1
6655, 26785, 1, 0, 28109, 28109, 1324, 1323, 1324.00, 1
6656, 26790, 7, 0, 28115, 37265, 10475, 10468, 1496.43, 1
6657, 26794, 12, 0, 28119, 45127, 18333, 18321, 1527.75, 1
6658, 26797, 4, 0, 28123, 32401, 5604, 5600, 1401.00, 1
6659, 26801, 2, 0, 28126, 29490, 2689, 2687, 1344.50, 1
6660, 26806, 3, 0, 28131, 30923, 4117, 4114, 1372.33, 1
6661, 26809, 2, 0, 28134, 29500, 2691, 2689, 1345.50, 1
6662, 26811, 2, 0, 28137, 29502, 2691, 2689, 1345.50, 1
6663, 26817, 8, 0, 28144, 39062, 12245, 12237, 1530.62, 1
6664, 26819, 4, 0, 28146, 32426, 5607, 5603, 1401.75, 1
6665, 26824, 1, 0, 28152, 28152, 1328, 1327, 1328.00, 1
6666, 26825, 2, 0, 28154, 29519, 2694, 2692, 1347.00, 1
6667, 26830, 5, 0, 28158, 33992, 7162, 7157, 1432.40, 1
6668, 26833, 4, 0, 28161, 32443, 5610, 5606, 1402.50, 1
6669, 26835, 2, 0, 28164, 29529, 2694, 2692, 1347.00, 1
6670, 26844, 5, 0, 28170, 34000, 7156, 7151, 1431.20, 1
6671, 26846, 9, 0, 28172, 40951, 14105, 14096, 1567.22, 1
6672, 26848, 1, 0, 28174, 28174, 1326, 1325, 1326.00, 1
6673, 26857, 7, 0, 28183, 37361, 10504, 10497, 1500.57, 1
6674, 26867, 21, 0, 28192, 48944, 22077, 22056, 1051.29, 1
6675, 26876, 3, 0, 28199, 30995, 4119, 4116, 1373.00, 1
6676, 26879, 4, 0, 28201, 32495, 5616, 5612, 1404.00, 1
6677, 26898, 12, 0, 28215, 45195, 18297, 18285, 1524.75, 1
6678, 26905, 2, 0, 28223, 29592, 2687, 2685, 1343.50, 1
6679, 26915, 3, 0, 28234, 31027, 4112, 4109, 1370.67, 1
6680, 26920, 9, 0, 28240, 41063, 14143, 14134, 1571.44, 1
6681, 26921, 20, 0, 28241, 48789, 21868, 21848, 1093.40, 1
6682, 26924, 6, 0, 28244, 35716, 8792, 8786, 1465.33, 1
6683, 26935, 1, 0, 28253, 28253, 1318, 1317, 1318.00, 1
6684, 26940, 6, 0, 28258, 35732, 8792, 8786, 1465.33, 1
6685, 26941, 6, 0, 28260, 35734, 8793, 8787, 1465.50, 1
6686, 26947, 1, 0, 28265, 28265, 1318, 1317, 1318.00, 1
6687, 26950, 5, 0, 28269, 34110, 7160, 7155, 1432.00, 1
6688, 26951, 7, 0, 28271, 37449, 10498, 10491, 1499.71, 1
6689, 26957, 2, 0, 28275, 29645, 2688, 2686, 1344.00, 1
6690, 26959, 1, 0, 28277, 28277, 1318, 1317, 1318.00, 1
6691, 26960, 3, 0, 28279, 31080, 4120, 4117, 1373.33, 1
6692, 26961, 10, 0, 28281, 42836, 15875, 15865, 1587.50, 1
6693, 26965, 2, 0, 28284, 29655, 2690, 2688, 1345.00, 1
6694, 26967, 2, 0, 28287, 29658, 2691, 2689, 1345.50, 1
6695, 26974, 4, 0, 28293, 32583, 5609, 5605, 1402.25, 1
6696, 26976, 1, 0, 28295, 28295, 1319, 1318, 1319.00, 1
6697, 26979, 7, 0, 28299, 37473, 10494, 10487, 1499.14, 1
6698, 26982, 11, 0, 28301, 44180, 17198, 17187, 1563.45, 1
6699, 26983, 1, 0, 28303, 28303, 1320, 1319, 1320.00, 1
6700, 26986, 5, 0, 28307, 34151, 7165, 7160, 1433.00, 1
6701, 26989, 2, 0, 28311, 29683, 2694, 2692, 1347.00, 1
6702, 26990, 1, 0, 28312, 28312, 1322, 1321, 1322.00, 1
6703, 26995, 2, 0, 28316, 29688, 2693, 2691, 1346.50, 1
6704, 27001, 7, 0, 28320, 37506, 10505, 10498, 1500.71, 1
6705, 27004, 14, 0, 28323, 46747, 19743, 19729, 1410.21, 1
6706, 27005, 2, 0, 28324, 29696, 2691, 2689, 1345.50, 1
6707, 27009, 1, 0, 28327, 28327, 1318, 1317, 1318.00, 1
6708, 27013, 2, 0, 28332, 29702, 2689, 2687, 1344.50, 1
6709, 27015, 1, 0, 28335, 28335, 1320, 1319, 1320.00, 1
6710, 27023, 5, 0, 28342, 34188, 7165, 7160, 1433.00, 1
6711, 27026, 2, 0, 28344, 29713, 2687, 2685, 1343.50, 1
6712, 27029, 1, 0, 28348, 28348, 1319, 1318, 1319.00, 1
6713, 27032, 6, 0, 28351, 35834, 8802, 8796, 1467.00, 1
6714, 27036, 1, 0, 28356, 28356, 1320, 1319, 1320.00, 1
6715, 27039, 3, 0, 28360, 31172, 4133, 4130, 1377.67, 1
6716, 27041, 3, 0, 28363, 31176, 4135, 4132, 1378.33, 1
6717, 27044, 1, 0, 28366, 28366, 1322, 1321, 1322.00, 1
6718, 27046, 1, 0, 28369, 28369, 1323, 1322, 1323.00, 1
6719, 27050, 3, 0, 28374, 31184, 4134, 4131, 1378.00, 1
6720, 27054, 2, 0, 28378, 29752, 2698, 2696, 1349.00, 1
6721, 27055, 6, 0, 28380, 35874, 8819, 8813, 1469.83, 1
6722, 27063, 1, 0, 28388, 28388, 1325, 1324, 1325.00, 1
6723, 27071, 3, 0, 28396, 31206, 4135, 4132, 1378.33, 1
6724, 27073, 2, 0, 28398, 29772, 2699, 2697, 1349.50, 1
6725, 27075, 2, 0, 28399, 29773, 2698, 2696, 1349.00, 1
6726, 27077, 1, 0, 28402, 28402, 1325, 1324, 1325.00, 1
6727, 27079, 5, 0, 28405, 34263, 7184, 7179, 1436.80, 1
6728, 27082, 3, 0, 28409, 31214, 4132, 4129, 1377.33, 1
6729, 27084, 4, 0, 28412, 32712, 5628, 5624, 1407.00, 1
6730, 27089, 8, 0, 28414, 39400, 12311, 12303, 1538.88, 1
6731, 27096, 3, 0, 28422, 31228, 4132, 4129, 1377.33, 1
6732, 27100, 2, 0, 28427, 29796, 2696, 2694, 1348.00, 1
6733, 27101, 1, 0, 28429, 28429, 1328, 1327, 1328.00, 1
6734, 27103, 1, 0, 28431, 28431, 1328, 1327, 1328.00, 1
6735, 27104, 4, 0, 28432, 32732, 5628, 5624, 1407.00, 1
6736, 27107, 7, 0, 28436, 37657, 10550, 10543, 1507.14, 1
6737, 27112, 1, 0, 28440, 28440, 1328, 1327, 1328.00, 1
6738, 27115, 6, 0, 28442, 35953, 8838, 8832, 1473.00, 1
6739, 27120, 1, 0, 28447, 28447, 1327, 1326, 1327.00, 1
6740, 27121, 1, 0, 28449, 28449, 1328, 1327, 1328.00, 1
6741, 27127, 6, 0, 28455, 35972, 8845, 8839, 1474.17, 1
6742, 27135, 1, 0, 28464, 28464, 1329, 1328, 1329.00, 1
6743, 27137, 3, 0, 28467, 31280, 4143, 4140, 1381.00, 1
6744, 27141, 7, 0, 28472, 37708, 10567, 10560, 1509.57, 1
6745, 27146, 5, 0, 28476, 34352, 7206, 7201, 1441.20, 1
6746, 27147, 9, 0, 28478, 41386, 14239, 14230, 1582.11, 1
6747, 27159, 12, 0, 28490, 45359, 18200, 18188, 1516.67, 1
6748, 27169, 9, 0, 28498, 41413, 14244, 14235, 1582.67, 1
6749, 27173, 1, 0, 28502, 28502, 1329, 1328, 1329.00, 1
6750, 27176, 8, 0, 28506, 39519, 12343, 12335, 1542.88, 1
6751, 27181, 8, 0, 28511, 39527, 12346, 12338, 1543.25, 1
6752, 27182, 5, 0, 28512, 34396, 7214, 7209, 1442.80, 1
6753, 27187, 3, 0, 28518, 31330, 4143, 4140, 1381.00, 1
6754, 27192, 4, 0, 28523, 32841, 5649, 5645, 1412.25, 1
6755, 27195, 2, 0, 28527, 29905, 2710, 2708, 1355.00, 1
6756, 27196, 4, 0, 28529, 32848, 5652, 5648, 1413.00, 1
6757, 27197, 18, 0, 28531, 48396, 21199, 21181, 1177.72, 1
6758, 27199, 8, 0, 28534, 39552, 12353, 12345, 1544.12, 1
6759, 27202, 1, 0, 28537, 28537, 1335, 1334, 1335.00, 1
6760, 27206, 1, 0, 28542, 28542, 1336, 1335, 1336.00, 1
6761, 27210, 4, 0, 28546, 32868, 5658, 5654, 1414.50, 1
6762, 27212, 7, 0, 28548, 37794, 10582, 10575, 1511.71, 1
6763, 27214, 5, 0, 28551, 34440, 7226, 7221, 1445.20, 1
6764, 27219, 3, 0, 28556, 31376, 4157, 4154, 1385.67, 1
6765, 27223, 1, 0, 28560, 28560, 1337, 1336, 1337.00, 1
6766, 27224, 1, 0, 28562, 28562, 1338, 1337, 1338.00, 1
6767, 27226, 7, 0, 28564, 37825, 10599, 10592, 1514.14, 1
6768, 27227, 7, 0, 28566, 37835, 10608, 10601, 1515.43, 1
6769, 27228, 13, 0, 28568, 46204, 18976, 18963, 1459.69, 1
6770, 27232, 4, 0, 28573, 32908, 5676, 5672, 1419.00, 1
6771, 27234, 11, 0, 28576, 44398, 17164, 17153, 1560.36, 1
6772, 27237, 3, 0, 28580, 31404, 4167, 4164, 1389.00, 1
6773, 27239, 5, 0, 28582, 34487, 7248, 7243, 1449.60, 1
6774, 27240, 2, 0, 28584, 29965, 2725, 2723, 1362.50, 1
6775, 27241, 1, 0, 28586, 28586, 1345, 1344, 1345.00, 1
6776, 27243, 4, 0, 28589, 32928, 5685, 5681, 1421.25, 1
6777, 27245, 2, 0, 28592, 29970, 2725, 2723, 1362.50, 1
6778, 27248, 13, 0, 28594, 46217, 18969, 18956, 1459.15, 1
6779, 27250, 1, 0, 28596, 28596, 1346, 1345, 1346.00, 1
6780, 27252, 2, 0, 28599, 29975, 2723, 2721, 1361.50, 1
6781, 27254, 1, 0, 28601, 28601, 1347, 1346, 1347.00, 1
6782, 27258, 4, 0, 28606, 32945, 5687, 5683, 1421.75, 1
6783, 27259, 11, 0, 28608, 44427, 17168, 17157, 1560.73, 1
6784, 27266, 1, 0, 28613, 28613, 1347, 1346, 1347.00, 1
6785, 27268, 1, 0, 28616, 28616, 1348, 1347, 1348.00, 1
6786, 27271, 11, 0, 28620, 44439, 17168, 17157, 1560.73, 1
6787, 27278, 4, 0, 28626, 32964, 5686, 5682, 1421.50, 1
6788, 27287, 1, 0, 28635, 28635, 1348, 1347, 1348.00, 1
6789, 27291, 5, 0, 28640, 34534, 7243, 7238, 1448.60, 1
6790, 27297, 1, 0, 28647, 28647, 1350, 1349, 1350.00, 1
6791, 27304, 8, 0, 28654, 39711, 12407, 12399, 1550.88, 1
6792, 27306, 2, 0, 28656, 30035, 2729, 2727, 1364.50, 1
6793, 27313, 3, 0, 28662, 31487, 4174, 4171, 1391.33, 1
6794, 27323, 1, 0, 28672, 28672, 1349, 1348, 1349.00, 1
6795, 27326, 12, 0, 28676, 45476, 18150, 18138, 1512.50, 1
6796, 27327, 7, 0, 28678, 37970, 10643, 10636, 1520.43, 1
6797, 27328, 10, 0, 28679, 43233, 15905, 15895, 1590.50, 1
6798, 27332, 2, 0, 28683, 30064, 2732, 2730, 1366.00, 1
6799, 27335, 17, 0, 28687, 48162, 20827, 20810, 1225.12, 1
6800, 27339, 3, 0, 28691, 31516, 4177, 4174, 1392.33, 1
6801, 27340, 3, 0, 28693, 31518, 4178, 4175, 1392.67, 1
6802, 27344, 3, 0, 28697, 31525, 4181, 4178, 1393.67, 1
6803, 27345, 1, 0, 28699, 28699, 1354, 1353, 1354.00, 1
6804, 27350, 5, 0, 28705, 34610, 7260, 7255, 1452.00, 1
6805, 27351, 5, 0, 28707, 34612, 7261, 7256, 1452.20, 1
6806, 27359, 2, 0, 28715, 30098, 2739, 2737, 1369.50, 1
6807, 27362, 7, 0, 28718, 38020, 10658, 10651, 1522.57, 1
6808, 27365, 7, 0, 28722, 38023, 10658, 10651, 1522.57, 1
6809, 27366, 2, 0, 28723, 30106, 2740, 2738, 1370.00, 1
6810, 27380, 17, 0, 28736, 48176, 20796, 20779, 1223.29, 1
6811, 27381, 3, 0, 28738, 31568, 4187, 4184, 1395.67, 1
6812, 27382, 16, 0, 28740, 47858, 20476, 20460, 1279.75, 1
6813, 27384, 9, 0, 28743, 41745, 14361, 14352, 1595.67, 1
6814, 27395, 1, 0, 28752, 28752, 1357, 1356, 1357.00, 1
6815, 27400, 4, 0, 28757, 33116, 5716, 5712, 1429.00, 1
6816, 27402, 6, 0, 28759, 36352, 8950, 8944, 1491.67, 1
6817, 27403, 1, 0, 28761, 28761, 1358, 1357, 1358.00, 1
6818, 27409, 2, 0, 28768, 30150, 2741, 2739, 1370.50, 1
6819, 27414, 8, 0, 28774, 39897, 12483, 12475, 1560.38, 1
6820, 27416, 3, 0, 28777, 31611, 4195, 4192, 1398.33, 1
6821, 27423, 5, 0, 28784, 34720, 7297, 7292, 1459.40, 1
6822, 27425, 3, 0, 28787, 31627, 4202, 4199, 1400.67, 1
6823, 27426, 4, 0, 28789, 33162, 5736, 5732, 1434.00, 1
6824, 27427, 12, 0, 28791, 45574, 18147, 18135, 1512.25, 1
6825, 27429, 4, 0, 28793, 33168, 5739, 5735, 1434.75, 1
6826, 27430, 2, 0, 28794, 30179, 2749, 2747, 1374.50, 1
6827, 27431, 8, 0, 28796, 39938, 12507, 12499, 1563.38, 1
6828, 27437, 5, 0, 28803, 34747, 7310, 7305, 1462.00, 1
6829, 27439, 11, 0, 28806, 44625, 17186, 17175, 1562.36, 1
6830, 27449, 2, 0, 28814, 30201, 2752, 2750, 1376.00, 1
6831, 27453, 8, 0, 28817, 39975, 12522, 12514, 1565.25, 1
6832, 27458, 6, 0, 28823, 36440, 8982, 8976, 1497.00, 1
6833, 27463, 1, 0, 28828, 28828, 1365, 1364, 1365.00, 1
6834, 27465, 3, 0, 28830, 31684, 4219, 4216, 1406.33, 1
6835, 27469, 6, 0, 28835, 36449, 8980, 8974, 1496.67, 1
6836, 27473, 4, 0, 28839, 33225, 5752, 5748, 1438.00, 1
6837, 27492, 4, 0, 28854, 33246, 5754, 5750, 1438.50, 1
6838, 27497, 5, 0, 28859, 34823, 7326, 7321, 1465.20, 1
6839, 27512, 3, 0, 28873, 31737, 4225, 4222, 1408.33, 1
6840, 27514, 2, 0, 28876, 30267, 2753, 2751, 1376.50, 1
6841, 27518, 11, 0, 28881, 44692, 17174, 17163, 1561.27, 1
6842, 27520, 11, 0, 28884, 44693, 17173, 17162, 1561.18, 1
6843, 27534, 7, 0, 28896, 38280, 10746, 10739, 1535.14, 1
6844, 27539, 3, 0, 28900, 31772, 4233, 4230, 1411.00, 1
6845, 27540, 20, 0, 28901, 48867, 21327, 21307, 1066.35, 1
6846, 27541, 1, 0, 28902, 28902, 1361, 1360, 1361.00, 1
6847, 27546, 1, 0, 28907, 28907, 1361, 1360, 1361.00, 1
6848, 27548, 2, 0, 28908, 30302, 2754, 2752, 1377.00, 1
6849, 27549, 3, 0, 28910, 31781, 4232, 4229, 1410.67, 1
6850, 27550, 5, 0, 28911, 34887, 7337, 7332, 1467.40, 1
6851, 27568, 7, 0, 28926, 38330, 10762, 10755, 1537.43, 1
6852, 27572, 1, 0, 28930, 28930, 1358, 1357, 1358.00, 1
6853, 27580, 1, 0, 28935, 28935, 1355, 1354, 1355.00, 1
6854, 27581, 1, 0, 28937, 28937, 1356, 1355, 1356.00, 1
6855, 27583, 2, 0, 28939, 30332, 2749, 2747, 1374.50, 1
6856, 27593, 1, 0, 28946, 28946, 1353, 1352, 1353.00, 1
6857, 27600, 1, 0, 28954, 28954, 1354, 1353, 1354.00, 1
6858, 27610, 8, 0, 28963, 40156, 12546, 12538, 1568.25, 1
6859, 27617, 2, 0, 28971, 30364, 2747, 2745, 1373.50, 1
6860, 27621, 12, 0, 28975, 45704, 18083, 18071, 1506.92, 1
6861, 27623, 3, 0, 28977, 31850, 4227, 4224, 1409.00, 1
6862, 27630, 3, 0, 28982, 31857, 4227, 4224, 1409.00, 1
6863, 27634, 17, 0, 28987, 48247, 20613, 20596, 1212.53, 1
6864, 27640, 7, 0, 28994, 38399, 10759, 10752, 1537.00, 1
6865, 27643, 2, 0, 28998, 30395, 2752, 2750, 1376.00, 1
6866, 27645, 2, 0, 29000, 30397, 2752, 2750, 1376.00, 1
6867, 27647, 13, 0, 29003, 46463, 18816, 18803, 1447.38, 1
6868, 27655, 5, 0, 29009, 35002, 7347, 7342, 1469.40, 1
6869, 27658, 2, 0, 29012, 30409, 2751, 2749, 1375.50, 1
6870, 27660, 1, 0, 29015, 29015, 1355, 1354, 1355.00, 1
6871, 27665, 2, 0, 29019, 30413, 2748, 2746, 1374.00, 1
6872, 27667, 4, 0, 29022, 33436, 5769, 5765, 1442.25, 1
6873, 27669, 6, 0, 29024, 36684, 9015, 9009, 1502.50, 1
6874, 27674, 12, 0, 29030, 45737, 18063, 18051, 1505.25, 1
6875, 27678, 9, 0, 29035, 42175, 14497, 14488, 1610.78, 1
6876, 27683, 1, 0, 29040, 29040, 1357, 1356, 1357.00, 1
6877, 27688, 2, 0, 29043, 30436, 2748, 2746, 1374.00, 1
6878, 27695, 6, 0, 29051, 36714, 9019, 9013, 1503.17, 1
6879, 27704, 7, 0, 29061, 38477, 10773, 10766, 1539.00, 1
6880, 27705, 1, 0, 29062, 29062, 1357, 1356, 1357.00, 1
6881, 27709, 6, 0, 29066, 36738, 9029, 9023, 1504.83, 1
6882, 27710, 1, 0, 29067, 29067, 1357, 1356, 1357.00, 1
6883, 27716, 1, 0, 29073, 29073, 1357, 1356, 1357.00, 1
6884, 27718, 1, 0, 29075, 29075, 1357, 1356, 1357.00, 1
6885, 27721, 2, 0, 29078, 30471, 2750, 2748, 1375.00, 1
6886, 27724, 3, 0, 29082, 31957, 4233, 4230, 1411.00, 1
6887, 27725, 1, 0, 29084, 29084, 1359, 1358, 1359.00, 1
6888, 27726, 1, 0, 29086, 29086, 1360, 1359, 1360.00, 1
6889, 27728, 3, 0, 29088, 31962, 4234, 4231, 1411.33, 1
6890, 27739, 2, 0, 29097, 30491, 2752, 2750, 1376.00, 1
6891, 27741, 1, 0, 29099, 29099, 1358, 1357, 1358.00, 1
6892, 27747, 9, 0, 29104, 42226, 14479, 14470, 1608.78, 1
6893, 27752, 3, 0, 29108, 31983, 4231, 4228, 1410.33, 1
6894, 27760, 1, 0, 29113, 29113, 1353, 1352, 1353.00, 1
6895, 27765, 5, 0, 29118, 35117, 7352, 7347, 1470.40, 1
6896, 27767, 13, 0, 29119, 46505, 18738, 18725, 1441.38, 1
6897, 27771, 4, 0, 29124, 33541, 5770, 5766, 1442.50, 1
6898, 27775, 2, 0, 29128, 30529, 2754, 2752, 1377.00, 1
6899, 27776, 3, 0, 29130, 32012, 4236, 4233, 1412.00, 1
6900, 27777, 2, 0, 29131, 30532, 2755, 2753, 1377.50, 1
6901, 27779, 2, 0, 29133, 30534, 2755, 2753, 1377.50, 1
6902, 27780, 4, 0, 29135, 33557, 5777, 5773, 1444.25, 1
6903, 27784, 1, 0, 29140, 29140, 1356, 1355, 1356.00, 1
6904, 27786, 14, 0, 29141, 47097, 19311, 19297, 1379.36, 1
6905, 27787, 1, 0, 29143, 29143, 1356, 1355, 1356.00, 1
6906, 27795, 6, 0, 29152, 36822, 9027, 9021, 1504.50, 1
6907, 27797, 5, 0, 29154, 35159, 7362, 7357, 1472.40, 1
6908, 27798, 1, 0, 29156, 29156, 1358, 1357, 1358.00, 1
6909, 27801, 4, 0, 29160, 33585, 5784, 5780, 1446.00, 1
6910, 27802, 1, 0, 29162, 29162, 1360, 1359, 1360.00, 1
6911, 27803, 1, 0, 29164, 29164, 1361, 1360, 1361.00, 1
6912, 27806, 3, 0, 29168, 32055, 4249, 4246, 1416.33, 1
6913, 27808, 6, 0, 29170, 36847, 9039, 9033, 1506.50, 1
6914, 27810, 2, 0, 29173, 30581, 2771, 2769, 1385.50, 1
6915, 27811, 7, 0, 29175, 38608, 10797, 10790, 1542.43, 1
6916, 27813, 4, 0, 29176, 33606, 5793, 5789, 1448.25, 1
6917, 27816, 4, 0, 29180, 33610, 5794, 5790, 1448.50, 1
6918, 27817, 1, 0, 29182, 29182, 1365, 1364, 1365.00, 1
6919, 27821, 8, 0, 29186, 40447, 12626, 12618, 1578.25, 1
6920, 27822, 1, 0, 29187, 29187, 1365, 1364, 1365.00, 1
6921, 27823, 4, 0, 29189, 33617, 5794, 5790, 1448.50, 1
6922, 27824, 3, 0, 29191, 32077, 4253, 4250, 1417.67, 1
6923, 27825, 2, 0, 29193, 30600, 2775, 2773, 1387.50, 1
6924, 27831, 2, 0, 29199, 30607, 2776, 2774, 1388.00, 1
6925, 27837, 8, 0, 29204, 40469, 12632, 12624, 1579.00, 1
6926, 27842, 1, 0, 29207, 29207, 1365, 1364, 1365.00, 1
6927, 27846, 1, 0, 29211, 29211, 1365, 1364, 1365.00, 1
6928, 27847, 1, 0, 29213, 29213, 1366, 1365, 1366.00, 1
6929, 27850, 6, 0, 29217, 36902, 9052, 9046, 1508.67, 1
6930, 27851, 10, 0, 29218, 43784, 15933, 15923, 1593.30, 1
6931, 27853, 2, 0, 29221, 30625, 2772, 2770, 1386.00, 1
6932, 27861, 15, 0, 29230, 47603, 19742, 19727, 1316.13, 1
6933, 27864, 3, 0, 29233, 32118, 4254, 4251, 1418.00, 1
6934, 27866, 1, 0, 29235, 29235, 1369, 1368, 1369.00, 1
6935, 27872, 1, 0, 29242, 29242, 1370, 1369, 1370.00, 1
6936, 27874, 12, 0, 29245, 45835, 17961, 17949, 1496.75, 1
6937, 27875, 3, 0, 29247, 32129, 4254, 4251, 1418.00, 1
6938, 27887, 9, 0, 29259, 42386, 14499, 14490, 1611.00, 1
6939, 27896, 2, 0, 29267, 30666, 2770, 2768, 1385.00, 1
6940, 27898, 9, 0, 29270, 42402, 14504, 14495, 1611.56, 1
6941, 27902, 1, 0, 29275, 29275, 1373, 1372, 1373.00, 1
6942, 27908, 4, 0, 29281, 33710, 5802, 5798, 1450.50, 1
6943, 27911, 2, 0, 29284, 30689, 2778, 2776, 1389.00, 1
6944, 27912, 8, 0, 29285, 40588, 12676, 12668, 1584.50, 1
6945, 27924, 2, 0, 29292, 30696, 2772, 2770, 1386.00, 1
6946, 27926, 1, 0, 29294, 29294, 1368, 1367, 1368.00, 1
6947, 27931, 2, 0, 29299, 30702, 2771, 2769, 1385.50, 1
6948, 27936, 3, 0, 29303, 32186, 4250, 4247, 1416.67, 1
6949, 27947, 9, 0, 29313, 42447, 14500, 14491, 1611.11, 1
6950, 27951, 14, 0, 29317, 47151, 19200, 19186, 1371.43, 1
6951, 27953, 5, 0, 29318, 35338, 7385, 7380, 1477.00, 1
6952, 27955, 10, 0, 29321, 43863, 15908, 15898, 1590.80, 1
6953, 27957, 4, 0, 29322, 33748, 5791, 5787, 1447.75, 1
6954, 27963, 2, 0, 29327, 30730, 2767, 2765, 1383.50, 1
6955, 27964, 5, 0, 29329, 35348, 7384, 7379, 1476.80, 1
6956, 27977, 8, 0, 29339, 40647, 12670, 12662, 1583.75, 1
6957, 27979, 8, 0, 29342, 40658, 12679, 12671, 1584.88, 1
6958, 27980, 15, 0, 29344, 47634, 19654, 19639, 1310.27, 1
6959, 27984, 1, 0, 29349, 29349, 1365, 1364, 1365.00, 1
6960, 27995, 7, 0, 29359, 38852, 10857, 10850, 1551.00, 1
6961, 27996, 5, 0, 29361, 35402, 7406, 7401, 1481.20, 1
6962, 27998, 3, 0, 29364, 32255, 4257, 4254, 1419.00, 1
6963, 28003, 1, 0, 29369, 29369, 1366, 1365, 1366.00, 1
6964, 28006, 10, 0, 29370, 43925, 15919, 15909, 1591.90, 1
6965, 28010, 2, 0, 29375, 30782, 2772, 2770, 1386.00, 1
6966, 28021, 4, 0, 29386, 33834, 5813, 5809, 1453.25, 1
6967, 28023, 8, 0, 29389, 40744, 12721, 12713, 1590.12, 1
6968, 28024, 6, 0, 29390, 37136, 9112, 9106, 1518.67, 1
6969, 28026, 11, 0, 29393, 45042, 17016, 17005, 1546.91, 1
6970, 28030, 16, 0, 29398, 48020, 19990, 19974, 1249.38, 1
6971, 28032, 1, 0, 29400, 29400, 1368, 1367, 1368.00, 1
6972, 28046, 2, 0, 29411, 30830, 2784, 2782, 1392.00, 1
6973, 28062, 4, 0, 29426, 33880, 5818, 5814, 1454.50, 1
6974, 28063, 5, 0, 29428, 35494, 7431, 7426, 1486.20, 1
6975, 28068, 2, 0, 29432, 30854, 2786, 2784, 1393.00, 1
6976, 28070, 3, 0, 29434, 32349, 4279, 4276, 1426.33, 1
6977, 28071, 2, 0, 29436, 30859, 2788, 2786, 1394.00, 1
6978, 28093, 4, 0, 29456, 33910, 5817, 5813, 1454.25, 1
6979, 28096, 15, 0, 29460, 47669, 19573, 19558, 1304.87, 1
6980, 28101, 3, 0, 29463, 32373, 4272, 4269, 1424.00, 1
6981, 28107, 1, 0, 29468, 29468, 1361, 1360, 1361.00, 1
6982, 28108, 2, 0, 29470, 30895, 2787, 2785, 1393.50, 1
6983, 28109, 22, 0, 29472, 49145, 21036, 21014, 956.18, 1
6984, 28111, 1, 0, 29473, 29473, 1362, 1361, 1362.00, 1
6985, 28113, 7, 0, 29476, 39010, 10897, 10890, 1556.71, 1
6986, 28115, 13, 0, 29478, 46666, 18551, 18538, 1427.00, 1
6987, 28117, 7, 0, 29481, 39029, 10912, 10905, 1558.86, 1
6988, 28123, 1, 0, 29486, 29486, 1363, 1362, 1363.00, 1
6989, 28128, 7, 0, 29492, 39043, 10915, 10908, 1559.29, 1
6990, 28130, 1, 0, 29495, 29495, 1365, 1364, 1365.00, 1
6991, 28131, 10, 0, 29497, 44049, 15918, 15908, 1591.80, 1
6992, 28140, 3, 0, 29503, 32418, 4278, 4275, 1426.00, 1
6993, 28142, 7, 0, 29506, 39060, 10918, 10911, 1559.71, 1
6994, 28148, 19, 0, 29513, 48778, 20630, 20611, 1085.79, 1
6995, 28149, 15, 0, 29515, 47698, 19549, 19534, 1303.27, 1
6996, 28157, 2, 0, 29522, 30947, 2790, 2788, 1395.00, 1
6997, 28167, 2, 0, 29532, 30956, 2789, 2787, 1394.50, 1
6998, 28170, 12, 0, 29536, 46014, 17844, 17832, 1487.00, 1
6999, 28174, 12, 0, 29541, 46017, 17843, 17831, 1486.92, 1
7000, 28177, 1, 0, 29544, 29544, 1367, 1366, 1367.00, 1
7001, 28178, 3, 0, 29545, 32462, 4284, 4281, 1428.00, 1
7002, 28180, 6, 0, 29548, 37345, 9165, 9159, 1527.50, 1
7003, 28181, 1, 0, 29549, 29549, 1368, 1367, 1368.00, 1
7004, 28183, 1, 0, 29552, 29552, 1369, 1368, 1369.00, 1
7005, 28184, 5, 0, 29554, 35654, 7470, 7465, 1494.00, 1
7006, 28190, 3, 0, 29560, 32483, 4293, 4290, 1431.00, 1
7007, 28193, 3, 0, 29563, 32486, 4293, 4290, 1431.00, 1
7008, 28205, 14, 0, 29574, 47263, 19058, 19044, 1361.29, 1
7009, 28213, 1, 0, 29580, 29580, 1367, 1366, 1367.00, 1
7010, 28219, 1, 0, 29586, 29586, 1367, 1366, 1367.00, 1
7011, 28223, 4, 0, 29591, 34071, 5848, 5844, 1462.00, 1
7012, 28226, 1, 0, 29593, 29593, 1367, 1366, 1367.00, 1
7013, 28229, 3, 0, 29596, 32517, 4288, 4285, 1429.33, 1
7014, 28235, 15, 0, 29603, 47719, 19484, 19469, 1298.93, 1
7015, 28237, 3, 0, 29605, 32524, 4287, 4284, 1429.00, 1
7016, 28243, 9, 0, 29611, 42802, 14559, 14550, 1617.67, 1
7017, 28250, 15, 0, 29618, 47724, 19474, 19459, 1298.27, 1
7018, 28252, 6, 0, 29620, 37434, 9182, 9176, 1530.33, 1
7019, 28256, 3, 0, 29623, 32549, 4293, 4290, 1431.00, 1
7020, 28257, 1, 0, 29625, 29625, 1368, 1367, 1368.00, 1
7021, 28260, 4, 0, 29629, 34101, 5841, 5837, 1460.25, 1
7022, 28262, 3, 0, 29631, 32555, 4293, 4290, 1431.00, 1
7023, 28266, 4, 0, 29635, 34107, 5841, 5837, 1460.25, 1
7024, 28272, 7, 0, 29641, 39218, 10946, 10939, 1563.71, 1
7025, 28275, 5, 0, 29644, 35749, 7474, 7469, 1494.80, 1
7026, 28276, 6, 0, 29646, 37460, 9184, 9178, 1530.67, 1
7027, 28278, 1, 0, 29648, 29648, 1370, 1369, 1370.00, 1
7028, 28283, 3, 0, 29653, 32574, 4291, 4288, 1430.33, 1
7029, 28285, 4, 0, 29656, 34124, 5839, 5835, 1459.75, 1
7030, 28293, 2, 0, 29663, 31093, 2800, 2798, 1400.00, 1
7031, 28299, 2, 0, 29667, 31098, 2799, 2797, 1399.50, 1
7032, 28301, 25, 0, 29670, 49333, 21032, 21007, 841.28, 1
7033, 28302, 1, 0, 29672, 29672, 1370, 1369, 1370.00, 1
7034, 28307, 5, 0, 29677, 35777, 7470, 7465, 1494.00, 1
7035, 28309, 6, 0, 29680, 37491, 9182, 9176, 1530.33, 1
7036, 28312, 7, 0, 29684, 39265, 10953, 10946, 1564.71, 1
7037, 28313, 5, 0, 29685, 35787, 7474, 7469, 1494.80, 1
7038, 28336, 1, 0, 29704, 29704, 1368, 1367, 1368.00, 1
7039, 28337, 2, 0, 29706, 31139, 2802, 2800, 1401.00, 1
7040, 28339, 2, 0, 29708, 31143, 2804, 2802, 1402.00, 1
7041, 28347, 1, 0, 29716, 29716, 1369, 1368, 1369.00, 1
7042, 28348, 3, 0, 29718, 32642, 4294, 4291, 1431.33, 1
7043, 28349, 3, 0, 29719, 32646, 4297, 4294, 1432.33, 1
7044, 28353, 4, 0, 29724, 34205, 5852, 5848, 1463.00, 1
7045, 28354, 19, 0, 29726, 48797, 20443, 20424, 1075.95, 1
7046, 28360, 2, 0, 29731, 31170, 2810, 2808, 1405.00, 1
7047, 28363, 4, 0, 29735, 34221, 5858, 5854, 1464.50, 1
7048, 28367, 4, 0, 29739, 34226, 5859, 5855, 1464.75, 1
7049, 28368, 3, 0, 29741, 32676, 4308, 4305, 1436.00, 1
7050, 28370, 1, 0, 29742, 29742, 1372, 1371, 1372.00, 1
7051, 28372, 9, 0, 29745, 42923, 14551, 14542, 1616.78, 1
7052, 28373, 1, 0, 29747, 29747, 1374, 1373, 1374.00, 1
7053, 28379, 1, 0, 29753, 29753, 1374, 1373, 1374.00, 1
7054, 28381, 1, 0, 29756, 29756, 1375, 1374, 1375.00, 1
7055, 28382, 16, 0, 29758, 48101, 19719, 19703, 1232.44, 1
7056, 28385, 5, 0, 29762, 35886, 7501, 7496, 1500.20, 1
7057, 28390, 2, 0, 29766, 31201, 2811, 2809, 1405.50, 1
7058, 28419, 3, 0, 29788, 32718, 4299, 4296, 1433.00, 1
7059, 28421, 8, 0, 29791, 41299, 12878, 12870, 1609.75, 1
7060, 28424, 1, 0, 29794, 29794, 1370, 1369, 1370.00, 1
7061, 28429, 4, 0, 29798, 34290, 5861, 5857, 1465.25, 1
7062, 28433, 2, 0, 29801, 31237, 2804, 2802, 1402.00, 1
7063, 28438, 7, 0, 29807, 39434, 10996, 10989, 1570.86, 1
7064, 28440, 1, 0, 29810, 29810, 1370, 1369, 1370.00, 1
7065, 28441, 4, 0, 29811, 34308, 5867, 5863, 1466.75, 1
7066, 28443, 8, 0, 29814, 41342, 12899, 12891, 1612.38, 1
7067, 28447, 2, 0, 29817, 31259, 2812, 2810, 1406.00, 1
7068, 28450, 1, 0, 29819, 29819, 1369, 1368, 1369.00, 1
7069, 28451, 1, 0, 29821, 29821, 1370, 1369, 1370.00, 1
7070, 28452, 4, 0, 29823, 34325, 5873, 5869, 1468.25, 1
7071, 28455, 6, 0, 29826, 37692, 9237, 9231, 1539.50, 1
7072, 28456, 3, 0, 29828, 32766, 4310, 4307, 1436.67, 1
7073, 28464, 1, 0, 29837, 29837, 1373, 1372, 1373.00, 1
7074, 28466, 9, 0, 29839, 43015, 14549, 14540, 1616.56, 1
7075, 28469, 4, 0, 29842, 34347, 5878, 5874, 1469.50, 1
7076, 28475, 4, 0, 29849, 34351, 5876, 5872, 1469.00, 1
7077, 28478, 2, 0, 29853, 31292, 2814, 2812, 1407.00, 1
7078, 28483, 2, 0, 29859, 31299, 2816, 2814, 1408.00, 1
7079, 28484, 10, 0, 29861, 44324, 15840, 15830, 1584.00, 1
7080, 28496, 3, 0, 29871, 32812, 4316, 4313, 1438.67, 1
7081, 28499, 1, 0, 29874, 29874, 1375, 1374, 1375.00, 1
7082, 28507, 1, 0, 29880, 29880, 1373, 1372, 1373.00, 1
7083, 28513, 1, 0, 29886, 29886, 1373, 1372, 1373.00, 1
7084, 28514, 11, 0, 29887, 45366, 16852, 16841, 1532.00, 1
7085, 28517, 8, 0, 29891, 41428, 12911, 12903, 1613.88, 1
7086, 28519, 2, 0, 29894, 31331, 2812, 2810, 1406.00, 1
7087, 28521, 2, 0, 29897, 31336, 2815, 2813, 1407.50, 1
7088, 28523, 2, 0, 29900, 31338, 2815, 2813, 1407.50, 1
7089, 28527, 3, 0, 29904, 32845, 4318, 4315, 1439.33, 1
7090, 28529, 5, 0, 29907, 36055, 7526, 7521, 1505.20, 1
7091, 28532, 6, 0, 29911, 37780, 9248, 9242, 1541.33, 1
7092, 28533, 8, 0, 29913, 41442, 12909, 12901, 1613.62, 1
7093, 28550, 4, 0, 29928, 34438, 5888, 5884, 1472.00, 1
7094, 28552, 13, 0, 29931, 46833, 18281, 18268, 1406.23, 1
7095, 28560, 3, 0, 29939, 32891, 4331, 4328, 1443.67, 1
7096, 28561, 7, 0, 29940, 39589, 11028, 11021, 1575.43, 1
7097, 28564, 1, 0, 29942, 29942, 1378, 1377, 1378.00, 1
7098, 28567, 2, 0, 29946, 31388, 2821, 2819, 1410.50, 1
7099, 28572, 2, 0, 29950, 31392, 2820, 2818, 1410.00, 1
7100, 28576, 2, 0, 29955, 31397, 2821, 2819, 1410.50, 1
7101, 28578, 22, 0, 29958, 49167, 20589, 20567, 935.86, 1
7102, 28581, 2, 0, 29962, 31406, 2825, 2823, 1412.50, 1
7103, 28592, 7, 0, 29969, 39637, 11045, 11038, 1577.86, 1
7104, 28600, 3, 0, 29976, 32936, 4336, 4333, 1445.33, 1
7105, 28607, 6, 0, 29983, 37886, 9279, 9273, 1546.50, 1
7106, 28610, 1, 0, 29987, 29987, 1377, 1376, 1377.00, 1
7107, 28618, 4, 0, 29992, 34517, 5899, 5895, 1474.75, 1
7108, 28620, 6, 0, 29995, 37898, 9278, 9272, 1546.33, 1
7109, 28627, 3, 0, 30003, 32965, 4338, 4335, 1446.00, 1
7110, 28628, 4, 0, 30005, 34524, 5896, 5892, 1474.00, 1
7111, 28632, 1, 0, 30009, 30009, 1377, 1376, 1377.00, 1
7112, 28633, 2, 0, 30011, 31451, 2818, 2816, 1409.00, 1
7113, 28636, 4, 0, 30013, 34529, 5893, 5889, 1473.25, 1
7114, 28645, 3, 0, 30022, 32983, 4338, 4335, 1446.00, 1
7115, 28648, 10, 0, 30025, 44454, 15806, 15796, 1580.60, 1
7116, 28649, 8, 0, 30026, 41604, 12955, 12947, 1619.38, 1
7117, 28650, 2, 0, 30028, 31471, 2821, 2819, 1410.50, 1
7118, 28653, 1, 0, 30031, 30031, 1378, 1377, 1378.00, 1
7119, 28657, 2, 0, 30036, 31480, 2823, 2821, 1411.50, 1
7120, 28659, 5, 0, 30038, 36208, 7549, 7544, 1509.80, 1
7121, 28660, 1, 0, 30040, 30040, 1380, 1379, 1380.00, 1
7122, 28661, 4, 0, 30042, 34560, 5899, 5895, 1474.75, 1
7123, 28665, 3, 0, 30046, 33009, 4344, 4341, 1448.00, 1
7124, 28666, 1, 0, 30048, 30048, 1382, 1381, 1382.00, 1
7125, 28672, 3, 0, 30053, 33019, 4347, 4344, 1449.00, 1
7126, 28673, 5, 0, 30054, 36224, 7551, 7546, 1510.20, 1
7127, 28680, 7, 0, 30062, 39753, 11073, 11066, 1581.86, 1
7128, 28683, 11, 0, 30063, 45482, 16799, 16788, 1527.18, 1
7129, 28689, 2, 0, 30070, 31512, 2823, 2821, 1411.50, 1
7130, 28696, 3, 0, 30078, 33046, 4350, 4347, 1450.00, 1
7131, 28697, 3, 0, 30080, 33047, 4350, 4347, 1450.00, 1
7132, 28699, 2, 0, 30082, 31526, 2827, 2825, 1413.50, 1
7133, 28704, 1, 0, 30086, 30086, 1382, 1381, 1382.00, 1
7134, 28705, 1, 0, 30088, 30088, 1383, 1382, 1383.00, 1
7135, 28716, 26, 0, 30099, 49383, 20667, 20641, 794.88, 1
7136, 28718, 9, 0, 30102, 43273, 14555, 14546, 1617.22, 1
7137, 28732, 6, 0, 30114, 38045, 9313, 9307, 1552.17, 1
7138, 28740, 1, 0, 30123, 30123, 1383, 1382, 1383.00, 1
7139, 28743, 1, 0, 30126, 30126, 1383, 1382, 1383.00, 1
7140, 28748, 2, 0, 30130, 31578, 2830, 2828, 1415.00, 1
7141, 28751, 5, 0, 30134, 36333, 7582, 7577, 1516.40, 1
7142, 28754, 4, 0, 30136, 34677, 5923, 5919, 1480.75, 1
7143, 28757, 10, 0, 30139, 44566, 15809, 15799, 1580.90, 1
7144, 28766, 3, 0, 30147, 33124, 4358, 4355, 1452.67, 1
7145, 28770, 9, 0, 30152, 43343, 14573, 14564, 1619.22, 1
7146, 28776, 5, 0, 30157, 36369, 7593, 7588, 1518.60, 1
7147, 28779, 4, 0, 30160, 34711, 5932, 5928, 1483.00, 1
7148, 28782, 2, 0, 30164, 31619, 2837, 2835, 1418.50, 1
7149, 28787, 1, 0, 30169, 30169, 1382, 1381, 1382.00, 1
7150, 28788, 4, 0, 30171, 34730, 5942, 5938, 1485.50, 1
7151, 28789, 2, 0, 30173, 31632, 2843, 2841, 1421.50, 1
7152, 28792, 3, 0, 30176, 33165, 4373, 4370, 1457.67, 1
7153, 28801, 2, 0, 30186, 31646, 2845, 2843, 1422.50, 1
7154, 28804, 2, 0, 30189, 31650, 2846, 2844, 1423.00, 1
7155, 28811, 1, 0, 30197, 30197, 1386, 1385, 1386.00, 1
7156, 28812, 4, 0, 30199, 34767, 5955, 5951, 1488.75, 1
7157, 28817, 4, 0, 30203, 34772, 5955, 5951, 1488.75, 1
7158, 28828, 17, 0, 30213, 48462, 19634, 19617, 1154.94, 1
7159, 28830, 2, 0, 30215, 31682, 2852, 2850, 1426.00, 1
7160, 28835, 2, 0, 30220, 31690, 2855, 2853, 1427.50, 1
7161, 28836, 6, 0, 30222, 38193, 9357, 9351, 1559.50, 1
7162, 28842, 5, 0, 30228, 36459, 7617, 7612, 1523.40, 1
7163, 28843, 6, 0, 30230, 38202, 9359, 9353, 1559.83, 1
7164, 28844, 2, 0, 30232, 31702, 2858, 2856, 1429.00, 1
7165, 28847, 1, 0, 30234, 30234, 1387, 1386, 1387.00, 1
7166, 28853, 3, 0, 30241, 33241, 4388, 4385, 1462.67, 1
7167, 28855, 9, 0, 30244, 43456, 14601, 14592, 1622.33, 1
7168, 28856, 4, 0, 30246, 34818, 5962, 5958, 1490.50, 1
7169, 28859, 2, 0, 30249, 31723, 2864, 2862, 1432.00, 1
7170, 28860, 1, 0, 30251, 30251, 1391, 1390, 1391.00, 1
7171, 28861, 11, 0, 30253, 45625, 16764, 16753, 1524.00, 1
7172, 28872, 3, 0, 30261, 33260, 4388, 4385, 1462.67, 1
7173, 28875, 11, 0, 30265, 45633, 16758, 16747, 1523.45, 1
7174, 28877, 6, 0, 30268, 38251, 9374, 9368, 1562.33, 1
7175, 28879, 11, 0, 30271, 45636, 16757, 16746, 1523.36, 1
7176, 28881, 14, 0, 30272, 47506, 18625, 18611, 1330.36, 1
7177, 28883, 6, 0, 30275, 38260, 9377, 9371, 1562.83, 1
7178, 28884, 3, 0, 30277, 33278, 4394, 4391, 1464.67, 1
7179, 28887, 3, 0, 30281, 33286, 4399, 4396, 1466.33, 1
7180, 28892, 3, 0, 30285, 33292, 4400, 4397, 1466.67, 1
7181, 28896, 1, 0, 30290, 30290, 1394, 1393, 1394.00, 1
7182, 28898, 2, 0, 30293, 31768, 2870, 2868, 1435.00, 1
7183, 28908, 5, 0, 30301, 36552, 7644, 7639, 1528.80, 1
7184, 28909, 2, 0, 30303, 31779, 2870, 2868, 1435.00, 1
7185, 28919, 4, 0, 30313, 34895, 5976, 5972, 1494.00, 1
7186, 28926, 5, 0, 30320, 36576, 7650, 7645, 1530.00, 1
7187, 28929, 1, 0, 30323, 30323, 1394, 1393, 1394.00, 1
7188, 28932, 4, 0, 30325, 34913, 5981, 5977, 1495.25, 1
7189, 28939, 9, 0, 30331, 43558, 14619, 14610, 1624.33, 1
7190, 28951, 3, 0, 30342, 33348, 4397, 4394, 1465.67, 1
7191, 28955, 5, 0, 30345, 36597, 7642, 7637, 1528.40, 1
7192, 28963, 7, 0, 30354, 40154, 11191, 11184, 1598.71, 1
7193, 28964, 20, 0, 30356, 49012, 20048, 20028, 1002.40, 1
7194, 28968, 6, 0, 30360, 38367, 9399, 9393, 1566.50, 1
7195, 28970, 4, 0, 30362, 34953, 5983, 5979, 1495.75, 1
7196, 28977, 3, 0, 30369, 33383, 4406, 4403, 1468.67, 1
7197, 28979, 6, 0, 30372, 38380, 9401, 9395, 1566.83, 1
7198, 28981, 5, 0, 30374, 36639, 7658, 7653, 1531.60, 1
7199, 28984, 9, 0, 30377, 43594, 14610, 14601, 1623.33, 1
7200, 28985, 4, 0, 30379, 34975, 5990, 5986, 1497.50, 1
7201, 28986, 3, 0, 30381, 33401, 4415, 4412, 1471.67, 1
7202, 28990, 2, 0, 30385, 31870, 2880, 2878, 1440.00, 1
7203, 28994, 6, 0, 30389, 38398, 9404, 9398, 1567.33, 1
7204, 28996, 6, 0, 30392, 38406, 9410, 9404, 1568.33, 1
7205, 29005, 4, 0, 30401, 34994, 5989, 5985, 1497.25, 1
7206, 29007, 3, 0, 30404, 33422, 4415, 4412, 1471.67, 1
7207, 29016, 8, 0, 30410, 42149, 13133, 13125, 1641.62, 1
7208, 29021, 1, 0, 30415, 30415, 1394, 1393, 1394.00, 1
7209, 29022, 2, 0, 30417, 31900, 2878, 2876, 1439.00, 1
7210, 29023, 3, 0, 30419, 33437, 4414, 4411, 1471.33, 1
7211, 29036, 3, 0, 30429, 33453, 4417, 4414, 1472.33, 1
7212, 29039, 1, 0, 30432, 30432, 1393, 1392, 1393.00, 1
7213, 29042, 2, 0, 30434, 31919, 2877, 2875, 1438.50, 1
7214, 29045, 6, 0, 30438, 38462, 9417, 9411, 1569.50, 1
7215, 29048, 10, 0, 30441, 44822, 15774, 15764, 1577.40, 1
7216, 29054, 4, 0, 30448, 35051, 5997, 5993, 1499.25, 1
7217, 29055, 1, 0, 30449, 30449, 1394, 1393, 1394.00, 1
7218, 29057, 5, 0, 30451, 36718, 7661, 7656, 1532.20, 1
7219, 29059, 5, 0, 30454, 36721, 7662, 7657, 1532.40, 1
7220, 29061, 5, 0, 30457, 36725, 7664, 7659, 1532.80, 1
7221, 29065, 3, 0, 30460, 33483, 4418, 4415, 1472.67, 1
7222, 29070, 1, 0, 30465, 30465, 1395, 1394, 1395.00, 1
7223, 29074, 1, 0, 30468, 30468, 1394, 1393, 1394.00, 1
7224, 29079, 2, 0, 30472, 31954, 2875, 2873, 1437.50, 1
7225, 29084, 17, 0, 30478, 48509, 19425, 19408, 1142.65, 1
7226, 29089, 2, 0, 30482, 31963, 2874, 2872, 1437.00, 1
7227, 29095, 1, 0, 30489, 30489, 1394, 1393, 1394.00, 1
7228, 29098, 2, 0, 30492, 31970, 2872, 2870, 1436.00, 1
7229, 29099, 3, 0, 30494, 33504, 4405, 4402, 1468.33, 1
7230, 29103, 6, 0, 30497, 38507, 9404, 9398, 1567.33, 1
7231, 29104, 15, 0, 30499, 47961, 18857, 18842, 1257.13, 1
7232, 29108, 9, 0, 30504, 43684, 14576, 14567, 1619.56, 1
7233, 29110, 4, 0, 30507, 35105, 5995, 5991, 1498.75, 1
7234, 29114, 11, 0, 30510, 45768, 16654, 16643, 1514.00, 1
7235, 29117, 8, 0, 30513, 42241, 13124, 13116, 1640.50, 1
7236, 29118, 7, 0, 30515, 40351, 11233, 11226, 1604.71, 1
7237, 29119, 4, 0, 30517, 35120, 6001, 5997, 1500.25, 1
7238, 29122, 2, 0, 30521, 32003, 2881, 2879, 1440.50, 1
7239, 29127, 3, 0, 30527, 33546, 4419, 4416, 1473.00, 1
7240, 29134, 4, 0, 30535, 35132, 5998, 5994, 1499.50, 1
7241, 29135, 3, 0, 30537, 33554, 4419, 4416, 1473.00, 1
7242, 29138, 4, 0, 30541, 35142, 6004, 6000, 1501.00, 1
7243, 29141, 5, 0, 30543, 36809, 7668, 7663, 1533.60, 1
7244, 29143, 6, 0, 30546, 38561, 9418, 9412, 1569.67, 1
7245, 29144, 9, 0, 30547, 43717, 14573, 14564, 1619.22, 1
7246, 29145, 9, 0, 30549, 43718, 14573, 14564, 1619.22, 1
7247, 29147, 10, 0, 30552, 44870, 15723, 15713, 1572.30, 1
7248, 29153, 1, 0, 30558, 30558, 1405, 1404, 1405.00, 1
7249, 29156, 11, 0, 30562, 45791, 16635, 16624, 1512.27, 1
7250, 29157, 7, 0, 30563, 40397, 11240, 11233, 1605.71, 1
7251, 29163, 12, 0, 30568, 46520, 17357, 17345, 1446.42, 1
7252, 29165, 12, 0, 30570, 46521, 17356, 17344, 1446.33, 1
7253, 29166, 2, 0, 30572, 32053, 2887, 2885, 1443.50, 1
7254, 29167, 1, 0, 30574, 30574, 1407, 1406, 1407.00, 1
7255, 29171, 3, 0, 30578, 33596, 4425, 4422, 1475.00, 1
7256, 29176, 10, 0, 30584, 44894, 15718, 15708, 1571.80, 1
7257, 29177, 21, 0, 30586, 49128, 19951, 19930, 950.05, 1
7258, 29179, 5, 0, 30588, 36864, 7685, 7680, 1537.00, 1
7259, 29186, 1, 0, 30593, 30593, 1407, 1406, 1407.00, 1
7260, 29188, 1, 0, 30595, 30595, 1407, 1406, 1407.00, 1
7261, 29192, 7, 0, 30599, 40449, 11257, 11250, 1608.14, 1
7262, 29194, 2, 0, 30601, 32080, 2886, 2884, 1443.00, 1
7263, 29197, 1, 0, 30605, 30605, 1408, 1407, 1408.00, 1
7264, 29213, 2, 0, 30617, 32098, 2885, 2883, 1442.50, 1
7265, 29214, 3, 0, 30618, 33644, 4430, 4427, 1476.67, 1
7266, 29217, 1, 0, 30621, 30621, 1404, 1403, 1404.00, 1
7267, 29226, 2, 0, 30628, 32111, 2885, 2883, 1442.50, 1
7268, 29227, 6, 0, 30630, 38676, 9449, 9443, 1574.83, 1
7269, 29239, 2, 0, 30639, 32123, 2884, 2882, 1442.00, 1
7270, 29242, 4, 0, 30642, 35252, 6010, 6006, 1502.50, 1
7271, 29245, 1, 0, 30644, 30644, 1399, 1398, 1399.00, 1
7272, 29252, 3, 0, 30651, 33672, 4420, 4417, 1473.33, 1
7273, 29258, 4, 0, 30658, 35264, 6006, 6002, 1501.50, 1
7274, 29263, 1, 0, 30662, 30662, 1399, 1398, 1399.00, 1
7275, 29269, 7, 0, 30668, 40556, 11287, 11280, 1612.43, 1
7276, 29272, 4, 0, 30671, 35281, 6009, 6005, 1502.25, 1
7277, 29273, 7, 0, 30673, 40562, 11289, 11282, 1612.71, 1
7278, 29274, 1, 0, 30675, 30675, 1401, 1400, 1401.00, 1
7279, 29275, 2, 0, 30677, 32156, 2881, 2879, 1440.50, 1
7280, 29276, 7, 0, 30678, 40567, 11291, 11284, 1613.00, 1
7281, 29278, 5, 0, 30681, 36982, 7704, 7699, 1540.80, 1
7282, 29280, 4, 0, 30684, 35299, 6019, 6015, 1504.75, 1
7283, 29292, 6, 0, 30695, 38757, 9465, 9459, 1577.50, 1
7284, 29299, 1, 0, 30701, 30701, 1402, 1401, 1402.00, 1
7285, 29303, 4, 0, 30705, 35326, 6023, 6019, 1505.75, 1
7286, 29304, 3, 0, 30707, 33736, 4432, 4429, 1477.33, 1
7287, 29305, 1, 0, 30709, 30709, 1404, 1403, 1404.00, 1
7288, 29319, 1, 0, 30721, 30721, 1402, 1401, 1402.00, 1
7289, 29327, 7, 0, 30729, 40629, 11302, 11295, 1614.57, 1
7290, 29329, 1, 0, 30732, 30732, 1403, 1402, 1403.00, 1
7291, 29337, 4, 0, 30740, 35356, 6019, 6015, 1504.75, 1
7292, 29339, 6, 0, 30743, 38806, 9467, 9461, 1577.83, 1
7293, 29342, 1, 0, 30747, 30747, 1405, 1404, 1405.00, 1
7294, 29349, 3, 0, 30754, 33781, 4432, 4429, 1477.33, 1
7295, 29350, 6, 0, 30755, 38828, 9478, 9472, 1579.67, 1
7296, 29351, 2, 0, 30757, 32240, 2889, 2887, 1444.50, 1
7297, 29354, 6, 0, 30760, 38842, 9488, 9482, 1581.33, 1
7298, 29361, 2, 0, 30766, 32250, 2889, 2887, 1444.50, 1
7299, 29362, 2, 0, 30768, 32252, 2890, 2888, 1445.00, 1
7300, 29365, 20, 0, 30772, 49044, 19679, 19659, 983.95, 1
7301, 29366, 4, 0, 30773, 35411, 6045, 6041, 1511.25, 1
7302, 29376, 2, 0, 30783, 32270, 2894, 2892, 1447.00, 1
7303, 29378, 2, 0, 30785, 32271, 2893, 2891, 1446.50, 1
7304, 29379, 3, 0, 30787, 33824, 4445, 4442, 1481.67, 1
7305, 29380, 1, 0, 30789, 30789, 1409, 1408, 1409.00, 1
7306, 29383, 2, 0, 30791, 32278, 2895, 2893, 1447.50, 1
7307, 29384, 2, 0, 30792, 32280, 2896, 2894, 1448.00, 1
7308, 29385, 15, 0, 30794, 48017, 18632, 18617, 1242.13, 1
7309, 29386, 2, 0, 30796, 32285, 2899, 2897, 1449.50, 1
7310, 29391, 2, 0, 30802, 32293, 2902, 2900, 1451.00, 1
7311, 29394, 4, 0, 30806, 35453, 6059, 6055, 1514.75, 1
7312, 29396, 2, 0, 30809, 32301, 2905, 2903, 1452.50, 1
7313, 29398, 4, 0, 30811, 35460, 6062, 6058, 1515.50, 1
7314, 29399, 5, 0, 30813, 37153, 7754, 7749, 1550.80, 1
7315, 29400, 5, 0, 30815, 37155, 7755, 7750, 1551.00, 1
7316, 29403, 3, 0, 30818, 33859, 4456, 4453, 1485.33, 1
7317, 29406, 5, 0, 30822, 37162, 7756, 7751, 1551.20, 1
7318, 29408, 10, 0, 30825, 45055, 15647, 15637, 1564.70, 1
7319, 29411, 1, 0, 30829, 30829, 1418, 1417, 1418.00, 1
7320, 29422, 2, 0, 30840, 32331, 2909, 2907, 1454.50, 1
7321, 29429, 9, 0, 30848, 43975, 14546, 14537, 1616.22, 1
7322, 29430, 4, 0, 30850, 35500, 6070, 6066, 1517.50, 1
7323, 29432, 2, 0, 30853, 32345, 2913, 2911, 1456.50, 1
7324, 29434, 2, 0, 30856, 32348, 2914, 2912, 1457.00, 1
7325, 29448, 14, 0, 30869, 47666, 18218, 18204, 1301.29, 1
7326, 29451, 3, 0, 30873, 33908, 4457, 4454, 1485.67, 1
7327, 29457, 2, 0, 30879, 32365, 2908, 2906, 1454.00, 1
7328, 29460, 1, 0, 30883, 30883, 1423, 1422, 1423.00, 1
7329, 29461, 3, 0, 30885, 33915, 4454, 4451, 1484.67, 1
7330, 29465, 19, 0, 30889, 48930, 19465, 19446, 1024.47, 1
7331, 29467, 7, 0, 30892, 40855, 11388, 11381, 1626.86, 1
7332, 29468, 19, 0, 30894, 48932, 19464, 19445, 1024.42, 1
7333, 29472, 4, 0, 30897, 35548, 6076, 6072, 1519.00, 1
7334, 29478, 11, 0, 30903, 45984, 16506, 16495, 1500.55, 1
7335, 29483, 10, 0, 30908, 45123, 15640, 15630, 1564.00, 1
7336, 29490, 3, 0, 30915, 33954, 4464, 4461, 1488.00, 1
7337, 29491, 5, 0, 30916, 37275, 7784, 7779, 1556.80, 1
7338, 29493, 5, 0, 30918, 37280, 7787, 7782, 1557.40, 1
7339, 29495, 1, 0, 30920, 30920, 1425, 1424, 1425.00, 1
7340, 29496, 10, 0, 30921, 45133, 15637, 15627, 1563.70, 1
7341, 29500, 3, 0, 30924, 33965, 4465, 4462, 1488.33, 1
7342, 29502, 6, 0, 30926, 39053, 9551, 9545, 1591.83, 1
7343, 29508, 18, 0, 30932, 48776, 19268, 19250, 1070.44, 1
7344, 29512, 1, 0, 30936, 30936, 1424, 1423, 1424.00, 1
7345, 29516, 3, 0, 30940, 33982, 4466, 4463, 1488.67, 1
7346, 29517, 1, 0, 30942, 30942, 1425, 1424, 1425.00, 1
7347, 29519, 3, 0, 30945, 33987, 4468, 4465, 1489.33, 1
7348, 29524, 2, 0, 30949, 32438, 2914, 2912, 1457.00, 1
7349, 29531, 7, 0, 30955, 40943, 11412, 11405, 1630.29, 1
7350, 29538, 2, 0, 30962, 32452, 2914, 2912, 1457.00, 1
7351, 29540, 4, 0, 30965, 35625, 6085, 6081, 1521.25, 1
7352, 29541, 18, 0, 30967, 48779, 19238, 19220, 1068.78, 1
7353, 29549, 11, 0, 30975, 46026, 16477, 16466, 1497.91, 1
7354, 29553, 6, 0, 30978, 39120, 9567, 9561, 1594.50, 1
7355, 29555, 18, 0, 30981, 48785, 19230, 19212, 1068.33, 1
7356, 29559, 1, 0, 30985, 30985, 1426, 1425, 1426.00, 1
7357, 29572, 3, 0, 30997, 34053, 4481, 4478, 1493.67, 1
7358, 29574, 6, 0, 31000, 39150, 9576, 9570, 1596.00, 1
7359, 29588, 7, 0, 31013, 41041, 11453, 11446, 1636.14, 1
7360, 29589, 5, 0, 31015, 37406, 7817, 7812, 1563.40, 1
7361, 29599, 2, 0, 31024, 32520, 2921, 2919, 1460.50, 1
7362, 29607, 13, 0, 31031, 47270, 17663, 17650, 1358.69, 1
7363, 29614, 4, 0, 31039, 35718, 6104, 6100, 1526.00, 1
7364, 29617, 9, 0, 31043, 44146, 14529, 14520, 1614.33, 1
7365, 29618, 1, 0, 31045, 31045, 1427, 1426, 1427.00, 1
7366, 29622, 8, 0, 31049, 42814, 13192, 13184, 1649.00, 1
7367, 29623, 6, 0, 31051, 39204, 9581, 9575, 1596.83, 1
7368, 29624, 1, 0, 31053, 31053, 1429, 1428, 1429.00, 1
7369, 29628, 3, 0, 31056, 34100, 4472, 4469, 1490.67, 1
7370, 29635, 6, 0, 31063, 39210, 9575, 9569, 1595.83, 1
7371, 29638, 7, 0, 31067, 41092, 11454, 11447, 1636.29, 1
7372, 29642, 14, 0, 31072, 47728, 18086, 18072, 1291.86, 1
7373, 29645, 14, 0, 31076, 47731, 18086, 18072, 1291.86, 1
7374, 29648, 3, 0, 31078, 34120, 4472, 4469, 1490.67, 1
7375, 29654, 2, 0, 31084, 32575, 2921, 2919, 1460.50, 1
7376, 29658, 7, 0, 31088, 41115, 11457, 11450, 1636.71, 1
7377, 29660, 6, 0, 31090, 39234, 9574, 9568, 1595.67, 1
7378, 29665, 1, 0, 31095, 31095, 1430, 1429, 1430.00, 1
7379, 29666, 8, 0, 31097, 42844, 13178, 13170, 1647.25, 1
7380, 29673, 3, 0, 31103, 34140, 4467, 4464, 1489.00, 1
7381, 29677, 3, 0, 31108, 34148, 4471, 4468, 1490.33, 1
7382, 29684, 3, 0, 31115, 34155, 4471, 4468, 1490.33, 1
7383, 29685, 3, 0, 31117, 34159, 4474, 4471, 1491.33, 1
7384, 29688, 2, 0, 31121, 32612, 2924, 2922, 1462.00, 1
7385, 29691, 2, 0, 31124, 32614, 2923, 2921, 1461.50, 1
7386, 29693, 2, 0, 31126, 32616, 2923, 2921, 1461.50, 1
7387, 29694, 7, 0, 31128, 41161, 11467, 11460, 1638.14, 1
7388, 29698, 2, 0, 31132, 32621, 2923, 2921, 1461.50, 1
7389, 29703, 7, 0, 31136, 41169, 11466, 11459, 1638.00, 1
7390, 29707, 9, 0, 31140, 44206, 14499, 14490, 1611.00, 1
7391, 29708, 1, 0, 31142, 31142, 1434, 1433, 1434.00, 1
7392, 29709, 21, 0, 31144, 49156, 19447, 19426, 926.05, 1
7393, 29710, 3, 0, 31146, 34186, 4476, 4473, 1492.00, 1
7394, 29712, 2, 0, 31149, 32639, 2927, 2925, 1463.50, 1
7395, 29717, 1, 0, 31152, 31152, 1435, 1434, 1435.00, 1
7396, 29719, 17, 0, 31154, 48607, 18888, 18871, 1111.06, 1
7397, 29722, 18, 0, 31158, 48796, 19074, 19056, 1059.67, 1
7398, 29724, 2, 0, 31160, 32653, 2929, 2927, 1464.50, 1
7399, 29726, 6, 0, 31163, 39320, 9594, 9588, 1599.00, 1
7400, 29728, 4, 0, 31166, 35845, 6117, 6113, 1529.25, 1
7401, 29729, 4, 0, 31167, 35847, 6118, 6114, 1529.50, 1
7402, 29732, 4, 0, 31171, 35849, 6117, 6113, 1529.25, 1
7403, 29754, 5, 0, 31186, 37580, 7826, 7821, 1565.20, 1
7404, 29756, 1, 0, 31189, 31189, 1433, 1432, 1433.00, 1
7405, 29758, 16, 0, 31191, 48379, 18621, 18605, 1163.81, 1
7406, 29759, 2, 0, 31193, 32691, 2932, 2930, 1466.00, 1
7407, 29761, 3, 0, 31195, 34250, 4489, 4486, 1496.33, 1
7408, 29762, 10, 0, 31197, 45294, 15532, 15522, 1553.20, 1
7409, 29768, 1, 0, 31203, 31203, 1435, 1434, 1435.00, 1
7410, 29774, 7, 0, 31208, 41273, 11499, 11492, 1642.71, 1
7411, 29779, 2, 0, 31213, 32710, 2931, 2929, 1465.50, 1
7412, 29783, 5, 0, 31217, 37626, 7843, 7838, 1568.60, 1
7413, 29786, 1, 0, 31220, 31220, 1434, 1433, 1434.00, 1
7414, 29791, 2, 0, 31224, 32719, 2928, 2926, 1464.00, 1
7415, 29793, 3, 0, 31227, 34283, 4490, 4487, 1496.67, 1
7416, 29795, 5, 0, 31229, 37642, 7847, 7842, 1569.40, 1
7417, 29797, 2, 0, 31231, 32728, 2931, 2929, 1465.50, 1
7418, 29801, 13, 0, 31236, 47336, 17535, 17522, 1348.85, 1
7419, 29803, 1, 0, 31239, 31239, 1436, 1435, 1436.00, 1
7420, 29806, 7, 0, 31243, 41324, 11518, 11511, 1645.43, 1
7421, 29810, 1, 0, 31248, 31248, 1438, 1437, 1438.00, 1
7422, 29813, 9, 0, 31251, 44293, 14480, 14471, 1608.89, 1
7423, 29814, 10, 0, 31253, 45328, 15514, 15504, 1551.40, 1
7424, 29815, 2, 0, 31255, 32751, 2936, 2934, 1468.00, 1
7425, 29816, 2, 0, 31257, 32753, 2937, 2935, 1468.50, 1
7426, 29818, 4, 0, 31260, 35959, 6141, 6137, 1535.25, 1
7427, 29819, 4, 0, 31262, 35963, 6144, 6140, 1536.00, 1
7428, 29824, 1, 0, 31266, 31266, 1442, 1441, 1442.00, 1
7429, 29836, 2, 0, 31276, 32773, 2937, 2935, 1468.50, 1
7430, 29838, 4, 0, 31277, 35977, 6139, 6135, 1534.75, 1
7431, 29847, 4, 0, 31285, 35991, 6144, 6140, 1536.00, 1
7432, 29853, 3, 0, 31291, 34356, 4503, 4500, 1501.00, 1
7433, 29858, 8, 0, 31297, 43030, 13172, 13164, 1646.50, 1
7434, 29865, 2, 0, 31305, 32804, 2939, 2937, 1469.50, 1
7435, 29881, 6, 0, 31318, 39520, 9639, 9633, 1606.50, 1
7436, 29883, 2, 0, 31321, 32823, 2940, 2938, 1470.00, 1
7437, 29886, 1, 0, 31324, 31324, 1438, 1437, 1438.00, 1
7438, 29895, 6, 0, 31332, 39536, 9641, 9635, 1606.83, 1
7439, 29896, 3, 0, 31334, 34407, 4511, 4508, 1503.67, 1
7440, 29905, 1, 0, 31342, 31342, 1437, 1436, 1437.00, 1
7441, 29919, 10, 0, 31355, 45373, 15454, 15444, 1545.40, 1
7442, 29921, 3, 0, 31358, 34428, 4507, 4504, 1502.33, 1
7443, 29930, 4, 0, 31368, 36079, 6149, 6145, 1537.25, 1
7444, 29933, 2, 0, 31371, 32879, 2946, 2944, 1473.00, 1
7445, 29934, 2, 0, 31373, 32883, 2949, 2947, 1474.50, 1
7446, 29935, 10, 0, 31375, 45385, 15450, 15440, 1545.00, 1
7447, 29937, 8, 0, 31377, 43097, 13160, 13152, 1645.00, 1
7448, 29940, 2, 0, 31380, 32892, 2952, 2950, 1476.00, 1
7449, 29945, 2, 0, 31385, 32900, 2955, 2953, 1477.50, 1
7450, 29946, 5, 0, 31387, 37837, 7891, 7886, 1578.20, 1
7451, 29952, 1, 0, 31394, 31394, 1442, 1441, 1442.00, 1
7452, 29956, 8, 0, 31398, 43123, 13167, 13159, 1645.88, 1
7453, 29961, 3, 0, 31403, 34483, 4522, 4519, 1507.33, 1
7454, 29962, 4, 0, 31405, 36134, 6172, 6168, 1543.00, 1
7455, 29968, 3, 0, 31410, 34491, 4523, 4520, 1507.67, 1
7456, 29970, 7, 0, 31413, 41534, 11564, 11557, 1652.00, 1
7457, 29973, 1, 0, 31415, 31415, 1442, 1441, 1442.00, 1
7458, 29976, 1, 0, 31418, 31418, 1442, 1441, 1442.00, 1
7459, 29983, 3, 0, 31426, 34507, 4524, 4521, 1508.00, 1
7460, 29985, 10, 0, 31428, 45429, 15444, 15434, 1544.40, 1
7461, 29989, 1, 0, 31432, 31432, 1443, 1442, 1443.00, 1
7462, 30000, 4, 0, 31440, 36172, 6172, 6168, 1543.00, 1
7463, 30001, 2, 0, 31441, 32963, 2962, 2960, 1481.00, 1
7464, 30003, 1, 0, 31444, 31444, 1441, 1440, 1441.00, 1
7465, 30010, 6, 0, 31449, 39682, 9672, 9666, 1612.00, 1
7466, 30012, 1, 0, 31452, 31452, 1440, 1439, 1440.00, 1
7467, 30015, 1, 0, 31455, 31455, 1440, 1439, 1440.00, 1
7468, 30018, 2, 0, 31459, 32977, 2959, 2957, 1479.50, 1
7469, 30021, 2, 0, 31462, 32980, 2959, 2957, 1479.50, 1
7470, 30026, 14, 0, 31468, 47824, 17798, 17784, 1271.29, 1
7471, 30029, 5, 0, 31472, 37931, 7902, 7897, 1580.40, 1
7472, 30031, 2, 0, 31475, 32996, 2965, 2963, 1482.50, 1
7473, 30035, 13, 0, 31478, 47402, 17367, 17354, 1335.92, 1
7474, 30036, 1, 0, 31479, 31479, 1443, 1442, 1443.00, 1
7475, 30037, 13, 0, 31481, 47405, 17368, 17355, 1336.00, 1
7476, 30040, 4, 0, 31484, 36209, 6169, 6165, 1542.25, 1
7477, 30052, 3, 0, 31493, 34568, 4516, 4513, 1505.33, 1
7478, 30054, 2, 0, 31496, 33020, 2966, 2964, 1483.00, 1
7479, 30055, 15, 0, 31498, 48159, 18104, 18089, 1206.93, 1
7480, 30057, 4, 0, 31500, 36227, 6170, 6166, 1542.50, 1
7481, 30071, 11, 0, 31513, 46275, 16204, 16193, 1473.09, 1
7482, 30078, 2, 0, 31521, 33045, 2967, 2965, 1483.50, 1
7483, 30084, 2, 0, 31528, 33049, 2965, 2963, 1482.50, 1
7484, 30085, 3, 0, 31530, 34605, 4520, 4517, 1506.67, 1
7485, 30088, 3, 0, 31533, 34608, 4520, 4517, 1506.67, 1
7486, 30089, 4, 0, 31534, 36262, 6173, 6169, 1543.25, 1
7487, 30095, 6, 0, 31540, 39794, 9699, 9693, 1616.50, 1
7488, 30100, 1, 0, 31544, 31544, 1444, 1443, 1444.00, 1
7489, 30106, 16, 0, 31550, 48431, 18325, 18309, 1145.31, 1
7490, 30109, 11, 0, 31553, 46297, 16188, 16177, 1471.64, 1
7491, 30111, 6, 0, 31556, 39820, 9709, 9703, 1618.17, 1
7492, 30115, 3, 0, 31561, 34649, 4534, 4531, 1511.33, 1
7493, 30122, 2, 0, 31569, 33095, 2973, 2971, 1486.50, 1
7494, 30129, 1, 0, 31575, 31575, 1446, 1445, 1446.00, 1
7495, 30130, 13, 0, 31577, 47453, 17323, 17310, 1332.54, 1
7496, 30131, 24, 0, 31579, 49353, 19222, 19198, 800.92, 1
7497, 30134, 3, 0, 31583, 34672, 4538, 4535, 1512.67, 1
7498, 30140, 14, 0, 31590, 47870, 17730, 17716, 1266.43, 1
7499, 30142, 2, 0, 31593, 33118, 2976, 2974, 1488.00, 1
7500, 30150, 2, 0, 31600, 33126, 2976, 2974, 1488.00, 1
7501, 30151, 3, 0, 31601, 34698, 4547, 4544, 1515.67, 1
7502, 30154, 3, 0, 31604, 34702, 4548, 4545, 1516.00, 1
7503, 30155, 1, 0, 31606, 31606, 1451, 1450, 1451.00, 1
7504, 30156, 18, 0, 31608, 48849, 18693, 18675, 1038.50, 1
7505, 30158, 6, 0, 31610, 39902, 9744, 9738, 1624.00, 1
7506, 30162, 6, 0, 31615, 39908, 9746, 9740, 1624.33, 1
7507, 30163, 6, 0, 31617, 39910, 9747, 9741, 1624.50, 1
7508, 30167, 1, 0, 31622, 31622, 1455, 1454, 1455.00, 1
7509, 30168, 1, 0, 31624, 31624, 1456, 1455, 1456.00, 1
7510, 30170, 6, 0, 31626, 39930, 9760, 9754, 1626.67, 1
7511, 30171, 3, 0, 31628, 34728, 4557, 4554, 1519.00, 1
7512, 30173, 9, 0, 31631, 44604, 14431, 14422, 1603.44, 1
7513, 30180, 1, 0, 31638, 31638, 1458, 1457, 1458.00, 1
7514, 30182, 1, 0, 31640, 31640, 1458, 1457, 1458.00, 1
7515, 30186, 1, 0, 31645, 31645, 1459, 1458, 1459.00, 1
7516, 30187, 6, 0, 31647, 39955, 9768, 9762, 1628.00, 1
7517, 30190, 4, 0, 31651, 36416, 6226, 6222, 1556.50, 1
7518, 30192, 3, 0, 31654, 34754, 4562, 4559, 1520.67, 1
7519, 30194, 3, 0, 31657, 34757, 4563, 4560, 1521.00, 1
7520, 30195, 7, 0, 31659, 41869, 11674, 11667, 1667.71, 1
7521, 30197, 4, 0, 31662, 36424, 6227, 6223, 1556.75, 1
7522, 30198, 1, 0, 31663, 31663, 1465, 1464, 1465.00, 1
7523, 30199, 3, 0, 31665, 34766, 4567, 4564, 1522.33, 1
7524, 30201, 7, 0, 31668, 41879, 11678, 11671, 1668.29, 1
7525, 30204, 2, 0, 31670, 33201, 2997, 2995, 1498.50, 1
7526, 30205, 4, 0, 31672, 36434, 6229, 6225, 1557.25, 1
7527, 30209, 2, 0, 31676, 33210, 3001, 2999, 1500.50, 1
7528, 30216, 2, 0, 31683, 33217, 3001, 2999, 1500.50, 1
7529, 30217, 3, 0, 31685, 34787, 4570, 4567, 1523.33, 1
7530, 30218, 1, 0, 31687, 31687, 1469, 1468, 1469.00, 1
7531, 30224, 8, 0, 31694, 43429, 13205, 13197, 1650.62, 1
7532, 30226, 5, 0, 31696, 38198, 7972, 7967, 1594.40, 1
7533, 30229, 6, 0, 31698, 39998, 9769, 9763, 1628.17, 1
7534, 30233, 12, 0, 31703, 46989, 16756, 16744, 1396.33, 1
7535, 30236, 28, 0, 31706, 49447, 19211, 19183, 686.11, 1
7536, 30238, 4, 0, 31709, 36475, 6237, 6233, 1559.25, 1
7537, 30239, 6, 0, 31710, 40015, 9776, 9770, 1629.33, 1
7538, 30242, 4, 0, 31713, 36480, 6238, 6234, 1559.50, 1
7539, 30243, 3, 0, 31715, 34813, 4570, 4567, 1523.33, 1
7540, 30248, 1, 0, 31721, 31721, 1473, 1472, 1473.00, 1
7541, 30252, 3, 0, 31725, 34825, 4573, 4570, 1524.33, 1
7542, 30262, 5, 0, 31735, 38239, 7977, 7972, 1595.40, 1
7543, 30265, 7, 0, 31739, 41969, 11704, 11697, 1672.00, 1
7544, 30267, 2, 0, 31741, 33267, 3000, 2998, 1500.00, 1
7545, 30268, 4, 0, 31742, 36504, 6236, 6232, 1559.00, 1
7546, 30278, 7, 0, 31752, 41984, 11706, 11699, 1672.29, 1
7547, 30279, 4, 0, 31754, 36519, 6240, 6236, 1560.00, 1
7548, 30280, 8, 0, 31755, 43493, 13213, 13205, 1651.62, 1
7549, 30283, 7, 0, 31758, 41994, 11711, 11704, 1673.00, 1
7550, 30289, 3, 0, 31764, 34868, 4579, 4576, 1526.33, 1
7551, 30294, 2, 0, 31769, 33299, 3005, 3003, 1502.50, 1
7552, 30295, 19, 0, 31771, 49005, 18710, 18691, 984.74, 1
7553, 30300, 3, 0, 31776, 34882, 4582, 4579, 1527.33, 1
7554, 30308, 6, 0, 31784, 40104, 9796, 9790, 1632.67, 1
7555, 30312, 8, 0, 31788, 43537, 13225, 13217, 1653.12, 1
7556, 30314, 2, 0, 31791, 33320, 3006, 3004, 1503.00, 1
7557, 30317, 1, 0, 31795, 31795, 1478, 1477, 1478.00, 1
7558, 30318, 3, 0, 31797, 34904, 4586, 4583, 1528.67, 1
7559, 30319, 1, 0, 31798, 31798, 1479, 1478, 1479.00, 1
7560, 30326, 8, 0, 31805, 43554, 13228, 13220, 1653.50, 1
7561, 30340, 2, 0, 31813, 33345, 3005, 3003, 1502.50, 1
7562, 30354, 3, 0, 31827, 34937, 4583, 4580, 1527.67, 1
7563, 30355, 3, 0, 31829, 34940, 4585, 4582, 1528.33, 1
7564, 30356, 2, 0, 31831, 33365, 3009, 3007, 1504.50, 1
7565, 30357, 22, 0, 31833, 49262, 18905, 18883, 859.32, 1
7566, 30361, 4, 0, 31838, 36620, 6259, 6255, 1564.75, 1
7567, 30362, 4, 0, 31840, 36622, 6260, 6256, 1565.00, 1
7568, 30369, 3, 0, 31847, 34957, 4588, 4585, 1529.33, 1
7569, 30370, 1, 0, 31849, 31849, 1479, 1478, 1479.00, 1
7570, 30373, 1, 0, 31853, 31853, 1480, 1479, 1480.00, 1
7571, 30374, 1, 0, 31855, 31855, 1481, 1480, 1481.00, 1
7572, 30376, 1, 0, 31858, 31858, 1482, 1481, 1482.00, 1
7573, 30381, 3, 0, 31864, 34977, 4596, 4593, 1532.00, 1
7574, 30385, 8, 0, 31869, 43598, 13213, 13205, 1651.62, 1
7575, 30391, 1, 0, 31874, 31874, 1483, 1482, 1483.00, 1
7576, 30394, 3, 0, 31878, 34988, 4594, 4591, 1531.33, 1
7577, 30408, 1, 0, 31890, 31890, 1482, 1481, 1482.00, 1
7578, 30411, 10, 0, 31893, 45728, 15317, 15307, 1531.70, 1
7579, 30412, 20, 0, 31895, 49119, 18707, 18687, 935.35, 1
7580, 30414, 3, 0, 31897, 35012, 4598, 4595, 1532.67, 1
7581, 30421, 5, 0, 31903, 38436, 8015, 8010, 1603.00, 1
7582, 30424, 3, 0, 31907, 35024, 4600, 4597, 1533.33, 1
7583, 30425, 5, 0, 31909, 38444, 8019, 8014, 1603.80, 1
7584, 30427, 12, 0, 31912, 47071, 16644, 16632, 1387.00, 1
7585, 30428, 10, 0, 31914, 45745, 15317, 15307, 1531.70, 1
7586, 30445, 3, 0, 31926, 35045, 4600, 4597, 1533.33, 1
7587, 30447, 2, 0, 31929, 33466, 3019, 3017, 1509.50, 1
7588, 30450, 1, 0, 31932, 31932, 1482, 1481, 1482.00, 1
7589, 30453, 1, 0, 31936, 31936, 1483, 1482, 1483.00, 1
7590, 30458, 4, 0, 31942, 36728, 6270, 6266, 1567.50, 1
7591, 30463, 1, 0, 31948, 31948, 1485, 1484, 1485.00, 1
7592, 30467, 1, 0, 31949, 31949, 1482, 1481, 1482.00, 1
7593, 30472, 4, 0, 31953, 36740, 6268, 6264, 1567.00, 1
7594, 30478, 3, 0, 31958, 35078, 4600, 4597, 1533.33, 1
7595, 30484, 4, 0, 31964, 36750, 6266, 6262, 1566.50, 1
7596, 30495, 2, 0, 31973, 33506, 3011, 3009, 1505.50, 1
7597, 30501, 4, 0, 31978, 36764, 6263, 6259, 1565.75, 1
7598, 30508, 2, 0, 31986, 33520, 3012, 3010, 1506.00, 1
7599, 30509, 4, 0, 31988, 36775, 6266, 6262, 1566.50, 1
7600, 30512, 2, 0, 31991, 33525, 3013, 3011, 1506.50, 1
7601, 30516, 5, 0, 31996, 38536, 8020, 8015, 1604.00, 1
7602, 30518, 1, 0, 31999, 31999, 1481, 1480, 1481.00, 1
7603, 30527, 2, 0, 32007, 33544, 3017, 3015, 1508.50, 1
7604, 30530, 4, 0, 32010, 36797, 6267, 6263, 1566.75, 1
7605, 30535, 1, 0, 32013, 32013, 1478, 1477, 1478.00, 1
7606, 30536, 2, 0, 32015, 33552, 3016, 3014, 1508.00, 1
7607, 30538, 3, 0, 32018, 35134, 4596, 4593, 1532.00, 1
7608, 30539, 1, 0, 32020, 32020, 1481, 1480, 1481.00, 1
7609, 30551, 4, 0, 32031, 36814, 6263, 6259, 1565.75, 1
7610, 30552, 8, 0, 32033, 43720, 13168, 13160, 1646.00, 1
7611, 30556, 1, 0, 32037, 32037, 1481, 1480, 1481.00, 1
7612, 30559, 14, 0, 32040, 47974, 17415, 17401, 1243.93, 1
7613, 30572, 4, 0, 32052, 36838, 6266, 6262, 1566.50, 1
7614, 30573, 5, 0, 32054, 38592, 8019, 8014, 1603.80, 1
7615, 30576, 10, 0, 32056, 45797, 15221, 15211, 1522.10, 1
7616, 30582, 3, 0, 32062, 35186, 4604, 4601, 1534.67, 1
7617, 30585, 1, 0, 32065, 32065, 1480, 1479, 1480.00, 1
7618, 30592, 1, 0, 32072, 32072, 1480, 1479, 1480.00, 1
7619, 30595, 5, 0, 32075, 38624, 8029, 8024, 1605.80, 1
7620, 30600, 18, 0, 32079, 48901, 18301, 18283, 1016.72, 1
7621, 30602, 1, 0, 32081, 32081, 1479, 1478, 1479.00, 1
7622, 30604, 3, 0, 32083, 35207, 4603, 4600, 1534.33, 1
7623, 30606, 2, 0, 32085, 33628, 3022, 3020, 1511.00, 1
7624, 30608, 2, 0, 32086, 33630, 3022, 3020, 1511.00, 1
7625, 30609, 12, 0, 32088, 47114, 16505, 16493, 1375.42, 1
7626, 30610, 32, 0, 32090, 49492, 18882, 18850, 590.06, 1
7627, 30615, 9, 0, 32095, 44914, 14299, 14290, 1588.78, 1
7628, 30620, 3, 0, 32101, 35227, 4607, 4604, 1535.67, 1
7629, 30624, 10, 0, 32105, 45827, 15203, 15193, 1520.30, 1
7630, 30625, 3, 0, 32107, 35235, 4610, 4607, 1536.67, 1
7631, 30627, 5, 0, 32109, 38672, 8045, 8040, 1609.00, 1
7632, 30631, 1, 0, 32114, 32114, 1483, 1482, 1483.00, 1
7633, 30645, 8, 0, 32127, 43794, 13149, 13141, 1643.62, 1
7634, 30650, 5, 0, 32132, 38700, 8050, 8045, 1610.00, 1
7635, 30664, 2, 0, 32142, 33681, 3017, 3015, 1508.50, 1
7636, 30665, 1, 0, 32144, 32144, 1479, 1478, 1479.00, 1
7637, 30667, 12, 0, 32146, 47138, 16471, 16459, 1372.58, 1
7638, 30668, 8, 0, 32147, 43824, 13156, 13148, 1644.50, 1
7639, 30676, 2, 0, 32154, 33696, 3020, 3018, 1510.00, 1
7640, 30679, 7, 0, 32158, 42414, 11735, 11728, 1676.43, 1
7641, 30683, 4, 0, 32163, 36983, 6300, 6296, 1575.00, 1
7642, 30686, 2, 0, 32167, 33709, 3023, 3021, 1511.50, 1
7643, 30694, 3, 0, 32173, 35308, 4614, 4611, 1538.00, 1
7644, 30695, 3, 0, 32175, 35311, 4616, 4613, 1538.67, 1
7645, 30696, 4, 0, 32177, 36997, 6301, 6297, 1575.25, 1
7646, 30697, 2, 0, 32178, 33724, 3027, 3025, 1513.50, 1
7647, 30699, 8, 0, 32181, 43850, 13151, 13143, 1643.88, 1
7648, 30705, 11, 0, 32184, 46573, 15868, 15857, 1442.55, 1
7649, 30707, 2, 0, 32187, 33734, 3027, 3025, 1513.50, 1
7650, 30708, 3, 0, 32189, 35329, 4621, 4618, 1540.33, 1
7651, 30709, 5, 0, 32191, 38773, 8064, 8059, 1612.80, 1
7652, 30719, 6, 0, 32198, 40616, 9897, 9891, 1649.50, 1
7653, 30725, 8, 0, 32204, 43864, 13139, 13131, 1642.38, 1
7654, 30739, 2, 0, 32215, 33759, 3020, 3018, 1510.00, 1
7655, 30742, 5, 0, 32219, 38803, 8061, 8056, 1612.20, 1
7656, 30743, 1, 0, 32220, 32220, 1477, 1476, 1477.00, 1
7657, 30744, 10, 0, 32222, 45888, 15144, 15134, 1514.40, 1
7658, 30747, 13, 0, 32226, 47633, 16886, 16873, 1298.92, 1
7659, 30748, 3, 0, 32227, 35369, 4621, 4618, 1540.33, 1
7660, 30750, 3, 0, 32230, 35373, 4623, 4620, 1541.00, 1
7661, 30753, 1, 0, 32233, 32233, 1480, 1479, 1480.00, 1
7662, 30754, 1, 0, 32235, 32235, 1481, 1480, 1481.00, 1
7663, 30756, 6, 0, 32238, 40674, 9918, 9912, 1653.00, 1
7664, 30761, 7, 0, 32244, 42505, 11744, 11737, 1677.71, 1
7665, 30773, 4, 0, 32257, 37094, 6321, 6317, 1580.25, 1
7666, 30774, 5, 0, 32259, 38867, 8093, 8088, 1618.60, 1
7667, 30780, 2, 0, 32264, 33814, 3034, 3032, 1517.00, 1
7668, 30781, 10, 0, 32266, 45915, 15134, 15124, 1513.40, 1
7669, 30782, 8, 0, 32268, 43930, 13148, 13140, 1643.50, 1
7670, 30783, 11, 0, 32269, 46602, 15819, 15808, 1438.09, 1
7671, 30787, 2, 0, 32273, 33822, 3035, 3033, 1517.50, 1
7672, 30789, 3, 0, 32275, 35429, 4640, 4637, 1546.67, 1
7673, 30791, 4, 0, 32277, 37118, 6327, 6323, 1581.75, 1
7674, 30792, 12, 0, 32279, 47172, 16380, 16368, 1365.00, 1
7675, 30796, 1, 0, 32284, 32284, 1488, 1487, 1488.00, 1
7676, 30799, 3, 0, 32288, 35443, 4644, 4641, 1548.00, 1
7677, 30800, 3, 0, 32290, 35444, 4644, 4641, 1548.00, 1
7678, 30807, 4, 0, 32298, 37143, 6336, 6332, 1584.00, 1
7679, 30811, 1, 0, 32303, 32303, 1492, 1491, 1492.00, 1
7680, 30820, 12, 0, 32311, 47178, 16358, 16346, 1363.17, 1
7681, 30823, 7, 0, 32315, 42563, 11740, 11733, 1677.14, 1
7682, 30824, 1, 0, 32317, 32317, 1493, 1492, 1493.00, 1
7683, 30826, 9, 0, 32319, 45056, 14230, 14221, 1581.11, 1
7684, 30833, 2, 0, 32324, 33870, 3037, 3035, 1518.50, 1
7685, 30834, 4, 0, 32325, 37174, 6340, 6336, 1585.00, 1
7686, 30835, 2, 0, 32327, 33873, 3038, 3036, 1519.00, 1
7687, 30838, 1, 0, 32330, 32330, 1492, 1491, 1492.00, 1
7688, 30844, 1, 0, 32334, 32334, 1490, 1489, 1490.00, 1
7689, 30849, 9, 0, 32340, 45069, 14220, 14211, 1580.00, 1
7690, 30850, 3, 0, 32342, 35499, 4649, 4646, 1549.67, 1
7691, 30854, 2, 0, 32346, 33891, 3037, 3035, 1518.50, 1
7692, 30862, 3, 0, 32353, 35509, 4647, 4644, 1549.00, 1
7693, 30864, 7, 0, 32356, 42610, 11746, 11739, 1678.00, 1
7694, 30884, 16, 0, 32368, 48571, 17687, 17671, 1105.44, 1
7695, 30886, 4, 0, 32371, 37228, 6342, 6338, 1585.50, 1
7696, 30887, 12, 0, 32372, 47213, 16326, 16314, 1360.50, 1
7697, 30888, 3, 0, 32374, 35534, 4646, 4643, 1548.67, 1
7698, 30894, 3, 0, 32381, 35545, 4651, 4648, 1550.33, 1
7699, 30896, 2, 0, 32383, 33934, 3038, 3036, 1519.00, 1
7700, 30901, 1, 0, 32388, 32388, 1487, 1486, 1487.00, 1
7701, 30905, 4, 0, 32393, 37260, 6355, 6351, 1588.75, 1
7702, 30917, 6, 0, 32406, 40903, 9986, 9980, 1664.33, 1
7703, 30919, 2, 0, 32409, 33960, 3041, 3039, 1520.50, 1
7704, 30920, 6, 0, 32411, 40907, 9987, 9981, 1664.50, 1
7705, 30925, 6, 0, 32415, 40910, 9985, 9979, 1664.17, 1
7706, 30931, 3, 0, 32422, 35591, 4660, 4657, 1553.33, 1
7707, 30937, 1, 0, 32427, 32427, 1490, 1489, 1490.00, 1
7708, 30943, 6, 0, 32432, 40934, 9991, 9985, 1665.17, 1
7709, 30950, 4, 0, 32439, 37315, 6365, 6361, 1591.25, 1
7710, 30952, 3, 0, 32442, 35614, 4662, 4659, 1554.00, 1
7711, 30955, 1, 0, 32445, 32445, 1490, 1489, 1490.00, 1
7712, 30962, 7, 0, 32451, 42711, 11749, 11742, 1678.43, 1
7713, 30963, 6, 0, 32453, 40949, 9986, 9980, 1664.33, 1
7714, 30972, 2, 0, 32463, 34015, 3043, 3041, 1521.50, 1
7715, 30976, 18, 0, 32468, 48941, 17965, 17947, 998.06, 1
7716, 30977, 3, 0, 32470, 35649, 4672, 4669, 1557.33, 1
7717, 30980, 10, 0, 32474, 46031, 15051, 15041, 1505.10, 1
7718, 30983, 4, 0, 32478, 37365, 6382, 6378, 1595.50, 1
7719, 30986, 3, 0, 32481, 35662, 4676, 4673, 1558.67, 1
7720, 30992, 8, 0, 32487, 44110, 13118, 13110, 1639.75, 1
7721, 30993, 1, 0, 32489, 32489, 1496, 1495, 1496.00, 1
7722, 30994, 2, 0, 32491, 34049, 3055, 3053, 1527.50, 1
7723, 30997, 2, 0, 32493, 34052, 3055, 3053, 1527.50, 1
7724, 31008, 2, 0, 32503, 34062, 3054, 3052, 1527.00, 1
7725, 31017, 4, 0, 32513, 37407, 6390, 6386, 1597.50, 1
7726, 31038, 2, 0, 32533, 34086, 3048, 3046, 1524.00, 1
7727, 31043, 1, 0, 32539, 32539, 1496, 1495, 1496.00, 1
7728, 31051, 3, 0, 32547, 35730, 4679, 4676, 1559.67, 1
7729, 31063, 9, 0, 32558, 45219, 14156, 14147, 1572.89, 1
7730, 31090, 1, 0, 32579, 32579, 1489, 1488, 1489.00, 1
7731, 31094, 5, 0, 32582, 39236, 8142, 8137, 1628.40, 1
7732, 31101, 8, 0, 32588, 44178, 13077, 13069, 1634.62, 1
7733, 31106, 2, 0, 32594, 34144, 3038, 3036, 1519.00, 1
7734, 31107, 6, 0, 32596, 41137, 10030, 10024, 1671.67, 1
7735, 31110, 6, 0, 32600, 41144, 10034, 10028, 1672.33, 1
7736, 31117, 14, 0, 32607, 48085, 16968, 16954, 1212.00, 1
7737, 31119, 2, 0, 32610, 34161, 3042, 3040, 1521.00, 1
7738, 31139, 4, 0, 32627, 37519, 6380, 6376, 1595.00, 1
7739, 31140, 3, 0, 32628, 35806, 4666, 4663, 1555.33, 1
7740, 31141, 5, 0, 32630, 39290, 8149, 8144, 1629.80, 1
7741, 31143, 7, 0, 32632, 42885, 11742, 11735, 1677.43, 1
7742, 31146, 7, 0, 32634, 42888, 11742, 11735, 1677.43, 1
7743, 31149, 9, 0, 32638, 45262, 14113, 14104, 1568.11, 1
7744, 31154, 8, 0, 32643, 44218, 13064, 13056, 1633.00, 1
7745, 31155, 6, 0, 32645, 41197, 10042, 10036, 1673.67, 1
7746, 31156, 8, 0, 32647, 44220, 13064, 13056, 1633.00, 1
7747, 31160, 11, 0, 32652, 46761, 15601, 15590, 1418.27, 1
7748, 31166, 8, 0, 32659, 44228, 13062, 13054, 1632.75, 1
7749, 31167, 5, 0, 32661, 39331, 8164, 8159, 1632.80, 1
7750, 31173, 18, 0, 32666, 48953, 17780, 17762, 987.78, 1
7751, 31176, 2, 0, 32670, 34222, 3046, 3044, 1523.00, 1
7752, 31177, 4, 0, 32671, 37566, 6389, 6385, 1597.25, 1
7753, 31179, 3, 0, 32674, 35861, 4682, 4679, 1560.67, 1
7754, 31181, 3, 0, 32677, 35866, 4685, 4682, 1561.67, 1
7755, 31182, 4, 0, 32679, 37576, 6394, 6390, 1598.50, 1
7756, 31187, 1, 0, 32684, 32684, 1497, 1496, 1497.00, 1
7757, 31189, 5, 0, 32687, 39354, 8165, 8160, 1633.00, 1
7758, 31191, 3, 0, 32688, 35877, 4686, 4683, 1562.00, 1
7759, 31195, 14, 0, 32693, 48103, 16908, 16894, 1207.71, 1
7760, 31196, 5, 0, 32695, 39364, 8168, 8163, 1633.60, 1
7761, 31202, 8, 0, 32700, 44260, 13058, 13050, 1632.25, 1
7762, 31209, 1, 0, 32704, 32704, 1495, 1494, 1495.00, 1
7763, 31211, 6, 0, 32707, 41282, 10071, 10065, 1678.50, 1
7764, 31214, 6, 0, 32711, 41290, 10076, 10070, 1679.33, 1
7765, 31219, 8, 0, 32715, 44267, 13048, 13040, 1631.00, 1
7766, 31226, 3, 0, 32721, 35921, 4695, 4692, 1565.00, 1
7767, 31228, 1, 0, 32724, 32724, 1496, 1495, 1496.00, 1
7768, 31230, 1, 0, 32726, 32726, 1496, 1495, 1496.00, 1
7769, 31231, 5, 0, 32727, 39416, 8185, 8180, 1637.00, 1
7770, 31241, 4, 0, 32736, 37654, 6413, 6409, 1603.25, 1
7771, 31242, 1, 0, 32738, 32738, 1496, 1495, 1496.00, 1
7772, 31249, 2, 0, 32744, 34306, 3057, 3055, 1528.50, 1
7773, 31253, 2, 0, 32748, 34312, 3059, 3057, 1529.50, 1
7774, 31264, 1, 0, 32759, 32759, 1495, 1494, 1495.00, 1
7775, 31272, 14, 0, 32767, 48111, 16839, 16825, 1202.79, 1
7776, 31275, 1, 0, 32771, 32771, 1496, 1495, 1496.00, 1
7777, 31278, 3, 0, 32775, 35979, 4701, 4698, 1567.00, 1
7778, 31280, 2, 0, 32778, 34344, 3064, 3062, 1532.00, 1
7779, 31281, 2, 0, 32779, 34345, 3064, 3062, 1532.00, 1
7780, 31282, 1, 0, 32781, 32781, 1499, 1498, 1499.00, 1
7781, 31291, 4, 0, 32790, 37712, 6421, 6417, 1605.25, 1
7782, 31293, 1, 0, 32792, 32792, 1499, 1498, 1499.00, 1
7783, 31301, 4, 0, 32798, 37722, 6421, 6417, 1605.25, 1
7784, 31304, 9, 0, 32802, 45356, 14052, 14043, 1561.33, 1
7785, 31306, 6, 0, 32805, 41403, 10097, 10091, 1682.83, 1
7786, 31308, 1, 0, 32808, 32808, 1500, 1499, 1500.00, 1
7787, 31313, 2, 0, 32813, 34383, 3070, 3068, 1535.00, 1
7788, 31314, 5, 0, 32815, 39515, 8201, 8196, 1640.20, 1
7789, 31320, 3, 0, 32821, 36034, 4714, 4711, 1571.33, 1
7790, 31322, 6, 0, 32824, 41422, 10100, 10094, 1683.33, 1
7791, 31326, 4, 0, 32828, 37763, 6437, 6433, 1609.25, 1
7792, 31327, 3, 0, 32830, 36041, 4714, 4711, 1571.33, 1
7793, 31334, 4, 0, 32835, 37770, 6436, 6432, 1609.00, 1
7794, 31336, 3, 0, 32838, 36049, 4713, 4710, 1571.00, 1
7795, 31338, 6, 0, 32840, 41437, 10099, 10093, 1683.17, 1
7796, 31340, 1, 0, 32842, 32842, 1502, 1501, 1502.00, 1
7797, 31341, 3, 0, 32844, 36054, 4713, 4710, 1571.00, 1
7798, 31342, 1, 0, 32846, 32846, 1504, 1503, 1504.00, 1
7799, 31349, 4, 0, 32851, 37781, 6432, 6428, 1608.00, 1
7800, 31350, 13, 0, 32853, 47793, 16443, 16430, 1264.85, 1
7801, 31351, 4, 0, 32855, 37786, 6435, 6431, 1608.75, 1
7802, 31355, 1, 0, 32860, 32860, 1505, 1504, 1505.00, 1
7803, 31362, 1, 0, 32867, 32867, 1505, 1504, 1505.00, 1
7804, 31363, 3, 0, 32869, 36071, 4708, 4705, 1569.33, 1
7805, 31364, 1, 0, 32870, 32870, 1506, 1505, 1506.00, 1
7806, 31365, 3, 0, 32872, 36075, 4710, 4707, 1570.00, 1
7807, 31368, 1, 0, 32875, 32875, 1507, 1506, 1507.00, 1
7808, 31372, 7, 0, 32880, 43083, 11711, 11704, 1673.00, 1
7809, 31373, 5, 0, 32882, 39570, 8197, 8192, 1639.40, 1
7810, 31374, 2, 0, 32884, 34447, 3073, 3071, 1536.50, 1
7811, 31377, 3, 0, 32887, 36091, 4714, 4711, 1571.33, 1
7812, 31378, 6, 0, 32889, 41484, 10106, 10100, 1684.33, 1
7813, 31383, 1, 0, 32895, 32895, 1512, 1511, 1512.00, 1
7814, 31384, 1, 0, 32897, 32897, 1513, 1512, 1513.00, 1
7815, 31385, 5, 0, 32899, 39597, 8212, 8207, 1642.40, 1
7816, 31391, 3, 0, 32904, 36116, 4725, 4722, 1575.00, 1
7817, 31395, 10, 0, 32907, 46205, 14810, 14800, 1481.00, 1
7818, 31396, 6, 0, 32909, 41504, 10108, 10102, 1684.67, 1
7819, 31397, 2, 0, 32911, 34475, 3078, 3076, 1539.00, 1
7820, 31398, 8, 0, 32912, 44396, 12998, 12990, 1624.75, 1
7821, 31405, 2, 0, 32919, 34484, 3079, 3077, 1539.50, 1
7822, 31406, 1, 0, 32921, 32921, 1515, 1514, 1515.00, 1
7823, 31408, 4, 0, 32922, 37858, 6450, 6446, 1612.50, 1
7824, 31409, 6, 0, 32924, 41527, 10118, 10112, 1686.33, 1
7825, 31410, 1, 0, 32926, 32926, 1516, 1515, 1516.00, 1
7826, 31414, 1, 0, 32931, 32931, 1517, 1516, 1517.00, 1
7827, 31418, 2, 0, 32935, 34497, 3079, 3077, 1539.50, 1
7828, 31420, 8, 0, 32937, 44412, 12992, 12984, 1624.00, 1
7829, 31422, 2, 0, 32940, 34502, 3080, 3078, 1540.00, 1
7830, 31425, 1, 0, 32944, 32944, 1519, 1518, 1519.00, 1
7831, 31427, 13, 0, 32947, 47815, 16388, 16375, 1260.62, 1
7832, 31431, 1, 0, 32952, 32952, 1521, 1520, 1521.00, 1
7833, 31432, 2, 0, 32954, 34514, 3082, 3080, 1541.00, 1
7834, 31437, 4, 0, 32959, 37900, 6463, 6459, 1615.75, 1
7835, 31451, 8, 0, 32970, 44442, 12991, 12983, 1623.88, 1
7836, 31453, 1, 0, 32971, 32971, 1518, 1517, 1518.00, 1
7837, 31458, 11, 0, 32975, 46872, 15414, 15403, 1401.27, 1
7838, 31464, 1, 0, 32982, 32982, 1518, 1517, 1518.00, 1
7839, 31471, 2, 0, 32990, 34545, 3074, 3072, 1537.00, 1
7840, 31472, 11, 0, 32991, 46878, 15406, 15395, 1400.55, 1
7841, 31475, 2, 0, 32995, 34550, 3075, 3073, 1537.50, 1
7842, 31477, 1, 0, 32998, 32998, 1521, 1520, 1521.00, 1
7843, 31481, 12, 0, 33001, 47403, 15922, 15910, 1326.83, 1
7844, 31482, 2, 0, 33003, 34555, 3073, 3071, 1536.50, 1
7845, 31489, 3, 0, 33010, 36212, 4723, 4720, 1574.33, 1
7846, 31490, 1, 0, 33012, 33012, 1522, 1521, 1522.00, 1
7847, 31494, 3, 0, 33017, 36218, 4724, 4721, 1574.67, 1
7848, 31502, 2, 0, 33025, 34579, 3077, 3075, 1538.50, 1
7849, 31503, 3, 0, 33027, 36232, 4729, 4726, 1576.33, 1
7850, 31507, 1, 0, 33032, 33032, 1525, 1524, 1525.00, 1
7851, 31509, 1, 0, 33034, 33034, 1525, 1524, 1525.00, 1
7852, 31511, 3, 0, 33037, 36243, 4732, 4729, 1577.33, 1
7853, 31517, 3, 0, 33041, 36250, 4733, 4730, 1577.67, 1
7854, 31518, 3, 0, 33042, 36251, 4733, 4730, 1577.67, 1
7855, 31520, 5, 0, 33044, 39769, 8249, 8244, 1649.80, 1
7856, 31531, 1, 0, 33052, 33052, 1521, 1520, 1521.00, 1
7857, 31534, 1, 0, 33056, 33056, 1522, 1521, 1522.00, 1
7858, 31539, 3, 0, 33062, 36268, 4729, 4726, 1576.33, 1
7859, 31540, 4, 0, 33063, 38011, 6471, 6467, 1617.75, 1
7860, 31550, 3, 0, 33073, 36287, 4737, 4734, 1579.00, 1
7861, 31554, 14, 0, 33078, 48173, 16619, 16605, 1187.07, 1
7862, 31556, 13, 0, 33081, 47853, 16297, 16284, 1253.62, 1
7863, 31559, 8, 0, 33085, 44536, 12977, 12969, 1622.12, 1
7864, 31561, 6, 0, 33087, 41725, 10164, 10158, 1694.00, 1
7865, 31563, 12, 0, 33090, 47442, 15879, 15867, 1323.25, 1
7866, 31569, 1, 0, 33094, 33094, 1525, 1524, 1525.00, 1
7867, 31573, 5, 0, 33097, 39842, 8269, 8264, 1653.80, 1
7868, 31576, 10, 0, 33100, 46315, 14739, 14729, 1473.90, 1
7869, 31577, 23, 0, 33102, 49351, 17774, 17751, 772.78, 1
7870, 31582, 16, 0, 33105, 48666, 17084, 17068, 1067.75, 1
7871, 31585, 4, 0, 33109, 38079, 6494, 6490, 1623.50, 1
7872, 31590, 2, 0, 33113, 34681, 3091, 3089, 1545.50, 1
7873, 31591, 5, 0, 33115, 39882, 8291, 8286, 1658.20, 1
7874, 31597, 6, 0, 33122, 41784, 10187, 10181, 1697.83, 1
7875, 31601, 5, 0, 33127, 39891, 8290, 8285, 1658.00, 1
7876, 31606, 1, 0, 33133, 33133, 1527, 1526, 1527.00, 1
7877, 31616, 1, 0, 33142, 33142, 1526, 1525, 1526.00, 1
7878, 31621, 1, 0, 33147, 33147, 1526, 1525, 1526.00, 1
7879, 31622, 3, 0, 33149, 36385, 4763, 4760, 1587.67, 1
7880, 31624, 15, 0, 33151, 48452, 16828, 16813, 1121.87, 1
7881, 31625, 1, 0, 33152, 33152, 1527, 1526, 1527.00, 1
7882, 31628, 3, 0, 33155, 36392, 4764, 4761, 1588.00, 1
7883, 31631, 1, 0, 33158, 33158, 1527, 1526, 1527.00, 1
7884, 31632, 8, 0, 33160, 44606, 12974, 12966, 1621.75, 1
7885, 31633, 4, 0, 33161, 38139, 6506, 6502, 1626.50, 1
7886, 31634, 1, 0, 33163, 33163, 1529, 1528, 1529.00, 1
7887, 31637, 1, 0, 33167, 33167, 1530, 1529, 1530.00, 1
7888, 31638, 10, 0, 33169, 46348, 14710, 14700, 1471.00, 1
7889, 31641, 11, 0, 33171, 46967, 15326, 15315, 1393.27, 1
7890, 31648, 8, 0, 33177, 44621, 12973, 12965, 1621.62, 1
7891, 31650, 2, 0, 33180, 34748, 3098, 3096, 1549.00, 1
7892, 31651, 8, 0, 33181, 44622, 12971, 12963, 1621.38, 1
7893, 31662, 2, 0, 33192, 34762, 3100, 3098, 1550.00, 1
7894, 31663, 2, 0, 33194, 34765, 3102, 3100, 1551.00, 1
7895, 31667, 1, 0, 33197, 33197, 1530, 1529, 1530.00, 1
7896, 31671, 2, 0, 33202, 34773, 3102, 3100, 1551.00, 1
7897, 31674, 1, 0, 33206, 33206, 1532, 1531, 1532.00, 1
7898, 31676, 3, 0, 33209, 36436, 4760, 4757, 1586.67, 1
7899, 31680, 6, 0, 33214, 41895, 10215, 10209, 1702.50, 1
7900, 31692, 10, 0, 33221, 46372, 14680, 14670, 1468.00, 1
7901, 31704, 1, 0, 33233, 33233, 1529, 1528, 1529.00, 1
7902, 31716, 2, 0, 33245, 34815, 3099, 3097, 1549.50, 1
7903, 31724, 2, 0, 33250, 34822, 3098, 3096, 1549.00, 1
7904, 31737, 7, 0, 33263, 43474, 11737, 11730, 1676.71, 1
7905, 31745, 3, 0, 33270, 36506, 4761, 4758, 1587.00, 1
7906, 31750, 1, 0, 33276, 33276, 1526, 1525, 1526.00, 1
7907, 31752, 4, 0, 33279, 38261, 6509, 6505, 1627.25, 1
7908, 31754, 7, 0, 33282, 43491, 11737, 11730, 1676.71, 1
7909, 31756, 4, 0, 33285, 38267, 6511, 6507, 1627.75, 1
7910, 31759, 1, 0, 33289, 33289, 1530, 1529, 1530.00, 1
7911, 31761, 5, 0, 33291, 40073, 8312, 8307, 1662.40, 1
7912, 31763, 7, 0, 33293, 43502, 11739, 11732, 1677.00, 1
7913, 31767, 3, 0, 33297, 36536, 4769, 4766, 1589.67, 1
7914, 31774, 6, 0, 33303, 42019, 10245, 10239, 1707.50, 1
7915, 31775, 21, 0, 33304, 49258, 17483, 17462, 832.52, 1
7916, 31778, 5, 0, 33308, 40102, 8324, 8319, 1664.80, 1
7917, 31783, 1, 0, 33312, 33312, 1529, 1528, 1529.00, 1
7918, 31793, 8, 0, 33322, 44734, 12941, 12933, 1617.62, 1
7919, 31796, 12, 0, 33325, 47525, 15729, 15717, 1310.75, 1
7920, 31801, 4, 0, 33330, 38327, 6526, 6522, 1631.50, 1
7921, 31803, 9, 0, 33333, 45682, 13879, 13870, 1542.11, 1
7922, 31805, 2, 0, 33336, 34914, 3109, 3107, 1554.50, 1
7923, 31809, 19, 0, 33340, 49115, 17306, 17287, 910.84, 1
7924, 31810, 3, 0, 33342, 36589, 4779, 4776, 1593.00, 1
7925, 31814, 6, 0, 33346, 42076, 10262, 10256, 1710.33, 1
7926, 31819, 4, 0, 33352, 38346, 6527, 6523, 1631.75, 1
7927, 31827, 3, 0, 33360, 36605, 4778, 4775, 1592.67, 1
7928, 31834, 1, 0, 33368, 33368, 1534, 1533, 1534.00, 1
7929, 31837, 25, 0, 33372, 49413, 17576, 17551, 703.04, 1
7930, 31839, 2, 0, 33375, 34951, 3112, 3110, 1556.00, 1
7931, 31848, 6, 0, 33382, 42109, 10261, 10255, 1710.17, 1
7932, 31851, 1, 0, 33384, 33384, 1533, 1532, 1533.00, 1
7933, 31852, 3, 0, 33386, 36630, 4778, 4775, 1592.67, 1
7934, 31853, 3, 0, 33388, 36632, 4779, 4776, 1593.00, 1
7935, 31854, 7, 0, 33389, 43587, 11733, 11726, 1676.14, 1
7936, 31855, 3, 0, 33391, 36636, 4781, 4778, 1593.67, 1
7937, 31856, 4, 0, 33392, 38385, 6529, 6525, 1632.25, 1
7938, 31858, 4, 0, 33394, 38387, 6529, 6525, 1632.25, 1
7939, 31877, 2, 0, 33409, 34986, 3109, 3107, 1554.50, 1
7940, 31880, 4, 0, 33413, 38410, 6530, 6526, 1632.50, 1
7941, 31881, 1, 0, 33415, 33415, 1534, 1533, 1534.00, 1
7942, 31886, 2, 0, 33421, 34997, 3111, 3109, 1555.50, 1
7943, 31896, 3, 0, 33431, 36678, 4782, 4779, 1594.00, 1
7944, 31901, 10, 0, 33435, 46471, 14570, 14560, 1457.00, 1
7945, 31903, 4, 0, 33438, 38435, 6532, 6528, 1633.00, 1
7946, 31906, 27, 0, 33442, 49450, 17544, 17517, 649.78, 1
7947, 31914, 10, 0, 33450, 46478, 14564, 14554, 1456.40, 1
7948, 31917, 2, 0, 33454, 35038, 3121, 3119, 1560.50, 1
7949, 31922, 2, 0, 33458, 35042, 3120, 3118, 1560.00, 1
7950, 31923, 1, 0, 33460, 33460, 1537, 1536, 1537.00, 1
7951, 31927, 4, 0, 33464, 38464, 6537, 6533, 1634.25, 1
7952, 31931, 6, 0, 33468, 42185, 10254, 10248, 1709.00, 1
7953, 31934, 2, 0, 33471, 35052, 3118, 3116, 1559.00, 1
7954, 31935, 5, 0, 33473, 40282, 8347, 8342, 1669.40, 1
7955, 31949, 2, 0, 33486, 35073, 3124, 3122, 1562.00, 1
7956, 31953, 4, 0, 33489, 38487, 6534, 6530, 1633.50, 1
7957, 31960, 7, 0, 33494, 43664, 11704, 11697, 1672.00, 1
7958, 31961, 1, 0, 33496, 33496, 1535, 1534, 1535.00, 1
7959, 31964, 3, 0, 33497, 36747, 4783, 4780, 1594.33, 1
7960, 31970, 2, 0, 33502, 35090, 3120, 3118, 1560.00, 1
7961, 31973, 7, 0, 33505, 43673, 11700, 11693, 1671.43, 1
7962, 31975, 10, 0, 33508, 46493, 14518, 14508, 1451.80, 1
7963, 31986, 1, 0, 33519, 33519, 1533, 1532, 1533.00, 1
7964, 31992, 4, 0, 33526, 38527, 6535, 6531, 1633.75, 1
7965, 31997, 2, 0, 33532, 35116, 3119, 3117, 1559.50, 1
7966, 31998, 3, 0, 33534, 36786, 4788, 4785, 1596.00, 1
7967, 32001, 4, 0, 33537, 38541, 6540, 6536, 1635.00, 1
7968, 32004, 9, 0, 33539, 45779, 13775, 13766, 1530.56, 1
7969, 32006, 5, 0, 33542, 40365, 8359, 8354, 1671.80, 1
7970, 32008, 2, 0, 33545, 35127, 3119, 3117, 1559.50, 1
7971, 32013, 2, 0, 33550, 35131, 3118, 3116, 1559.00, 1
7972, 32019, 8, 0, 33556, 44862, 12843, 12835, 1605.38, 1
7973, 32020, 3, 0, 33558, 36802, 4782, 4779, 1594.00, 1
7974, 32022, 2, 0, 33560, 35139, 3117, 3115, 1558.50, 1
7975, 32028, 1, 0, 33567, 33567, 1539, 1538, 1539.00, 1
7976, 32032, 5, 0, 33571, 40385, 8353, 8348, 1670.60, 1
7977, 32033, 10, 0, 33572, 46515, 14482, 14472, 1448.20, 1
7978, 32047, 8, 0, 33584, 44877, 12830, 12822, 1603.75, 1
7979, 32058, 11, 0, 33594, 47102, 15044, 15033, 1367.64, 1
7980, 32060, 11, 0, 33597, 47103, 15043, 15032, 1367.55, 1
7981, 32062, 3, 0, 33600, 36853, 4791, 4788, 1597.00, 1
7982, 32064, 8, 0, 33603, 44891, 12827, 12819, 1603.38, 1
7983, 32066, 3, 0, 33605, 36859, 4793, 4790, 1597.67, 1
7984, 32069, 5, 0, 33608, 40443, 8374, 8369, 1674.80, 1
7985, 32071, 1, 0, 33611, 33611, 1540, 1539, 1540.00, 1
7986, 32072, 2, 0, 33613, 35196, 3124, 3122, 1562.00, 1
7987, 32078, 1, 0, 33618, 33618, 1540, 1539, 1540.00, 1
7988, 32079, 2, 0, 33620, 35202, 3123, 3121, 1561.50, 1
7989, 32082, 1, 0, 33622, 33622, 1540, 1539, 1540.00, 1
7990, 32083, 6, 0, 33624, 42325, 10242, 10236, 1707.00, 1
7991, 32085, 3, 0, 33627, 36879, 4794, 4791, 1598.00, 1
7992, 32086, 7, 0, 33629, 43766, 11680, 11673, 1668.57, 1
7993, 32089, 4, 0, 33633, 38642, 6553, 6549, 1638.25, 1
7994, 32092, 4, 0, 33636, 38646, 6554, 6550, 1638.50, 1
7995, 32094, 2, 0, 33638, 35218, 3124, 3122, 1562.00, 1
7996, 32095, 1, 0, 33639, 33639, 1544, 1543, 1544.00, 1
7997, 32096, 1, 0, 33641, 33641, 1545, 1544, 1545.00, 1
7998, 32100, 1, 0, 33645, 33645, 1545, 1544, 1545.00, 1
7999, 32104, 1, 0, 33649, 33649, 1545, 1544, 1545.00, 1
8000, 32107, 3, 0, 33653, 36911, 4804, 4801, 1601.33, 1
8001, 32132, 3, 0, 33670, 36939, 4807, 4804, 1602.33, 1
8002, 32138, 11, 0, 33674, 47133, 14995, 14984, 1363.18, 1
8003, 32139, 1, 0, 33676, 33676, 1537, 1536, 1537.00, 1
8004, 32141, 9, 0, 33679, 45845, 13704, 13695, 1522.67, 1
8005, 32144, 3, 0, 33683, 36952, 4808, 4805, 1602.67, 1
8006, 32146, 3, 0, 33685, 36956, 4810, 4807, 1603.33, 1
8007, 32147, 17, 0, 33687, 48907, 16760, 16743, 985.88, 1
8008, 32151, 1, 0, 33692, 33692, 1541, 1540, 1541.00, 1
8009, 32158, 8, 0, 33699, 44956, 12798, 12790, 1599.75, 1
8010, 32159, 4, 0, 33701, 38743, 6584, 6580, 1646.00, 1
8011, 32172, 2, 0, 33714, 35305, 3133, 3131, 1566.50, 1
8012, 32173, 2, 0, 33716, 35307, 3134, 3132, 1567.00, 1
8013, 32175, 9, 0, 33719, 45865, 13690, 13681, 1521.11, 1
8014, 32177, 3, 0, 33722, 36995, 4818, 4815, 1606.00, 1
8015, 32179, 9, 0, 33725, 45866, 13687, 13678, 1520.78, 1
8016, 32183, 3, 0, 33730, 37003, 4820, 4817, 1606.67, 1
8017, 32188, 16, 0, 33735, 48746, 16558, 16542, 1034.88, 1
8018, 32203, 2, 0, 33747, 35341, 3138, 3136, 1569.00, 1
8019, 32213, 15, 0, 33756, 48547, 16334, 16319, 1088.93, 1
8020, 32220, 9, 0, 33764, 45887, 13667, 13658, 1518.56, 1
8021, 32226, 3, 0, 33769, 37047, 4821, 4818, 1607.00, 1
8022, 32227, 6, 0, 33771, 42480, 10253, 10247, 1708.83, 1
8023, 32229, 2, 0, 33774, 35371, 3142, 3140, 1571.00, 1
8024, 32234, 3, 0, 33779, 37057, 4823, 4820, 1607.67, 1
8025, 32237, 9, 0, 33782, 45896, 13659, 13650, 1517.67, 1
8026, 32240, 4, 0, 33786, 38833, 6593, 6589, 1648.25, 1
8027, 32241, 6, 0, 33787, 42495, 10254, 10248, 1709.00, 1
8028, 32242, 2, 0, 33789, 35390, 3148, 3146, 1574.00, 1
8029, 32243, 3, 0, 33791, 37074, 4831, 4828, 1610.33, 1
8030, 32247, 7, 0, 33796, 43909, 11662, 11655, 1666.00, 1
8031, 32248, 8, 0, 33797, 45019, 12771, 12763, 1596.38, 1
8032, 32253, 1, 0, 33801, 33801, 1548, 1547, 1548.00, 1
8033, 32254, 3, 0, 33803, 37088, 4834, 4831, 1611.33, 1
8034, 32256, 7, 0, 33805, 43914, 11658, 11651, 1665.43, 1
8035, 32259, 1, 0, 33809, 33809, 1550, 1549, 1550.00, 1
8036, 32270, 5, 0, 33819, 40721, 8451, 8446, 1690.20, 1
8037, 32273, 5, 0, 33821, 40723, 8450, 8445, 1690.00, 1
8038, 32274, 5, 0, 33823, 40725, 8451, 8446, 1690.20, 1
8039, 32275, 5, 0, 33825, 40727, 8452, 8447, 1690.40, 1
8040, 32280, 5, 0, 33829, 40730, 8450, 8445, 1690.00, 1
8041, 32282, 4, 0, 33831, 38890, 6608, 6604, 1652.00, 1
8042, 32288, 5, 0, 33836, 40740, 8452, 8447, 1690.40, 1
8043, 32291, 9, 0, 33839, 45924, 13633, 13624, 1514.78, 1
8044, 32292, 4, 0, 33841, 38899, 6607, 6603, 1651.75, 1
8045, 32295, 2, 0, 33844, 35449, 3154, 3152, 1577.00, 1
8046, 32299, 15, 0, 33849, 48556, 16257, 16242, 1083.80, 1
8047, 32303, 4, 0, 33851, 38904, 6601, 6597, 1650.25, 1
8048, 32305, 3, 0, 33853, 37150, 4845, 4842, 1615.00, 1
8049, 32332, 2, 0, 33876, 35488, 3156, 3154, 1578.00, 1
8050, 32342, 6, 0, 33886, 42595, 10253, 10247, 1708.83, 1
8051, 32344, 19, 0, 33889, 49140, 16796, 16777, 884.00, 1
8052, 32346, 5, 0, 33890, 40803, 8457, 8452, 1691.40, 1
8053, 32347, 8, 0, 33892, 45075, 12728, 12720, 1591.00, 1
8054, 32355, 5, 0, 33898, 40817, 8462, 8457, 1692.40, 1
8055, 32357, 4, 0, 33901, 38966, 6609, 6605, 1652.25, 1
8056, 32360, 1, 0, 33905, 33905, 1545, 1544, 1545.00, 1
8057, 32361, 4, 0, 33906, 38972, 6611, 6607, 1652.75, 1
8058, 32370, 3, 0, 33914, 37224, 4854, 4851, 1618.00, 1
8059, 32371, 5, 0, 33916, 40841, 8470, 8465, 1694.00, 1
8060, 32374, 4, 0, 33919, 38991, 6617, 6613, 1654.25, 1
8061, 32375, 2, 0, 33921, 35535, 3160, 3158, 1580.00, 1
8062, 32378, 6, 0, 33924, 42636, 10258, 10252, 1709.67, 1
8063, 32379, 1, 0, 33926, 33926, 1547, 1546, 1547.00, 1
8064, 32380, 1, 0, 33928, 33928, 1548, 1547, 1548.00, 1
8065, 32381, 3, 0, 33930, 37242, 4861, 4858, 1620.33, 1
8066, 32382, 2, 0, 33932, 35546, 3164, 3162, 1582.00, 1
8067, 32392, 8, 0, 33941, 45115, 12723, 12715, 1590.38, 1
8068, 32394, 10, 0, 33944, 46670, 14276, 14266, 1427.60, 1
8069, 32395, 1, 0, 33946, 33946, 1551, 1550, 1551.00, 1
8070, 32397, 7, 0, 33948, 44034, 11637, 11630, 1662.43, 1
8071, 32399, 8, 0, 33951, 45126, 12727, 12719, 1590.88, 1
8072, 32409, 3, 0, 33959, 37281, 4872, 4869, 1624.00, 1
8073, 32416, 20, 0, 33967, 49221, 16805, 16785, 840.25, 1
8074, 32418, 5, 0, 33970, 40919, 8501, 8496, 1700.20, 1
8075, 32425, 4, 0, 33976, 39064, 6639, 6635, 1659.75, 1
8076, 32429, 12, 0, 33979, 47696, 15267, 15255, 1272.25, 1
8077, 32432, 9, 0, 33983, 46011, 13579, 13570, 1508.78, 1
8078, 32435, 3, 0, 33986, 37311, 4876, 4873, 1625.33, 1
8079, 32436, 4, 0, 33988, 39075, 6639, 6635, 1659.75, 1
8080, 32447, 1, 0, 33997, 33997, 1550, 1549, 1550.00, 1
8081, 32451, 5, 0, 34001, 40947, 8496, 8491, 1699.20, 1
8082, 32454, 1, 0, 34004, 34004, 1550, 1549, 1550.00, 1
8083, 32460, 2, 0, 34011, 35630, 3170, 3168, 1585.00, 1
8084, 32461, 2, 0, 34013, 35633, 3172, 3170, 1586.00, 1
8085, 32464, 9, 0, 34016, 46021, 13557, 13548, 1506.33, 1
8086, 32467, 12, 0, 34020, 47704, 15237, 15225, 1269.75, 1
8087, 32468, 3, 0, 34022, 37352, 4884, 4881, 1628.00, 1
8088, 32469, 3, 0, 34024, 37356, 4887, 4884, 1629.00, 1
8089, 32472, 1, 0, 34028, 34028, 1556, 1555, 1556.00, 1
8090, 32477, 2, 0, 34034, 35656, 3179, 3177, 1589.50, 1
8091, 32479, 11, 0, 34036, 47256, 14777, 14766, 1343.36, 1
8092, 32485, 6, 0, 34041, 42753, 10268, 10262, 1711.33, 1
8093, 32486, 2, 0, 34043, 35668, 3182, 3180, 1591.00, 1
8094, 32488, 5, 0, 34045, 41011, 8523, 8518, 1704.60, 1
8095, 32491, 13, 0, 34048, 48070, 15579, 15566, 1198.38, 1
8096, 32493, 8, 0, 34051, 45184, 12691, 12683, 1586.38, 1
8097, 32500, 2, 0, 34058, 35686, 3186, 3184, 1593.00, 1
8098, 32503, 5, 0, 34061, 41035, 8532, 8527, 1706.40, 1
8099, 32517, 1, 0, 34073, 34073, 1556, 1555, 1556.00, 1
8100, 32522, 9, 0, 34076, 46055, 13533, 13524, 1503.67, 1
8101, 32535, 2, 0, 34087, 35717, 3182, 3180, 1591.00, 1
8102, 32538, 3, 0, 34089, 37427, 4889, 4886, 1629.67, 1
8103, 32541, 10, 0, 34091, 46723, 14182, 14172, 1418.20, 1
8104, 32566, 5, 0, 34113, 41101, 8535, 8530, 1707.00, 1
8105, 32568, 17, 0, 34116, 48947, 16379, 16362, 963.47, 1
8106, 32575, 2, 0, 34123, 35754, 3179, 3177, 1589.50, 1
8107, 32579, 2, 0, 34127, 35758, 3179, 3177, 1589.50, 1
8108, 32585, 2, 0, 34132, 35763, 3178, 3176, 1589.00, 1
8109, 32588, 1, 0, 34136, 34136, 1548, 1547, 1548.00, 1
8110, 32592, 3, 0, 34141, 37478, 4886, 4883, 1628.67, 1
8111, 32598, 1, 0, 34147, 34147, 1549, 1548, 1549.00, 1
8112, 32608, 1, 0, 34158, 34158, 1550, 1549, 1550.00, 1
8113, 32618, 1, 0, 34166, 34166, 1548, 1547, 1548.00, 1
8114, 32625, 2, 0, 34173, 35803, 3178, 3176, 1589.00, 1
8115, 32629, 2, 0, 34177, 35808, 3179, 3177, 1589.50, 1
8116, 32630, 9, 0, 34179, 46098, 13468, 13459, 1496.44, 1
8117, 32632, 2, 0, 34181, 35813, 3181, 3179, 1590.50, 1
8118, 32634, 2, 0, 34184, 35816, 3182, 3180, 1591.00, 1
8119, 32639, 3, 0, 34190, 37534, 4895, 4892, 1631.67, 1
8120, 32640, 11, 0, 34191, 47300, 14660, 14649, 1332.73, 1
8121, 32645, 1, 0, 34196, 34196, 1551, 1550, 1551.00, 1
8122, 32649, 5, 0, 34200, 41203, 8554, 8549, 1710.80, 1
8123, 32652, 8, 0, 34203, 45268, 12616, 12608, 1577.00, 1
8124, 32660, 4, 0, 34211, 39326, 6666, 6662, 1666.50, 1
8125, 32669, 5, 0, 34220, 41224, 8555, 8550, 1711.00, 1
8126, 32671, 2, 0, 34223, 35857, 3186, 3184, 1593.00, 1
8127, 32673, 4, 0, 34225, 39340, 6667, 6663, 1666.75, 1
8128, 32675, 3, 0, 34228, 37572, 4897, 4894, 1632.33, 1
8129, 32683, 11, 0, 34236, 47314, 14631, 14620, 1330.09, 1
8130, 32687, 7, 0, 34240, 44243, 11556, 11549, 1650.86, 1
8131, 32689, 1, 0, 34243, 34243, 1554, 1553, 1554.00, 1
8132, 32690, 3, 0, 34245, 37589, 4899, 4896, 1633.00, 1
8133, 32692, 15, 0, 34247, 48614, 15922, 15907, 1061.47, 1
8134, 32698, 3, 0, 34254, 37600, 4902, 4899, 1634.00, 1
8135, 32702, 6, 0, 34258, 42953, 10251, 10245, 1708.50, 1
8136, 32704, 5, 0, 34261, 41276, 8572, 8567, 1714.40, 1
8137, 32708, 2, 0, 34265, 35903, 3195, 3193, 1597.50, 1
8138, 32709, 3, 0, 34267, 37621, 4912, 4909, 1637.33, 1
8139, 32711, 4, 0, 34269, 39395, 6684, 6680, 1671.00, 1
8140, 32713, 6, 0, 34271, 42962, 10249, 10243, 1708.17, 1
8141, 32715, 3, 0, 34274, 37629, 4914, 4911, 1638.00, 1
8142, 32718, 4, 0, 34277, 39404, 6686, 6682, 1671.50, 1
8143, 32719, 1, 0, 34278, 34278, 1559, 1558, 1559.00, 1
8144, 32722, 8, 0, 34281, 45311, 12589, 12581, 1573.62, 1
8145, 32724, 1, 0, 34284, 34284, 1560, 1559, 1560.00, 1
8146, 32725, 2, 0, 34285, 35926, 3201, 3199, 1600.50, 1
8147, 32726, 1, 0, 34287, 34287, 1561, 1560, 1561.00, 1
8148, 32731, 3, 0, 34291, 37646, 4915, 4912, 1638.33, 1
8149, 32734, 2, 0, 34294, 35934, 3200, 3198, 1600.00, 1
8150, 32741, 10, 0, 34301, 46801, 14060, 14050, 1406.00, 1
8151, 32742, 5, 0, 34302, 41326, 8584, 8579, 1716.80, 1
8152, 32744, 12, 0, 34305, 47774, 15030, 15018, 1252.50, 1
8153, 32745, 5, 0, 34307, 41334, 8589, 8584, 1717.80, 1
8154, 32747, 1, 0, 34310, 34310, 1563, 1562, 1563.00, 1
8155, 32751, 12, 0, 34315, 47775, 15024, 15012, 1252.00, 1
8156, 32753, 4, 0, 34317, 39451, 6698, 6694, 1674.50, 1
8157, 32760, 1, 0, 34323, 34323, 1563, 1562, 1563.00, 1
8158, 32762, 8, 0, 34326, 45337, 12575, 12567, 1571.88, 1
8159, 32763, 4, 0, 34328, 39463, 6700, 6696, 1675.00, 1
8160, 32767, 4, 0, 34331, 39465, 6698, 6694, 1674.50, 1
8161, 32774, 1, 0, 34337, 34337, 1563, 1562, 1563.00, 1
8162, 32775, 5, 0, 34339, 41365, 8590, 8585, 1718.00, 1
8163, 32776, 2, 0, 34341, 35981, 3205, 3203, 1602.50, 1
8164, 32791, 3, 0, 34355, 37716, 4925, 4922, 1641.67, 1
8165, 32795, 2, 0, 34359, 35998, 3203, 3201, 1601.50, 1
8166, 32798, 2, 0, 34362, 36000, 3202, 3200, 1601.00, 1
8167, 32800, 4, 0, 34365, 39494, 6694, 6690, 1673.50, 1
8168, 32801, 5, 0, 34367, 41394, 8593, 8588, 1718.60, 1
8169, 32805, 1, 0, 34371, 34371, 1566, 1565, 1566.00, 1
8170, 32806, 3, 0, 34373, 37734, 4928, 4925, 1642.67, 1
8171, 32808, 1, 0, 34376, 34376, 1568, 1567, 1568.00, 1
8172, 32810, 5, 0, 34378, 41407, 8597, 8592, 1719.40, 1
8173, 32812, 4, 0, 34381, 39509, 6697, 6693, 1674.25, 1
8174, 32813, 5, 0, 34382, 41410, 8597, 8592, 1719.40, 1
8175, 32817, 1, 0, 34387, 34387, 1570, 1569, 1570.00, 1
8176, 32826, 1, 0, 34395, 34395, 1569, 1568, 1569.00, 1
8177, 32828, 1, 0, 34398, 34398, 1570, 1569, 1570.00, 1
8178, 32838, 1, 0, 34409, 34409, 1571, 1570, 1571.00, 1
8179, 32840, 6, 0, 34411, 43060, 10220, 10214, 1703.33, 1
8180, 32841, 3, 0, 34413, 37777, 4936, 4933, 1645.33, 1
8181, 32852, 4, 0, 34419, 39547, 6695, 6691, 1673.75, 1
8182, 32859, 1, 0, 34424, 34424, 1565, 1564, 1565.00, 1
8183, 32864, 10, 0, 34429, 46828, 13964, 13954, 1396.40, 1
8184, 32867, 1, 0, 34432, 34432, 1565, 1564, 1565.00, 1
8185, 32873, 1, 0, 34436, 34436, 1563, 1562, 1563.00, 1
8186, 32883, 6, 0, 34445, 43084, 10201, 10195, 1700.17, 1
8187, 32884, 4, 0, 34446, 39572, 6688, 6684, 1672.00, 1
8188, 32887, 8, 0, 34450, 45387, 12500, 12492, 1562.50, 1
8189, 32888, 2, 0, 34452, 36093, 3205, 3203, 1602.50, 1
8190, 32889, 9, 0, 34454, 46199, 13310, 13301, 1478.89, 1
8191, 32890, 1, 0, 34456, 34456, 1566, 1565, 1566.00, 1
8192, 32893, 2, 0, 34458, 36098, 3205, 3203, 1602.50, 1
8193, 32897, 4, 0, 34462, 39593, 6696, 6692, 1674.00, 1
8194, 32899, 8, 0, 34463, 45396, 12497, 12489, 1562.12, 1
8195, 32900, 5, 0, 34465, 41494, 8594, 8589, 1718.80, 1
8196, 32901, 8, 0, 34466, 45398, 12497, 12489, 1562.12, 1
8197, 32902, 4, 0, 34468, 39604, 6702, 6698, 1675.50, 1
8198, 32916, 4, 0, 34480, 39623, 6707, 6703, 1676.75, 1
8199, 32926, 10, 0, 34489, 46850, 13924, 13914, 1392.40, 1
8200, 32927, 1, 0, 34490, 34490, 1563, 1562, 1563.00, 1
8201, 32933, 1, 0, 34495, 34495, 1562, 1561, 1562.00, 1
8202, 32938, 2, 0, 34499, 36147, 3209, 3207, 1604.50, 1
8203, 32941, 5, 0, 34503, 41548, 8607, 8602, 1721.40, 1
8204, 32955, 1, 0, 34515, 34515, 1560, 1559, 1560.00, 1
8205, 32969, 2, 0, 34526, 36174, 3205, 3203, 1602.50, 1
8206, 32974, 6, 0, 34531, 43178, 10204, 10198, 1700.67, 1
8207, 32984, 2, 0, 34537, 36183, 3199, 3197, 1599.50, 1
8208, 32986, 3, 0, 34540, 37920, 4934, 4931, 1644.67, 1
8209, 32992, 1, 0, 34547, 34547, 1555, 1554, 1555.00, 1
8210, 33013, 1, 0, 34563, 34563, 1550, 1549, 1550.00, 1
8211, 33014, 1, 0, 34565, 34565, 1551, 1550, 1551.00, 1
8212, 33020, 6, 0, 34571, 43220, 10200, 10194, 1700.00, 1
8213, 33021, 3, 0, 34572, 37957, 4936, 4933, 1645.33, 1
8214, 33023, 5, 0, 34575, 41643, 8620, 8615, 1724.00, 1
8215, 33024, 3, 0, 34577, 37963, 4939, 4936, 1646.33, 1
8216, 33030, 12, 0, 34584, 47837, 14807, 14795, 1233.92, 1
8217, 33032, 1, 0, 34587, 34587, 1555, 1554, 1555.00, 1
8218, 33037, 2, 0, 34591, 36242, 3205, 3203, 1602.50, 1
8219, 33039, 9, 0, 34594, 46277, 13238, 13229, 1470.89, 1
8220, 33040, 2, 0, 34595, 36249, 3209, 3207, 1604.50, 1
8221, 33043, 3, 0, 34599, 37987, 4944, 4941, 1648.00, 1
8222, 33045, 4, 0, 34602, 39770, 6725, 6721, 1681.25, 1
8223, 33048, 11, 0, 34603, 47423, 14375, 14364, 1306.82, 1
8224, 33059, 4, 0, 34611, 39776, 6717, 6713, 1679.25, 1
8225, 33061, 12, 0, 34614, 47843, 14782, 14770, 1231.83, 1
8226, 33063, 10, 0, 34617, 46911, 13848, 13838, 1384.80, 1
8227, 33067, 6, 0, 34622, 43270, 10203, 10197, 1700.50, 1
8228, 33068, 2, 0, 34624, 36278, 3210, 3208, 1605.00, 1
8229, 33070, 3, 0, 34627, 38019, 4949, 4946, 1649.67, 1
8230, 33073, 1, 0, 34631, 34631, 1558, 1557, 1558.00, 1
8231, 33078, 1, 0, 34636, 34636, 1558, 1557, 1558.00, 1
8232, 33080, 6, 0, 34639, 43282, 10202, 10196, 1700.33, 1
8233, 33084, 4, 0, 34643, 39822, 6738, 6734, 1684.50, 1
8234, 33088, 2, 0, 34648, 36305, 3217, 3215, 1608.50, 1
8235, 33090, 2, 0, 34651, 36307, 3217, 3215, 1608.50, 1
8236, 33094, 4, 0, 34656, 39837, 6743, 6739, 1685.75, 1
8237, 33097, 10, 0, 34658, 46932, 13835, 13825, 1383.50, 1
8238, 33098, 4, 0, 34660, 39843, 6745, 6741, 1686.25, 1
8239, 33101, 8, 0, 34663, 45534, 12433, 12425, 1554.12, 1
8240, 33102, 3, 0, 34665, 38068, 4966, 4963, 1655.33, 1
8241, 33105, 1, 0, 34669, 34669, 1564, 1563, 1564.00, 1
8242, 33109, 4, 0, 34674, 39867, 6758, 6754, 1689.50, 1
8243, 33110, 3, 0, 34676, 38080, 4970, 4967, 1656.67, 1
8244, 33112, 2, 0, 34679, 36341, 3229, 3227, 1614.50, 1
8245, 33115, 3, 0, 34683, 38091, 4976, 4973, 1658.67, 1
8246, 33116, 2, 0, 34685, 36350, 3234, 3232, 1617.00, 1
8247, 33120, 2, 0, 34688, 36353, 3233, 3231, 1616.50, 1
8248, 33122, 2, 0, 34691, 36356, 3234, 3232, 1617.00, 1
8249, 33124, 6, 0, 34694, 43336, 10212, 10206, 1702.00, 1
8250, 33128, 17, 0, 34697, 48992, 15864, 15847, 933.18, 1
8251, 33129, 2, 0, 34699, 36363, 3234, 3232, 1617.00, 1
8252, 33135, 21, 0, 34705, 49311, 16176, 16155, 770.29, 1
8253, 33138, 3, 0, 34709, 38112, 4974, 4971, 1658.00, 1
8254, 33141, 2, 0, 34713, 36377, 3236, 3234, 1618.00, 1
8255, 33145, 6, 0, 34717, 43354, 10209, 10203, 1701.50, 1
8256, 33153, 4, 0, 34723, 39926, 6773, 6769, 1693.25, 1
8257, 33156, 2, 0, 34727, 36394, 3238, 3236, 1619.00, 1
8258, 33157, 3, 0, 34729, 38136, 4979, 4976, 1659.67, 1
8259, 33172, 10, 0, 34738, 46969, 13797, 13787, 1379.70, 1
8260, 33174, 4, 0, 34741, 39945, 6771, 6767, 1692.75, 1
8261, 33175, 3, 0, 34743, 38154, 4979, 4976, 1659.67, 1
8262, 33183, 2, 0, 34751, 36417, 3234, 3232, 1617.00, 1
8263, 33190, 3, 0, 34759, 38165, 4975, 4972, 1658.33, 1
8264, 33192, 6, 0, 34761, 43401, 10209, 10203, 1701.50, 1
8265, 33194, 3, 0, 34764, 38169, 4975, 4972, 1658.33, 1
8266, 33199, 5, 0, 34769, 41875, 8676, 8671, 1735.20, 1
8267, 33200, 6, 0, 34771, 43409, 10209, 10203, 1701.50, 1
8268, 33210, 2, 0, 34779, 36437, 3227, 3225, 1613.50, 1
8269, 33211, 12, 0, 34780, 47893, 14682, 14670, 1223.50, 1
8270, 33217, 5, 0, 34786, 41897, 8680, 8675, 1736.00, 1
8271, 33220, 2, 0, 34788, 36447, 3227, 3225, 1613.50, 1
8272, 33227, 2, 0, 34795, 36457, 3230, 3228, 1615.00, 1
8273, 33233, 6, 0, 34802, 43435, 10202, 10196, 1700.33, 1
8274, 33235, 3, 0, 34804, 38210, 4975, 4972, 1658.33, 1
8275, 33239, 6, 0, 34809, 43447, 10208, 10202, 1701.33, 1
8276, 33245, 7, 0, 34814, 44665, 11420, 11413, 1631.43, 1
8277, 33246, 1, 0, 34816, 34816, 1570, 1569, 1570.00, 1
8278, 33249, 6, 0, 34819, 43457, 10208, 10202, 1701.33, 1
8279, 33250, 1, 0, 34821, 34821, 1571, 1570, 1571.00, 1
8280, 33252, 5, 0, 34824, 41947, 8695, 8690, 1739.00, 1
8281, 33254, 1, 0, 34827, 34827, 1573, 1572, 1573.00, 1
8282, 33262, 10, 0, 34835, 47002, 13740, 13730, 1374.00, 1
8283, 33264, 3, 0, 34838, 38244, 4980, 4977, 1660.00, 1
8284, 33265, 5, 0, 34839, 41966, 8701, 8696, 1740.20, 1
8285, 33274, 2, 0, 34847, 36509, 3235, 3233, 1617.50, 1
8286, 33276, 1, 0, 34849, 34849, 1573, 1572, 1573.00, 1
8287, 33280, 2, 0, 34852, 36514, 3234, 3232, 1617.00, 1
8288, 33287, 6, 0, 34859, 43495, 10208, 10202, 1701.33, 1
8289, 33288, 2, 0, 34861, 36524, 3236, 3234, 1618.00, 1
8290, 33290, 1, 0, 34863, 34863, 1573, 1572, 1573.00, 1
8291, 33292, 6, 0, 34866, 43501, 10209, 10203, 1701.50, 1
8292, 33303, 3, 0, 34876, 38291, 4988, 4985, 1662.67, 1
8293, 33305, 2, 0, 34879, 36546, 3241, 3239, 1620.50, 1
8294, 33306, 14, 0, 34881, 48481, 15175, 15161, 1083.93, 1
8295, 33312, 3, 0, 34888, 38301, 4989, 4986, 1663.00, 1
8296, 33314, 10, 0, 34890, 47024, 13710, 13700, 1371.00, 1
8297, 33316, 3, 0, 34892, 38308, 4992, 4989, 1664.00, 1
8298, 33320, 3, 0, 34896, 38312, 4992, 4989, 1664.00, 1
8299, 33325, 20, 0, 34901, 49260, 15935, 15915, 796.75, 1
8300, 33327, 2, 0, 34903, 36572, 3245, 3243, 1622.50, 1
8301, 33332, 5, 0, 34909, 42057, 8725, 8720, 1745.00, 1
8302, 33334, 6, 0, 34912, 43551, 10217, 10211, 1702.83, 1
8303, 33337, 9, 0, 34915, 46433, 13096, 13087, 1455.11, 1
8304, 33340, 1, 0, 34918, 34918, 1578, 1577, 1578.00, 1
8305, 33343, 2, 0, 34922, 36590, 3247, 3245, 1623.50, 1
8306, 33346, 1, 0, 34923, 34923, 1577, 1576, 1577.00, 1
8307, 33351, 12, 0, 34927, 47927, 14576, 14564, 1214.67, 1
8308, 33353, 7, 0, 34930, 44755, 11402, 11395, 1628.86, 1
8309, 33356, 2, 0, 34932, 36602, 3246, 3244, 1623.00, 1
8310, 33359, 8, 0, 34933, 45694, 12335, 12327, 1541.88, 1
8311, 33361, 2, 0, 34936, 36606, 3245, 3243, 1622.50, 1
8312, 33362, 6, 0, 34938, 43571, 10209, 10203, 1701.50, 1
8313, 33365, 4, 0, 34942, 40157, 6792, 6788, 1698.00, 1
8314, 33369, 4, 0, 34945, 40161, 6792, 6788, 1698.00, 1
8315, 33383, 1, 0, 34959, 34959, 1576, 1575, 1576.00, 1
8316, 33390, 2, 0, 34965, 36634, 3244, 3242, 1622.00, 1
8317, 33395, 6, 0, 34971, 43591, 10196, 10190, 1699.33, 1
8318, 33397, 1, 0, 34973, 34973, 1576, 1575, 1576.00, 1
8319, 33407, 10, 0, 34983, 47056, 13649, 13639, 1364.90, 1
8320, 33419, 1, 0, 34995, 34995, 1576, 1575, 1576.00, 1
8321, 33422, 9, 0, 34998, 46465, 13043, 13034, 1449.22, 1
8322, 33423, 5, 0, 34999, 42144, 8721, 8716, 1744.20, 1
8323, 33424, 4, 0, 35001, 40228, 6804, 6800, 1701.00, 1
8324, 33426, 3, 0, 35003, 38423, 4997, 4994, 1665.67, 1
8325, 33429, 10, 0, 35007, 47064, 13635, 13625, 1363.50, 1
8326, 33440, 1, 0, 35017, 35017, 1577, 1576, 1577.00, 1
8327, 33441, 1, 0, 35019, 35019, 1578, 1577, 1578.00, 1
8328, 33442, 12, 0, 35021, 47952, 14510, 14498, 1209.17, 1
8329, 33443, 3, 0, 35023, 38441, 4998, 4995, 1666.00, 1
8330, 33446, 6, 0, 35027, 43630, 10184, 10178, 1697.33, 1
8331, 33450, 2, 0, 35032, 36696, 3246, 3244, 1623.00, 1
8332, 33451, 7, 0, 35034, 44813, 11362, 11355, 1623.14, 1
8333, 33453, 5, 0, 35037, 42178, 8725, 8720, 1745.00, 1
8334, 33457, 5, 0, 35040, 42181, 8724, 8719, 1744.80, 1
8335, 33465, 1, 0, 35047, 35047, 1582, 1581, 1582.00, 1
8336, 33477, 1, 0, 35058, 35058, 1581, 1580, 1581.00, 1
8337, 33479, 6, 0, 35061, 43650, 10171, 10165, 1695.17, 1
8338, 33480, 2, 0, 35063, 36727, 3247, 3245, 1623.50, 1
8339, 33481, 2, 0, 35065, 36729, 3248, 3246, 1624.00, 1
8340, 33482, 3, 0, 35067, 38478, 4996, 4993, 1665.33, 1
8341, 33484, 12, 0, 35069, 47957, 14473, 14461, 1206.08, 1
8342, 33485, 8, 0, 35071, 45753, 12268, 12260, 1533.50, 1
8343, 33487, 1, 0, 35074, 35074, 1587, 1586, 1587.00, 1
8344, 33494, 4, 0, 35080, 40305, 6811, 6807, 1702.75, 1
8345, 33498, 6, 0, 35084, 43667, 10169, 10163, 1694.83, 1
8346, 33499, 3, 0, 35086, 38498, 4999, 4996, 1666.33, 1
8347, 33501, 5, 0, 35088, 42214, 8713, 8708, 1742.60, 1
8348, 33507, 35, 0, 35092, 49513, 16006, 15971, 457.31, 1
8349, 33515, 10, 0, 35101, 47083, 13568, 13558, 1356.80, 1
8350, 33532, 1, 0, 35115, 35115, 1583, 1582, 1583.00, 1
8351, 33535, 17, 0, 35119, 49022, 15487, 15470, 911.00, 1
8352, 33543, 2, 0, 35126, 36795, 3252, 3250, 1626.00, 1
8353, 33559, 2, 0, 35137, 36803, 3244, 3242, 1622.00, 1
8354, 33562, 1, 0, 35141, 35141, 1579, 1578, 1579.00, 1
8355, 33576, 7, 0, 35155, 44872, 11296, 11289, 1613.71, 1
8356, 33582, 4, 0, 35162, 40395, 6813, 6809, 1703.25, 1
8357, 33593, 3, 0, 35173, 38594, 5001, 4998, 1667.00, 1
8358, 33594, 6, 0, 35175, 43741, 10147, 10141, 1691.17, 1
8359, 33595, 4, 0, 35177, 40420, 6825, 6821, 1706.25, 1
8360, 33597, 1, 0, 35179, 35179, 1582, 1581, 1582.00, 1
8361, 33600, 6, 0, 35183, 43746, 10146, 10140, 1691.00, 1
8362, 33601, 1, 0, 35185, 35185, 1584, 1583, 1584.00, 1
8363, 33608, 7, 0, 35192, 44898, 11290, 11283, 1612.86, 1
8364, 33618, 8, 0, 35200, 45809, 12191, 12183, 1523.88, 1
8365, 33622, 4, 0, 35204, 40452, 6830, 6826, 1707.50, 1
8366, 33632, 3, 0, 35211, 38638, 5006, 5003, 1668.67, 1
8367, 33640, 8, 0, 35219, 45819, 12179, 12171, 1522.38, 1
8368, 33641, 16, 0, 35221, 48903, 15262, 15246, 953.88, 1
8369, 33642, 2, 0, 35222, 36895, 3253, 3251, 1626.50, 1
8370, 33643, 3, 0, 35224, 38657, 5014, 5011, 1671.33, 1
8371, 33649, 14, 0, 35229, 48530, 14881, 14867, 1062.93, 1
8372, 33652, 2, 0, 35232, 36908, 3256, 3254, 1628.00, 1
8373, 33655, 4, 0, 35236, 40489, 6834, 6830, 1708.50, 1
8374, 33656, 2, 0, 35238, 36915, 3259, 3257, 1629.50, 1
8375, 33663, 3, 0, 35246, 38685, 5022, 5019, 1674.00, 1
8376, 33665, 4, 0, 35249, 40505, 6840, 6836, 1710.00, 1
8377, 33666, 3, 0, 35251, 38689, 5023, 5020, 1674.33, 1
8378, 33669, 2, 0, 35255, 36935, 3266, 3264, 1633.00, 1
8379, 33670, 1, 0, 35257, 35257, 1587, 1586, 1587.00, 1
8380, 33679, 2, 0, 35265, 36945, 3266, 3264, 1633.00, 1
8381, 33683, 11, 0, 35269, 47613, 13930, 13919, 1266.36, 1
8382, 33688, 5, 0, 35275, 42400, 8712, 8707, 1742.40, 1
8383, 33690, 1, 0, 35278, 35278, 1588, 1587, 1588.00, 1
8384, 33691, 6, 0, 35280, 43826, 10135, 10129, 1689.17, 1
8385, 33692, 1, 0, 35282, 35282, 1590, 1589, 1590.00, 1
8386, 33696, 12, 0, 35286, 47998, 14302, 14290, 1191.83, 1
8387, 33699, 5, 0, 35288, 42410, 8711, 8706, 1742.20, 1
8388, 33700, 15, 0, 35290, 48743, 15043, 15028, 1002.87, 1
8389, 33701, 7, 0, 35292, 44959, 11258, 11251, 1608.29, 1
8390, 33706, 2, 0, 35297, 36984, 3278, 3276, 1639.00, 1
8391, 33708, 4, 0, 35300, 40580, 6872, 6868, 1718.00, 1
8392, 33714, 3, 0, 35304, 38752, 5038, 5035, 1679.33, 1
8393, 33721, 4, 0, 35312, 40592, 6871, 6867, 1717.75, 1
8394, 33723, 2, 0, 35315, 36996, 3273, 3271, 1636.50, 1
8395, 33729, 7, 0, 35321, 44970, 11241, 11234, 1605.86, 1
8396, 33736, 11, 0, 35328, 47623, 13887, 13876, 1262.45, 1
8397, 33745, 4, 0, 35337, 40621, 6876, 6872, 1719.00, 1
8398, 33746, 2, 0, 35339, 37020, 3274, 3272, 1637.00, 1
8399, 33748, 5, 0, 35342, 42452, 8704, 8699, 1740.80, 1
8400, 33750, 1, 0, 35344, 35344, 1594, 1593, 1594.00, 1
8401, 33754, 9, 0, 35349, 46580, 12826, 12817, 1425.11, 1
8402, 33756, 2, 0, 35352, 37032, 3276, 3274, 1638.00, 1
8403, 33768, 20, 0, 35363, 49276, 15508, 15488, 775.40, 1
8404, 33771, 4, 0, 35367, 40655, 6884, 6880, 1721.00, 1
8405, 33777, 4, 0, 35374, 40660, 6883, 6879, 1720.75, 1
8406, 33779, 7, 0, 35377, 45000, 11221, 11214, 1603.00, 1
8407, 33780, 12, 0, 35379, 48011, 14231, 14219, 1185.92, 1
8408, 33782, 4, 0, 35381, 40666, 6884, 6880, 1721.00, 1
8409, 33789, 1, 0, 35389, 35389, 1600, 1599, 1600.00, 1
8410, 33790, 4, 0, 35391, 40685, 6895, 6891, 1723.75, 1
8411, 33798, 3, 0, 35399, 38849, 5051, 5048, 1683.67, 1
8412, 33804, 1, 0, 35405, 35405, 1601, 1600, 1601.00, 1
8413, 33808, 2, 0, 35410, 37096, 3288, 3286, 1644.00, 1
8414, 33810, 6, 0, 35412, 43920, 10110, 10104, 1685.00, 1
8415, 33811, 7, 0, 35414, 45027, 11216, 11209, 1602.29, 1
8416, 33814, 1, 0, 35417, 35417, 1603, 1602, 1603.00, 1
8417, 33816, 1, 0, 35419, 35419, 1603, 1602, 1603.00, 1
8418, 33817, 8, 0, 35421, 45916, 12099, 12091, 1512.38, 1
8419, 33828, 3, 0, 35431, 38884, 5056, 5053, 1685.33, 1
8420, 33829, 2, 0, 35433, 37122, 3293, 3291, 1646.50, 1
8421, 33830, 1, 0, 35435, 35435, 1605, 1604, 1605.00, 1
8422, 33831, 4, 0, 35437, 40732, 6901, 6897, 1725.25, 1
8423, 33847, 2, 0, 35452, 37140, 3293, 3291, 1646.50, 1
8424, 33848, 2, 0, 35454, 37142, 3294, 3292, 1647.00, 1
8425, 33849, 1, 0, 35456, 35456, 1607, 1606, 1607.00, 1
8426, 33858, 2, 0, 35466, 37156, 3298, 3296, 1649.00, 1
8427, 33859, 7, 0, 35467, 45047, 11188, 11181, 1598.29, 1
8428, 33860, 3, 0, 35468, 38911, 5051, 5048, 1683.67, 1
8429, 33862, 1, 0, 35471, 35471, 1609, 1608, 1609.00, 1
8430, 33863, 11, 0, 35473, 47647, 13784, 13773, 1253.09, 1
8431, 33865, 6, 0, 35476, 43956, 10091, 10085, 1681.83, 1
8432, 33873, 11, 0, 35484, 47650, 13777, 13766, 1252.45, 1
8433, 33876, 2, 0, 35487, 37182, 3306, 3304, 1653.00, 1
8434, 33877, 17, 0, 35489, 49046, 15169, 15152, 892.29, 1
8435, 33889, 14, 0, 35501, 48566, 14677, 14663, 1048.36, 1
8436, 33892, 4, 0, 35504, 40804, 6912, 6908, 1728.00, 1
8437, 33898, 10, 0, 35511, 47200, 13302, 13292, 1330.20, 1
8438, 33902, 1, 0, 35516, 35516, 1614, 1613, 1614.00, 1
8439, 33907, 10, 0, 35521, 47208, 13301, 13291, 1330.10, 1
8440, 33913, 2, 0, 35525, 37220, 3307, 3305, 1653.50, 1
8441, 33916, 4, 0, 35528, 40840, 6924, 6920, 1731.00, 1
8442, 33920, 11, 0, 35533, 47672, 13752, 13741, 1250.18, 1
8443, 33928, 4, 0, 35541, 40856, 6928, 6924, 1732.00, 1
8444, 33931, 2, 0, 35544, 37243, 3312, 3310, 1656.00, 1
8445, 33938, 3, 0, 35551, 39009, 5071, 5068, 1690.33, 1
8446, 33942, 3, 0, 35556, 39017, 5075, 5072, 1691.67, 1
8447, 33944, 9, 0, 35559, 46667, 12723, 12714, 1413.67, 1
8448, 33949, 9, 0, 35564, 46671, 12722, 12713, 1413.56, 1
8449, 33957, 11, 0, 35572, 47687, 13730, 13719, 1248.18, 1
8450, 33959, 1, 0, 35575, 35575, 1616, 1615, 1616.00, 1
8451, 33968, 6, 0, 35583, 44052, 10084, 10078, 1680.67, 1
8452, 33970, 13, 0, 35586, 48342, 14372, 14359, 1105.54, 1
8453, 33971, 4, 0, 35588, 40920, 6949, 6945, 1737.25, 1
8454, 33975, 1, 0, 35593, 35593, 1618, 1617, 1618.00, 1
8455, 33976, 3, 0, 35595, 39063, 5087, 5084, 1695.67, 1
8456, 33977, 1, 0, 35597, 35597, 1620, 1619, 1620.00, 1
8457, 33980, 5, 0, 35600, 42696, 8716, 8711, 1743.20, 1
8458, 33983, 1, 0, 35603, 35603, 1620, 1619, 1620.00, 1
8459, 33987, 1, 0, 35608, 35608, 1621, 1620, 1621.00, 1
8460, 33989, 6, 0, 35610, 44069, 10080, 10074, 1680.00, 1
8461, 33990, 3, 0, 35611, 39077, 5087, 5084, 1695.67, 1
8462, 33996, 11, 0, 35615, 47700, 13704, 13693, 1245.82, 1
8463, 34007, 2, 0, 35624, 37329, 3322, 3320, 1661.00, 1
8464, 34008, 1, 0, 35626, 35626, 1618, 1617, 1618.00, 1
8465, 34012, 26, 0, 35631, 49456, 15444, 15418, 594.00, 1
8466, 34018, 10, 0, 35636, 47248, 13230, 13220, 1323.00, 1
8467, 34021, 6, 0, 35640, 44091, 10070, 10064, 1678.33, 1
8468, 34022, 2, 0, 35642, 37351, 3329, 3327, 1664.50, 1
8469, 34023, 3, 0, 35644, 39113, 5090, 5087, 1696.67, 1
8470, 34024, 7, 0, 35646, 45169, 11145, 11138, 1592.14, 1
8471, 34035, 5, 0, 35657, 42745, 8710, 8705, 1742.00, 1
8472, 34036, 3, 0, 35659, 39125, 5089, 5086, 1696.33, 1
8473, 34039, 12, 0, 35663, 48067, 14028, 14016, 1169.00, 1
8474, 34044, 2, 0, 35669, 37375, 3331, 3329, 1665.50, 1
8475, 34045, 4, 0, 35671, 41008, 6963, 6959, 1740.75, 1
8476, 34047, 5, 0, 35673, 42760, 8713, 8708, 1742.60, 1
8477, 34050, 1, 0, 35676, 35676, 1626, 1625, 1626.00, 1
8478, 34052, 10, 0, 35679, 47262, 13210, 13200, 1321.00, 1
8479, 34055, 5, 0, 35681, 42769, 8714, 8709, 1742.80, 1
8480, 34056, 1, 0, 35683, 35683, 1627, 1626, 1627.00, 1
8481, 34058, 3, 0, 35685, 39154, 5096, 5093, 1698.67, 1
8482, 34059, 5, 0, 35687, 42776, 8717, 8712, 1743.40, 1
8483, 34064, 1, 0, 35692, 35692, 1628, 1627, 1628.00, 1
8484, 34066, 5, 0, 35695, 42782, 8716, 8711, 1743.20, 1
8485, 34072, 2, 0, 35701, 37408, 3336, 3334, 1668.00, 1
8486, 34073, 15, 0, 35702, 48788, 14715, 14700, 981.00, 1
8487, 34078, 3, 0, 35706, 39177, 5099, 5096, 1699.67, 1
8488, 34079, 3, 0, 35708, 39180, 5101, 5098, 1700.33, 1
8489, 34082, 4, 0, 35712, 41062, 6980, 6976, 1745.00, 1
8490, 34089, 4, 0, 35719, 41068, 6979, 6975, 1744.75, 1
8491, 34091, 2, 0, 35722, 37429, 3338, 3336, 1669.00, 1
8492, 34096, 3, 0, 35728, 39200, 5104, 5101, 1701.33, 1
8493, 34100, 4, 0, 35733, 41085, 6985, 6981, 1746.25, 1
8494, 34104, 2, 0, 35735, 37442, 3338, 3336, 1669.00, 1
8495, 34105, 1, 0, 35737, 35737, 1632, 1631, 1632.00, 1
8496, 34112, 7, 0, 35743, 45227, 11115, 11108, 1587.86, 1
8497, 34125, 7, 0, 35755, 45232, 11107, 11100, 1586.71, 1
8498, 34127, 4, 0, 35757, 41117, 6990, 6986, 1747.50, 1
8499, 34132, 7, 0, 35762, 45236, 11104, 11097, 1586.29, 1
8500, 34133, 1, 0, 35764, 35764, 1631, 1630, 1631.00, 1
8501, 34145, 3, 0, 35774, 39251, 5106, 5103, 1702.00, 1
8502, 34150, 10, 0, 35778, 47290, 13140, 13130, 1314.00, 1
8503, 34154, 6, 0, 35782, 44190, 10036, 10030, 1672.67, 1
8504, 34160, 3, 0, 35786, 39270, 5110, 5107, 1703.33, 1
8505, 34161, 2, 0, 35788, 37502, 3341, 3339, 1670.50, 1
8506, 34165, 1, 0, 35792, 35792, 1627, 1626, 1627.00, 1
8507, 34167, 1, 0, 35794, 35794, 1627, 1626, 1627.00, 1
8508, 34171, 3, 0, 35799, 39280, 5109, 5106, 1703.00, 1
8509, 34173, 6, 0, 35802, 44204, 10031, 10025, 1671.83, 1
8510, 34177, 2, 0, 35807, 37520, 3343, 3341, 1671.50, 1
8511, 34181, 11, 0, 35812, 47741, 13560, 13549, 1232.73, 1
8512, 34188, 1, 0, 35819, 35819, 1631, 1630, 1631.00, 1
8513, 34193, 1, 0, 35824, 35824, 1631, 1630, 1631.00, 1
8514, 34201, 6, 0, 35832, 44221, 10020, 10014, 1670.00, 1
8515, 34211, 5, 0, 35842, 42908, 8697, 8692, 1739.40, 1
8516, 34212, 11, 0, 35844, 47748, 13536, 13525, 1230.55, 1
8517, 34215, 1, 0, 35848, 35848, 1633, 1632, 1633.00, 1
8518, 34218, 4, 0, 35851, 41221, 7003, 6999, 1750.75, 1
8519, 34219, 2, 0, 35853, 37564, 3345, 3343, 1672.50, 1
8520, 34223, 1, 0, 35856, 35856, 1633, 1632, 1633.00, 1
8521, 34225, 1, 0, 35859, 35859, 1634, 1633, 1634.00, 1
8522, 34228, 5, 0, 35862, 42921, 8693, 8688, 1738.60, 1
8523, 34230, 1, 0, 35865, 35865, 1635, 1634, 1635.00, 1
8524, 34251, 4, 0, 35883, 41253, 7002, 6998, 1750.50, 1
8525, 34254, 7, 0, 35887, 45299, 11045, 11038, 1577.86, 1
8526, 34255, 5, 0, 35889, 42948, 8693, 8688, 1738.60, 1
8527, 34256, 10, 0, 35891, 47325, 13069, 13059, 1306.90, 1
8528, 34257, 1, 0, 35893, 35893, 1636, 1635, 1636.00, 1
8529, 34258, 1, 0, 35895, 35895, 1637, 1636, 1637.00, 1
8530, 34259, 12, 0, 35897, 48105, 13846, 13834, 1153.83, 1
8531, 34262, 4, 0, 35900, 41280, 7018, 7014, 1754.50, 1
8532, 34265, 3, 0, 35902, 39390, 5125, 5122, 1708.33, 1
8533, 34273, 4, 0, 35911, 41292, 7019, 7015, 1754.75, 1
8534, 34277, 10, 0, 35916, 47329, 13052, 13042, 1305.20, 1
8535, 34278, 6, 0, 35918, 44270, 9992, 9986, 1665.33, 1
8536, 34280, 3, 0, 35920, 39408, 5128, 5125, 1709.33, 1
8537, 34283, 1, 0, 35924, 35924, 1641, 1640, 1641.00, 1
8538, 34285, 11, 0, 35925, 47768, 13483, 13472, 1225.73, 1
8539, 34289, 4, 0, 35929, 41310, 7021, 7017, 1755.25, 1
8540, 34294, 2, 0, 35933, 37648, 3354, 3352, 1677.00, 1
8541, 34297, 2, 0, 35937, 37653, 3356, 3354, 1678.00, 1
8542, 34303, 4, 0, 35944, 41328, 7025, 7021, 1756.25, 1
8543, 34306, 3, 0, 35948, 39439, 5133, 5130, 1711.00, 1
8544, 34307, 7, 0, 35949, 45324, 11017, 11010, 1573.86, 1
8545, 34308, 7, 0, 35951, 45326, 11018, 11011, 1574.00, 1
8546, 34314, 1, 0, 35955, 35955, 1641, 1640, 1641.00, 1
8547, 34320, 1, 0, 35960, 35960, 1640, 1639, 1640.00, 1
8548, 34321, 2, 0, 35962, 37681, 3360, 3358, 1680.00, 1
8549, 34324, 4, 0, 35965, 41351, 7027, 7023, 1756.75, 1
8550, 34330, 1, 0, 35971, 35971, 1641, 1640, 1641.00, 1
8551, 34338, 5, 0, 35976, 43008, 8670, 8665, 1734.00, 1
8552, 34341, 2, 0, 35980, 37702, 3361, 3359, 1680.50, 1
8553, 34344, 8, 0, 35984, 46166, 11822, 11814, 1477.75, 1
8554, 34345, 3, 0, 35985, 39475, 5130, 5127, 1710.00, 1
8555, 34349, 1, 0, 35988, 35988, 1639, 1638, 1639.00, 1
8556, 34350, 4, 0, 35990, 41374, 7024, 7020, 1756.00, 1
8557, 34355, 5, 0, 35993, 43023, 8668, 8663, 1733.60, 1
8558, 34356, 18, 0, 35995, 49163, 14807, 14789, 822.61, 1
8559, 34363, 15, 0, 36001, 48810, 14447, 14432, 963.13, 1
8560, 34367, 2, 0, 36006, 37726, 3359, 3357, 1679.50, 1
8561, 34370, 15, 0, 36010, 48811, 14441, 14426, 962.73, 1
8562, 34380, 1, 0, 36019, 36019, 1639, 1638, 1639.00, 1
8563, 34382, 4, 0, 36022, 41409, 7027, 7023, 1756.75, 1
8564, 34383, 6, 0, 36024, 44334, 9951, 9945, 1658.50, 1
8565, 34385, 1, 0, 36026, 36026, 1641, 1640, 1641.00, 1
8566, 34388, 2, 0, 36029, 37748, 3360, 3358, 1680.00, 1
8567, 34392, 16, 0, 36033, 48963, 14571, 14555, 910.69, 1
8568, 34399, 3, 0, 36038, 39531, 5132, 5129, 1710.67, 1
8569, 34403, 2, 0, 36043, 37766, 3363, 3361, 1681.50, 1
8570, 34411, 3, 0, 36050, 39540, 5129, 5126, 1709.67, 1
8571, 34416, 3, 0, 36056, 39545, 5129, 5126, 1709.67, 1
8572, 34420, 9, 0, 36061, 46826, 12406, 12397, 1378.44, 1
8573, 34434, 16, 0, 36072, 48964, 14530, 14514, 908.12, 1
8574, 34435, 5, 0, 36074, 43078, 8643, 8638, 1728.60, 1
8575, 34436, 2, 0, 36076, 37796, 3360, 3358, 1680.00, 1
8576, 34438, 9, 0, 36078, 46832, 12394, 12385, 1377.11, 1
8577, 34447, 13, 0, 36086, 48399, 13952, 13939, 1073.23, 1
8578, 34448, 4, 0, 36087, 41466, 7018, 7014, 1754.50, 1
8579, 34452, 12, 0, 36092, 48130, 13678, 13666, 1139.83, 1
8580, 34461, 2, 0, 36101, 37823, 3362, 3360, 1681.00, 1
8581, 34463, 2, 0, 36104, 37827, 3364, 3362, 1682.00, 1
8582, 34464, 6, 0, 36106, 44383, 9919, 9913, 1653.17, 1
8583, 34466, 1, 0, 36109, 36109, 1643, 1642, 1643.00, 1
8584, 34467, 6, 0, 36111, 44386, 9919, 9913, 1653.17, 1
8585, 34473, 1, 0, 36118, 36118, 1645, 1644, 1645.00, 1
8586, 34475, 7, 0, 36121, 45405, 10930, 10923, 1561.43, 1
8587, 34476, 7, 0, 36122, 45406, 10930, 10923, 1561.43, 1
8588, 34479, 5, 0, 36126, 43127, 8648, 8643, 1729.60, 1
8589, 34480, 4, 0, 36128, 41520, 7040, 7036, 1760.00, 1
8590, 34484, 1, 0, 36132, 36132, 1648, 1647, 1648.00, 1
8591, 34485, 1, 0, 36133, 36133, 1648, 1647, 1648.00, 1
8592, 34487, 4, 0, 36136, 41525, 7038, 7034, 1759.50, 1
8593, 34488, 10, 0, 36137, 47379, 12891, 12881, 1289.10, 1
8594, 34490, 1, 0, 36140, 36140, 1650, 1649, 1650.00, 1
8595, 34491, 3, 0, 36141, 39634, 5143, 5140, 1714.33, 1
8596, 34497, 4, 0, 36145, 41538, 7041, 7037, 1760.25, 1
8597, 34500, 2, 0, 36148, 37875, 3375, 3373, 1687.50, 1
8598, 34503, 4, 0, 36151, 41547, 7044, 7040, 1761.00, 1
8599, 34507, 1, 0, 36156, 36156, 1649, 1648, 1649.00, 1
8600, 34512, 6, 0, 36161, 44428, 9916, 9910, 1652.67, 1
8601, 34515, 4, 0, 36164, 41568, 7053, 7049, 1763.25, 1
8602, 34522, 3, 0, 36170, 39679, 5157, 5154, 1719.00, 1
8603, 34523, 1, 0, 36171, 36171, 1648, 1647, 1648.00, 1
8604, 34532, 6, 0, 36179, 44446, 9914, 9908, 1652.33, 1
8605, 34536, 7, 0, 36182, 45444, 10908, 10901, 1558.29, 1
8606, 34538, 1, 0, 36184, 36184, 1646, 1645, 1646.00, 1
8607, 34540, 1, 0, 36187, 36187, 1647, 1646, 1647.00, 1
8608, 34541, 3, 0, 36189, 39698, 5157, 5154, 1719.00, 1
8609, 34542, 1, 0, 36191, 36191, 1649, 1648, 1649.00, 1
8610, 34547, 4, 0, 36196, 41607, 7060, 7056, 1765.00, 1
8611, 34548, 2, 0, 36197, 37930, 3382, 3380, 1691.00, 1
8612, 34552, 3, 0, 36201, 39713, 5161, 5158, 1720.33, 1
8613, 34553, 5, 0, 36203, 43203, 8650, 8645, 1730.00, 1
8614, 34554, 27, 0, 36205, 49472, 14918, 14891, 552.52, 1
8615, 34559, 5, 0, 36210, 43210, 8651, 8646, 1730.20, 1
8616, 34564, 3, 0, 36213, 39727, 5163, 5160, 1721.00, 1
8617, 34568, 8, 0, 36217, 46256, 11688, 11680, 1461.00, 1
8618, 34570, 2, 0, 36219, 37954, 3384, 3382, 1692.00, 1
8619, 34573, 2, 0, 36223, 37959, 3386, 3384, 1693.00, 1
8620, 34580, 3, 0, 36230, 39744, 5164, 5161, 1721.33, 1
8621, 34582, 8, 0, 36233, 46270, 11688, 11680, 1461.00, 1
8622, 34590, 3, 0, 36240, 39757, 5167, 5164, 1722.33, 1
8623, 34593, 10, 0, 36244, 47421, 12828, 12818, 1282.80, 1
8624, 34594, 5, 0, 36246, 43242, 8648, 8643, 1729.60, 1
8625, 34595, 5, 0, 36248, 43246, 8651, 8646, 1730.20, 1
8626, 34601, 1, 0, 36253, 36253, 1652, 1651, 1652.00, 1
8627, 34603, 7, 0, 36256, 45491, 10888, 10881, 1555.43, 1
8628, 34607, 21, 0, 36260, 49347, 14740, 14719, 701.90, 1
8629, 34612, 16, 0, 36264, 48981, 14369, 14353, 898.06, 1
8630, 34614, 4, 0, 36266, 41680, 7066, 7062, 1766.50, 1
8631, 34617, 7, 0, 36269, 45498, 10881, 10874, 1554.43, 1
8632, 34618, 6, 0, 36271, 44517, 9899, 9893, 1649.83, 1
8633, 34622, 2, 0, 36275, 38013, 3391, 3389, 1695.50, 1
8634, 34630, 3, 0, 36284, 39802, 5172, 5169, 1724.00, 1
8635, 34631, 3, 0, 36286, 39804, 5173, 5170, 1724.33, 1
8636, 34633, 3, 0, 36288, 39805, 5172, 5169, 1724.00, 1
8637, 34634, 5, 0, 36290, 43278, 8644, 8639, 1728.80, 1
8638, 34638, 4, 0, 36293, 41712, 7074, 7070, 1768.50, 1
8639, 34643, 6, 0, 36299, 44534, 9891, 9885, 1648.50, 1
8640, 34656, 1, 0, 36312, 36312, 1656, 1655, 1656.00, 1
8641, 34658, 15, 0, 36315, 48841, 14183, 14168, 945.53, 1
8642, 34660, 1, 0, 36318, 36318, 1658, 1657, 1658.00, 1
8643, 34661, 3, 0, 36320, 39845, 5184, 5181, 1728.00, 1
8644, 34665, 5, 0, 36325, 43310, 8645, 8640, 1729.00, 1
8645, 34666, 5, 0, 36327, 43311, 8645, 8640, 1729.00, 1
8646, 34675, 4, 0, 36335, 41766, 7091, 7087, 1772.75, 1
8647, 34677, 1, 0, 36338, 36338, 1661, 1660, 1661.00, 1
8648, 34678, 7, 0, 36339, 45544, 10866, 10859, 1552.29, 1
8649, 34679, 4, 0, 36340, 41768, 7089, 7085, 1772.25, 1
8650, 34680, 1, 0, 36342, 36342, 1662, 1661, 1662.00, 1
8651, 34681, 1, 0, 36344, 36344, 1663, 1662, 1663.00, 1
8652, 34682, 6, 0, 36345, 44569, 9887, 9881, 1647.83, 1
8653, 34683, 4, 0, 36347, 41778, 7095, 7091, 1773.75, 1
8654, 34686, 6, 0, 36351, 44574, 9888, 9882, 1648.00, 1
8655, 34691, 3, 0, 36355, 39885, 5194, 5191, 1731.33, 1
8656, 34695, 6, 0, 36359, 44578, 9883, 9877, 1647.17, 1
8657, 34699, 2, 0, 36362, 38103, 3404, 3402, 1702.00, 1
8658, 34709, 15, 0, 36371, 48850, 14141, 14126, 942.73, 1
8659, 34711, 5, 0, 36374, 43350, 8639, 8634, 1727.80, 1
8660, 34712, 1, 0, 36375, 36375, 1663, 1662, 1663.00, 1
8661, 34715, 4, 0, 36379, 41808, 7093, 7089, 1773.25, 1
8662, 34719, 6, 0, 36383, 44592, 9873, 9867, 1645.50, 1
8663, 34722, 16, 0, 36386, 48995, 14273, 14257, 892.06, 1
8664, 34723, 4, 0, 36388, 41825, 7102, 7098, 1775.50, 1
8665, 34727, 2, 0, 36393, 38134, 3407, 3405, 1703.50, 1
8666, 34737, 4, 0, 36402, 41841, 7104, 7100, 1776.00, 1
8667, 34739, 8, 0, 36405, 46353, 11614, 11606, 1451.75, 1
8668, 34742, 5, 0, 36408, 43385, 8643, 8638, 1728.60, 1
8669, 34744, 5, 0, 36411, 43391, 8647, 8642, 1729.40, 1
8670, 34766, 7, 0, 36426, 45590, 10824, 10817, 1546.29, 1
8671, 34774, 5, 0, 36431, 43411, 8637, 8632, 1727.40, 1
8672, 34775, 1, 0, 36433, 36433, 1658, 1657, 1658.00, 1
8673, 34780, 2, 0, 36438, 38179, 3399, 3397, 1699.50, 1
8674, 34784, 2, 0, 36443, 38185, 3401, 3399, 1700.50, 1
8675, 34789, 4, 0, 36448, 41898, 7109, 7105, 1777.25, 1
8676, 34790, 10, 0, 36450, 47492, 12702, 12692, 1270.20, 1
8677, 34794, 1, 0, 36455, 36455, 1661, 1660, 1661.00, 1
8678, 34796, 4, 0, 36458, 41912, 7116, 7112, 1779.00, 1
8679, 34797, 1, 0, 36460, 36460, 1663, 1662, 1663.00, 1
8680, 34801, 5, 0, 36464, 43433, 8632, 8627, 1726.40, 1
8681, 34803, 11, 0, 36467, 47895, 13092, 13081, 1190.18, 1
8682, 34805, 6, 0, 36470, 44652, 9847, 9841, 1641.17, 1
8683, 34808, 13, 0, 36474, 48465, 13657, 13644, 1050.54, 1
8684, 34811, 14, 0, 36478, 48685, 13874, 13860, 991.00, 1
8685, 34838, 1, 0, 36497, 36497, 1659, 1658, 1659.00, 1
8686, 34839, 6, 0, 36499, 44679, 9840, 9834, 1640.00, 1
8687, 34841, 4, 0, 36502, 41971, 7130, 7126, 1782.50, 1
8688, 34848, 8, 0, 36510, 46401, 11553, 11545, 1444.12, 1
8689, 34856, 5, 0, 36518, 43492, 8636, 8631, 1727.20, 1
8690, 34859, 3, 0, 36522, 40067, 5208, 5205, 1736.00, 1
8691, 34862, 1, 0, 36525, 36525, 1663, 1662, 1663.00, 1
8692, 34863, 2, 0, 36527, 38272, 3409, 3407, 1704.50, 1
8693, 34866, 7, 0, 36530, 45646, 10780, 10773, 1540.00, 1
8694, 34871, 17, 0, 36535, 49108, 14237, 14220, 837.47, 1
8695, 34872, 4, 0, 36537, 42007, 7135, 7131, 1783.75, 1
8696, 34874, 7, 0, 36540, 45652, 10778, 10771, 1539.71, 1
8697, 34884, 6, 0, 36550, 44722, 9838, 9832, 1639.67, 1
8698, 34890, 4, 0, 36556, 42033, 7143, 7139, 1785.75, 1
8699, 34893, 6, 0, 36560, 44731, 9838, 9832, 1639.67, 1
8700, 34897, 1, 0, 36563, 36563, 1666, 1665, 1666.00, 1
8701, 34901, 2, 0, 36568, 38318, 3417, 3415, 1708.50, 1
8702, 34903, 1, 0, 36571, 36571, 1668, 1667, 1668.00, 1
8703, 34904, 4, 0, 36573, 42053, 7149, 7145, 1787.25, 1
8704, 34905, 2, 0, 36574, 38324, 3419, 3417, 1709.50, 1
8705, 34908, 5, 0, 36578, 43545, 8637, 8632, 1727.40, 1
8706, 34911, 7, 0, 36581, 45679, 10768, 10761, 1538.29, 1
8707, 34912, 4, 0, 36583, 42063, 7151, 7147, 1787.75, 1
8708, 34924, 1, 0, 36591, 36591, 1667, 1666, 1667.00, 1
8709, 34925, 7, 0, 36593, 45689, 10764, 10757, 1537.71, 1
8710, 34931, 4, 0, 36600, 42085, 7154, 7150, 1788.50, 1
8711, 34940, 8, 0, 36609, 46443, 11503, 11495, 1437.88, 1
8712, 34946, 4, 0, 36615, 42095, 7149, 7145, 1787.25, 1
8713, 34948, 14, 0, 36617, 48705, 13757, 13743, 982.64, 1
8714, 34951, 7, 0, 36621, 45702, 10751, 10744, 1535.86, 1
8715, 34954, 17, 0, 36623, 49118, 14164, 14147, 833.18, 1
8716, 34957, 5, 0, 36627, 43583, 8626, 8621, 1725.20, 1
8717, 34958, 6, 0, 36628, 44770, 9812, 9806, 1635.33, 1
8718, 34968, 2, 0, 36637, 38384, 3416, 3414, 1708.00, 1
8719, 34970, 15, 0, 36640, 48879, 13909, 13894, 927.27, 1
8720, 34980, 4, 0, 36648, 42125, 7145, 7141, 1786.25, 1
8721, 34984, 11, 0, 36653, 47943, 12959, 12948, 1178.09, 1
8722, 34985, 2, 0, 36655, 38404, 3419, 3417, 1709.50, 1
8723, 34993, 15, 0, 36662, 48882, 13889, 13874, 925.93, 1
8724, 34995, 3, 0, 36664, 40218, 5223, 5220, 1741.00, 1
8725, 34998, 6, 0, 36666, 44790, 9792, 9786, 1632.00, 1
8726, 35001, 3, 0, 36669, 40227, 5226, 5223, 1742.00, 1
8727, 35009, 3, 0, 36676, 40239, 5230, 5227, 1743.33, 1
8728, 35016, 1, 0, 36682, 36682, 1666, 1665, 1666.00, 1
8729, 35035, 9, 0, 36699, 47073, 12038, 12029, 1337.56, 1
8730, 35037, 16, 0, 36702, 49020, 13983, 13967, 873.94, 1
8731, 35038, 1, 0, 36704, 36704, 1666, 1665, 1666.00, 1
8732, 35042, 1, 0, 36708, 36708, 1666, 1665, 1666.00, 1
8733, 35047, 1, 0, 36712, 36712, 1665, 1664, 1665.00, 1
8734, 35048, 3, 0, 36713, 40277, 5229, 5226, 1743.00, 1
8735, 35049, 8, 0, 36715, 46484, 11435, 11427, 1429.38, 1
8736, 35059, 3, 0, 36722, 40285, 5226, 5223, 1742.00, 1
8737, 35063, 8, 0, 36726, 46486, 11423, 11415, 1427.88, 1
8738, 35068, 2, 0, 36732, 38479, 3411, 3409, 1705.50, 1
8739, 35070, 4, 0, 36734, 42198, 7128, 7124, 1782.00, 1
8740, 35072, 2, 0, 36737, 38485, 3413, 3411, 1706.50, 1
8741, 35081, 4, 0, 36743, 42205, 7124, 7120, 1781.00, 1
8742, 35082, 1, 0, 36745, 36745, 1663, 1662, 1663.00, 1
8743, 35085, 5, 0, 36749, 43668, 8583, 8578, 1716.60, 1
8744, 35091, 2, 0, 36755, 38502, 3411, 3409, 1705.50, 1
8745, 35093, 5, 0, 36758, 43676, 8583, 8578, 1716.60, 1
8746, 35098, 1, 0, 36763, 36763, 1665, 1664, 1665.00, 1
8747, 35099, 3, 0, 36765, 40333, 5234, 5231, 1744.67, 1
8748, 35104, 5, 0, 36770, 43686, 8582, 8577, 1716.40, 1
8749, 35105, 5, 0, 36772, 43689, 8584, 8579, 1716.80, 1
8750, 35106, 1, 0, 36773, 36773, 1667, 1666, 1667.00, 1
8751, 35108, 2, 0, 36776, 38524, 3416, 3414, 1708.00, 1
8752, 35111, 5, 0, 36780, 43693, 8582, 8577, 1716.40, 1
8753, 35114, 4, 0, 36784, 42246, 7132, 7128, 1783.00, 1
8754, 35119, 1, 0, 36787, 36787, 1668, 1667, 1668.00, 1
8755, 35124, 5, 0, 36792, 43704, 8580, 8575, 1716.00, 1
8756, 35130, 37, 0, 36798, 49521, 14391, 14354, 388.95, 1
8757, 35136, 3, 0, 36801, 40375, 5239, 5236, 1746.33, 1
8758, 35141, 17, 0, 36806, 49125, 13984, 13967, 822.59, 1
8759, 35142, 6, 0, 36807, 44866, 9724, 9718, 1620.67, 1
8760, 35151, 2, 0, 36816, 38566, 3415, 3413, 1707.50, 1
8761, 35163, 21, 0, 36826, 49365, 14202, 14181, 676.29, 1
8762, 35165, 1, 0, 36829, 36829, 1664, 1663, 1664.00, 1
8763, 35166, 1, 0, 36831, 36831, 1665, 1664, 1665.00, 1
8764, 35168, 2, 0, 36834, 38588, 3420, 3418, 1710.00, 1
8765, 35170, 3, 0, 36837, 40411, 5241, 5238, 1747.00, 1
8766, 35175, 6, 0, 36843, 44884, 9709, 9703, 1618.17, 1
8767, 35183, 1, 0, 36851, 36851, 1668, 1667, 1668.00, 1
8768, 35187, 10, 0, 36854, 47589, 12402, 12392, 1240.20, 1
8769, 35189, 16, 0, 36857, 49030, 13841, 13825, 865.06, 1
8770, 35193, 4, 0, 36862, 42315, 7122, 7118, 1780.50, 1
8771, 35198, 6, 0, 36867, 44900, 9702, 9696, 1617.00, 1
8772, 35199, 2, 0, 36869, 38623, 3424, 3422, 1712.00, 1
8773, 35204, 5, 0, 36874, 43761, 8557, 8552, 1711.40, 1
8774, 35211, 7, 0, 36881, 45814, 10603, 10596, 1514.71, 1
8775, 35213, 8, 0, 36884, 46537, 11324, 11316, 1415.50, 1
8776, 35216, 14, 0, 36887, 48735, 13519, 13505, 965.64, 1
8777, 35217, 4, 0, 36889, 42336, 7119, 7115, 1779.75, 1
8778, 35220, 8, 0, 36892, 46540, 11320, 11312, 1415.00, 1
8779, 35223, 10, 0, 36896, 47597, 12374, 12364, 1237.40, 1
8780, 35228, 3, 0, 36901, 40480, 5252, 5249, 1750.67, 1
8781, 35229, 3, 0, 36903, 40482, 5253, 5250, 1751.00, 1
8782, 35230, 3, 0, 36905, 40485, 5255, 5252, 1751.67, 1
8783, 35233, 2, 0, 36909, 38667, 3434, 3432, 1717.00, 1
8784, 35237, 5, 0, 36913, 43786, 8549, 8544, 1709.80, 1
8785, 35240, 4, 0, 36917, 42355, 7115, 7111, 1778.75, 1
8786, 35243, 6, 0, 36921, 44926, 9683, 9677, 1613.83, 1
8787, 35244, 3, 0, 36923, 40501, 5257, 5254, 1752.33, 1
8788, 35250, 4, 0, 36928, 42361, 7111, 7107, 1777.75, 1
8789, 35254, 14, 0, 36932, 48739, 13485, 13471, 963.21, 1
8790, 35255, 13, 0, 36934, 48535, 13280, 13267, 1021.54, 1
8791, 35257, 5, 0, 36937, 43804, 8547, 8542, 1709.40, 1
8792, 35258, 1, 0, 36938, 36938, 1680, 1679, 1680.00, 1
8793, 35264, 12, 0, 36944, 48292, 13028, 13016, 1085.67, 1
8794, 35267, 5, 0, 36947, 43810, 8543, 8538, 1708.60, 1
8795, 35270, 1, 0, 36951, 36951, 1681, 1680, 1681.00, 1
8796, 35271, 3, 0, 36953, 40542, 5271, 5268, 1757.00, 1
8797, 35272, 9, 0, 36955, 47137, 11865, 11856, 1318.33, 1
8798, 35273, 1, 0, 36957, 36957, 1684, 1683, 1684.00, 1
8799, 35275, 5, 0, 36960, 43823, 8548, 8543, 1709.60, 1
8800, 35287, 5, 0, 36970, 43831, 8544, 8539, 1708.80, 1
8801, 35288, 1, 0, 36972, 36972, 1684, 1683, 1684.00, 1
8802, 35289, 3, 0, 36974, 40569, 5280, 5277, 1760.00, 1
8803, 35293, 3, 0, 36979, 40577, 5284, 5281, 1761.33, 1
8804, 35302, 5, 0, 36986, 43840, 8538, 8533, 1707.60, 1
8805, 35325, 7, 0, 37005, 45868, 10543, 10536, 1506.14, 1
8806, 35329, 1, 0, 37009, 37009, 1680, 1679, 1680.00, 1
8807, 35334, 4, 0, 37013, 42446, 7112, 7108, 1778.00, 1
8808, 35336, 3, 0, 37016, 40617, 5281, 5278, 1760.33, 1
8809, 35337, 5, 0, 37018, 43862, 8525, 8520, 1705.00, 1
8810, 35342, 2, 0, 37022, 38786, 3444, 3442, 1722.00, 1
8811, 35350, 6, 0, 37029, 44985, 9635, 9629, 1605.83, 1
8812, 35351, 12, 0, 37030, 48301, 12950, 12938, 1079.17, 1
8813, 35353, 1, 0, 37033, 37033, 1680, 1679, 1680.00, 1
8814, 35360, 4, 0, 37040, 42471, 7111, 7107, 1777.75, 1
8815, 35365, 5, 0, 37046, 43884, 8519, 8514, 1703.80, 1
8816, 35369, 1, 0, 37051, 37051, 1682, 1681, 1682.00, 1
8817, 35382, 1, 0, 37061, 37061, 1679, 1678, 1679.00, 1
8818, 35384, 10, 0, 37064, 47636, 12252, 12242, 1225.20, 1
8819, 35389, 5, 0, 37070, 43900, 8511, 8506, 1702.20, 1
8820, 35391, 1, 0, 37071, 37071, 1680, 1679, 1680.00, 1
8821, 35396, 8, 0, 37077, 46597, 11201, 11193, 1400.12, 1
8822, 35400, 5, 0, 37082, 43911, 8511, 8506, 1702.20, 1
8823, 35402, 2, 0, 37085, 38854, 3452, 3450, 1726.00, 1
8824, 35404, 2, 0, 37087, 38855, 3451, 3449, 1725.50, 1
8825, 35406, 7, 0, 37089, 45907, 10501, 10494, 1500.14, 1
8826, 35409, 7, 0, 37093, 45909, 10500, 10493, 1500.00, 1
8827, 35410, 2, 0, 37095, 38862, 3452, 3450, 1726.00, 1
8828, 35411, 7, 0, 37097, 45910, 10499, 10492, 1499.86, 1
8829, 35413, 1, 0, 37099, 37099, 1686, 1685, 1686.00, 1
8830, 35414, 5, 0, 37101, 43921, 8507, 8502, 1701.40, 1
8831, 35415, 9, 0, 37103, 47168, 11753, 11744, 1305.89, 1
8832, 35420, 15, 0, 37106, 48918, 13498, 13483, 899.87, 1
8833, 35421, 5, 0, 37108, 43928, 8507, 8502, 1701.40, 1
8834, 35425, 2, 0, 37113, 38880, 3455, 3453, 1727.50, 1
8835, 35429, 1, 0, 37117, 37117, 1688, 1687, 1688.00, 1
8836, 35433, 7, 0, 37121, 45921, 10488, 10481, 1498.29, 1
8837, 35437, 1, 0, 37124, 37124, 1687, 1686, 1687.00, 1
8838, 35444, 20, 0, 37131, 49329, 13885, 13865, 694.25, 1
8839, 35446, 2, 0, 37133, 38897, 3451, 3449, 1725.50, 1
8840, 35451, 1, 0, 37138, 37138, 1687, 1686, 1687.00, 1
8841, 35453, 9, 0, 37141, 47175, 11722, 11713, 1302.44, 1
8842, 35459, 1, 0, 37146, 37146, 1687, 1686, 1687.00, 1
8843, 35460, 3, 0, 37148, 40751, 5291, 5288, 1763.67, 1
8844, 35461, 1, 0, 37149, 37149, 1688, 1687, 1688.00, 1
8845, 35463, 3, 0, 37152, 40753, 5290, 5287, 1763.33, 1
8846, 35472, 1, 0, 37161, 37161, 1689, 1688, 1689.00, 1
8847, 35473, 1, 0, 37163, 37163, 1690, 1689, 1690.00, 1
8848, 35476, 2, 0, 37167, 38918, 3442, 3440, 1721.00, 1
8849, 35481, 5, 0, 37173, 43960, 8479, 8474, 1695.80, 1
8850, 35483, 9, 0, 37175, 47184, 11701, 11692, 1300.11, 1
8851, 35484, 5, 0, 37177, 43963, 8479, 8474, 1695.80, 1
8852, 35487, 2, 0, 37181, 38935, 3448, 3446, 1724.00, 1
8853, 35488, 4, 0, 37183, 42584, 7096, 7092, 1774.00, 1
8854, 35495, 4, 0, 37188, 42588, 7093, 7089, 1773.25, 1
8855, 35498, 4, 0, 37192, 42594, 7096, 7092, 1774.00, 1
8856, 35499, 9, 0, 37194, 47194, 11695, 11686, 1299.44, 1
8857, 35510, 2, 0, 37203, 38958, 3448, 3446, 1724.00, 1
8858, 35512, 19, 0, 37206, 49280, 13768, 13749, 724.63, 1
8859, 35516, 2, 0, 37211, 38968, 3452, 3450, 1726.00, 1
8860, 35520, 4, 0, 37214, 42614, 7094, 7090, 1773.50, 1
8861, 35521, 3, 0, 37216, 40824, 5303, 5300, 1767.67, 1
8862, 35526, 1, 0, 37221, 37221, 1695, 1694, 1695.00, 1
8863, 35527, 4, 0, 37223, 42623, 7096, 7092, 1774.00, 1
8864, 35528, 3, 0, 37225, 40837, 5309, 5306, 1769.67, 1
8865, 35537, 8, 0, 37233, 46654, 11117, 11109, 1389.62, 1
8866, 35540, 1, 0, 37237, 37237, 1697, 1696, 1697.00, 1
8867, 35543, 4, 0, 37241, 42640, 7097, 7093, 1774.25, 1
8868, 35546, 3, 0, 37244, 40861, 5315, 5312, 1771.67, 1
8869, 35552, 1, 0, 37249, 37249, 1697, 1696, 1697.00, 1
8870, 35553, 7, 0, 37251, 45981, 10428, 10421, 1489.71, 1
8871, 35554, 1, 0, 37253, 37253, 1699, 1698, 1699.00, 1
8872, 35557, 2, 0, 37257, 39018, 3461, 3459, 1730.50, 1
8873, 35558, 2, 0, 37259, 39022, 3464, 3462, 1732.00, 1
8874, 35560, 8, 0, 37262, 46669, 11109, 11101, 1388.62, 1
8875, 35561, 2, 0, 37264, 39028, 3467, 3465, 1733.50, 1
8876, 35564, 5, 0, 37268, 44035, 8471, 8466, 1694.20, 1
8877, 35573, 1, 0, 37278, 37278, 1705, 1704, 1705.00, 1
8878, 35586, 6, 0, 37291, 45138, 9552, 9546, 1592.00, 1
8879, 35600, 2, 0, 37303, 39067, 3467, 3465, 1733.50, 1
8880, 35604, 4, 0, 37307, 42699, 7095, 7091, 1773.75, 1
8881, 35606, 4, 0, 37310, 42701, 7095, 7091, 1773.75, 1
8882, 35613, 5, 0, 37316, 44071, 8458, 8453, 1691.60, 1
8883, 35615, 5, 0, 37317, 44073, 8458, 8453, 1691.60, 1
8884, 35617, 2, 0, 37320, 39082, 3465, 3463, 1732.50, 1
8885, 35620, 1, 0, 37324, 37324, 1704, 1703, 1704.00, 1
8886, 35625, 2, 0, 37330, 39090, 3465, 3463, 1732.50, 1
8887, 35629, 4, 0, 37333, 42717, 7088, 7084, 1772.00, 1
8888, 35630, 1, 0, 37335, 37335, 1705, 1704, 1705.00, 1
8889, 35634, 2, 0, 37338, 39098, 3464, 3462, 1732.00, 1
8890, 35635, 7, 0, 37340, 46022, 10387, 10380, 1483.86, 1
8891, 35638, 6, 0, 37344, 45165, 9527, 9521, 1587.83, 1
8892, 35639, 4, 0, 37346, 42730, 7091, 7087, 1772.75, 1
8893, 35642, 3, 0, 37350, 40976, 5334, 5331, 1778.00, 1
8894, 35651, 3, 0, 37359, 40987, 5336, 5333, 1778.67, 1
8895, 35663, 3, 0, 37368, 40995, 5332, 5329, 1777.33, 1
8896, 35669, 11, 0, 37374, 48069, 12400, 12389, 1127.27, 1
8897, 35674, 1, 0, 37380, 37380, 1706, 1705, 1706.00, 1
8898, 35681, 5, 0, 37387, 44117, 8436, 8431, 1687.20, 1
8899, 35684, 5, 0, 37390, 44120, 8436, 8431, 1687.20, 1
8900, 35687, 3, 0, 37393, 41029, 5342, 5339, 1780.67, 1
8901, 35689, 7, 0, 37396, 46048, 10359, 10352, 1479.86, 1
8902, 35699, 7, 0, 37405, 46051, 10352, 10345, 1478.86, 1
8903, 35705, 2, 0, 37412, 39173, 3468, 3466, 1734.00, 1
8904, 35706, 4, 0, 37414, 42793, 7087, 7083, 1771.75, 1
8905, 35712, 1, 0, 37420, 37420, 1708, 1707, 1708.00, 1
8906, 35720, 5, 0, 37426, 44145, 8425, 8420, 1685.00, 1
8907, 35724, 7, 0, 37431, 46065, 10341, 10334, 1477.29, 1
8908, 35725, 1, 0, 37432, 37432, 1707, 1706, 1707.00, 1
8909, 35729, 3, 0, 37437, 41080, 5351, 5348, 1783.67, 1
8910, 35733, 4, 0, 37440, 42815, 7082, 7078, 1770.50, 1
8911, 35737, 8, 0, 37443, 46727, 10990, 10982, 1373.75, 1
8912, 35741, 4, 0, 37447, 42822, 7081, 7077, 1770.25, 1
8913, 35743, 2, 0, 37450, 39215, 3472, 3470, 1736.00, 1
8914, 35745, 1, 0, 37453, 37453, 1708, 1707, 1708.00, 1
8915, 35747, 1, 0, 37456, 37456, 1709, 1708, 1709.00, 1
8916, 35752, 3, 0, 37461, 41109, 5357, 5354, 1785.67, 1
8917, 35755, 3, 0, 37463, 41112, 5357, 5354, 1785.67, 1
8918, 35760, 5, 0, 37468, 44172, 8412, 8407, 1682.40, 1
8919, 35772, 3, 0, 37479, 41132, 5360, 5357, 1786.67, 1
8920, 35773, 5, 0, 37481, 44183, 8410, 8405, 1682.00, 1
8921, 35775, 1, 0, 37484, 37484, 1709, 1708, 1709.00, 1
8922, 35777, 12, 0, 37487, 48369, 12592, 12580, 1049.33, 1
8923, 35778, 1, 0, 37488, 37488, 1710, 1709, 1710.00, 1
8924, 35781, 1, 0, 37492, 37492, 1711, 1710, 1711.00, 1
8925, 35782, 1, 0, 37494, 37494, 1712, 1711, 1712.00, 1
8926, 35783, 9, 0, 37496, 47291, 11508, 11499, 1278.67, 1
8927, 35785, 5, 0, 37499, 44195, 8410, 8405, 1682.00, 1
8928, 35791, 3, 0, 37505, 41160, 5369, 5366, 1789.67, 1
8929, 35794, 4, 0, 37508, 42872, 7078, 7074, 1769.50, 1
8930, 35798, 9, 0, 37512, 47294, 11496, 11487, 1277.33, 1
8931, 35812, 11, 0, 37524, 48086, 12274, 12263, 1115.82, 1
8932, 35815, 4, 0, 37527, 42886, 7071, 7067, 1767.75, 1
8933, 35818, 1, 0, 37530, 37530, 1712, 1711, 1712.00, 1
8934, 35820, 8, 0, 37532, 46755, 10935, 10927, 1366.88, 1
8935, 35825, 2, 0, 37537, 39302, 3477, 3475, 1738.50, 1
8936, 35826, 9, 0, 37539, 47301, 11475, 11466, 1275.00, 1
8937, 35845, 4, 0, 37557, 42912, 7067, 7063, 1766.75, 1
8938, 35846, 8, 0, 37558, 46765, 10919, 10911, 1364.88, 1
8939, 35848, 1, 0, 37560, 37560, 1712, 1711, 1712.00, 1
8940, 35859, 9, 0, 37567, 47310, 11451, 11442, 1272.33, 1
8941, 35860, 15, 0, 37568, 48954, 13094, 13079, 872.93, 1
8942, 35861, 4, 0, 37570, 42920, 7059, 7055, 1764.75, 1
8943, 35868, 11, 0, 37575, 48095, 12227, 12216, 1111.55, 1
8944, 35874, 1, 0, 37582, 37582, 1708, 1707, 1708.00, 1
8945, 35876, 3, 0, 37584, 41242, 5366, 5363, 1788.67, 1
8946, 35877, 15, 0, 37586, 48955, 13078, 13063, 871.87, 1
8947, 35878, 2, 0, 37587, 39356, 3478, 3476, 1739.00, 1
8948, 35882, 1, 0, 37592, 37592, 1710, 1709, 1710.00, 1
8949, 35885, 4, 0, 37596, 42940, 7055, 7051, 1763.75, 1
8950, 35886, 8, 0, 37598, 46783, 10897, 10889, 1362.12, 1
8951, 35890, 1, 0, 37602, 37602, 1712, 1711, 1712.00, 1
8952, 35891, 3, 0, 37604, 41264, 5373, 5370, 1791.00, 1
8953, 35892, 4, 0, 37606, 42951, 7059, 7055, 1764.75, 1
8954, 35893, 3, 0, 37608, 41268, 5375, 5372, 1791.67, 1
8955, 35900, 10, 0, 37614, 47764, 11864, 11854, 1186.40, 1
8956, 35903, 3, 0, 37618, 41284, 5381, 5378, 1793.67, 1
8957, 35904, 1, 0, 37619, 37619, 1715, 1714, 1715.00, 1
8958, 35907, 1, 0, 37622, 37622, 1715, 1714, 1715.00, 1
8959, 35918, 3, 0, 37633, 41296, 5378, 5375, 1792.67, 1
8960, 35925, 1, 0, 37639, 37639, 1714, 1713, 1714.00, 1
8961, 35926, 5, 0, 37641, 44275, 8349, 8344, 1669.80, 1
8962, 35936, 2, 0, 37650, 39424, 3488, 3486, 1744.00, 1
8963, 35937, 2, 0, 37652, 39427, 3490, 3488, 1745.00, 1
8964, 35940, 9, 0, 37656, 47339, 11399, 11390, 1266.56, 1
8965, 35947, 2, 0, 37664, 39436, 3489, 3487, 1744.50, 1
8966, 35948, 3, 0, 37666, 41332, 5384, 5381, 1794.67, 1
8967, 35953, 6, 0, 37672, 45327, 9374, 9368, 1562.33, 1
8968, 35957, 6, 0, 37675, 45329, 9372, 9366, 1562.00, 1
8969, 35958, 10, 0, 37677, 47776, 11818, 11808, 1181.80, 1
8970, 35961, 6, 0, 37679, 45332, 9371, 9365, 1561.83, 1
8971, 35963, 2, 0, 37682, 39455, 3492, 3490, 1746.00, 1
8972, 35965, 1, 0, 37684, 37684, 1719, 1718, 1719.00, 1
8973, 35967, 6, 0, 37687, 45336, 9369, 9363, 1561.50, 1
8974, 35969, 4, 0, 37690, 43006, 7037, 7033, 1759.25, 1
8975, 35974, 2, 0, 37694, 39466, 3492, 3490, 1746.00, 1
8976, 35976, 1, 0, 37696, 37696, 1720, 1719, 1720.00, 1
8977, 35977, 10, 0, 37698, 47778, 11801, 11791, 1180.10, 1
8978, 35978, 8, 0, 37699, 46809, 10831, 10823, 1353.88, 1
8979, 35980, 9, 0, 37701, 47348, 11368, 11359, 1263.11, 1
8980, 35989, 4, 0, 37707, 43018, 7029, 7025, 1757.25, 1
8981, 35991, 20, 0, 37710, 49337, 13346, 13326, 667.30, 1
8982, 35992, 5, 0, 37711, 44315, 8323, 8318, 1664.60, 1
8983, 35993, 3, 0, 37713, 41378, 5385, 5382, 1795.00, 1
8984, 35994, 3, 0, 37715, 41381, 5387, 5384, 1795.67, 1
8985, 36012, 3, 0, 37732, 41402, 5390, 5387, 1796.67, 1
8986, 36029, 5, 0, 37747, 44335, 8306, 8301, 1661.20, 1
8987, 36030, 2, 0, 37749, 39518, 3488, 3486, 1744.00, 1
8988, 36033, 5, 0, 37753, 44337, 8304, 8299, 1660.80, 1
8989, 36034, 6, 0, 37755, 45364, 9330, 9324, 1555.00, 1
8990, 36035, 1, 0, 37756, 37756, 1721, 1720, 1721.00, 1
8991, 36036, 4, 0, 37758, 43052, 7016, 7012, 1754.00, 1
8992, 36037, 6, 0, 37760, 45365, 9328, 9322, 1554.67, 1
8993, 36047, 4, 0, 37769, 43058, 7011, 7007, 1752.75, 1
8994, 36048, 5, 0, 37771, 44346, 8298, 8293, 1659.60, 1
8995, 36051, 2, 0, 37774, 39541, 3490, 3488, 1745.00, 1
8996, 36087, 1, 0, 37806, 37806, 1719, 1718, 1719.00, 1
8997, 36088, 3, 0, 37808, 41467, 5379, 5376, 1793.00, 1
8998, 36089, 1, 0, 37810, 37810, 1721, 1720, 1721.00, 1
8999, 36090, 1, 0, 37812, 37812, 1722, 1721, 1722.00, 1
9000, 36091, 24, 0, 37814, 49440, 13349, 13325, 556.21, 1
9001, 36096, 3, 0, 37818, 41482, 5386, 5383, 1795.33, 1
9002, 36102, 5, 0, 37824, 44380, 8278, 8273, 1655.60, 1
9003, 36110, 3, 0, 37832, 41495, 5385, 5382, 1795.00, 1
9004, 36115, 8, 0, 37838, 46843, 10728, 10720, 1341.00, 1
9005, 36117, 6, 0, 37840, 45401, 9284, 9278, 1547.33, 1
9006, 36125, 3, 0, 37848, 41514, 5389, 5386, 1796.33, 1
9007, 36129, 5, 0, 37853, 44401, 8272, 8267, 1654.40, 1
9008, 36133, 2, 0, 37857, 39626, 3493, 3491, 1746.50, 1
9009, 36136, 5, 0, 37859, 44404, 8268, 8263, 1653.60, 1
9010, 36141, 14, 0, 37864, 48819, 12678, 12664, 905.57, 1
9011, 36142, 2, 0, 37866, 39636, 3494, 3492, 1747.00, 1
9012, 36144, 4, 0, 37869, 43139, 6995, 6991, 1748.75, 1
9013, 36147, 3, 0, 37873, 41540, 5393, 5390, 1797.67, 1
9014, 36148, 27, 0, 37874, 49481, 13333, 13306, 493.81, 1
9015, 36150, 26, 0, 37877, 49471, 13321, 13295, 512.35, 1
9016, 36156, 1, 0, 37884, 37884, 1728, 1727, 1728.00, 1
9017, 36162, 2, 0, 37890, 39663, 3501, 3499, 1750.50, 1
9018, 36164, 1, 0, 37893, 37893, 1729, 1728, 1729.00, 1
9019, 36165, 8, 0, 37895, 46865, 10700, 10692, 1337.50, 1
9020, 36168, 4, 0, 37899, 43171, 7003, 6999, 1750.75, 1
9021, 36171, 3, 0, 37903, 41579, 5408, 5405, 1802.67, 1
9022, 36172, 7, 0, 37904, 46237, 10065, 10058, 1437.86, 1
9023, 36176, 14, 0, 37907, 48825, 12649, 12635, 903.50, 1
9024, 36177, 6, 0, 37909, 45439, 9262, 9256, 1543.67, 1
9025, 36179, 8, 0, 37911, 46871, 10692, 10684, 1336.50, 1
9026, 36180, 6, 0, 37913, 45442, 9262, 9256, 1543.67, 1
9027, 36184, 5, 0, 37916, 44450, 8266, 8261, 1653.20, 1
9028, 36188, 6, 0, 37919, 45447, 9259, 9253, 1543.17, 1
9029, 36193, 8, 0, 37924, 46876, 10683, 10675, 1335.38, 1
9030, 36194, 2, 0, 37926, 39704, 3510, 3508, 1755.00, 1
9031, 36200, 5, 0, 37933, 44462, 8262, 8257, 1652.40, 1
9032, 36202, 4, 0, 37936, 43201, 6999, 6995, 1749.75, 1
9033, 36209, 9, 0, 37943, 47406, 11197, 11188, 1244.11, 1
9034, 36210, 2, 0, 37944, 39722, 3512, 3510, 1756.00, 1
9035, 36216, 1, 0, 37950, 37950, 1734, 1733, 1734.00, 1
9036, 36219, 26, 0, 37953, 49473, 13254, 13228, 509.77, 1
9037, 36223, 7, 0, 37958, 46264, 10041, 10034, 1434.43, 1
9038, 36224, 11, 0, 37960, 48158, 11934, 11923, 1084.91, 1
9039, 36231, 18, 0, 37966, 49242, 13011, 12993, 722.83, 1
9040, 36232, 16, 0, 37968, 49090, 12858, 12842, 803.62, 1
9041, 36240, 2, 0, 37976, 39756, 3516, 3514, 1758.00, 1
9042, 36243, 3, 0, 37979, 41661, 5418, 5415, 1806.00, 1
9043, 36247, 3, 0, 37983, 41666, 5419, 5416, 1806.33, 1
9044, 36248, 11, 0, 37985, 48163, 11915, 11904, 1083.18, 1
9045, 36254, 6, 0, 37988, 45489, 9235, 9229, 1539.17, 1
9046, 36256, 6, 0, 37991, 45490, 9234, 9228, 1539.00, 1
9047, 36264, 3, 0, 37999, 41677, 5413, 5410, 1804.33, 1
9048, 36265, 2, 0, 38001, 39779, 3514, 3512, 1757.00, 1
9049, 36267, 11, 0, 38004, 48166, 11899, 11888, 1081.73, 1
9050, 36269, 5, 0, 38006, 44510, 8241, 8236, 1648.20, 1
9051, 36270, 11, 0, 38008, 48167, 11897, 11886, 1081.55, 1
9052, 36276, 7, 0, 38014, 46291, 10015, 10008, 1430.71, 1
9053, 36290, 1, 0, 38027, 38027, 1737, 1736, 1737.00, 1
9054, 36291, 1, 0, 38029, 38029, 1738, 1737, 1738.00, 1
9055, 36293, 10, 0, 38032, 47852, 11559, 11549, 1155.90, 1
9056, 36296, 2, 0, 38036, 39815, 3519, 3517, 1759.50, 1
9057, 36298, 5, 0, 38038, 44531, 8233, 8228, 1646.60, 1
9058, 36303, 9, 0, 38044, 47440, 11137, 11128, 1237.44, 1
9059, 36305, 3, 0, 38047, 41726, 5421, 5418, 1807.00, 1
9060, 36310, 3, 0, 38050, 41731, 5421, 5418, 1807.00, 1
9061, 36317, 1, 0, 38056, 38056, 1739, 1738, 1739.00, 1
9062, 36320, 12, 0, 38059, 48436, 12116, 12104, 1009.67, 1
9063, 36324, 3, 0, 38064, 41750, 5426, 5423, 1808.67, 1
9064, 36326, 2, 0, 38067, 39855, 3529, 3527, 1764.50, 1
9065, 36331, 2, 0, 38073, 39861, 3530, 3528, 1765.00, 1
9066, 36333, 3, 0, 38076, 41765, 5432, 5429, 1810.67, 1
9067, 36341, 2, 0, 38083, 39871, 3530, 3528, 1765.00, 1
9068, 36342, 3, 0, 38084, 41769, 5427, 5424, 1809.00, 1
9069, 36345, 2, 0, 38086, 39874, 3529, 3527, 1764.50, 1
9070, 36346, 2, 0, 38088, 39877, 3531, 3529, 1765.50, 1
9071, 36349, 5, 0, 38092, 44572, 8223, 8218, 1644.60, 1
9072, 36351, 1, 0, 38094, 38094, 1743, 1742, 1743.00, 1
9073, 36356, 8, 0, 38097, 46947, 10591, 10583, 1323.88, 1
9074, 36364, 14, 0, 38104, 48847, 12483, 12469, 891.64, 1
9075, 36370, 9, 0, 38109, 47467, 11097, 11088, 1233.00, 1
9076, 36376, 1, 0, 38114, 38114, 1738, 1737, 1738.00, 1
9077, 36377, 1, 0, 38116, 38116, 1739, 1738, 1739.00, 1
9078, 36382, 2, 0, 38121, 39913, 3531, 3529, 1765.50, 1
9079, 36384, 4, 0, 38124, 43360, 6976, 6972, 1744.00, 1
9080, 36385, 8, 0, 38126, 46958, 10573, 10565, 1321.62, 1
9081, 36391, 2, 0, 38132, 39928, 3537, 3535, 1768.50, 1
9082, 36394, 6, 0, 38135, 45571, 9177, 9171, 1529.50, 1
9083, 36403, 1, 0, 38144, 38144, 1741, 1740, 1741.00, 1
9084, 36409, 2, 0, 38151, 39948, 3539, 3537, 1769.50, 1
9085, 36410, 3, 0, 38153, 41853, 5443, 5440, 1814.33, 1
9086, 36412, 2, 0, 38156, 39954, 3542, 3540, 1771.00, 1
9087, 36415, 1, 0, 38160, 38160, 1745, 1744, 1745.00, 1
9088, 36418, 4, 0, 38162, 43395, 6977, 6973, 1744.25, 1
9089, 36424, 16, 0, 38168, 49104, 12680, 12664, 792.50, 1
9090, 36429, 6, 0, 38173, 45591, 9162, 9156, 1527.00, 1
9091, 36434, 4, 0, 38178, 43414, 6980, 6976, 1745.00, 1
9092, 36439, 3, 0, 38180, 41889, 5450, 5447, 1816.67, 1
9093, 36443, 6, 0, 38184, 45599, 9156, 9150, 1526.00, 1
9094, 36449, 4, 0, 38190, 43422, 6973, 6969, 1743.25, 1
9095, 36453, 5, 0, 38194, 44644, 8191, 8186, 1638.20, 1
9096, 36455, 3, 0, 38197, 41911, 5456, 5453, 1818.67, 1
9097, 36466, 1, 0, 38205, 38205, 1739, 1738, 1739.00, 1
9098, 36468, 7, 0, 38208, 46378, 9910, 9903, 1415.71, 1
9099, 36475, 1, 0, 38215, 38215, 1740, 1739, 1740.00, 1
9100, 36476, 2, 0, 38216, 40013, 3537, 3535, 1768.50, 1
9101, 36478, 12, 0, 38219, 48466, 11988, 11976, 999.00, 1
9102, 36479, 6, 0, 38221, 45620, 9141, 9135, 1523.50, 1
9103, 36480, 8, 0, 38223, 46997, 10517, 10509, 1314.62, 1
9104, 36484, 5, 0, 38227, 44667, 8183, 8178, 1636.60, 1
9105, 36486, 7, 0, 38230, 46388, 9902, 9895, 1414.57, 1
9106, 36489, 1, 0, 38234, 38234, 1745, 1744, 1745.00, 1
9107, 36496, 1, 0, 38242, 38242, 1746, 1745, 1746.00, 1
9108, 36505, 7, 0, 38250, 46397, 9892, 9885, 1413.14, 1
9109, 36506, 1, 0, 38252, 38252, 1746, 1745, 1746.00, 1
9110, 36508, 6, 0, 38254, 45638, 9130, 9124, 1521.67, 1
9111, 36509, 8, 0, 38256, 47007, 10498, 10490, 1312.25, 1
9112, 36512, 2, 0, 38259, 40060, 3548, 3546, 1774.00, 1
9113, 36524, 9, 0, 38270, 47507, 10983, 10974, 1220.33, 1
9114, 36532, 3, 0, 38277, 41999, 5467, 5464, 1822.33, 1
9115, 36534, 15, 0, 38279, 49002, 12468, 12453, 831.20, 1
9116, 36535, 10, 0, 38281, 47909, 11374, 11364, 1137.40, 1
9117, 36536, 5, 0, 38283, 44703, 8167, 8162, 1633.40, 1
9118, 36542, 1, 0, 38289, 38289, 1747, 1746, 1747.00, 1
9119, 36544, 11, 0, 38292, 48223, 11679, 11668, 1061.73, 1
9120, 36557, 3, 0, 38304, 42035, 5478, 5475, 1826.00, 1
9121, 36559, 21, 0, 38307, 49391, 12832, 12811, 611.05, 1
9122, 36560, 2, 0, 38309, 40114, 3554, 3552, 1777.00, 1
9123, 36566, 3, 0, 38315, 42048, 5482, 5479, 1827.33, 1
9124, 36570, 2, 0, 38320, 40121, 3551, 3549, 1775.50, 1
9125, 36572, 8, 0, 38322, 47030, 10458, 10450, 1307.25, 1
9126, 36576, 1, 0, 38326, 38326, 1750, 1749, 1750.00, 1
9127, 36578, 9, 0, 38328, 47526, 10948, 10939, 1216.44, 1
9128, 36582, 8, 0, 38333, 47032, 10450, 10442, 1306.25, 1
9129, 36588, 9, 0, 38340, 47531, 10943, 10934, 1215.89, 1
9130, 36599, 5, 0, 38347, 44753, 8154, 8149, 1630.80, 1
9131, 36606, 11, 0, 38351, 48235, 11629, 11618, 1057.18, 1
9132, 36607, 5, 0, 38352, 44759, 8152, 8147, 1630.40, 1
9133, 36617, 11, 0, 38363, 48238, 11621, 11610, 1056.45, 1
9134, 36618, 3, 0, 38365, 42098, 5480, 5477, 1826.67, 1
9135, 36621, 2, 0, 38368, 40169, 3548, 3546, 1774.00, 1
9136, 36623, 2, 0, 38370, 40171, 3548, 3546, 1774.00, 1
9137, 36626, 4, 0, 38374, 43581, 6955, 6951, 1738.75, 1
9138, 36630, 2, 0, 38379, 40182, 3552, 3550, 1776.00, 1
9139, 36632, 3, 0, 38381, 42112, 5480, 5477, 1826.67, 1
9140, 36643, 1, 0, 38389, 38389, 1746, 1745, 1746.00, 1
9141, 36646, 12, 0, 38393, 48497, 11851, 11839, 987.58, 1
9142, 36654, 7, 0, 38402, 46459, 9805, 9798, 1400.71, 1
9143, 36656, 2, 0, 38405, 40210, 3554, 3552, 1777.00, 1
9144, 36659, 2, 0, 38409, 40215, 3556, 3554, 1778.00, 1
9145, 36668, 5, 0, 38418, 44794, 8126, 8121, 1625.20, 1
9146, 36669, 1, 0, 38420, 38420, 1751, 1750, 1751.00, 1
9147, 36672, 3, 0, 38424, 42146, 5474, 5471, 1824.67, 1
9148, 36673, 2, 0, 38426, 40234, 3561, 3559, 1780.50, 1
9149, 36674, 13, 0, 38428, 48715, 12041, 12028, 926.23, 1
9150, 36675, 1, 0, 38430, 38430, 1755, 1754, 1755.00, 1
9151, 36688, 2, 0, 38440, 40247, 3559, 3557, 1779.50, 1
9152, 36690, 5, 0, 38443, 44808, 8118, 8113, 1623.60, 1
9153, 36695, 2, 0, 38449, 40257, 3562, 3560, 1781.00, 1
9154, 36700, 2, 0, 38453, 40263, 3563, 3561, 1781.50, 1
9155, 36703, 4, 0, 38457, 43643, 6940, 6936, 1735.00, 1
9156, 36704, 12, 0, 38459, 48508, 11804, 11792, 983.67, 1
9157, 36716, 2, 0, 38467, 40279, 3563, 3561, 1781.50, 1
9158, 36728, 4, 0, 38476, 43652, 6924, 6920, 1731.00, 1
9159, 36733, 5, 0, 38480, 44828, 8095, 8090, 1619.00, 1
9160, 36734, 1, 0, 38482, 38482, 1748, 1747, 1748.00, 1
9161, 36738, 1, 0, 38486, 38486, 1748, 1747, 1748.00, 1
9162, 36747, 4, 0, 38493, 43665, 6918, 6914, 1729.50, 1
9163, 36748, 12, 0, 38494, 48510, 11762, 11750, 980.17, 1
9164, 36750, 1, 0, 38497, 38497, 1747, 1746, 1747.00, 1
9165, 36754, 2, 0, 38500, 40317, 3563, 3561, 1781.50, 1
9166, 36758, 3, 0, 38505, 42220, 5462, 5459, 1820.67, 1
9167, 36761, 7, 0, 38509, 46494, 9733, 9726, 1390.43, 1
9168, 36764, 2, 0, 38512, 40332, 3568, 3566, 1784.00, 1
9169, 36767, 1, 0, 38515, 38515, 1748, 1747, 1748.00, 1
9170, 36770, 4, 0, 38519, 43685, 6915, 6911, 1728.75, 1
9171, 36780, 1, 0, 38528, 38528, 1748, 1747, 1748.00, 1
9172, 36783, 3, 0, 38532, 42243, 5460, 5457, 1820.00, 1
9173, 36784, 7, 0, 38534, 46500, 9716, 9709, 1388.00, 1
9174, 36786, 12, 0, 38537, 48513, 11727, 11715, 977.25, 1
9175, 36788, 3, 0, 38538, 42250, 5462, 5459, 1820.67, 1
9176, 36791, 1, 0, 38542, 38542, 1751, 1750, 1751.00, 1
9177, 36798, 4, 0, 38548, 43706, 6908, 6904, 1727.00, 1
9178, 36800, 3, 0, 38551, 42262, 5462, 5459, 1820.67, 1
9179, 36801, 14, 0, 38553, 48892, 12091, 12077, 863.64, 1
9180, 36809, 2, 0, 38558, 40379, 3570, 3568, 1785.00, 1
9181, 36810, 1, 0, 38559, 38559, 1749, 1748, 1749.00, 1
9182, 36816, 2, 0, 38565, 40386, 3570, 3568, 1785.00, 1
9183, 36818, 1, 0, 38568, 38568, 1750, 1749, 1750.00, 1
9184, 36820, 3, 0, 38571, 42276, 5456, 5453, 1818.67, 1
9185, 36822, 1, 0, 38574, 38574, 1752, 1751, 1752.00, 1
9186, 36829, 2, 0, 38581, 40400, 3571, 3569, 1785.50, 1
9187, 36830, 4, 0, 38582, 43729, 6899, 6895, 1724.75, 1
9188, 36832, 7, 0, 38584, 46519, 9687, 9680, 1383.86, 1
9189, 36834, 3, 0, 38587, 42291, 5457, 5454, 1819.00, 1
9190, 36839, 15, 0, 38591, 49029, 12190, 12175, 812.67, 1
9191, 36842, 1, 0, 38595, 38595, 1753, 1752, 1753.00, 1
9192, 36844, 5, 0, 38598, 44885, 8041, 8036, 1608.20, 1
9193, 36848, 2, 0, 38602, 40422, 3574, 3572, 1787.00, 1
9194, 36856, 3, 0, 38609, 42305, 5449, 5446, 1816.33, 1
9195, 36859, 7, 0, 38613, 46530, 9671, 9664, 1381.57, 1
9196, 36862, 2, 0, 38616, 40440, 3578, 3576, 1789.00, 1
9197, 36867, 1, 0, 38620, 38620, 1753, 1752, 1753.00, 1
9198, 36875, 1, 0, 38629, 38629, 1754, 1753, 1754.00, 1
9199, 36877, 9, 0, 38632, 47593, 10716, 10707, 1190.67, 1
9200, 36880, 3, 0, 38634, 42326, 5446, 5443, 1815.33, 1
9201, 36882, 1, 0, 38637, 38637, 1755, 1754, 1755.00, 1
9202, 36883, 3, 0, 38639, 42330, 5447, 5444, 1815.67, 1
9203, 36888, 5, 0, 38645, 44911, 8023, 8018, 1604.60, 1
9204, 36893, 1, 0, 38651, 38651, 1758, 1757, 1758.00, 1
9205, 36896, 7, 0, 38654, 46542, 9646, 9639, 1378.00, 1
9206, 36900, 2, 0, 38658, 40478, 3578, 3576, 1789.00, 1
9207, 36905, 11, 0, 38663, 48283, 11378, 11367, 1034.36, 1
9208, 36919, 6, 0, 38675, 45829, 8910, 8904, 1485.00, 1
9209, 36921, 12, 0, 38678, 48532, 11611, 11599, 967.58, 1
9210, 36925, 2, 0, 38683, 40502, 3577, 3575, 1788.50, 1
9211, 36934, 6, 0, 38693, 45837, 8903, 8897, 1483.83, 1
9212, 36935, 3, 0, 38695, 42371, 5436, 5433, 1812.00, 1
9213, 36936, 13, 0, 38696, 48740, 11804, 11791, 908.00, 1
9214, 36940, 15, 0, 38699, 49035, 12095, 12080, 806.33, 1
9215, 36947, 2, 0, 38706, 40535, 3588, 3586, 1794.00, 1
9216, 36949, 6, 0, 38709, 45846, 8897, 8891, 1482.83, 1
9217, 36950, 6, 0, 38711, 45847, 8897, 8891, 1482.83, 1
9218, 36954, 4, 0, 38714, 43816, 6862, 6858, 1715.50, 1
9219, 36957, 2, 0, 38717, 40548, 3591, 3589, 1795.50, 1
9220, 36961, 1, 0, 38721, 38721, 1760, 1759, 1760.00, 1
9221, 36965, 5, 0, 38726, 44951, 7986, 7981, 1597.20, 1
9222, 36967, 8, 0, 38729, 47141, 10174, 10166, 1271.75, 1
9223, 36978, 9, 0, 38740, 47619, 10641, 10632, 1182.33, 1
9224, 36981, 1, 0, 38744, 38744, 1763, 1762, 1763.00, 1
9225, 36986, 6, 0, 38747, 45861, 8875, 8869, 1479.17, 1
9226, 36987, 4, 0, 38749, 43841, 6854, 6850, 1713.50, 1
9227, 36995, 3, 0, 38758, 42428, 5433, 5430, 1811.00, 1
9228, 36997, 2, 0, 38759, 40595, 3598, 3596, 1799.00, 1
9229, 37001, 1, 0, 38763, 38763, 1762, 1761, 1762.00, 1
9230, 37003, 3, 0, 38765, 42434, 5431, 5428, 1810.33, 1
9231, 37008, 6, 0, 38770, 45871, 8863, 8857, 1477.17, 1
9232, 37010, 2, 0, 38772, 40609, 3599, 3597, 1799.50, 1
9233, 37013, 12, 0, 38775, 48544, 11531, 11519, 960.92, 1
9234, 37017, 17, 0, 38780, 49210, 12193, 12176, 717.24, 1
9235, 37022, 2, 0, 38785, 40623, 3601, 3599, 1800.50, 1
9236, 37025, 8, 0, 38789, 47152, 10127, 10119, 1265.88, 1
9237, 37027, 6, 0, 38791, 45878, 8851, 8845, 1475.17, 1
9238, 37031, 9, 0, 38796, 47627, 10596, 10587, 1177.33, 1
9239, 37032, 3, 0, 38798, 42464, 5432, 5429, 1810.67, 1
9240, 37034, 2, 0, 38799, 40639, 3605, 3603, 1802.50, 1
9241, 37044, 3, 0, 38809, 42473, 5429, 5426, 1809.67, 1
9242, 37050, 3, 0, 38815, 42479, 5429, 5426, 1809.67, 1
9243, 37061, 3, 0, 38825, 42488, 5427, 5424, 1809.00, 1
9244, 37063, 2, 0, 38827, 40671, 3608, 3606, 1804.00, 1
9245, 37065, 8, 0, 38830, 47164, 10099, 10091, 1262.38, 1
9246, 37070, 5, 0, 38835, 45009, 7939, 7934, 1587.80, 1
9247, 37071, 5, 0, 38837, 45012, 7941, 7936, 1588.20, 1
9248, 37073, 1, 0, 38839, 38839, 1766, 1765, 1766.00, 1
9249, 37075, 6, 0, 38841, 45904, 8829, 8823, 1471.50, 1
9250, 37077, 3, 0, 38844, 42506, 5429, 5426, 1809.67, 1
9251, 37082, 3, 0, 38850, 42512, 5430, 5427, 1810.00, 1
9252, 37093, 5, 0, 38859, 45023, 7930, 7925, 1586.00, 1
9253, 37095, 1, 0, 38861, 38861, 1766, 1765, 1766.00, 1
9254, 37098, 6, 0, 38864, 45911, 8813, 8807, 1468.83, 1
9255, 37099, 1, 0, 38866, 38866, 1767, 1766, 1767.00, 1
9256, 37113, 8, 0, 38879, 47171, 10058, 10050, 1257.25, 1
9257, 37125, 3, 0, 38888, 42539, 5414, 5411, 1804.67, 1
9258, 37157, 1, 0, 38909, 38909, 1752, 1751, 1752.00, 1
9259, 37163, 5, 0, 38914, 45051, 7888, 7883, 1577.60, 1
9260, 37168, 1, 0, 38919, 38919, 1751, 1750, 1751.00, 1
9261, 37171, 2, 0, 38923, 40770, 3599, 3597, 1799.50, 1
9262, 37180, 12, 0, 38932, 48560, 11380, 11368, 948.33, 1
9263, 37181, 2, 0, 38934, 40785, 3604, 3602, 1802.00, 1
9264, 37183, 10, 0, 38936, 48026, 10843, 10833, 1084.30, 1
9265, 37184, 1, 0, 38938, 38938, 1754, 1753, 1754.00, 1
9266, 37191, 3, 0, 38945, 42593, 5402, 5399, 1800.67, 1
9267, 37192, 1, 0, 38946, 38946, 1754, 1753, 1754.00, 1
9268, 37201, 5, 0, 38956, 45076, 7875, 7870, 1575.00, 1
9269, 37207, 9, 0, 38962, 47664, 10457, 10448, 1161.89, 1
9270, 37211, 8, 0, 38967, 47204, 9993, 9985, 1249.12, 1
9271, 37217, 9, 0, 38974, 47667, 10450, 10441, 1161.11, 1
9272, 37219, 3, 0, 38977, 42619, 5400, 5397, 1800.00, 1
9273, 37222, 5, 0, 38979, 45091, 7869, 7864, 1573.80, 1
9274, 37223, 1, 0, 38981, 38981, 1758, 1757, 1758.00, 1
9275, 37224, 7, 0, 38983, 46648, 9424, 9417, 1346.29, 1
9276, 37226, 7, 0, 38985, 46649, 9423, 9416, 1346.14, 1
9277, 37228, 2, 0, 38988, 40842, 3614, 3612, 1807.00, 1
9278, 37229, 1, 0, 38989, 38989, 1760, 1759, 1760.00, 1
9279, 37238, 9, 0, 38998, 47674, 10436, 10427, 1159.56, 1
9280, 37240, 4, 0, 39001, 44014, 6774, 6770, 1693.50, 1
9281, 37245, 17, 0, 39005, 49220, 11975, 11958, 704.41, 1
9282, 37246, 3, 0, 39007, 42644, 5398, 5395, 1799.33, 1
9283, 37251, 8, 0, 39011, 47222, 9971, 9963, 1246.38, 1
9284, 37254, 2, 0, 39014, 40873, 3619, 3617, 1809.50, 1
9285, 37258, 2, 0, 39019, 40879, 3621, 3619, 1810.50, 1
9286, 37259, 6, 0, 39021, 45987, 8728, 8722, 1454.67, 1
9287, 37262, 15, 0, 39024, 49057, 11795, 11780, 786.33, 1
9288, 37263, 4, 0, 39026, 44032, 6769, 6765, 1692.25, 1
9289, 37267, 2, 0, 39030, 40888, 3621, 3619, 1810.50, 1
9290, 37274, 14, 0, 39038, 48936, 11662, 11648, 833.00, 1
9291, 37276, 5, 0, 39040, 45130, 7854, 7849, 1570.80, 1
9292, 37283, 2, 0, 39044, 40906, 3623, 3621, 1811.50, 1
9293, 37290, 10, 0, 39052, 48050, 10760, 10750, 1076.00, 1
9294, 37296, 5, 0, 39059, 45142, 7846, 7841, 1569.20, 1
9295, 37330, 1, 0, 39089, 39089, 1759, 1758, 1759.00, 1
9296, 37335, 2, 0, 39095, 40959, 3624, 3622, 1812.00, 1
9297, 37339, 1, 0, 39099, 39099, 1760, 1759, 1760.00, 1
9298, 37342, 1, 0, 39103, 39103, 1761, 1760, 1761.00, 1
9299, 37352, 2, 0, 39112, 40977, 3625, 3623, 1812.50, 1
9300, 37357, 16, 0, 39116, 49151, 11794, 11778, 737.12, 1
9301, 37363, 15, 0, 39122, 49063, 11700, 11685, 780.00, 1
9302, 37370, 4, 0, 39129, 44105, 6735, 6731, 1683.75, 1
9303, 37374, 2, 0, 39133, 41004, 3630, 3628, 1815.00, 1
9304, 37376, 1, 0, 39135, 39135, 1759, 1758, 1759.00, 1
9305, 37378, 2, 0, 39138, 41010, 3632, 3630, 1816.00, 1
9306, 37381, 1, 0, 39141, 39141, 1760, 1759, 1760.00, 1
9307, 37387, 2, 0, 39146, 41018, 3631, 3629, 1815.50, 1
9308, 37388, 4, 0, 39148, 44119, 6731, 6727, 1682.75, 1
9309, 37391, 6, 0, 39152, 46043, 8652, 8646, 1442.00, 1
9310, 37394, 18, 0, 39156, 49286, 11892, 11874, 660.67, 1
9311, 37405, 3, 0, 39167, 42783, 5378, 5375, 1792.67, 1
9312, 37406, 4, 0, 39169, 44132, 6726, 6722, 1681.50, 1
9313, 37409, 8, 0, 39170, 47265, 9856, 9848, 1232.00, 1
9314, 37415, 2, 0, 39176, 41056, 3641, 3639, 1820.50, 1
9315, 37417, 1, 0, 39179, 39179, 1762, 1761, 1762.00, 1
9316, 37418, 12, 0, 39181, 48598, 11180, 11168, 931.67, 1
9317, 37421, 1, 0, 39184, 39184, 1763, 1762, 1763.00, 1
9318, 37425, 3, 0, 39189, 42803, 5378, 5375, 1792.67, 1
9319, 37429, 2, 0, 39193, 41072, 3643, 3641, 1821.50, 1
9320, 37430, 4, 0, 39194, 44147, 6717, 6713, 1679.25, 1
9321, 37436, 1, 0, 39199, 39199, 1763, 1762, 1763.00, 1
9322, 37437, 9, 0, 39201, 47725, 10288, 10279, 1143.11, 1
9323, 37445, 3, 0, 39209, 42820, 5375, 5372, 1791.67, 1
9324, 37449, 6, 0, 39214, 46073, 8624, 8618, 1437.33, 1
9325, 37451, 7, 0, 39216, 46731, 9280, 9273, 1325.71, 1
9326, 37458, 1, 0, 39222, 39222, 1764, 1763, 1764.00, 1
9327, 37459, 3, 0, 39224, 42834, 5375, 5372, 1791.67, 1
9328, 37461, 2, 0, 39226, 41108, 3647, 3645, 1823.50, 1
9329, 37464, 2, 0, 39230, 41113, 3649, 3647, 1824.50, 1
9330, 37471, 20, 0, 39238, 49371, 11900, 11880, 595.00, 1
9331, 37477, 3, 0, 39244, 42848, 5371, 5368, 1790.33, 1
9332, 37478, 2, 0, 39246, 41131, 3653, 3651, 1826.50, 1
9333, 37481, 2, 0, 39249, 41135, 3654, 3652, 1827.00, 1
9334, 37486, 2, 0, 39253, 41138, 3652, 3650, 1826.00, 1
9335, 37488, 6, 0, 39256, 46087, 8599, 8593, 1433.17, 1
9336, 37492, 4, 0, 39259, 44188, 6696, 6692, 1674.00, 1
9337, 37495, 1, 0, 39261, 39261, 1766, 1765, 1766.00, 1
9338, 37499, 3, 0, 39266, 42866, 5367, 5364, 1789.00, 1
9339, 37500, 1, 0, 39268, 39268, 1768, 1767, 1768.00, 1
9340, 37515, 2, 0, 39281, 41167, 3652, 3650, 1826.00, 1
9341, 37519, 9, 0, 39286, 47738, 10219, 10210, 1135.44, 1
9342, 37520, 1, 0, 39287, 39287, 1767, 1766, 1767.00, 1
9343, 37524, 2, 0, 39291, 41177, 3653, 3651, 1826.50, 1
9344, 37540, 2, 0, 39305, 41193, 3653, 3651, 1826.50, 1
9345, 37543, 2, 0, 39309, 41199, 3656, 3654, 1828.00, 1
9346, 37544, 1, 0, 39311, 39311, 1767, 1766, 1767.00, 1
9347, 37549, 9, 0, 39317, 47745, 10196, 10187, 1132.89, 1
9348, 37552, 1, 0, 39321, 39321, 1769, 1768, 1769.00, 1
9349, 37555, 5, 0, 39325, 45273, 7718, 7713, 1543.60, 1
9350, 37558, 1, 0, 39329, 39329, 1771, 1770, 1771.00, 1
9351, 37568, 2, 0, 39337, 41226, 3658, 3656, 1829.00, 1
9352, 37569, 1, 0, 39339, 39339, 1770, 1769, 1770.00, 1
9353, 37580, 5, 0, 39349, 45285, 7705, 7700, 1541.00, 1
9354, 37584, 4, 0, 39352, 44244, 6660, 6656, 1665.00, 1
9355, 37589, 2, 0, 39358, 41247, 3658, 3656, 1829.00, 1
9356, 37592, 3, 0, 39361, 42938, 5346, 5343, 1782.00, 1
9357, 37598, 9, 0, 39367, 47761, 10163, 10154, 1129.22, 1
9358, 37601, 5, 0, 39370, 45300, 7699, 7694, 1539.80, 1
9359, 37603, 3, 0, 39372, 42949, 5346, 5343, 1782.00, 1
9360, 37613, 4, 0, 39382, 44262, 6649, 6645, 1662.25, 1
9361, 37615, 2, 0, 39385, 41278, 3663, 3661, 1831.50, 1
9362, 37616, 3, 0, 39387, 42958, 5342, 5339, 1780.67, 1
9363, 37617, 9, 0, 39389, 47765, 10148, 10139, 1127.56, 1
9364, 37619, 5, 0, 39392, 45306, 7687, 7682, 1537.40, 1
9365, 37621, 2, 0, 39394, 41286, 3665, 3663, 1832.50, 1
9366, 37624, 2, 0, 39396, 41289, 3665, 3663, 1832.50, 1
9367, 37632, 1, 0, 39403, 39403, 1771, 1770, 1771.00, 1
9368, 37637, 5, 0, 39409, 45310, 7673, 7668, 1534.60, 1
9369, 37642, 1, 0, 39414, 39414, 1772, 1771, 1772.00, 1
9370, 37643, 6, 0, 39415, 46145, 8502, 8496, 1417.00, 1
9371, 37645, 2, 0, 39418, 41311, 3666, 3664, 1833.00, 1
9372, 37647, 9, 0, 39420, 47771, 10124, 10115, 1124.89, 1
9373, 37650, 4, 0, 39423, 44283, 6633, 6629, 1658.25, 1
9374, 37652, 3, 0, 39426, 42982, 5330, 5327, 1776.67, 1
9375, 37670, 1, 0, 39442, 39442, 1772, 1771, 1772.00, 1
9376, 37682, 5, 0, 39454, 45333, 7651, 7646, 1530.20, 1
9377, 37684, 1, 0, 39456, 39456, 1772, 1771, 1772.00, 1
9378, 37692, 2, 0, 39464, 41357, 3665, 3663, 1832.50, 1
9379, 37707, 15, 0, 39477, 49074, 11367, 11352, 757.80, 1
9380, 37713, 12, 0, 39482, 48623, 10910, 10898, 909.17, 1
9381, 37717, 6, 0, 39486, 46170, 8453, 8447, 1408.83, 1
9382, 37718, 3, 0, 39488, 43027, 5309, 5306, 1769.67, 1
9383, 37730, 3, 0, 39498, 43036, 5306, 5303, 1768.67, 1
9384, 37740, 1, 0, 39507, 39507, 1767, 1766, 1767.00, 1
9385, 37744, 12, 0, 39512, 48627, 10883, 10871, 906.92, 1
9386, 37749, 3, 0, 39517, 43046, 5297, 5294, 1765.67, 1
9387, 37755, 10, 0, 39523, 48121, 10366, 10356, 1036.60, 1
9388, 37760, 2, 0, 39528, 41424, 3664, 3662, 1832.00, 1
9389, 37766, 2, 0, 39534, 41429, 3663, 3661, 1831.50, 1
9390, 37769, 2, 0, 39537, 41433, 3664, 3662, 1832.00, 1
9391, 37777, 12, 0, 39544, 48629, 10852, 10840, 904.33, 1
9392, 37784, 5, 0, 39549, 45371, 7587, 7582, 1517.40, 1
9393, 37788, 1, 0, 39553, 39553, 1765, 1764, 1765.00, 1
9394, 37790, 6, 0, 39556, 46185, 8395, 8389, 1399.17, 1
9395, 37791, 3, 0, 39558, 43071, 5280, 5277, 1760.00, 1
9396, 37792, 4, 0, 39560, 44358, 6566, 6562, 1641.50, 1
9397, 37796, 1, 0, 39564, 39564, 1768, 1767, 1768.00, 1
9398, 37798, 5, 0, 39566, 45380, 7582, 7577, 1516.40, 1
9399, 37810, 2, 0, 39576, 41468, 3658, 3656, 1829.00, 1
9400, 37812, 3, 0, 39578, 43090, 5278, 5275, 1759.33, 1
9401, 37816, 5, 0, 39582, 45390, 7574, 7569, 1514.80, 1
9402, 37819, 8, 0, 39586, 47372, 9553, 9545, 1194.12, 1
9403, 37820, 2, 0, 39588, 41485, 3665, 3663, 1832.50, 1
9404, 37823, 2, 0, 39591, 41488, 3665, 3663, 1832.50, 1
9405, 37828, 4, 0, 39594, 44381, 6553, 6549, 1638.25, 1
9406, 37831, 8, 0, 39598, 47373, 9542, 9534, 1192.75, 1
9407, 37833, 3, 0, 39601, 43108, 5275, 5272, 1758.33, 1
9408, 37844, 10, 0, 39611, 48133, 10289, 10279, 1028.90, 1
9409, 37846, 11, 0, 39614, 48404, 10558, 10547, 959.82, 1
9410, 37855, 6, 0, 39624, 46211, 8356, 8350, 1392.67, 1
9411, 37858, 4, 0, 39627, 44403, 6545, 6541, 1636.25, 1
9412, 37866, 4, 0, 39635, 44408, 6542, 6538, 1635.50, 1
9413, 37868, 2, 0, 39638, 41533, 3665, 3663, 1832.50, 1
9414, 37870, 1, 0, 39641, 39641, 1771, 1770, 1771.00, 1
9415, 37875, 7, 0, 39647, 46855, 8980, 8973, 1282.86, 1
9416, 37881, 20, 0, 39653, 49377, 11496, 11476, 574.80, 1
9417, 37884, 11, 0, 39657, 48411, 10527, 10516, 957.00, 1
9418, 37889, 2, 0, 39661, 41560, 3671, 3669, 1835.50, 1
9419, 37891, 4, 0, 39664, 44430, 6539, 6535, 1634.75, 1
9420, 37892, 2, 0, 39666, 41565, 3673, 3671, 1836.50, 1
9421, 37893, 4, 0, 39668, 44431, 6538, 6534, 1634.50, 1
9422, 37894, 12, 0, 39669, 48642, 10748, 10736, 895.67, 1
9423, 37895, 18, 0, 39671, 49298, 11403, 11385, 633.50, 1
9424, 37897, 2, 0, 39674, 41573, 3676, 3674, 1838.00, 1
9425, 37898, 7, 0, 39675, 46867, 8969, 8962, 1281.29, 1
9426, 37899, 14, 0, 39676, 48973, 11074, 11060, 791.00, 1
9427, 37910, 11, 0, 39686, 48417, 10507, 10496, 955.18, 1
9428, 37911, 2, 0, 39688, 41586, 3675, 3673, 1837.50, 1
9429, 37923, 8, 0, 39700, 47398, 9475, 9467, 1184.38, 1
9430, 37930, 5, 0, 39708, 45453, 7523, 7518, 1504.60, 1
9431, 37935, 1, 0, 39712, 39712, 1777, 1776, 1777.00, 1
9432, 37945, 2, 0, 39723, 41622, 3677, 3675, 1838.50, 1
9433, 37946, 2, 0, 39725, 41625, 3679, 3677, 1839.50, 1
9434, 37949, 1, 0, 39729, 39729, 1780, 1779, 1780.00, 1
9435, 37954, 6, 0, 39733, 46260, 8306, 8300, 1384.33, 1
9436, 37956, 8, 0, 39735, 47412, 9456, 9448, 1182.00, 1
9437, 37957, 5, 0, 39737, 45470, 7513, 7508, 1502.60, 1
9438, 37958, 10, 0, 39738, 48157, 10199, 10189, 1019.90, 1
9439, 37963, 3, 0, 39743, 43226, 5263, 5260, 1754.33, 1
9440, 37966, 2, 0, 39745, 41645, 3679, 3677, 1839.50, 1
9441, 37969, 9, 0, 39749, 47836, 9867, 9858, 1096.33, 1
9442, 37988, 2, 0, 39767, 41670, 3682, 3680, 1841.00, 1
9443, 38002, 1, 0, 39780, 39780, 1778, 1777, 1778.00, 1
9444, 38004, 2, 0, 39782, 41681, 3677, 3675, 1838.50, 1
9445, 38006, 8, 0, 39785, 47428, 9422, 9414, 1177.75, 1
9446, 38010, 5, 0, 39790, 45503, 7493, 7488, 1498.60, 1
9447, 38011, 6, 0, 39792, 46289, 8278, 8272, 1379.67, 1
9448, 38012, 10, 0, 39793, 48169, 10157, 10147, 1015.70, 1
9449, 38021, 1, 0, 39800, 39800, 1779, 1778, 1779.00, 1
9450, 38024, 8, 0, 39803, 47435, 9411, 9403, 1176.38, 1
9451, 38030, 2, 0, 39808, 41708, 3678, 3676, 1839.00, 1
9452, 38031, 1, 0, 39810, 39810, 1779, 1778, 1779.00, 1
9453, 38037, 1, 0, 39816, 39816, 1779, 1778, 1779.00, 1
9454, 38039, 6, 0, 39819, 46301, 8262, 8256, 1377.00, 1
9455, 38043, 1, 0, 39823, 39823, 1780, 1779, 1780.00, 1
9456, 38044, 4, 0, 39825, 44537, 6493, 6489, 1623.25, 1
9457, 38046, 7, 0, 39827, 46923, 8877, 8870, 1268.14, 1
9458, 38049, 18, 0, 39831, 49306, 11257, 11239, 625.39, 1
9459, 38051, 4, 0, 39834, 44544, 6493, 6489, 1623.25, 1
9460, 38052, 1, 0, 39836, 39836, 1784, 1783, 1784.00, 1
9461, 38054, 2, 0, 39839, 41738, 3684, 3682, 1842.00, 1
9462, 38061, 9, 0, 39846, 47861, 9800, 9791, 1088.89, 1
9463, 38062, 2, 0, 39848, 41746, 3684, 3682, 1842.00, 1
9464, 38063, 1, 0, 39850, 39850, 1787, 1786, 1787.00, 1
9465, 38067, 2, 0, 39854, 41752, 3685, 3683, 1842.50, 1
9466, 38071, 23, 0, 39858, 49445, 11374, 11351, 494.52, 1
9467, 38075, 2, 0, 39863, 41760, 3685, 3683, 1842.50, 1
9468, 38076, 5, 0, 39865, 45543, 7467, 7462, 1493.40, 1
9469, 38087, 8, 0, 39875, 47459, 9372, 9364, 1171.50, 1
9470, 38090, 3, 0, 39879, 43328, 5238, 5235, 1746.00, 1
9471, 38094, 7, 0, 39883, 46946, 8852, 8845, 1264.57, 1
9472, 38099, 3, 0, 39888, 43334, 5235, 5232, 1745.00, 1
9473, 38102, 2, 0, 39892, 41790, 3688, 3686, 1844.00, 1
9474, 38103, 4, 0, 39894, 44580, 6477, 6473, 1619.25, 1
9475, 38107, 5, 0, 39898, 45554, 7447, 7442, 1489.40, 1
9476, 38113, 1, 0, 39904, 39904, 1791, 1790, 1791.00, 1
9477, 38114, 5, 0, 39906, 45559, 7445, 7440, 1489.00, 1
9478, 38117, 2, 0, 39907, 41806, 3689, 3687, 1844.50, 1
9479, 38120, 6, 0, 39911, 46337, 8217, 8211, 1369.50, 1
9480, 38124, 4, 0, 39916, 44593, 6469, 6465, 1617.25, 1
9481, 38125, 2, 0, 39918, 41817, 3692, 3690, 1846.00, 1
9482, 38126, 3, 0, 39920, 43362, 5236, 5233, 1745.33, 1
9483, 38128, 3, 0, 39923, 43365, 5237, 5234, 1745.67, 1
9484, 38133, 8, 0, 39929, 47475, 9342, 9334, 1167.75, 1
9485, 38134, 2, 0, 39931, 41831, 3697, 3695, 1848.50, 1
9486, 38137, 24, 0, 39933, 49462, 11325, 11301, 471.88, 1
9487, 38146, 7, 0, 39941, 46968, 8822, 8815, 1260.29, 1
9488, 38150, 2, 0, 39946, 41847, 3697, 3695, 1848.50, 1
9489, 38152, 8, 0, 39949, 47480, 9328, 9320, 1166.00, 1
9490, 38153, 2, 0, 39950, 41851, 3698, 3696, 1849.00, 1
9491, 38154, 10, 0, 39952, 48201, 10047, 10037, 1004.70, 1
9492, 38163, 6, 0, 39960, 46359, 8196, 8190, 1366.00, 1
9493, 38164, 3, 0, 39962, 43399, 5235, 5232, 1745.00, 1
9494, 38174, 2, 0, 39971, 41877, 3703, 3701, 1851.50, 1
9495, 38178, 16, 0, 39976, 49189, 11011, 10995, 688.19, 1
9496, 38179, 2, 0, 39978, 41888, 3709, 3707, 1854.50, 1
9497, 38184, 6, 0, 39982, 46369, 8185, 8179, 1364.17, 1
9498, 38194, 5, 0, 39991, 45604, 7410, 7405, 1482.00, 1
9499, 38197, 1, 0, 39995, 39995, 1798, 1797, 1798.00, 1
9500, 38202, 3, 0, 40000, 43432, 5230, 5227, 1743.33, 1
9501, 38209, 1, 0, 40006, 40006, 1797, 1796, 1797.00, 1
9502, 38213, 2, 0, 40009, 41926, 3713, 3711, 1856.50, 1
9503, 38215, 4, 0, 40012, 44658, 6443, 6439, 1610.75, 1
9504, 38221, 1, 0, 40018, 40018, 1797, 1796, 1797.00, 1
9505, 38222, 4, 0, 40020, 44663, 6441, 6437, 1610.25, 1
9506, 38229, 3, 0, 40027, 43460, 5231, 5228, 1743.67, 1
9507, 38231, 25, 0, 40030, 49474, 11243, 11218, 449.72, 1
9508, 38243, 2, 0, 40039, 41963, 3720, 3718, 1860.00, 1
9509, 38247, 2, 0, 40043, 41968, 3721, 3719, 1860.50, 1
9510, 38248, 11, 0, 40045, 48471, 10223, 10212, 929.36, 1
9511, 38249, 1, 0, 40047, 40047, 1798, 1797, 1798.00, 1
9512, 38251, 5, 0, 40050, 45635, 7384, 7379, 1476.80, 1
9513, 38254, 9, 0, 40052, 47906, 9652, 9643, 1072.44, 1
9514, 38255, 1, 0, 40054, 40054, 1799, 1798, 1799.00, 1
9515, 38257, 4, 0, 40057, 44690, 6433, 6429, 1608.25, 1
9516, 38267, 2, 0, 40066, 41989, 3722, 3720, 1861.00, 1
9517, 38271, 6, 0, 40070, 46403, 8132, 8126, 1355.33, 1
9518, 38279, 13, 0, 40078, 48862, 10583, 10570, 814.08, 1
9519, 38286, 1, 0, 40085, 40085, 1799, 1798, 1799.00, 1
9520, 38287, 2, 0, 40087, 42011, 3724, 3722, 1862.00, 1
9521, 38293, 36, 0, 40092, 49522, 11229, 11193, 311.92, 1
9522, 38294, 5, 0, 40094, 45660, 7366, 7361, 1473.20, 1
9523, 38295, 5, 0, 40096, 45662, 7367, 7362, 1473.40, 1
9524, 38296, 4, 0, 40098, 44719, 6423, 6419, 1605.75, 1
9525, 38304, 4, 0, 40106, 44725, 6421, 6417, 1605.25, 1
9526, 38306, 6, 0, 40109, 46421, 8115, 8109, 1352.50, 1
9527, 38308, 12, 0, 40112, 48698, 10390, 10378, 865.83, 1
9528, 38309, 2, 0, 40113, 42042, 3733, 3731, 1866.50, 1
9529, 38327, 3, 0, 40125, 43543, 5216, 5213, 1738.67, 1
9530, 38336, 2, 0, 40133, 42065, 3729, 3727, 1864.50, 1
9531, 38338, 10, 0, 40136, 48231, 9893, 9883, 989.30, 1
9532, 38339, 17, 0, 40138, 49261, 10922, 10905, 642.47, 1
9533, 38345, 1, 0, 40144, 40144, 1799, 1798, 1799.00, 1
9534, 38346, 4, 0, 40146, 44751, 6405, 6401, 1601.25, 1
9535, 38359, 2, 0, 40159, 42093, 3734, 3732, 1867.00, 1
9536, 38367, 2, 0, 40168, 42100, 3733, 3731, 1866.50, 1
9537, 38377, 1, 0, 40178, 40178, 1801, 1800, 1801.00, 1
9538, 38379, 3, 0, 40181, 43585, 5206, 5203, 1735.33, 1
9539, 38381, 4, 0, 40183, 44771, 6390, 6386, 1597.50, 1
9540, 38385, 2, 0, 40187, 42115, 3730, 3728, 1865.00, 1
9541, 38388, 14, 0, 40189, 49016, 10628, 10614, 759.14, 1
9542, 38389, 7, 0, 40191, 47052, 8663, 8656, 1237.57, 1
9543, 38390, 3, 0, 40192, 43593, 5203, 5200, 1734.33, 1
9544, 38393, 1, 0, 40196, 40196, 1803, 1802, 1803.00, 1
9545, 38397, 1, 0, 40200, 40200, 1803, 1802, 1803.00, 1
9546, 38399, 5, 0, 40202, 45712, 7313, 7308, 1462.60, 1
9547, 38400, 1, 0, 40203, 40203, 1803, 1802, 1803.00, 1
9548, 38403, 1, 0, 40207, 40207, 1804, 1803, 1804.00, 1
9549, 38404, 1, 0, 40209, 40209, 1805, 1804, 1805.00, 1
9550, 38407, 5, 0, 40211, 45717, 7310, 7305, 1462.00, 1
9551, 38409, 11, 0, 40214, 48498, 10089, 10078, 917.18, 1
9552, 38416, 2, 0, 40220, 42138, 3722, 3720, 1861.00, 1
9553, 38417, 12, 0, 40222, 48713, 10296, 10284, 858.00, 1
9554, 38418, 5, 0, 40224, 45725, 7307, 7302, 1461.40, 1
9555, 38424, 3, 0, 40229, 43615, 5191, 5188, 1730.33, 1
9556, 38425, 1, 0, 40231, 40231, 1806, 1805, 1806.00, 1
9557, 38426, 4, 0, 40233, 44796, 6370, 6366, 1592.50, 1
9558, 38433, 8, 0, 40240, 47556, 9123, 9115, 1140.38, 1
9559, 38438, 5, 0, 40244, 45734, 7296, 7291, 1459.20, 1
9560, 38443, 1, 0, 40249, 40249, 1806, 1805, 1806.00, 1
9561, 38447, 11, 0, 40253, 48506, 10059, 10048, 914.45, 1
9562, 38449, 8, 0, 40256, 47562, 9113, 9105, 1139.12, 1
9563, 38452, 2, 0, 40260, 42169, 3717, 3715, 1858.50, 1
9564, 38453, 6, 0, 40262, 46480, 8027, 8021, 1337.83, 1
9565, 38454, 5, 0, 40264, 45744, 7290, 7285, 1458.00, 1
9566, 38455, 4, 0, 40266, 44818, 6363, 6359, 1590.75, 1
9567, 38462, 1, 0, 40274, 40274, 1812, 1811, 1812.00, 1
9568, 38465, 1, 0, 40276, 40276, 1811, 1810, 1811.00, 1
9569, 38472, 1, 0, 40284, 40284, 1812, 1811, 1812.00, 1
9570, 38473, 1, 0, 40286, 40286, 1813, 1812, 1813.00, 1
9571, 38475, 2, 0, 40289, 42189, 3714, 3712, 1857.00, 1
9572, 38477, 1, 0, 40292, 40292, 1815, 1814, 1815.00, 1
9573, 38479, 3, 0, 40293, 43653, 5174, 5171, 1724.67, 1
9574, 38480, 4, 0, 40294, 44827, 6347, 6343, 1586.75, 1
9575, 38481, 3, 0, 40296, 43656, 5175, 5172, 1725.00, 1
9576, 38482, 3, 0, 40298, 43658, 5176, 5173, 1725.33, 1
9577, 38484, 3, 0, 40300, 43659, 5175, 5172, 1725.00, 1
9578, 38488, 2, 0, 40302, 42201, 3713, 3711, 1856.50, 1
9579, 38489, 5, 0, 40304, 45755, 7266, 7261, 1453.20, 1
9580, 38490, 2, 0, 40306, 42204, 3714, 3712, 1857.00, 1
9581, 38491, 3, 0, 40308, 43663, 5172, 5169, 1724.00, 1
9582, 38497, 4, 0, 40314, 44834, 6337, 6333, 1584.25, 1
9583, 38499, 6, 0, 40315, 46490, 7991, 7985, 1331.83, 1
9584, 38502, 3, 0, 40319, 43672, 5170, 5167, 1723.33, 1
9585, 38505, 8, 0, 40322, 47569, 9064, 9056, 1133.00, 1
9586, 38508, 1, 0, 40325, 40325, 1817, 1816, 1817.00, 1
9587, 38511, 11, 0, 40329, 48512, 10001, 9990, 909.18, 1
9588, 38512, 6, 0, 40331, 46497, 7985, 7979, 1330.83, 1
9589, 38522, 4, 0, 40341, 44846, 6324, 6320, 1581.00, 1
9590, 38527, 5, 0, 40345, 45769, 7242, 7237, 1448.40, 1
9591, 38533, 7, 0, 40350, 47084, 8551, 8544, 1221.57, 1
9592, 38537, 8, 0, 40354, 47572, 9035, 9027, 1129.38, 1
9593, 38538, 2, 0, 40356, 42249, 3711, 3709, 1855.50, 1
9594, 38539, 10, 0, 40358, 48265, 9726, 9716, 972.60, 1
9595, 38541, 9, 0, 40361, 47966, 9425, 9416, 1047.22, 1
9596, 38547, 1, 0, 40366, 40366, 1819, 1818, 1819.00, 1
9597, 38551, 7, 0, 40371, 47092, 8541, 8534, 1220.14, 1
9598, 38560, 32, 0, 40380, 49515, 10955, 10923, 342.34, 1
9599, 38564, 2, 0, 40384, 42272, 3708, 3706, 1854.00, 1
9600, 38580, 4, 0, 40398, 44876, 6296, 6292, 1574.00, 1
9601, 38582, 2, 0, 40401, 42284, 3702, 3700, 1851.00, 1
9602, 38584, 3, 0, 40404, 43731, 5147, 5144, 1715.67, 1
9603, 38588, 1, 0, 40409, 40409, 1821, 1820, 1821.00, 1
9604, 38595, 1, 0, 40414, 40414, 1819, 1818, 1819.00, 1
9605, 38599, 3, 0, 40417, 43740, 5141, 5138, 1713.67, 1
9606, 38602, 1, 0, 40421, 40421, 1819, 1818, 1819.00, 1
9607, 38604, 8, 0, 40424, 47587, 8983, 8975, 1122.88, 1
9608, 38610, 1, 0, 40430, 40430, 1820, 1819, 1820.00, 1
9609, 38611, 7, 0, 40432, 47107, 8496, 8489, 1213.71, 1
9610, 38615, 7, 0, 40437, 47110, 8495, 8488, 1213.57, 1
9611, 38616, 1, 0, 40439, 40439, 1823, 1822, 1823.00, 1
9612, 38617, 3, 0, 40441, 43756, 5139, 5136, 1713.00, 1
9613, 38619, 2, 0, 40444, 42316, 3697, 3695, 1848.50, 1
9614, 38631, 7, 0, 40453, 47112, 8481, 8474, 1211.57, 1
9615, 38632, 3, 0, 40454, 43763, 5131, 5128, 1710.33, 1
9616, 38633, 1, 0, 40456, 40456, 1823, 1822, 1823.00, 1
9617, 38635, 5, 0, 40459, 45813, 7178, 7173, 1435.60, 1
9618, 38650, 3, 0, 40471, 43774, 5124, 5121, 1708.00, 1
9619, 38657, 2, 0, 40477, 42344, 3687, 3685, 1843.50, 1
9620, 38661, 8, 0, 40481, 47598, 8937, 8929, 1117.12, 1
9621, 38673, 2, 0, 40492, 42354, 3681, 3679, 1840.50, 1
9622, 38680, 1, 0, 40499, 40499, 1819, 1818, 1819.00, 1
9623, 38686, 1, 0, 40504, 40504, 1818, 1817, 1818.00, 1
9624, 38687, 17, 0, 40506, 49272, 10585, 10568, 622.65, 1
9625, 38689, 2, 0, 40509, 42363, 3674, 3672, 1837.00, 1
9626, 38691, 1, 0, 40511, 40511, 1820, 1819, 1820.00, 1
9627, 38693, 9, 0, 40514, 47989, 9296, 9287, 1032.89, 1
9628, 38694, 5, 0, 40516, 45838, 7144, 7139, 1428.80, 1
9629, 38696, 3, 0, 40519, 43801, 5105, 5102, 1701.67, 1
9630, 38698, 2, 0, 40522, 42375, 3677, 3675, 1838.50, 1
9631, 38699, 10, 0, 40524, 48290, 9591, 9581, 959.10, 1
9632, 38701, 1, 0, 40526, 40526, 1825, 1824, 1825.00, 1
9633, 38702, 1, 0, 40528, 40528, 1826, 1825, 1826.00, 1
9634, 38703, 2, 0, 40530, 42381, 3678, 3676, 1839.00, 1
9635, 38706, 2, 0, 40534, 42384, 3678, 3676, 1839.00, 1
9636, 38714, 5, 0, 40543, 45849, 7135, 7130, 1427.00, 1
9637, 38715, 4, 0, 40545, 44946, 6231, 6227, 1557.75, 1
9638, 38718, 3, 0, 40549, 43820, 5102, 5099, 1700.67, 1
9639, 38722, 1, 0, 40553, 40553, 1831, 1830, 1831.00, 1
9640, 38731, 1, 0, 40563, 40563, 1832, 1831, 1832.00, 1
9641, 38737, 1, 0, 40570, 40570, 1833, 1832, 1833.00, 1
9642, 38738, 2, 0, 40572, 42412, 3674, 3672, 1837.00, 1
9643, 38744, 13, 0, 40578, 48908, 10164, 10151, 781.85, 1
9644, 38746, 3, 0, 40579, 43837, 5091, 5088, 1697.00, 1
9645, 38747, 5, 0, 40581, 45860, 7113, 7108, 1422.60, 1
9646, 38748, 1, 0, 40583, 40583, 1835, 1834, 1835.00, 1
9647, 38751, 3, 0, 40587, 43843, 5092, 5089, 1697.33, 1
9648, 38753, 5, 0, 40589, 45863, 7110, 7105, 1422.00, 1
9649, 38759, 4, 0, 40594, 44967, 6208, 6204, 1552.00, 1
9650, 38762, 17, 0, 40597, 49273, 10511, 10494, 618.29, 1
9651, 38766, 2, 0, 40601, 42435, 3669, 3667, 1834.50, 1
9652, 38767, 3, 0, 40603, 43852, 5085, 5082, 1695.00, 1
9653, 38773, 5, 0, 40610, 45873, 7100, 7095, 1420.00, 1
9654, 38775, 2, 0, 40612, 42444, 3669, 3667, 1834.50, 1
9655, 38791, 4, 0, 40627, 44981, 6190, 6186, 1547.50, 1
9656, 38794, 4, 0, 40631, 44984, 6190, 6186, 1547.50, 1
9657, 38796, 5, 0, 40634, 45881, 7085, 7080, 1417.00, 1
9658, 38799, 19, 0, 40638, 49367, 10568, 10549, 556.21, 1
9659, 38803, 3, 0, 40643, 43878, 5075, 5072, 1691.67, 1
9660, 38809, 1, 0, 40648, 40648, 1839, 1838, 1839.00, 1
9661, 38811, 14, 0, 40651, 49041, 10230, 10216, 730.71, 1
9662, 38818, 5, 0, 40659, 45892, 7074, 7069, 1414.80, 1
9663, 38823, 4, 0, 40665, 45002, 6179, 6175, 1544.75, 1
9664, 38825, 5, 0, 40667, 45895, 7070, 7065, 1414.00, 1
9665, 38826, 3, 0, 40669, 43892, 5066, 5063, 1688.67, 1
9666, 38832, 6, 0, 40675, 46593, 7761, 7755, 1293.50, 1
9667, 38834, 4, 0, 40677, 45008, 6174, 6170, 1543.50, 1
9668, 38836, 29, 0, 40680, 49503, 10667, 10638, 367.83, 1
9669, 38837, 5, 0, 40682, 45901, 7064, 7059, 1412.80, 1
9670, 38838, 19, 0, 40684, 49369, 10531, 10512, 554.26, 1
9671, 38842, 6, 0, 40688, 46596, 7754, 7748, 1292.33, 1
9672, 38849, 2, 0, 40695, 42511, 3662, 3660, 1831.00, 1
9673, 38855, 4, 0, 40699, 45020, 6165, 6161, 1541.25, 1
9674, 38857, 1, 0, 40701, 40701, 1844, 1843, 1844.00, 1
9675, 38871, 10, 0, 40712, 48310, 9439, 9429, 943.90, 1
9676, 38873, 1, 0, 40715, 40715, 1842, 1841, 1842.00, 1
9677, 38882, 1, 0, 40724, 40724, 1842, 1841, 1842.00, 1
9678, 38883, 6, 0, 40726, 46604, 7721, 7715, 1286.83, 1
9679, 38890, 1, 0, 40733, 40733, 1843, 1842, 1843.00, 1
9680, 38891, 2, 0, 40734, 42540, 3649, 3647, 1824.50, 1
9681, 38893, 2, 0, 40737, 42543, 3650, 3648, 1825.00, 1
9682, 38894, 3, 0, 40739, 43937, 5043, 5040, 1681.00, 1
9683, 38898, 6, 0, 40743, 46608, 7710, 7704, 1285.00, 1
9684, 38904, 2, 0, 40749, 42552, 3648, 3646, 1824.00, 1
9685, 38905, 3, 0, 40750, 43944, 5039, 5036, 1679.67, 1
9686, 38914, 4, 0, 40758, 45050, 6136, 6132, 1534.00, 1
9687, 38915, 11, 0, 40760, 48557, 9642, 9631, 876.55, 1
9688, 38919, 3, 0, 40764, 43954, 5035, 5032, 1678.33, 1
9689, 38920, 13, 0, 40765, 48920, 10000, 9987, 769.23, 1
9690, 38921, 2, 0, 40767, 42567, 3646, 3644, 1823.00, 1
9691, 38927, 8, 0, 40774, 47649, 8722, 8714, 1090.25, 1
9692, 38931, 11, 0, 40779, 48559, 9628, 9617, 875.27, 1
9693, 38932, 3, 0, 40781, 43967, 5035, 5032, 1678.33, 1
9694, 38933, 2, 0, 40783, 42581, 3648, 3646, 1824.00, 1
9695, 38943, 4, 0, 40792, 45068, 6125, 6121, 1531.25, 1
9696, 38945, 14, 0, 40795, 49047, 10102, 10088, 721.57, 1
9697, 38950, 11, 0, 40800, 48565, 9615, 9604, 874.09, 1
9698, 38959, 7, 0, 40809, 47198, 8239, 8232, 1177.00, 1
9699, 38960, 14, 0, 40811, 49049, 10089, 10075, 720.64, 1
9700, 38961, 7, 0, 40813, 47201, 8240, 8233, 1177.14, 1
9701, 38962, 4, 0, 40815, 45082, 6120, 6116, 1530.00, 1
9702, 38974, 6, 0, 40825, 46643, 7669, 7663, 1278.17, 1
9703, 38982, 1, 0, 40833, 40833, 1851, 1850, 1851.00, 1
9704, 38984, 1, 0, 40836, 40836, 1852, 1851, 1852.00, 1
9705, 38985, 5, 0, 40838, 45966, 6981, 6976, 1396.20, 1
9706, 38989, 14, 0, 40843, 49052, 10063, 10049, 718.79, 1
9707, 38990, 18, 0, 40844, 49330, 10340, 10322, 574.44, 1
9708, 38994, 3, 0, 40848, 44009, 5015, 5012, 1671.67, 1
9709, 38995, 4, 0, 40850, 45101, 6106, 6102, 1526.50, 1
9710, 39001, 1, 0, 40857, 40857, 1856, 1855, 1856.00, 1
9711, 39004, 10, 0, 40860, 48332, 9328, 9318, 932.80, 1
9712, 39008, 8, 0, 40865, 47678, 8670, 8662, 1083.75, 1
9713, 39011, 1, 0, 40867, 40867, 1856, 1855, 1856.00, 1
9714, 39013, 1, 0, 40870, 40870, 1857, 1856, 1857.00, 1
9715, 39014, 8, 0, 40872, 47681, 8667, 8659, 1083.38, 1
9716, 39016, 10, 0, 40875, 48337, 9321, 9311, 932.10, 1
9717, 39017, 2, 0, 40877, 42654, 3637, 3635, 1818.50, 1
9718, 39019, 2, 0, 40878, 42655, 3636, 3634, 1818.00, 1
9719, 39021, 2, 0, 40881, 42657, 3636, 3634, 1818.00, 1
9720, 39031, 1, 0, 40889, 40889, 1858, 1857, 1858.00, 1
9721, 39033, 3, 0, 40892, 44036, 5003, 5000, 1667.67, 1
9722, 39035, 4, 0, 40895, 45124, 6089, 6085, 1522.25, 1
9723, 39038, 5, 0, 40899, 45994, 6956, 6951, 1391.20, 1
9724, 39042, 8, 0, 40904, 47686, 8644, 8636, 1080.50, 1
9725, 39050, 17, 0, 40912, 49283, 10233, 10216, 601.94, 1
9726, 39053, 4, 0, 40916, 45137, 6084, 6080, 1521.00, 1
9727, 39059, 10, 0, 40922, 48344, 9285, 9275, 928.50, 1
9728, 39060, 7, 0, 40924, 47237, 8177, 8170, 1168.14, 1
9729, 39065, 17, 0, 40926, 49284, 10219, 10202, 601.12, 1
9730, 39075, 3, 0, 40936, 44068, 4993, 4990, 1664.33, 1
9731, 39077, 4, 0, 40938, 45151, 6074, 6070, 1518.50, 1
9732, 39079, 9, 0, 40940, 48057, 8978, 8969, 997.56, 1
9733, 39082, 2, 0, 40944, 42709, 3627, 3625, 1813.50, 1
9734, 39083, 1, 0, 40945, 40945, 1862, 1861, 1862.00, 1
9735, 39091, 3, 0, 40952, 44077, 4986, 4983, 1662.00, 1
9736, 39092, 2, 0, 40954, 42715, 3623, 3621, 1811.50, 1
9737, 39095, 1, 0, 40958, 40958, 1863, 1862, 1863.00, 1
9738, 39099, 2, 0, 40962, 42721, 3622, 3620, 1811.00, 1
9739, 39100, 5, 0, 40963, 46020, 6920, 6915, 1384.00, 1
9740, 39103, 5, 0, 40967, 46023, 6920, 6915, 1384.00, 1
9741, 39109, 3, 0, 40973, 44090, 4981, 4978, 1660.33, 1
9742, 39113, 3, 0, 40978, 44093, 4980, 4977, 1660.00, 1
9743, 39114, 1, 0, 40979, 40979, 1865, 1864, 1865.00, 1
9744, 39116, 2, 0, 40982, 42738, 3622, 3620, 1811.00, 1
9745, 39119, 10, 0, 40986, 48354, 9235, 9225, 923.50, 1
9746, 39121, 1, 0, 40988, 40988, 1867, 1866, 1867.00, 1
9747, 39126, 2, 0, 40993, 42746, 3620, 3618, 1810.00, 1
9748, 39128, 3, 0, 40996, 44103, 4975, 4972, 1658.33, 1
9749, 39131, 6, 0, 41000, 46704, 7573, 7567, 1262.17, 1
9750, 39133, 2, 0, 41003, 42755, 3622, 3620, 1811.00, 1
9751, 39135, 6, 0, 41006, 46707, 7572, 7566, 1262.00, 1
9752, 39138, 1, 0, 41009, 41009, 1871, 1870, 1871.00, 1
9753, 39140, 8, 0, 41012, 47714, 8574, 8566, 1071.75, 1
9754, 39147, 4, 0, 41019, 45187, 6040, 6036, 1510.00, 1
9755, 39148, 3, 0, 41021, 44118, 4970, 4967, 1656.67, 1
9756, 39153, 5, 0, 41026, 46044, 6891, 6886, 1378.20, 1
9757, 39154, 6, 0, 41028, 46712, 7558, 7552, 1259.67, 1
9758, 39162, 1, 0, 41036, 41036, 1874, 1873, 1874.00, 1
9759, 39164, 2, 0, 41039, 42781, 3617, 3615, 1808.50, 1
9760, 39167, 1, 0, 41042, 41042, 1875, 1874, 1875.00, 1
9761, 39168, 5, 0, 41044, 46050, 6882, 6877, 1376.40, 1
9762, 39171, 2, 0, 41048, 42788, 3617, 3615, 1808.50, 1
9763, 39172, 5, 0, 41050, 46054, 6882, 6877, 1376.40, 1
9764, 39173, 1, 0, 41052, 41052, 1879, 1878, 1879.00, 1
9765, 39176, 11, 0, 41055, 48597, 9421, 9410, 856.45, 1
9766, 39184, 5, 0, 41061, 46061, 6877, 6872, 1375.40, 1
9767, 39188, 11, 0, 41065, 48600, 9412, 9401, 855.64, 1
9768, 39193, 1, 0, 41071, 41071, 1878, 1877, 1878.00, 1
9769, 39202, 4, 0, 41079, 45215, 6013, 6009, 1503.25, 1
9770, 39203, 4, 0, 41081, 45216, 6013, 6009, 1503.25, 1
9771, 39205, 1, 0, 41083, 41083, 1878, 1877, 1878.00, 1
9772, 39207, 13, 0, 41086, 48946, 9739, 9726, 749.15, 1
9773, 39209, 5, 0, 41089, 46070, 6861, 6856, 1372.20, 1
9774, 39210, 10, 0, 41091, 48365, 9155, 9145, 915.50, 1
9775, 39214, 4, 0, 41095, 45223, 6009, 6005, 1502.25, 1
9776, 39215, 6, 0, 41097, 46730, 7515, 7509, 1252.50, 1
9777, 39216, 2, 0, 41098, 42827, 3611, 3609, 1805.50, 1
9778, 39224, 8, 0, 41105, 47730, 8506, 8498, 1063.25, 1
9779, 39228, 1, 0, 41110, 41110, 1882, 1881, 1882.00, 1
9780, 39233, 7, 0, 41116, 47283, 8050, 8043, 1150.00, 1
9781, 39236, 1, 0, 41119, 41119, 1883, 1882, 1883.00, 1
9782, 39237, 7, 0, 41120, 47284, 8047, 8040, 1149.57, 1
9783, 39246, 2, 0, 41130, 42850, 3604, 3602, 1802.00, 1
9784, 39248, 7, 0, 41133, 47288, 8040, 8033, 1148.57, 1
9785, 39257, 3, 0, 41142, 44186, 4929, 4926, 1643.00, 1
9786, 39259, 2, 0, 41145, 42858, 3599, 3597, 1799.50, 1
9787, 39264, 18, 0, 41150, 49334, 10070, 10052, 559.44, 1
9788, 39266, 5, 0, 41152, 46092, 6826, 6821, 1365.20, 1
9789, 39269, 1, 0, 41155, 41155, 1886, 1885, 1886.00, 1
9790, 39270, 2, 0, 41157, 42869, 3599, 3597, 1799.50, 1
9791, 39271, 4, 0, 41158, 45249, 5978, 5974, 1494.50, 1
9792, 39288, 1, 0, 41173, 41173, 1885, 1884, 1885.00, 1
9793, 39291, 8, 0, 41176, 47739, 8448, 8440, 1056.00, 1
9794, 39299, 1, 0, 41185, 41185, 1886, 1885, 1886.00, 1
9795, 39301, 3, 0, 41188, 44215, 4914, 4911, 1638.00, 1
9796, 39303, 5, 0, 41190, 46105, 6802, 6797, 1360.40, 1
9797, 39304, 2, 0, 41191, 42894, 3590, 3588, 1795.00, 1
9798, 39308, 2, 0, 41196, 42898, 3590, 3588, 1795.00, 1
9799, 39309, 1, 0, 41198, 41198, 1889, 1888, 1889.00, 1
9800, 39311, 1, 0, 41201, 41201, 1890, 1889, 1890.00, 1
9801, 39315, 1, 0, 41205, 41205, 1890, 1889, 1890.00, 1
9802, 39320, 9, 0, 41210, 48090, 8770, 8761, 974.44, 1
9803, 39326, 5, 0, 41215, 46113, 6787, 6782, 1357.40, 1
9804, 39332, 23, 0, 41219, 49457, 10125, 10102, 440.22, 1
9805, 39335, 6, 0, 41223, 46768, 7433, 7427, 1238.83, 1
9806, 39345, 1, 0, 41232, 41232, 1887, 1886, 1887.00, 1
9807, 39350, 9, 0, 41238, 48097, 8747, 8738, 971.89, 1
9808, 39355, 1, 0, 41243, 41243, 1888, 1887, 1888.00, 1
9809, 39357, 9, 0, 41245, 48099, 8742, 8733, 971.33, 1
9810, 39360, 5, 0, 41249, 46129, 6769, 6764, 1353.80, 1
9811, 39368, 9, 0, 41257, 48104, 8736, 8727, 970.67, 1
9812, 39369, 7, 0, 41259, 47324, 7955, 7948, 1136.43, 1
9813, 39376, 1, 0, 41267, 41267, 1891, 1890, 1891.00, 1
9814, 39381, 1, 0, 41272, 41272, 1891, 1890, 1891.00, 1
9815, 39383, 6, 0, 41275, 46787, 7404, 7398, 1234.00, 1
9816, 39386, 1, 0, 41279, 41279, 1893, 1892, 1893.00, 1
9817, 39395, 2, 0, 41287, 42961, 3566, 3564, 1783.00, 1
9818, 39396, 1, 0, 41288, 41288, 1892, 1891, 1892.00, 1
9819, 39401, 1, 0, 41293, 41293, 1892, 1891, 1892.00, 1
9820, 39406, 12, 0, 41297, 48802, 9396, 9384, 783.00, 1
9821, 39408, 11, 0, 41300, 48616, 9208, 9197, 837.09, 1
9822, 39409, 1, 0, 41301, 41301, 1892, 1891, 1892.00, 1
9823, 39415, 2, 0, 41307, 42972, 3557, 3555, 1778.50, 1
9824, 39417, 18, 0, 41309, 49336, 9919, 9901, 551.06, 1
9825, 39419, 1, 0, 41312, 41312, 1893, 1892, 1893.00, 1
9826, 39420, 15, 0, 41314, 49159, 9739, 9724, 649.27, 1
9827, 39422, 15, 0, 41317, 49160, 9738, 9723, 649.20, 1
9828, 39423, 1, 0, 41319, 41319, 1896, 1895, 1896.00, 1
9829, 39428, 3, 0, 41322, 44284, 4856, 4853, 1618.67, 1
9830, 39433, 5, 0, 41327, 46154, 6721, 6716, 1344.20, 1
9831, 39438, 2, 0, 41331, 42988, 3550, 3548, 1775.00, 1
9832, 39442, 7, 0, 41335, 47341, 7899, 7892, 1128.43, 1
9833, 39443, 2, 0, 41336, 42991, 3548, 3546, 1774.00, 1
9834, 39444, 3, 0, 41338, 44292, 4848, 4845, 1616.00, 1
9835, 39449, 1, 0, 41344, 41344, 1895, 1894, 1895.00, 1
9836, 39455, 4, 0, 41350, 45334, 5879, 5875, 1469.75, 1
9837, 39468, 1, 0, 41359, 41359, 1891, 1890, 1891.00, 1
9838, 39470, 8, 0, 41362, 47779, 8309, 8301, 1038.62, 1
9839, 39471, 15, 0, 41364, 49161, 9690, 9675, 646.00, 1
9840, 39472, 4, 0, 41366, 45343, 5871, 5867, 1467.75, 1
9841, 39478, 1, 0, 41372, 41372, 1894, 1893, 1894.00, 1
9842, 39484, 4, 0, 41379, 45349, 5865, 5861, 1466.25, 1
9843, 39488, 4, 0, 41384, 45352, 5864, 5860, 1466.00, 1
9844, 39491, 7, 0, 41388, 47353, 7862, 7855, 1123.14, 1
9845, 39494, 5, 0, 41392, 46174, 6680, 6675, 1336.00, 1
9846, 39495, 1, 0, 41393, 41393, 1898, 1897, 1898.00, 1
9847, 39497, 3, 0, 41396, 44326, 4829, 4826, 1609.67, 1
9848, 39501, 3, 0, 41401, 44329, 4828, 4825, 1609.33, 1
9849, 39503, 4, 0, 41404, 45358, 5855, 5851, 1463.75, 1
9850, 39515, 1, 0, 41414, 41414, 1899, 1898, 1899.00, 1
9851, 39521, 7, 0, 41417, 47357, 7836, 7829, 1119.43, 1
9852, 39530, 1, 0, 41426, 41426, 1896, 1895, 1896.00, 1
9853, 39536, 3, 0, 41431, 44344, 4808, 4805, 1602.67, 1
9854, 39537, 9, 0, 41432, 48122, 8585, 8576, 953.89, 1
9855, 39553, 2, 0, 41444, 43066, 3513, 3511, 1756.50, 1
9856, 39556, 3, 0, 41446, 44353, 4797, 4794, 1599.00, 1
9857, 39560, 8, 0, 41451, 47794, 8234, 8226, 1029.25, 1
9858, 39561, 5, 0, 41453, 46188, 6627, 6622, 1325.40, 1
9859, 39572, 1, 0, 41463, 41463, 1891, 1890, 1891.00, 1
9860, 39573, 3, 0, 41464, 44366, 4793, 4790, 1597.67, 1
9861, 39577, 6, 0, 41469, 46835, 7258, 7252, 1209.67, 1
9862, 39578, 12, 0, 41471, 48814, 9236, 9224, 769.67, 1
9863, 39580, 2, 0, 41474, 43092, 3512, 3510, 1756.00, 1
9864, 39583, 2, 0, 41478, 43096, 3513, 3511, 1756.50, 1
9865, 39584, 20, 0, 41480, 49402, 9818, 9798, 490.90, 1
9866, 39590, 4, 0, 41486, 45394, 5804, 5800, 1451.00, 1
9867, 39608, 1, 0, 41502, 41502, 1894, 1893, 1894.00, 1
9868, 39611, 2, 0, 41506, 43116, 3505, 3503, 1752.50, 1
9869, 39616, 3, 0, 41512, 44397, 4781, 4778, 1593.67, 1
9870, 39618, 2, 0, 41515, 43124, 3506, 3504, 1753.00, 1
9871, 39619, 9, 0, 41517, 48135, 8516, 8507, 946.22, 1
9872, 39637, 9, 0, 41531, 48138, 8501, 8492, 944.56, 1
9873, 39638, 2, 0, 41532, 43138, 3500, 3498, 1750.00, 1
9874, 39642, 11, 0, 41536, 48638, 8996, 8985, 817.82, 1
9875, 39648, 2, 0, 41543, 43145, 3497, 3495, 1748.50, 1
9876, 39653, 5, 0, 41549, 46223, 6570, 6565, 1314.00, 1
9877, 39655, 8, 0, 41552, 47813, 8158, 8150, 1019.75, 1
9878, 39659, 5, 0, 41556, 46229, 6570, 6565, 1314.00, 1
9879, 39660, 8, 0, 41558, 47816, 8156, 8148, 1019.50, 1
9880, 39664, 3, 0, 41562, 44429, 4765, 4762, 1588.33, 1
9881, 39671, 3, 0, 41569, 44433, 4762, 4759, 1587.33, 1
9882, 39678, 1, 0, 41577, 41577, 1899, 1898, 1899.00, 1
9883, 39693, 2, 0, 41591, 43183, 3490, 3488, 1745.00, 1
9884, 39694, 1, 0, 41593, 41593, 1899, 1898, 1899.00, 1
9885, 39695, 1, 0, 41595, 41595, 1900, 1899, 1900.00, 1
9886, 39699, 2, 0, 41599, 43189, 3490, 3488, 1745.00, 1
9887, 39709, 19, 0, 41609, 49379, 9670, 9651, 508.95, 1
9888, 39711, 9, 0, 41612, 48152, 8441, 8432, 937.89, 1
9889, 39723, 4, 0, 41621, 45461, 5738, 5734, 1434.50, 1
9890, 39725, 1, 0, 41624, 41624, 1899, 1898, 1899.00, 1
9891, 39728, 1, 0, 41627, 41627, 1899, 1898, 1899.00, 1
9892, 39732, 7, 0, 41630, 47408, 7676, 7669, 1096.57, 1
9893, 39733, 7, 0, 41632, 47410, 7677, 7670, 1096.71, 1
9894, 39734, 1, 0, 41634, 41634, 1900, 1899, 1900.00, 1
9895, 39750, 3, 0, 41650, 44489, 4739, 4736, 1579.67, 1
9896, 39753, 5, 0, 41654, 46272, 6519, 6514, 1303.80, 1
9897, 39754, 3, 0, 41655, 44493, 4739, 4736, 1579.67, 1
9898, 39755, 1, 0, 41657, 41657, 1902, 1901, 1902.00, 1
9899, 39757, 1, 0, 41659, 41659, 1902, 1901, 1902.00, 1
9900, 39763, 6, 0, 41665, 46901, 7138, 7132, 1189.67, 1
9901, 39778, 1, 0, 41678, 41678, 1900, 1899, 1900.00, 1
9902, 39788, 8, 0, 41687, 47844, 8056, 8048, 1007.00, 1
9903, 39790, 19, 0, 41690, 49382, 9592, 9573, 504.84, 1
9904, 39791, 2, 0, 41692, 43264, 3473, 3471, 1736.50, 1
9905, 39796, 4, 0, 41697, 45507, 5711, 5707, 1427.75, 1
9906, 39799, 6, 0, 41701, 46915, 7116, 7110, 1186.00, 1
9907, 39802, 2, 0, 41704, 43275, 3473, 3471, 1736.50, 1
9908, 39820, 4, 0, 41717, 45518, 5698, 5694, 1424.50, 1
9909, 39822, 3, 0, 41719, 44535, 4713, 4710, 1571.00, 1
9910, 39824, 1, 0, 41720, 41720, 1896, 1895, 1896.00, 1
9911, 39830, 4, 0, 41727, 45521, 5691, 5687, 1422.75, 1
9912, 39834, 19, 0, 41732, 49384, 9550, 9531, 502.63, 1
9913, 39836, 15, 0, 41735, 49182, 9346, 9331, 623.07, 1
9914, 39837, 1, 0, 41736, 41736, 1899, 1898, 1899.00, 1
9915, 39841, 7, 0, 41740, 47448, 7607, 7600, 1086.71, 1
9916, 39844, 3, 0, 41742, 44551, 4707, 4704, 1569.00, 1
9917, 39852, 4, 0, 41749, 45535, 5683, 5679, 1420.75, 1
9918, 39861, 8, 0, 41758, 47865, 8004, 7996, 1000.50, 1
9919, 39864, 2, 0, 41761, 43318, 3454, 3452, 1727.00, 1
9920, 39865, 1, 0, 41763, 41763, 1898, 1897, 1898.00, 1
9921, 39875, 8, 0, 41771, 47868, 7993, 7985, 999.12, 1
9922, 39877, 1, 0, 41774, 41774, 1897, 1896, 1897.00, 1
9923, 39878, 16, 0, 41775, 49251, 9373, 9357, 585.81, 1
9924, 39885, 2, 0, 41782, 43332, 3447, 3445, 1723.50, 1
9925, 39889, 3, 0, 41786, 44576, 4687, 4684, 1562.33, 1
9926, 39890, 7, 0, 41788, 47462, 7572, 7565, 1081.71, 1
9927, 39893, 2, 0, 41791, 43339, 3446, 3444, 1723.00, 1
9928, 39894, 1, 0, 41793, 41793, 1899, 1898, 1899.00, 1
9929, 39903, 3, 0, 41801, 44586, 4683, 4680, 1561.00, 1
9930, 39905, 1, 0, 41803, 41803, 1898, 1897, 1898.00, 1
9931, 39909, 14, 0, 41807, 49102, 9193, 9179, 656.64, 1
9932, 39914, 2, 0, 41811, 43355, 3441, 3439, 1720.50, 1
9933, 39917, 2, 0, 41815, 43359, 3442, 3440, 1721.00, 1
9934, 39920, 10, 0, 41818, 48450, 8530, 8520, 853.00, 1
9935, 39921, 1, 0, 41820, 41820, 1899, 1898, 1899.00, 1
9936, 39926, 1, 0, 41826, 41826, 1900, 1899, 1900.00, 1
9937, 39927, 4, 0, 41827, 45567, 5640, 5636, 1410.00, 1
9938, 39928, 7, 0, 41828, 47474, 7546, 7539, 1078.00, 1
9939, 39931, 11, 0, 41830, 48675, 8744, 8733, 794.91, 1
9940, 39935, 11, 0, 41835, 48677, 8742, 8731, 794.73, 1
9941, 39936, 2, 0, 41837, 43376, 3440, 3438, 1720.00, 1
9942, 39939, 12, 0, 41840, 48854, 8915, 8903, 742.92, 1
9943, 39948, 3, 0, 41849, 44615, 4667, 4664, 1555.67, 1
9944, 39951, 6, 0, 41852, 46971, 7020, 7014, 1170.00, 1
9945, 39952, 11, 0, 41854, 48679, 8727, 8716, 793.36, 1
9946, 39956, 12, 0, 41857, 48855, 8899, 8887, 741.58, 1
9947, 39960, 1, 0, 41862, 41862, 1902, 1901, 1902.00, 1
9948, 39961, 2, 0, 41864, 43397, 3436, 3434, 1718.00, 1
9949, 39962, 6, 0, 41866, 46975, 7013, 7007, 1168.83, 1
9950, 39967, 8, 0, 41872, 47889, 7922, 7914, 990.25, 1
9951, 39972, 7, 0, 41878, 47486, 7514, 7507, 1073.43, 1
9952, 39973, 2, 0, 41880, 43408, 3435, 3433, 1717.50, 1
9953, 39974, 8, 0, 41882, 47890, 7916, 7908, 989.50, 1
9954, 39975, 6, 0, 41884, 46980, 7005, 6999, 1167.50, 1
9955, 39976, 1, 0, 41885, 41885, 1909, 1908, 1909.00, 1
9956, 39980, 10, 0, 41890, 48461, 8481, 8471, 848.10, 1
9957, 39983, 2, 0, 41893, 43418, 3435, 3433, 1717.50, 1
9958, 39988, 4, 0, 41899, 45601, 5613, 5609, 1403.25, 1
9959, 39989, 1, 0, 41901, 41901, 1912, 1911, 1912.00, 1
9960, 39991, 1, 0, 41904, 41904, 1913, 1912, 1913.00, 1
9961, 39992, 6, 0, 41906, 46986, 6994, 6988, 1165.67, 1
9962, 39993, 1, 0, 41908, 41908, 1915, 1914, 1915.00, 1
9963, 39998, 6, 0, 41913, 46987, 6989, 6983, 1164.83, 1
9964, 40004, 4, 0, 41919, 45609, 5605, 5601, 1401.25, 1
9965, 40005, 1, 0, 41921, 41921, 1916, 1915, 1916.00, 1
9966, 40007, 2, 0, 41923, 43439, 3432, 3430, 1716.00, 1
9967, 40010, 12, 0, 41927, 48859, 8849, 8837, 737.42, 1
9968, 40011, 5, 0, 41929, 46382, 6371, 6366, 1274.20, 1
9969, 40014, 1, 0, 41932, 41932, 1918, 1917, 1918.00, 1
9970, 40018, 4, 0, 41936, 45619, 5601, 5597, 1400.25, 1
9971, 40023, 3, 0, 41941, 44666, 4643, 4640, 1547.67, 1
9972, 40029, 3, 0, 41948, 44669, 4640, 4637, 1546.67, 1
9973, 40031, 1, 0, 41951, 41951, 1920, 1919, 1920.00, 1
9974, 40035, 5, 0, 41956, 46391, 6356, 6351, 1271.20, 1
9975, 40036, 10, 0, 41958, 48469, 8433, 8423, 843.30, 1
9976, 40037, 9, 0, 41960, 48214, 8177, 8168, 908.56, 1
9977, 40043, 13, 0, 41967, 49001, 8958, 8945, 689.08, 1
9978, 40050, 2, 0, 41974, 43480, 3430, 3428, 1715.00, 1
9979, 40067, 4, 0, 41990, 45642, 5575, 5571, 1393.75, 1
9980, 40072, 2, 0, 41995, 43498, 3426, 3424, 1713.00, 1
9981, 40080, 1, 0, 42003, 42003, 1923, 1922, 1923.00, 1
9982, 40084, 3, 0, 42008, 44704, 4620, 4617, 1540.00, 1
9983, 40089, 4, 0, 42013, 45653, 5564, 5560, 1391.00, 1
9984, 40093, 8, 0, 42018, 47916, 7823, 7815, 977.88, 1
9985, 40094, 12, 0, 42020, 48869, 8775, 8763, 731.25, 1
9986, 40098, 5, 0, 42025, 46416, 6318, 6313, 1263.60, 1
9987, 40101, 3, 0, 42029, 44721, 4620, 4617, 1540.00, 1
9988, 40104, 7, 0, 42032, 47521, 7417, 7410, 1059.57, 1
9989, 40113, 5, 0, 42041, 46424, 6311, 6306, 1262.20, 1
9990, 40116, 6, 0, 42044, 47027, 6911, 6905, 1151.83, 1
9991, 40117, 4, 0, 42046, 45674, 5557, 5553, 1389.25, 1
9992, 40130, 5, 0, 42059, 46430, 6300, 6295, 1260.00, 1
9993, 40131, 1, 0, 42061, 42061, 1930, 1929, 1930.00, 1
9994, 40133, 8, 0, 42064, 47923, 7790, 7782, 973.75, 1
9995, 40135, 1, 0, 42067, 42067, 1932, 1931, 1932.00, 1
9996, 40140, 1, 0, 42073, 42073, 1933, 1932, 1933.00, 1
9997, 40144, 2, 0, 42078, 43560, 3416, 3414, 1708.00, 1
9998, 40147, 8, 0, 42081, 47928, 7781, 7773, 972.62, 1
9999, 40148, 7, 0, 42083, 47534, 7386, 7379, 1055.14, 1
10000, 40150, 11, 0, 42086, 48702, 8552, 8541, 777.45, 1
