pid, arrival, service, remaining, start, finish, turnaround, wait, normturnaround, complete
1, 0, 9, 0, 1, 6083, 6083, 6074, 675.89, 1
2, 2, 8, 0, 6, 6086, 6084, 6076, 760.50, 1
3, 4, 2, 0, 11, 12, 8, 6, 4.00, 1
4, 4, 4, 0, 13, 16, 12, 8, 3.00, 1
5, 7, 5, 0, 17, 21, 14, 9, 2.80, 1
6, 8, 2, 0, 22, 23, 15, 13, 7.50, 1
7, 10, 4, 0, 24, 27, 17, 13, 4.25, 1
8, 11, 4, 0, 28, 31, 20, 16, 5.00, 1
9, 13, 6, 0, 32, 6087, 6074, 6068, 1012.33, 1
10, 14, 3, 0, 37, 39, 25, 22, 8.33, 1
11, 16, 5, 0, 40, 44, 28, 23, 5.60, 1
12, 17, 7, 0, 45, 6089, 6072, 6065, 867.43, 1
13, 20, 5, 0, 50, 54, 34, 29, 6.80, 1
14, 21, 3, 0, 55, 57, 36, 33, 12.00, 1
15, 22, 3, 0, 58, 60, 38, 35, 12.67, 1
16, 23, 6, 0, 61, 6090, 6067, 6061, 1011.17, 1
17, 25, 7, 0, 66, 6092, 6067, 6060, 866.71, 1
18, 27, 8, 0, 71, 6095, 6068, 6060, 758.50, 1
19, 29, 1, 0, 76, 76, 47, 46, 47.00, 1
20, 32, 5, 0, 77, 81, 49, 44, 9.80, 1
21, 33, 5, 0, 82, 86, 53, 48, 10.60, 1
22, 36, 7, 0, 87, 6097, 6061, 6054, 865.86, 1
23, 38, 8, 0, 92, 6100, 6062, 6054, 757.75, 1
24, 39, 5, 0, 97, 101, 62, 57, 12.40, 1
25, 40, 5, 0, 102, 106, 66, 61, 13.20, 1
26, 42, 3, 0, 107, 109, 67, 64, 22.33, 1
27, 43, 6, 0, 110, 6101, 6058, 6052, 1009.67, 1
28, 44, 2, 0, 115, 116, 72, 70, 36.00, 1
29, 45, 2, 0, 117, 118, 73, 71, 36.50, 1
30, 47, 4, 0, 119, 122, 75, 71, 18.75, 1
31, 48, 5, 0, 123, 127, 79, 74, 15.80, 1
32, 49, 2, 0, 128, 129, 80, 78, 40.00, 1
33, 49, 12, 0, 130, 7440, 7391, 7379, 615.92, 1
34, 50, 5, 0, 135, 139, 89, 84, 17.80, 1
35, 51, 6, 0, 140, 6107, 6056, 6050, 1009.33, 1
36, 52, 3, 0, 145, 147, 95, 92, 31.67, 1
37, 53, 6, 0, 148, 6108, 6055, 6049, 1009.17, 1
38, 54, 13, 0, 153, 7443, 7389, 7376, 568.38, 1
39, 55, 7, 0, 158, 6115, 6060, 6053, 865.71, 1
40, 56, 8, 0, 163, 6118, 6062, 6054, 757.75, 1
41, 57, 4, 0, 168, 171, 114, 110, 28.50, 1
42, 58, 3, 0, 172, 174, 116, 113, 38.67, 1
43, 59, 1, 0, 175, 175, 116, 115, 116.00, 1
44, 60, 3, 0, 176, 178, 118, 115, 39.33, 1
45, 61, 7, 0, 179, 6120, 6059, 6052, 865.57, 1
46, 62, 9, 0, 184, 6124, 6062, 6053, 673.56, 1
47, 63, 6, 0, 189, 6125, 6062, 6056, 1010.33, 1
48, 65, 4, 0, 194, 197, 132, 128, 33.00, 1
49, 67, 14, 0, 198, 7447, 7380, 7366, 527.14, 1
50, 69, 3, 0, 203, 205, 136, 133, 45.33, 1
51, 71, 4, 0, 206, 209, 138, 134, 34.50, 1
52, 73, 14, 0, 210, 7451, 7378, 7364, 527.00, 1
53, 75, 2, 0, 215, 216, 141, 139, 70.50, 1
54, 77, 3, 0, 217, 219, 142, 139, 47.33, 1
55, 79, 5, 0, 220, 224, 145, 140, 29.00, 1
56, 81, 5, 0, 225, 229, 148, 143, 29.60, 1
57, 83, 4, 0, 230, 233, 150, 146, 37.50, 1
58, 85, 3, 0, 234, 236, 151, 148, 50.33, 1
59, 87, 3, 0, 237, 239, 152, 149, 50.67, 1
60, 89, 5, 0, 240, 244, 155, 150, 31.00, 1
61, 91, 6, 0, 245, 6136, 6045, 6039, 1007.50, 1
62, 93, 7, 0, 250, 6138, 6045, 6038, 863.57, 1
63, 95, 4, 0, 255, 258, 163, 159, 40.75, 1
64, 98, 1, 0, 259, 259, 161, 160, 161.00, 1
65, 101, 3, 0, 260, 262, 161, 158, 53.67, 1
66, 104, 4, 0, 263, 266, 162, 158, 40.50, 1
67, 107, 6, 0, 267, 6139, 6032, 6026, 1005.33, 1
68, 110, 9, 0, 272, 6143, 6033, 6024, 670.33, 1
69, 113, 8, 0, 277, 6146, 6033, 6025, 754.12, 1
70, 116, 8, 0, 282, 6149, 6033, 6025, 754.12, 1
71, 119, 7, 0, 287, 6151, 6032, 6025, 861.71, 1
72, 122, 16, 0, 292, 7993, 7871, 7855, 491.94, 1
73, 123, 7, 0, 297, 6158, 6035, 6028, 862.14, 1
74, 125, 5, 0, 302, 306, 181, 176, 36.20, 1
75, 128, 12, 0, 307, 7458, 7330, 7318, 610.83, 1
76, 131, 14, 0, 312, 7462, 7331, 7317, 523.64, 1
77, 134, 15, 0, 317, 7467, 7333, 7318, 488.87, 1
78, 137, 16, 0, 322, 7994, 7857, 7841, 491.06, 1
79, 140, 15, 0, 327, 7477, 7337, 7322, 489.13, 1
80, 143, 3, 0, 332, 334, 191, 188, 63.67, 1
81, 146, 5, 0, 335, 339, 193, 188, 38.60, 1
82, 149, 3, 0, 340, 342, 193, 190, 64.33, 1
83, 152, 6, 0, 343, 6184, 6032, 6026, 1005.33, 1
84, 155, 7, 0, 348, 6186, 6031, 6024, 861.57, 1
85, 158, 5, 0, 353, 357, 199, 194, 39.80, 1
86, 161, 3, 0, 358, 360, 199, 196, 66.33, 1
87, 164, 5, 0, 361, 365, 201, 196, 40.20, 1
88, 167, 1, 0, 366, 366, 199, 198, 199.00, 1
89, 170, 4, 0, 367, 370, 200, 196, 50.00, 1
90, 173, 3, 0, 371, 373, 200, 197, 66.67, 1
91, 176, 3, 0, 374, 376, 200, 197, 66.67, 1
92, 179, 3, 0, 377, 379, 200, 197, 66.67, 1
93, 182, 5, 0, 380, 384, 202, 197, 40.40, 1
94, 185, 7, 0, 385, 6188, 6003, 5996, 857.57, 1
95, 188, 4, 0, 390, 393, 205, 201, 51.25, 1
96, 191, 7, 0, 394, 6190, 5999, 5992, 857.00, 1
97, 194, 8, 0, 399, 6193, 5999, 5991, 749.88, 1
98, 197, 6, 0, 404, 6194, 5997, 5991, 999.50, 1
99, 200, 5, 0, 409, 413, 213, 208, 42.60, 1
100, 203, 3, 0, 414, 416, 213, 210, 71.00, 1
101, 206, 15, 0, 417, 7482, 7276, 7261, 485.07, 1
102, 209, 4, 0, 422, 425, 216, 212, 54.00, 1
103, 212, 5, 0, 426, 430, 218, 213, 43.60, 1
104, 215, 2, 0, 431, 432, 217, 215, 108.50, 1
105, 218, 2, 0, 433, 434, 216, 214, 108.00, 1
106, 221, 1, 0, 435, 435, 214, 213, 214.00, 1
107, 224, 4, 0, 436, 439, 215, 211, 53.75, 1
108, 227, 5, 0, 440, 444, 217, 212, 43.40, 1
109, 230, 4, 0, 445, 448, 218, 214, 54.50, 1
110, 233, 4, 0, 449, 452, 219, 215, 54.75, 1
111, 236, 2, 0, 453, 454, 218, 216, 109.00, 1
112, 239, 16, 0, 455, 7995, 7756, 7740, 484.75, 1
113, 242, 2, 0, 460, 461, 219, 217, 109.50, 1
114, 245, 4, 0, 462, 465, 220, 216, 55.00, 1
115, 248, 5, 0, 466, 470, 222, 217, 44.40, 1
116, 251, 2, 0, 471, 472, 221, 219, 110.50, 1
117, 254, 3, 0, 473, 475, 221, 218, 73.67, 1
118, 257, 5, 0, 476, 480, 223, 218, 44.60, 1
119, 260, 4, 0, 481, 484, 224, 220, 56.00, 1
120, 263, 3, 0, 485, 487, 224, 221, 74.67, 1
121, 266, 5, 0, 488, 492, 226, 221, 45.20, 1
122, 269, 4, 0, 493, 496, 227, 223, 56.75, 1
123, 272, 4, 0, 497, 500, 228, 224, 57.00, 1
124, 275, 3, 0, 501, 503, 228, 225, 76.00, 1
125, 278, 5, 0, 504, 508, 230, 225, 46.00, 1
126, 281, 4, 0, 509, 512, 231, 227, 57.75, 1
127, 284, 3, 0, 513, 515, 231, 228, 77.00, 1
128, 287, 5, 0, 516, 520, 233, 228, 46.60, 1
129, 290, 4, 0, 521, 524, 234, 230, 58.50, 1
130, 293, 3, 0, 525, 527, 234, 231, 78.00, 1
131, 296, 5, 0, 528, 532, 236, 231, 47.20, 1
132, 299, 4, 0, 533, 536, 237, 233, 59.25, 1
133, 302, 5, 0, 537, 541, 239, 234, 47.80, 1
134, 305, 8, 0, 542, 6207, 5902, 5894, 737.75, 1
135, 308, 2, 0, 547, 548, 240, 238, 120.00, 1
136, 311, 4, 0, 549, 552, 241, 237, 60.25, 1
137, 314, 5, 0, 553, 557, 243, 238, 48.60, 1
138, 317, 2, 0, 558, 559, 242, 240, 121.00, 1
139, 320, 4, 0, 560, 563, 243, 239, 60.75, 1
140, 323, 4, 0, 564, 567, 244, 240, 61.00, 1
141, 326, 6, 0, 568, 6208, 5882, 5876, 980.33, 1
142, 329, 3, 0, 573, 575, 246, 243, 82.00, 1
143, 332, 5, 0, 576, 580, 248, 243, 49.60, 1
144, 335, 7, 0, 581, 6210, 5875, 5868, 839.29, 1
145, 338, 5, 0, 586, 590, 252, 247, 50.40, 1
146, 341, 3, 0, 591, 593, 252, 249, 84.00, 1
147, 344, 3, 0, 594, 596, 252, 249, 84.00, 1
148, 347, 6, 0, 597, 6211, 5864, 5858, 977.33, 1
149, 350, 7, 0, 602, 6213, 5863, 5856, 837.57, 1
150, 353, 8, 0, 607, 6216, 5863, 5855, 732.88, 1
151, 356, 1, 0, 612, 612, 256, 255, 256.00, 1
152, 359, 5, 0, 613, 617, 258, 253, 51.60, 1
153, 362, 5, 0, 618, 622, 260, 255, 52.00, 1
154, 365, 7, 0, 623, 6218, 5853, 5846, 836.14, 1
155, 368, 8, 0, 628, 6221, 5853, 5845, 731.62, 1
156, 371, 5, 0, 633, 637, 266, 261, 53.20, 1
157, 374, 5, 0, 638, 642, 268, 263, 53.60, 1
158, 377, 3, 0, 643, 645, 268, 265, 89.33, 1
159, 380, 6, 0, 646, 6222, 5842, 5836, 973.67, 1
160, 383, 2, 0, 651, 652, 269, 267, 134.50, 1
161, 386, 2, 0, 653, 654, 268, 266, 134.00, 1
162, 389, 4, 0, 655, 658, 269, 265, 67.25, 1
163, 392, 5, 0, 659, 663, 271, 266, 54.20, 1
164, 395, 2, 0, 664, 665, 270, 268, 135.00, 1
165, 398, 12, 0, 666, 7489, 7091, 7079, 590.92, 1
166, 401, 5, 0, 671, 675, 274, 269, 54.80, 1
167, 404, 6, 0, 676, 6228, 5824, 5818, 970.67, 1
168, 407, 3, 0, 681, 683, 276, 273, 92.00, 1
169, 410, 6, 0, 684, 6229, 5819, 5813, 969.83, 1
170, 413, 13, 0, 689, 7492, 7079, 7066, 544.54, 1
171, 416, 7, 0, 694, 6236, 5820, 5813, 831.43, 1
172, 419, 8, 0, 699, 6239, 5820, 5812, 727.50, 1
173, 422, 4, 0, 704, 707, 285, 281, 71.25, 1
174, 425, 3, 0, 708, 710, 285, 282, 95.00, 1
175, 428, 1, 0, 711, 711, 283, 282, 283.00, 1
176, 431, 3, 0, 712, 714, 283, 280, 94.33, 1
177, 434, 7, 0, 715, 6241, 5807, 5800, 829.57, 1
178, 437, 9, 0, 720, 6245, 5808, 5799, 645.33, 1
179, 440, 6, 0, 725, 6246, 5806, 5800, 967.67, 1
180, 443, 4, 0, 730, 733, 290, 286, 72.50, 1
181, 446, 14, 0, 734, 7496, 7050, 7036, 503.57, 1
182, 449, 3, 0, 739, 741, 292, 289, 97.33, 1
183, 452, 4, 0, 742, 745, 293, 289, 73.25, 1
184, 455, 14, 0, 746, 7500, 7045, 7031, 503.21, 1
185, 458, 2, 0, 751, 752, 294, 292, 147.00, 1
186, 461, 3, 0, 753, 755, 294, 291, 98.00, 1
187, 464, 5, 0, 756, 760, 296, 291, 59.20, 1
188, 467, 5, 0, 761, 765, 298, 293, 59.60, 1
189, 470, 4, 0, 766, 769, 299, 295, 74.75, 1
190, 473, 3, 0, 770, 772, 299, 296, 99.67, 1
191, 476, 3, 0, 773, 775, 299, 296, 99.67, 1
192, 479, 5, 0, 776, 780, 301, 296, 60.20, 1
193, 482, 6, 0, 781, 6257, 5775, 5769, 962.50, 1
194, 485, 7, 0, 786, 6259, 5774, 5767, 824.86, 1
195, 488, 4, 0, 791, 794, 306, 302, 76.50, 1
196, 491, 1, 0, 795, 795, 304, 303, 304.00, 1
197, 494, 3, 0, 796, 798, 304, 301, 101.33, 1
198, 497, 4, 0, 799, 802, 305, 301, 76.25, 1
199, 500, 6, 0, 803, 6260, 5760, 5754, 960.00, 1
200, 503, 9, 0, 808, 6264, 5761, 5752, 640.11, 1
201, 506, 8, 0, 813, 6267, 5761, 5753, 720.12, 1
202, 509, 8, 0, 818, 6270, 5761, 5753, 720.12, 1
203, 512, 7, 0, 823, 6272, 5760, 5753, 822.86, 1
204, 515, 16, 0, 828, 7996, 7481, 7465, 467.56, 1
205, 518, 7, 0, 833, 6279, 5761, 5754, 823.00, 1
206, 521, 5, 0, 838, 842, 321, 316, 64.20, 1
207, 524, 12, 0, 843, 7507, 6983, 6971, 581.92, 1
208, 527, 14, 0, 848, 7511, 6984, 6970, 498.86, 1
209, 530, 15, 0, 853, 7516, 6986, 6971, 465.73, 1
210, 533, 16, 0, 858, 7997, 7464, 7448, 466.50, 1
211, 536, 15, 0, 863, 7526, 6990, 6975, 466.00, 1
212, 539, 3, 0, 868, 870, 331, 328, 110.33, 1
213, 542, 5, 0, 871, 875, 333, 328, 66.60, 1
214, 545, 3, 0, 876, 878, 333, 330, 111.00, 1
215, 548, 6, 0, 879, 6305, 5757, 5751, 959.50, 1
216, 551, 7, 0, 884, 6307, 5756, 5749, 822.29, 1
217, 554, 5, 0, 889, 893, 339, 334, 67.80, 1
218, 557, 3, 0, 894, 896, 339, 336, 113.00, 1
219, 560, 5, 0, 897, 901, 341, 336, 68.20, 1
220, 563, 1, 0, 902, 902, 339, 338, 339.00, 1
221, 566, 4, 0, 903, 906, 340, 336, 85.00, 1
222, 569, 3, 0, 907, 909, 340, 337, 113.33, 1
223, 572, 3, 0, 910, 912, 340, 337, 113.33, 1
224, 575, 3, 0, 913, 915, 340, 337, 113.33, 1
225, 578, 5, 0, 916, 920, 342, 337, 68.40, 1
226, 581, 7, 0, 921, 6309, 5728, 5721, 818.29, 1
227, 584, 4, 0, 926, 929, 345, 341, 86.25, 1
228, 587, 7, 0, 930, 6311, 5724, 5717, 817.71, 1
229, 590, 8, 0, 935, 6314, 5724, 5716, 715.50, 1
230, 593, 6, 0, 940, 6315, 5722, 5716, 953.67, 1
231, 596, 5, 0, 945, 949, 353, 348, 70.60, 1
232, 599, 3, 0, 950, 952, 353, 350, 117.67, 1
233, 602, 15, 0, 953, 7531, 6929, 6914, 461.93, 1
234, 605, 4, 0, 958, 961, 356, 352, 89.00, 1
235, 608, 5, 0, 962, 966, 358, 353, 71.60, 1
236, 611, 2, 0, 967, 968, 357, 355, 178.50, 1
237, 614, 2, 0, 969, 970, 356, 354, 178.00, 1
238, 617, 1, 0, 971, 971, 354, 353, 354.00, 1
239, 620, 4, 0, 972, 975, 355, 351, 88.75, 1
240, 623, 5, 0, 976, 980, 357, 352, 71.40, 1
241, 626, 4, 0, 981, 984, 358, 354, 89.50, 1
242, 629, 4, 0, 985, 988, 359, 355, 89.75, 1
243, 632, 2, 0, 989, 990, 358, 356, 179.00, 1
244, 635, 16, 0, 991, 7998, 7363, 7347, 460.19, 1
245, 638, 2, 0, 996, 997, 359, 357, 179.50, 1
246, 641, 4, 0, 998, 1001, 360, 356, 90.00, 1
247, 644, 5, 0, 1002, 1006, 362, 357, 72.40, 1
248, 647, 2, 0, 1007, 1008, 361, 359, 180.50, 1
249, 650, 3, 0, 1009, 1011, 361, 358, 120.33, 1
250, 653, 5, 0, 1012, 1016, 363, 358, 72.60, 1
251, 656, 4, 0, 1017, 1020, 364, 360, 91.00, 1
252, 659, 3, 0, 1021, 1023, 364, 361, 121.33, 1
253, 662, 5, 0, 1024, 1028, 366, 361, 73.20, 1
254, 665, 4, 0, 1029, 1032, 367, 363, 91.75, 1
255, 668, 4, 0, 1033, 1036, 368, 364, 92.00, 1
256, 671, 3, 0, 1037, 1039, 368, 365, 122.67, 1
257, 674, 5, 0, 1040, 1044, 370, 365, 74.00, 1
258, 677, 4, 0, 1045, 1048, 371, 367, 92.75, 1
259, 680, 3, 0, 1049, 1051, 371, 368, 123.67, 1
260, 683, 5, 0, 1052, 1056, 373, 368, 74.60, 1
261, 686, 4, 0, 1057, 1060, 374, 370, 93.50, 1
262, 689, 3, 0, 1061, 1063, 374, 371, 124.67, 1
263, 692, 5, 0, 1064, 1068, 376, 371, 75.20, 1
264, 695, 4, 0, 1069, 1072, 377, 373, 94.25, 1
265, 698, 5, 0, 1073, 1077, 379, 374, 75.80, 1
266, 701, 8, 0, 1078, 6328, 5627, 5619, 703.38, 1
267, 704, 2, 0, 1083, 1084, 380, 378, 190.00, 1
268, 707, 4, 0, 1085, 1088, 381, 377, 95.25, 1
269, 710, 5, 0, 1089, 1093, 383, 378, 76.60, 1
270, 713, 2, 0, 1094, 1095, 382, 380, 191.00, 1
271, 716, 4, 0, 1096, 1099, 383, 379, 95.75, 1
272, 719, 4, 0, 1100, 1103, 384, 380, 96.00, 1
273, 722, 6, 0, 1104, 6329, 5607, 5601, 934.50, 1
274, 725, 3, 0, 1109, 1111, 386, 383, 128.67, 1
275, 728, 5, 0, 1112, 1116, 388, 383, 77.60, 1
276, 731, 7, 0, 1117, 6331, 5600, 5593, 800.00, 1
277, 734, 5, 0, 1122, 1126, 392, 387, 78.40, 1
278, 737, 3, 0, 1127, 1129, 392, 389, 130.67, 1
279, 740, 3, 0, 1130, 1132, 392, 389, 130.67, 1
280, 743, 6, 0, 1133, 6332, 5589, 5583, 931.50, 1
281, 746, 7, 0, 1138, 6334, 5588, 5581, 798.29, 1
282, 749, 8, 0, 1143, 6337, 5588, 5580, 698.50, 1
283, 752, 1, 0, 1148, 1148, 396, 395, 396.00, 1
284, 755, 5, 0, 1149, 1153, 398, 393, 79.60, 1
285, 758, 5, 0, 1154, 1158, 400, 395, 80.00, 1
286, 761, 7, 0, 1159, 6339, 5578, 5571, 796.86, 1
287, 764, 8, 0, 1164, 6342, 5578, 5570, 697.25, 1
288, 767, 5, 0, 1169, 1173, 406, 401, 81.20, 1
289, 770, 5, 0, 1174, 1178, 408, 403, 81.60, 1
290, 773, 3, 0, 1179, 1181, 408, 405, 136.00, 1
291, 776, 6, 0, 1182, 6343, 5567, 5561, 927.83, 1
292, 779, 2, 0, 1187, 1188, 409, 407, 204.50, 1
293, 782, 2, 0, 1189, 1190, 408, 406, 204.00, 1
294, 785, 4, 0, 1191, 1194, 409, 405, 102.25, 1
295, 788, 5, 0, 1195, 1199, 411, 406, 82.20, 1
296, 791, 2, 0, 1200, 1201, 410, 408, 205.00, 1
297, 794, 12, 0, 1202, 7538, 6744, 6732, 562.00, 1
298, 797, 5, 0, 1207, 1211, 414, 409, 82.80, 1
299, 800, 6, 0, 1212, 6349, 5549, 5543, 924.83, 1
300, 803, 3, 0, 1217, 1219, 416, 413, 138.67, 1
301, 806, 6, 0, 1220, 6350, 5544, 5538, 924.00, 1
302, 809, 13, 0, 1225, 7541, 6732, 6719, 517.85, 1
303, 812, 7, 0, 1230, 6357, 5545, 5538, 792.14, 1
304, 815, 8, 0, 1235, 6360, 5545, 5537, 693.12, 1
305, 818, 4, 0, 1240, 1243, 425, 421, 106.25, 1
306, 821, 3, 0, 1244, 1246, 425, 422, 141.67, 1
307, 824, 1, 0, 1247, 1247, 423, 422, 423.00, 1
308, 827, 3, 0, 1248, 1250, 423, 420, 141.00, 1
309, 830, 7, 0, 1251, 6362, 5532, 5525, 790.29, 1
310, 833, 9, 0, 1256, 6366, 5533, 5524, 614.78, 1
311, 836, 6, 0, 1261, 6367, 5531, 5525, 921.83, 1
312, 839, 4, 0, 1266, 1269, 430, 426, 107.50, 1
313, 842, 14, 0, 1270, 7545, 6703, 6689, 478.79, 1
314, 845, 3, 0, 1275, 1277, 432, 429, 144.00, 1
315, 848, 4, 0, 1278, 1281, 433, 429, 108.25, 1
316, 851, 14, 0, 1282, 7549, 6698, 6684, 478.43, 1
317, 854, 2, 0, 1287, 1288, 434, 432, 217.00, 1
318, 857, 3, 0, 1289, 1291, 434, 431, 144.67, 1
319, 860, 5, 0, 1292, 1296, 436, 431, 87.20, 1
320, 863, 5, 0, 1297, 1301, 438, 433, 87.60, 1
321, 866, 4, 0, 1302, 1305, 439, 435, 109.75, 1
322, 869, 3, 0, 1306, 1308, 439, 436, 146.33, 1
323, 872, 3, 0, 1309, 1311, 439, 436, 146.33, 1
324, 875, 5, 0, 1312, 1316, 441, 436, 88.20, 1
325, 878, 6, 0, 1317, 6378, 5500, 5494, 916.67, 1
326, 881, 7, 0, 1322, 6380, 5499, 5492, 785.57, 1
327, 884, 4, 0, 1327, 1330, 446, 442, 111.50, 1
328, 887, 1, 0, 1331, 1331, 444, 443, 444.00, 1
329, 890, 3, 0, 1332, 1334, 444, 441, 148.00, 1
330, 893, 4, 0, 1335, 1338, 445, 441, 111.25, 1
331, 896, 6, 0, 1339, 6381, 5485, 5479, 914.17, 1
332, 899, 9, 0, 1344, 6385, 5486, 5477, 609.56, 1
333, 902, 8, 0, 1349, 6388, 5486, 5478, 685.75, 1
334, 905, 8, 0, 1354, 6391, 5486, 5478, 685.75, 1
335, 908, 7, 0, 1359, 6393, 5485, 5478, 783.57, 1
336, 911, 16, 0, 1364, 7999, 7088, 7072, 443.00, 1
337, 914, 7, 0, 1369, 6400, 5486, 5479, 783.71, 1
338, 917, 5, 0, 1374, 1378, 461, 456, 92.20, 1
339, 920, 12, 0, 1379, 7556, 6636, 6624, 553.00, 1
340, 923, 14, 0, 1384, 7560, 6637, 6623, 474.07, 1
341, 926, 15, 0, 1389, 7565, 6639, 6624, 442.60, 1
342, 929, 16, 0, 1394, 8000, 7071, 7055, 441.94, 1
343, 932, 15, 0, 1399, 7575, 6643, 6628, 442.87, 1
344, 935, 3, 0, 1404, 1406, 471, 468, 157.00, 1
345, 938, 5, 0, 1407, 1411, 473, 468, 94.60, 1
346, 941, 3, 0, 1412, 1414, 473, 470, 157.67, 1
347, 944, 6, 0, 1415, 6426, 5482, 5476, 913.67, 1
348, 947, 7, 0, 1420, 6428, 5481, 5474, 783.00, 1
349, 950, 5, 0, 1425, 1429, 479, 474, 95.80, 1
350, 953, 3, 0, 1430, 1432, 479, 476, 159.67, 1
351, 956, 5, 0, 1433, 1437, 481, 476, 96.20, 1
352, 959, 1, 0, 1438, 1438, 479, 478, 479.00, 1
353, 962, 4, 0, 1439, 1442, 480, 476, 120.00, 1
354, 965, 3, 0, 1443, 1445, 480, 477, 160.00, 1
355, 968, 3, 0, 1446, 1448, 480, 477, 160.00, 1
356, 971, 3, 0, 1449, 1451, 480, 477, 160.00, 1
357, 974, 5, 0, 1452, 1456, 482, 477, 96.40, 1
358, 977, 7, 0, 1457, 6430, 5453, 5446, 779.00, 1
359, 980, 4, 0, 1462, 1465, 485, 481, 121.25, 1
360, 983, 7, 0, 1466, 6432, 5449, 5442, 778.43, 1
361, 986, 8, 0, 1471, 6435, 5449, 5441, 681.12, 1
362, 989, 6, 0, 1476, 6436, 5447, 5441, 907.83, 1
363, 992, 5, 0, 1481, 1485, 493, 488, 98.60, 1
364, 995, 3, 0, 1486, 1488, 493, 490, 164.33, 1
365, 998, 15, 0, 1489, 7580, 6582, 6567, 438.80, 1
366, 1001, 4, 0, 1494, 1497, 496, 492, 124.00, 1
367, 1004, 5, 0, 1498, 1502, 498, 493, 99.60, 1
368, 1007, 2, 0, 1503, 1504, 497, 495, 248.50, 1
369, 1010, 2, 0, 1505, 1506, 496, 494, 248.00, 1
370, 1013, 1, 0, 1507, 1507, 494, 493, 494.00, 1
371, 1016, 4, 0, 1508, 1511, 495, 491, 123.75, 1
372, 1019, 5, 0, 1512, 1516, 497, 492, 99.40, 1
373, 1022, 4, 0, 1517, 1520, 498, 494, 124.50, 1
374, 1025, 4, 0, 1521, 1524, 499, 495, 124.75, 1
375, 1028, 2, 0, 1525, 1526, 498, 496, 249.00, 1
376, 1031, 16, 0, 1527, 8001, 6970, 6954, 435.62, 1
377, 1034, 2, 0, 1532, 1533, 499, 497, 249.50, 1
378, 1037, 4, 0, 1534, 1537, 500, 496, 125.00, 1
379, 1040, 5, 0, 1538, 1542, 502, 497, 100.40, 1
380, 1043, 2, 0, 1543, 1544, 501, 499, 250.50, 1
381, 1046, 3, 0, 1545, 1547, 501, 498, 167.00, 1
382, 1049, 5, 0, 1548, 1552, 503, 498, 100.60, 1
383, 1052, 4, 0, 1553, 1556, 504, 500, 126.00, 1
384, 1055, 3, 0, 1557, 1559, 504, 501, 168.00, 1
385, 1058, 5, 0, 1560, 1564, 506, 501, 101.20, 1
386, 1061, 4, 0, 1565, 1568, 507, 503, 126.75, 1
387, 1064, 4, 0, 1569, 1572, 508, 504, 127.00, 1
388, 1067, 3, 0, 1573, 1575, 508, 505, 169.33, 1
389, 1070, 5, 0, 1576, 1580, 510, 505, 102.00, 1
390, 1073, 4, 0, 1581, 1584, 511, 507, 127.75, 1
391, 1076, 3, 0, 1585, 1587, 511, 508, 170.33, 1
392, 1079, 5, 0, 1588, 1592, 513, 508, 102.60, 1
393, 1082, 4, 0, 1593, 1596, 514, 510, 128.50, 1
394, 1085, 3, 0, 1597, 1599, 514, 511, 171.33, 1
395, 1088, 5, 0, 1600, 1604, 516, 511, 103.20, 1
396, 1091, 4, 0, 1605, 1608, 517, 513, 129.25, 1
397, 1094, 5, 0, 1609, 1613, 519, 514, 103.80, 1
398, 1097, 8, 0, 1614, 6449, 5352, 5344, 669.00, 1
399, 1100, 2, 0, 1619, 1620, 520, 518, 260.00, 1
400, 1103, 4, 0, 1621, 1624, 521, 517, 130.25, 1
401, 1106, 5, 0, 1625, 1629, 523, 518, 104.60, 1
402, 1109, 2, 0, 1630, 1631, 522, 520, 261.00, 1
403, 1112, 4, 0, 1632, 1635, 523, 519, 130.75, 1
404, 1115, 4, 0, 1636, 1639, 524, 520, 131.00, 1
405, 1118, 6, 0, 1640, 6450, 5332, 5326, 888.67, 1
406, 1121, 3, 0, 1645, 1647, 526, 523, 175.33, 1
407, 1124, 5, 0, 1648, 1652, 528, 523, 105.60, 1
408, 1127, 7, 0, 1653, 6452, 5325, 5318, 760.71, 1
409, 1130, 5, 0, 1658, 1662, 532, 527, 106.40, 1
410, 1133, 3, 0, 1663, 1665, 532, 529, 177.33, 1
411, 1136, 3, 0, 1666, 1668, 532, 529, 177.33, 1
412, 1139, 6, 0, 1669, 6453, 5314, 5308, 885.67, 1
413, 1142, 7, 0, 1674, 6455, 5313, 5306, 759.00, 1
414, 1145, 8, 0, 1679, 6458, 5313, 5305, 664.12, 1
415, 1148, 1, 0, 1684, 1684, 536, 535, 536.00, 1
416, 1151, 5, 0, 1685, 1689, 538, 533, 107.60, 1
417, 1154, 5, 0, 1690, 1694, 540, 535, 108.00, 1
418, 1157, 7, 0, 1695, 6460, 5303, 5296, 757.57, 1
419, 1160, 8, 0, 1700, 6463, 5303, 5295, 662.88, 1
420, 1163, 5, 0, 1705, 1709, 546, 541, 109.20, 1
421, 1166, 5, 0, 1710, 1714, 548, 543, 109.60, 1
422, 1169, 3, 0, 1715, 1717, 548, 545, 182.67, 1
423, 1172, 6, 0, 1718, 6464, 5292, 5286, 882.00, 1
424, 1175, 2, 0, 1723, 1724, 549, 547, 274.50, 1
425, 1178, 2, 0, 1725, 1726, 548, 546, 274.00, 1
426, 1181, 4, 0, 1727, 1730, 549, 545, 137.25, 1
427, 1184, 5, 0, 1731, 1735, 551, 546, 110.20, 1
428, 1187, 2, 0, 1736, 1737, 550, 548, 275.00, 1
429, 1190, 12, 0, 1738, 7587, 6397, 6385, 533.08, 1
430, 1193, 5, 0, 1743, 1747, 554, 549, 110.80, 1
431, 1196, 6, 0, 1748, 6470, 5274, 5268, 879.00, 1
432, 1199, 3, 0, 1753, 1755, 556, 553, 185.33, 1
433, 1202, 6, 0, 1756, 6471, 5269, 5263, 878.17, 1
434, 1205, 13, 0, 1761, 7590, 6385, 6372, 491.15, 1
435, 1208, 7, 0, 1766, 6478, 5270, 5263, 752.86, 1
436, 1211, 8, 0, 1771, 6481, 5270, 5262, 658.75, 1
437, 1214, 4, 0, 1776, 1779, 565, 561, 141.25, 1
438, 1217, 3, 0, 1780, 1782, 565, 562, 188.33, 1
439, 1220, 1, 0, 1783, 1783, 563, 562, 563.00, 1
440, 1223, 3, 0, 1784, 1786, 563, 560, 187.67, 1
441, 1226, 7, 0, 1787, 6483, 5257, 5250, 751.00, 1
442, 1229, 9, 0, 1792, 6487, 5258, 5249, 584.22, 1
443, 1232, 6, 0, 1797, 6488, 5256, 5250, 876.00, 1
444, 1235, 4, 0, 1802, 1805, 570, 566, 142.50, 1
445, 1238, 14, 0, 1806, 7594, 6356, 6342, 454.00, 1
446, 1241, 3, 0, 1811, 1813, 572, 569, 190.67, 1
447, 1244, 4, 0, 1814, 1817, 573, 569, 143.25, 1
448, 1247, 14, 0, 1818, 7598, 6351, 6337, 453.64, 1
449, 1250, 2, 0, 1823, 1824, 574, 572, 287.00, 1
450, 1253, 3, 0, 1825, 1827, 574, 571, 191.33, 1
451, 1256, 5, 0, 1828, 1832, 576, 571, 115.20, 1
452, 1259, 5, 0, 1833, 1837, 578, 573, 115.60, 1
453, 1262, 4, 0, 1838, 1841, 579, 575, 144.75, 1
454, 1265, 3, 0, 1842, 1844, 579, 576, 193.00, 1
455, 1268, 3, 0, 1845, 1847, 579, 576, 193.00, 1
456, 1271, 5, 0, 1848, 1852, 581, 576, 116.20, 1
457, 1274, 6, 0, 1853, 6499, 5225, 5219, 870.83, 1
458, 1277, 7, 0, 1858, 6501, 5224, 5217, 746.29, 1
459, 1280, 4, 0, 1863, 1866, 586, 582, 146.50, 1
460, 1283, 1, 0, 1867, 1867, 584, 583, 584.00, 1
461, 1286, 3, 0, 1868, 1870, 584, 581, 194.67, 1
462, 1289, 4, 0, 1871, 1874, 585, 581, 146.25, 1
463, 1292, 6, 0, 1875, 6502, 5210, 5204, 868.33, 1
464, 1295, 9, 0, 1880, 6506, 5211, 5202, 579.00, 1
465, 1298, 8, 0, 1885, 6509, 5211, 5203, 651.38, 1
466, 1301, 8, 0, 1890, 6512, 5211, 5203, 651.38, 1
467, 1304, 7, 0, 1895, 6514, 5210, 5203, 744.29, 1
468, 1307, 16, 0, 1900, 8002, 6695, 6679, 418.44, 1
469, 1310, 7, 0, 1905, 6521, 5211, 5204, 744.43, 1
470, 1313, 5, 0, 1910, 1914, 601, 596, 120.20, 1
471, 1316, 12, 0, 1915, 7605, 6289, 6277, 524.08, 1
472, 1319, 14, 0, 1920, 7609, 6290, 6276, 449.29, 1
473, 1322, 15, 0, 1925, 7614, 6292, 6277, 419.47, 1
474, 1325, 16, 0, 1930, 8003, 6678, 6662, 417.38, 1
475, 1328, 15, 0, 1935, 7624, 6296, 6281, 419.73, 1
476, 1331, 3, 0, 1940, 1942, 611, 608, 203.67, 1
477, 1334, 5, 0, 1943, 1947, 613, 608, 122.60, 1
478, 1337, 3, 0, 1948, 1950, 613, 610, 204.33, 1
479, 1340, 6, 0, 1951, 6547, 5207, 5201, 867.83, 1
480, 1343, 7, 0, 1956, 6549, 5206, 5199, 743.71, 1
481, 1346, 5, 0, 1961, 1965, 619, 614, 123.80, 1
482, 1349, 3, 0, 1966, 1968, 619, 616, 206.33, 1
483, 1352, 5, 0, 1969, 1973, 621, 616, 124.20, 1
484, 1355, 1, 0, 1974, 1974, 619, 618, 619.00, 1
485, 1358, 4, 0, 1975, 1978, 620, 616, 155.00, 1
486, 1361, 3, 0, 1979, 1981, 620, 617, 206.67, 1
487, 1364, 3, 0, 1982, 1984, 620, 617, 206.67, 1
488, 1367, 3, 0, 1985, 1987, 620, 617, 206.67, 1
489, 1370, 5, 0, 1988, 1992, 622, 617, 124.40, 1
490, 1373, 7, 0, 1993, 6551, 5178, 5171, 739.71, 1
491, 1376, 4, 0, 1998, 2001, 625, 621, 156.25, 1
492, 1379, 7, 0, 2002, 6553, 5174, 5167, 739.14, 1
493, 1382, 8, 0, 2007, 6556, 5174, 5166, 646.75, 1
494, 1385, 6, 0, 2012, 6557, 5172, 5166, 862.00, 1
495, 1388, 5, 0, 2017, 2021, 633, 628, 126.60, 1
496, 1391, 3, 0, 2022, 2024, 633, 630, 211.00, 1
497, 1394, 15, 0, 2025, 7629, 6235, 6220, 415.67, 1
498, 1397, 4, 0, 2030, 2033, 636, 632, 159.00, 1
499, 1400, 5, 0, 2034, 2038, 638, 633, 127.60, 1
500, 1403, 2, 0, 2039, 2040, 637, 635, 318.50, 1
501, 1406, 2, 0, 2041, 2042, 636, 634, 318.00, 1
502, 1409, 1, 0, 2043, 2043, 634, 633, 634.00, 1
503, 1412, 4, 0, 2044, 2047, 635, 631, 158.75, 1
504, 1415, 5, 0, 2048, 2052, 637, 632, 127.40, 1
505, 1418, 4, 0, 2053, 2056, 638, 634, 159.50, 1
506, 1421, 4, 0, 2057, 2060, 639, 635, 159.75, 1
507, 1424, 2, 0, 2061, 2062, 638, 636, 319.00, 1
508, 1427, 16, 0, 2063, 8004, 6577, 6561, 411.06, 1
509, 1430, 2, 0, 2068, 2069, 639, 637, 319.50, 1
510, 1433, 4, 0, 2070, 2073, 640, 636, 160.00, 1
511, 1436, 5, 0, 2074, 2078, 642, 637, 128.40, 1
512, 1439, 2, 0, 2079, 2080, 641, 639, 320.50, 1
513, 1442, 3, 0, 2081, 2083, 641, 638, 213.67, 1
514, 1445, 5, 0, 2084, 2088, 643, 638, 128.60, 1
515, 1448, 4, 0, 2089, 2092, 644, 640, 161.00, 1
516, 1451, 3, 0, 2093, 2095, 644, 641, 214.67, 1
517, 1454, 5, 0, 2096, 2100, 646, 641, 129.20, 1
518, 1457, 4, 0, 2101, 2104, 647, 643, 161.75, 1
519, 1460, 4, 0, 2105, 2108, 648, 644, 162.00, 1
520, 1463, 3, 0, 2109, 2111, 648, 645, 216.00, 1
521, 1466, 5, 0, 2112, 2116, 650, 645, 130.00, 1
522, 1469, 4, 0, 2117, 2120, 651, 647, 162.75, 1
523, 1472, 3, 0, 2121, 2123, 651, 648, 217.00, 1
524, 1475, 5, 0, 2124, 2128, 653, 648, 130.60, 1
525, 1478, 4, 0, 2129, 2132, 654, 650, 163.50, 1
526, 1481, 3, 0, 2133, 2135, 654, 651, 218.00, 1
527, 1484, 5, 0, 2136, 2140, 656, 651, 131.20, 1
528, 1487, 4, 0, 2141, 2144, 657, 653, 164.25, 1
529, 1490, 5, 0, 2145, 2149, 659, 654, 131.80, 1
530, 1493, 8, 0, 2150, 6570, 5077, 5069, 634.62, 1
531, 1496, 2, 0, 2155, 2156, 660, 658, 330.00, 1
532, 1499, 4, 0, 2157, 2160, 661, 657, 165.25, 1
533, 1502, 5, 0, 2161, 2165, 663, 658, 132.60, 1
534, 1505, 2, 0, 2166, 2167, 662, 660, 331.00, 1
535, 1508, 4, 0, 2168, 2171, 663, 659, 165.75, 1
536, 1511, 4, 0, 2172, 2175, 664, 660, 166.00, 1
537, 1514, 6, 0, 2176, 6571, 5057, 5051, 842.83, 1
538, 1517, 3, 0, 2181, 2183, 666, 663, 222.00, 1
539, 1520, 5, 0, 2184, 2188, 668, 663, 133.60, 1
540, 1523, 7, 0, 2189, 6573, 5050, 5043, 721.43, 1
541, 1526, 5, 0, 2194, 2198, 672, 667, 134.40, 1
542, 1529, 3, 0, 2199, 2201, 672, 669, 224.00, 1
543, 1532, 3, 0, 2202, 2204, 672, 669, 224.00, 1
544, 1535, 6, 0, 2205, 6574, 5039, 5033, 839.83, 1
545, 1538, 7, 0, 2210, 6576, 5038, 5031, 719.71, 1
546, 1541, 8, 0, 2215, 6579, 5038, 5030, 629.75, 1
547, 1544, 1, 0, 2220, 2220, 676, 675, 676.00, 1
548, 1547, 5, 0, 2221, 2225, 678, 673, 135.60, 1
549, 1550, 5, 0, 2226, 2230, 680, 675, 136.00, 1
550, 1553, 7, 0, 2231, 6581, 5028, 5021, 718.29, 1
551, 1556, 8, 0, 2236, 6584, 5028, 5020, 628.50, 1
552, 1559, 5, 0, 2241, 2245, 686, 681, 137.20, 1
553, 1562, 5, 0, 2246, 2250, 688, 683, 137.60, 1
554, 1565, 3, 0, 2251, 2253, 688, 685, 229.33, 1
555, 1568, 6, 0, 2254, 6585, 5017, 5011, 836.17, 1
556, 1571, 2, 0, 2259, 2260, 689, 687, 344.50, 1
557, 1574, 2, 0, 2261, 2262, 688, 686, 344.00, 1
558, 1577, 4, 0, 2263, 2266, 689, 685, 172.25, 1
559, 1580, 5, 0, 2267, 2271, 691, 686, 138.20, 1
560, 1583, 2, 0, 2272, 2273, 690, 688, 345.00, 1
561, 1586, 12, 0, 2274, 7636, 6050, 6038, 504.17, 1
562, 1589, 5, 0, 2279, 2283, 694, 689, 138.80, 1
563, 1592, 6, 0, 2284, 6591, 4999, 4993, 833.17, 1
564, 1595, 3, 0, 2289, 2291, 696, 693, 232.00, 1
565, 1598, 6, 0, 2292, 6592, 4994, 4988, 832.33, 1
566, 1601, 13, 0, 2297, 7639, 6038, 6025, 464.46, 1
567, 1604, 7, 0, 2302, 6599, 4995, 4988, 713.57, 1
568, 1607, 8, 0, 2307, 6602, 4995, 4987, 624.38, 1
569, 1610, 4, 0, 2312, 2315, 705, 701, 176.25, 1
570, 1613, 3, 0, 2316, 2318, 705, 702, 235.00, 1
571, 1616, 1, 0, 2319, 2319, 703, 702, 703.00, 1
572, 1619, 3, 0, 2320, 2322, 703, 700, 234.33, 1
573, 1622, 7, 0, 2323, 6604, 4982, 4975, 711.71, 1
574, 1625, 9, 0, 2328, 6608, 4983, 4974, 553.67, 1
575, 1628, 6, 0, 2333, 6609, 4981, 4975, 830.17, 1
576, 1631, 4, 0, 2338, 2341, 710, 706, 177.50, 1
577, 1634, 14, 0, 2342, 7643, 6009, 5995, 429.21, 1
578, 1637, 3, 0, 2347, 2349, 712, 709, 237.33, 1
579, 1640, 4, 0, 2350, 2353, 713, 709, 178.25, 1
580, 1643, 14, 0, 2354, 7647, 6004, 5990, 428.86, 1
581, 1646, 2, 0, 2359, 2360, 714, 712, 357.00, 1
582, 1649, 3, 0, 2361, 2363, 714, 711, 238.00, 1
583, 1652, 5, 0, 2364, 2368, 716, 711, 143.20, 1
584, 1655, 5, 0, 2369, 2373, 718, 713, 143.60, 1
585, 1658, 4, 0, 2374, 2377, 719, 715, 179.75, 1
586, 1661, 3, 0, 2378, 2380, 719, 716, 239.67, 1
587, 1664, 3, 0, 2381, 2383, 719, 716, 239.67, 1
588, 1667, 5, 0, 2384, 2388, 721, 716, 144.20, 1
589, 1670, 6, 0, 2389, 6620, 4950, 4944, 825.00, 1
590, 1673, 7, 0, 2394, 6622, 4949, 4942, 707.00, 1
591, 1676, 4, 0, 2399, 2402, 726, 722, 181.50, 1
592, 1679, 1, 0, 2403, 2403, 724, 723, 724.00, 1
593, 1682, 3, 0, 2404, 2406, 724, 721, 241.33, 1
594, 1685, 4, 0, 2407, 2410, 725, 721, 181.25, 1
595, 1688, 6, 0, 2411, 6623, 4935, 4929, 822.50, 1
596, 1691, 9, 0, 2416, 6627, 4936, 4927, 548.44, 1
597, 1694, 8, 0, 2421, 6630, 4936, 4928, 617.00, 1
598, 1697, 8, 0, 2426, 6633, 4936, 4928, 617.00, 1
599, 1700, 7, 0, 2431, 6635, 4935, 4928, 705.00, 1
600, 1703, 16, 0, 2436, 8005, 6302, 6286, 393.88, 1
601, 1706, 7, 0, 2441, 6642, 4936, 4929, 705.14, 1
602, 1709, 5, 0, 2446, 2450, 741, 736, 148.20, 1
603, 1712, 12, 0, 2451, 7654, 5942, 5930, 495.17, 1
604, 1715, 14, 0, 2456, 7658, 5943, 5929, 424.50, 1
605, 1718, 15, 0, 2461, 7663, 5945, 5930, 396.33, 1
606, 1721, 16, 0, 2466, 8006, 6285, 6269, 392.81, 1
607, 1724, 15, 0, 2471, 7673, 5949, 5934, 396.60, 1
608, 1727, 3, 0, 2476, 2478, 751, 748, 250.33, 1
609, 1730, 5, 0, 2479, 2483, 753, 748, 150.60, 1
610, 1733, 3, 0, 2484, 2486, 753, 750, 251.00, 1
611, 1736, 6, 0, 2487, 6668, 4932, 4926, 822.00, 1
612, 1739, 7, 0, 2492, 6670, 4931, 4924, 704.43, 1
613, 1742, 5, 0, 2497, 2501, 759, 754, 151.80, 1
614, 1745, 3, 0, 2502, 2504, 759, 756, 253.00, 1
615, 1748, 5, 0, 2505, 2509, 761, 756, 152.20, 1
616, 1751, 1, 0, 2510, 2510, 759, 758, 759.00, 1
617, 1754, 4, 0, 2511, 2514, 760, 756, 190.00, 1
618, 1757, 3, 0, 2515, 2517, 760, 757, 253.33, 1
619, 1760, 3, 0, 2518, 2520, 760, 757, 253.33, 1
620, 1763, 3, 0, 2521, 2523, 760, 757, 253.33, 1
621, 1766, 5, 0, 2524, 2528, 762, 757, 152.40, 1
622, 1769, 7, 0, 2529, 6672, 4903, 4896, 700.43, 1
623, 1772, 4, 0, 2534, 2537, 765, 761, 191.25, 1
624, 1775, 7, 0, 2538, 6674, 4899, 4892, 699.86, 1
625, 1778, 8, 0, 2543, 6677, 4899, 4891, 612.38, 1
626, 1781, 6, 0, 2548, 6678, 4897, 4891, 816.17, 1
627, 1784, 5, 0, 2553, 2557, 773, 768, 154.60, 1
628, 1787, 3, 0, 2558, 2560, 773, 770, 257.67, 1
629, 1790, 15, 0, 2561, 7678, 5888, 5873, 392.53, 1
630, 1793, 4, 0, 2566, 2569, 776, 772, 194.00, 1
631, 1796, 5, 0, 2570, 2574, 778, 773, 155.60, 1
632, 1799, 2, 0, 2575, 2576, 777, 775, 388.50, 1
633, 1802, 2, 0, 2577, 2578, 776, 774, 388.00, 1
634, 1805, 1, 0, 2579, 2579, 774, 773, 774.00, 1
635, 1808, 4, 0, 2580, 2583, 775, 771, 193.75, 1
636, 1811, 5, 0, 2584, 2588, 777, 772, 155.40, 1
637, 1814, 4, 0, 2589, 2592, 778, 774, 194.50, 1
638, 1817, 4, 0, 2593, 2596, 779, 775, 194.75, 1
639, 1820, 2, 0, 2597, 2598, 778, 776, 389.00, 1
640, 1823, 16, 0, 2599, 8007, 6184, 6168, 386.50, 1
641, 1826, 2, 0, 2604, 2605, 779, 777, 389.50, 1
642, 1829, 4, 0, 2606, 2609, 780, 776, 195.00, 1
643, 1832, 5, 0, 2610, 2614, 782, 777, 156.40, 1
644, 1835, 2, 0, 2615, 2616, 781, 779, 390.50, 1
645, 1838, 3, 0, 2617, 2619, 781, 778, 260.33, 1
646, 1841, 5, 0, 2620, 2624, 783, 778, 156.60, 1
647, 1844, 4, 0, 2625, 2628, 784, 780, 196.00, 1
648, 1847, 3, 0, 2629, 2631, 784, 781, 261.33, 1
649, 1850, 5, 0, 2632, 2636, 786, 781, 157.20, 1
650, 1853, 4, 0, 2637, 2640, 787, 783, 196.75, 1
651, 1856, 4, 0, 2641, 2644, 788, 784, 197.00, 1
652, 1859, 3, 0, 2645, 2647, 788, 785, 262.67, 1
653, 1862, 5, 0, 2648, 2652, 790, 785, 158.00, 1
654, 1865, 4, 0, 2653, 2656, 791, 787, 197.75, 1
655, 1868, 3, 0, 2657, 2659, 791, 788, 263.67, 1
656, 1871, 5, 0, 2660, 2664, 793, 788, 158.60, 1
657, 1874, 4, 0, 2665, 2668, 794, 790, 198.50, 1
658, 1877, 3, 0, 2669, 2671, 794, 791, 264.67, 1
659, 1880, 5, 0, 2672, 2676, 796, 791, 159.20, 1
660, 1883, 4, 0, 2677, 2680, 797, 793, 199.25, 1
661, 1886, 5, 0, 2681, 2685, 799, 794, 159.80, 1
662, 1889, 8, 0, 2686, 6691, 4802, 4794, 600.25, 1
663, 1892, 2, 0, 2691, 2692, 800, 798, 400.00, 1
664, 1895, 4, 0, 2693, 2696, 801, 797, 200.25, 1
665, 1898, 5, 0, 2697, 2701, 803, 798, 160.60, 1
666, 1901, 2, 0, 2702, 2703, 802, 800, 401.00, 1
667, 1904, 4, 0, 2704, 2707, 803, 799, 200.75, 1
668, 1907, 4, 0, 2708, 2711, 804, 800, 201.00, 1
669, 1910, 6, 0, 2712, 6692, 4782, 4776, 797.00, 1
670, 1913, 3, 0, 2717, 2719, 806, 803, 268.67, 1
671, 1916, 5, 0, 2720, 2724, 808, 803, 161.60, 1
672, 1919, 7, 0, 2725, 6694, 4775, 4768, 682.14, 1
673, 1922, 5, 0, 2730, 2734, 812, 807, 162.40, 1
674, 1925, 3, 0, 2735, 2737, 812, 809, 270.67, 1
675, 1928, 3, 0, 2738, 2740, 812, 809, 270.67, 1
676, 1931, 6, 0, 2741, 6695, 4764, 4758, 794.00, 1
677, 1934, 7, 0, 2746, 6697, 4763, 4756, 680.43, 1
678, 1937, 8, 0, 2751, 6700, 4763, 4755, 595.38, 1
679, 1940, 1, 0, 2756, 2756, 816, 815, 816.00, 1
680, 1943, 5, 0, 2757, 2761, 818, 813, 163.60, 1
681, 1946, 5, 0, 2762, 2766, 820, 815, 164.00, 1
682, 1949, 7, 0, 2767, 6702, 4753, 4746, 679.00, 1
683, 1952, 8, 0, 2772, 6705, 4753, 4745, 594.12, 1
684, 1955, 5, 0, 2777, 2781, 826, 821, 165.20, 1
685, 1958, 5, 0, 2782, 2786, 828, 823, 165.60, 1
686, 1961, 3, 0, 2787, 2789, 828, 825, 276.00, 1
687, 1964, 6, 0, 2790, 6706, 4742, 4736, 790.33, 1
688, 1967, 2, 0, 2795, 2796, 829, 827, 414.50, 1
689, 1970, 2, 0, 2797, 2798, 828, 826, 414.00, 1
690, 1973, 4, 0, 2799, 2802, 829, 825, 207.25, 1
691, 1976, 5, 0, 2803, 2807, 831, 826, 166.20, 1
692, 1979, 2, 0, 2808, 2809, 830, 828, 415.00, 1
693, 1982, 12, 0, 2810, 7685, 5703, 5691, 475.25, 1
694, 1985, 5, 0, 2815, 2819, 834, 829, 166.80, 1
695, 1988, 6, 0, 2820, 6712, 4724, 4718, 787.33, 1
696, 1991, 3, 0, 2825, 2827, 836, 833, 278.67, 1
697, 1994, 6, 0, 2828, 6713, 4719, 4713, 786.50, 1
698, 1997, 13, 0, 2833, 7688, 5691, 5678, 437.77, 1
699, 2000, 7, 0, 2838, 6720, 4720, 4713, 674.29, 1
700, 2003, 8, 0, 2843, 6723, 4720, 4712, 590.00, 1
701, 2006, 4, 0, 2848, 2851, 845, 841, 211.25, 1
702, 2009, 3, 0, 2852, 2854, 845, 842, 281.67, 1
703, 2012, 1, 0, 2855, 2855, 843, 842, 843.00, 1
704, 2015, 3, 0, 2856, 2858, 843, 840, 281.00, 1
705, 2018, 7, 0, 2859, 6725, 4707, 4700, 672.43, 1
706, 2021, 9, 0, 2864, 6729, 4708, 4699, 523.11, 1
707, 2024, 6, 0, 2869, 6730, 4706, 4700, 784.33, 1
708, 2027, 4, 0, 2874, 2877, 850, 846, 212.50, 1
709, 2030, 14, 0, 2878, 7692, 5662, 5648, 404.43, 1
710, 2033, 3, 0, 2883, 2885, 852, 849, 284.00, 1
711, 2036, 4, 0, 2886, 2889, 853, 849, 213.25, 1
712, 2039, 14, 0, 2890, 7696, 5657, 5643, 404.07, 1
713, 2042, 2, 0, 2895, 2896, 854, 852, 427.00, 1
714, 2045, 3, 0, 2897, 2899, 854, 851, 284.67, 1
715, 2048, 5, 0, 2900, 2904, 856, 851, 171.20, 1
716, 2051, 5, 0, 2905, 2909, 858, 853, 171.60, 1
717, 2054, 4, 0, 2910, 2913, 859, 855, 214.75, 1
718, 2057, 3, 0, 2914, 2916, 859, 856, 286.33, 1
719, 2060, 3, 0, 2917, 2919, 859, 856, 286.33, 1
720, 2063, 5, 0, 2920, 2924, 861, 856, 172.20, 1
721, 2066, 6, 0, 2925, 6741, 4675, 4669, 779.17, 1
722, 2069, 7, 0, 2930, 6743, 4674, 4667, 667.71, 1
723, 2072, 4, 0, 2935, 2938, 866, 862, 216.50, 1
724, 2075, 1, 0, 2939, 2939, 864, 863, 864.00, 1
725, 2078, 3, 0, 2940, 2942, 864, 861, 288.00, 1
726, 2081, 4, 0, 2943, 2946, 865, 861, 216.25, 1
727, 2084, 6, 0, 2947, 6744, 4660, 4654, 776.67, 1
728, 2087, 9, 0, 2952, 6748, 4661, 4652, 517.89, 1
729, 2090, 8, 0, 2957, 6751, 4661, 4653, 582.62, 1
730, 2093, 8, 0, 2962, 6754, 4661, 4653, 582.62, 1
731, 2096, 7, 0, 2967, 6756, 4660, 4653, 665.71, 1
732, 2099, 16, 0, 2972, 8008, 5909, 5893, 369.31, 1
733, 2102, 7, 0, 2977, 6763, 4661, 4654, 665.86, 1
734, 2105, 5, 0, 2982, 2986, 881, 876, 176.20, 1
735, 2108, 12, 0, 2987, 7703, 5595, 5583, 466.25, 1
736, 2111, 14, 0, 2992, 7707, 5596, 5582, 399.71, 1
737, 2114, 15, 0, 2997, 7712, 5598, 5583, 373.20, 1
738, 2117, 16, 0, 3002, 8009, 5892, 5876, 368.25, 1
739, 2120, 15, 0, 3007, 7722, 5602, 5587, 373.47, 1
740, 2123, 3, 0, 3012, 3014, 891, 888, 297.00, 1
741, 2126, 5, 0, 3015, 3019, 893, 888, 178.60, 1
742, 2129, 3, 0, 3020, 3022, 893, 890, 297.67, 1
743, 2132, 6, 0, 3023, 6789, 4657, 4651, 776.17, 1
744, 2135, 7, 0, 3028, 6791, 4656, 4649, 665.14, 1
745, 2138, 5, 0, 3033, 3037, 899, 894, 179.80, 1
746, 2141, 3, 0, 3038, 3040, 899, 896, 299.67, 1
747, 2144, 5, 0, 3041, 3045, 901, 896, 180.20, 1
748, 2147, 1, 0, 3046, 3046, 899, 898, 899.00, 1
749, 2150, 4, 0, 3047, 3050, 900, 896, 225.00, 1
750, 2153, 3, 0, 3051, 3053, 900, 897, 300.00, 1
751, 2156, 3, 0, 3054, 3056, 900, 897, 300.00, 1
752, 2159, 3, 0, 3057, 3059, 900, 897, 300.00, 1
753, 2162, 5, 0, 3060, 3064, 902, 897, 180.40, 1
754, 2165, 7, 0, 3065, 6793, 4628, 4621, 661.14, 1
755, 2168, 4, 0, 3070, 3073, 905, 901, 226.25, 1
756, 2171, 7, 0, 3074, 6795, 4624, 4617, 660.57, 1
757, 2174, 8, 0, 3079, 6798, 4624, 4616, 578.00, 1
758, 2177, 6, 0, 3084, 6799, 4622, 4616, 770.33, 1
759, 2180, 5, 0, 3089, 3093, 913, 908, 182.60, 1
760, 2183, 3, 0, 3094, 3096, 913, 910, 304.33, 1
761, 2186, 15, 0, 3097, 7727, 5541, 5526, 369.40, 1
762, 2189, 4, 0, 3102, 3105, 916, 912, 229.00, 1
763, 2192, 5, 0, 3106, 3110, 918, 913, 183.60, 1
764, 2195, 2, 0, 3111, 3112, 917, 915, 458.50, 1
765, 2198, 2, 0, 3113, 3114, 916, 914, 458.00, 1
766, 2201, 1, 0, 3115, 3115, 914, 913, 914.00, 1
767, 2204, 4, 0, 3116, 3119, 915, 911, 228.75, 1
768, 2207, 5, 0, 3120, 3124, 917, 912, 183.40, 1
769, 2210, 4, 0, 3125, 3128, 918, 914, 229.50, 1
770, 2213, 4, 0, 3129, 3132, 919, 915, 229.75, 1
771, 2216, 2, 0, 3133, 3134, 918, 916, 459.00, 1
772, 2219, 16, 0, 3135, 8010, 5791, 5775, 361.94, 1
773, 2222, 2, 0, 3140, 3141, 919, 917, 459.50, 1
774, 2225, 4, 0, 3142, 3145, 920, 916, 230.00, 1
775, 2228, 5, 0, 3146, 3150, 922, 917, 184.40, 1
776, 2231, 2, 0, 3151, 3152, 921, 919, 460.50, 1
777, 2234, 3, 0, 3153, 3155, 921, 918, 307.00, 1
778, 2237, 5, 0, 3156, 3160, 923, 918, 184.60, 1
779, 2240, 4, 0, 3161, 3164, 924, 920, 231.00, 1
780, 2243, 3, 0, 3165, 3167, 924, 921, 308.00, 1
781, 2246, 5, 0, 3168, 3172, 926, 921, 185.20, 1
782, 2249, 4, 0, 3173, 3176, 927, 923, 231.75, 1
783, 2252, 4, 0, 3177, 3180, 928, 924, 232.00, 1
784, 2255, 3, 0, 3181, 3183, 928, 925, 309.33, 1
785, 2258, 5, 0, 3184, 3188, 930, 925, 186.00, 1
786, 2261, 4, 0, 3189, 3192, 931, 927, 232.75, 1
787, 2264, 3, 0, 3193, 3195, 931, 928, 310.33, 1
788, 2267, 5, 0, 3196, 3200, 933, 928, 186.60, 1
789, 2270, 4, 0, 3201, 3204, 934, 930, 233.50, 1
790, 2273, 3, 0, 3205, 3207, 934, 931, 311.33, 1
791, 2276, 5, 0, 3208, 3212, 936, 931, 187.20, 1
792, 2279, 4, 0, 3213, 3216, 937, 933, 234.25, 1
793, 2282, 5, 0, 3217, 3221, 939, 934, 187.80, 1
794, 2285, 8, 0, 3222, 6812, 4527, 4519, 565.88, 1
795, 2288, 2, 0, 3227, 3228, 940, 938, 470.00, 1
796, 2291, 4, 0, 3229, 3232, 941, 937, 235.25, 1
797, 2294, 5, 0, 3233, 3237, 943, 938, 188.60, 1
798, 2297, 2, 0, 3238, 3239, 942, 940, 471.00, 1
799, 2300, 4, 0, 3240, 3243, 943, 939, 235.75, 1
800, 2303, 4, 0, 3244, 3247, 944, 940, 236.00, 1
801, 2306, 6, 0, 3248, 6813, 4507, 4501, 751.17, 1
802, 2309, 3, 0, 3253, 3255, 946, 943, 315.33, 1
803, 2312, 5, 0, 3256, 3260, 948, 943, 189.60, 1
804, 2315, 7, 0, 3261, 6815, 4500, 4493, 642.86, 1
805, 2318, 5, 0, 3266, 3270, 952, 947, 190.40, 1
806, 2321, 3, 0, 3271, 3273, 952, 949, 317.33, 1
807, 2324, 3, 0, 3274, 3276, 952, 949, 317.33, 1
808, 2327, 6, 0, 3277, 6816, 4489, 4483, 748.17, 1
809, 2330, 7, 0, 3282, 6818, 4488, 4481, 641.14, 1
810, 2333, 8, 0, 3287, 6821, 4488, 4480, 561.00, 1
811, 2336, 1, 0, 3292, 3292, 956, 955, 956.00, 1
812, 2339, 5, 0, 3293, 3297, 958, 953, 191.60, 1
813, 2342, 5, 0, 3298, 3302, 960, 955, 192.00, 1
814, 2345, 7, 0, 3303, 6823, 4478, 4471, 639.71, 1
815, 2348, 8, 0, 3308, 6826, 4478, 4470, 559.75, 1
816, 2351, 5, 0, 3313, 3317, 966, 961, 193.20, 1
817, 2354, 5, 0, 3318, 3322, 968, 963, 193.60, 1
818, 2357, 3, 0, 3323, 3325, 968, 965, 322.67, 1
819, 2360, 6, 0, 3326, 6827, 4467, 4461, 744.50, 1
820, 2363, 2, 0, 3331, 3332, 969, 967, 484.50, 1
821, 2366, 2, 0, 3333, 3334, 968, 966, 484.00, 1
822, 2369, 4, 0, 3335, 3338, 969, 965, 242.25, 1
823, 2372, 5, 0, 3339, 3343, 971, 966, 194.20, 1
824, 2375, 2, 0, 3344, 3345, 970, 968, 485.00, 1
825, 2378, 12, 0, 3346, 7734, 5356, 5344, 446.33, 1
826, 2381, 5, 0, 3351, 3355, 974, 969, 194.80, 1
827, 2384, 6, 0, 3356, 6833, 4449, 4443, 741.50, 1
828, 2387, 3, 0, 3361, 3363, 976, 973, 325.33, 1
829, 2390, 6, 0, 3364, 6834, 4444, 4438, 740.67, 1
830, 2393, 13, 0, 3369, 7737, 5344, 5331, 411.08, 1
831, 2396, 7, 0, 3374, 6841, 4445, 4438, 635.00, 1
832, 2399, 8, 0, 3379, 6844, 4445, 4437, 555.62, 1
833, 2402, 4, 0, 3384, 3387, 985, 981, 246.25, 1
834, 2405, 3, 0, 3388, 3390, 985, 982, 328.33, 1
835, 2408, 1, 0, 3391, 3391, 983, 982, 983.00, 1
836, 2411, 3, 0, 3392, 3394, 983, 980, 327.67, 1
837, 2414, 7, 0, 3395, 6846, 4432, 4425, 633.14, 1
838, 2417, 9, 0, 3400, 6850, 4433, 4424, 492.56, 1
839, 2420, 6, 0, 3405, 6851, 4431, 4425, 738.50, 1
840, 2423, 4, 0, 3410, 3413, 990, 986, 247.50, 1
841, 2426, 14, 0, 3414, 7741, 5315, 5301, 379.64, 1
842, 2429, 3, 0, 3419, 3421, 992, 989, 330.67, 1
843, 2432, 4, 0, 3422, 3425, 993, 989, 248.25, 1
844, 2435, 14, 0, 3426, 7745, 5310, 5296, 379.29, 1
845, 2438, 2, 0, 3431, 3432, 994, 992, 497.00, 1
846, 2441, 3, 0, 3433, 3435, 994, 991, 331.33, 1
847, 2444, 5, 0, 3436, 3440, 996, 991, 199.20, 1
848, 2447, 5, 0, 3441, 3445, 998, 993, 199.60, 1
849, 2450, 4, 0, 3446, 3449, 999, 995, 249.75, 1
850, 2453, 3, 0, 3450, 3452, 999, 996, 333.00, 1
851, 2456, 3, 0, 3453, 3455, 999, 996, 333.00, 1
852, 2459, 5, 0, 3456, 3460, 1001, 996, 200.20, 1
853, 2462, 6, 0, 3461, 6862, 4400, 4394, 733.33, 1
854, 2465, 7, 0, 3466, 6864, 4399, 4392, 628.43, 1
855, 2468, 4, 0, 3471, 3474, 1006, 1002, 251.50, 1
856, 2471, 1, 0, 3475, 3475, 1004, 1003, 1004.00, 1
857, 2474, 3, 0, 3476, 3478, 1004, 1001, 334.67, 1
858, 2477, 4, 0, 3479, 3482, 1005, 1001, 251.25, 1
859, 2480, 6, 0, 3483, 6865, 4385, 4379, 730.83, 1
860, 2483, 9, 0, 3488, 6869, 4386, 4377, 487.33, 1
861, 2486, 8, 0, 3493, 6872, 4386, 4378, 548.25, 1
862, 2489, 8, 0, 3498, 6875, 4386, 4378, 548.25, 1
863, 2492, 7, 0, 3503, 6877, 4385, 4378, 626.43, 1
864, 2495, 16, 0, 3508, 8011, 5516, 5500, 344.75, 1
865, 2498, 7, 0, 3513, 6884, 4386, 4379, 626.57, 1
866, 2501, 5, 0, 3518, 3522, 1021, 1016, 204.20, 1
867, 2504, 12, 0, 3523, 7752, 5248, 5236, 437.33, 1
868, 2507, 14, 0, 3528, 7756, 5249, 5235, 374.93, 1
869, 2510, 15, 0, 3533, 7761, 5251, 5236, 350.07, 1
870, 2513, 16, 0, 3538, 8012, 5499, 5483, 343.69, 1
871, 2516, 15, 0, 3543, 7771, 5255, 5240, 350.33, 1
872, 2519, 3, 0, 3548, 3550, 1031, 1028, 343.67, 1
873, 2522, 5, 0, 3551, 3555, 1033, 1028, 206.60, 1
874, 2525, 3, 0, 3556, 3558, 1033, 1030, 344.33, 1
875, 2528, 6, 0, 3559, 6910, 4382, 4376, 730.33, 1
876, 2531, 7, 0, 3564, 6912, 4381, 4374, 625.86, 1
877, 2534, 5, 0, 3569, 3573, 1039, 1034, 207.80, 1
878, 2537, 3, 0, 3574, 3576, 1039, 1036, 346.33, 1
879, 2540, 5, 0, 3577, 3581, 1041, 1036, 208.20, 1
880, 2543, 1, 0, 3582, 3582, 1039, 1038, 1039.00, 1
881, 2546, 4, 0, 3583, 3586, 1040, 1036, 260.00, 1
882, 2549, 3, 0, 3587, 3589, 1040, 1037, 346.67, 1
883, 2552, 3, 0, 3590, 3592, 1040, 1037, 346.67, 1
884, 2555, 3, 0, 3593, 3595, 1040, 1037, 346.67, 1
885, 2558, 5, 0, 3596, 3600, 1042, 1037, 208.40, 1
886, 2561, 7, 0, 3601, 6914, 4353, 4346, 621.86, 1
887, 2564, 4, 0, 3606, 3609, 1045, 1041, 261.25, 1
888, 2567, 7, 0, 3610, 6916, 4349, 4342, 621.29, 1
889, 2570, 8, 0, 3615, 6919, 4349, 4341, 543.62, 1
890, 2573, 6, 0, 3620, 6920, 4347, 4341, 724.50, 1
891, 2576, 5, 0, 3625, 3629, 1053, 1048, 210.60, 1
892, 2579, 3, 0, 3630, 3632, 1053, 1050, 351.00, 1
893, 2582, 15, 0, 3633, 7776, 5194, 5179, 346.27, 1
894, 2585, 4, 0, 3638, 3641, 1056, 1052, 264.00, 1
895, 2588, 5, 0, 3642, 3646, 1058, 1053, 211.60, 1
896, 2591, 2, 0, 3647, 3648, 1057, 1055, 528.50, 1
897, 2594, 2, 0, 3649, 3650, 1056, 1054, 528.00, 1
898, 2597, 1, 0, 3651, 3651, 1054, 1053, 1054.00, 1
899, 2600, 4, 0, 3652, 3655, 1055, 1051, 263.75, 1
900, 2603, 5, 0, 3656, 3660, 1057, 1052, 211.40, 1
901, 2606, 4, 0, 3661, 3664, 1058, 1054, 264.50, 1
902, 2609, 4, 0, 3665, 3668, 1059, 1055, 264.75, 1
903, 2612, 2, 0, 3669, 3670, 1058, 1056, 529.00, 1
904, 2615, 16, 0, 3671, 8013, 5398, 5382, 337.38, 1
905, 2618, 2, 0, 3676, 3677, 1059, 1057, 529.50, 1
906, 2621, 4, 0, 3678, 3681, 1060, 1056, 265.00, 1
907, 2624, 5, 0, 3682, 3686, 1062, 1057, 212.40, 1
908, 2627, 2, 0, 3687, 3688, 1061, 1059, 530.50, 1
909, 2630, 3, 0, 3689, 3691, 1061, 1058, 353.67, 1
910, 2633, 5, 0, 3692, 3696, 1063, 1058, 212.60, 1
911, 2636, 4, 0, 3697, 3700, 1064, 1060, 266.00, 1
912, 2639, 3, 0, 3701, 3703, 1064, 1061, 354.67, 1
913, 2642, 5, 0, 3704, 3708, 1066, 1061, 213.20, 1
914, 2645, 4, 0, 3709, 3712, 1067, 1063, 266.75, 1
915, 2648, 4, 0, 3713, 3716, 1068, 1064, 267.00, 1
916, 2651, 3, 0, 3717, 3719, 1068, 1065, 356.00, 1
917, 2654, 5, 0, 3720, 3724, 1070, 1065, 214.00, 1
918, 2657, 4, 0, 3725, 3728, 1071, 1067, 267.75, 1
919, 2660, 3, 0, 3729, 3731, 1071, 1068, 357.00, 1
920, 2663, 5, 0, 3732, 3736, 1073, 1068, 214.60, 1
921, 2666, 4, 0, 3737, 3740, 1074, 1070, 268.50, 1
922, 2669, 3, 0, 3741, 3743, 1074, 1071, 358.00, 1
923, 2672, 5, 0, 3744, 3748, 1076, 1071, 215.20, 1
924, 2675, 4, 0, 3749, 3752, 1077, 1073, 269.25, 1
925, 2678, 5, 0, 3753, 3757, 1079, 1074, 215.80, 1
926, 2681, 8, 0, 3758, 6933, 4252, 4244, 531.50, 1
927, 2684, 2, 0, 3763, 3764, 1080, 1078, 540.00, 1
928, 2687, 4, 0, 3765, 3768, 1081, 1077, 270.25, 1
929, 2690, 5, 0, 3769, 3773, 1083, 1078, 216.60, 1
930, 2693, 2, 0, 3774, 3775, 1082, 1080, 541.00, 1
931, 2696, 4, 0, 3776, 3779, 1083, 1079, 270.75, 1
932, 2699, 4, 0, 3780, 3783, 1084, 1080, 271.00, 1
933, 2702, 6, 0, 3784, 6934, 4232, 4226, 705.33, 1
934, 2705, 3, 0, 3789, 3791, 1086, 1083, 362.00, 1
935, 2708, 5, 0, 3792, 3796, 1088, 1083, 217.60, 1
936, 2711, 7, 0, 3797, 6936, 4225, 4218, 603.57, 1
937, 2714, 5, 0, 3802, 3806, 1092, 1087, 218.40, 1
938, 2717, 3, 0, 3807, 3809, 1092, 1089, 364.00, 1
939, 2720, 3, 0, 3810, 3812, 1092, 1089, 364.00, 1
940, 2723, 6, 0, 3813, 6937, 4214, 4208, 702.33, 1
941, 2726, 7, 0, 3818, 6939, 4213, 4206, 601.86, 1
942, 2729, 8, 0, 3823, 6942, 4213, 4205, 526.62, 1
943, 2732, 1, 0, 3828, 3828, 1096, 1095, 1096.00, 1
944, 2735, 5, 0, 3829, 3833, 1098, 1093, 219.60, 1
945, 2738, 5, 0, 3834, 3838, 1100, 1095, 220.00, 1
946, 2741, 7, 0, 3839, 6944, 4203, 4196, 600.43, 1
947, 2744, 8, 0, 3844, 6947, 4203, 4195, 525.38, 1
948, 2747, 5, 0, 3849, 3853, 1106, 1101, 221.20, 1
949, 2750, 5, 0, 3854, 3858, 1108, 1103, 221.60, 1
950, 2753, 3, 0, 3859, 3861, 1108, 1105, 369.33, 1
951, 2756, 6, 0, 3862, 6948, 4192, 4186, 698.67, 1
952, 2759, 2, 0, 3867, 3868, 1109, 1107, 554.50, 1
953, 2762, 2, 0, 3869, 3870, 1108, 1106, 554.00, 1
954, 2765, 4, 0, 3871, 3874, 1109, 1105, 277.25, 1
955, 2768, 5, 0, 3875, 3879, 1111, 1106, 222.20, 1
956, 2771, 2, 0, 3880, 3881, 1110, 1108, 555.00, 1
957, 2774, 12, 0, 3882, 7783, 5009, 4997, 417.42, 1
958, 2777, 5, 0, 3887, 3891, 1114, 1109, 222.80, 1
959, 2780, 6, 0, 3892, 6954, 4174, 4168, 695.67, 1
960, 2783, 3, 0, 3897, 3899, 1116, 1113, 372.00, 1
961, 2786, 6, 0, 3900, 6955, 4169, 4163, 694.83, 1
962, 2789, 13, 0, 3905, 7786, 4997, 4984, 384.38, 1
963, 2792, 70, 0, 3910, 8081, 5289, 5219, 75.56, 1
964, 2795, 8, 0, 3915, 6968, 4173, 4165, 521.62, 1
965, 2798, 4, 0, 3920, 3923, 1125, 1121, 281.25, 1
966, 2801, 3, 0, 3924, 3926, 1125, 1122, 375.00, 1
967, 2804, 1, 0, 3927, 3927, 1123, 1122, 1123.00, 1
968, 2807, 3, 0, 3928, 3930, 1123, 1120, 374.33, 1
969, 2810, 7, 0, 3931, 6970, 4160, 4153, 594.29, 1
970, 2813, 9, 0, 3936, 6974, 4161, 4152, 462.33, 1
971, 2816, 6, 0, 3941, 6975, 4159, 4153, 693.17, 1
972, 2819, 4, 0, 3946, 3949, 1130, 1126, 282.50, 1
973, 2822, 14, 0, 3950, 7795, 4973, 4959, 355.21, 1
974, 2825, 3, 0, 3955, 3957, 1132, 1129, 377.33, 1
975, 2828, 4, 0, 3958, 3961, 1133, 1129, 283.25, 1
976, 2831, 14, 0, 3962, 7799, 4968, 4954, 354.86, 1
977, 2834, 2, 0, 3967, 3968, 1134, 1132, 567.00, 1
978, 2837, 3, 0, 3969, 3971, 1134, 1131, 378.00, 1
979, 2840, 5, 0, 3972, 3976, 1136, 1131, 227.20, 1
980, 2843, 5, 0, 3977, 3981, 1138, 1133, 227.60, 1
981, 2846, 4, 0, 3982, 3985, 1139, 1135, 284.75, 1
982, 2849, 3, 0, 3986, 3988, 1139, 1136, 379.67, 1
983, 2852, 3, 0, 3989, 3991, 1139, 1136, 379.67, 1
984, 2855, 5, 0, 3992, 3996, 1141, 1136, 228.20, 1
985, 2858, 6, 0, 3997, 6986, 4128, 4122, 688.00, 1
986, 2861, 7, 0, 4002, 6988, 4127, 4120, 589.57, 1
987, 2864, 4, 0, 4007, 4010, 1146, 1142, 286.50, 1
988, 2867, 1, 0, 4011, 4011, 1144, 1143, 1144.00, 1
989, 2870, 3, 0, 4012, 4014, 1144, 1141, 381.33, 1
990, 2873, 4, 0, 4015, 4018, 1145, 1141, 286.25, 1
991, 2876, 6, 0, 4019, 6989, 4113, 4107, 685.50, 1
992, 2879, 9, 0, 4024, 6993, 4114, 4105, 457.11, 1
993, 2882, 8, 0, 4029, 6996, 4114, 4106, 514.25, 1
994, 2885, 8, 0, 4034, 6999, 4114, 4106, 514.25, 1
995, 2888, 7, 0, 4039, 7001, 4113, 4106, 587.57, 1
996, 2891, 16, 0, 4044, 8019, 5128, 5112, 320.50, 1
997, 2894, 7, 0, 4049, 7008, 4114, 4107, 587.71, 1
998, 2897, 5, 0, 4054, 4058, 1161, 1156, 232.20, 1
999, 2900, 12, 0, 4059, 7806, 4906, 4894, 408.83, 1
1000, 2903, 14, 0, 4064, 7810, 4907, 4893, 350.50, 1
1001, 2906, 15, 0, 4069, 7815, 4909, 4894, 327.27, 1
1002, 2909, 16, 0, 4074, 8020, 5111, 5095, 319.44, 1
1003, 2912, 15, 0, 4079, 7825, 4913, 4898, 327.53, 1
1004, 2915, 3, 0, 4084, 4086, 1171, 1168, 390.33, 1
1005, 2918, 5, 0, 4087, 4091, 1173, 1168, 234.60, 1
1006, 2921, 3, 0, 4092, 4094, 1173, 1170, 391.00, 1
1007, 2924, 6, 0, 4095, 7034, 4110, 4104, 685.00, 1
1008, 2927, 7, 0, 4100, 7036, 4109, 4102, 587.00, 1
1009, 2930, 5, 0, 4105, 4109, 1179, 1174, 235.80, 1
1010, 2933, 3, 0, 4110, 4112, 1179, 1176, 393.00, 1
1011, 2936, 5, 0, 4113, 4117, 1181, 1176, 236.20, 1
1012, 2939, 1, 0, 4118, 4118, 1179, 1178, 1179.00, 1
1013, 2942, 4, 0, 4119, 4122, 1180, 1176, 295.00, 1
1014, 2945, 3, 0, 4123, 4125, 1180, 1177, 393.33, 1
1015, 2948, 3, 0, 4126, 4128, 1180, 1177, 393.33, 1
1016, 2951, 3, 0, 4129, 4131, 1180, 1177, 393.33, 1
1017, 2954, 5, 0, 4132, 4136, 1182, 1177, 236.40, 1
1018, 2957, 7, 0, 4137, 7038, 4081, 4074, 583.00, 1
1019, 2960, 4, 0, 4142, 4145, 1185, 1181, 296.25, 1
1020, 2963, 7, 0, 4146, 7040, 4077, 4070, 582.43, 1
1021, 2966, 8, 0, 4151, 7043, 4077, 4069, 509.62, 1
1022, 2969, 6, 0, 4156, 7044, 4075, 4069, 679.17, 1
1023, 2972, 5, 0, 4161, 4165, 1193, 1188, 238.60, 1
1024, 2975, 3, 0, 4166, 4168, 1193, 1190, 397.67, 1
1025, 2978, 15, 0, 4169, 7830, 4852, 4837, 323.47, 1
1026, 2981, 4, 0, 4174, 4177, 1196, 1192, 299.00, 1
1027, 2984, 5, 0, 4178, 4182, 1198, 1193, 239.60, 1
1028, 2987, 2, 0, 4183, 4184, 1197, 1195, 598.50, 1
1029, 2990, 2, 0, 4185, 4186, 1196, 1194, 598.00, 1
1030, 2993, 1, 0, 4187, 4187, 1194, 1193, 1194.00, 1
1031, 2996, 4, 0, 4188, 4191, 1195, 1191, 298.75, 1
1032, 2999, 5, 0, 4192, 4196, 1197, 1192, 239.40, 1
1033, 3002, 4, 0, 4197, 4200, 1198, 1194, 299.50, 1
1034, 3005, 4, 0, 4201, 4204, 1199, 1195, 299.75, 1
1035, 3008, 2, 0, 4205, 4206, 1198, 1196, 599.00, 1
1036, 3011, 16, 0, 4207, 8021, 5010, 4994, 313.12, 1
1037, 3014, 2, 0, 4212, 4213, 1199, 1197, 599.50, 1
1038, 3017, 4, 0, 4214, 4217, 1200, 1196, 300.00, 1
1039, 3020, 5, 0, 4218, 4222, 1202, 1197, 240.40, 1
1040, 3023, 2, 0, 4223, 4224, 1201, 1199, 600.50, 1
1041, 3026, 3, 0, 4225, 4227, 1201, 1198, 400.33, 1
1042, 3029, 5, 0, 4228, 4232, 1203, 1198, 240.60, 1
1043, 3032, 4, 0, 4233, 4236, 1204, 1200, 301.00, 1
1044, 3035, 3, 0, 4237, 4239, 1204, 1201, 401.33, 1
1045, 3038, 5, 0, 4240, 4244, 1206, 1201, 241.20, 1
1046, 3041, 4, 0, 4245, 4248, 1207, 1203, 301.75, 1
1047, 3044, 4, 0, 4249, 4252, 1208, 1204, 302.00, 1
1048, 3047, 3, 0, 4253, 4255, 1208, 1205, 402.67, 1
1049, 3050, 5, 0, 4256, 4260, 1210, 1205, 242.00, 1
1050, 3053, 4, 0, 4261, 4264, 1211, 1207, 302.75, 1
1051, 3056, 3, 0, 4265, 4267, 1211, 1208, 403.67, 1
1052, 3059, 5, 0, 4268, 4272, 1213, 1208, 242.60, 1
1053, 3062, 4, 0, 4273, 4276, 1214, 1210, 303.50, 1
1054, 3065, 3, 0, 4277, 4279, 1214, 1211, 404.67, 1
1055, 3068, 5, 0, 4280, 4284, 1216, 1211, 243.20, 1
1056, 3071, 4, 0, 4285, 4288, 1217, 1213, 304.25, 1
1057, 3074, 1, 0, 4289, 4289, 1215, 1214, 1215.00, 1
1058, 3077, 4, 0, 4290, 4293, 1216, 1212, 304.00, 1
1059, 3080, 3, 0, 4294, 4296, 1216, 1213, 405.33, 1
1060, 3083, 3, 0, 4297, 4299, 1216, 1213, 405.33, 1
1061, 3086, 3, 0, 4300, 4302, 1216, 1213, 405.33, 1
1062, 3089, 5, 0, 4303, 4307, 1218, 1213, 243.60, 1
1063, 3092, 7, 0, 4308, 7056, 3964, 3957, 566.29, 1
1064, 3095, 4, 0, 4313, 4316, 1221, 1217, 305.25, 1
1065, 3098, 7, 0, 4317, 7058, 3960, 3953, 565.71, 1
1066, 3101, 8, 0, 4322, 7061, 3960, 3952, 495.00, 1
1067, 3104, 6, 0, 4327, 7062, 3958, 3952, 659.67, 1
1068, 3107, 5, 0, 4332, 4336, 1229, 1224, 245.80, 1
1069, 3110, 3, 0, 4337, 4339, 1229, 1226, 409.67, 1
1070, 3113, 15, 0, 4340, 7840, 4727, 4712, 315.13, 1
1071, 3116, 4, 0, 4345, 4348, 1232, 1228, 308.00, 1
1072, 3119, 5, 0, 4349, 4353, 1234, 1229, 246.80, 1
1073, 3122, 2, 0, 4354, 4355, 1233, 1231, 616.50, 1
1074, 3125, 2, 0, 4356, 4357, 1232, 1230, 616.00, 1
1075, 3128, 1, 0, 4358, 4358, 1230, 1229, 1230.00, 1
1076, 3131, 4, 0, 4359, 4362, 1231, 1227, 307.75, 1
1077, 3134, 5, 0, 4363, 4367, 1233, 1228, 246.60, 1
1078, 3137, 4, 0, 4368, 4371, 1234, 1230, 308.50, 1
1079, 3140, 4, 0, 4372, 4375, 1235, 1231, 308.75, 1
1080, 3143, 2, 0, 4376, 4377, 1234, 1232, 617.00, 1
1081, 3146, 16, 0, 4378, 8022, 4876, 4860, 304.75, 1
1082, 3149, 2, 0, 4383, 4384, 1235, 1233, 617.50, 1
1083, 3152, 4, 0, 4385, 4388, 1236, 1232, 309.00, 1
1084, 3155, 5, 0, 4389, 4393, 1238, 1233, 247.60, 1
1085, 3158, 2, 0, 4394, 4395, 1237, 1235, 618.50, 1
1086, 3161, 3, 0, 4396, 4398, 1237, 1234, 412.33, 1
1087, 3164, 5, 0, 4399, 4403, 1239, 1234, 247.80, 1
1088, 3167, 4, 0, 4404, 4407, 1240, 1236, 310.00, 1
1089, 3170, 3, 0, 4408, 4410, 1240, 1237, 413.33, 1
1090, 3173, 5, 0, 4411, 4415, 1242, 1237, 248.40, 1
1091, 3176, 4, 0, 4416, 4419, 1243, 1239, 310.75, 1
1092, 3179, 4, 0, 4420, 4423, 1244, 1240, 311.00, 1
1093, 3182, 3, 0, 4424, 4426, 1244, 1241, 414.67, 1
1094, 3185, 5, 0, 4427, 4431, 1246, 1241, 249.20, 1
1095, 3188, 4, 0, 4432, 4435, 1247, 1243, 311.75, 1
1096, 3191, 3, 0, 4436, 4438, 1247, 1244, 415.67, 1
1097, 3194, 5, 0, 4439, 4443, 1249, 1244, 249.80, 1
1098, 3197, 4, 0, 4444, 4447, 1250, 1246, 312.50, 1
1099, 3200, 3, 0, 4448, 4450, 1250, 1247, 416.67, 1
1100, 3203, 5, 0, 4451, 4455, 1252, 1247, 250.40, 1
1101, 3206, 4, 0, 4456, 4459, 1253, 1249, 313.25, 1
1102, 3209, 5, 0, 4460, 4464, 1255, 1250, 251.00, 1
1103, 3212, 8, 0, 4465, 7075, 3863, 3855, 482.88, 1
1104, 3215, 2, 0, 4470, 4471, 1256, 1254, 628.00, 1
1105, 3218, 4, 0, 4472, 4475, 1257, 1253, 314.25, 1
1106, 3221, 5, 0, 4476, 4480, 1259, 1254, 251.80, 1
1107, 3224, 2, 0, 4481, 4482, 1258, 1256, 629.00, 1
1108, 3227, 4, 0, 4483, 4486, 1259, 1255, 314.75, 1
1109, 3230, 4, 0, 4487, 4490, 1260, 1256, 315.00, 1
1110, 3233, 6, 0, 4491, 7076, 3843, 3837, 640.50, 1
1111, 3236, 3, 0, 4496, 4498, 1262, 1259, 420.67, 1
1112, 3239, 5, 0, 4499, 4503, 1264, 1259, 252.80, 1
1113, 3242, 7, 0, 4504, 7078, 3836, 3829, 548.00, 1
1114, 3245, 5, 0, 4509, 4513, 1268, 1263, 253.60, 1
1115, 3248, 3, 0, 4514, 4516, 1268, 1265, 422.67, 1
1116, 3251, 3, 0, 4517, 4519, 1268, 1265, 422.67, 1
1117, 3254, 6, 0, 4520, 7079, 3825, 3819, 637.50, 1
1118, 3257, 7, 0, 4525, 7081, 3824, 3817, 546.29, 1
1119, 3260, 8, 0, 4530, 7084, 3824, 3816, 478.00, 1
1120, 3263, 1, 0, 4535, 4535, 1272, 1271, 1272.00, 1
1121, 3266, 5, 0, 4536, 4540, 1274, 1269, 254.80, 1
1122, 3269, 5, 0, 4541, 4545, 1276, 1271, 255.20, 1
1123, 3272, 7, 0, 4546, 7086, 3814, 3807, 544.86, 1
1124, 3275, 8, 0, 4551, 7089, 3814, 3806, 476.75, 1
1125, 3278, 5, 0, 4556, 4560, 1282, 1277, 256.40, 1
1126, 3281, 5, 0, 4561, 4565, 1284, 1279, 256.80, 1
1127, 3284, 3, 0, 4566, 4568, 1284, 1281, 428.00, 1
1128, 3287, 6, 0, 4569, 7090, 3803, 3797, 633.83, 1
1129, 3290, 2, 0, 4574, 4575, 1285, 1283, 642.50, 1
1130, 3293, 2, 0, 4576, 4577, 1284, 1282, 642.00, 1
1131, 3296, 4, 0, 4578, 4581, 1285, 1281, 321.25, 1
1132, 3299, 5, 0, 4582, 4586, 1287, 1282, 257.40, 1
1133, 3302, 2, 0, 4587, 4588, 1286, 1284, 643.00, 1
1134, 3305, 12, 0, 4589, 7847, 4542, 4530, 378.50, 1
1135, 3308, 5, 0, 4594, 4598, 1290, 1285, 258.00, 1
1136, 3311, 6, 0, 4599, 7096, 3785, 3779, 630.83, 1
1137, 3314, 3, 0, 4604, 4606, 1292, 1289, 430.67, 1
1138, 3317, 6, 0, 4607, 7097, 3780, 3774, 630.00, 1
1139, 3320, 13, 0, 4612, 7850, 4530, 4517, 348.46, 1
1140, 3323, 7, 0, 4617, 7104, 3781, 3774, 540.14, 1
1141, 3326, 8, 0, 4622, 7107, 3781, 3773, 472.62, 1
1142, 3329, 4, 0, 4627, 4630, 1301, 1297, 325.25, 1
1143, 3332, 3, 0, 4631, 4633, 1301, 1298, 433.67, 1
1144, 3335, 1, 0, 4634, 4634, 1299, 1298, 1299.00, 1
1145, 3338, 3, 0, 4635, 4637, 1299, 1296, 433.00, 1
1146, 3341, 7, 0, 4638, 7109, 3768, 3761, 538.29, 1
1147, 3344, 9, 0, 4643, 7113, 3769, 3760, 418.78, 1
1148, 3347, 6, 0, 4648, 7114, 3767, 3761, 627.83, 1
1149, 3350, 4, 0, 4653, 4656, 1306, 1302, 326.50, 1
1150, 3353, 14, 0, 4657, 7854, 4501, 4487, 321.50, 1
1151, 3356, 3, 0, 4662, 4664, 1308, 1305, 436.00, 1
1152, 3359, 4, 0, 4665, 4668, 1309, 1305, 327.25, 1
1153, 3362, 14, 0, 4669, 7858, 4496, 4482, 321.14, 1
1154, 3365, 2, 0, 4674, 4675, 1310, 1308, 655.00, 1
1155, 3368, 3, 0, 4676, 4678, 1310, 1307, 436.67, 1
1156, 3371, 5, 0, 4679, 4683, 1312, 1307, 262.40, 1
1157, 3374, 5, 0, 4684, 4688, 1314, 1309, 262.80, 1
1158, 3377, 4, 0, 4689, 4692, 1315, 1311, 328.75, 1
1159, 3380, 3, 0, 4693, 4695, 1315, 1312, 438.33, 1
1160, 3383, 3, 0, 4696, 4698, 1315, 1312, 438.33, 1
1161, 3386, 5, 0, 4699, 4703, 1317, 1312, 263.40, 1
1162, 3389, 6, 0, 4704, 7125, 3736, 3730, 622.67, 1
1163, 3392, 7, 0, 4709, 7127, 3735, 3728, 533.57, 1
1164, 3395, 4, 0, 4714, 4717, 1322, 1318, 330.50, 1
1165, 3398, 1, 0, 4718, 4718, 1320, 1319, 1320.00, 1
1166, 3401, 3, 0, 4719, 4721, 1320, 1317, 440.00, 1
1167, 3404, 4, 0, 4722, 4725, 1321, 1317, 330.25, 1
1168, 3407, 6, 0, 4726, 7128, 3721, 3715, 620.17, 1
1169, 3410, 9, 0, 4731, 7132, 3722, 3713, 413.56, 1
1170, 3413, 8, 0, 4736, 7135, 3722, 3714, 465.25, 1
1171, 3416, 8, 0, 4741, 7138, 3722, 3714, 465.25, 1
1172, 3419, 7, 0, 4746, 7140, 3721, 3714, 531.57, 1
1173, 3422, 16, 0, 4751, 8023, 4601, 4585, 287.56, 1
1174, 3425, 7, 0, 4756, 7147, 3722, 3715, 531.71, 1
1175, 3428, 5, 0, 4761, 4765, 1337, 1332, 267.40, 1
1176, 3431, 12, 0, 4766, 7865, 4434, 4422, 369.50, 1
1177, 3434, 14, 0, 4771, 7869, 4435, 4421, 316.79, 1
1178, 3437, 15, 0, 4776, 7874, 4437, 4422, 295.80, 1
1179, 3440, 16, 0, 4781, 8024, 4584, 4568, 286.50, 1
1180, 3443, 15, 0, 4786, 7884, 4441, 4426, 296.07, 1
1181, 3446, 3, 0, 4791, 4793, 1347, 1344, 449.00, 1
1182, 3449, 5, 0, 4794, 4798, 1349, 1344, 269.80, 1
1183, 3452, 3, 0, 4799, 4801, 1349, 1346, 449.67, 1
1184, 3455, 6, 0, 4802, 7173, 3718, 3712, 619.67, 1
1185, 3458, 7, 0, 4807, 7175, 3717, 3710, 531.00, 1
1186, 3461, 5, 0, 4812, 4816, 1355, 1350, 271.00, 1
1187, 3464, 3, 0, 4817, 4819, 1355, 1352, 451.67, 1
1188, 3467, 5, 0, 4820, 4824, 1357, 1352, 271.40, 1
1189, 3470, 1, 0, 4825, 4825, 1355, 1354, 1355.00, 1
1190, 3473, 4, 0, 4826, 4829, 1356, 1352, 339.00, 1
1191, 3476, 3, 0, 4830, 4832, 1356, 1353, 452.00, 1
1192, 3479, 3, 0, 4833, 4835, 1356, 1353, 452.00, 1
1193, 3482, 3, 0, 4836, 4838, 1356, 1353, 452.00, 1
1194, 3485, 5, 0, 4839, 4843, 1358, 1353, 271.60, 1
1195, 3488, 7, 0, 4844, 7177, 3689, 3682, 527.00, 1
1196, 3491, 4, 0, 4849, 4852, 1361, 1357, 340.25, 1
1197, 3494, 7, 0, 4853, 7179, 3685, 3678, 526.43, 1
1198, 3497, 8, 0, 4858, 7182, 3685, 3677, 460.62, 1
1199, 3500, 6, 0, 4863, 7183, 3683, 3677, 613.83, 1
1200, 3503, 5, 0, 4868, 4872, 1369, 1364, 273.80, 1
1201, 3506, 3, 0, 4873, 4875, 1369, 1366, 456.33, 1
1202, 3509, 15, 0, 4876, 7889, 4380, 4365, 292.00, 1
1203, 3512, 4, 0, 4881, 4884, 1372, 1368, 343.00, 1
1204, 3515, 5, 0, 4885, 4889, 1374, 1369, 274.80, 1
1205, 3518, 2, 0, 4890, 4891, 1373, 1371, 686.50, 1
1206, 3521, 2, 0, 4892, 4893, 1372, 1370, 686.00, 1
1207, 3524, 1, 0, 4894, 4894, 1370, 1369, 1370.00, 1
1208, 3527, 4, 0, 4895, 4898, 1371, 1367, 342.75, 1
1209, 3530, 5, 0, 4899, 4903, 1373, 1368, 274.60, 1
1210, 3533, 4, 0, 4904, 4907, 1374, 1370, 343.50, 1
1211, 3536, 4, 0, 4908, 4911, 1375, 1371, 343.75, 1
1212, 3539, 2, 0, 4912, 4913, 1374, 1372, 687.00, 1
1213, 3542, 16, 0, 4914, 8025, 4483, 4467, 280.19, 1
1214, 3545, 2, 0, 4919, 4920, 1375, 1373, 687.50, 1
1215, 3548, 4, 0, 4921, 4924, 1376, 1372, 344.00, 1
1216, 3551, 5, 0, 4925, 4929, 1378, 1373, 275.60, 1
1217, 3554, 2, 0, 4930, 4931, 1377, 1375, 688.50, 1
1218, 3557, 3, 0, 4932, 4934, 1377, 1374, 459.00, 1
1219, 3560, 5, 0, 4935, 4939, 1379, 1374, 275.80, 1
1220, 3563, 4, 0, 4940, 4943, 1380, 1376, 345.00, 1
1221, 3566, 3, 0, 4944, 4946, 1380, 1377, 460.00, 1
1222, 3569, 5, 0, 4947, 4951, 1382, 1377, 276.40, 1
1223, 3572, 4, 0, 4952, 4955, 1383, 1379, 345.75, 1
1224, 3575, 4, 0, 4956, 4959, 1384, 1380, 346.00, 1
1225, 3578, 3, 0, 4960, 4962, 1384, 1381, 461.33, 1
1226, 3581, 5, 0, 4963, 4967, 1386, 1381, 277.20, 1
1227, 3584, 4, 0, 4968, 4971, 1387, 1383, 346.75, 1
1228, 3587, 3, 0, 4972, 4974, 1387, 1384, 462.33, 1
1229, 3590, 5, 0, 4975, 4979, 1389, 1384, 277.80, 1
1230, 3593, 4, 0, 4980, 4983, 1390, 1386, 347.50, 1
1231, 3596, 3, 0, 4984, 4986, 1390, 1387, 463.33, 1
1232, 3599, 5, 0, 4987, 4991, 1392, 1387, 278.40, 1
1233, 3602, 4, 0, 4992, 4995, 1393, 1389, 348.25, 1
1234, 3605, 5, 0, 4996, 5000, 1395, 1390, 279.00, 1
1235, 3608, 8, 0, 5001, 7196, 3588, 3580, 448.50, 1
1236, 3611, 2, 0, 5006, 5007, 1396, 1394, 698.00, 1
1237, 3614, 4, 0, 5008, 5011, 1397, 1393, 349.25, 1
1238, 3617, 5, 0, 5012, 5016, 1399, 1394, 279.80, 1
1239, 3620, 2, 0, 5017, 5018, 1398, 1396, 699.00, 1
1240, 3623, 4, 0, 5019, 5022, 1399, 1395, 349.75, 1
1241, 3626, 4, 0, 5023, 5026, 1400, 1396, 350.00, 1
1242, 3629, 6, 0, 5027, 7197, 3568, 3562, 594.67, 1
1243, 3632, 3, 0, 5032, 5034, 1402, 1399, 467.33, 1
1244, 3635, 5, 0, 5035, 5039, 1404, 1399, 280.80, 1
1245, 3638, 7, 0, 5040, 7199, 3561, 3554, 508.71, 1
1246, 3641, 5, 0, 5045, 5049, 1408, 1403, 281.60, 1
1247, 3644, 3, 0, 5050, 5052, 1408, 1405, 469.33, 1
1248, 3647, 3, 0, 5053, 5055, 1408, 1405, 469.33, 1
1249, 3650, 6, 0, 5056, 7200, 3550, 3544, 591.67, 1
1250, 3653, 7, 0, 5061, 7202, 3549, 3542, 507.00, 1
1251, 3656, 8, 0, 5066, 7205, 3549, 3541, 443.62, 1
1252, 3659, 1, 0, 5071, 5071, 1412, 1411, 1412.00, 1
1253, 3662, 5, 0, 5072, 5076, 1414, 1409, 282.80, 1
1254, 3665, 5, 0, 5077, 5081, 1416, 1411, 283.20, 1
1255, 3668, 7, 0, 5082, 7207, 3539, 3532, 505.57, 1
1256, 3671, 8, 0, 5087, 7210, 3539, 3531, 442.38, 1
1257, 3674, 5, 0, 5092, 5096, 1422, 1417, 284.40, 1
1258, 3677, 5, 0, 5097, 5101, 1424, 1419, 284.80, 1
1259, 3680, 3, 0, 5102, 5104, 1424, 1421, 474.67, 1
1260, 3683, 6, 0, 5105, 7211, 3528, 3522, 588.00, 1
1261, 3686, 2, 0, 5110, 5111, 1425, 1423, 712.50, 1
1262, 3689, 2, 0, 5112, 5113, 1424, 1422, 712.00, 1
1263, 3692, 4, 0, 5114, 5117, 1425, 1421, 356.25, 1
1264, 3695, 5, 0, 5118, 5122, 1427, 1422, 285.40, 1
1265, 3698, 2, 0, 5123, 5124, 1426, 1424, 713.00, 1
1266, 3701, 12, 0, 5125, 7896, 4195, 4183, 349.58, 1
1267, 3704, 5, 0, 5130, 5134, 1430, 1425, 286.00, 1
1268, 3707, 6, 0, 5135, 7217, 3510, 3504, 585.00, 1
1269, 3710, 3, 0, 5140, 5142, 1432, 1429, 477.33, 1
1270, 3713, 6, 0, 5143, 7218, 3505, 3499, 584.17, 1
1271, 3716, 13, 0, 5148, 7899, 4183, 4170, 321.77, 1
1272, 3719, 7, 0, 5153, 7225, 3506, 3499, 500.86, 1
1273, 3722, 8, 0, 5158, 7228, 3506, 3498, 438.25, 1
1274, 3725, 4, 0, 5163, 5166, 1441, 1437, 360.25, 1
1275, 3728, 3, 0, 5167, 5169, 1441, 1438, 480.33, 1
1276, 3731, 1, 0, 5170, 5170, 1439, 1438, 1439.00, 1
1277, 3734, 3, 0, 5171, 5173, 1439, 1436, 479.67, 1
1278, 3737, 7, 0, 5174, 7230, 3493, 3486, 499.00, 1
1279, 3740, 9, 0, 5179, 7234, 3494, 3485, 388.22, 1
1280, 3743, 6, 0, 5184, 7235, 3492, 3486, 582.00, 1
1281, 3746, 4, 0, 5189, 5192, 1446, 1442, 361.50, 1
1282, 3749, 14, 0, 5193, 7903, 4154, 4140, 296.71, 1
1283, 3752, 3, 0, 5198, 5200, 1448, 1445, 482.67, 1
1284, 3755, 4, 0, 5201, 5204, 1449, 1445, 362.25, 1
1285, 3758, 14, 0, 5205, 7907, 4149, 4135, 296.36, 1
1286, 3761, 2, 0, 5210, 5211, 1450, 1448, 725.00, 1
1287, 3764, 3, 0, 5212, 5214, 1450, 1447, 483.33, 1
1288, 3767, 5, 0, 5215, 5219, 1452, 1447, 290.40, 1
1289, 3770, 5, 0, 5220, 5224, 1454, 1449, 290.80, 1
1290, 3773, 4, 0, 5225, 5228, 1455, 1451, 363.75, 1
1291, 3776, 3, 0, 5229, 5231, 1455, 1452, 485.00, 1
1292, 3779, 3, 0, 5232, 5234, 1455, 1452, 485.00, 1
1293, 3782, 5, 0, 5235, 5239, 1457, 1452, 291.40, 1
1294, 3785, 6, 0, 5240, 7246, 3461, 3455, 576.83, 1
1295, 3788, 7, 0, 5245, 7248, 3460, 3453, 494.29, 1
1296, 3791, 4, 0, 5250, 5253, 1462, 1458, 365.50, 1
1297, 3794, 1, 0, 5254, 5254, 1460, 1459, 1460.00, 1
1298, 3797, 3, 0, 5255, 5257, 1460, 1457, 486.67, 1
1299, 3800, 4, 0, 5258, 5261, 1461, 1457, 365.25, 1
1300, 3803, 6, 0, 5262, 7249, 3446, 3440, 574.33, 1
1301, 3806, 9, 0, 5267, 7253, 3447, 3438, 383.00, 1
1302, 3809, 8, 0, 5272, 7256, 3447, 3439, 430.88, 1
1303, 3812, 8, 0, 5277, 7259, 3447, 3439, 430.88, 1
1304, 3815, 7, 0, 5282, 7261, 3446, 3439, 492.29, 1
1305, 3818, 16, 0, 5287, 8026, 4208, 4192, 263.00, 1
1306, 3821, 7, 0, 5292, 7268, 3447, 3440, 492.43, 1
1307, 3824, 5, 0, 5297, 5301, 1477, 1472, 295.40, 1
1308, 3827, 12, 0, 5302, 7914, 4087, 4075, 340.58, 1
1309, 3830, 14, 0, 5307, 7918, 4088, 4074, 292.00, 1
1310, 3833, 15, 0, 5312, 7923, 4090, 4075, 272.67, 1
1311, 3836, 16, 0, 5317, 8027, 4191, 4175, 261.94, 1
1312, 3839, 15, 0, 5322, 7933, 4094, 4079, 272.93, 1
1313, 3842, 3, 0, 5327, 5329, 1487, 1484, 495.67, 1
1314, 3845, 5, 0, 5330, 5334, 1489, 1484, 297.80, 1
1315, 3848, 3, 0, 5335, 5337, 1489, 1486, 496.33, 1
1316, 3851, 6, 0, 5338, 7294, 3443, 3437, 573.83, 1
1317, 3854, 7, 0, 5343, 7296, 3442, 3435, 491.71, 1
1318, 3857, 5, 0, 5348, 5352, 1495, 1490, 299.00, 1
1319, 3860, 3, 0, 5353, 5355, 1495, 1492, 498.33, 1
1320, 3863, 5, 0, 5356, 5360, 1497, 1492, 299.40, 1
1321, 3866, 1, 0, 5361, 5361, 1495, 1494, 1495.00, 1
1322, 3869, 4, 0, 5362, 5365, 1496, 1492, 374.00, 1
1323, 3872, 3, 0, 5366, 5368, 1496, 1493, 498.67, 1
1324, 3875, 3, 0, 5369, 5371, 1496, 1493, 498.67, 1
1325, 3878, 3, 0, 5372, 5374, 1496, 1493, 498.67, 1
1326, 3881, 5, 0, 5375, 5379, 1498, 1493, 299.60, 1
1327, 3884, 7, 0, 5380, 7298, 3414, 3407, 487.71, 1
1328, 3887, 4, 0, 5385, 5388, 1501, 1497, 375.25, 1
1329, 3890, 7, 0, 5389, 7300, 3410, 3403, 487.14, 1
1330, 3893, 8, 0, 5394, 7303, 3410, 3402, 426.25, 1
1331, 3896, 6, 0, 5399, 7304, 3408, 3402, 568.00, 1
1332, 3899, 5, 0, 5404, 5408, 1509, 1504, 301.80, 1
1333, 3902, 3, 0, 5409, 5411, 1509, 1506, 503.00, 1
1334, 3905, 15, 0, 5412, 7938, 4033, 4018, 268.87, 1
1335, 3908, 4, 0, 5417, 5420, 1512, 1508, 378.00, 1
1336, 3911, 5, 0, 5421, 5425, 1514, 1509, 302.80, 1
1337, 3914, 2, 0, 5426, 5427, 1513, 1511, 756.50, 1
1338, 3917, 2, 0, 5428, 5429, 1512, 1510, 756.00, 1
1339, 3920, 1, 0, 5430, 5430, 1510, 1509, 1510.00, 1
1340, 3923, 4, 0, 5431, 5434, 1511, 1507, 377.75, 1
1341, 3926, 5, 0, 5435, 5439, 1513, 1508, 302.60, 1
1342, 3929, 4, 0, 5440, 5443, 1514, 1510, 378.50, 1
1343, 3932, 4, 0, 5444, 5447, 1515, 1511, 378.75, 1
1344, 3935, 2, 0, 5448, 5449, 1514, 1512, 757.00, 1
1345, 3938, 16, 0, 5450, 8028, 4090, 4074, 255.62, 1
1346, 3941, 2, 0, 5455, 5456, 1515, 1513, 757.50, 1
1347, 3944, 4, 0, 5457, 5460, 1516, 1512, 379.00, 1
1348, 3947, 5, 0, 5461, 5465, 1518, 1513, 303.60, 1
1349, 3950, 2, 0, 5466, 5467, 1517, 1515, 758.50, 1
1350, 3953, 3, 0, 5468, 5470, 1517, 1514, 505.67, 1
1351, 3956, 5, 0, 5471, 5475, 1519, 1514, 303.80, 1
1352, 3959, 4, 0, 5476, 5479, 1520, 1516, 380.00, 1
1353, 3962, 3, 0, 5480, 5482, 1520, 1517, 506.67, 1
1354, 3965, 5, 0, 5483, 5487, 1522, 1517, 304.40, 1
1355, 3968, 4, 0, 5488, 5491, 1523, 1519, 380.75, 1
1356, 3971, 4, 0, 5492, 5495, 1524, 1520, 381.00, 1
1357, 3974, 3, 0, 5496, 5498, 1524, 1521, 508.00, 1
1358, 3977, 5, 0, 5499, 5503, 1526, 1521, 305.20, 1
1359, 3980, 4, 0, 5504, 5507, 1527, 1523, 381.75, 1
1360, 3983, 3, 0, 5508, 5510, 1527, 1524, 509.00, 1
1361, 3986, 5, 0, 5511, 5515, 1529, 1524, 305.80, 1
1362, 3989, 4, 0, 5516, 5519, 1530, 1526, 382.50, 1
1363, 3992, 3, 0, 5520, 5522, 1530, 1527, 510.00, 1
1364, 3995, 5, 0, 5523, 5527, 1532, 1527, 306.40, 1
1365, 3998, 4, 0, 5528, 5531, 1533, 1529, 383.25, 1
1366, 4001, 5, 0, 5532, 5536, 1535, 1530, 307.00, 1
1367, 4004, 8, 0, 5537, 7317, 3313, 3305, 414.12, 1
1368, 4007, 2, 0, 5542, 5543, 1536, 1534, 768.00, 1
1369, 4010, 4, 0, 5544, 5547, 1537, 1533, 384.25, 1
1370, 4013, 5, 0, 5548, 5552, 1539, 1534, 307.80, 1
1371, 4016, 2, 0, 5553, 5554, 1538, 1536, 769.00, 1
1372, 4019, 4, 0, 5555, 5558, 1539, 1535, 384.75, 1
1373, 4022, 4, 0, 5559, 5562, 1540, 1536, 385.00, 1
1374, 4025, 6, 0, 5563, 7318, 3293, 3287, 548.83, 1
1375, 4028, 3, 0, 5568, 5570, 1542, 1539, 514.00, 1
1376, 4031, 5, 0, 5571, 5575, 1544, 1539, 308.80, 1
1377, 4034, 7, 0, 5576, 7320, 3286, 3279, 469.43, 1
1378, 4037, 5, 0, 5581, 5585, 1548, 1543, 309.60, 1
1379, 4040, 3, 0, 5586, 5588, 1548, 1545, 516.00, 1
1380, 4043, 3, 0, 5589, 5591, 1548, 1545, 516.00, 1
1381, 4046, 6, 0, 5592, 7321, 3275, 3269, 545.83, 1
1382, 4049, 7, 0, 5597, 7323, 3274, 3267, 467.71, 1
1383, 4052, 8, 0, 5602, 7326, 3274, 3266, 409.25, 1
1384, 4055, 1, 0, 5607, 5607, 1552, 1551, 1552.00, 1
1385, 4058, 5, 0, 5608, 5612, 1554, 1549, 310.80, 1
1386, 4061, 5, 0, 5613, 5617, 1556, 1551, 311.20, 1
1387, 4064, 7, 0, 5618, 7328, 3264, 3257, 466.29, 1
1388, 4067, 8, 0, 5623, 7331, 3264, 3256, 408.00, 1
1389, 4070, 5, 0, 5628, 5632, 1562, 1557, 312.40, 1
1390, 4073, 5, 0, 5633, 5637, 1564, 1559, 312.80, 1
1391, 4076, 3, 0, 5638, 5640, 1564, 1561, 521.33, 1
1392, 4079, 6, 0, 5641, 7332, 3253, 3247, 542.17, 1
1393, 4082, 2, 0, 5646, 5647, 1565, 1563, 782.50, 1
1394, 4085, 2, 0, 5648, 5649, 1564, 1562, 782.00, 1
1395, 4088, 4, 0, 5650, 5653, 1565, 1561, 391.25, 1
1396, 4091, 5, 0, 5654, 5658, 1567, 1562, 313.40, 1
1397, 4094, 2, 0, 5659, 5660, 1566, 1564, 783.00, 1
1398, 4097, 12, 0, 5661, 7945, 3848, 3836, 320.67, 1
1399, 4100, 5, 0, 5666, 5670, 1570, 1565, 314.00, 1
1400, 4103, 6, 0, 5671, 7338, 3235, 3229, 539.17, 1
1401, 4106, 3, 0, 5676, 5678, 1572, 1569, 524.00, 1
1402, 4109, 6, 0, 5679, 7339, 3230, 3224, 538.33, 1
1403, 4112, 13, 0, 5684, 7948, 3836, 3823, 295.08, 1
1404, 4115, 7, 0, 5689, 7346, 3231, 3224, 461.57, 1
1405, 4118, 8, 0, 5694, 7349, 3231, 3223, 403.88, 1
1406, 4121, 4, 0, 5699, 5702, 1581, 1577, 395.25, 1
1407, 4124, 3, 0, 5703, 5705, 1581, 1578, 527.00, 1
1408, 4127, 1, 0, 5706, 5706, 1579, 1578, 1579.00, 1
1409, 4130, 3, 0, 5707, 5709, 1579, 1576, 526.33, 1
1410, 4133, 7, 0, 5710, 7351, 3218, 3211, 459.71, 1
1411, 4136, 9, 0, 5715, 7355, 3219, 3210, 357.67, 1
1412, 4139, 6, 0, 5720, 7356, 3217, 3211, 536.17, 1
1413, 4142, 4, 0, 5725, 5728, 1586, 1582, 396.50, 1
1414, 4145, 14, 0, 5729, 7952, 3807, 3793, 271.93, 1
1415, 4148, 3, 0, 5734, 5736, 1588, 1585, 529.33, 1
1416, 4151, 4, 0, 5737, 5740, 1589, 1585, 397.25, 1
1417, 4154, 14, 0, 5741, 7956, 3802, 3788, 271.57, 1
1418, 4157, 2, 0, 5746, 5747, 1590, 1588, 795.00, 1
1419, 4160, 3, 0, 5748, 5750, 1590, 1587, 530.00, 1
1420, 4163, 5, 0, 5751, 5755, 1592, 1587, 318.40, 1
1421, 4166, 5, 0, 5756, 5760, 1594, 1589, 318.80, 1
1422, 4169, 4, 0, 5761, 5764, 1595, 1591, 398.75, 1
1423, 4172, 3, 0, 5765, 5767, 1595, 1592, 531.67, 1
1424, 4175, 3, 0, 5768, 5770, 1595, 1592, 531.67, 1
1425, 4178, 5, 0, 5771, 5775, 1597, 1592, 319.40, 1
1426, 4181, 6, 0, 5776, 7367, 3186, 3180, 531.00, 1
1427, 4184, 7, 0, 5781, 7369, 3185, 3178, 455.00, 1
1428, 4187, 4, 0, 5786, 5789, 1602, 1598, 400.50, 1
1429, 4190, 1, 0, 5790, 5790, 1600, 1599, 1600.00, 1
1430, 4193, 3, 0, 5791, 5793, 1600, 1597, 533.33, 1
1431, 4196, 4, 0, 5794, 5797, 1601, 1597, 400.25, 1
1432, 4199, 6, 0, 5798, 7370, 3171, 3165, 528.50, 1
1433, 4202, 9, 0, 5803, 7374, 3172, 3163, 352.44, 1
1434, 4205, 8, 0, 5808, 7377, 3172, 3164, 396.50, 1
1435, 4208, 8, 0, 5813, 7380, 3172, 3164, 396.50, 1
1436, 4211, 7, 0, 5818, 7382, 3171, 3164, 453.00, 1
1437, 4214, 16, 0, 5823, 8029, 3815, 3799, 238.44, 1
1438, 4217, 7, 0, 5828, 7389, 3172, 3165, 453.14, 1
1439, 4220, 5, 0, 5833, 5837, 1617, 1612, 323.40, 1
1440, 4223, 12, 0, 5838, 7963, 3740, 3728, 311.67, 1
1441, 4226, 14, 0, 5843, 7967, 3741, 3727, 267.21, 1
1442, 4229, 15, 0, 5848, 7972, 3743, 3728, 249.53, 1
1443, 4232, 16, 0, 5853, 8030, 3798, 3782, 237.38, 1
1444, 4235, 15, 0, 5858, 7982, 3747, 3732, 249.80, 1
1445, 4238, 3, 0, 5863, 5865, 1627, 1624, 542.33, 1
1446, 4241, 5, 0, 5866, 5870, 1629, 1624, 325.80, 1
1447, 4244, 3, 0, 5871, 5873, 1629, 1626, 543.00, 1
1448, 4247, 6, 0, 5874, 7415, 3168, 3162, 528.00, 1
1449, 4250, 7, 0, 5879, 7417, 3167, 3160, 452.43, 1
1450, 4253, 5, 0, 5884, 5888, 1635, 1630, 327.00, 1
1451, 4256, 3, 0, 5889, 5891, 1635, 1632, 545.00, 1
1452, 4259, 5, 0, 5892, 5896, 1637, 1632, 327.40, 1
1453, 4262, 1, 0, 5897, 5897, 1635, 1634, 1635.00, 1
1454, 4265, 4, 0, 5898, 5901, 1636, 1632, 409.00, 1
1455, 4268, 3, 0, 5902, 5904, 1636, 1633, 545.33, 1
1456, 4271, 3, 0, 5905, 5907, 1636, 1633, 545.33, 1
1457, 4274, 3, 0, 5908, 5910, 1636, 1633, 545.33, 1
1458, 4277, 5, 0, 5911, 5915, 1638, 1633, 327.60, 1
1459, 4280, 7, 0, 5916, 7419, 3139, 3132, 448.43, 1
1460, 4283, 4, 0, 5921, 5924, 1641, 1637, 410.25, 1
1461, 4286, 7, 0, 5925, 7421, 3135, 3128, 447.86, 1
1462, 4289, 8, 0, 5930, 7424, 3135, 3127, 391.88, 1
1463, 4292, 6, 0, 5935, 7425, 3133, 3127, 522.17, 1
1464, 4295, 5, 0, 5940, 5944, 1649, 1644, 329.80, 1
1465, 4298, 3, 0, 5945, 5947, 1649, 1646, 549.67, 1
1466, 4301, 15, 0, 5948, 7987, 3686, 3671, 245.73, 1
1467, 4304, 4, 0, 5953, 5956, 1652, 1648, 413.00, 1
1468, 4307, 5, 0, 5957, 5961, 1654, 1649, 330.80, 1
1469, 4310, 2, 0, 5962, 5963, 1653, 1651, 826.50, 1
1470, 4313, 2, 0, 5964, 5965, 1652, 1650, 826.00, 1
1471, 4316, 1, 0, 5966, 5966, 1650, 1649, 1650.00, 1
1472, 4319, 4, 0, 5967, 5970, 1651, 1647, 412.75, 1
1473, 4322, 5, 0, 5971, 5975, 1653, 1648, 330.60, 1
1474, 4325, 4, 0, 5976, 5979, 1654, 1650, 413.50, 1
1475, 4328, 4, 0, 5980, 5983, 1655, 1651, 413.75, 1
1476, 4331, 2, 0, 5984, 5985, 1654, 1652, 827.00, 1
1477, 4334, 16, 0, 5986, 8031, 3697, 3681, 231.06, 1
1478, 4337, 2, 0, 5991, 5992, 1655, 1653, 827.50, 1
1479, 4340, 4, 0, 5993, 5996, 1656, 1652, 414.00, 1
1480, 4343, 5, 0, 5997, 6001, 1658, 1653, 331.60, 1
1481, 4346, 2, 0, 6002, 6003, 1657, 1655, 828.50, 1
1482, 4349, 3, 0, 6004, 6006, 1657, 1654, 552.33, 1
1483, 4352, 5, 0, 6007, 6011, 1659, 1654, 331.80, 1
1484, 4355, 4, 0, 6012, 6015, 1660, 1656, 415.00, 1
1485, 4358, 3, 0, 6016, 6018, 1660, 1657, 553.33, 1
1486, 4361, 5, 0, 6019, 6023, 1662, 1657, 332.40, 1
1487, 4364, 4, 0, 6024, 6027, 1663, 1659, 415.75, 1
1488, 4367, 4, 0, 6028, 6031, 1664, 1660, 416.00, 1
1489, 4370, 3, 0, 6032, 6034, 1664, 1661, 554.67, 1
1490, 4373, 5, 0, 6035, 6039, 1666, 1661, 333.20, 1
1491, 4376, 4, 0, 6040, 6043, 1667, 1663, 416.75, 1
1492, 4379, 3, 0, 6044, 6046, 1667, 1664, 555.67, 1
1493, 4382, 5, 0, 6047, 6051, 1669, 1664, 333.80, 1
1494, 4385, 4, 0, 6052, 6055, 1670, 1666, 417.50, 1
1495, 4388, 3, 0, 6056, 6058, 1670, 1667, 556.67, 1
1496, 4391, 5, 0, 6059, 6063, 1672, 1667, 334.40, 1
1497, 4394, 4, 0, 6064, 6067, 1673, 1669, 418.25, 1
1498, 4397, 5, 0, 6068, 6072, 1675, 1670, 335.00, 1
1499, 4400, 8, 0, 6073, 7438, 3038, 3030, 379.75, 1
1500, 4403, 2, 0, 6078, 6079, 1676, 1674, 838.00, 1
