pid, arrival, service, remaining, start, finish, turnaround, wait, normturnaround, complete
1, 0, 4, 0, 1, 4, 4, 0, 1.00, 1
2, 3, 5, 0, 5, 11, 8, 3, 1.60, 1
3, 8, 2, 0, 9, 10, 2, 0, 1.00, 1
4, 11, 2, 0, 12, 13, 2, 0, 1.00, 1
5, 13, 6, 0, 14, 22, 9, 3, 1.50, 1
6, 17, 7, 0, 23, 32, 15, 8, 2.14, 1
7, 18, 3, 0, 19, 21, 3, 0, 1.00, 1
8, 23, 7, 0, 34, 40, 17, 10, 2.43, 1
9, 28, 3, 0, 29, 31, 3, 0, 1.00, 1
10, 32, 1, 0, 33, 33, 1, 0, 1.00, 1
11, 33, 11, 0, 41, 51, 18, 7, 1.64, 1
12, 56, 6, 0, 56, 63, 7, 1, 1.17, 1
13, 60, 1, 0, 61, 61, 1, 0, 1.00, 1
14, 64, 2, 0, 64, 66, 2, 0, 1.00, 1
15, 67, 2, 0, 67, 69, 2, 0, 1.00, 1
16, 71, 7, 0, 71, 79, 8, 1, 1.14, 1
17, 77, 1, 0, 78, 78, 1, 0, 1.00, 1
18, 82, 4, 0, 82, 86, 4, 0, 1.00, 1
19, 90, 18, 0, 90, 117, 27, 9, 1.50, 1
20, 99, 1, 0, 100, 100, 1, 0, 1.00, 1
21, 102, 1, 0, 103, 103, 1, 0, 1.00, 1
22, 105, 4, 0, 106, 109, 4, 0, 1.00, 1
23, 110, 2, 0, 111, 112, 2, 0, 1.00, 1
24, 112, 8, 0, 125, 135, 23, 15, 2.88, 1
25, 113, 1, 0, 114, 114, 1, 0, 1.00, 1
26, 117, 6, 0, 118, 124, 7, 1, 1.17, 1
27, 119, 1, 0, 120, 120, 1, 0, 1.00, 1
28, 129, 3, 0, 130, 132, 3, 0, 1.00, 1
29, 140, 6, 0, 140, 146, 6, 0, 1.00, 1
30, 144, 7, 0, 147, 153, 9, 2, 1.29, 1
31, 150, 9, 0, 154, 170, 20, 11, 2.22, 1
32, 157, 1, 0, 158, 158, 1, 0, 1.00, 1
33, 161, 7, 0, 162, 168, 7, 0, 1.00, 1
34, 173, 18, 0, 173, 257, 84, 66, 4.67, 1
35, 174, 8, 0, 175, 196, 22, 14, 2.75, 1
36, 178, 5, 0, 179, 183, 5, 0, 1.00, 1
37, 183, 4, 0, 184, 187, 4, 0, 1.00, 1
38, 190, 6, 0, 191, 198, 8, 2, 1.33, 1
39, 192, 8, 0, 199, 210, 18, 10, 2.25, 1
40, 194, 1, 0, 195, 195, 1, 0, 1.00, 1
41, 202, 3, 0, 203, 206, 4, 1, 1.33, 1
42, 204, 1, 0, 205, 205, 1, 0, 1.00, 1
43, 211, 1, 0, 212, 212, 1, 0, 1.00, 1
44, 218, 1, 0, 219, 219, 1, 0, 1.00, 1
45, 222, 1, 0, 223, 223, 1, 0, 1.00, 1
46, 224, 10, 0, 225, 247, 23, 13, 2.30, 1
47, 232, 3, 0, 233, 237, 5, 2, 1.67, 1
48, 234, 2, 0, 235, 236, 2, 0, 1.00, 1
49, 238, 6, 0, 239, 249, 11, 5, 1.83, 1
50, 242, 23, 0, 307, 350, 108, 85, 4.70, 1
51, 243, 3, 0, 244, 246, 3, 0, 1.00, 1
52, 244, 21, 0, 276, 306, 62, 41, 2.95, 1
53, 246, 8, 0, 258, 267, 21, 13, 2.62, 1
54, 247, 1, 0, 248, 248, 1, 0, 1.00, 1
55, 254, 2, 0, 255, 256, 2, 0, 1.00, 1
56, 261, 2, 0, 262, 263, 2, 0, 1.00, 1
57, 267, 8, 0, 268, 275, 8, 0, 1.00, 1
58, 285, 2, 0, 286, 287, 2, 0, 1.00, 1
59, 291, 3, 0, 292, 296, 5, 2, 1.67, 1
60, 292, 2, 0, 293, 294, 2, 0, 1.00, 1
61, 300, 3, 0, 301, 303, 3, 0, 1.00, 1
62, 309, 3, 0, 310, 312, 3, 0, 1.00, 1
63, 311, 7, 0, 313, 319, 8, 1, 1.14, 1
64, 319, 3, 0, 320, 324, 5, 2, 1.67, 1
65, 320, 1, 0, 321, 321, 1, 0, 1.00, 1
66, 322, 1, 0, 323, 323, 1, 0, 1.00, 1
67, 328, 2, 0, 329, 330, 2, 0, 1.00, 1
68, 342, 4, 0, 343, 346, 4, 0, 1.00, 1
69, 345, 4, 0, 351, 357, 12, 8, 3.00, 1
70, 353, 3, 0, 354, 356, 3, 0, 1.00, 1
71, 354, 4, 0, 358, 361, 7, 3, 1.75, 1
72, 357, 6, 0, 368, 376, 19, 13, 3.17, 1
73, 359, 6, 0, 379, 384, 25, 19, 4.17, 1
74, 360, 5, 0, 363, 367, 7, 2, 1.40, 1
75, 361, 1, 0, 362, 362, 1, 0, 1.00, 1
76, 370, 2, 0, 371, 373, 3, 1, 1.50, 1
77, 371, 1, 0, 372, 372, 1, 0, 1.00, 1
78, 376, 2, 0, 377, 378, 2, 0, 1.00, 1
79, 390, 3, 0, 390, 393, 3, 0, 1.00, 1
80, 395, 2, 0, 395, 397, 2, 0, 1.00, 1
81, 397, 1, 0, 398, 398, 1, 0, 1.00, 1
82, 400, 1, 0, 400, 401, 1, 0, 1.00, 1
83, 401, 7, 0, 402, 415, 14, 7, 2.00, 1
84, 403, 4, 0, 404, 410, 7, 3, 1.75, 1
85, 405, 2, 0, 406, 407, 2, 0, 1.00, 1
86, 407, 1, 0, 408, 408, 1, 0, 1.00, 1
87, 424, 10, 0, 424, 442, 18, 8, 1.80, 1
88, 428, 1, 0, 429, 429, 1, 0, 1.00, 1
89, 432, 2, 0, 433, 435, 3, 1, 1.50, 1
90, 433, 1, 0, 434, 434, 1, 0, 1.00, 1
91, 436, 4, 0, 437, 440, 4, 0, 1.00, 1
92, 437, 4, 0, 450, 453, 16, 12, 4.00, 1
93, 442, 1, 0, 443, 443, 1, 0, 1.00, 1
94, 443, 3, 0, 444, 446, 3, 0, 1.00, 1
95, 446, 3, 0, 447, 449, 3, 0, 1.00, 1
96, 447, 12, 0, 472, 553, 106, 94, 8.83, 1
97, 449, 4, 0, 454, 457, 8, 4, 2.00, 1
98, 452, 4, 0, 458, 461, 9, 5, 2.25, 1
99, 461, 5, 0, 462, 466, 5, 0, 1.00, 1
100, 464, 5, 0, 467, 471, 7, 2, 1.40, 1
101, 475, 3, 0, 476, 478, 3, 0, 1.00, 1
102, 476, 9, 0, 558, 604, 128, 119, 14.22, 1
103, 477, 6, 0, 479, 488, 11, 5, 1.83, 1
104, 479, 7, 0, 499, 516, 37, 30, 5.29, 1
105, 480, 2, 0, 481, 482, 2, 0, 1.00, 1
106, 481, 15, 0, 948, 1213, 732, 717, 48.80, 1
107, 482, 2, 0, 483, 484, 2, 0, 1.00, 1
108, 483, 6, 0, 493, 498, 15, 9, 2.50, 1
109, 484, 4, 0, 489, 492, 8, 4, 2.00, 1
110, 501, 6, 0, 502, 507, 6, 0, 1.00, 1
111, 509, 5, 0, 510, 520, 11, 6, 2.20, 1
112, 510, 4, 0, 511, 514, 4, 0, 1.00, 1
113, 516, 11, 0, 686, 707, 191, 180, 17.36, 1
114, 520, 1, 0, 521, 521, 1, 0, 1.00, 1
115, 521, 9, 0, 649, 658, 137, 128, 15.22, 1
116, 522, 11, 0, 523, 533, 11, 0, 1.00, 1
117, 534, 10, 0, 535, 545, 11, 1, 1.10, 1
118, 536, 13, 0, 711, 754, 218, 205, 16.77, 1
119, 540, 1, 0, 541, 541, 1, 0, 1.00, 1
120, 547, 2, 0, 548, 549, 2, 0, 1.00, 1
121, 549, 4, 0, 554, 557, 8, 4, 2.00, 1
122, 559, 3, 0, 560, 562, 3, 0, 1.00, 1
123, 561, 5, 0, 563, 570, 9, 4, 1.80, 1
124, 564, 3, 0, 565, 567, 3, 0, 1.00, 1
125, 569, 5, 0, 571, 575, 6, 1, 1.20, 1
126, 574, 5, 0, 576, 581, 7, 2, 1.40, 1
127, 579, 1, 0, 580, 580, 1, 0, 1.00, 1
128, 585, 6, 0, 586, 593, 8, 2, 1.33, 1
129, 589, 6, 0, 605, 616, 27, 21, 4.50, 1
130, 590, 2, 0, 591, 592, 2, 0, 1.00, 1
131, 594, 8, 0, 595, 602, 8, 0, 1.00, 1
132, 602, 8, 0, 617, 640, 38, 30, 4.75, 1
133, 606, 1, 0, 607, 607, 1, 0, 1.00, 1
134, 610, 5, 0, 611, 615, 5, 0, 1.00, 1
135, 617, 6, 0, 618, 623, 6, 0, 1.00, 1
136, 618, 8, 0, 641, 648, 30, 22, 3.75, 1
137, 624, 2, 0, 625, 626, 2, 0, 1.00, 1
138, 626, 4, 0, 627, 632, 6, 2, 1.50, 1
139, 628, 3, 0, 629, 634, 6, 3, 2.00, 1
140, 629, 1, 0, 630, 630, 1, 0, 1.00, 1
141, 645, 10, 0, 659, 676, 31, 21, 3.10, 1
142, 652, 1, 0, 653, 653, 1, 0, 1.00, 1
143, 664, 2, 0, 665, 666, 2, 0, 1.00, 1
144, 667, 1, 0, 668, 668, 1, 0, 1.00, 1
145, 669, 5, 0, 670, 680, 11, 6, 2.20, 1
146, 671, 3, 0, 672, 674, 3, 0, 1.00, 1
147, 674, 5, 0, 681, 685, 11, 6, 2.20, 1
148, 677, 1, 0, 678, 678, 1, 0, 1.00, 1
149, 686, 5, 0, 687, 692, 6, 1, 1.20, 1
150, 690, 1, 0, 691, 691, 1, 0, 1.00, 1
151, 694, 1, 0, 695, 695, 1, 0, 1.00, 1
152, 698, 16, 0, 1841, 1874, 1176, 1160, 73.50, 1
153, 701, 4, 0, 702, 710, 9, 5, 2.25, 1
154, 703, 2, 0, 704, 705, 2, 0, 1.00, 1
155, 707, 1, 0, 708, 708, 1, 0, 1.00, 1
156, 711, 3, 0, 712, 715, 4, 1, 1.33, 1
157, 712, 1, 0, 713, 713, 1, 0, 1.00, 1
158, 714, 5, 0, 716, 720, 6, 1, 1.20, 1
159, 723, 3, 0, 724, 726, 3, 0, 1.00, 1
160, 726, 3, 0, 727, 729, 3, 0, 1.00, 1
161, 729, 1, 0, 730, 730, 1, 0, 1.00, 1
162, 732, 2, 0, 733, 734, 2, 0, 1.00, 1
163, 735, 8, 0, 736, 772, 37, 29, 4.62, 1
164, 736, 5, 0, 737, 741, 5, 0, 1.00, 1
165, 739, 5, 0, 742, 746, 7, 2, 1.40, 1
166, 748, 14, 0, 781, 810, 62, 48, 4.43, 1
167, 751, 2, 0, 752, 753, 2, 0, 1.00, 1
168, 752, 5, 0, 755, 759, 7, 2, 1.40, 1
169, 760, 1, 0, 761, 761, 1, 0, 1.00, 1
170, 762, 7, 0, 763, 780, 18, 11, 2.57, 1
171, 763, 4, 0, 764, 767, 4, 0, 1.00, 1
172, 773, 2, 0, 774, 775, 2, 0, 1.00, 1
173, 781, 3, 0, 782, 785, 4, 1, 1.33, 1
174, 782, 1, 0, 783, 783, 1, 0, 1.00, 1
175, 784, 3, 0, 786, 788, 4, 1, 1.33, 1
176, 787, 14, 0, 811, 905, 118, 104, 8.43, 1
177, 794, 3, 0, 795, 797, 3, 0, 1.00, 1
178, 795, 5, 0, 798, 802, 7, 2, 1.40, 1
179, 797, 15, 0, 1214, 1302, 505, 490, 33.67, 1
180, 804, 1, 0, 805, 805, 1, 0, 1.00, 1
181, 811, 9, 0, 812, 837, 26, 17, 2.89, 1
182, 815, 6, 0, 816, 822, 7, 1, 1.17, 1
183, 819, 1, 0, 820, 820, 1, 0, 1.00, 1
184, 820, 4, 0, 823, 826, 6, 2, 1.50, 1
185, 822, 21, 0, 46634, 46654, 45832, 45811, 2182.48, 1
186, 825, 6, 0, 838, 846, 21, 15, 3.50, 1
187, 827, 5, 0, 828, 833, 6, 1, 1.20, 1
188, 830, 1, 0, 831, 831, 1, 0, 1.00, 1
189, 834, 19, 0, 45530, 45548, 44714, 44695, 2353.37, 1
190, 839, 3, 0, 840, 842, 3, 0, 1.00, 1
191, 841, 4, 0, 847, 853, 12, 8, 3.00, 1
192, 847, 5, 0, 854, 861, 14, 9, 2.80, 1
193, 849, 3, 0, 850, 852, 3, 0, 1.00, 1
194, 856, 1, 0, 857, 857, 1, 0, 1.00, 1
195, 858, 3, 0, 859, 864, 6, 3, 2.00, 1
196, 859, 1, 0, 860, 860, 1, 0, 1.00, 1
197, 861, 1, 0, 862, 862, 1, 0, 1.00, 1
198, 866, 5, 0, 867, 871, 5, 0, 1.00, 1
199, 869, 14, 0, 906, 934, 65, 51, 4.64, 1
200, 873, 4, 0, 874, 877, 4, 0, 1.00, 1
201, 875, 5, 0, 878, 882, 7, 2, 1.40, 1
202, 881, 7, 0, 883, 895, 14, 7, 2.00, 1
203, 884, 4, 0, 885, 888, 4, 0, 1.00, 1
204, 892, 2, 0, 893, 894, 2, 0, 1.00, 1
205, 896, 1, 0, 897, 897, 1, 0, 1.00, 1
206, 913, 1, 0, 914, 914, 1, 0, 1.00, 1
207, 914, 1, 0, 915, 915, 1, 0, 1.00, 1
208, 915, 1, 0, 916, 916, 1, 0, 1.00, 1
209, 918, 9, 0, 919, 927, 9, 0, 1.00, 1
210, 930, 3, 0, 931, 933, 3, 0, 1.00, 1
211, 934, 2, 0, 935, 936, 2, 0, 1.00, 1
212, 935, 2, 0, 937, 938, 3, 1, 1.50, 1
213, 937, 5, 0, 939, 947, 10, 5, 2.00, 1
214, 939, 4, 0, 940, 943, 4, 0, 1.00, 1
215, 948, 5, 0, 949, 955, 7, 2, 1.40, 1
216, 950, 2, 0, 951, 952, 2, 0, 1.00, 1
217, 952, 6, 0, 956, 963, 11, 5, 1.83, 1
218, 954, 9, 0, 964, 987, 33, 24, 3.67, 1
219, 960, 2, 0, 961, 962, 2, 0, 1.00, 1
220, 967, 6, 0, 968, 978, 11, 5, 1.83, 1
221, 972, 5, 0, 973, 977, 5, 0, 1.00, 1
222, 981, 4, 0, 982, 985, 4, 0, 1.00, 1
223, 982, 4, 0, 989, 992, 10, 6, 2.50, 1
224, 987, 1, 0, 988, 988, 1, 0, 1.00, 1
225, 991, 12, 0, 997, 1017, 26, 14, 2.17, 1
226, 992, 2, 0, 993, 994, 2, 0, 1.00, 1
227, 994, 2, 0, 995, 996, 2, 0, 1.00, 1
228, 999, 2, 0, 1000, 1001, 2, 0, 1.00, 1
229, 1002, 2, 0, 1003, 1004, 2, 0, 1.00, 1
230, 1005, 1, 0, 1006, 1006, 1, 0, 1.00, 1
231, 1012, 4, 0, 1013, 1016, 4, 0, 1.00, 1
232, 1013, 11, 0, 1026, 1065, 52, 41, 4.73, 1
233, 1014, 13, 0, 1097, 1177, 163, 150, 12.54, 1
234, 1017, 7, 0, 1018, 1025, 8, 1, 1.14, 1
235, 1023, 1, 0, 1024, 1024, 1, 0, 1.00, 1
236, 1025, 17, 0, 2130, 2160, 1135, 1118, 66.76, 1
237, 1029, 10, 0, 1030, 1046, 17, 7, 1.70, 1
238, 1033, 1, 0, 1034, 1034, 1, 0, 1.00, 1
239, 1034, 2, 0, 1035, 1036, 2, 0, 1.00, 1
240, 1036, 4, 0, 1037, 1040, 4, 0, 1.00, 1
241, 1045, 15, 0, 1477, 1549, 504, 489, 33.60, 1
242, 1048, 2, 0, 1049, 1050, 2, 0, 1.00, 1
243, 1052, 3, 0, 1053, 1056, 4, 1, 1.33, 1
244, 1054, 1, 0, 1055, 1055, 1, 0, 1.00, 1
245, 1055, 1, 0, 1057, 1057, 2, 1, 2.00, 1
246, 1058, 5, 0, 1059, 1063, 5, 0, 1.00, 1
247, 1063, 7, 0, 1066, 1074, 11, 4, 1.57, 1
248, 1070, 2, 0, 1071, 1072, 2, 0, 1.00, 1
249, 1074, 4, 0, 1075, 1078, 4, 0, 1.00, 1
250, 1076, 5, 0, 1079, 1083, 7, 2, 1.40, 1
251, 1083, 5, 0, 1084, 1093, 10, 5, 2.00, 1
252, 1084, 3, 0, 1085, 1087, 3, 0, 1.00, 1
253, 1090, 2, 0, 1091, 1092, 2, 0, 1.00, 1
254, 1092, 2, 0, 1094, 1096, 4, 2, 2.00, 1
255, 1094, 1, 0, 1095, 1095, 1, 0, 1.00, 1
256, 1097, 4, 0, 1098, 1105, 8, 4, 2.00, 1
257, 1100, 3, 0, 1101, 1106, 6, 3, 2.00, 1
258, 1101, 3, 0, 1109, 1111, 10, 7, 3.33, 1
259, 1102, 2, 0, 1103, 1104, 2, 0, 1.00, 1
260, 1103, 2, 0, 1107, 1108, 5, 3, 2.50, 1
261, 1104, 15, 0, 1790, 1820, 716, 701, 47.73, 1
262, 1105, 6, 0, 1112, 1119, 14, 8, 2.33, 1
263, 1113, 2, 0, 1114, 1115, 2, 0, 1.00, 1
264, 1116, 11, 0, 1122, 1136, 20, 9, 1.82, 1
265, 1119, 2, 0, 1120, 1121, 2, 0, 1.00, 1
266, 1130, 3, 0, 1131, 1133, 3, 0, 1.00, 1
267, 1133, 1, 0, 1134, 1134, 1, 0, 1.00, 1
268, 1134, 6, 0, 1137, 1142, 8, 2, 1.33, 1
269, 1143, 1, 0, 1144, 1144, 1, 0, 1.00, 1
270, 1148, 5, 0, 1149, 1153, 5, 0, 1.00, 1
271, 1154, 5, 0, 1155, 1163, 9, 4, 1.80, 1
272, 1155, 4, 0, 1156, 1159, 4, 0, 1.00, 1
273, 1157, 6, 0, 1178, 1184, 27, 21, 4.50, 1
274, 1161, 18, 0, 44558, 44575, 43414, 43396, 2411.89, 1
275, 1164, 17, 0, 2161, 2294, 1130, 1113, 66.47, 1
276, 1165, 2, 0, 1166, 1167, 2, 0, 1.00, 1
277, 1169, 1, 0, 1170, 1170, 1, 0, 1.00, 1
278, 1171, 5, 0, 1172, 1176, 5, 0, 1.00, 1
279, 1179, 1, 0, 1180, 1180, 1, 0, 1.00, 1
280, 1183, 8, 0, 1185, 1198, 15, 7, 1.88, 1
281, 1186, 2, 0, 1187, 1188, 2, 0, 1.00, 1
282, 1189, 3, 0, 1190, 1192, 3, 0, 1.00, 1
283, 1192, 1, 0, 1193, 1193, 1, 0, 1.00, 1
284, 1198, 1, 0, 1199, 1199, 1, 0, 1.00, 1
285, 1215, 7, 0, 1216, 1223, 8, 1, 1.14, 1
286, 1216, 1, 0, 1217, 1217, 1, 0, 1.00, 1
287, 1224, 7, 0, 1225, 1231, 7, 0, 1.00, 1
288, 1234, 5, 0, 1235, 1239, 5, 0, 1.00, 1
289, 1236, 9, 0, 1303, 1311, 75, 66, 8.33, 1
290, 1239, 7, 0, 1240, 1251, 12, 5, 1.71, 1
291, 1241, 1, 0, 1242, 1242, 1, 0, 1.00, 1
292, 1242, 4, 0, 1243, 1246, 4, 0, 1.00, 1
293, 1246, 5, 0, 1252, 1257, 11, 6, 2.20, 1
294, 1251, 7, 0, 1258, 1267, 16, 9, 2.29, 1
295, 1254, 1, 0, 1255, 1255, 1, 0, 1.00, 1
296, 1259, 3, 0, 1260, 1262, 3, 0, 1.00, 1
297, 1260, 6, 0, 1273, 1280, 20, 14, 3.33, 1
298, 1262, 17, 0, 3129, 3189, 1927, 1910, 113.35, 1
299, 1263, 10, 0, 1352, 1367, 104, 94, 10.40, 1
300, 1267, 4, 0, 1268, 1272, 5, 1, 1.25, 1
301, 1268, 1, 0, 1269, 1269, 1, 0, 1.00, 1
302, 1273, 22, 0, 47096, 47117, 45844, 45822, 2083.82, 1
303, 1276, 2, 0, 1277, 1278, 2, 0, 1.00, 1
304, 1283, 6, 0, 1284, 1294, 11, 5, 1.83, 1
305, 1285, 5, 0, 1286, 1290, 5, 0, 1.00, 1
306, 1291, 22, 0, 47118, 47139, 45848, 45826, 2084.00, 1
307, 1296, 2, 0, 1297, 1298, 2, 0, 1.00, 1
308, 1298, 9, 0, 1312, 1337, 39, 30, 4.33, 1
309, 1313, 22, 0, 47140, 47161, 45848, 45826, 2084.00, 1
310, 1314, 3, 0, 1315, 1318, 4, 1, 1.33, 1
311, 1316, 1, 0, 1317, 1317, 1, 0, 1.00, 1
312, 1317, 4, 0, 1319, 1322, 5, 1, 1.25, 1
313, 1322, 7, 0, 1345, 1351, 29, 22, 4.14, 1
314, 1324, 1, 0, 1325, 1325, 1, 0, 1.00, 1
315, 1328, 8, 0, 1329, 1344, 16, 8, 2.00, 1
316, 1333, 3, 0, 1334, 1336, 3, 0, 1.00, 1
317, 1337, 14, 0, 1391, 1424, 87, 73, 6.21, 1
318, 1338, 3, 0, 1339, 1341, 3, 0, 1.00, 1
319, 1342, 1, 0, 1343, 1343, 1, 0, 1.00, 1
320, 1352, 2, 0, 1353, 1355, 3, 1, 1.50, 1
321, 1353, 1, 0, 1354, 1354, 1, 0, 1.00, 1
322, 1354, 2, 0, 1356, 1357, 3, 1, 1.50, 1
323, 1359, 1, 0, 1360, 1360, 1, 0, 1.00, 1
324, 1362, 12, 0, 1368, 1390, 28, 16, 2.33, 1
325, 1373, 4, 0, 1374, 1377, 4, 0, 1.00, 1
326, 1379, 4, 0, 1380, 1383, 4, 0, 1.00, 1
327, 1384, 3, 0, 1385, 1387, 3, 0, 1.00, 1
328, 1397, 1, 0, 1398, 1398, 1, 0, 1.00, 1
329, 1398, 5, 0, 1399, 1404, 6, 1, 1.20, 1
330, 1400, 1, 0, 1401, 1401, 1, 0, 1.00, 1
331, 1401, 19, 0, 45549, 45567, 44166, 44147, 2324.53, 1
332, 1404, 2, 0, 1405, 1406, 2, 0, 1.00, 1
333, 1405, 2, 0, 1407, 1408, 3, 1, 1.50, 1
334, 1410, 17, 0, 3323, 3381, 1971, 1954, 115.94, 1
335, 1414, 6, 0, 1415, 1432, 18, 12, 3.00, 1
336, 1418, 5, 0, 1419, 1423, 5, 0, 1.00, 1
337, 1421, 5, 0, 1433, 1437, 16, 11, 3.20, 1
338, 1423, 6, 0, 1439, 1444, 21, 15, 3.50, 1
339, 1424, 6, 0, 1425, 1430, 6, 0, 1.00, 1
340, 1434, 30, 0, 48867, 48896, 47462, 47432, 1582.07, 1
341, 1436, 10, 0, 1445, 1470, 34, 24, 3.40, 1
342, 1437, 1, 0, 1438, 1438, 1, 0, 1.00, 1
343, 1446, 6, 0, 1447, 1455, 9, 3, 1.50, 1
344, 1451, 3, 0, 1452, 1454, 3, 0, 1.00, 1
345, 1453, 5, 0, 1456, 1461, 8, 3, 1.60, 1
346, 1457, 1, 0, 1458, 1458, 1, 0, 1.00, 1
347, 1466, 1, 0, 1467, 1467, 1, 0, 1.00, 1
348, 1470, 1, 0, 1471, 1471, 1, 0, 1.00, 1
349, 1471, 5, 0, 1472, 1476, 5, 0, 1.00, 1
350, 1477, 2, 0, 1478, 1479, 2, 0, 1.00, 1
351, 1478, 2, 0, 1480, 1481, 3, 1, 1.50, 1
352, 1479, 4, 0, 1483, 1487, 8, 4, 2.00, 1
353, 1481, 1, 0, 1482, 1482, 1, 0, 1.00, 1
354, 1484, 1, 0, 1485, 1485, 1, 0, 1.00, 1
355, 1486, 17, 0, 43742, 43758, 42272, 42255, 2486.59, 1
356, 1488, 1, 0, 1489, 1489, 1, 0, 1.00, 1
357, 1492, 3, 0, 1493, 1495, 3, 0, 1.00, 1
358, 1493, 5, 0, 1496, 1500, 7, 2, 1.40, 1
359, 1502, 5, 0, 1503, 1507, 5, 0, 1.00, 1
360, 1507, 1, 0, 1508, 1508, 1, 0, 1.00, 1
361, 1508, 3, 0, 1509, 1512, 4, 1, 1.33, 1
362, 1510, 1, 0, 1511, 1511, 1, 0, 1.00, 1
363, 1514, 9, 0, 1515, 1526, 12, 3, 1.33, 1
364, 1520, 2, 0, 1521, 1522, 2, 0, 1.00, 1
365, 1523, 1, 0, 1524, 1524, 1, 0, 1.00, 1
366, 1524, 2, 0, 1527, 1528, 4, 2, 2.00, 1
367, 1528, 1, 0, 1529, 1529, 1, 0, 1.00, 1
368, 1530, 5, 0, 1531, 1536, 6, 1, 1.20, 1
369, 1531, 1, 0, 1532, 1532, 1, 0, 1.00, 1
370, 1533, 17, 0, 43759, 43775, 42242, 42225, 2484.82, 1
371, 1537, 5, 0, 1538, 1545, 8, 3, 1.60, 1
372, 1540, 3, 0, 1541, 1543, 3, 0, 1.00, 1
373, 1541, 8, 0, 1589, 1607, 66, 58, 8.25, 1
374, 1543, 5, 0, 1563, 1567, 24, 19, 4.80, 1
375, 1544, 7, 0, 1581, 1588, 44, 37, 6.29, 1
376, 1549, 4, 0, 1550, 1556, 7, 3, 1.75, 1
377, 1552, 3, 0, 1553, 1555, 3, 0, 1.00, 1
378, 1554, 4, 0, 1557, 1562, 8, 4, 2.00, 1
379, 1558, 2, 0, 1559, 1560, 2, 0, 1.00, 1
380, 1564, 6, 0, 1568, 1580, 16, 10, 2.67, 1
381, 1568, 5, 0, 1569, 1573, 5, 0, 1.00, 1
382, 1576, 2, 0, 1577, 1578, 2, 0, 1.00, 1
383, 1581, 1, 0, 1582, 1582, 1, 0, 1.00, 1
384, 1586, 17, 0, 43776, 43792, 42206, 42189, 2482.71, 1
385, 1589, 3, 0, 1590, 1592, 3, 0, 1.00, 1
386, 1591, 8, 0, 1618, 1627, 36, 28, 4.50, 1
387, 1597, 5, 0, 1598, 1609, 12, 7, 2.40, 1
388, 1600, 3, 0, 1601, 1603, 3, 0, 1.00, 1
389, 1602, 9, 0, 1628, 1642, 40, 31, 4.44, 1
390, 1603, 2, 0, 1604, 1605, 2, 0, 1.00, 1
391, 1605, 5, 0, 1610, 1617, 12, 7, 2.40, 1
392, 1612, 3, 0, 1613, 1615, 3, 0, 1.00, 1
393, 1618, 2, 0, 1619, 1620, 2, 0, 1.00, 1
394, 1622, 12, 0, 1766, 1785, 163, 151, 13.58, 1
395, 1629, 2, 0, 1630, 1631, 2, 0, 1.00, 1
396, 1631, 1, 0, 1632, 1632, 1, 0, 1.00, 1
397, 1637, 2, 0, 1638, 1639, 2, 0, 1.00, 1
398, 1640, 1, 0, 1641, 1641, 1, 0, 1.00, 1
399, 1642, 11, 0, 1643, 1682, 40, 29, 3.64, 1
400, 1646, 2, 0, 1647, 1648, 2, 0, 1.00, 1
401, 1647, 3, 0, 1649, 1655, 8, 5, 2.67, 1
402, 1649, 2, 0, 1650, 1651, 2, 0, 1.00, 1
403, 1652, 2, 0, 1653, 1654, 2, 0, 1.00, 1
404, 1656, 6, 0, 1657, 1663, 7, 1, 1.17, 1
405, 1657, 18, 0, 44576, 44593, 42936, 42918, 2385.33, 1
406, 1660, 1, 0, 1661, 1661, 1, 0, 1.00, 1
407, 1662, 18, 0, 44594, 44611, 42949, 42931, 2386.06, 1
408, 1663, 4, 0, 1664, 1667, 4, 0, 1.00, 1
409, 1666, 6, 0, 1683, 1691, 25, 19, 4.17, 1
410, 1671, 6, 0, 1672, 1679, 8, 2, 1.33, 1
411, 1676, 2, 0, 1677, 1678, 2, 0, 1.00, 1
412, 1679, 1, 0, 1680, 1680, 1, 0, 1.00, 1
413, 1683, 1, 0, 1684, 1684, 1, 0, 1.00, 1
414, 1686, 2, 0, 1687, 1688, 2, 0, 1.00, 1
415, 1688, 9, 0, 1699, 1707, 19, 10, 2.11, 1
416, 1691, 2, 0, 1692, 1693, 2, 0, 1.00, 1
417, 1692, 9, 0, 1708, 1725, 33, 24, 3.67, 1
418, 1693, 5, 0, 1694, 1698, 5, 0, 1.00, 1
419, 1709, 2, 0, 1710, 1711, 2, 0, 1.00, 1
420, 1711, 5, 0, 1712, 1717, 6, 1, 1.20, 1
421, 1713, 9, 0, 1726, 1755, 42, 33, 4.67, 1
422, 1715, 1, 0, 1716, 1716, 1, 0, 1.00, 1
423, 1718, 1, 0, 1719, 1719, 1, 0, 1.00, 1
424, 1727, 5, 0, 1728, 1736, 9, 4, 1.80, 1
425, 1729, 3, 0, 1730, 1733, 4, 1, 1.33, 1
426, 1730, 1, 0, 1731, 1731, 1, 0, 1.00, 1
427, 1737, 8, 0, 1738, 1746, 9, 1, 1.12, 1
428, 1740, 1, 0, 1741, 1741, 1, 0, 1.00, 1
429, 1749, 2, 0, 1750, 1751, 2, 0, 1.00, 1
430, 1752, 1, 0, 1753, 1753, 1, 0, 1.00, 1
431, 1753, 10, 0, 1756, 1765, 12, 2, 1.20, 1
432, 1769, 1, 0, 1770, 1770, 1, 0, 1.00, 1
433, 1775, 6, 0, 1776, 1782, 7, 1, 1.17, 1
434, 1779, 1, 0, 1780, 1780, 1, 0, 1.00, 1
435, 1785, 2, 0, 1786, 1787, 2, 0, 1.00, 1
436, 1787, 2, 0, 1788, 1789, 2, 0, 1.00, 1
437, 1800, 8, 0, 1801, 1825, 25, 17, 3.12, 1
438, 1803, 1, 0, 1804, 1804, 1, 0, 1.00, 1
439, 1805, 3, 0, 1806, 1810, 5, 2, 1.67, 1
440, 1807, 2, 0, 1808, 1809, 2, 0, 1.00, 1
441, 1810, 5, 0, 1826, 1830, 20, 15, 4.00, 1
442, 1811, 4, 0, 1812, 1815, 4, 0, 1.00, 1
443, 1816, 3, 0, 1817, 1819, 3, 0, 1.00, 1
444, 1827, 8, 0, 1831, 1840, 13, 5, 1.62, 1
445, 1831, 2, 0, 1832, 1833, 2, 0, 1.00, 1
446, 1841, 2, 0, 1842, 1843, 2, 0, 1.00, 1
447, 1844, 2, 0, 1845, 1846, 2, 0, 1.00, 1
448, 1846, 3, 0, 1847, 1849, 3, 0, 1.00, 1
449, 1852, 6, 0, 1853, 1861, 9, 3, 1.50, 1
450, 1854, 3, 0, 1855, 1857, 3, 0, 1.00, 1
451, 1871, 2, 0, 1872, 1873, 2, 0, 1.00, 1
452, 1872, 5, 0, 1875, 1879, 7, 2, 1.40, 1
453, 1877, 7, 0, 1880, 1886, 9, 2, 1.29, 1
454, 1882, 7, 0, 1887, 1896, 14, 7, 2.00, 1
455, 1889, 2, 0, 1890, 1891, 2, 0, 1.00, 1
456, 1892, 9, 0, 1980, 1998, 106, 97, 11.78, 1
457, 1893, 7, 0, 1897, 1912, 19, 12, 2.71, 1
458, 1894, 1, 0, 1895, 1895, 1, 0, 1.00, 1
459, 1897, 3, 0, 1898, 1900, 3, 0, 1.00, 1
460, 1900, 2, 0, 1901, 1902, 2, 0, 1.00, 1
461, 1906, 4, 0, 1907, 1914, 8, 4, 2.00, 1
462, 1907, 4, 0, 1917, 1923, 16, 12, 4.00, 1
463, 1908, 2, 0, 1909, 1910, 2, 0, 1.00, 1
464, 1909, 5, 0, 1927, 1935, 26, 21, 5.20, 1
465, 1913, 5, 0, 1936, 1941, 28, 23, 5.60, 1
466, 1914, 2, 0, 1915, 1916, 2, 0, 1.00, 1
467, 1919, 3, 0, 1920, 1922, 3, 0, 1.00, 1
468, 1920, 3, 0, 1924, 1926, 6, 3, 2.00, 1
469, 1921, 5, 0, 1949, 1957, 36, 31, 7.20, 1
470, 1922, 9, 0, 1999, 2016, 94, 85, 10.44, 1
471, 1924, 7, 0, 1965, 1971, 47, 40, 6.71, 1
472, 1929, 4, 0, 1930, 1933, 4, 0, 1.00, 1
473, 1933, 8, 0, 1972, 1979, 46, 38, 5.75, 1
474, 1936, 1, 0, 1937, 1937, 1, 0, 1.00, 1
475, 1941, 4, 0, 1942, 1948, 7, 3, 1.75, 1
476, 1943, 3, 0, 1944, 1946, 3, 0, 1.00, 1
477, 1947, 13, 0, 2018, 2050, 103, 90, 7.92, 1
478, 1949, 1, 0, 1950, 1950, 1, 0, 1.00, 1
479, 1950, 5, 0, 1958, 1964, 14, 9, 2.80, 1
480, 1951, 3, 0, 1952, 1954, 3, 0, 1.00, 1
481, 1957, 16, 0, 2099, 2129, 172, 156, 10.75, 1
482, 1958, 2, 0, 1959, 1960, 2, 0, 1.00, 1
483, 1980, 1, 0, 1981, 1981, 1, 0, 1.00, 1
484, 1982, 4, 0, 1983, 1986, 4, 0, 1.00, 1
485, 1983, 31, 0, 48987, 49017, 47034, 47003, 1517.23, 1
486, 1988, 14, 0, 2051, 2079, 91, 77, 6.50, 1
487, 1989, 1, 0, 1990, 1990, 1, 0, 1.00, 1
488, 1991, 1, 0, 1992, 1992, 1, 0, 1.00, 1
489, 1993, 3, 0, 1994, 1996, 3, 0, 1.00, 1
490, 2001, 4, 0, 2002, 2005, 4, 0, 1.00, 1
491, 2009, 4, 0, 2010, 2013, 4, 0, 1.00, 1
492, 2014, 1, 0, 2015, 2015, 1, 0, 1.00, 1
493, 2016, 1, 0, 2017, 2017, 1, 0, 1.00, 1
494, 2023, 9, 0, 2024, 2035, 12, 3, 1.33, 1
495, 2027, 2, 0, 2028, 2029, 2, 0, 1.00, 1
496, 2033, 1, 0, 2034, 2034, 1, 0, 1.00, 1
497, 2035, 3, 0, 2036, 2038, 3, 0, 1.00, 1
498, 2041, 3, 0, 2042, 2046, 5, 2, 1.67, 1
499, 2043, 2, 0, 2044, 2045, 2, 0, 1.00, 1
500, 2055, 1, 0, 2056, 2056, 1, 0, 1.00, 1
501, 2056, 2, 0, 2057, 2058, 2, 0, 1.00, 1
502, 2060, 17, 0, 43793, 43809, 41749, 41732, 2455.82, 1
503, 2063, 3, 0, 2064, 2066, 3, 0, 1.00, 1
504, 2068, 7, 0, 2069, 2075, 7, 0, 1.00, 1
505, 2069, 17, 0, 43810, 43826, 41757, 41740, 2456.29, 1
506, 2075, 4, 0, 2076, 2093, 18, 14, 4.50, 1
507, 2076, 1, 0, 2077, 2077, 1, 0, 1.00, 1
508, 2077, 3, 0, 2094, 2096, 19, 16, 6.33, 1
509, 2079, 8, 0, 2080, 2090, 11, 3, 1.38, 1
510, 2086, 3, 0, 2087, 2089, 3, 0, 1.00, 1
511, 2096, 2, 0, 2097, 2098, 2, 0, 1.00, 1
512, 2106, 7, 0, 2107, 2113, 7, 0, 1.00, 1
513, 2116, 22, 0, 47162, 47183, 45067, 45045, 2048.50, 1
514, 2117, 5, 0, 2118, 2122, 5, 0, 1.00, 1
515, 2123, 3, 0, 2124, 2126, 3, 0, 1.00, 1
516, 2125, 18, 0, 44612, 44629, 42504, 42486, 2361.33, 1
517, 2135, 12, 0, 2136, 2147, 12, 0, 1.00, 1
518, 2151, 1, 0, 2152, 2152, 1, 0, 1.00, 1
519, 2153, 1, 0, 2154, 2154, 1, 0, 1.00, 1
520, 2161, 3, 0, 2162, 2164, 3, 0, 1.00, 1
521, 2164, 7, 0, 2165, 2171, 7, 0, 1.00, 1
522, 2172, 4, 0, 2173, 2176, 4, 0, 1.00, 1
523, 2174, 6, 0, 2177, 2185, 11, 5, 1.83, 1
524, 2176, 14, 0, 2219, 2244, 68, 54, 4.86, 1
525, 2179, 1, 0, 2180, 2180, 1, 0, 1.00, 1
526, 2180, 7, 0, 2197, 2208, 28, 21, 4.00, 1
527, 2182, 3, 0, 2183, 2187, 5, 2, 1.67, 1
528, 2183, 1, 0, 2184, 2184, 1, 0, 1.00, 1
529, 2184, 6, 0, 2188, 2196, 12, 6, 2.00, 1
530, 2192, 3, 0, 2193, 2195, 3, 0, 1.00, 1
531, 2194, 26, 0, 48350, 48375, 46181, 46155, 1776.19, 1
532, 2199, 1, 0, 2200, 2200, 1, 0, 1.00, 1
533, 2202, 5, 0, 2203, 2213, 11, 6, 2.20, 1
534, 2203, 1, 0, 2204, 2204, 1, 0, 1.00, 1
535, 2205, 6, 0, 2206, 2218, 13, 7, 2.17, 1
536, 2206, 1, 0, 2207, 2207, 1, 0, 1.00, 1
537, 2211, 1, 0, 2212, 2212, 1, 0, 1.00, 1
538, 2219, 4, 0, 2220, 2223, 4, 0, 1.00, 1
539, 2225, 5, 0, 2226, 2233, 8, 3, 1.60, 1
540, 2226, 3, 0, 2227, 2229, 3, 0, 1.00, 1
541, 2244, 5, 0, 2245, 2249, 5, 0, 1.00, 1
542, 2254, 1, 0, 2255, 2255, 1, 0, 1.00, 1
543, 2255, 1, 0, 2256, 2256, 1, 0, 1.00, 1
544, 2256, 1, 0, 2257, 2257, 1, 0, 1.00, 1
545, 2257, 2, 0, 2258, 2259, 2, 0, 1.00, 1
546, 2262, 8, 0, 2263, 2277, 15, 7, 1.88, 1
547, 2269, 5, 0, 2270, 2274, 5, 0, 1.00, 1
548, 2274, 2, 0, 2275, 2276, 2, 0, 1.00, 1
549, 2278, 1, 0, 2279, 2279, 1, 0, 1.00, 1
550, 2282, 5, 0, 2283, 2311, 29, 24, 5.80, 1
551, 2284, 4, 0, 2285, 2289, 5, 1, 1.25, 1
552, 2286, 1, 0, 2287, 2287, 1, 0, 1.00, 1
553, 2289, 1, 0, 2290, 2290, 1, 0, 1.00, 1
554, 2292, 1, 0, 2293, 2293, 1, 0, 1.00, 1
555, 2294, 13, 0, 2295, 2412, 118, 105, 9.08, 1
556, 2297, 9, 0, 2298, 2306, 9, 0, 1.00, 1
557, 2306, 2, 0, 2307, 2308, 2, 0, 1.00, 1
558, 2310, 5, 0, 2312, 2316, 6, 1, 1.20, 1
559, 2317, 9, 0, 2318, 2347, 30, 21, 3.33, 1
560, 2318, 3, 0, 2319, 2321, 3, 0, 1.00, 1
561, 2320, 5, 0, 2322, 2326, 6, 1, 1.20, 1
562, 2322, 11, 0, 2427, 2539, 217, 206, 19.73, 1
563, 2323, 8, 0, 2383, 2393, 70, 62, 8.75, 1
564, 2326, 2, 0, 2327, 2328, 2, 0, 1.00, 1
565, 2330, 2, 0, 2331, 2332, 2, 0, 1.00, 1
566, 2333, 1, 0, 2334, 2334, 1, 0, 1.00, 1
567, 2336, 6, 0, 2337, 2342, 6, 0, 1.00, 1
568, 2339, 7, 0, 2348, 2356, 17, 10, 2.43, 1
569, 2342, 2, 0, 2343, 2344, 2, 0, 1.00, 1
570, 2348, 1, 0, 2349, 2349, 1, 0, 1.00, 1
571, 2351, 7, 0, 2357, 2370, 19, 12, 2.71, 1
572, 2352, 1, 0, 2353, 2353, 1, 0, 1.00, 1
573, 2358, 2, 0, 2359, 2360, 2, 0, 1.00, 1
574, 2360, 5, 0, 2371, 2375, 15, 10, 3.00, 1
575, 2363, 5, 0, 2364, 2368, 5, 0, 1.00, 1
576, 2375, 3, 0, 2376, 2379, 4, 1, 1.33, 1
577, 2376, 3, 0, 2380, 2382, 6, 3, 2.00, 1
578, 2377, 1, 0, 2378, 2378, 1, 0, 1.00, 1
579, 2381, 11, 0, 2608, 2649, 268, 257, 24.36, 1
580, 2385, 3, 0, 2386, 2388, 3, 0, 1.00, 1
581, 2390, 12, 0, 2762, 2797, 407, 395, 33.92, 1
582, 2394, 1, 0, 2395, 2395, 1, 0, 1.00, 1
583, 2398, 6, 0, 2399, 2407, 9, 3, 1.50, 1
584, 2400, 3, 0, 2401, 2403, 3, 0, 1.00, 1
585, 2412, 5, 0, 2413, 2418, 6, 1, 1.20, 1
586, 2416, 1, 0, 2417, 2417, 1, 0, 1.00, 1
587, 2417, 4, 0, 2419, 2422, 5, 1, 1.25, 1
588, 2421, 4, 0, 2423, 2426, 5, 1, 1.25, 1
589, 2428, 7, 0, 2429, 2440, 12, 5, 1.71, 1
590, 2430, 7, 0, 2451, 2459, 29, 22, 4.14, 1
591, 2432, 1, 0, 2433, 2433, 1, 0, 1.00, 1
592, 2435, 4, 0, 2436, 2439, 4, 0, 1.00, 1
593, 2436, 6, 0, 2445, 2450, 14, 8, 2.33, 1
594, 2440, 4, 0, 2441, 2444, 4, 0, 1.00, 1
595, 2443, 8, 0, 2500, 2518, 75, 67, 9.38, 1
596, 2448, 9, 0, 2571, 2581, 133, 124, 14.78, 1
597, 2453, 2, 0, 2454, 2455, 2, 0, 1.00, 1
598, 2455, 7, 0, 2460, 2475, 20, 13, 2.86, 1
599, 2461, 3, 0, 2462, 2464, 3, 0, 1.00, 1
600, 2462, 22, 0, 47184, 47205, 44743, 44721, 2033.77, 1
601, 2465, 2, 0, 2466, 2467, 2, 0, 1.00, 1
602, 2467, 4, 0, 2476, 2482, 15, 11, 3.75, 1
603, 2469, 1, 0, 2470, 2470, 1, 0, 1.00, 1
604, 2470, 6, 0, 2489, 2499, 29, 23, 4.83, 1
605, 2471, 3, 0, 2472, 2474, 3, 0, 1.00, 1
606, 2477, 1, 0, 2478, 2478, 1, 0, 1.00, 1
607, 2479, 2, 0, 2480, 2481, 2, 0, 1.00, 1
608, 2481, 3, 0, 2483, 2488, 7, 4, 2.33, 1
609, 2483, 2, 0, 2484, 2485, 2, 0, 1.00, 1
610, 2486, 1, 0, 2487, 2487, 1, 0, 1.00, 1
611, 2492, 5, 0, 2493, 2497, 5, 0, 1.00, 1
612, 2500, 7, 0, 2501, 2508, 8, 1, 1.14, 1
613, 2506, 1, 0, 2507, 2507, 1, 0, 1.00, 1
614, 2507, 1, 0, 2511, 2511, 4, 3, 4.00, 1
615, 2508, 2, 0, 2509, 2510, 2, 0, 1.00, 1
616, 2523, 10, 0, 2524, 2554, 31, 21, 3.10, 1
617, 2527, 4, 0, 2528, 2531, 4, 0, 1.00, 1
618, 2531, 4, 0, 2540, 2546, 15, 11, 3.75, 1
619, 2532, 2, 0, 2533, 2534, 2, 0, 1.00, 1
620, 2535, 2, 0, 2536, 2537, 2, 0, 1.00, 1
621, 2540, 7, 0, 2555, 2563, 23, 16, 3.29, 1
622, 2541, 3, 0, 2542, 2544, 3, 0, 1.00, 1
623, 2546, 10, 0, 2582, 2604, 58, 48, 5.80, 1
624, 2551, 2, 0, 2552, 2553, 2, 0, 1.00, 1
625, 2556, 19, 0, 45568, 45586, 43030, 43011, 2264.74, 1
626, 2557, 7, 0, 2564, 2570, 13, 6, 1.86, 1
627, 2558, 1, 0, 2559, 2559, 1, 0, 1.00, 1
628, 2560, 1, 0, 2561, 2561, 1, 0, 1.00, 1
629, 2577, 2, 0, 2578, 2579, 2, 0, 1.00, 1
630, 2589, 3, 0, 2590, 2592, 3, 0, 1.00, 1
631, 2592, 1, 0, 2593, 2593, 1, 0, 1.00, 1
632, 2594, 6, 0, 2595, 2606, 12, 6, 2.00, 1
633, 2598, 5, 0, 2599, 2603, 5, 0, 1.00, 1
634, 2606, 1, 0, 2607, 2607, 1, 0, 1.00, 1
635, 2609, 2, 0, 2610, 2611, 2, 0, 1.00, 1
636, 2613, 2, 0, 2614, 2615, 2, 0, 1.00, 1
637, 2616, 7, 0, 2617, 2623, 7, 0, 1.00, 1
638, 2623, 3, 0, 2624, 2626, 3, 0, 1.00, 1
639, 2626, 4, 0, 2627, 2633, 7, 3, 1.75, 1
640, 2628, 2, 0, 2629, 2630, 2, 0, 1.00, 1
641, 2630, 1, 0, 2631, 2631, 1, 0, 1.00, 1
642, 2631, 7, 0, 2663, 2671, 40, 33, 5.71, 1
643, 2635, 8, 0, 2636, 2679, 44, 36, 5.50, 1
644, 2636, 2, 0, 2637, 2638, 2, 0, 1.00, 1
645, 2638, 8, 0, 2683, 2690, 52, 44, 6.50, 1
646, 2640, 3, 0, 2641, 2643, 3, 0, 1.00, 1
647, 2642, 5, 0, 2658, 2662, 20, 15, 4.00, 1
648, 2643, 4, 0, 2650, 2653, 10, 6, 2.50, 1
649, 2644, 5, 0, 2645, 2657, 13, 8, 2.60, 1
650, 2645, 3, 0, 2646, 2648, 3, 0, 1.00, 1
651, 2663, 2, 0, 2664, 2665, 2, 0, 1.00, 1
652, 2669, 9, 0, 2691, 2702, 33, 24, 3.67, 1
653, 2671, 1, 0, 2672, 2672, 1, 0, 1.00, 1
654, 2677, 11, 0, 2734, 2754, 77, 66, 7.00, 1
655, 2679, 1, 0, 2680, 2680, 1, 0, 1.00, 1
656, 2680, 1, 0, 2681, 2681, 1, 0, 1.00, 1
657, 2681, 1, 0, 2682, 2682, 1, 0, 1.00, 1
658, 2692, 2, 0, 2693, 2694, 2, 0, 1.00, 1
659, 2699, 1, 0, 2700, 2700, 1, 0, 1.00, 1
660, 2700, 6, 0, 2713, 2722, 22, 16, 3.67, 1
661, 2702, 3, 0, 2703, 2705, 3, 0, 1.00, 1
662, 2703, 4, 0, 2706, 2712, 9, 5, 2.25, 1
663, 2708, 3, 0, 2709, 2711, 3, 0, 1.00, 1
664, 2714, 4, 0, 2715, 2718, 4, 0, 1.00, 1
665, 2722, 2, 0, 2723, 2724, 2, 0, 1.00, 1
666, 2723, 9, 0, 2725, 2733, 10, 1, 1.11, 1
667, 2735, 14, 0, 3032, 3051, 316, 302, 22.57, 1
668, 2736, 1, 0, 2737, 2737, 1, 0, 1.00, 1
669, 2743, 5, 0, 2744, 2748, 5, 0, 1.00, 1
670, 2748, 2, 0, 2749, 2750, 2, 0, 1.00, 1
671, 2751, 4, 0, 2752, 2760, 9, 5, 2.25, 1
672, 2752, 1, 0, 2753, 2753, 1, 0, 1.00, 1
673, 2756, 3, 0, 2757, 2761, 5, 2, 1.67, 1
674, 2758, 1, 0, 2759, 2759, 1, 0, 1.00, 1
675, 2763, 10, 0, 2764, 2773, 10, 0, 1.00, 1
676, 2770, 11, 0, 2841, 2858, 88, 77, 8.00, 1
677, 2775, 2, 0, 2776, 2777, 2, 0, 1.00, 1
678, 2778, 8, 0, 2779, 2787, 9, 1, 1.12, 1
679, 2783, 11, 0, 2932, 2950, 167, 156, 15.18, 1
680, 2784, 1, 0, 2785, 2785, 1, 0, 1.00, 1
681, 2790, 6, 0, 2791, 2801, 11, 5, 1.83, 1
682, 2792, 1, 0, 2793, 2793, 1, 0, 1.00, 1
683, 2801, 5, 0, 2802, 2810, 9, 4, 1.80, 1
684, 2805, 4, 0, 2806, 2809, 4, 0, 1.00, 1
685, 2808, 9, 0, 2826, 2835, 27, 18, 3.00, 1
686, 2809, 6, 0, 2811, 2822, 13, 7, 2.17, 1
687, 2813, 3, 0, 2814, 2816, 3, 0, 1.00, 1
688, 2817, 3, 0, 2818, 2820, 3, 0, 1.00, 1
689, 2818, 18, 0, 44630, 44647, 41829, 41811, 2323.83, 1
690, 2820, 3, 0, 2823, 2825, 5, 2, 1.67, 1
691, 2832, 1, 0, 2833, 2833, 1, 0, 1.00, 1
692, 2833, 5, 0, 2836, 2840, 7, 2, 1.40, 1
693, 2844, 10, 0, 2845, 2877, 33, 23, 3.30, 1
694, 2846, 2, 0, 2847, 2848, 2, 0, 1.00, 1
695, 2848, 9, 0, 2910, 2921, 73, 64, 8.11, 1
696, 2854, 3, 0, 2855, 2857, 3, 0, 1.00, 1
697, 2860, 2, 0, 2861, 2862, 2, 0, 1.00, 1
698, 2865, 1, 0, 2866, 2866, 1, 0, 1.00, 1
699, 2868, 5, 0, 2869, 2878, 10, 5, 2.00, 1
700, 2870, 12, 0, 3016, 3031, 161, 149, 13.42, 1
701, 2872, 4, 0, 2873, 2876, 4, 0, 1.00, 1
702, 2876, 8, 0, 2895, 2909, 33, 25, 4.12, 1
703, 2878, 6, 0, 2879, 2884, 6, 0, 1.00, 1
704, 2880, 6, 0, 2885, 2894, 14, 8, 2.33, 1
705, 2886, 10, 0, 2922, 2931, 45, 35, 4.50, 1
706, 2887, 4, 0, 2888, 2891, 4, 0, 1.00, 1
707, 2890, 11, 0, 2951, 2961, 71, 60, 6.45, 1
708, 2895, 7, 0, 2896, 2902, 7, 0, 1.00, 1
709, 2911, 1, 0, 2912, 2912, 1, 0, 1.00, 1
710, 2912, 1, 0, 2913, 2913, 1, 0, 1.00, 1
711, 2913, 1, 0, 2914, 2914, 1, 0, 1.00, 1
712, 2936, 1, 0, 2937, 2937, 1, 0, 1.00, 1
713, 2938, 2, 0, 2939, 2940, 2, 0, 1.00, 1
714, 2941, 1, 0, 2942, 2942, 1, 0, 1.00, 1
715, 2943, 4, 0, 2944, 2947, 4, 0, 1.00, 1
716, 2961, 6, 0, 2962, 2973, 12, 6, 2.00, 1
717, 2962, 4, 0, 2963, 2968, 6, 2, 1.50, 1
718, 2963, 2, 0, 2964, 2965, 2, 0, 1.00, 1
719, 2965, 6, 0, 2974, 2986, 21, 15, 3.50, 1
720, 2969, 7, 0, 2993, 3001, 32, 25, 4.57, 1
721, 2977, 4, 0, 2978, 2984, 7, 3, 1.75, 1
722, 2979, 4, 0, 2989, 2992, 13, 9, 3.25, 1
723, 2980, 3, 0, 2981, 2983, 3, 0, 1.00, 1
724, 2986, 2, 0, 2987, 2988, 2, 0, 1.00, 1
725, 2995, 2, 0, 2996, 2997, 2, 0, 1.00, 1
726, 3000, 8, 0, 3002, 3011, 11, 3, 1.38, 1
727, 3002, 2, 0, 3003, 3004, 2, 0, 1.00, 1
728, 3011, 1, 0, 3012, 3012, 1, 0, 1.00, 1
729, 3012, 3, 0, 3013, 3015, 3, 0, 1.00, 1
730, 3020, 3, 0, 3021, 3023, 3, 0, 1.00, 1
731, 3026, 1, 0, 3027, 3027, 1, 0, 1.00, 1
732, 3034, 21, 0, 46655, 46675, 43641, 43620, 2078.14, 1
733, 3038, 32, 0, 49111, 49142, 46104, 46072, 1440.75, 1
734, 3041, 6, 0, 3042, 3047, 6, 0, 1.00, 1
735, 3042, 6, 0, 3052, 3062, 20, 14, 3.33, 1
736, 3052, 19, 0, 45587, 45605, 42553, 42534, 2239.63, 1
737, 3056, 5, 0, 3057, 3061, 5, 0, 1.00, 1
738, 3059, 8, 0, 3084, 3093, 34, 26, 4.25, 1
739, 3060, 5, 0, 3063, 3069, 9, 4, 1.80, 1
740, 3064, 1, 0, 3065, 3065, 1, 0, 1.00, 1
741, 3065, 3, 0, 3070, 3072, 7, 4, 2.33, 1
742, 3066, 1, 0, 3067, 3067, 1, 0, 1.00, 1
743, 3069, 6, 0, 3073, 3081, 12, 6, 2.00, 1
744, 3076, 3, 0, 3077, 3083, 7, 4, 2.33, 1
745, 3077, 2, 0, 3078, 3079, 2, 0, 1.00, 1
746, 3084, 8, 0, 3094, 3106, 22, 14, 2.75, 1
747, 3085, 1, 0, 3086, 3086, 1, 0, 1.00, 1
748, 3091, 1, 0, 3092, 3092, 1, 0, 1.00, 1
749, 3097, 6, 0, 3098, 3111, 14, 8, 2.33, 1
750, 3098, 4, 0, 3099, 3102, 4, 0, 1.00, 1
751, 3111, 6, 0, 3112, 3125, 14, 8, 2.33, 1
752, 3112, 5, 0, 3113, 3117, 5, 0, 1.00, 1
753, 3119, 3, 0, 3120, 3122, 3, 0, 1.00, 1
754, 3121, 3, 0, 3126, 3128, 7, 4, 2.33, 1
755, 3131, 8, 0, 3132, 3144, 13, 5, 1.62, 1
756, 3132, 1, 0, 3133, 3133, 1, 0, 1.00, 1
757, 3139, 4, 0, 3140, 3143, 4, 0, 1.00, 1
758, 3145, 2, 0, 3146, 3147, 2, 0, 1.00, 1
759, 3148, 16, 0, 3149, 3322, 174, 158, 10.88, 1
760, 3149, 3, 0, 3150, 3152, 3, 0, 1.00, 1
761, 3157, 8, 0, 3158, 3169, 12, 4, 1.50, 1
762, 3161, 1, 0, 3162, 3162, 1, 0, 1.00, 1
763, 3165, 3, 0, 3166, 3168, 3, 0, 1.00, 1
764, 3166, 3, 0, 3170, 3172, 6, 3, 2.00, 1
765, 3167, 11, 0, 3190, 3245, 78, 67, 7.09, 1
766, 3173, 4, 0, 3174, 3177, 4, 0, 1.00, 1
767, 3177, 1, 0, 3178, 3178, 1, 0, 1.00, 1
768, 3180, 5, 0, 3181, 3185, 5, 0, 1.00, 1
769, 3190, 2, 0, 3191, 3192, 2, 0, 1.00, 1
770, 3191, 3, 0, 3193, 3195, 4, 1, 1.33, 1
771, 3195, 5, 0, 3196, 3200, 5, 0, 1.00, 1
772, 3200, 3, 0, 3201, 3203, 3, 0, 1.00, 1
773, 3202, 8, 0, 3204, 3222, 20, 12, 2.50, 1
774, 3204, 2, 0, 3205, 3206, 2, 0, 1.00, 1
775, 3209, 2, 0, 3210, 3211, 2, 0, 1.00, 1
776, 3213, 7, 0, 3214, 3225, 12, 5, 1.71, 1
777, 3217, 2, 0, 3218, 3219, 2, 0, 1.00, 1
778, 3219, 1, 0, 3220, 3220, 1, 0, 1.00, 1
779, 3234, 8, 0, 3235, 3258, 24, 16, 3.00, 1
780, 3239, 5, 0, 3240, 3244, 5, 0, 1.00, 1
781, 3241, 6, 0, 3259, 3267, 26, 20, 4.33, 1
782, 3246, 3, 0, 3247, 3251, 5, 2, 1.67, 1
783, 3248, 2, 0, 3249, 3250, 2, 0, 1.00, 1
784, 3252, 5, 0, 3253, 3257, 5, 0, 1.00, 1
785, 3261, 2, 0, 3262, 3263, 2, 0, 1.00, 1
786, 3265, 1, 0, 3266, 3266, 1, 0, 1.00, 1
787, 3266, 4, 0, 3268, 3271, 5, 1, 1.25, 1
788, 3267, 7, 0, 3272, 3284, 17, 10, 2.43, 1
789, 3273, 4, 0, 3274, 3277, 4, 0, 1.00, 1
790, 3277, 6, 0, 3291, 3301, 24, 18, 4.00, 1
791, 3280, 2, 0, 3281, 3282, 2, 0, 1.00, 1
792, 3281, 2, 0, 3289, 3290, 9, 7, 4.50, 1
793, 3284, 4, 0, 3285, 3288, 4, 0, 1.00, 1
794, 3293, 4, 0, 3294, 3298, 5, 1, 1.25, 1
795, 3295, 1, 0, 3296, 3296, 1, 0, 1.00, 1
796, 3296, 3, 0, 3302, 3304, 8, 5, 2.67, 1
797, 3303, 18, 0, 44648, 44665, 41362, 41344, 2297.89, 1
798, 3308, 2, 0, 3309, 3310, 2, 0, 1.00, 1
799, 3310, 1, 0, 3311, 3311, 1, 0, 1.00, 1
800, 3325, 5, 0, 3326, 3331, 6, 1, 1.20, 1
801, 3329, 1, 0, 3330, 3330, 1, 0, 1.00, 1
802, 3330, 1, 0, 3332, 3332, 2, 1, 2.00, 1
803, 3333, 1, 0, 3334, 3334, 1, 0, 1.00, 1
804, 3335, 8, 0, 3336, 3352, 17, 9, 2.12, 1
805, 3337, 20, 0, 46214, 46233, 42896, 42876, 2144.80, 1
806, 3338, 2, 0, 3339, 3340, 2, 0, 1.00, 1
807, 3341, 7, 0, 3342, 3348, 7, 0, 1.00, 1
808, 3352, 4, 0, 3353, 3356, 4, 0, 1.00, 1
809, 3360, 1, 0, 3361, 3361, 1, 0, 1.00, 1
810, 3362, 3, 0, 3363, 3365, 3, 0, 1.00, 1
811, 3365, 2, 0, 3366, 3367, 2, 0, 1.00, 1
812, 3367, 1, 0, 3368, 3368, 1, 0, 1.00, 1
813, 3370, 2, 0, 3371, 3372, 2, 0, 1.00, 1
814, 3375, 6, 0, 3376, 3391, 16, 10, 2.67, 1
815, 3378, 1, 0, 3379, 3379, 1, 0, 1.00, 1
816, 3379, 2, 0, 3382, 3383, 4, 2, 2.00, 1
817, 3384, 3, 0, 3385, 3387, 3, 0, 1.00, 1
818, 3387, 2, 0, 3388, 3389, 2, 0, 1.00, 1
819, 3390, 6, 0, 3392, 3408, 18, 12, 3.00, 1
820, 3392, 5, 0, 3393, 3399, 7, 2, 1.40, 1
821, 3395, 2, 0, 3396, 3397, 2, 0, 1.00, 1
822, 3396, 11, 0, 3632, 3666, 270, 259, 24.55, 1
823, 3401, 5, 0, 3402, 3414, 13, 8, 2.60, 1
824, 3402, 1, 0, 3403, 3403, 1, 0, 1.00, 1
825, 3405, 3, 0, 3406, 3410, 5, 2, 1.67, 1
826, 3406, 1, 0, 3407, 3407, 1, 0, 1.00, 1
827, 3410, 8, 0, 3424, 3442, 32, 24, 4.00, 1
828, 3414, 5, 0, 3415, 3423, 9, 4, 1.80, 1
829, 3415, 4, 0, 3416, 3419, 4, 0, 1.00, 1
830, 3425, 2, 0, 3426, 3427, 2, 0, 1.00, 1
831, 3428, 6, 0, 3429, 3435, 7, 1, 1.17, 1
832, 3431, 10, 0, 3541, 3550, 119, 109, 11.90, 1
833, 3433, 1, 0, 3434, 3434, 1, 0, 1.00, 1
834, 3434, 2, 0, 3436, 3437, 3, 1, 1.50, 1
835, 3437, 12, 0, 3830, 3860, 423, 411, 35.25, 1
836, 3442, 7, 0, 3443, 3456, 14, 7, 2.00, 1
837, 3445, 9, 0, 3459, 3475, 30, 21, 3.33, 1
838, 3447, 3, 0, 3448, 3450, 3, 0, 1.00, 1
839, 3451, 4, 0, 3452, 3455, 4, 0, 1.00, 1
840, 3455, 10, 0, 3575, 3597, 142, 132, 14.20, 1
841, 3456, 2, 0, 3457, 3458, 2, 0, 1.00, 1
842, 3459, 4, 0, 3460, 3464, 5, 1, 1.25, 1
843, 3460, 17, 0, 43827, 43843, 40383, 40366, 2375.47, 1
844, 3462, 1, 0, 3463, 3463, 1, 0, 1.00, 1
845, 3465, 1, 0, 3466, 3466, 1, 0, 1.00, 1
846, 3466, 11, 0, 3667, 3690, 224, 213, 20.36, 1
847, 3472, 2, 0, 3473, 3474, 2, 0, 1.00, 1
848, 3474, 8, 0, 3476, 3492, 18, 10, 2.25, 1
849, 3479, 5, 0, 3480, 3484, 5, 0, 1.00, 1
850, 3482, 13, 0, 4751, 4767, 1285, 1272, 98.85, 1
851, 3486, 5, 0, 3487, 3496, 10, 5, 2.00, 1
852, 3487, 3, 0, 3488, 3490, 3, 0, 1.00, 1
853, 3488, 9, 0, 3497, 3535, 47, 38, 5.22, 1
854, 3498, 2, 0, 3499, 3500, 2, 0, 1.00, 1
855, 3500, 4, 0, 3501, 3505, 5, 1, 1.25, 1
856, 3503, 1, 0, 3504, 3504, 1, 0, 1.00, 1
857, 3504, 3, 0, 3506, 3508, 4, 1, 1.33, 1
858, 3511, 8, 0, 3512, 3524, 13, 5, 1.62, 1
859, 3517, 4, 0, 3518, 3522, 5, 1, 1.25, 1
860, 3519, 11, 0, 3691, 3784, 265, 254, 24.09, 1
861, 3520, 1, 0, 3521, 3521, 1, 0, 1.00, 1
862, 3523, 12, 0, 4723, 4750, 1227, 1215, 102.25, 1
863, 3526, 7, 0, 3527, 3533, 7, 0, 1.00, 1
864, 3535, 2, 0, 3536, 3537, 2, 0, 1.00, 1
865, 3537, 3, 0, 3538, 3540, 3, 0, 1.00, 1
866, 3550, 4, 0, 3551, 3560, 10, 6, 2.50, 1
867, 3551, 3, 0, 3552, 3554, 3, 0, 1.00, 1
868, 3554, 3, 0, 3561, 3565, 11, 8, 3.67, 1
869, 3555, 3, 0, 3556, 3558, 3, 0, 1.00, 1
870, 3556, 8, 0, 3567, 3574, 18, 10, 2.25, 1
871, 3560, 10, 0, 3609, 3619, 59, 49, 5.90, 1
872, 3562, 2, 0, 3563, 3566, 4, 2, 2.00, 1
873, 3563, 1, 0, 3564, 3564, 1, 0, 1.00, 1
874, 3578, 2, 0, 3579, 3580, 2, 0, 1.00, 1
875, 3579, 3, 0, 3581, 3583, 4, 1, 1.33, 1
876, 3585, 2, 0, 3586, 3587, 2, 0, 1.00, 1
877, 3587, 6, 0, 3601, 3608, 21, 15, 3.50, 1
878, 3590, 8, 0, 3591, 3600, 10, 2, 1.25, 1
879, 3595, 1, 0, 3596, 3596, 1, 0, 1.00, 1
880, 3597, 10, 0, 3620, 3631, 34, 24, 3.40, 1
881, 3604, 2, 0, 3605, 3606, 2, 0, 1.00, 1
882, 3615, 1, 0, 3616, 3616, 1, 0, 1.00, 1
883, 3625, 2, 0, 3626, 3627, 2, 0, 1.00, 1
884, 3631, 11, 0, 3785, 3806, 175, 164, 15.91, 1
885, 3635, 8, 0, 3636, 3646, 11, 3, 1.38, 1
886, 3642, 3, 0, 3643, 3647, 5, 2, 1.67, 1
887, 3644, 1, 0, 3645, 3645, 1, 0, 1.00, 1
888, 3645, 16, 0, 42718, 42733, 39088, 39072, 2443.00, 1
889, 3648, 3, 0, 3649, 3651, 3, 0, 1.00, 1
890, 3649, 3, 0, 3652, 3655, 6, 3, 2.00, 1
891, 3652, 1, 0, 3653, 3653, 1, 0, 1.00, 1
892, 3653, 14, 0, 5529, 5620, 1967, 1953, 140.50, 1
893, 3659, 1, 0, 3660, 3660, 1, 0, 1.00, 1
894, 3661, 4, 0, 3662, 3665, 4, 0, 1.00, 1
895, 3667, 5, 0, 3668, 3672, 5, 0, 1.00, 1
896, 3674, 3, 0, 3675, 3677, 3, 0, 1.00, 1
897, 3677, 1, 0, 3678, 3678, 1, 0, 1.00, 1
898, 3680, 3, 0, 3681, 3683, 3, 0, 1.00, 1
899, 3685, 1, 0, 3686, 3686, 1, 0, 1.00, 1
900, 3691, 7, 0, 3692, 3705, 14, 7, 2.00, 1
901, 3693, 6, 0, 3694, 3711, 18, 12, 3.00, 1
902, 3694, 1, 0, 3695, 3695, 1, 0, 1.00, 1
903, 3695, 4, 0, 3696, 3699, 4, 0, 1.00, 1
904, 3699, 7, 0, 3712, 3726, 27, 20, 3.86, 1
905, 3703, 1, 0, 3704, 3704, 1, 0, 1.00, 1
906, 3705, 1, 0, 3706, 3706, 1, 0, 1.00, 1
907, 3712, 4, 0, 3713, 3716, 4, 0, 1.00, 1
908, 3719, 3, 0, 3720, 3722, 3, 0, 1.00, 1
909, 3720, 4, 0, 3730, 3733, 13, 9, 3.25, 1
910, 3722, 3, 0, 3727, 3729, 7, 4, 2.33, 1
911, 3724, 1, 0, 3725, 3725, 1, 0, 1.00, 1
912, 3729, 4, 0, 3736, 3739, 10, 6, 2.50, 1
913, 3732, 8, 0, 3740, 3748, 16, 8, 2.00, 1
914, 3733, 2, 0, 3734, 3735, 2, 0, 1.00, 1
915, 3740, 1, 0, 3741, 3741, 1, 0, 1.00, 1
916, 3749, 5, 0, 3750, 3757, 8, 3, 1.60, 1
917, 3750, 2, 0, 3751, 3752, 2, 0, 1.00, 1
918, 3753, 1, 0, 3754, 3754, 1, 0, 1.00, 1
919, 3758, 5, 0, 3759, 3763, 5, 0, 1.00, 1
920, 3764, 4, 0, 3765, 3770, 6, 2, 1.50, 1
921, 3766, 2, 0, 3767, 3768, 2, 0, 1.00, 1
922, 3770, 4, 0, 3771, 3774, 4, 0, 1.00, 1
923, 3775, 3, 0, 3776, 3778, 3, 0, 1.00, 1
924, 3788, 5, 0, 3789, 3795, 7, 2, 1.40, 1
925, 3791, 2, 0, 3792, 3793, 2, 0, 1.00, 1
926, 3795, 2, 0, 3796, 3797, 2, 0, 1.00, 1
927, 3797, 7, 0, 3823, 3829, 32, 25, 4.57, 1
928, 3803, 2, 0, 3804, 3805, 2, 0, 1.00, 1
929, 3806, 8, 0, 3807, 3822, 16, 8, 2.00, 1
930, 3808, 2, 0, 3809, 3810, 2, 0, 1.00, 1
931, 3812, 16, 0, 42734, 42749, 38937, 38921, 2433.56, 1
932, 3814, 5, 0, 3815, 3819, 5, 0, 1.00, 1
933, 3819, 1, 0, 3820, 3820, 1, 0, 1.00, 1
934, 3835, 2, 0, 3836, 3837, 2, 0, 1.00, 1
935, 3836, 3, 0, 3838, 3840, 4, 1, 1.33, 1
936, 3837, 9, 0, 3995, 4051, 214, 205, 23.78, 1
937, 3838, 3, 0, 3841, 3844, 6, 3, 2.00, 1
938, 3840, 3, 0, 3845, 3847, 7, 4, 2.33, 1
939, 3842, 1, 0, 3843, 3843, 1, 0, 1.00, 1
940, 3844, 6, 0, 3874, 3879, 35, 29, 5.83, 1
941, 3850, 6, 0, 3851, 3863, 13, 7, 2.17, 1
942, 3853, 5, 0, 3854, 3867, 14, 9, 2.80, 1
943, 3854, 1, 0, 3855, 3855, 1, 0, 1.00, 1
944, 3855, 2, 0, 3856, 3857, 2, 0, 1.00, 1
945, 3862, 14, 0, 5689, 5704, 1842, 1828, 131.57, 1
946, 3867, 3, 0, 3868, 3870, 3, 0, 1.00, 1
947, 3868, 7, 0, 3880, 3898, 30, 23, 4.29, 1
948, 3869, 3, 0, 3871, 3873, 4, 1, 1.33, 1
949, 3881, 6, 0, 3882, 3890, 9, 3, 1.50, 1
950, 3885, 3, 0, 3886, 3888, 3, 0, 1.00, 1
951, 3888, 3, 0, 3891, 3893, 5, 2, 1.67, 1
952, 3892, 5, 0, 3899, 3903, 11, 6, 2.20, 1
953, 3894, 13, 0, 4768, 4950, 1056, 1043, 81.23, 1
954, 3901, 16, 0, 42750, 42765, 38864, 38848, 2429.00, 1
955, 3902, 6, 0, 3904, 3916, 14, 8, 2.33, 1
956, 3905, 2, 0, 3906, 3907, 2, 0, 1.00, 1
957, 3906, 4, 0, 3917, 3920, 14, 10, 3.50, 1
958, 3907, 5, 0, 3921, 3925, 18, 13, 3.60, 1
959, 3908, 5, 0, 3909, 3913, 5, 0, 1.00, 1
960, 3910, 15, 0, 7012, 7028, 3118, 3103, 207.87, 1
961, 3911, 7, 0, 3931, 3942, 31, 24, 4.43, 1
962, 3920, 15, 0, 7029, 37555, 33635, 33620, 2242.33, 1
963, 3922, 5, 0, 3926, 3930, 8, 3, 1.60, 1
964, 3924, 10, 0, 4135, 4155, 231, 221, 23.10, 1
965, 3931, 14, 0, 5709, 5722, 1791, 1777, 127.93, 1
966, 3934, 4, 0, 3935, 3945, 11, 7, 2.75, 1
967, 3935, 1, 0, 3936, 3936, 1, 0, 1.00, 1
968, 3937, 3, 0, 3938, 3940, 3, 0, 1.00, 1
969, 3939, 4, 0, 3946, 3951, 12, 8, 3.00, 1
970, 3943, 10, 0, 4175, 4184, 241, 231, 24.10, 1
971, 3945, 6, 0, 3952, 3958, 13, 7, 2.17, 1
972, 3946, 2, 0, 3947, 3948, 2, 0, 1.00, 1
973, 3954, 1, 0, 3955, 3955, 1, 0, 1.00, 1
974, 3955, 3, 0, 3959, 3961, 6, 3, 2.00, 1
975, 3957, 19, 0, 45606, 45624, 41667, 41648, 2193.00, 1
976, 3960, 24, 0, 47741, 47764, 43804, 43780, 1825.17, 1
977, 3961, 7, 0, 3962, 3981, 20, 13, 2.86, 1
978, 3962, 4, 0, 3963, 3966, 4, 0, 1.00, 1
979, 3966, 4, 0, 3967, 3971, 5, 1, 1.25, 1
980, 3967, 1, 0, 3968, 3968, 1, 0, 1.00, 1
981, 3969, 7, 0, 3982, 3994, 25, 18, 3.57, 1
982, 3973, 17, 0, 43844, 43860, 39887, 39870, 2346.29, 1
983, 3976, 4, 0, 3977, 3980, 4, 0, 1.00, 1
984, 3982, 4, 0, 3983, 3988, 6, 2, 1.50, 1
985, 3984, 2, 0, 3985, 3986, 2, 0, 1.00, 1
986, 3995, 7, 0, 3996, 4006, 11, 4, 1.57, 1
987, 3997, 1, 0, 3998, 3998, 1, 0, 1.00, 1
988, 4001, 7, 0, 4016, 4028, 27, 20, 3.86, 1
989, 4002, 5, 0, 4003, 4015, 13, 8, 2.60, 1
990, 4004, 1, 0, 4005, 4005, 1, 0, 1.00, 1
991, 4005, 1, 0, 4012, 4012, 7, 6, 7.00, 1
992, 4006, 5, 0, 4007, 4011, 5, 0, 1.00, 1
993, 4016, 1, 0, 4017, 4017, 1, 0, 1.00, 1
994, 4020, 5, 0, 4021, 4025, 5, 0, 1.00, 1
995, 4028, 2, 0, 4029, 4030, 2, 0, 1.00, 1
996, 4031, 7, 0, 4032, 4038, 7, 0, 1.00, 1
997, 4037, 10, 0, 4185, 4200, 163, 153, 16.30, 1
998, 4044, 5, 0, 4045, 4053, 9, 4, 1.80, 1
999, 4047, 3, 0, 4048, 4050, 3, 0, 1.00, 1
1000, 4049, 5, 0, 4054, 4060, 11, 6, 2.20, 1
1001, 4052, 9, 0, 4101, 4119, 67, 58, 7.44, 1
1002, 4055, 2, 0, 4056, 4057, 2, 0, 1.00, 1
1003, 4056, 5, 0, 4061, 4068, 12, 7, 2.40, 1
1004, 4061, 1, 0, 4062, 4062, 1, 0, 1.00, 1
1005, 4062, 31, 0, 49018, 49048, 44986, 44955, 1451.16, 1
1006, 4064, 2, 0, 4065, 4066, 2, 0, 1.00, 1
1007, 4065, 4, 0, 4080, 4089, 24, 20, 6.00, 1
1008, 4068, 3, 0, 4069, 4071, 3, 0, 1.00, 1
1009, 4071, 2, 0, 4072, 4073, 2, 0, 1.00, 1
1010, 4073, 3, 0, 4074, 4078, 5, 2, 1.67, 1
1011, 4075, 2, 0, 4076, 4079, 4, 2, 2.00, 1
1012, 4076, 1, 0, 4077, 4077, 1, 0, 1.00, 1
1013, 4080, 3, 0, 4081, 4083, 3, 0, 1.00, 1
1014, 4081, 4, 0, 4093, 4096, 15, 11, 3.75, 1
1015, 4084, 2, 0, 4085, 4086, 2, 0, 1.00, 1
1016, 4085, 2, 0, 4090, 4092, 7, 5, 3.50, 1
1017, 4086, 1, 0, 4087, 4087, 1, 0, 1.00, 1
1018, 4090, 1, 0, 4091, 4091, 1, 0, 1.00, 1
1019, 4095, 4, 0, 4097, 4100, 5, 1, 1.25, 1
1020, 4101, 4, 0, 4102, 4105, 4, 0, 1.00, 1
1021, 4106, 2, 0, 4107, 4108, 2, 0, 1.00, 1
1022, 4107, 9, 0, 4120, 4134, 27, 18, 3.00, 1
1023, 4108, 3, 0, 4109, 4111, 3, 0, 1.00, 1
1024, 4109, 11, 0, 4229, 4294, 185, 174, 16.82, 1
1025, 4117, 1, 0, 4118, 4118, 1, 0, 1.00, 1
1026, 4120, 3, 0, 4121, 4125, 5, 2, 1.67, 1
1027, 4121, 2, 0, 4122, 4123, 2, 0, 1.00, 1
1028, 4130, 1, 0, 4131, 4131, 1, 0, 1.00, 1
1029, 4139, 5, 0, 4140, 4145, 6, 1, 1.20, 1
1030, 4141, 7, 0, 4156, 4167, 26, 19, 3.71, 1
1031, 4142, 1, 0, 4143, 4143, 1, 0, 1.00, 1
1032, 4148, 3, 0, 4149, 4153, 5, 2, 1.67, 1
1033, 4150, 2, 0, 4151, 4152, 2, 0, 1.00, 1
1034, 4160, 4, 0, 4161, 4164, 4, 0, 1.00, 1
1035, 4163, 5, 0, 4170, 4174, 11, 6, 2.20, 1
1036, 4164, 1, 0, 4165, 4165, 1, 0, 1.00, 1
1037, 4167, 2, 0, 4168, 4169, 2, 0, 1.00, 1
1038, 4186, 3, 0, 4187, 4189, 3, 0, 1.00, 1
1039, 4189, 10, 0, 4204, 4228, 39, 29, 3.90, 1
1040, 4194, 3, 0, 4195, 4197, 3, 0, 1.00, 1
1041, 4195, 3, 0, 4201, 4203, 8, 5, 2.67, 1
1042, 4207, 8, 0, 4208, 4215, 8, 0, 1.00, 1
1043, 4212, 16, 0, 42766, 42781, 38569, 38553, 2410.56, 1
1044, 4218, 1, 0, 4219, 4219, 1, 0, 1.00, 1
1045, 4221, 6, 0, 4222, 4227, 6, 0, 1.00, 1
1046, 4229, 2, 0, 4230, 4231, 2, 0, 1.00, 1
1047, 4233, 6, 0, 4234, 4245, 12, 6, 2.00, 1
1048, 4235, 4, 0, 4236, 4239, 4, 0, 1.00, 1
1049, 4237, 5, 0, 4250, 4254, 17, 12, 3.40, 1
1050, 4239, 6, 0, 4260, 4266, 27, 21, 4.50, 1
1051, 4242, 2, 0, 4243, 4244, 2, 0, 1.00, 1
1052, 4243, 5, 0, 4255, 4259, 16, 11, 3.20, 1
1053, 4245, 4, 0, 4246, 4249, 4, 0, 1.00, 1
1054, 4250, 10, 0, 4410, 4426, 176, 166, 17.60, 1
1055, 4256, 6, 0, 4268, 4273, 17, 11, 2.83, 1
1056, 4258, 14, 0, 5723, 5756, 1498, 1484, 107.00, 1
1057, 4261, 9, 0, 4303, 4332, 71, 62, 7.89, 1
1058, 4262, 1, 0, 4263, 4263, 1, 0, 1.00, 1
1059, 4266, 1, 0, 4267, 4267, 1, 0, 1.00, 1
1060, 4274, 3, 0, 4275, 4277, 3, 0, 1.00, 1
1061, 4276, 9, 0, 4361, 4390, 114, 105, 12.67, 1
1062, 4277, 3, 0, 4278, 4280, 3, 0, 1.00, 1
1063, 4280, 2, 0, 4281, 4282, 2, 0, 1.00, 1
1064, 4282, 8, 0, 4295, 4302, 20, 12, 2.50, 1
1065, 4286, 3, 0, 4287, 4290, 4, 1, 1.33, 1
1066, 4287, 1, 0, 4288, 4288, 1, 0, 1.00, 1
1067, 4291, 1, 0, 4292, 4292, 1, 0, 1.00, 1
1068, 4303, 3, 0, 4304, 4307, 4, 1, 1.33, 1
1069, 4304, 3, 0, 4308, 4310, 6, 3, 2.00, 1
1070, 4305, 1, 0, 4306, 4306, 1, 0, 1.00, 1
1071, 4307, 5, 0, 4311, 4316, 9, 4, 1.80, 1
1072, 4309, 8, 0, 4333, 4354, 45, 37, 5.62, 1
1073, 4312, 9, 0, 4399, 4409, 97, 88, 10.78, 1
1074, 4314, 1, 0, 4315, 4315, 1, 0, 1.00, 1
1075, 4316, 2, 0, 4317, 4318, 2, 0, 1.00, 1
1076, 4323, 5, 0, 4324, 4328, 5, 0, 1.00, 1
1077, 4328, 1, 0, 4329, 4329, 1, 0, 1.00, 1
1078, 4334, 7, 0, 4335, 4342, 8, 1, 1.14, 1
1079, 4335, 11, 0, 4518, 4551, 216, 205, 19.64, 1
1080, 4340, 1, 0, 4341, 4341, 1, 0, 1.00, 1
1081, 4343, 4, 0, 4344, 4349, 6, 2, 1.50, 1
1082, 4344, 2, 0, 4345, 4346, 2, 0, 1.00, 1
1083, 4347, 6, 0, 4355, 4360, 13, 7, 2.17, 1
1084, 4351, 10, 0, 4469, 4508, 157, 147, 15.70, 1
1085, 4362, 1, 0, 4363, 4363, 1, 0, 1.00, 1
1086, 4366, 3, 0, 4367, 4369, 3, 0, 1.00, 1
1087, 4369, 3, 0, 4370, 4372, 3, 0, 1.00, 1
1088, 4374, 6, 0, 4375, 4380, 6, 0, 1.00, 1
1089, 4380, 5, 0, 4381, 4388, 8, 3, 1.60, 1
1090, 4384, 3, 0, 4385, 4387, 3, 0, 1.00, 1
1091, 4385, 4, 0, 4391, 4394, 9, 5, 2.25, 1
1092, 4392, 4, 0, 4395, 4398, 6, 2, 1.50, 1
1093, 4398, 15, 0, 41428, 41442, 37044, 37029, 2469.60, 1
1094, 4402, 2, 0, 4403, 4404, 2, 0, 1.00, 1
1095, 4407, 11, 0, 4552, 4591, 184, 173, 16.73, 1
1096, 4410, 2, 0, 4411, 4412, 2, 0, 1.00, 1
1097, 4413, 2, 0, 4414, 4415, 2, 0, 1.00, 1
1098, 4415, 9, 0, 4432, 4452, 37, 28, 4.11, 1
1099, 4420, 3, 0, 4421, 4423, 3, 0, 1.00, 1
1100, 4423, 5, 0, 4427, 4431, 8, 3, 1.60, 1
1101, 4433, 3, 0, 4434, 4436, 3, 0, 1.00, 1
1102, 4434, 5, 0, 4437, 4441, 7, 2, 1.40, 1
1103, 4440, 7, 0, 4462, 4468, 28, 21, 4.00, 1
1104, 4446, 4, 0, 4447, 4450, 4, 0, 1.00, 1
1105, 4449, 6, 0, 4453, 4459, 10, 4, 1.67, 1
1106, 4454, 15, 0, 41443, 41457, 37003, 36988, 2466.87, 1
1107, 4457, 1, 0, 4458, 4458, 1, 0, 1.00, 1
1108, 4458, 2, 0, 4460, 4461, 3, 1, 1.50, 1
1109, 4469, 4, 0, 4470, 4473, 4, 0, 1.00, 1
1110, 4475, 7, 0, 4476, 4489, 14, 7, 2.00, 1
1111, 4478, 4, 0, 4479, 4485, 7, 3, 1.75, 1
1112, 4480, 3, 0, 4481, 4483, 3, 0, 1.00, 1
1113, 4489, 4, 0, 4490, 4494, 5, 1, 1.25, 1
1114, 4492, 1, 0, 4493, 4493, 1, 0, 1.00, 1
1115, 4495, 2, 0, 4496, 4497, 2, 0, 1.00, 1
1116, 4497, 7, 0, 4509, 4517, 20, 13, 2.86, 1
1117, 4498, 11, 0, 4629, 4655, 157, 146, 14.27, 1
1118, 4502, 5, 0, 4503, 4507, 5, 0, 1.00, 1
1119, 4512, 2, 0, 4513, 4514, 2, 0, 1.00, 1
1120, 4517, 11, 0, 4656, 4673, 156, 145, 14.18, 1
1121, 4520, 5, 0, 4521, 4526, 6, 1, 1.20, 1
1122, 4521, 1, 0, 4522, 4522, 1, 0, 1.00, 1
1123, 4528, 7, 0, 4529, 4538, 10, 3, 1.43, 1
1124, 4532, 3, 0, 4533, 4535, 3, 0, 1.00, 1
1125, 4540, 3, 0, 4541, 4545, 5, 2, 1.67, 1
1126, 4541, 2, 0, 4542, 4543, 2, 0, 1.00, 1
1127, 4546, 1, 0, 4547, 4547, 1, 0, 1.00, 1
1128, 4549, 1, 0, 4550, 4550, 1, 0, 1.00, 1
1129, 4554, 1, 0, 4555, 4555, 1, 0, 1.00, 1
1130, 4555, 5, 0, 4556, 4560, 5, 0, 1.00, 1
1131, 4563, 9, 0, 4564, 4576, 13, 4, 1.44, 1
1132, 4570, 3, 0, 4571, 4574, 4, 1, 1.33, 1
1133, 4572, 1, 0, 4573, 4573, 1, 0, 1.00, 1
1134, 4573, 5, 0, 4592, 4597, 24, 19, 4.80, 1
1135, 4574, 4, 0, 4581, 4584, 10, 6, 2.50, 1
1136, 4575, 15, 0, 41458, 41472, 36897, 36882, 2459.80, 1
1137, 4576, 4, 0, 4577, 4580, 4, 0, 1.00, 1
1138, 4577, 9, 0, 4611, 4628, 51, 42, 5.67, 1
1139, 4581, 5, 0, 4598, 4608, 27, 22, 5.40, 1
1140, 4584, 17, 0, 43861, 43877, 39293, 39276, 2311.35, 1
1141, 4587, 2, 0, 4588, 4589, 2, 0, 1.00, 1
1142, 4592, 1, 0, 4593, 4593, 1, 0, 1.00, 1
1143, 4598, 2, 0, 4599, 4600, 2, 0, 1.00, 1
1144, 4603, 4, 0, 4604, 4607, 4, 0, 1.00, 1
1145, 4608, 2, 0, 4609, 4610, 2, 0, 1.00, 1
1146, 4611, 3, 0, 4612, 4616, 5, 2, 1.67, 1
1147, 4613, 2, 0, 4614, 4615, 2, 0, 1.00, 1
1148, 4616, 1, 0, 4617, 4617, 1, 0, 1.00, 1
1149, 4618, 3, 0, 4619, 4621, 3, 0, 1.00, 1
1150, 4630, 7, 0, 4631, 4639, 9, 2, 1.29, 1
1151, 4635, 2, 0, 4636, 4637, 2, 0, 1.00, 1
1152, 4639, 11, 0, 4710, 4722, 83, 72, 7.55, 1
1153, 4640, 2, 0, 4641, 4642, 2, 0, 1.00, 1
1154, 4645, 5, 0, 4646, 4650, 5, 0, 1.00, 1
1155, 4656, 1, 0, 4657, 4657, 1, 0, 1.00, 1
1156, 4663, 3, 0, 4664, 4666, 3, 0, 1.00, 1
1157, 4668, 3, 0, 4669, 4671, 3, 0, 1.00, 1
1158, 4669, 4, 0, 4674, 4681, 12, 8, 3.00, 1
1159, 4674, 1, 0, 4675, 4675, 1, 0, 1.00, 1
1160, 4677, 3, 0, 4678, 4680, 3, 0, 1.00, 1
1161, 4681, 4, 0, 4682, 4685, 4, 0, 1.00, 1
1162, 4684, 7, 0, 4686, 4692, 8, 1, 1.14, 1
1163, 4691, 8, 0, 4693, 4709, 18, 10, 2.25, 1
1164, 4694, 3, 0, 4695, 4697, 3, 0, 1.00, 1
1165, 4699, 2, 0, 4700, 4701, 2, 0, 1.00, 1
1166, 4702, 3, 0, 4703, 4706, 4, 1, 1.33, 1
1167, 4704, 1, 0, 4705, 4705, 1, 0, 1.00, 1
1168, 4713, 2, 0, 4714, 4715, 2, 0, 1.00, 1
1169, 4723, 5, 0, 4724, 4735, 12, 7, 2.40, 1
1170, 4724, 3, 0, 4725, 4727, 3, 0, 1.00, 1
1171, 4730, 4, 0, 4731, 4734, 4, 0, 1.00, 1
1172, 4737, 2, 0, 4738, 4739, 2, 0, 1.00, 1
1173, 4742, 13, 0, 5356, 5384, 642, 629, 49.38, 1
1174, 4744, 2, 0, 4745, 4746, 2, 0, 1.00, 1
1175, 4752, 2, 0, 4753, 4754, 2, 0, 1.00, 1
1176, 4755, 2, 0, 4756, 4757, 2, 0, 1.00, 1
1177, 4768, 10, 0, 4769, 4828, 60, 50, 6.00, 1
1178, 4769, 3, 0, 4770, 4772, 3, 0, 1.00, 1
1179, 4771, 4, 0, 4773, 4776, 5, 1, 1.25, 1
1180, 4772, 5, 0, 4785, 4789, 17, 12, 3.40, 1
1181, 4773, 4, 0, 4777, 4780, 7, 3, 1.75, 1
1182, 4775, 7, 0, 4801, 4809, 34, 27, 4.86, 1
1183, 4776, 4, 0, 4781, 4784, 8, 4, 2.00, 1
1184, 4778, 6, 0, 4790, 4796, 18, 12, 3.00, 1
1185, 4793, 1, 0, 4794, 4794, 1, 0, 1.00, 1
1186, 4796, 3, 0, 4797, 4800, 4, 1, 1.33, 1
1187, 4798, 1, 0, 4799, 4799, 1, 0, 1.00, 1
1188, 4806, 2, 0, 4807, 4810, 4, 2, 2.00, 1
1189, 4807, 1, 0, 4808, 4808, 1, 0, 1.00, 1
1190, 4814, 2, 0, 4815, 4816, 2, 0, 1.00, 1
1191, 4816, 1, 0, 4817, 4817, 1, 0, 1.00, 1
1192, 4820, 6, 0, 4821, 4833, 13, 7, 2.17, 1
1193, 4821, 5, 0, 4822, 4826, 5, 0, 1.00, 1
1194, 4823, 17, 0, 43878, 43894, 39071, 39054, 2298.29, 1
1195, 4824, 9, 0, 4844, 4863, 39, 30, 4.33, 1
1196, 4829, 11, 0, 4864, 4892, 63, 52, 5.73, 1
1197, 4833, 8, 0, 4834, 4843, 10, 2, 1.25, 1
1198, 4835, 2, 0, 4836, 4837, 2, 0, 1.00, 1
1199, 4846, 5, 0, 4847, 4851, 5, 0, 1.00, 1
1200, 4856, 6, 0, 4857, 4862, 6, 0, 1.00, 1
1201, 4867, 2, 0, 4868, 4869, 2, 0, 1.00, 1
1202, 4869, 1, 0, 4870, 4870, 1, 0, 1.00, 1
1203, 4870, 7, 0, 4893, 4899, 29, 22, 4.14, 1
1204, 4871, 7, 0, 4872, 4879, 8, 1, 1.14, 1
1205, 4873, 1, 0, 4874, 4874, 1, 0, 1.00, 1
1206, 4874, 9, 0, 4912, 4922, 48, 39, 5.33, 1
1207, 4880, 5, 0, 4881, 4885, 5, 0, 1.00, 1
1208, 4881, 7, 0, 4900, 4910, 29, 22, 4.14, 1
1209, 4889, 2, 0, 4890, 4891, 2, 0, 1.00, 1
1210, 4898, 12, 0, 4980, 5116, 218, 206, 18.17, 1
1211, 4900, 1, 0, 4901, 4901, 1, 0, 1.00, 1
1212, 4901, 2, 0, 4902, 4903, 2, 0, 1.00, 1
1213, 4906, 1, 0, 4907, 4907, 1, 0, 1.00, 1
1214, 4910, 1, 0, 4911, 4911, 1, 0, 1.00, 1
1215, 4917, 2, 0, 4918, 4919, 2, 0, 1.00, 1
1216, 4923, 5, 0, 4924, 4928, 5, 0, 1.00, 1
1217, 4925, 11, 0, 4951, 4970, 45, 34, 4.09, 1
1218, 4928, 2, 0, 4929, 4930, 2, 0, 1.00, 1
1219, 4930, 2, 0, 4931, 4932, 2, 0, 1.00, 1
1220, 4933, 5, 0, 4934, 4939, 6, 1, 1.20, 1
1221, 4936, 1, 0, 4937, 4937, 1, 0, 1.00, 1
1222, 4940, 1, 0, 4941, 4941, 1, 0, 1.00, 1
1223, 4953, 1, 0, 4954, 4954, 1, 0, 1.00, 1
1224, 4954, 2, 0, 4955, 4957, 3, 1, 1.50, 1
1225, 4955, 1, 0, 4956, 4956, 1, 0, 1.00, 1
1226, 4958, 4, 0, 4959, 4962, 4, 0, 1.00, 1
1227, 4968, 1, 0, 4969, 4969, 1, 0, 1.00, 1
1228, 4970, 5, 0, 4971, 4979, 9, 4, 1.80, 1
1229, 4972, 4, 0, 4973, 4976, 4, 0, 1.00, 1
1230, 4980, 8, 0, 4981, 4996, 16, 8, 2.00, 1
1231, 4982, 1, 0, 4983, 4983, 1, 0, 1.00, 1
1232, 4985, 3, 0, 4986, 4988, 3, 0, 1.00, 1
1233, 4987, 7, 0, 4997, 5003, 16, 9, 2.29, 1
1234, 4988, 1, 0, 4989, 4989, 1, 0, 1.00, 1
1235, 4990, 3, 0, 4991, 4993, 3, 0, 1.00, 1
1236, 4994, 16, 0, 42782, 42797, 37803, 37787, 2362.69, 1
1237, 5006, 11, 0, 5007, 5027, 21, 10, 1.91, 1
1238, 5010, 29, 0, 48722, 48750, 43740, 43711, 1508.28, 1
1239, 5011, 2, 0, 5012, 5013, 2, 0, 1.00, 1
1240, 5014, 7, 0, 5015, 5039, 25, 18, 3.57, 1
1241, 5016, 3, 0, 5017, 5020, 4, 1, 1.33, 1
1242, 5018, 1, 0, 5019, 5019, 1, 0, 1.00, 1
1243, 5022, 2, 0, 5023, 5024, 2, 0, 1.00, 1
1244, 5030, 6, 0, 5031, 5046, 16, 10, 2.67, 1
1245, 5031, 6, 0, 5051, 5059, 28, 22, 4.67, 1
1246, 5032, 7, 0, 5076, 5086, 54, 47, 7.71, 1
1247, 5033, 4, 0, 5034, 5037, 4, 0, 1.00, 1
1248, 5036, 4, 0, 5047, 5050, 14, 10, 3.50, 1
1249, 5039, 4, 0, 5040, 5043, 4, 0, 1.00, 1
1250, 5047, 6, 0, 5060, 5068, 21, 15, 3.50, 1
1251, 5053, 3, 0, 5054, 5056, 3, 0, 1.00, 1
1252, 5060, 9, 0, 5179, 5187, 127, 118, 14.11, 1
1253, 5064, 3, 0, 5065, 5067, 3, 0, 1.00, 1
1254, 5068, 4, 0, 5069, 5075, 7, 3, 1.75, 1
1255, 5071, 3, 0, 5072, 5074, 3, 0, 1.00, 1
1256, 5076, 3, 0, 5077, 5079, 3, 0, 1.00, 1
1257, 5077, 7, 0, 5087, 5105, 28, 21, 4.00, 1
1258, 5079, 1, 0, 5080, 5080, 1, 0, 1.00, 1
1259, 5082, 9, 0, 5189, 5204, 122, 113, 13.56, 1
1260, 5087, 6, 0, 5088, 5094, 7, 1, 1.17, 1
1261, 5091, 1, 0, 5092, 5092, 1, 0, 1.00, 1
1262, 5096, 16, 0, 42798, 42813, 37717, 37701, 2357.31, 1
1263, 5097, 5, 0, 5098, 5102, 5, 0, 1.00, 1
1264, 5103, 15, 0, 41473, 41487, 36384, 36369, 2425.60, 1
1265, 5112, 3, 0, 5113, 5115, 3, 0, 1.00, 1
1266, 5113, 9, 0, 5205, 5230, 117, 108, 13.00, 1
1267, 5114, 8, 0, 5128, 5143, 29, 21, 3.62, 1
1268, 5116, 4, 0, 5117, 5120, 4, 0, 1.00, 1
1269, 5118, 7, 0, 5121, 5127, 9, 2, 1.29, 1
1270, 5120, 8, 0, 5154, 5174, 54, 46, 6.75, 1
1271, 5132, 5, 0, 5133, 5137, 5, 0, 1.00, 1
1272, 5133, 6, 0, 5148, 5153, 20, 14, 3.33, 1
1273, 5139, 3, 0, 5140, 5142, 3, 0, 1.00, 1
1274, 5143, 3, 0, 5144, 5146, 3, 0, 1.00, 1
1275, 5145, 14, 0, 5801, 5826, 681, 667, 48.64, 1
1276, 5146, 1, 0, 5147, 5147, 1, 0, 1.00, 1
1277, 5155, 5, 0, 5156, 5162, 7, 2, 1.40, 1
1278, 5159, 2, 0, 5160, 5161, 2, 0, 1.00, 1
1279, 5163, 6, 0, 5164, 5169, 6, 0, 1.00, 1
1280, 5165, 9, 0, 5254, 5286, 121, 112, 13.44, 1
1281, 5174, 4, 0, 5175, 5178, 4, 0, 1.00, 1
1282, 5175, 22, 0, 47206, 47227, 42052, 42030, 1911.45, 1
1283, 5187, 1, 0, 5188, 5188, 1, 0, 1.00, 1
1284, 5192, 1, 0, 5193, 5193, 1, 0, 1.00, 1
1285, 5195, 4, 0, 5196, 5200, 5, 1, 1.25, 1
1286, 5197, 1, 0, 5198, 5198, 1, 0, 1.00, 1
1287, 5201, 1, 0, 5202, 5202, 1, 0, 1.00, 1
1288, 5204, 22, 0, 47228, 47249, 42045, 42023, 1911.14, 1
1289, 5205, 3, 0, 5206, 5208, 3, 0, 1.00, 1
1290, 5207, 16, 0, 42814, 42829, 37622, 37606, 2351.38, 1
1291, 5211, 3, 0, 5212, 5214, 3, 0, 1.00, 1
1292, 5216, 6, 0, 5217, 5222, 6, 0, 1.00, 1
1293, 5218, 11, 0, 5317, 5333, 115, 104, 10.45, 1
1294, 5222, 5, 0, 5223, 5227, 5, 0, 1.00, 1
1295, 5224, 8, 0, 5231, 5253, 29, 21, 3.62, 1
1296, 5232, 3, 0, 5233, 5235, 3, 0, 1.00, 1
1297, 5236, 6, 0, 5237, 5242, 6, 0, 1.00, 1
1298, 5242, 1, 0, 5243, 5243, 1, 0, 1.00, 1
1299, 5244, 5, 0, 5245, 5249, 5, 0, 1.00, 1
1300, 5251, 13, 0, 5405, 5452, 201, 188, 15.46, 1
1301, 5255, 7, 0, 5256, 5263, 8, 1, 1.14, 1
1302, 5259, 7, 0, 5287, 5298, 39, 32, 5.57, 1
1303, 5260, 1, 0, 5261, 5261, 1, 0, 1.00, 1
1304, 5261, 6, 0, 5264, 5271, 10, 4, 1.67, 1
1305, 5262, 12, 0, 5334, 5352, 90, 78, 7.50, 1
1306, 5268, 2, 0, 5269, 5272, 4, 2, 2.00, 1
1307, 5269, 1, 0, 5270, 5270, 1, 0, 1.00, 1
1308, 5272, 1, 0, 5273, 5273, 1, 0, 1.00, 1
1309, 5278, 3, 0, 5279, 5281, 3, 0, 1.00, 1
1310, 5282, 3, 0, 5283, 5285, 3, 0, 1.00, 1
1311, 5289, 5, 0, 5290, 5294, 5, 0, 1.00, 1
1312, 5296, 9, 0, 5299, 5308, 12, 3, 1.33, 1
1313, 5298, 13, 0, 5462, 5482, 184, 171, 14.15, 1
1314, 5304, 1, 0, 5305, 5305, 1, 0, 1.00, 1
1315, 5308, 3, 0, 5309, 5311, 3, 0, 1.00, 1
1316, 5309, 4, 0, 5313, 5316, 7, 3, 1.75, 1
1317, 5311, 1, 0, 5312, 5312, 1, 0, 1.00, 1
1318, 5319, 6, 0, 5320, 5325, 6, 0, 1.00, 1
1319, 5335, 1, 0, 5336, 5336, 1, 0, 1.00, 1
1320, 5342, 2, 0, 5343, 5344, 2, 0, 1.00, 1
1321, 5345, 6, 0, 5346, 5355, 10, 4, 1.67, 1
1322, 5348, 1, 0, 5349, 5349, 1, 0, 1.00, 1
1323, 5356, 1, 0, 5357, 5357, 1, 0, 1.00, 1
1324, 5361, 4, 0, 5362, 5368, 7, 3, 1.75, 1
1325, 5362, 3, 0, 5363, 5365, 3, 0, 1.00, 1
1326, 5368, 8, 0, 5397, 5404, 36, 28, 4.50, 1
1327, 5373, 3, 0, 5374, 5376, 3, 0, 1.00, 1
1328, 5376, 5, 0, 5391, 5396, 20, 15, 4.00, 1
1329, 5377, 3, 0, 5378, 5380, 3, 0, 1.00, 1
1330, 5378, 4, 0, 5385, 5390, 12, 8, 3.00, 1
1331, 5381, 2, 0, 5382, 5383, 2, 0, 1.00, 1
1332, 5387, 2, 0, 5388, 5389, 2, 0, 1.00, 1
1333, 5391, 1, 0, 5392, 5392, 1, 0, 1.00, 1
1334, 5394, 15, 0, 41488, 41502, 36108, 36093, 2407.20, 1
1335, 5398, 14, 0, 6629, 6644, 1246, 1232, 89.00, 1
1336, 5409, 4, 0, 5410, 5413, 4, 0, 1.00, 1
1337, 5410, 4, 0, 5417, 5420, 10, 6, 2.50, 1
1338, 5413, 3, 0, 5414, 5416, 3, 0, 1.00, 1
1339, 5418, 5, 0, 5424, 5428, 10, 5, 2.00, 1
1340, 5420, 2, 0, 5421, 5422, 2, 0, 1.00, 1
1341, 5421, 5, 0, 5429, 5433, 12, 7, 2.40, 1
1342, 5422, 1, 0, 5423, 5423, 1, 0, 1.00, 1
1343, 5434, 13, 0, 5484, 5517, 83, 70, 6.38, 1
1344, 5438, 4, 0, 5439, 5442, 4, 0, 1.00, 1
1345, 5441, 4, 0, 5456, 5461, 20, 16, 5.00, 1
1346, 5444, 6, 0, 5445, 5453, 9, 3, 1.50, 1
1347, 5449, 2, 0, 5450, 5451, 2, 0, 1.00, 1
1348, 5450, 2, 0, 5454, 5455, 5, 3, 2.50, 1
1349, 5456, 2, 0, 5457, 5458, 2, 0, 1.00, 1
1350, 5465, 2, 0, 5466, 5467, 2, 0, 1.00, 1
1351, 5467, 6, 0, 5468, 5473, 6, 0, 1.00, 1
1352, 5482, 1, 0, 5483, 5483, 1, 0, 1.00, 1
1353, 5485, 2, 0, 5486, 5487, 2, 0, 1.00, 1
1354, 5486, 3, 0, 5488, 5490, 4, 1, 1.33, 1
1355, 5487, 25, 0, 48125, 48149, 42662, 42637, 1706.48, 1
1356, 5490, 2, 0, 5491, 5492, 2, 0, 1.00, 1
1357, 5492, 2, 0, 5493, 5494, 2, 0, 1.00, 1
1358, 5499, 5, 0, 5500, 5507, 8, 3, 1.60, 1
1359, 5501, 2, 0, 5502, 5503, 2, 0, 1.00, 1
1360, 5505, 1, 0, 5506, 5506, 1, 0, 1.00, 1
1361, 5510, 3, 0, 5511, 5513, 3, 0, 1.00, 1
1362, 5513, 1, 0, 5514, 5514, 1, 0, 1.00, 1
1363, 5514, 6, 0, 5518, 5528, 14, 8, 2.33, 1
1364, 5520, 3, 0, 5521, 5525, 5, 2, 1.67, 1
1365, 5521, 2, 0, 5522, 5523, 2, 0, 1.00, 1
1366, 5532, 10, 0, 5533, 5578, 46, 36, 4.60, 1
1367, 5533, 8, 0, 5534, 5544, 11, 3, 1.38, 1
1368, 5539, 5, 0, 5540, 5547, 8, 3, 1.60, 1
1369, 5541, 1, 0, 5542, 5542, 1, 0, 1.00, 1
1370, 5545, 6, 0, 5548, 5557, 12, 6, 2.00, 1
1371, 5548, 4, 0, 5549, 5552, 4, 0, 1.00, 1
1372, 5557, 2, 0, 5558, 5559, 2, 0, 1.00, 1
1373, 5560, 2, 0, 5561, 5562, 2, 0, 1.00, 1
1374, 5562, 1, 0, 5563, 5563, 1, 0, 1.00, 1
1375, 5567, 5, 0, 5568, 5572, 5, 0, 1.00, 1
1376, 5574, 2, 0, 5575, 5576, 2, 0, 1.00, 1
1377, 5579, 1, 0, 5580, 5580, 1, 0, 1.00, 1
1378, 5580, 1, 0, 5581, 5581, 1, 0, 1.00, 1
1379, 5581, 8, 0, 5582, 5589, 8, 0, 1.00, 1
1380, 5590, 5, 0, 5591, 5595, 5, 0, 1.00, 1
1381, 5592, 7, 0, 5596, 5607, 15, 8, 2.14, 1
1382, 5596, 1, 0, 5597, 5597, 1, 0, 1.00, 1
1383, 5600, 21, 0, 46676, 46696, 41096, 41075, 1956.95, 1
1384, 5602, 4, 0, 5603, 5606, 4, 0, 1.00, 1
1385, 5603, 12, 0, 5635, 5648, 45, 33, 3.75, 1
1386, 5606, 11, 0, 5624, 5634, 28, 17, 2.55, 1
1387, 5610, 1, 0, 5611, 5611, 1, 0, 1.00, 1
1388, 5612, 15, 0, 41503, 41517, 35905, 35890, 2393.67, 1
1389, 5613, 1, 0, 5614, 5614, 1, 0, 1.00, 1
1390, 5615, 3, 0, 5616, 5618, 3, 0, 1.00, 1
1391, 5617, 3, 0, 5621, 5623, 6, 3, 2.00, 1
1392, 5635, 1, 0, 5636, 5636, 1, 0, 1.00, 1
1393, 5643, 12, 0, 5649, 5677, 34, 22, 2.83, 1
1394, 5645, 1, 0, 5646, 5646, 1, 0, 1.00, 1
1395, 5646, 19, 0, 45625, 45643, 39997, 39978, 2105.11, 1
1396, 5649, 3, 0, 5650, 5652, 3, 0, 1.00, 1
1397, 5655, 3, 0, 5656, 5658, 3, 0, 1.00, 1
1398, 5659, 6, 0, 5660, 5667, 8, 2, 1.33, 1
1399, 5663, 9, 0, 5678, 5688, 25, 16, 2.78, 1
1400, 5664, 2, 0, 5665, 5666, 2, 0, 1.00, 1
1401, 5673, 3, 0, 5674, 5676, 3, 0, 1.00, 1
1402, 5680, 2, 0, 5681, 5682, 2, 0, 1.00, 1
1403, 5700, 2, 0, 5701, 5702, 2, 0, 1.00, 1
1404, 5701, 16, 0, 42830, 42845, 37144, 37128, 2321.50, 1
1405, 5704, 4, 0, 5705, 5708, 4, 0, 1.00, 1
1406, 5723, 1, 0, 5724, 5724, 1, 0, 1.00, 1
1407, 5725, 6, 0, 5726, 5731, 6, 0, 1.00, 1
1408, 5732, 2, 0, 5733, 5734, 2, 0, 1.00, 1
1409, 5733, 2, 0, 5735, 5736, 3, 1, 1.50, 1
1410, 5738, 1, 0, 5739, 5739, 1, 0, 1.00, 1
1411, 5740, 3, 0, 5741, 5745, 5, 2, 1.67, 1
1412, 5742, 2, 0, 5743, 5744, 2, 0, 1.00, 1
1413, 5750, 4, 0, 5751, 5763, 13, 9, 3.25, 1
1414, 5751, 2, 0, 5752, 5753, 2, 0, 1.00, 1
1415, 5752, 7, 0, 5764, 5778, 26, 19, 3.71, 1
1416, 5756, 4, 0, 5757, 5760, 4, 0, 1.00, 1
1417, 5766, 5, 0, 5767, 5771, 5, 0, 1.00, 1
1418, 5769, 7, 0, 5779, 5797, 28, 21, 4.00, 1
1419, 5773, 3, 0, 5774, 5776, 3, 0, 1.00, 1
1420, 5780, 4, 0, 5781, 5784, 4, 0, 1.00, 1
1421, 5783, 4, 0, 5785, 5788, 5, 1, 1.25, 1
1422, 5789, 4, 0, 5790, 5793, 4, 0, 1.00, 1
1423, 5797, 3, 0, 5798, 5800, 3, 0, 1.00, 1
1424, 5807, 3, 0, 5808, 5811, 4, 1, 1.33, 1
1425, 5808, 1, 0, 5809, 5809, 1, 0, 1.00, 1
1426, 5809, 4, 0, 5812, 5815, 6, 2, 1.50, 1
1427, 5810, 7, 0, 5847, 5856, 46, 39, 6.57, 1
1428, 5818, 4, 0, 5819, 5822, 4, 0, 1.00, 1
1429, 5826, 11, 0, 5827, 5837, 11, 0, 1.00, 1
1430, 5837, 4, 0, 5838, 5841, 4, 0, 1.00, 1
1431, 5838, 5, 0, 5842, 5846, 8, 3, 1.60, 1
1432, 5844, 7, 0, 5909, 5916, 72, 65, 10.29, 1
1433, 5852, 4, 0, 5853, 5858, 6, 2, 1.50, 1
1434, 5854, 1, 0, 5855, 5855, 1, 0, 1.00, 1
1435, 5855, 4, 0, 5859, 5862, 7, 3, 1.75, 1
1436, 5858, 5, 0, 5872, 5878, 20, 15, 4.00, 1
1437, 5861, 4, 0, 5863, 5869, 8, 4, 2.00, 1
1438, 5863, 1, 0, 5864, 5864, 1, 0, 1.00, 1
1439, 5865, 2, 0, 5866, 5867, 2, 0, 1.00, 1
1440, 5867, 6, 0, 5879, 5887, 20, 14, 3.33, 1
1441, 5869, 2, 0, 5870, 5871, 2, 0, 1.00, 1
1442, 5875, 2, 0, 5876, 5877, 2, 0, 1.00, 1
1443, 5879, 6, 0, 5888, 5896, 17, 11, 2.83, 1
1444, 5880, 11, 0, 6045, 6092, 212, 201, 19.27, 1
1445, 5883, 3, 0, 5884, 5886, 3, 0, 1.00, 1
1446, 5889, 2, 0, 5890, 5891, 2, 0, 1.00, 1
1447, 5892, 1, 0, 5893, 5893, 1, 0, 1.00, 1
1448, 5896, 4, 0, 5897, 5900, 4, 0, 1.00, 1
1449, 5899, 6, 0, 5901, 5908, 9, 3, 1.50, 1
1450, 5900, 9, 0, 5966, 5974, 74, 65, 8.22, 1
1451, 5901, 2, 0, 5902, 5903, 2, 0, 1.00, 1
1452, 5908, 8, 0, 5938, 5953, 45, 37, 5.62, 1
1453, 5909, 7, 0, 5917, 5928, 19, 12, 2.71, 1
1454, 5914, 1, 0, 5915, 5915, 1, 0, 1.00, 1
1455, 5918, 3, 0, 5919, 5921, 3, 0, 1.00, 1
1456, 5925, 6, 0, 5926, 5933, 8, 2, 1.33, 1
1457, 5926, 1, 0, 5927, 5927, 1, 0, 1.00, 1
1458, 5927, 25, 0, 48150, 48174, 42247, 42222, 1689.88, 1
1459, 5933, 4, 0, 5934, 5937, 4, 0, 1.00, 1
1460, 5941, 7, 0, 5942, 5965, 24, 17, 3.43, 1
1461, 5942, 2, 0, 5943, 5944, 2, 0, 1.00, 1
1462, 5944, 9, 0, 5975, 5987, 43, 34, 4.78, 1
1463, 5945, 3, 0, 5946, 5948, 3, 0, 1.00, 1
1464, 5948, 2, 0, 5949, 5950, 2, 0, 1.00, 1
1465, 5956, 6, 0, 5957, 5962, 6, 0, 1.00, 1
1466, 5976, 4, 0, 5977, 5980, 4, 0, 1.00, 1
1467, 5978, 8, 0, 5988, 5996, 18, 10, 2.25, 1
1468, 5982, 9, 0, 5997, 6016, 34, 25, 3.78, 1
1469, 5992, 1, 0, 5993, 5993, 1, 0, 1.00, 1
1470, 5998, 2, 0, 5999, 6000, 2, 0, 1.00, 1
1471, 6002, 5, 0, 6003, 6007, 5, 0, 1.00, 1
1472, 6008, 7, 0, 6009, 6021, 13, 6, 1.86, 1
1473, 6010, 2, 0, 6011, 6012, 2, 0, 1.00, 1
1474, 6015, 13, 0, 6274, 6441, 426, 413, 32.77, 1
1475, 6017, 7, 0, 6026, 6034, 17, 10, 2.43, 1
1476, 6021, 4, 0, 6022, 6025, 4, 0, 1.00, 1
1477, 6028, 2, 0, 6029, 6030, 2, 0, 1.00, 1
1478, 6030, 11, 0, 6117, 6140, 110, 99, 10.00, 1
1479, 6034, 9, 0, 6035, 6044, 10, 1, 1.11, 1
1480, 6037, 16, 0, 42846, 42861, 36824, 36808, 2301.50, 1
1481, 6038, 1, 0, 6039, 6039, 1, 0, 1.00, 1
1482, 6040, 14, 0, 6645, 6721, 681, 667, 48.64, 1
1483, 6045, 6, 0, 6046, 6051, 6, 0, 1.00, 1
1484, 6052, 9, 0, 6053, 6070, 18, 9, 2.00, 1
1485, 6055, 7, 0, 6056, 6063, 8, 1, 1.14, 1
1486, 6061, 1, 0, 6062, 6062, 1, 0, 1.00, 1
1487, 6065, 1, 0, 6066, 6066, 1, 0, 1.00, 1
1488, 6071, 4, 0, 6072, 6078, 7, 3, 1.75, 1
1489, 6072, 3, 0, 6073, 6075, 3, 0, 1.00, 1
1490, 6075, 9, 0, 6108, 6116, 41, 32, 4.56, 1
1491, 6080, 1, 0, 6081, 6081, 1, 0, 1.00, 1
1492, 6083, 8, 0, 6084, 6107, 24, 16, 3.00, 1
1493, 6085, 3, 0, 6086, 6088, 3, 0, 1.00, 1
1494, 6093, 5, 0, 6094, 6102, 9, 4, 1.80, 1
1495, 6096, 4, 0, 6097, 6100, 4, 0, 1.00, 1
1496, 6121, 4, 0, 6122, 6126, 5, 1, 1.25, 1
1497, 6122, 4, 0, 6127, 6130, 8, 4, 2.00, 1
1498, 6123, 1, 0, 6124, 6124, 1, 0, 1.00, 1
1499, 6128, 9, 0, 6191, 6205, 77, 68, 8.56, 1
1500, 6132, 1, 0, 6133, 6133, 1, 0, 1.00, 1
1501, 6136, 9, 0, 6137, 6182, 46, 37, 5.11, 1
1502, 6137, 8, 0, 6138, 6161, 24, 16, 3.00, 1
1503, 6138, 1, 0, 6139, 6139, 1, 0, 1.00, 1
1504, 6140, 2, 0, 6141, 6142, 2, 0, 1.00, 1
1505, 6141, 2, 0, 6143, 6144, 3, 1, 1.50, 1
1506, 6142, 3, 0, 6147, 6149, 7, 4, 2.33, 1
1507, 6143, 5, 0, 6150, 6154, 11, 6, 2.20, 1
1508, 6144, 1, 0, 6145, 6145, 1, 0, 1.00, 1
1509, 6145, 1, 0, 6146, 6146, 1, 0, 1.00, 1
1510, 6150, 7, 0, 6162, 6172, 22, 15, 3.14, 1
1511, 6161, 11, 0, 6217, 6235, 74, 63, 6.73, 1
1512, 6166, 4, 0, 6167, 6170, 4, 0, 1.00, 1
1513, 6173, 2, 0, 6174, 6175, 2, 0, 1.00, 1
1514, 6177, 13, 0, 6518, 6534, 357, 344, 27.46, 1
1515, 6182, 1, 0, 6183, 6183, 1, 0, 1.00, 1
1516, 6183, 6, 0, 6184, 6190, 7, 1, 1.17, 1
1517, 6185, 1, 0, 6186, 6186, 1, 0, 1.00, 1
1518, 6186, 18, 0, 44666, 44683, 38497, 38479, 2138.72, 1
1519, 6197, 26, 0, 48376, 48401, 42204, 42178, 1623.23, 1
1520, 6198, 6, 0, 6199, 6210, 12, 6, 2.00, 1
1521, 6199, 5, 0, 6200, 6204, 5, 0, 1.00, 1
1522, 6209, 6, 0, 6211, 6216, 7, 1, 1.17, 1
1523, 6220, 2, 0, 6221, 6222, 2, 0, 1.00, 1
1524, 6225, 11, 0, 6251, 6273, 48, 37, 4.36, 1
1525, 6227, 1, 0, 6228, 6228, 1, 0, 1.00, 1
1526, 6229, 5, 0, 6230, 6234, 5, 0, 1.00, 1
1527, 6232, 5, 0, 6236, 6242, 10, 5, 2.00, 1
1528, 6239, 4, 0, 6240, 6248, 9, 5, 2.25, 1
1529, 6240, 1, 0, 6241, 6241, 1, 0, 1.00, 1
1530, 6242, 1, 0, 6243, 6243, 1, 0, 1.00, 1
1531, 6245, 2, 0, 6246, 6247, 2, 0, 1.00, 1
1532, 6248, 2, 0, 6249, 6250, 2, 0, 1.00, 1
1533, 6252, 8, 0, 6253, 6264, 12, 4, 1.50, 1
1534, 6255, 4, 0, 6256, 6259, 4, 0, 1.00, 1
1535, 6274, 9, 0, 6275, 6292, 18, 9, 2.00, 1
1536, 6277, 4, 0, 6278, 6281, 4, 0, 1.00, 1
1537, 6282, 3, 0, 6283, 6286, 4, 1, 1.33, 1
1538, 6283, 1, 0, 6284, 6284, 1, 0, 1.00, 1
1539, 6284, 14, 0, 6722, 6741, 457, 443, 32.64, 1
1540, 6286, 5, 0, 6293, 6297, 11, 6, 2.20, 1
1541, 6288, 13, 0, 6539, 6562, 274, 261, 21.08, 1
1542, 6290, 1, 0, 6291, 6291, 1, 0, 1.00, 1
1543, 6291, 13, 0, 6563, 6583, 292, 279, 22.46, 1
1544, 6293, 12, 0, 6461, 6476, 183, 171, 15.25, 1
1545, 6295, 5, 0, 6301, 6311, 16, 11, 3.20, 1
1546, 6297, 3, 0, 6298, 6300, 3, 0, 1.00, 1
1547, 6302, 1, 0, 6303, 6303, 1, 0, 1.00, 1
1548, 6303, 2, 0, 6304, 6305, 2, 0, 1.00, 1
1549, 6305, 7, 0, 6325, 6335, 30, 23, 4.29, 1
1550, 6306, 3, 0, 6307, 6309, 3, 0, 1.00, 1
1551, 6309, 5, 0, 6312, 6324, 15, 10, 3.00, 1
1552, 6312, 4, 0, 6313, 6317, 5, 1, 1.25, 1
1553, 6314, 1, 0, 6315, 6315, 1, 0, 1.00, 1
1554, 6318, 2, 0, 6319, 6321, 3, 1, 1.50, 1
1555, 6319, 1, 0, 6320, 6320, 1, 0, 1.00, 1
1556, 6322, 13, 0, 6592, 6615, 293, 280, 22.54, 1
1557, 6326, 1, 0, 6327, 6327, 1, 0, 1.00, 1
1558, 6327, 1, 0, 6328, 6328, 1, 0, 1.00, 1
1559, 6330, 15, 0, 41518, 41532, 35202, 35187, 2346.80, 1
1560, 6331, 2, 0, 6332, 6333, 2, 0, 1.00, 1
1561, 6332, 3, 0, 6336, 6338, 6, 3, 2.00, 1
1562, 6335, 7, 0, 6346, 6357, 22, 15, 3.14, 1
1563, 6336, 4, 0, 6340, 6345, 9, 5, 2.25, 1
1564, 6338, 1, 0, 6339, 6339, 1, 0, 1.00, 1
1565, 6340, 2, 0, 6341, 6342, 2, 0, 1.00, 1
1566, 6348, 9, 0, 6358, 6384, 36, 27, 4.00, 1
1567, 6350, 5, 0, 6351, 6355, 5, 0, 1.00, 1
1568, 6355, 9, 0, 6385, 6402, 47, 38, 5.22, 1
1569, 6358, 8, 0, 6359, 6375, 17, 9, 2.12, 1
1570, 6361, 1, 0, 6362, 6362, 1, 0, 1.00, 1
1571, 6362, 3, 0, 6363, 6365, 3, 0, 1.00, 1
1572, 6364, 3, 0, 6366, 6368, 4, 1, 1.33, 1
1573, 6368, 2, 0, 6369, 6370, 2, 0, 1.00, 1
1574, 6370, 12, 0, 6490, 6502, 132, 120, 11.00, 1
1575, 6380, 1, 0, 6381, 6381, 1, 0, 1.00, 1
1576, 6385, 4, 0, 6386, 6391, 6, 2, 1.50, 1
1577, 6388, 2, 0, 6389, 6390, 2, 0, 1.00, 1
1578, 6397, 3, 0, 6398, 6400, 3, 0, 1.00, 1
1579, 6404, 4, 0, 6405, 6408, 4, 0, 1.00, 1
1580, 6409, 2, 0, 6410, 6411, 2, 0, 1.00, 1
1581, 6410, 6, 0, 6412, 6424, 14, 8, 2.33, 1
1582, 6412, 2, 0, 6413, 6414, 2, 0, 1.00, 1
1583, 6413, 3, 0, 6415, 6419, 6, 3, 2.00, 1
1584, 6416, 2, 0, 6417, 6418, 2, 0, 1.00, 1
1585, 6428, 2, 0, 6429, 6430, 2, 0, 1.00, 1
1586, 6430, 4, 0, 6431, 6434, 4, 0, 1.00, 1
1587, 6431, 6, 0, 6442, 6450, 19, 13, 3.17, 1
1588, 6435, 2, 0, 6436, 6437, 2, 0, 1.00, 1
1589, 6443, 3, 0, 6444, 6446, 3, 0, 1.00, 1
1590, 6450, 10, 0, 6451, 6460, 10, 0, 1.00, 1
1591, 6466, 13, 0, 6616, 6628, 162, 149, 12.46, 1
1592, 6468, 4, 0, 6469, 6472, 4, 0, 1.00, 1
1593, 6469, 8, 0, 6477, 6489, 20, 12, 2.50, 1
1594, 6478, 12, 0, 6503, 6517, 39, 27, 3.25, 1
1595, 6479, 1, 0, 6480, 6480, 1, 0, 1.00, 1
1596, 6483, 3, 0, 6484, 6487, 4, 1, 1.33, 1
1597, 6485, 1, 0, 6486, 6486, 1, 0, 1.00, 1
1598, 6493, 1, 0, 6494, 6494, 1, 0, 1.00, 1
1599, 6508, 2, 0, 6509, 6510, 2, 0, 1.00, 1
1600, 6511, 1, 0, 6512, 6512, 1, 0, 1.00, 1
1601, 6513, 15, 0, 41533, 41547, 35034, 35019, 2335.60, 1
1602, 6518, 1, 0, 6519, 6519, 1, 0, 1.00, 1
1603, 6523, 15, 0, 41548, 41562, 35039, 35024, 2335.93, 1
1604, 6530, 4, 0, 6531, 6538, 8, 4, 2.00, 1
1605, 6531, 2, 0, 6532, 6533, 2, 0, 1.00, 1
1606, 6535, 1, 0, 6536, 6536, 1, 0, 1.00, 1
1607, 6539, 1, 0, 6540, 6540, 1, 0, 1.00, 1
1608, 6541, 2, 0, 6542, 6543, 2, 0, 1.00, 1
1609, 6547, 1, 0, 6548, 6548, 1, 0, 1.00, 1
1610, 6550, 3, 0, 6551, 6553, 3, 0, 1.00, 1
1611, 6554, 4, 0, 6555, 6558, 4, 0, 1.00, 1
1612, 6556, 15, 0, 41563, 41577, 35021, 35006, 2334.73, 1
1613, 6566, 2, 0, 6567, 6568, 2, 0, 1.00, 1
1614, 6569, 1, 0, 6570, 6570, 1, 0, 1.00, 1
1615, 6574, 2, 0, 6575, 6576, 2, 0, 1.00, 1
1616, 6575, 3, 0, 6577, 6579, 4, 1, 1.33, 1
1617, 6579, 4, 0, 6584, 6590, 11, 7, 2.75, 1
1618, 6584, 2, 0, 6585, 6587, 3, 1, 1.50, 1
1619, 6585, 1, 0, 6586, 6586, 1, 0, 1.00, 1
1620, 6590, 1, 0, 6591, 6591, 1, 0, 1.00, 1
1621, 6598, 3, 0, 6599, 6601, 3, 0, 1.00, 1
1622, 6601, 5, 0, 6602, 6606, 5, 0, 1.00, 1
1623, 6606, 2, 0, 6607, 6608, 2, 0, 1.00, 1
1624, 6609, 1, 0, 6610, 6610, 1, 0, 1.00, 1
1625, 6630, 16, 0, 42862, 42877, 36247, 36231, 2265.44, 1
1626, 6636, 15, 0, 41578, 41592, 34956, 34941, 2330.40, 1
1627, 6637, 2, 0, 6638, 6639, 2, 0, 1.00, 1
1628, 6645, 1, 0, 6646, 6646, 1, 0, 1.00, 1
1629, 6648, 11, 0, 6649, 6702, 54, 43, 4.91, 1
1630, 6650, 4, 0, 6651, 6657, 7, 3, 1.75, 1
1631, 6651, 3, 0, 6652, 6654, 3, 0, 1.00, 1
1632, 6654, 7, 0, 6658, 6671, 17, 10, 2.43, 1
1633, 6658, 14, 0, 6757, 6816, 158, 144, 11.29, 1
1634, 6659, 2, 0, 6660, 6661, 2, 0, 1.00, 1
1635, 6664, 5, 0, 6665, 6675, 11, 6, 2.20, 1
1636, 6667, 2, 0, 6668, 6669, 2, 0, 1.00, 1
1637, 6671, 2, 0, 6672, 6673, 2, 0, 1.00, 1
1638, 6675, 6, 0, 6676, 6685, 10, 4, 1.67, 1
1639, 6678, 4, 0, 6679, 6682, 4, 0, 1.00, 1
1640, 6685, 1, 0, 6686, 6686, 1, 0, 1.00, 1
1641, 6691, 1, 0, 6692, 6692, 1, 0, 1.00, 1
1642, 6692, 3, 0, 6693, 6695, 3, 0, 1.00, 1
1643, 6693, 3, 0, 6696, 6698, 5, 2, 1.67, 1
1644, 6695, 4, 0, 6704, 6707, 12, 8, 3.00, 1
1645, 6702, 1, 0, 6703, 6703, 1, 0, 1.00, 1
1646, 6710, 1, 0, 6711, 6711, 1, 0, 1.00, 1
1647, 6717, 1, 0, 6718, 6718, 1, 0, 1.00, 1
1648, 6718, 1, 0, 6719, 6719, 1, 0, 1.00, 1
1649, 6729, 7, 0, 6730, 6749, 20, 13, 2.86, 1
1650, 6730, 2, 0, 6731, 6732, 2, 0, 1.00, 1
1651, 6733, 19, 0, 45644, 45662, 38929, 38910, 2048.89, 1
1652, 6737, 2, 0, 6738, 6739, 2, 0, 1.00, 1
1653, 6739, 1, 0, 6740, 6740, 1, 0, 1.00, 1
1654, 6742, 1, 0, 6743, 6743, 1, 0, 1.00, 1
1655, 6743, 1, 0, 6744, 6744, 1, 0, 1.00, 1
1656, 6745, 14, 0, 6933, 6957, 212, 198, 15.14, 1
1657, 6749, 5, 0, 6750, 6755, 6, 1, 1.20, 1
1658, 6753, 1, 0, 6754, 6754, 1, 0, 1.00, 1
1659, 6754, 1, 0, 6756, 6756, 2, 1, 2.00, 1
1660, 6759, 4, 0, 6760, 6765, 6, 2, 1.50, 1
1661, 6762, 3, 0, 6763, 6768, 6, 3, 2.00, 1
1662, 6763, 1, 0, 6764, 6764, 1, 0, 1.00, 1
1663, 6764, 3, 0, 6769, 6771, 7, 4, 2.33, 1
1664, 6765, 1, 0, 6766, 6766, 1, 0, 1.00, 1
1665, 6767, 13, 0, 6824, 6836, 69, 56, 5.31, 1
1666, 6771, 6, 0, 6772, 6782, 11, 5, 1.83, 1
1667, 6772, 1, 0, 6773, 6773, 1, 0, 1.00, 1
1668, 6773, 4, 0, 6774, 6777, 4, 0, 1.00, 1
1669, 6781, 7, 0, 6783, 6789, 8, 1, 1.14, 1
1670, 6782, 16, 0, 42878, 42893, 36111, 36095, 2256.94, 1
1671, 6794, 13, 0, 6795, 6807, 13, 0, 1.00, 1
1672, 6811, 3, 0, 6812, 6814, 3, 0, 1.00, 1
1673, 6813, 7, 0, 6817, 6823, 10, 3, 1.43, 1
1674, 6836, 2, 0, 6837, 6838, 2, 0, 1.00, 1
1675, 6838, 4, 0, 6839, 6842, 4, 0, 1.00, 1
1676, 6841, 5, 0, 6843, 6852, 11, 6, 2.20, 1
1677, 6843, 3, 0, 6844, 6846, 3, 0, 1.00, 1
1678, 6847, 2, 0, 6848, 6849, 2, 0, 1.00, 1
1679, 6851, 6, 0, 6858, 6868, 17, 11, 2.83, 1
1680, 6852, 5, 0, 6853, 6857, 5, 0, 1.00, 1
1681, 6858, 1, 0, 6859, 6859, 1, 0, 1.00, 1
1682, 6859, 1, 0, 6860, 6860, 1, 0, 1.00, 1
1683, 6860, 6, 0, 6869, 6878, 18, 12, 3.00, 1
1684, 6861, 10, 0, 6905, 6918, 57, 47, 5.70, 1
1685, 6863, 3, 0, 6864, 6866, 3, 0, 1.00, 1
1686, 6871, 5, 0, 6872, 6884, 13, 8, 2.60, 1
1687, 6872, 1, 0, 6873, 6873, 1, 0, 1.00, 1
1688, 6874, 2, 0, 6875, 6876, 2, 0, 1.00, 1
1689, 6878, 5, 0, 6879, 6889, 11, 6, 2.20, 1
1690, 6879, 1, 0, 6880, 6880, 1, 0, 1.00, 1
1691, 6880, 7, 0, 6895, 6904, 24, 17, 3.43, 1
1692, 6887, 1, 0, 6888, 6888, 1, 0, 1.00, 1
1693, 6889, 5, 0, 6890, 6894, 5, 0, 1.00, 1
1694, 6895, 3, 0, 6896, 6898, 3, 0, 1.00, 1
1695, 6897, 11, 0, 6919, 6932, 35, 24, 3.18, 1
1696, 6901, 14, 0, 6958, 7011, 110, 96, 7.86, 1
1697, 6910, 3, 0, 6911, 6913, 3, 0, 1.00, 1
1698, 6915, 1, 0, 6916, 6916, 1, 0, 1.00, 1
1699, 6920, 3, 0, 6921, 6923, 3, 0, 1.00, 1
1700, 6939, 6, 0, 6940, 6949, 10, 4, 1.67, 1
1701, 6940, 1, 0, 6941, 6941, 1, 0, 1.00, 1
1702, 6942, 3, 0, 6943, 6945, 3, 0, 1.00, 1
1703, 6950, 1, 0, 6951, 6951, 1, 0, 1.00, 1
1704, 6959, 1, 0, 6960, 6960, 1, 0, 1.00, 1
1705, 6960, 2, 0, 6961, 6962, 2, 0, 1.00, 1
1706, 6965, 6, 0, 6966, 6978, 13, 7, 2.17, 1
1707, 6967, 2, 0, 6968, 6969, 2, 0, 1.00, 1
1708, 6971, 18, 0, 44684, 44701, 37730, 37712, 2096.11, 1
1709, 6972, 4, 0, 6973, 6980, 8, 4, 2.00, 1
1710, 6974, 3, 0, 6975, 6977, 3, 0, 1.00, 1
1711, 6982, 9, 0, 6983, 7002, 20, 11, 2.22, 1
1712, 6985, 3, 0, 6986, 6988, 3, 0, 1.00, 1
1713, 6989, 6, 0, 6990, 6997, 8, 2, 1.33, 1
1714, 6993, 2, 0, 6994, 6995, 2, 0, 1.00, 1
1715, 6994, 15, 0, 41593, 41607, 34613, 34598, 2307.53, 1
1716, 7005, 2, 0, 7006, 7007, 2, 0, 1.00, 1
1717, 7019, 2, 0, 7020, 7021, 2, 0, 1.00, 1
1718, 7029, 5, 0, 7030, 7037, 8, 3, 1.60, 1
1719, 7030, 3, 0, 7031, 7033, 3, 0, 1.00, 1
1720, 7033, 12, 0, 7047, 7085, 52, 40, 4.33, 1
1721, 7036, 9, 0, 7038, 7046, 10, 1, 1.11, 1
1722, 7039, 20, 0, 46234, 46253, 39214, 39194, 1960.70, 1
1723, 7047, 3, 0, 7048, 7050, 3, 0, 1.00, 1
1724, 7050, 8, 0, 7051, 7061, 11, 3, 1.38, 1
1725, 7057, 3, 0, 7058, 7060, 3, 0, 1.00, 1
1726, 7058, 3, 0, 7062, 7064, 6, 3, 2.00, 1
1727, 7060, 13, 0, 10267, 10312, 3252, 3239, 250.15, 1
1728, 7070, 9, 0, 7071, 7100, 30, 21, 3.33, 1
1729, 7072, 2, 0, 7073, 7074, 2, 0, 1.00, 1
1730, 7077, 6, 0, 7078, 7083, 6, 0, 1.00, 1
1731, 7078, 7, 0, 7104, 7146, 68, 61, 9.71, 1
1732, 7080, 8, 0, 7324, 7338, 258, 250, 32.25, 1
1733, 7085, 4, 0, 7086, 7090, 5, 1, 1.25, 1
1734, 7086, 1, 0, 7087, 7087, 1, 0, 1.00, 1
1735, 7089, 7, 0, 7180, 7186, 97, 90, 13.86, 1
1736, 7092, 2, 0, 7093, 7094, 2, 0, 1.00, 1
1737, 7093, 7, 0, 7197, 7211, 118, 111, 16.86, 1
1738, 7097, 9, 0, 7534, 7556, 459, 450, 51.00, 1
1739, 7098, 1, 0, 7099, 7099, 1, 0, 1.00, 1
1740, 7100, 3, 0, 7101, 7103, 3, 0, 1.00, 1
1741, 7104, 2, 0, 7105, 7106, 2, 0, 1.00, 1
1742, 7105, 3, 0, 7107, 7109, 4, 1, 1.33, 1
1743, 7110, 6, 0, 7111, 7117, 7, 1, 1.17, 1
1744, 7115, 1, 0, 7116, 7116, 1, 0, 1.00, 1
1745, 7116, 4, 0, 7118, 7124, 8, 4, 2.00, 1
1746, 7118, 2, 0, 7119, 7120, 2, 0, 1.00, 1
1747, 7119, 7, 0, 7212, 7224, 105, 98, 15.00, 1
1748, 7120, 1, 0, 7121, 7121, 1, 0, 1.00, 1
1749, 7123, 4, 0, 7125, 7128, 5, 1, 1.25, 1
1750, 7127, 5, 0, 7147, 7153, 26, 21, 5.20, 1
1751, 7128, 1, 0, 7129, 7129, 1, 0, 1.00, 1
1752, 7129, 18, 0, 44702, 44719, 37590, 37572, 2088.33, 1
1753, 7130, 6, 0, 7131, 7136, 6, 0, 1.00, 1
1754, 7134, 8, 0, 7351, 7364, 230, 222, 28.75, 1
1755, 7135, 12, 0, 9857, 9876, 2741, 2729, 228.42, 1
1756, 7139, 6, 0, 7140, 7145, 6, 0, 1.00, 1
1757, 7140, 18, 0, 44720, 44737, 37597, 37579, 2088.72, 1
1758, 7147, 6, 0, 7154, 7163, 16, 10, 2.67, 1
1759, 7148, 2, 0, 7149, 7150, 2, 0, 1.00, 1
1760, 7156, 4, 0, 7157, 7160, 4, 0, 1.00, 1
1761, 7157, 7, 0, 7225, 7238, 81, 74, 11.57, 1
1762, 7160, 4, 0, 7164, 7167, 7, 3, 1.75, 1
1763, 7165, 6, 0, 7173, 7179, 14, 8, 2.33, 1
1764, 7166, 4, 0, 7168, 7172, 6, 2, 1.50, 1
1765, 7170, 1, 0, 7171, 7171, 1, 0, 1.00, 1
1766, 7174, 8, 0, 7375, 7382, 208, 200, 26.00, 1
1767, 7175, 8, 0, 7389, 7412, 237, 229, 29.62, 1
1768, 7177, 1, 0, 7178, 7178, 1, 0, 1.00, 1
1769, 7179, 7, 0, 7239, 7254, 75, 68, 10.71, 1
1770, 7180, 7, 0, 7255, 7263, 83, 76, 11.86, 1
1771, 7182, 8, 0, 7442, 7449, 267, 259, 33.38, 1
1772, 7186, 5, 0, 7187, 7193, 7, 2, 1.40, 1
1773, 7187, 7, 0, 7264, 7277, 90, 83, 12.86, 1
1774, 7189, 2, 0, 7190, 7191, 2, 0, 1.00, 1
1775, 7191, 3, 0, 7194, 7196, 5, 2, 1.67, 1
1776, 7195, 8, 0, 7450, 7466, 271, 263, 33.88, 1
1777, 7197, 4, 0, 7198, 7201, 4, 0, 1.00, 1
1778, 7203, 1, 0, 7204, 7204, 1, 0, 1.00, 1
1779, 7206, 3, 0, 7207, 7209, 3, 0, 1.00, 1
1780, 7209, 9, 0, 7575, 7589, 380, 371, 42.22, 1
1781, 7216, 6, 0, 7217, 7222, 6, 0, 1.00, 1
1782, 7225, 3, 0, 7226, 7230, 5, 2, 1.67, 1
1783, 7226, 2, 0, 7227, 7228, 2, 0, 1.00, 1
1784, 7230, 2, 0, 7231, 7232, 2, 0, 1.00, 1
1785, 7234, 7, 0, 7278, 7288, 54, 47, 7.71, 1
1786, 7237, 7, 0, 7303, 7314, 77, 70, 11.00, 1
1787, 7240, 2, 0, 7241, 7243, 3, 1, 1.50, 1
1788, 7241, 1, 0, 7242, 7242, 1, 0, 1.00, 1
1789, 7244, 3, 0, 7245, 7248, 4, 1, 1.33, 1
1790, 7246, 1, 0, 7247, 7247, 1, 0, 1.00, 1
1791, 7251, 2, 0, 7252, 7253, 2, 0, 1.00, 1
1792, 7255, 2, 0, 7256, 7257, 2, 0, 1.00, 1
1793, 7266, 4, 0, 7267, 7273, 7, 3, 1.75, 1
1794, 7269, 3, 0, 7270, 7272, 3, 0, 1.00, 1
1795, 7279, 4, 0, 7280, 7283, 4, 0, 1.00, 1
1796, 7282, 7, 0, 7316, 7323, 41, 34, 5.86, 1
1797, 7288, 6, 0, 7289, 7297, 9, 3, 1.50, 1
1798, 7291, 3, 0, 7292, 7294, 3, 0, 1.00, 1
1799, 7294, 5, 0, 7298, 7302, 8, 3, 1.60, 1
1800, 7304, 5, 0, 7305, 7309, 5, 0, 1.00, 1
1801, 7314, 1, 0, 7315, 7315, 1, 0, 1.00, 1
1802, 7316, 1, 0, 7317, 7317, 1, 0, 1.00, 1
1803, 7325, 5, 0, 7326, 7332, 7, 2, 1.40, 1
1804, 7326, 8, 0, 7474, 7481, 155, 147, 19.38, 1
1805, 7327, 1, 0, 7328, 7328, 1, 0, 1.00, 1
1806, 7329, 1, 0, 7330, 7330, 1, 0, 1.00, 1
1807, 7332, 7, 0, 7344, 7350, 18, 11, 2.57, 1
1808, 7338, 1, 0, 7339, 7339, 1, 0, 1.00, 1
1809, 7339, 4, 0, 7340, 7343, 4, 0, 1.00, 1
1810, 7347, 20, 0, 46254, 46273, 38926, 38906, 1946.30, 1
1811, 7354, 3, 0, 7355, 7357, 3, 0, 1.00, 1
1812, 7356, 5, 0, 7367, 7374, 18, 13, 3.60, 1
1813, 7357, 8, 0, 7482, 7495, 138, 130, 17.25, 1
1814, 7360, 3, 0, 7361, 7363, 3, 0, 1.00, 1
1815, 7364, 2, 0, 7365, 7366, 2, 0, 1.00, 1
1816, 7367, 3, 0, 7368, 7370, 3, 0, 1.00, 1
1817, 7375, 14, 0, 37568, 37598, 30223, 30209, 2158.79, 1
1818, 7380, 20, 0, 46274, 46293, 38913, 38893, 1945.65, 1
1819, 7382, 5, 0, 7383, 7388, 6, 1, 1.20, 1
1820, 7385, 1, 0, 7386, 7386, 1, 0, 1.00, 1
1821, 7387, 18, 0, 44738, 44755, 37368, 37350, 2076.00, 1
1822, 7390, 3, 0, 7391, 7393, 3, 0, 1.00, 1
1823, 7393, 4, 0, 7394, 7397, 4, 0, 1.00, 1
1824, 7395, 4, 0, 7398, 7404, 9, 5, 2.25, 1
1825, 7398, 9, 0, 7590, 7610, 212, 203, 23.56, 1
1826, 7400, 3, 0, 7401, 7403, 3, 0, 1.00, 1
1827, 7402, 13, 0, 10313, 10341, 2939, 2926, 226.08, 1
1828, 7403, 8, 0, 7506, 7533, 130, 122, 16.25, 1
1829, 7405, 10, 0, 8144, 8158, 753, 743, 75.30, 1
1830, 7407, 2, 0, 7408, 7409, 2, 0, 1.00, 1
1831, 7412, 5, 0, 7413, 7423, 11, 6, 2.20, 1
1832, 7413, 1, 0, 7414, 7414, 1, 0, 1.00, 1
1833, 7415, 4, 0, 7416, 7419, 4, 0, 1.00, 1
1834, 7416, 13, 0, 10342, 10373, 2957, 2944, 227.46, 1
1835, 7419, 1, 0, 7420, 7420, 1, 0, 1.00, 1
1836, 7421, 9, 0, 7630, 7641, 220, 211, 24.44, 1
1837, 7423, 4, 0, 7424, 7430, 7, 3, 1.75, 1
1838, 7425, 4, 0, 7433, 7439, 14, 10, 3.50, 1
1839, 7426, 3, 0, 7427, 7432, 6, 3, 2.00, 1
1840, 7427, 2, 0, 7428, 7429, 2, 0, 1.00, 1
1841, 7434, 2, 0, 7435, 7437, 3, 1, 1.50, 1
1842, 7435, 1, 0, 7436, 7436, 1, 0, 1.00, 1
1843, 7436, 2, 0, 7440, 7441, 5, 3, 2.50, 1
1844, 7439, 15, 0, 41608, 41622, 34183, 34168, 2278.87, 1
1845, 7446, 13, 0, 10643, 10699, 3253, 3240, 250.23, 1
1846, 7450, 2, 0, 7451, 7452, 2, 0, 1.00, 1
1847, 7451, 10, 0, 8170, 8228, 777, 767, 77.70, 1
1848, 7452, 2, 0, 7453, 7454, 2, 0, 1.00, 1
1849, 7455, 10, 0, 8281, 8297, 842, 832, 84.20, 1
1850, 7459, 2, 0, 7460, 7461, 2, 0, 1.00, 1
1851, 7460, 3, 0, 7468, 7470, 10, 7, 3.33, 1
1852, 7461, 3, 0, 7471, 7473, 12, 9, 4.00, 1
1853, 7462, 3, 0, 7463, 7465, 3, 0, 1.00, 1
1854, 7465, 14, 0, 37675, 37696, 30231, 30217, 2159.36, 1
1855, 7466, 1, 0, 7467, 7467, 1, 0, 1.00, 1
1856, 7486, 2, 0, 7487, 7488, 2, 0, 1.00, 1
1857, 7487, 9, 0, 7662, 7671, 184, 175, 20.44, 1
1858, 7490, 3, 0, 7491, 7493, 3, 0, 1.00, 1
1859, 7492, 7, 0, 7496, 7505, 13, 6, 1.86, 1
1860, 7493, 1, 0, 7494, 7494, 1, 0, 1.00, 1
1861, 7496, 10, 0, 8307, 8323, 827, 817, 82.70, 1
1862, 7499, 3, 0, 7500, 7502, 3, 0, 1.00, 1
1863, 7507, 7, 0, 7508, 7516, 9, 2, 1.29, 1
1864, 7509, 2, 0, 7510, 7511, 2, 0, 1.00, 1
1865, 7511, 5, 0, 7517, 7526, 15, 10, 3.00, 1
1866, 7515, 10, 0, 8324, 8341, 826, 816, 82.60, 1
1867, 7518, 4, 0, 7519, 7522, 4, 0, 1.00, 1
1868, 7523, 1, 0, 7524, 7524, 1, 0, 1.00, 1
1869, 7527, 1, 0, 7528, 7528, 1, 0, 1.00, 1
1870, 7534, 9, 0, 7678, 7698, 164, 155, 18.22, 1
1871, 7535, 6, 0, 7536, 7541, 6, 0, 1.00, 1
1872, 7538, 20, 0, 46294, 46313, 38775, 38755, 1938.75, 1
1873, 7542, 10, 0, 8426, 8492, 950, 940, 95.00, 1
1874, 7544, 1, 0, 7545, 7545, 1, 0, 1.00, 1
1875, 7545, 2, 0, 7546, 7547, 2, 0, 1.00, 1
1876, 7547, 4, 0, 7561, 7564, 17, 13, 4.25, 1
1877, 7548, 9, 0, 7728, 7739, 191, 182, 21.22, 1
1878, 7550, 4, 0, 7551, 7558, 8, 4, 2.00, 1
1879, 7552, 3, 0, 7553, 7555, 3, 0, 1.00, 1
1880, 7556, 16, 0, 42894, 42909, 35353, 35337, 2209.56, 1
1881, 7558, 2, 0, 7559, 7560, 2, 0, 1.00, 1
1882, 7563, 5, 0, 7565, 7569, 6, 1, 1.20, 1
1883, 7567, 5, 0, 7570, 7574, 7, 2, 1.40, 1
1884, 7580, 4, 0, 7581, 7584, 4, 0, 1.00, 1
1885, 7586, 2, 0, 7587, 7588, 2, 0, 1.00, 1
1886, 7590, 5, 0, 7591, 7600, 10, 5, 2.00, 1
1887, 7592, 3, 0, 7593, 7597, 5, 2, 1.67, 1
1888, 7594, 2, 0, 7595, 7596, 2, 0, 1.00, 1
1889, 7601, 2, 0, 7602, 7603, 2, 0, 1.00, 1
1890, 7610, 3, 0, 7611, 7613, 3, 0, 1.00, 1
1891, 7611, 7, 0, 7614, 7620, 9, 2, 1.29, 1
1892, 7612, 8, 0, 7621, 7629, 17, 9, 2.12, 1
1893, 7619, 10, 0, 8527, 8536, 917, 907, 91.70, 1
1894, 7623, 1, 0, 7624, 7624, 1, 0, 1.00, 1
1895, 7624, 39, 0, 49484, 49522, 41898, 41859, 1074.31, 1
1896, 7634, 7, 0, 7635, 7654, 20, 13, 2.86, 1
1897, 7636, 1, 0, 7637, 7637, 1, 0, 1.00, 1
1898, 7643, 4, 0, 7644, 7647, 4, 0, 1.00, 1
1899, 7648, 4, 0, 7649, 7652, 4, 0, 1.00, 1
1900, 7654, 5, 0, 7655, 7661, 7, 2, 1.40, 1
1901, 7658, 2, 0, 7659, 7660, 2, 0, 1.00, 1
1902, 7663, 12, 0, 9877, 9889, 2226, 2214, 185.50, 1
1903, 7665, 10, 0, 8537, 8577, 912, 902, 91.20, 1
1904, 7668, 1, 0, 7669, 7669, 1, 0, 1.00, 1
1905, 7671, 6, 0, 7672, 7677, 6, 0, 1.00, 1
1906, 7681, 7, 0, 7682, 7693, 12, 5, 1.71, 1
1907, 7682, 9, 0, 7742, 7750, 68, 59, 7.56, 1
1908, 7684, 5, 0, 7685, 7689, 5, 0, 1.00, 1
1909, 7689, 17, 0, 43895, 43911, 36222, 36205, 2130.71, 1
1910, 7690, 8, 0, 7699, 7727, 37, 29, 4.62, 1
1911, 7699, 7, 0, 7700, 7707, 8, 1, 1.14, 1
1912, 7701, 1, 0, 7702, 7702, 1, 0, 1.00, 1
1913, 7707, 2, 0, 7708, 7709, 2, 0, 1.00, 1
1914, 7708, 3, 0, 7710, 7713, 5, 2, 1.67, 1
1915, 7710, 1, 0, 7711, 7711, 1, 0, 1.00, 1
1916, 7712, 3, 0, 7714, 7716, 4, 1, 1.33, 1
1917, 7721, 3, 0, 7722, 7725, 4, 1, 1.33, 1
1918, 7722, 9, 0, 7751, 7818, 96, 87, 10.67, 1
1919, 7723, 1, 0, 7724, 7724, 1, 0, 1.00, 1
1920, 7724, 11, 0, 9355, 9406, 1682, 1671, 152.91, 1
1921, 7734, 3, 0, 7735, 7741, 7, 4, 2.33, 1
1922, 7735, 2, 0, 7736, 7737, 2, 0, 1.00, 1
1923, 7736, 10, 0, 8728, 8746, 1010, 1000, 101.00, 1
1924, 7751, 7, 0, 7752, 7776, 25, 18, 3.57, 1
1925, 7752, 9, 0, 8023, 8039, 287, 278, 31.89, 1
1926, 7753, 5, 0, 7754, 7762, 9, 4, 1.80, 1
1927, 7756, 2, 0, 7757, 7758, 2, 0, 1.00, 1
1928, 7758, 16, 0, 42910, 42925, 35167, 35151, 2197.94, 1
1929, 7759, 2, 0, 7760, 7761, 2, 0, 1.00, 1
1930, 7761, 2, 0, 7763, 7764, 3, 1, 1.50, 1
1931, 7763, 16, 0, 42926, 42941, 35178, 35162, 2198.62, 1
1932, 7767, 5, 0, 7768, 7787, 20, 15, 4.00, 1
1933, 7770, 4, 0, 7771, 7774, 4, 0, 1.00, 1
1934, 7773, 4, 0, 7789, 7792, 19, 15, 4.75, 1
1935, 7776, 4, 0, 7777, 7780, 4, 0, 1.00, 1
1936, 7780, 1, 0, 7781, 7781, 1, 0, 1.00, 1
1937, 7782, 4, 0, 7783, 7786, 4, 0, 1.00, 1
1938, 7783, 20, 0, 46314, 46333, 38550, 38530, 1927.50, 1
1939, 7784, 10, 0, 8751, 8779, 995, 985, 99.50, 1
1940, 7785, 5, 0, 7793, 7797, 12, 7, 2.40, 1
1941, 7787, 1, 0, 7788, 7788, 1, 0, 1.00, 1
1942, 7788, 6, 0, 7798, 7803, 15, 9, 2.50, 1
1943, 7790, 8, 0, 7876, 7894, 104, 96, 13.00, 1
1944, 7791, 15, 0, 41623, 41637, 33846, 33831, 2256.40, 1
1945, 7803, 2, 0, 7804, 7805, 2, 0, 1.00, 1
1946, 7804, 16, 0, 42942, 42957, 35153, 35137, 2197.06, 1
1947, 7812, 7, 0, 7813, 7826, 14, 7, 2.00, 1
1948, 7814, 6, 0, 7815, 7842, 28, 22, 4.67, 1
1949, 7815, 2, 0, 7816, 7817, 2, 0, 1.00, 1
1950, 7816, 10, 0, 8808, 8829, 1013, 1003, 101.30, 1
1951, 7820, 3, 0, 7821, 7823, 3, 0, 1.00, 1
1952, 7826, 6, 0, 7827, 7832, 6, 0, 1.00, 1
1953, 7827, 10, 0, 8836, 8876, 1049, 1039, 104.90, 1
1954, 7830, 6, 0, 7843, 7856, 26, 20, 4.33, 1
1955, 7835, 5, 0, 7836, 7840, 5, 0, 1.00, 1
1956, 7836, 8, 0, 7908, 7915, 79, 71, 9.88, 1
1957, 7844, 1, 0, 7845, 7845, 1, 0, 1.00, 1
1958, 7846, 3, 0, 7847, 7849, 3, 0, 1.00, 1
1959, 7851, 5, 0, 7852, 7860, 9, 4, 1.80, 1
1960, 7852, 3, 0, 7853, 7855, 3, 0, 1.00, 1
1961, 7857, 5, 0, 7861, 7865, 8, 3, 1.60, 1
1962, 7861, 9, 0, 8040, 8074, 213, 204, 23.67, 1
1963, 7862, 5, 0, 7866, 7870, 8, 3, 1.60, 1
1964, 7870, 5, 0, 7871, 7875, 5, 0, 1.00, 1
1965, 7871, 9, 0, 8087, 8099, 228, 219, 25.33, 1
1966, 7876, 5, 0, 7877, 7884, 8, 3, 1.60, 1
1967, 7879, 4, 0, 7880, 7886, 7, 3, 1.75, 1
1968, 7881, 1, 0, 7882, 7882, 1, 0, 1.00, 1
1969, 7882, 7, 0, 7895, 7905, 23, 16, 3.29, 1
1970, 7886, 1, 0, 7887, 7887, 1, 0, 1.00, 1
1971, 7889, 8, 0, 7916, 7925, 36, 28, 4.50, 1
1972, 7893, 8, 0, 7940, 7950, 57, 49, 7.12, 1
1973, 7897, 2, 0, 7898, 7900, 3, 1, 1.50, 1
1974, 7898, 1, 0, 7899, 7899, 1, 0, 1.00, 1
1975, 7900, 1, 0, 7901, 7901, 1, 0, 1.00, 1
1976, 7903, 11, 0, 9455, 9495, 1592, 1581, 144.73, 1
1977, 7905, 2, 0, 7906, 7907, 2, 0, 1.00, 1
1978, 7911, 14, 0, 37697, 37710, 29799, 29785, 2128.50, 1
1979, 7914, 11, 0, 9539, 9554, 1640, 1629, 149.09, 1
1980, 7916, 2, 0, 7917, 7918, 2, 0, 1.00, 1
1981, 7919, 13, 0, 10701, 10733, 2814, 2801, 216.46, 1
1982, 7921, 8, 0, 7958, 8022, 101, 93, 12.62, 1
1983, 7925, 4, 0, 7926, 7929, 4, 0, 1.00, 1
1984, 7929, 7, 0, 7930, 7939, 10, 3, 1.43, 1
1985, 7933, 2, 0, 7934, 7935, 2, 0, 1.00, 1
1986, 7934, 10, 0, 8923, 8944, 1010, 1000, 101.00, 1
1987, 7936, 1, 0, 7937, 7937, 1, 0, 1.00, 1
1988, 7946, 3, 0, 7947, 7957, 11, 8, 3.67, 1
1989, 7948, 1, 0, 7949, 7949, 1, 0, 1.00, 1
1990, 7950, 6, 0, 7951, 7956, 6, 0, 1.00, 1
1991, 7958, 2, 0, 7959, 7960, 2, 0, 1.00, 1
1992, 7960, 5, 0, 7961, 7965, 5, 0, 1.00, 1
1993, 7962, 10, 0, 8945, 8955, 993, 983, 99.30, 1
1994, 7963, 5, 0, 7966, 7974, 11, 6, 2.20, 1
1995, 7965, 10, 0, 8956, 8986, 1021, 1011, 102.10, 1
1996, 7966, 5, 0, 7976, 7983, 17, 12, 3.40, 1
1997, 7969, 4, 0, 7970, 7973, 4, 0, 1.00, 1
1998, 7974, 1, 0, 7975, 7975, 1, 0, 1.00, 1
1999, 7976, 3, 0, 7977, 7979, 3, 0, 1.00, 1
2000, 7978, 4, 0, 7987, 7990, 12, 8, 3.00, 1
2001, 7983, 2, 0, 7984, 7985, 2, 0, 1.00, 1
2002, 7985, 1, 0, 7986, 7986, 1, 0, 1.00, 1
2003, 7988, 4, 0, 7993, 7996, 8, 4, 2.00, 1
2004, 7990, 2, 0, 7991, 7992, 2, 0, 1.00, 1
2005, 7992, 4, 0, 7997, 8000, 8, 4, 2.00, 1
2006, 7999, 4, 0, 8001, 8005, 6, 2, 1.50, 1
2007, 8000, 6, 0, 8006, 8014, 14, 8, 2.33, 1
2008, 8003, 1, 0, 8004, 8004, 1, 0, 1.00, 1
2009, 8008, 1, 0, 8009, 8009, 1, 0, 1.00, 1
2010, 8010, 2, 0, 8011, 8012, 2, 0, 1.00, 1
2011, 8015, 1, 0, 8016, 8016, 1, 0, 1.00, 1
2012, 8023, 5, 0, 8024, 8030, 7, 2, 1.40, 1
2013, 8026, 2, 0, 8027, 8028, 2, 0, 1.00, 1
2014, 8030, 1, 0, 8031, 8031, 1, 0, 1.00, 1
2015, 8031, 9, 0, 8112, 8120, 89, 80, 9.89, 1
2016, 8040, 7, 0, 8041, 8051, 11, 4, 1.57, 1
2017, 8046, 4, 0, 8047, 8056, 10, 6, 2.50, 1
2018, 8048, 2, 0, 8049, 8050, 2, 0, 1.00, 1
2019, 8049, 11, 0, 9555, 9571, 1522, 1511, 138.36, 1
2020, 8051, 1, 0, 8052, 8052, 1, 0, 1.00, 1
2021, 8053, 2, 0, 8054, 8055, 2, 0, 1.00, 1
2022, 8054, 8, 0, 8075, 8086, 32, 24, 4.00, 1
2023, 8057, 4, 0, 8058, 8061, 4, 0, 1.00, 1
2024, 8062, 1, 0, 8063, 8063, 1, 0, 1.00, 1
2025, 8065, 10, 0, 9130, 9152, 1087, 1077, 108.70, 1
2026, 8066, 4, 0, 8067, 8070, 4, 0, 1.00, 1
2027, 8070, 1, 0, 8071, 8071, 1, 0, 1.00, 1
2028, 8077, 4, 0, 8078, 8081, 4, 0, 1.00, 1
2029, 8088, 12, 0, 9890, 9908, 1820, 1808, 151.67, 1
2030, 8089, 2, 0, 8090, 8091, 2, 0, 1.00, 1
2031, 8093, 2, 0, 8094, 8095, 2, 0, 1.00, 1
2032, 8099, 6, 0, 8100, 8105, 6, 0, 1.00, 1
2033, 8104, 6, 0, 8106, 8111, 7, 1, 1.17, 1
2034, 8113, 10, 0, 9168, 9184, 1071, 1061, 107.10, 1
2035, 8115, 16, 0, 42958, 42973, 34858, 34842, 2178.62, 1
2036, 8120, 4, 0, 8121, 8124, 4, 0, 1.00, 1
2037, 8121, 7, 0, 8125, 8134, 13, 6, 1.86, 1
2038, 8125, 2, 0, 8126, 8127, 2, 0, 1.00, 1
2039, 8129, 1, 0, 8130, 8130, 1, 0, 1.00, 1
2040, 8134, 4, 0, 8135, 8138, 4, 0, 1.00, 1
2041, 8136, 4, 0, 8139, 8143, 7, 3, 1.75, 1
2042, 8140, 13, 0, 10788, 10846, 2706, 2693, 208.15, 1
2043, 8141, 1, 0, 8142, 8142, 1, 0, 1.00, 1
2044, 8148, 10, 0, 9185, 9194, 1046, 1036, 104.60, 1
2045, 8149, 2, 0, 8150, 8151, 2, 0, 1.00, 1
2046, 8151, 9, 0, 8159, 8169, 18, 9, 2.00, 1
2047, 8152, 3, 0, 8153, 8155, 3, 0, 1.00, 1
2048, 8164, 1, 0, 8165, 8165, 1, 0, 1.00, 1
2049, 8166, 1, 0, 8167, 8167, 1, 0, 1.00, 1
2050, 8171, 8, 0, 8172, 8183, 12, 4, 1.50, 1
2051, 8177, 6, 0, 8178, 8191, 14, 8, 2.33, 1
2052, 8178, 3, 0, 8179, 8181, 3, 0, 1.00, 1
2053, 8184, 3, 0, 8185, 8187, 3, 0, 1.00, 1
2054, 8185, 14, 0, 37711, 37764, 29579, 29565, 2112.79, 1
2055, 8192, 12, 0, 9909, 9923, 1731, 1719, 144.25, 1
2056, 8193, 1, 0, 8194, 8194, 1, 0, 1.00, 1
2057, 8194, 2, 0, 8195, 8196, 2, 0, 1.00, 1
2058, 8195, 3, 0, 8197, 8199, 4, 1, 1.33, 1
2059, 8197, 4, 0, 8200, 8203, 6, 2, 1.50, 1
2060, 8199, 8, 0, 8240, 8254, 55, 47, 6.88, 1
2061, 8200, 10, 0, 9195, 9216, 1016, 1006, 101.60, 1
2062, 8204, 5, 0, 8205, 8209, 5, 0, 1.00, 1
2063, 8205, 14, 0, 38373, 38423, 30218, 30204, 2158.43, 1
2064, 8207, 8, 0, 8257, 8273, 66, 58, 8.25, 1
2065, 8211, 2, 0, 8212, 8213, 2, 0, 1.00, 1
2066, 8212, 3, 0, 8229, 8231, 19, 16, 6.33, 1
2067, 8213, 4, 0, 8232, 8236, 23, 19, 5.75, 1
2068, 8214, 5, 0, 8215, 8219, 5, 0, 1.00, 1
2069, 8220, 7, 0, 8221, 8227, 7, 0, 1.00, 1
2070, 8233, 1, 0, 8234, 8234, 1, 0, 1.00, 1
2071, 8234, 10, 0, 9233, 9250, 1016, 1006, 101.60, 1
2072, 8236, 3, 0, 8237, 8239, 3, 0, 1.00, 1
2073, 8240, 1, 0, 8241, 8241, 1, 0, 1.00, 1
2074, 8243, 5, 0, 8244, 8248, 5, 0, 1.00, 1
2075, 8248, 1, 0, 8249, 8249, 1, 0, 1.00, 1
2076, 8254, 2, 0, 8255, 8256, 2, 0, 1.00, 1
2077, 8259, 5, 0, 8260, 8268, 9, 4, 1.80, 1
2078, 8260, 4, 0, 8261, 8264, 4, 0, 1.00, 1
2079, 8262, 5, 0, 8274, 8278, 16, 11, 3.20, 1
2080, 8275, 18, 0, 44756, 44773, 36498, 36480, 2027.67, 1
2081, 8278, 1, 0, 8279, 8279, 1, 0, 1.00, 1
2082, 8279, 1, 0, 8280, 8280, 1, 0, 1.00, 1
2083, 8282, 2, 0, 8283, 8284, 2, 0, 1.00, 1
2084, 8283, 11, 0, 9583, 9623, 1340, 1329, 121.82, 1
2085, 8286, 1, 0, 8287, 8287, 1, 0, 1.00, 1
2086, 8292, 5, 0, 8293, 8299, 7, 2, 1.40, 1
2087, 8295, 1, 0, 8296, 8296, 1, 0, 1.00, 1
2088, 8296, 5, 0, 8300, 8304, 8, 3, 1.60, 1
2089, 8304, 1, 0, 8305, 8305, 1, 0, 1.00, 1
2090, 8305, 1, 0, 8306, 8306, 1, 0, 1.00, 1
2091, 8310, 3, 0, 8311, 8313, 3, 0, 1.00, 1
2092, 8313, 4, 0, 8314, 8317, 4, 0, 1.00, 1
2093, 8326, 7, 0, 8327, 8334, 8, 1, 1.14, 1
2094, 8327, 8, 0, 8365, 8382, 55, 47, 6.88, 1
2095, 8328, 1, 0, 8329, 8329, 1, 0, 1.00, 1
2096, 8341, 9, 0, 8342, 8355, 14, 5, 1.56, 1
2097, 8343, 1, 0, 8344, 8344, 1, 0, 1.00, 1
2098, 8350, 8, 0, 8351, 8364, 14, 6, 1.75, 1
2099, 8351, 3, 0, 8352, 8354, 3, 0, 1.00, 1
2100, 8352, 8, 0, 8383, 8403, 51, 43, 6.38, 1
2101, 8357, 11, 0, 9655, 9695, 1338, 1327, 121.64, 1
2102, 8359, 2, 0, 8360, 8361, 2, 0, 1.00, 1
2103, 8362, 11, 0, 9724, 9748, 1386, 1375, 126.00, 1
2104, 8366, 4, 0, 8367, 8370, 4, 0, 1.00, 1
2105, 8370, 2, 0, 8371, 8372, 2, 0, 1.00, 1
2106, 8373, 4, 0, 8374, 8377, 4, 0, 1.00, 1
2107, 8374, 10, 0, 9278, 9288, 914, 904, 91.40, 1
2108, 8378, 9, 0, 8408, 8416, 38, 29, 4.22, 1
2109, 8386, 5, 0, 8387, 8407, 21, 16, 4.20, 1
2110, 8387, 3, 0, 8388, 8390, 3, 0, 1.00, 1
2111, 8391, 6, 0, 8392, 8397, 6, 0, 1.00, 1
2112, 8397, 9, 0, 8417, 8425, 28, 19, 3.11, 1
2113, 8399, 3, 0, 8400, 8402, 3, 0, 1.00, 1
2114, 8400, 30, 0, 48897, 48926, 40526, 40496, 1350.87, 1
2115, 8405, 15, 0, 41638, 41652, 33247, 33232, 2216.47, 1
2116, 8409, 12, 0, 9924, 9937, 1528, 1516, 127.33, 1
2117, 8411, 16, 0, 42974, 42989, 34578, 34562, 2161.12, 1
2118, 8428, 2, 0, 8429, 8430, 2, 0, 1.00, 1
2119, 8429, 4, 0, 8431, 8434, 5, 1, 1.25, 1
2120, 8433, 5, 0, 8435, 8443, 10, 5, 2.00, 1
2121, 8435, 4, 0, 8436, 8439, 4, 0, 1.00, 1
2122, 8442, 6, 0, 8444, 8459, 17, 11, 2.83, 1
2123, 8444, 3, 0, 8445, 8450, 6, 3, 2.00, 1
2124, 8445, 2, 0, 8446, 8448, 3, 1, 1.50, 1
2125, 8446, 1, 0, 8447, 8447, 1, 0, 1.00, 1
2126, 8447, 2, 0, 8451, 8452, 5, 3, 2.50, 1
2127, 8449, 5, 0, 8468, 8472, 23, 18, 4.60, 1
2128, 8451, 7, 0, 8504, 8519, 68, 61, 9.71, 1
2129, 8454, 2, 0, 8455, 8456, 2, 0, 1.00, 1
2130, 8456, 4, 0, 8460, 8463, 7, 3, 1.75, 1
2131, 8460, 4, 0, 8464, 8467, 7, 3, 1.75, 1
2132, 8463, 7, 0, 8520, 8526, 63, 56, 9.00, 1
2133, 8469, 15, 0, 41653, 41667, 33198, 33183, 2213.20, 1
2134, 8475, 2, 0, 8476, 8477, 2, 0, 1.00, 1
2135, 8476, 3, 0, 8478, 8482, 6, 3, 2.00, 1
2136, 8478, 2, 0, 8479, 8480, 2, 0, 1.00, 1
2137, 8484, 4, 0, 8485, 8490, 6, 2, 1.50, 1
2138, 8485, 4, 0, 8493, 8496, 11, 7, 2.75, 1
2139, 8487, 2, 0, 8488, 8489, 2, 0, 1.00, 1
2140, 8489, 5, 0, 8497, 8503, 14, 9, 2.80, 1
2141, 8500, 2, 0, 8501, 8502, 2, 0, 1.00, 1
2142, 8504, 1, 0, 8505, 8505, 1, 0, 1.00, 1
2143, 8505, 5, 0, 8506, 8513, 8, 3, 1.60, 1
2144, 8507, 2, 0, 8508, 8509, 2, 0, 1.00, 1
2145, 8510, 13, 0, 10936, 11033, 2523, 2510, 194.08, 1
2146, 8511, 1, 0, 8512, 8512, 1, 0, 1.00, 1
2147, 8539, 7, 0, 8540, 8553, 14, 7, 2.00, 1
2148, 8543, 5, 0, 8544, 8550, 7, 2, 1.40, 1
2149, 8544, 5, 0, 8554, 8561, 17, 12, 3.40, 1
2150, 8547, 2, 0, 8548, 8549, 2, 0, 1.00, 1
2151, 8554, 3, 0, 8555, 8557, 3, 0, 1.00, 1
2152, 8563, 6, 0, 8564, 8572, 9, 3, 1.50, 1
2153, 8567, 2, 0, 8568, 8570, 3, 1, 1.50, 1
2154, 8568, 1, 0, 8569, 8569, 1, 0, 1.00, 1
2155, 8569, 15, 0, 41668, 41682, 33113, 33098, 2207.53, 1
2156, 8570, 5, 0, 8578, 8590, 20, 15, 4.00, 1
2157, 8578, 1, 0, 8579, 8579, 1, 0, 1.00, 1
2158, 8581, 4, 0, 8582, 8592, 11, 7, 2.75, 1
2159, 8583, 3, 0, 8584, 8597, 14, 11, 4.67, 1
2160, 8584, 2, 0, 8585, 8586, 2, 0, 1.00, 1
2161, 8587, 2, 0, 8588, 8589, 2, 0, 1.00, 1
2162, 8592, 2, 0, 8593, 8595, 3, 1, 1.50, 1
2163, 8593, 1, 0, 8594, 8594, 1, 0, 1.00, 1
2164, 8594, 8, 0, 8598, 8610, 16, 8, 2.00, 1
2165, 8602, 2, 0, 8603, 8604, 2, 0, 1.00, 1
2166, 8604, 3, 0, 8611, 8616, 12, 9, 4.00, 1
2167, 8606, 3, 0, 8607, 8609, 3, 0, 1.00, 1
2168, 8611, 1, 0, 8612, 8612, 1, 0, 1.00, 1
2169, 8613, 2, 0, 8614, 8615, 2, 0, 1.00, 1
2170, 8614, 8, 0, 8617, 8635, 21, 13, 2.62, 1
2171, 8619, 2, 0, 8620, 8621, 2, 0, 1.00, 1
2172, 8620, 6, 0, 8651, 8660, 40, 34, 6.67, 1
2173, 8622, 5, 0, 8623, 8639, 17, 12, 3.40, 1
2174, 8623, 4, 0, 8624, 8627, 4, 0, 1.00, 1
2175, 8624, 8, 0, 8691, 8701, 77, 69, 9.62, 1
2176, 8629, 3, 0, 8630, 8632, 3, 0, 1.00, 1
2177, 8630, 5, 0, 8644, 8650, 20, 15, 4.00, 1
2178, 8631, 4, 0, 8640, 8643, 12, 8, 3.00, 1
2179, 8633, 1, 0, 8634, 8634, 1, 0, 1.00, 1
2180, 8640, 13, 0, 11097, 11114, 2474, 2461, 190.31, 1
2181, 8644, 2, 0, 8645, 8646, 2, 0, 1.00, 1
2182, 8653, 3, 0, 8654, 8657, 4, 1, 1.33, 1
2183, 8654, 8, 0, 8710, 8718, 64, 56, 8.00, 1
2184, 8655, 1, 0, 8656, 8656, 1, 0, 1.00, 1
2185, 8656, 5, 0, 8661, 8669, 13, 8, 2.60, 1
2186, 8662, 6, 0, 8670, 8675, 13, 7, 2.17, 1
2187, 8663, 4, 0, 8664, 8667, 4, 0, 1.00, 1
2188, 8675, 6, 0, 8676, 8686, 11, 5, 1.83, 1
2189, 8677, 1, 0, 8678, 8678, 1, 0, 1.00, 1
2190, 8679, 2, 0, 8680, 8681, 2, 0, 1.00, 1
2191, 8683, 3, 0, 8684, 8688, 5, 2, 1.67, 1
2192, 8684, 1, 0, 8685, 8685, 1, 0, 1.00, 1
2193, 8685, 2, 0, 8689, 8690, 5, 3, 2.50, 1
2194, 8686, 20, 0, 46334, 46353, 37667, 37647, 1883.35, 1
2195, 8693, 3, 0, 8694, 8696, 3, 0, 1.00, 1
2196, 8694, 5, 0, 8704, 8709, 15, 10, 3.00, 1
2197, 8701, 1, 0, 8702, 8702, 1, 0, 1.00, 1
2198, 8702, 1, 0, 8703, 8703, 1, 0, 1.00, 1
2199, 8704, 1, 0, 8705, 8705, 1, 0, 1.00, 1
2200, 8714, 8, 0, 8720, 8727, 13, 5, 1.62, 1
2201, 8716, 1, 0, 8717, 8717, 1, 0, 1.00, 1
2202, 8717, 1, 0, 8719, 8719, 2, 1, 2.00, 1
2203, 8724, 10, 0, 9290, 9309, 585, 575, 58.50, 1
2204, 8729, 13, 0, 11115, 11234, 2505, 2492, 192.69, 1
2205, 8731, 3, 0, 8732, 8734, 3, 0, 1.00, 1
2206, 8736, 5, 0, 8737, 8742, 6, 1, 1.20, 1
2207, 8739, 1, 0, 8740, 8740, 1, 0, 1.00, 1
2208, 8746, 4, 0, 8747, 8750, 4, 0, 1.00, 1
2209, 8752, 5, 0, 8753, 8757, 5, 0, 1.00, 1
2210, 8761, 9, 0, 8762, 8807, 46, 37, 5.11, 1
2211, 8762, 3, 0, 8763, 8765, 3, 0, 1.00, 1
2212, 8763, 3, 0, 8766, 8768, 5, 2, 1.67, 1
2213, 8770, 2, 0, 8771, 8772, 2, 0, 1.00, 1
2214, 8773, 8, 0, 8774, 8784, 11, 3, 1.38, 1
2215, 8777, 1, 0, 8778, 8778, 1, 0, 1.00, 1
2216, 8779, 1, 0, 8780, 8780, 1, 0, 1.00, 1
2217, 8780, 5, 0, 8785, 8789, 9, 4, 1.80, 1
2218, 8783, 13, 0, 13158, 13206, 4423, 4410, 340.23, 1
2219, 8790, 5, 0, 8791, 8796, 6, 1, 1.20, 1
2220, 8793, 1, 0, 8794, 8794, 1, 0, 1.00, 1
2221, 8796, 4, 0, 8797, 8800, 4, 0, 1.00, 1
2222, 8804, 26, 0, 48402, 48427, 39623, 39597, 1523.96, 1
2223, 8806, 12, 0, 9963, 10003, 1197, 1185, 99.75, 1
2224, 8808, 5, 0, 8809, 8813, 5, 0, 1.00, 1
2225, 8816, 2, 0, 8817, 8818, 2, 0, 1.00, 1
2226, 8819, 8, 0, 8820, 8835, 16, 8, 2.00, 1
2227, 8822, 2, 0, 8823, 8824, 2, 0, 1.00, 1
2228, 8824, 10, 0, 9310, 9324, 500, 490, 50.00, 1
2229, 8831, 1, 0, 8832, 8832, 1, 0, 1.00, 1
2230, 8838, 6, 0, 8839, 8847, 9, 3, 1.50, 1
2231, 8842, 3, 0, 8843, 8845, 3, 0, 1.00, 1
2232, 8843, 4, 0, 8848, 8851, 8, 4, 2.00, 1
2233, 8844, 7, 0, 8877, 8890, 46, 39, 6.57, 1
2234, 8849, 4, 0, 8852, 8855, 6, 2, 1.50, 1
2235, 8854, 6, 0, 8856, 8861, 7, 1, 1.17, 1
2236, 8862, 3, 0, 8863, 8865, 3, 0, 1.00, 1
2237, 8865, 4, 0, 8866, 8869, 4, 0, 1.00, 1
2238, 8871, 1, 0, 8872, 8872, 1, 0, 1.00, 1
2239, 8877, 6, 0, 8878, 8883, 6, 0, 1.00, 1
2240, 8883, 9, 0, 8891, 8905, 22, 13, 2.44, 1
2241, 8885, 1, 0, 8886, 8886, 1, 0, 1.00, 1
2242, 8895, 4, 0, 8896, 8901, 6, 2, 1.50, 1
2243, 8897, 4, 0, 8911, 8914, 17, 13, 4.25, 1
2244, 8898, 2, 0, 8899, 8900, 2, 0, 1.00, 1
2245, 8905, 5, 0, 8906, 8910, 5, 0, 1.00, 1
2246, 8907, 8, 0, 8915, 8922, 15, 7, 1.88, 1
2247, 8923, 2, 0, 8924, 8925, 2, 0, 1.00, 1
2248, 8925, 3, 0, 8926, 8928, 3, 0, 1.00, 1
2249, 8934, 4, 0, 8935, 8941, 7, 3, 1.75, 1
2250, 8936, 3, 0, 8937, 8939, 3, 0, 1.00, 1
2251, 8942, 15, 0, 41683, 41697, 32755, 32740, 2183.67, 1
2252, 8952, 1, 0, 8953, 8953, 1, 0, 1.00, 1
2253, 8958, 7, 0, 8959, 8965, 7, 0, 1.00, 1
2254, 8960, 13, 0, 13207, 13278, 4318, 4305, 332.15, 1
2255, 8964, 8, 0, 8991, 9023, 59, 51, 7.38, 1
2256, 8968, 2, 0, 8969, 8970, 2, 0, 1.00, 1
2257, 8970, 1, 0, 8971, 8971, 1, 0, 1.00, 1
2258, 8973, 4, 0, 8974, 8977, 4, 0, 1.00, 1
2259, 8977, 4, 0, 8987, 8990, 13, 9, 3.25, 1
2260, 8978, 7, 0, 8979, 8985, 7, 0, 1.00, 1
2261, 8991, 7, 0, 8992, 8999, 8, 1, 1.14, 1
2262, 8992, 7, 0, 9024, 9037, 45, 38, 6.43, 1
2263, 8995, 1, 0, 8996, 8996, 1, 0, 1.00, 1
2264, 8999, 4, 0, 9000, 9003, 4, 0, 1.00, 1
2265, 9003, 6, 0, 9004, 9009, 6, 0, 1.00, 1
2266, 9010, 1, 0, 9011, 9011, 1, 0, 1.00, 1
2267, 9012, 12, 0, 10088, 10102, 1090, 1078, 90.83, 1
2268, 9015, 4, 0, 9016, 9021, 6, 2, 1.50, 1
2269, 9018, 2, 0, 9019, 9020, 2, 0, 1.00, 1
2270, 9024, 9, 0, 9067, 9075, 51, 42, 5.67, 1
2271, 9025, 7, 0, 9038, 9054, 29, 22, 4.14, 1
2272, 9027, 5, 0, 9028, 9032, 5, 0, 1.00, 1
2273, 9034, 2, 0, 9035, 9036, 2, 0, 1.00, 1
2274, 9039, 3, 0, 9040, 9042, 3, 0, 1.00, 1
2275, 9040, 9, 0, 9113, 9129, 89, 80, 9.89, 1
2276, 9044, 3, 0, 9045, 9047, 3, 0, 1.00, 1
2277, 9049, 4, 0, 9050, 9053, 4, 0, 1.00, 1
2278, 9052, 14, 0, 39708, 39739, 30687, 30673, 2191.93, 1
2279, 9053, 6, 0, 9055, 9063, 10, 4, 1.67, 1
2280, 9055, 2, 0, 9056, 9058, 3, 1, 1.50, 1
2281, 9056, 1, 0, 9057, 9057, 1, 0, 1.00, 1
2282, 9063, 3, 0, 9064, 9066, 3, 0, 1.00, 1
2283, 9065, 17, 0, 43912, 43928, 34863, 34846, 2050.76, 1
2284, 9075, 5, 0, 9076, 9083, 8, 3, 1.60, 1
2285, 9077, 2, 0, 9078, 9079, 2, 0, 1.00, 1
2286, 9080, 1, 0, 9081, 9081, 1, 0, 1.00, 1
2287, 9081, 5, 0, 9084, 9088, 7, 2, 1.40, 1
2288, 9086, 6, 0, 9089, 9096, 10, 4, 1.67, 1
2289, 9090, 2, 0, 9091, 9092, 2, 0, 1.00, 1
2290, 9092, 5, 0, 9097, 9102, 10, 5, 2.00, 1
2291, 9094, 18, 0, 44774, 44791, 35697, 35679, 1983.17, 1
2292, 9097, 5, 0, 9103, 9112, 15, 10, 3.00, 1
2293, 9100, 1, 0, 9101, 9101, 1, 0, 1.00, 1
2294, 9103, 2, 0, 9104, 9105, 2, 0, 1.00, 1
2295, 9104, 3, 0, 9106, 9108, 4, 1, 1.33, 1
2296, 9108, 13, 0, 13310, 13635, 4527, 4514, 348.23, 1
2297, 9113, 2, 0, 9114, 9115, 2, 0, 1.00, 1
2298, 9116, 16, 0, 42990, 43005, 33889, 33873, 2118.06, 1
2299, 9121, 4, 0, 9122, 9126, 5, 1, 1.25, 1
2300, 9124, 1, 0, 9125, 9125, 1, 0, 1.00, 1
2301, 9126, 1, 0, 9127, 9127, 1, 0, 1.00, 1
2302, 9132, 6, 0, 9133, 9141, 9, 3, 1.50, 1
2303, 9135, 2, 0, 9136, 9138, 3, 1, 1.50, 1
2304, 9136, 1, 0, 9137, 9137, 1, 0, 1.00, 1
2305, 9140, 9, 0, 9153, 9167, 27, 18, 3.00, 1
2306, 9142, 1, 0, 9143, 9143, 1, 0, 1.00, 1
2307, 9145, 1, 0, 9146, 9146, 1, 0, 1.00, 1
2308, 9148, 2, 0, 9149, 9150, 2, 0, 1.00, 1
2309, 9153, 2, 0, 9154, 9155, 2, 0, 1.00, 1
2310, 9157, 4, 0, 9158, 9161, 4, 0, 1.00, 1
2311, 9174, 5, 0, 9175, 9181, 7, 2, 1.40, 1
2312, 9177, 2, 0, 9178, 9179, 2, 0, 1.00, 1
2313, 9196, 5, 0, 9197, 9201, 5, 0, 1.00, 1
2314, 9199, 9, 0, 9220, 9230, 31, 22, 3.44, 1
2315, 9203, 3, 0, 9204, 9208, 5, 2, 1.67, 1
2316, 9204, 2, 0, 9205, 9206, 2, 0, 1.00, 1
2317, 9213, 2, 0, 9214, 9215, 2, 0, 1.00, 1
2318, 9215, 3, 0, 9217, 9219, 4, 1, 1.33, 1
2319, 9221, 16, 0, 43006, 43021, 33800, 33784, 2112.50, 1
2320, 9227, 2, 0, 9228, 9231, 4, 2, 2.00, 1
2321, 9228, 1, 0, 9229, 9229, 1, 0, 1.00, 1
2322, 9231, 1, 0, 9232, 9232, 1, 0, 1.00, 1
2323, 9234, 4, 0, 9235, 9238, 4, 0, 1.00, 1
2324, 9245, 4, 0, 9246, 9249, 4, 0, 1.00, 1
2325, 9249, 9, 0, 9251, 9268, 19, 10, 2.11, 1
2326, 9254, 1, 0, 9255, 9255, 1, 0, 1.00, 1
2327, 9255, 8, 0, 9269, 9277, 22, 14, 2.75, 1
2328, 9257, 3, 0, 9258, 9260, 3, 0, 1.00, 1
2329, 9262, 4, 0, 9263, 9266, 4, 0, 1.00, 1
2330, 9266, 1, 0, 9267, 9267, 1, 0, 1.00, 1
2331, 9271, 1, 0, 9272, 9272, 1, 0, 1.00, 1
2332, 9282, 1, 0, 9283, 9283, 1, 0, 1.00, 1
2333, 9287, 15, 0, 41698, 41712, 32425, 32410, 2161.67, 1
2334, 9288, 1, 0, 9289, 9289, 1, 0, 1.00, 1
2335, 9292, 10, 0, 9338, 9354, 62, 52, 6.20, 1
2336, 9296, 2, 0, 9297, 9298, 2, 0, 1.00, 1
2337, 9298, 1, 0, 9299, 9299, 1, 0, 1.00, 1
2338, 9300, 5, 0, 9301, 9305, 5, 0, 1.00, 1
2339, 9305, 2, 0, 9306, 9307, 2, 0, 1.00, 1
2340, 9317, 5, 0, 9318, 9322, 5, 0, 1.00, 1
2341, 9322, 9, 0, 9325, 9334, 12, 3, 1.33, 1
2342, 9331, 1, 0, 9332, 9332, 1, 0, 1.00, 1
2343, 9332, 3, 0, 9335, 9337, 5, 2, 1.67, 1
2344, 9333, 12, 0, 10103, 10118, 785, 773, 65.42, 1
2345, 9340, 2, 0, 9341, 9342, 2, 0, 1.00, 1
2346, 9342, 2, 0, 9343, 9344, 2, 0, 1.00, 1
2347, 9346, 2, 0, 9347, 9349, 3, 1, 1.50, 1
2348, 9347, 1, 0, 9348, 9348, 1, 0, 1.00, 1
2349, 9358, 4, 0, 9359, 9362, 4, 0, 1.00, 1
2350, 9360, 5, 0, 9363, 9368, 8, 3, 1.60, 1
2351, 9364, 5, 0, 9369, 9373, 9, 4, 1.80, 1
2352, 9366, 1, 0, 9367, 9367, 1, 0, 1.00, 1
2353, 9367, 6, 0, 9378, 9391, 24, 18, 4.00, 1
2354, 9373, 4, 0, 9374, 9377, 4, 0, 1.00, 1
2355, 9375, 8, 0, 9421, 9433, 58, 50, 7.25, 1
2356, 9380, 5, 0, 9381, 9385, 5, 0, 1.00, 1
2357, 9384, 12, 0, 10132, 10162, 778, 766, 64.83, 1
2358, 9385, 3, 0, 9386, 9388, 3, 0, 1.00, 1
2359, 9386, 5, 0, 9392, 9396, 10, 5, 2.00, 1
2360, 9396, 7, 0, 9412, 9420, 24, 17, 3.43, 1
2361, 9401, 3, 0, 9402, 9404, 3, 0, 1.00, 1
2362, 9406, 5, 0, 9407, 9411, 5, 0, 1.00, 1
2363, 9411, 9, 0, 9434, 9447, 36, 27, 4.00, 1
2364, 9414, 2, 0, 9415, 9416, 2, 0, 1.00, 1
2365, 9425, 3, 0, 9426, 9429, 4, 1, 1.33, 1
2366, 9427, 1, 0, 9428, 9428, 1, 0, 1.00, 1
2367, 9428, 1, 0, 9430, 9430, 2, 1, 2.00, 1
2368, 9436, 11, 0, 9749, 9768, 332, 321, 30.18, 1
2369, 9441, 5, 0, 9442, 9446, 5, 0, 1.00, 1
2370, 9443, 11, 0, 9787, 9805, 362, 351, 32.91, 1
2371, 9445, 6, 0, 9448, 9454, 9, 3, 1.50, 1
2372, 9449, 1, 0, 9450, 9450, 1, 0, 1.00, 1
2373, 9458, 10, 0, 9459, 9472, 14, 4, 1.40, 1
2374, 9464, 4, 0, 9465, 9468, 4, 0, 1.00, 1
2375, 9477, 6, 0, 9478, 9497, 20, 14, 3.33, 1
2376, 9481, 5, 0, 9482, 9501, 20, 15, 4.00, 1
2377, 9482, 3, 0, 9483, 9485, 3, 0, 1.00, 1
2378, 9486, 7, 0, 9487, 9493, 7, 0, 1.00, 1
2379, 9493, 1, 0, 9494, 9494, 1, 0, 1.00, 1
2380, 9500, 6, 0, 9502, 9511, 11, 5, 1.83, 1
2381, 9504, 5, 0, 9505, 9516, 12, 7, 2.40, 1
2382, 9505, 3, 0, 9506, 9508, 3, 0, 1.00, 1
2383, 9511, 1, 0, 9512, 9512, 1, 0, 1.00, 1
2384, 9516, 4, 0, 9517, 9520, 4, 0, 1.00, 1
2385, 9519, 4, 0, 9521, 9524, 5, 1, 1.25, 1
2386, 9520, 4, 0, 9525, 9530, 10, 6, 2.50, 1
2387, 9523, 11, 0, 9807, 9829, 306, 295, 27.82, 1
2388, 9526, 15, 0, 41713, 41727, 32201, 32186, 2146.73, 1
2389, 9527, 2, 0, 9528, 9529, 2, 0, 1.00, 1
2390, 9528, 6, 0, 9531, 9538, 10, 4, 1.67, 1
2391, 9531, 2, 0, 9532, 9533, 2, 0, 1.00, 1
2392, 9539, 1, 0, 9540, 9540, 1, 0, 1.00, 1
2393, 9540, 13, 0, 14719, 14732, 5192, 5179, 399.38, 1
2394, 9542, 1, 0, 9543, 9543, 1, 0, 1.00, 1
2395, 9546, 1, 0, 9547, 9547, 1, 0, 1.00, 1
2396, 9547, 2, 0, 9548, 9549, 2, 0, 1.00, 1
2397, 9555, 1, 0, 9556, 9556, 1, 0, 1.00, 1
2398, 9556, 1, 0, 9557, 9557, 1, 0, 1.00, 1
2399, 9562, 1, 0, 9563, 9563, 1, 0, 1.00, 1
2400, 9567, 5, 0, 9568, 9582, 15, 10, 3.00, 1
2401, 9568, 2, 0, 9569, 9570, 2, 0, 1.00, 1
2402, 9571, 4, 0, 9572, 9577, 6, 2, 1.50, 1
2403, 9573, 2, 0, 9574, 9575, 2, 0, 1.00, 1
2404, 9577, 1, 0, 9578, 9578, 1, 0, 1.00, 1
2405, 9583, 3, 0, 9584, 9588, 5, 2, 1.67, 1
2406, 9585, 2, 0, 9586, 9587, 2, 0, 1.00, 1
2407, 9588, 2, 0, 9589, 9590, 2, 0, 1.00, 1
2408, 9589, 3, 0, 9591, 9593, 4, 1, 1.33, 1
2409, 9595, 2, 0, 9596, 9597, 2, 0, 1.00, 1
2410, 9599, 10, 0, 9600, 9609, 10, 0, 1.00, 1
2411, 9601, 14, 0, 39771, 39785, 30184, 30170, 2156.00, 1
2412, 9603, 10, 0, 9630, 9654, 51, 41, 5.10, 1
2413, 9609, 8, 0, 9610, 9629, 20, 12, 2.50, 1
2414, 9611, 5, 0, 9612, 9617, 6, 1, 1.20, 1
2415, 9614, 1, 0, 9615, 9615, 1, 0, 1.00, 1
2416, 9615, 14, 0, 39786, 39826, 30211, 30197, 2157.93, 1
2417, 9630, 2, 0, 9631, 9632, 2, 0, 1.00, 1
2418, 9633, 2, 0, 9634, 9635, 2, 0, 1.00, 1
2419, 9639, 9, 0, 9640, 9648, 9, 0, 1.00, 1
2420, 9640, 24, 0, 47765, 47788, 38148, 38124, 1589.50, 1
2421, 9644, 12, 0, 10200, 10221, 577, 565, 48.08, 1
2422, 9650, 2, 0, 9651, 9652, 2, 0, 1.00, 1
2423, 9659, 4, 0, 9660, 9665, 6, 2, 1.50, 1
2424, 9660, 5, 0, 9666, 9670, 10, 5, 2.00, 1
2425, 9661, 2, 0, 9662, 9663, 2, 0, 1.00, 1
2426, 9663, 6, 0, 9696, 9702, 39, 33, 6.50, 1
2427, 9668, 5, 0, 9671, 9675, 7, 2, 1.40, 1
2428, 9675, 5, 0, 9676, 9681, 6, 1, 1.20, 1
2429, 9677, 8, 0, 9712, 9723, 46, 38, 5.75, 1
2430, 9678, 1, 0, 9679, 9679, 1, 0, 1.00, 1
2431, 9681, 4, 0, 9682, 9685, 4, 0, 1.00, 1
2432, 9687, 25, 0, 48175, 48199, 38512, 38487, 1540.48, 1
2433, 9688, 3, 0, 9689, 9692, 4, 1, 1.33, 1
2434, 9689, 1, 0, 9690, 9690, 1, 0, 1.00, 1
2435, 9695, 14, 0, 39830, 39867, 30172, 30158, 2155.14, 1
2436, 9700, 1, 0, 9701, 9701, 1, 0, 1.00, 1
2437, 9702, 3, 0, 9703, 9705, 3, 0, 1.00, 1
2438, 9704, 6, 0, 9706, 9711, 7, 1, 1.17, 1
2439, 9712, 3, 0, 9713, 9715, 3, 0, 1.00, 1
2440, 9717, 1, 0, 9718, 9718, 1, 0, 1.00, 1
2441, 9725, 5, 0, 9726, 9730, 5, 0, 1.00, 1
2442, 9731, 7, 0, 9732, 9738, 7, 0, 1.00, 1
2443, 9735, 11, 0, 9830, 9842, 107, 96, 9.73, 1
2444, 9745, 2, 0, 9746, 9747, 2, 0, 1.00, 1
2445, 9748, 17, 0, 43929, 43945, 34197, 34180, 2011.59, 1
2446, 9754, 1, 0, 9755, 9755, 1, 0, 1.00, 1
2447, 9755, 5, 0, 9773, 9777, 22, 17, 4.40, 1
2448, 9757, 11, 0, 9843, 9856, 99, 88, 9.00, 1
2449, 9758, 10, 0, 9759, 9786, 28, 18, 2.80, 1
2450, 9759, 5, 0, 9760, 9772, 13, 8, 2.60, 1
2451, 9760, 1, 0, 9761, 9761, 1, 0, 1.00, 1
2452, 9762, 5, 0, 9763, 9767, 5, 0, 1.00, 1
2453, 9773, 15, 0, 41728, 41742, 31969, 31954, 2131.27, 1
2454, 9792, 7, 0, 9793, 9800, 8, 1, 1.14, 1
2455, 9796, 1, 0, 9797, 9797, 1, 0, 1.00, 1
2456, 9805, 1, 0, 9806, 9806, 1, 0, 1.00, 1
2457, 9809, 3, 0, 9810, 9812, 3, 0, 1.00, 1
2458, 9810, 6, 0, 9813, 9818, 8, 2, 1.33, 1
2459, 9818, 3, 0, 9819, 9821, 3, 0, 1.00, 1
2460, 9822, 19, 0, 45663, 45681, 35859, 35840, 1887.32, 1
2461, 9830, 2, 0, 9831, 9832, 2, 0, 1.00, 1
2462, 9849, 2, 0, 9850, 9852, 3, 1, 1.50, 1
2463, 9850, 1, 0, 9851, 9851, 1, 0, 1.00, 1
2464, 9857, 3, 0, 9858, 9860, 3, 0, 1.00, 1
2465, 9860, 4, 0, 9861, 9864, 4, 0, 1.00, 1
2466, 9864, 14, 0, 39874, 39917, 30053, 30039, 2146.64, 1
2467, 9865, 1, 0, 9866, 9866, 1, 0, 1.00, 1
2468, 9877, 1, 0, 9878, 9878, 1, 0, 1.00, 1
2469, 9899, 5, 0, 9900, 9904, 5, 0, 1.00, 1
2470, 9904, 2, 0, 9905, 9906, 2, 0, 1.00, 1
2471, 9909, 14, 0, 39920, 40266, 30357, 30343, 2168.36, 1
2472, 9915, 2, 0, 9916, 9917, 2, 0, 1.00, 1
2473, 9917, 12, 0, 10222, 10240, 323, 311, 26.92, 1
2474, 9919, 1, 0, 9920, 9920, 1, 0, 1.00, 1
2475, 9934, 2, 0, 9935, 9936, 2, 0, 1.00, 1
2476, 9936, 2, 0, 9942, 9943, 7, 5, 3.50, 1
2477, 9937, 4, 0, 9938, 9941, 4, 0, 1.00, 1
2478, 9940, 7, 0, 9956, 9962, 22, 15, 3.14, 1
2479, 9941, 6, 0, 9944, 9950, 9, 3, 1.50, 1
2480, 9945, 1, 0, 9946, 9946, 1, 0, 1.00, 1
2481, 9946, 4, 0, 9951, 9955, 9, 5, 2.25, 1
2482, 9951, 1, 0, 9952, 9952, 1, 0, 1.00, 1
2483, 9964, 10, 0, 9965, 9981, 17, 7, 1.70, 1
2484, 9965, 11, 0, 10066, 10076, 111, 100, 10.09, 1
2485, 9967, 3, 0, 9968, 9970, 3, 0, 1.00, 1
2486, 9969, 4, 0, 9971, 9974, 5, 1, 1.25, 1
2487, 9977, 13, 0, 14733, 14758, 4781, 4768, 367.77, 1
2488, 9983, 14, 0, 40280, 40293, 30310, 30296, 2165.00, 1
2489, 9988, 11, 0, 9989, 10045, 57, 46, 5.18, 1
2490, 9989, 9, 0, 9990, 10008, 19, 10, 2.11, 1
2491, 9991, 16, 0, 43022, 43037, 33046, 33030, 2065.38, 1
2492, 9994, 6, 0, 9995, 10000, 6, 0, 1.00, 1
2493, 9998, 14, 0, 40294, 40307, 30309, 30295, 2164.93, 1
2494, 10003, 1, 0, 10004, 10004, 1, 0, 1.00, 1
2495, 10009, 4, 0, 10010, 10014, 5, 1, 1.25, 1
2496, 10012, 1, 0, 10013, 10013, 1, 0, 1.00, 1
2497, 10017, 1, 0, 10018, 10018, 1, 0, 1.00, 1
2498, 10018, 5, 0, 10019, 10023, 5, 0, 1.00, 1
2499, 10027, 1, 0, 10028, 10028, 1, 0, 1.00, 1
2500, 10029, 7, 0, 10030, 10048, 19, 12, 2.71, 1
2501, 10034, 6, 0, 10035, 10046, 12, 6, 2.00, 1
2502, 10039, 5, 0, 10040, 10044, 5, 0, 1.00, 1
2503, 10042, 23, 0, 47580, 47602, 37560, 37537, 1633.04, 1
2504, 10043, 6, 0, 10049, 10054, 11, 5, 1.83, 1
2505, 10049, 9, 0, 10055, 10065, 16, 7, 1.78, 1
2506, 10059, 2, 0, 10060, 10061, 2, 0, 1.00, 1
2507, 10061, 11, 0, 10077, 10087, 26, 15, 2.36, 1
2508, 10095, 3, 0, 10096, 10098, 3, 0, 1.00, 1
2509, 10109, 12, 0, 10254, 10266, 157, 145, 13.08, 1
2510, 10111, 7, 0, 10112, 10127, 16, 9, 2.29, 1
2511, 10114, 1, 0, 10115, 10115, 1, 0, 1.00, 1
2512, 10120, 5, 0, 10121, 10125, 5, 0, 1.00, 1
2513, 10127, 4, 0, 10128, 10131, 4, 0, 1.00, 1
2514, 10138, 5, 0, 10139, 10143, 5, 0, 1.00, 1
2515, 10143, 3, 0, 10144, 10146, 3, 0, 1.00, 1
2516, 10144, 11, 0, 10163, 10178, 34, 23, 3.09, 1
2517, 10145, 16, 0, 43038, 43053, 32908, 32892, 2056.75, 1
2518, 10147, 6, 0, 10148, 10156, 9, 3, 1.50, 1
2519, 10150, 2, 0, 10151, 10152, 2, 0, 1.00, 1
2520, 10153, 1, 0, 10154, 10154, 1, 0, 1.00, 1
2521, 10154, 11, 0, 10179, 10190, 36, 25, 3.27, 1
2522, 10159, 2, 0, 10160, 10161, 2, 0, 1.00, 1
2523, 10165, 4, 0, 10166, 10169, 4, 0, 1.00, 1
2524, 10173, 13, 0, 14962, 14975, 4802, 4789, 369.38, 1
2525, 10175, 1, 0, 10176, 10176, 1, 0, 1.00, 1
2526, 10180, 1, 0, 10181, 10181, 1, 0, 1.00, 1
2527, 10190, 3, 0, 10191, 10193, 3, 0, 1.00, 1
2528, 10192, 5, 0, 10195, 10199, 7, 2, 1.40, 1
2529, 10193, 1, 0, 10194, 10194, 1, 0, 1.00, 1
2530, 10204, 4, 0, 10205, 10208, 4, 0, 1.00, 1
2531, 10210, 2, 0, 10211, 10212, 2, 0, 1.00, 1
2532, 10216, 4, 0, 10217, 10220, 4, 0, 1.00, 1
2533, 10226, 6, 0, 10227, 10232, 6, 0, 1.00, 1
2534, 10236, 1, 0, 10237, 10237, 1, 0, 1.00, 1
2535, 10237, 9, 0, 10241, 10253, 16, 7, 1.78, 1
2536, 10242, 2, 0, 10243, 10244, 2, 0, 1.00, 1
2537, 10247, 2, 0, 10248, 10249, 2, 0, 1.00, 1
2538, 10264, 1, 0, 10265, 10265, 1, 0, 1.00, 1
2539, 10269, 13, 0, 14976, 15008, 4739, 4726, 364.54, 1
2540, 10270, 9, 0, 10271, 10296, 26, 17, 2.89, 1
2541, 10271, 5, 0, 10272, 10278, 7, 2, 1.40, 1
2542, 10275, 2, 0, 10276, 10277, 2, 0, 1.00, 1
2543, 10278, 6, 0, 10279, 10284, 6, 0, 1.00, 1
2544, 10286, 4, 0, 10287, 10290, 4, 0, 1.00, 1
2545, 10297, 7, 0, 10298, 10304, 7, 0, 1.00, 1
2546, 10316, 5, 0, 10317, 10324, 8, 3, 1.60, 1
2547, 10318, 2, 0, 10319, 10321, 3, 1, 1.50, 1
2548, 10319, 1, 0, 10320, 10320, 1, 0, 1.00, 1
2549, 10320, 3, 0, 10325, 10327, 7, 4, 2.33, 1
2550, 10327, 4, 0, 10328, 10332, 5, 1, 1.25, 1
2551, 10328, 1, 0, 10329, 10329, 1, 0, 1.00, 1
2552, 10345, 5, 0, 10346, 10350, 5, 0, 1.00, 1
2553, 10346, 14, 0, 40308, 40321, 29975, 29961, 2141.07, 1
2554, 10349, 9, 0, 10418, 10426, 77, 68, 8.56, 1
2555, 10352, 6, 0, 10353, 10366, 14, 8, 2.33, 1
2556, 10353, 3, 0, 10354, 10356, 3, 0, 1.00, 1
2557, 10360, 5, 0, 10361, 10365, 5, 0, 1.00, 1
2558, 10362, 11, 0, 10427, 10459, 97, 86, 8.82, 1
2559, 10363, 12, 0, 10597, 10633, 270, 258, 22.50, 1
2560, 10372, 15, 0, 41743, 41757, 31385, 31370, 2092.33, 1
2561, 10373, 11, 0, 10374, 10392, 19, 8, 1.73, 1
2562, 10381, 7, 0, 10382, 10405, 24, 17, 3.43, 1
2563, 10385, 4, 0, 10386, 10389, 4, 0, 1.00, 1
2564, 10386, 5, 0, 10406, 10410, 24, 19, 4.80, 1
2565, 10387, 6, 0, 10411, 10416, 29, 23, 4.83, 1
2566, 10392, 6, 0, 10393, 10402, 10, 4, 1.67, 1
2567, 10396, 1, 0, 10397, 10397, 1, 0, 1.00, 1
2568, 10398, 3, 0, 10399, 10401, 3, 0, 1.00, 1
2569, 10416, 1, 0, 10417, 10417, 1, 0, 1.00, 1
2570, 10420, 17, 0, 43946, 43962, 33542, 33525, 1973.06, 1
2571, 10421, 15, 0, 41758, 41772, 31351, 31336, 2090.07, 1
2572, 10428, 6, 0, 10429, 10434, 6, 0, 1.00, 1
2573, 10431, 14, 0, 40322, 40335, 29904, 29890, 2136.00, 1
2574, 10434, 5, 0, 10435, 10446, 12, 7, 2.40, 1
2575, 10435, 3, 0, 10436, 10440, 5, 2, 1.67, 1
2576, 10437, 2, 0, 10438, 10439, 2, 0, 1.00, 1
2577, 10442, 2, 0, 10443, 10444, 2, 0, 1.00, 1
2578, 10449, 4, 0, 10450, 10453, 4, 0, 1.00, 1
2579, 10453, 8, 0, 10504, 10518, 65, 57, 8.12, 1
2580, 10459, 10, 0, 10460, 10503, 44, 34, 4.40, 1
2581, 10462, 6, 0, 10463, 10484, 22, 16, 3.67, 1
2582, 10463, 5, 0, 10464, 10470, 7, 2, 1.40, 1
2583, 10465, 1, 0, 10466, 10466, 1, 0, 1.00, 1
2584, 10468, 1, 0, 10469, 10469, 1, 0, 1.00, 1
2585, 10470, 2, 0, 10471, 10473, 3, 1, 1.50, 1
2586, 10471, 1, 0, 10472, 10472, 1, 0, 1.00, 1
2587, 10474, 5, 0, 10475, 10480, 6, 1, 1.20, 1
2588, 10476, 1, 0, 10477, 10477, 1, 0, 1.00, 1
2589, 10487, 5, 0, 10488, 10496, 9, 4, 1.80, 1
2590, 10490, 3, 0, 10491, 10498, 8, 5, 2.67, 1
2591, 10491, 2, 0, 10492, 10494, 3, 1, 1.50, 1
2592, 10492, 1, 0, 10493, 10493, 1, 0, 1.00, 1
2593, 10493, 8, 0, 10525, 10546, 53, 45, 6.62, 1
2594, 10499, 1, 0, 10500, 10500, 1, 0, 1.00, 1
2595, 10504, 11, 0, 10578, 10596, 92, 81, 8.36, 1
2596, 10508, 3, 0, 10509, 10511, 3, 0, 1.00, 1
2597, 10513, 4, 0, 10514, 10517, 4, 0, 1.00, 1
2598, 10518, 5, 0, 10519, 10523, 5, 0, 1.00, 1
2599, 10523, 1, 0, 10524, 10524, 1, 0, 1.00, 1
2600, 10528, 2, 0, 10529, 10530, 2, 0, 1.00, 1
2601, 10530, 2, 0, 10531, 10532, 2, 0, 1.00, 1
2602, 10532, 2, 0, 10533, 10534, 2, 0, 1.00, 1
2603, 10534, 3, 0, 10535, 10538, 4, 1, 1.33, 1
2604, 10536, 1, 0, 10537, 10537, 1, 0, 1.00, 1
2605, 10541, 4, 0, 10542, 10548, 7, 3, 1.75, 1
2606, 10543, 2, 0, 10544, 10545, 2, 0, 1.00, 1
2607, 10544, 3, 0, 10549, 10551, 7, 4, 2.33, 1
2608, 10546, 10, 0, 10552, 10561, 15, 5, 1.50, 1
2609, 10560, 10, 0, 10562, 10577, 17, 7, 1.70, 1
2610, 10562, 5, 0, 10563, 10568, 6, 1, 1.20, 1
2611, 10564, 1, 0, 10565, 10565, 1, 0, 1.00, 1
2612, 10580, 2, 0, 10581, 10582, 2, 0, 1.00, 1
2613, 10583, 18, 0, 44792, 44809, 34226, 34208, 1901.44, 1
2614, 10585, 4, 0, 10586, 10590, 5, 1, 1.25, 1
2615, 10588, 1, 0, 10589, 10589, 1, 0, 1.00, 1
2616, 10592, 1, 0, 10593, 10593, 1, 0, 1.00, 1
2617, 10593, 18, 0, 44810, 44827, 34234, 34216, 1901.89, 1
2618, 10602, 11, 0, 10603, 10615, 13, 2, 1.18, 1
2619, 10610, 6, 0, 10611, 10620, 10, 4, 1.67, 1
2620, 10611, 1, 0, 10612, 10612, 1, 0, 1.00, 1
2621, 10621, 6, 0, 10622, 10627, 6, 0, 1.00, 1
2622, 10628, 1, 0, 10629, 10629, 1, 0, 1.00, 1
2623, 10629, 6, 0, 10634, 10642, 13, 7, 2.17, 1
2624, 10635, 3, 0, 10636, 10638, 3, 0, 1.00, 1
2625, 10644, 9, 0, 10645, 10653, 9, 0, 1.00, 1
2626, 10646, 10, 0, 10654, 10675, 29, 19, 2.90, 1
2627, 10655, 4, 0, 10656, 10659, 4, 0, 1.00, 1
2628, 10664, 1, 0, 10665, 10665, 1, 0, 1.00, 1
2629, 10666, 6, 0, 10667, 10681, 15, 9, 2.50, 1
2630, 10668, 22, 0, 47250, 47271, 36603, 36581, 1663.77, 1
2631, 10669, 3, 0, 10670, 10672, 3, 0, 1.00, 1
2632, 10670, 31, 0, 49049, 49079, 38409, 38378, 1239.00, 1
2633, 10672, 1, 0, 10673, 10673, 1, 0, 1.00, 1
2634, 10676, 3, 0, 10677, 10679, 3, 0, 1.00, 1
2635, 10678, 3, 0, 10682, 10685, 7, 4, 2.33, 1
2636, 10682, 1, 0, 10683, 10683, 1, 0, 1.00, 1
2637, 10692, 3, 0, 10693, 10695, 3, 0, 1.00, 1
2638, 10699, 1, 0, 10700, 10700, 1, 0, 1.00, 1
2639, 10705, 2, 0, 10706, 10707, 2, 0, 1.00, 1
2640, 10713, 3, 0, 10714, 10716, 3, 0, 1.00, 1
2641, 10716, 8, 0, 10769, 10779, 63, 55, 7.88, 1
2642, 10717, 12, 0, 10718, 10744, 27, 15, 2.25, 1
2643, 10724, 11, 0, 10725, 10768, 44, 33, 4.00, 1
2644, 10728, 4, 0, 10729, 10732, 4, 0, 1.00, 1
2645, 10731, 5, 0, 10745, 10753, 22, 17, 4.40, 1
2646, 10735, 10, 0, 10736, 10787, 52, 42, 5.20, 1
2647, 10737, 1, 0, 10738, 10738, 1, 0, 1.00, 1
2648, 10739, 3, 0, 10740, 10742, 3, 0, 1.00, 1
2649, 10745, 1, 0, 10746, 10746, 1, 0, 1.00, 1
2650, 10748, 3, 0, 10749, 10751, 3, 0, 1.00, 1
2651, 10754, 2, 0, 10755, 10756, 2, 0, 1.00, 1
2652, 10758, 6, 0, 10759, 10764, 6, 0, 1.00, 1
2653, 10766, 14, 0, 40336, 40349, 29583, 29569, 2113.07, 1
2654, 10770, 3, 0, 10771, 10773, 3, 0, 1.00, 1
2655, 10774, 14, 0, 40350, 40363, 29589, 29575, 2113.50, 1
2656, 10789, 7, 0, 10790, 10796, 7, 0, 1.00, 1
2657, 10791, 7, 0, 10806, 10815, 24, 17, 3.43, 1
2658, 10796, 6, 0, 10797, 10805, 9, 3, 1.50, 1
2659, 10797, 3, 0, 10798, 10800, 3, 0, 1.00, 1
2660, 10807, 1, 0, 10808, 10808, 1, 0, 1.00, 1
2661, 10808, 1, 0, 10809, 10809, 1, 0, 1.00, 1
2662, 10810, 1, 0, 10811, 10811, 1, 0, 1.00, 1
2663, 10813, 14, 0, 40364, 40377, 29564, 29550, 2111.71, 1
2664, 10816, 4, 0, 10817, 10823, 7, 3, 1.75, 1
2665, 10817, 3, 0, 10818, 10820, 3, 0, 1.00, 1
2666, 10831, 16, 0, 43054, 43069, 32238, 32222, 2014.88, 1
2667, 10832, 10, 0, 10833, 10842, 10, 0, 1.00, 1
2668, 10842, 3, 0, 10843, 10848, 6, 3, 2.00, 1
2669, 10843, 2, 0, 10844, 10845, 2, 0, 1.00, 1
2670, 10844, 4, 0, 10849, 10853, 9, 5, 2.25, 1
2671, 10850, 1, 0, 10851, 10851, 1, 0, 1.00, 1
2672, 10851, 2, 0, 10854, 10855, 4, 2, 2.00, 1
2673, 10854, 7, 0, 10857, 10868, 14, 7, 2.00, 1
2674, 10855, 1, 0, 10856, 10856, 1, 0, 1.00, 1
2675, 10856, 8, 0, 10869, 10877, 21, 13, 2.62, 1
2676, 10857, 2, 0, 10858, 10859, 2, 0, 1.00, 1
2677, 10858, 3, 0, 10860, 10862, 4, 1, 1.33, 1
2678, 10867, 8, 0, 10878, 10890, 23, 15, 2.88, 1
2679, 10869, 1, 0, 10870, 10870, 1, 0, 1.00, 1
2680, 10883, 2, 0, 10884, 10885, 2, 0, 1.00, 1
2681, 10885, 1, 0, 10886, 10886, 1, 0, 1.00, 1
2682, 10887, 2, 0, 10888, 10889, 2, 0, 1.00, 1
2683, 10888, 7, 0, 10892, 10907, 19, 12, 2.71, 1
2684, 10890, 1, 0, 10891, 10891, 1, 0, 1.00, 1
2685, 10894, 5, 0, 10895, 10900, 6, 1, 1.20, 1
2686, 10897, 1, 0, 10898, 10898, 1, 0, 1.00, 1
2687, 10898, 2, 0, 10901, 10902, 4, 2, 2.00, 1
2688, 10902, 4, 0, 10908, 10911, 9, 5, 2.25, 1
2689, 10904, 7, 0, 10912, 10920, 16, 9, 2.29, 1
2690, 10905, 1, 0, 10906, 10906, 1, 0, 1.00, 1
2691, 10907, 7, 0, 10921, 10931, 24, 17, 3.43, 1
2692, 10914, 2, 0, 10915, 10916, 2, 0, 1.00, 1
2693, 10926, 4, 0, 10927, 10933, 7, 3, 1.75, 1
2694, 10928, 2, 0, 10929, 10930, 2, 0, 1.00, 1
2695, 10930, 2, 0, 10934, 10935, 5, 3, 2.50, 1
2696, 10936, 5, 0, 10937, 10941, 5, 0, 1.00, 1
2697, 10943, 8, 0, 10944, 10952, 9, 1, 1.12, 1
2698, 10947, 1, 0, 10948, 10948, 1, 0, 1.00, 1
2699, 10951, 9, 0, 10970, 11001, 50, 41, 5.56, 1
2700, 10952, 7, 0, 10953, 10961, 9, 2, 1.29, 1
2701, 10955, 2, 0, 10956, 10957, 2, 0, 1.00, 1
2702, 10960, 8, 0, 10962, 10969, 9, 1, 1.12, 1
2703, 10964, 9, 0, 11004, 11012, 48, 39, 5.33, 1
2704, 10970, 8, 0, 10971, 10987, 17, 9, 2.12, 1
2705, 10972, 4, 0, 10973, 10979, 7, 3, 1.75, 1
2706, 10974, 2, 0, 10975, 10977, 3, 1, 1.50, 1
2707, 10975, 1, 0, 10976, 10976, 1, 0, 1.00, 1
2708, 10983, 2, 0, 10984, 10985, 2, 0, 1.00, 1
2709, 10987, 1, 0, 10988, 10988, 1, 0, 1.00, 1
2710, 10989, 4, 0, 10990, 10994, 5, 1, 1.25, 1
2711, 10991, 1, 0, 10992, 10992, 1, 0, 1.00, 1
2712, 11001, 2, 0, 11002, 11003, 2, 0, 1.00, 1
2713, 11017, 4, 0, 11018, 11024, 7, 3, 1.75, 1
2714, 11020, 3, 0, 11021, 11023, 3, 0, 1.00, 1
2715, 11028, 4, 0, 11029, 11032, 4, 0, 1.00, 1
2716, 11029, 6, 0, 11034, 11043, 14, 8, 2.33, 1
2717, 11034, 12, 0, 11064, 11092, 58, 46, 4.83, 1
2718, 11037, 4, 0, 11038, 11046, 9, 5, 2.25, 1
2719, 11038, 2, 0, 11039, 11040, 2, 0, 1.00, 1
2720, 11040, 6, 0, 11047, 11057, 17, 11, 2.83, 1
2721, 11041, 1, 0, 11042, 11042, 1, 0, 1.00, 1
2722, 11047, 2, 0, 11048, 11049, 2, 0, 1.00, 1
2723, 11050, 6, 0, 11058, 11063, 13, 7, 2.17, 1
2724, 11052, 3, 0, 11053, 11055, 3, 0, 1.00, 1
2725, 11064, 5, 0, 11065, 11069, 5, 0, 1.00, 1
2726, 11069, 2, 0, 11070, 11071, 2, 0, 1.00, 1
2727, 11078, 4, 0, 11079, 11082, 4, 0, 1.00, 1
2728, 11083, 1, 0, 11084, 11084, 1, 0, 1.00, 1
2729, 11086, 5, 0, 11087, 11091, 5, 0, 1.00, 1
2730, 11092, 2, 0, 11093, 11095, 3, 1, 1.50, 1
2731, 11093, 1, 0, 11094, 11094, 1, 0, 1.00, 1
2732, 11094, 1, 0, 11096, 11096, 2, 1, 2.00, 1
2733, 11098, 2, 0, 11099, 11100, 2, 0, 1.00, 1
2734, 11102, 1, 0, 11103, 11103, 1, 0, 1.00, 1
2735, 11106, 1, 0, 11107, 11107, 1, 0, 1.00, 1
2736, 11111, 1, 0, 11112, 11112, 1, 0, 1.00, 1
2737, 11115, 1, 0, 11116, 11116, 1, 0, 1.00, 1
2738, 11116, 3, 0, 11117, 11120, 4, 1, 1.33, 1
2739, 11117, 1, 0, 11118, 11118, 1, 0, 1.00, 1
2740, 11121, 4, 0, 11122, 11125, 4, 0, 1.00, 1
2741, 11127, 6, 0, 11128, 11136, 9, 3, 1.50, 1
2742, 11128, 6, 0, 11137, 11142, 14, 8, 2.33, 1
2743, 11130, 3, 0, 11131, 11133, 3, 0, 1.00, 1
2744, 11135, 6, 0, 11143, 11155, 20, 14, 3.33, 1
2745, 11139, 21, 0, 46697, 46717, 35578, 35557, 1694.19, 1
2746, 11143, 4, 0, 11144, 11147, 4, 0, 1.00, 1
2747, 11145, 9, 0, 11235, 11244, 99, 90, 11.00, 1
2748, 11147, 3, 0, 11148, 11150, 3, 0, 1.00, 1
2749, 11148, 8, 0, 11212, 11225, 77, 69, 9.62, 1
2750, 11152, 7, 0, 11156, 11170, 18, 11, 2.57, 1
2751, 11156, 2, 0, 11157, 11158, 2, 0, 1.00, 1
2752, 11163, 6, 0, 11164, 11179, 16, 10, 2.67, 1
2753, 11165, 4, 0, 11166, 11169, 4, 0, 1.00, 1
2754, 11171, 5, 0, 11172, 11176, 5, 0, 1.00, 1
2755, 11174, 17, 0, 43963, 43979, 32805, 32788, 1929.71, 1
2756, 11176, 5, 0, 11180, 11184, 8, 3, 1.60, 1
2757, 11177, 6, 0, 11185, 11190, 13, 7, 2.17, 1
2758, 11186, 7, 0, 11204, 11210, 24, 17, 3.43, 1
2759, 11188, 6, 0, 11191, 11198, 10, 4, 1.67, 1
2760, 11191, 1, 0, 11192, 11192, 1, 0, 1.00, 1
2761, 11192, 5, 0, 11199, 11203, 11, 6, 2.20, 1
2762, 11194, 1, 0, 11195, 11195, 1, 0, 1.00, 1
2763, 11208, 9, 0, 11245, 11260, 52, 43, 5.78, 1
2764, 11210, 1, 0, 11211, 11211, 1, 0, 1.00, 1
2765, 11211, 11, 0, 11261, 11280, 69, 58, 6.27, 1
2766, 11214, 4, 0, 11215, 11220, 6, 2, 1.50, 1
2767, 11215, 2, 0, 11216, 11217, 2, 0, 1.00, 1
2768, 11220, 19, 0, 45682, 45700, 34480, 34461, 1814.74, 1
2769, 11228, 16, 0, 43070, 43085, 31857, 31841, 1991.06, 1
2770, 11235, 1, 0, 11236, 11236, 1, 0, 1.00, 1
2771, 11240, 11, 0, 11281, 11309, 69, 58, 6.27, 1
2772, 11250, 7, 0, 11251, 11257, 7, 0, 1.00, 1
2773, 11252, 11, 0, 11310, 11344, 92, 81, 8.36, 1
2774, 11262, 2, 0, 11263, 11264, 2, 0, 1.00, 1
2775, 11264, 1, 0, 11265, 11265, 1, 0, 1.00, 1
2776, 11268, 12, 0, 11531, 11545, 277, 265, 23.08, 1
2777, 11271, 4, 0, 11272, 11277, 6, 2, 1.50, 1
2778, 11273, 2, 0, 11274, 11275, 2, 0, 1.00, 1
2779, 11282, 4, 0, 11283, 11286, 4, 0, 1.00, 1
2780, 11285, 8, 0, 11287, 11298, 13, 5, 1.62, 1
2781, 11288, 4, 0, 11289, 11292, 4, 0, 1.00, 1
2782, 11298, 13, 0, 15291, 15304, 4006, 3993, 308.15, 1
2783, 11306, 2, 0, 11307, 11308, 2, 0, 1.00, 1
2784, 11307, 11, 0, 11390, 11400, 93, 82, 8.45, 1
2785, 11310, 5, 0, 11311, 11316, 6, 1, 1.20, 1
2786, 11312, 1, 0, 11313, 11313, 1, 0, 1.00, 1
2787, 11315, 7, 0, 11320, 11327, 12, 5, 1.71, 1
2788, 11316, 3, 0, 11317, 11319, 3, 0, 1.00, 1
2789, 11323, 1, 0, 11324, 11324, 1, 0, 1.00, 1
2790, 11334, 6, 0, 11335, 11340, 6, 0, 1.00, 1
2791, 11335, 9, 0, 11345, 11369, 34, 25, 3.78, 1
2792, 11336, 16, 0, 43086, 43101, 31765, 31749, 1985.31, 1
2793, 11339, 12, 0, 11979, 11993, 654, 642, 54.50, 1
2794, 11341, 11, 0, 11401, 11437, 96, 85, 8.73, 1
2795, 11342, 1, 0, 11343, 11343, 1, 0, 1.00, 1
2796, 11345, 2, 0, 11346, 11347, 2, 0, 1.00, 1
2797, 11351, 6, 0, 11352, 11359, 8, 2, 1.33, 1
2798, 11356, 2, 0, 11357, 11358, 2, 0, 1.00, 1
2799, 11359, 4, 0, 11360, 11365, 6, 2, 1.50, 1
2800, 11360, 13, 0, 15314, 15344, 3984, 3971, 306.46, 1
2801, 11361, 2, 0, 11362, 11363, 2, 0, 1.00, 1
2802, 11364, 12, 0, 11994, 12005, 641, 629, 53.42, 1
2803, 11366, 10, 0, 11380, 11389, 23, 13, 2.30, 1
2804, 11368, 9, 0, 11370, 11378, 10, 1, 1.11, 1
2805, 11374, 18, 0, 44828, 44845, 33471, 33453, 1859.50, 1
2806, 11378, 1, 0, 11379, 11379, 1, 0, 1.00, 1
2807, 11402, 5, 0, 11403, 11407, 5, 0, 1.00, 1
2808, 11412, 9, 0, 11413, 11428, 16, 7, 1.78, 1
2809, 11418, 4, 0, 11419, 11422, 4, 0, 1.00, 1
2810, 11420, 8, 0, 11438, 11478, 58, 50, 7.25, 1
2811, 11424, 2, 0, 11425, 11426, 2, 0, 1.00, 1
2812, 11426, 1, 0, 11427, 11427, 1, 0, 1.00, 1
2813, 11427, 1, 0, 11429, 11429, 2, 1, 2.00, 1
2814, 11430, 2, 0, 11431, 11433, 3, 1, 1.50, 1
2815, 11431, 1, 0, 11432, 11432, 1, 0, 1.00, 1
2816, 11435, 1, 0, 11436, 11436, 1, 0, 1.00, 1
2817, 11439, 5, 0, 11440, 11447, 8, 3, 1.60, 1
2818, 11440, 3, 0, 11441, 11443, 3, 0, 1.00, 1
2819, 11443, 5, 0, 11448, 11454, 11, 6, 2.20, 1
2820, 11445, 30, 0, 48927, 48956, 37511, 37481, 1250.37, 1
2821, 11451, 2, 0, 11452, 11453, 2, 0, 1.00, 1
2822, 11456, 6, 0, 11457, 11465, 9, 3, 1.50, 1
2823, 11459, 1, 0, 11460, 11460, 1, 0, 1.00, 1
2824, 11460, 2, 0, 11461, 11462, 2, 0, 1.00, 1
2825, 11462, 7, 0, 11506, 11512, 50, 43, 7.14, 1
2826, 11465, 4, 0, 11466, 11469, 4, 0, 1.00, 1
2827, 11468, 6, 0, 11495, 11503, 35, 29, 5.83, 1
2828, 11470, 5, 0, 11471, 11493, 23, 18, 4.60, 1
2829, 11471, 4, 0, 11472, 11475, 4, 0, 1.00, 1
2830, 11478, 5, 0, 11479, 11486, 8, 3, 1.60, 1
2831, 11482, 3, 0, 11483, 11485, 3, 0, 1.00, 1
2832, 11483, 3, 0, 11487, 11489, 6, 3, 2.00, 1
2833, 11486, 18, 0, 44846, 44863, 33377, 33359, 1854.28, 1
2834, 11488, 7, 0, 11513, 11530, 42, 35, 6.00, 1
2835, 11493, 1, 0, 11494, 11494, 1, 0, 1.00, 1
2836, 11498, 3, 0, 11499, 11501, 3, 0, 1.00, 1
2837, 11503, 2, 0, 11504, 11505, 2, 0, 1.00, 1
2838, 11506, 15, 0, 41773, 41787, 30281, 30266, 2018.73, 1
2839, 11513, 4, 0, 11514, 11519, 6, 2, 1.50, 1
2840, 11514, 1, 0, 11515, 11515, 1, 0, 1.00, 1
2841, 11517, 1, 0, 11518, 11518, 1, 0, 1.00, 1
2842, 11519, 3, 0, 11520, 11524, 5, 2, 1.67, 1
2843, 11521, 2, 0, 11522, 11523, 2, 0, 1.00, 1
2844, 11538, 1, 0, 11539, 11539, 1, 0, 1.00, 1
2845, 11542, 2, 0, 11543, 11544, 2, 0, 1.00, 1
2846, 11543, 2, 0, 11546, 11547, 4, 2, 2.00, 1
2847, 11546, 6, 0, 11567, 11574, 28, 22, 4.67, 1
2848, 11547, 3, 0, 11548, 11550, 3, 0, 1.00, 1
2849, 11548, 3, 0, 11551, 11555, 7, 4, 2.33, 1
2850, 11551, 2, 0, 11552, 11553, 2, 0, 1.00, 1
2851, 11552, 3, 0, 11556, 11558, 6, 3, 2.00, 1
2852, 11554, 3, 0, 11560, 11562, 8, 5, 2.67, 1
2853, 11558, 1, 0, 11559, 11559, 1, 0, 1.00, 1
2854, 11559, 4, 0, 11563, 11566, 7, 3, 1.75, 1
2855, 11568, 1, 0, 11569, 11569, 1, 0, 1.00, 1
2856, 11569, 1, 0, 11570, 11570, 1, 0, 1.00, 1
2857, 11572, 14, 0, 40378, 40391, 28819, 28805, 2058.50, 1
2858, 11574, 6, 0, 11575, 11591, 17, 11, 2.83, 1
2859, 11575, 5, 0, 11576, 11580, 5, 0, 1.00, 1
2860, 11578, 5, 0, 11595, 11603, 25, 20, 5.00, 1
2861, 11580, 3, 0, 11581, 11583, 3, 0, 1.00, 1
2862, 11583, 3, 0, 11584, 11586, 3, 0, 1.00, 1
2863, 11586, 6, 0, 11613, 11625, 39, 33, 6.50, 1
2864, 11591, 3, 0, 11592, 11594, 3, 0, 1.00, 1
2865, 11594, 5, 0, 11608, 11612, 18, 13, 3.60, 1
2866, 11595, 3, 0, 11596, 11598, 3, 0, 1.00, 1
2867, 11599, 1, 0, 11600, 11600, 1, 0, 1.00, 1
2868, 11600, 4, 0, 11604, 11607, 7, 3, 1.75, 1
2869, 11601, 12, 0, 12006, 12033, 432, 420, 36.00, 1
2870, 11608, 8, 0, 11626, 11639, 31, 23, 3.88, 1
2871, 11613, 5, 0, 11614, 11618, 5, 0, 1.00, 1
2872, 11619, 2, 0, 11620, 11621, 2, 0, 1.00, 1
2873, 11631, 6, 0, 11632, 11637, 6, 0, 1.00, 1
2874, 11635, 10, 0, 11640, 11668, 33, 23, 3.30, 1
2875, 11643, 2, 0, 11644, 11645, 2, 0, 1.00, 1
2876, 11645, 5, 0, 11646, 11650, 5, 0, 1.00, 1
2877, 11651, 1, 0, 11652, 11652, 1, 0, 1.00, 1
2878, 11653, 2, 0, 11654, 11655, 2, 0, 1.00, 1
2879, 11654, 8, 0, 11669, 11679, 25, 17, 3.12, 1
2880, 11656, 5, 0, 11657, 11661, 5, 0, 1.00, 1
2881, 11662, 4, 0, 11663, 11666, 4, 0, 1.00, 1
2882, 11666, 9, 0, 11689, 11704, 38, 29, 4.22, 1
2883, 11669, 3, 0, 11670, 11672, 3, 0, 1.00, 1
2884, 11671, 10, 0, 11718, 11738, 67, 57, 6.70, 1
2885, 11672, 8, 0, 11680, 11688, 16, 8, 2.00, 1
2886, 11674, 19, 0, 45701, 45719, 34045, 34026, 1791.84, 1
2887, 11686, 1, 0, 11687, 11687, 1, 0, 1.00, 1
2888, 11694, 6, 0, 11695, 11717, 23, 17, 3.83, 1
2889, 11695, 2, 0, 11696, 11697, 2, 0, 1.00, 1
2890, 11697, 14, 0, 40392, 40405, 28708, 28694, 2050.57, 1
2891, 11699, 4, 0, 11700, 11703, 4, 0, 1.00, 1
2892, 11702, 4, 0, 11705, 11708, 6, 2, 1.50, 1
2893, 11709, 4, 0, 11710, 11713, 4, 0, 1.00, 1
2894, 11723, 7, 0, 11724, 11732, 9, 2, 1.29, 1
2895, 11724, 8, 0, 11769, 11782, 58, 50, 7.25, 1
2896, 11727, 2, 0, 11728, 11729, 2, 0, 1.00, 1
2897, 11730, 12, 0, 12034, 12059, 329, 317, 27.42, 1
2898, 11735, 2, 0, 11736, 11737, 2, 0, 1.00, 1
2899, 11737, 5, 0, 11739, 11743, 6, 1, 1.20, 1
2900, 11740, 10, 0, 11795, 11810, 70, 60, 7.00, 1
2901, 11741, 6, 0, 11747, 11752, 11, 5, 1.83, 1
2902, 11743, 3, 0, 11744, 11746, 3, 0, 1.00, 1
2903, 11747, 7, 0, 11753, 11768, 21, 14, 3.00, 1
2904, 11749, 21, 0, 46718, 46738, 34989, 34968, 1666.14, 1
2905, 11756, 6, 0, 11757, 11762, 6, 0, 1.00, 1
2906, 11761, 14, 0, 40406, 40419, 28658, 28644, 2047.00, 1
2907, 11763, 2, 0, 11764, 11765, 2, 0, 1.00, 1
2908, 11765, 1, 0, 11766, 11766, 1, 0, 1.00, 1
2909, 11772, 6, 0, 11773, 11778, 6, 0, 1.00, 1
2910, 11774, 6, 0, 11783, 11794, 20, 14, 3.33, 1
2911, 11784, 5, 0, 11785, 11789, 5, 0, 1.00, 1
2912, 11787, 10, 0, 11848, 11857, 70, 60, 7.00, 1
2913, 11792, 1, 0, 11793, 11793, 1, 0, 1.00, 1
2914, 11799, 10, 0, 11858, 11886, 87, 77, 8.70, 1
2915, 11800, 1, 0, 11801, 11801, 1, 0, 1.00, 1
2916, 11802, 9, 0, 11803, 11828, 26, 17, 2.89, 1
2917, 11804, 3, 0, 11805, 11807, 3, 0, 1.00, 1
2918, 11808, 15, 0, 41788, 41802, 29994, 29979, 1999.60, 1
2919, 11810, 6, 0, 11811, 11816, 6, 0, 1.00, 1
2920, 11811, 7, 0, 11835, 11847, 36, 29, 5.14, 1
2921, 11818, 7, 0, 11819, 11834, 16, 9, 2.29, 1
2922, 11819, 4, 0, 11820, 11823, 4, 0, 1.00, 1
2923, 11836, 5, 0, 11837, 11842, 6, 1, 1.20, 1
2924, 11840, 1, 0, 11841, 11841, 1, 0, 1.00, 1
2925, 11858, 2, 0, 11859, 11860, 2, 0, 1.00, 1
2926, 11865, 5, 0, 11866, 11870, 5, 0, 1.00, 1
2927, 11868, 7, 0, 11887, 11896, 28, 21, 4.00, 1
2928, 11871, 6, 0, 11872, 11879, 8, 2, 1.33, 1
2929, 11876, 2, 0, 11877, 11878, 2, 0, 1.00, 1
2930, 11878, 9, 0, 11919, 11928, 50, 41, 5.56, 1
2931, 11879, 15, 0, 41803, 41817, 29938, 29923, 1995.87, 1
2932, 11881, 4, 0, 11882, 11885, 4, 0, 1.00, 1
2933, 11884, 37, 0, 49410, 49446, 37562, 37525, 1015.19, 1
2934, 11892, 3, 0, 11893, 11895, 3, 0, 1.00, 1
2935, 11894, 8, 0, 11898, 11908, 14, 6, 1.75, 1
2936, 11896, 1, 0, 11897, 11897, 1, 0, 1.00, 1
2937, 11898, 10, 0, 11929, 11967, 69, 59, 6.90, 1
2938, 11902, 5, 0, 11903, 11912, 10, 5, 2.00, 1
2939, 11903, 2, 0, 11904, 11905, 2, 0, 1.00, 1
2940, 11908, 19, 0, 45720, 45738, 33830, 33811, 1780.53, 1
2941, 11911, 5, 0, 11913, 11918, 7, 2, 1.40, 1
2942, 11915, 1, 0, 11916, 11916, 1, 0, 1.00, 1
2943, 11925, 1, 0, 11926, 11926, 1, 0, 1.00, 1
2944, 11929, 7, 0, 11930, 11947, 18, 11, 2.57, 1
2945, 11930, 4, 0, 11931, 11935, 5, 1, 1.25, 1
2946, 11933, 1, 0, 11934, 11934, 1, 0, 1.00, 1
2947, 11934, 2, 0, 11936, 11937, 3, 1, 1.50, 1
2948, 11939, 1, 0, 11940, 11940, 1, 0, 1.00, 1
2949, 11943, 5, 0, 11944, 11954, 11, 6, 2.20, 1
2950, 11944, 2, 0, 11945, 11946, 2, 0, 1.00, 1
2951, 11948, 3, 0, 11949, 11951, 3, 0, 1.00, 1
2952, 11959, 3, 0, 11960, 11962, 3, 0, 1.00, 1
2953, 11962, 1, 0, 11963, 11963, 1, 0, 1.00, 1
2954, 11964, 10, 0, 11968, 11978, 14, 4, 1.40, 1
2955, 11974, 1, 0, 11975, 11975, 1, 0, 1.00, 1
2956, 11984, 3, 0, 11985, 11987, 3, 0, 1.00, 1
2957, 12009, 2, 0, 12010, 12011, 2, 0, 1.00, 1
2958, 12011, 2, 0, 12012, 12013, 2, 0, 1.00, 1
2959, 12012, 12, 0, 12164, 12215, 203, 191, 16.92, 1
2960, 12013, 1, 0, 12014, 12014, 1, 0, 1.00, 1
2961, 12016, 8, 0, 12017, 12024, 8, 0, 1.00, 1
2962, 12017, 13, 0, 15345, 15372, 3355, 3342, 258.08, 1
2963, 12021, 15, 0, 41818, 41832, 29811, 29796, 1987.40, 1
2964, 12025, 3, 0, 12026, 12028, 3, 0, 1.00, 1
2965, 12038, 6, 0, 12039, 12044, 6, 0, 1.00, 1
2966, 12042, 7, 0, 12073, 12079, 37, 30, 5.29, 1
2967, 12044, 3, 0, 12045, 12048, 4, 1, 1.33, 1
2968, 12046, 1, 0, 12047, 12047, 1, 0, 1.00, 1
2969, 12047, 11, 0, 12095, 12108, 61, 50, 5.55, 1
2970, 12051, 15, 0, 41833, 41847, 29796, 29781, 1986.40, 1
2971, 12053, 6, 0, 12054, 12067, 14, 8, 2.33, 1
2972, 12054, 3, 0, 12055, 12057, 3, 0, 1.00, 1
2973, 12060, 3, 0, 12061, 12063, 3, 0, 1.00, 1
2974, 12063, 19, 0, 45739, 45757, 33694, 33675, 1773.37, 1
2975, 12067, 5, 0, 12068, 12072, 5, 0, 1.00, 1
2976, 12069, 8, 0, 12087, 12094, 25, 17, 3.12, 1
2977, 12073, 7, 0, 12080, 12086, 13, 6, 1.86, 1
2978, 12092, 11, 0, 12109, 12124, 32, 21, 2.91, 1
2979, 12100, 2, 0, 12101, 12102, 2, 0, 1.00, 1
2980, 12103, 1, 0, 12104, 12104, 1, 0, 1.00, 1
2981, 12105, 12, 0, 12466, 12484, 379, 367, 31.58, 1
2982, 12109, 2, 0, 12110, 12111, 2, 0, 1.00, 1
2983, 12114, 3, 0, 12115, 12117, 3, 0, 1.00, 1
2984, 12116, 19, 0, 45758, 45776, 33660, 33641, 1771.58, 1
2985, 12117, 7, 0, 12125, 12144, 27, 20, 3.86, 1
2986, 12125, 2, 0, 12126, 12127, 2, 0, 1.00, 1
2987, 12128, 4, 0, 12129, 12132, 4, 0, 1.00, 1
2988, 12129, 4, 0, 12133, 12136, 7, 3, 1.75, 1
2989, 12134, 6, 0, 12151, 12163, 29, 23, 4.83, 1
2990, 12135, 5, 0, 12146, 12150, 15, 10, 3.00, 1
2991, 12136, 1, 0, 12137, 12137, 1, 0, 1.00, 1
2992, 12137, 2, 0, 12138, 12139, 2, 0, 1.00, 1
2993, 12144, 1, 0, 12145, 12145, 1, 0, 1.00, 1
2994, 12151, 3, 0, 12152, 12154, 3, 0, 1.00, 1
2995, 12154, 3, 0, 12155, 12157, 3, 0, 1.00, 1
2996, 12157, 1, 0, 12158, 12158, 1, 0, 1.00, 1
2997, 12165, 2, 0, 12166, 12168, 3, 1, 1.50, 1
2998, 12166, 1, 0, 12167, 12167, 1, 0, 1.00, 1
2999, 12167, 12, 0, 12504, 12535, 368, 356, 30.67, 1
3000, 12172, 9, 0, 12173, 12188, 16, 7, 1.78, 1
3001, 12176, 11, 0, 12370, 12390, 214, 203, 19.45, 1
3002, 12179, 8, 0, 12180, 12198, 19, 11, 2.38, 1
3003, 12183, 3, 0, 12184, 12186, 3, 0, 1.00, 1
3004, 12184, 3, 0, 12190, 12192, 8, 5, 2.67, 1
3005, 12188, 1, 0, 12189, 12189, 1, 0, 1.00, 1
3006, 12195, 2, 0, 12196, 12197, 2, 0, 1.00, 1
3007, 12197, 2, 0, 12199, 12200, 3, 1, 1.50, 1
3008, 12198, 10, 0, 12324, 12344, 146, 136, 14.60, 1
3009, 12200, 2, 0, 12201, 12202, 2, 0, 1.00, 1
3010, 12201, 8, 0, 12262, 12276, 75, 67, 9.38, 1
3011, 12204, 6, 0, 12205, 12219, 15, 9, 2.50, 1
3012, 12206, 2, 0, 12207, 12208, 2, 0, 1.00, 1
3013, 12207, 3, 0, 12209, 12211, 4, 1, 1.33, 1
3014, 12208, 10, 0, 12360, 12369, 161, 151, 16.10, 1
3015, 12210, 5, 0, 12232, 12239, 29, 24, 5.80, 1
3016, 12211, 4, 0, 12220, 12223, 12, 8, 3.00, 1
3017, 12223, 3, 0, 12224, 12226, 3, 0, 1.00, 1
3018, 12226, 4, 0, 12227, 12231, 5, 1, 1.25, 1
3019, 12228, 7, 0, 12240, 12257, 29, 22, 4.14, 1
3020, 12229, 1, 0, 12230, 12230, 1, 0, 1.00, 1
3021, 12232, 1, 0, 12233, 12233, 1, 0, 1.00, 1
3022, 12235, 2, 0, 12236, 12237, 2, 0, 1.00, 1
3023, 12238, 9, 0, 12305, 12323, 85, 76, 9.44, 1
3024, 12241, 6, 0, 12242, 12247, 6, 0, 1.00, 1
3025, 12250, 4, 0, 12251, 12255, 5, 1, 1.25, 1
3026, 12253, 1, 0, 12254, 12254, 1, 0, 1.00, 1
3027, 12254, 4, 0, 12258, 12261, 7, 3, 1.75, 1
3028, 12266, 5, 0, 12267, 12271, 5, 0, 1.00, 1
3029, 12271, 8, 0, 12277, 12289, 18, 10, 2.25, 1
3030, 12272, 2, 0, 12273, 12274, 2, 0, 1.00, 1
3031, 12278, 15, 0, 41848, 41862, 29584, 29569, 1972.27, 1
3032, 12279, 3, 0, 12280, 12282, 3, 0, 1.00, 1
3033, 12282, 6, 0, 12290, 12296, 14, 8, 2.33, 1
3034, 12283, 1, 0, 12284, 12284, 1, 0, 1.00, 1
3035, 12284, 1, 0, 12285, 12285, 1, 0, 1.00, 1
3036, 12290, 13, 0, 15431, 15479, 3189, 3176, 245.31, 1
3037, 12292, 1, 0, 12293, 12293, 1, 0, 1.00, 1
3038, 12296, 7, 0, 12297, 12304, 8, 1, 1.14, 1
3039, 12300, 1, 0, 12301, 12301, 1, 0, 1.00, 1
3040, 12311, 6, 0, 12312, 12317, 6, 0, 1.00, 1
3041, 12317, 2, 0, 12318, 12319, 2, 0, 1.00, 1
3042, 12320, 2, 0, 12321, 12322, 2, 0, 1.00, 1
3043, 12327, 6, 0, 12328, 12338, 11, 5, 1.83, 1
3044, 12329, 3, 0, 12330, 12332, 3, 0, 1.00, 1
3045, 12330, 11, 0, 12409, 12437, 107, 96, 9.73, 1
3046, 12332, 7, 0, 12345, 12351, 19, 12, 2.71, 1
3047, 12335, 2, 0, 12336, 12337, 2, 0, 1.00, 1
3048, 12349, 8, 0, 12352, 12359, 10, 2, 1.25, 1
3049, 12372, 2, 0, 12373, 12374, 2, 0, 1.00, 1
3050, 12376, 7, 0, 12377, 12406, 30, 23, 4.29, 1
3051, 12377, 2, 0, 12378, 12379, 2, 0, 1.00, 1
3052, 12383, 5, 0, 12384, 12388, 5, 0, 1.00, 1
3053, 12390, 2, 0, 12391, 12392, 2, 0, 1.00, 1
3054, 12394, 4, 0, 12395, 12401, 7, 3, 1.75, 1
3055, 12397, 3, 0, 12398, 12400, 3, 0, 1.00, 1
3056, 12403, 1, 0, 12404, 12404, 1, 0, 1.00, 1
3057, 12404, 2, 0, 12407, 12408, 4, 2, 2.00, 1
3058, 12410, 17, 0, 43980, 43996, 31586, 31569, 1858.00, 1
3059, 12413, 10, 0, 12414, 12423, 10, 0, 1.00, 1
3060, 12424, 7, 0, 12425, 12431, 7, 0, 1.00, 1
3061, 12433, 1, 0, 12434, 12434, 1, 0, 1.00, 1
3062, 12437, 5, 0, 12438, 12450, 13, 8, 2.60, 1
3063, 12438, 4, 0, 12439, 12445, 7, 3, 1.75, 1
3064, 12441, 3, 0, 12442, 12444, 3, 0, 1.00, 1
3065, 12442, 15, 0, 41863, 41877, 29435, 29420, 1962.33, 1
3066, 12443, 4, 0, 12451, 12454, 11, 7, 2.75, 1
3067, 12446, 1, 0, 12447, 12447, 1, 0, 1.00, 1
3068, 12452, 11, 0, 12455, 12465, 13, 2, 1.18, 1
3069, 12465, 12, 0, 12536, 12658, 193, 181, 16.08, 1
3070, 12469, 5, 0, 12470, 12474, 5, 0, 1.00, 1
3071, 12480, 7, 0, 12481, 12495, 15, 8, 2.14, 1
3072, 12481, 1, 0, 12482, 12482, 1, 0, 1.00, 1
3073, 12483, 14, 0, 40420, 40433, 27950, 27936, 1996.43, 1
3074, 12485, 3, 0, 12486, 12490, 5, 2, 1.67, 1
3075, 12487, 2, 0, 12488, 12489, 2, 0, 1.00, 1
3076, 12490, 6, 0, 12496, 12501, 11, 5, 1.83, 1
3077, 12501, 2, 0, 12502, 12503, 2, 0, 1.00, 1
3078, 12505, 3, 0, 12506, 12508, 3, 0, 1.00, 1
3079, 12511, 4, 0, 12512, 12516, 5, 1, 1.25, 1
3080, 12512, 1, 0, 12513, 12513, 1, 0, 1.00, 1
3081, 12514, 6, 0, 12517, 12524, 10, 4, 1.67, 1
3082, 12520, 2, 0, 12521, 12522, 2, 0, 1.00, 1
3083, 12524, 1, 0, 12525, 12525, 1, 0, 1.00, 1
3084, 12525, 1, 0, 12526, 12526, 1, 0, 1.00, 1
3085, 12528, 1, 0, 12529, 12529, 1, 0, 1.00, 1
3086, 12531, 1, 0, 12532, 12532, 1, 0, 1.00, 1
3087, 12537, 3, 0, 12538, 12540, 3, 0, 1.00, 1
3088, 12539, 4, 0, 12545, 12548, 9, 5, 2.25, 1
3089, 12540, 1, 0, 12541, 12541, 1, 0, 1.00, 1
3090, 12541, 2, 0, 12542, 12544, 3, 1, 1.50, 1
3091, 12542, 1, 0, 12543, 12543, 1, 0, 1.00, 1
3092, 12545, 5, 0, 12549, 12555, 10, 5, 2.00, 1
3093, 12546, 6, 0, 12556, 12564, 18, 12, 3.00, 1
3094, 12547, 8, 0, 12565, 12575, 28, 20, 3.50, 1
3095, 12550, 2, 0, 12551, 12552, 2, 0, 1.00, 1
3096, 12557, 3, 0, 12558, 12560, 3, 0, 1.00, 1
3097, 12568, 8, 0, 12583, 12596, 28, 20, 3.50, 1
3098, 12569, 2, 0, 12570, 12571, 2, 0, 1.00, 1
3099, 12571, 5, 0, 12576, 12582, 11, 6, 2.20, 1
3100, 12572, 1, 0, 12573, 12573, 1, 0, 1.00, 1
3101, 12577, 2, 0, 12578, 12579, 2, 0, 1.00, 1
3102, 12587, 6, 0, 12588, 12593, 6, 0, 1.00, 1
3103, 12589, 9, 0, 12597, 12607, 18, 9, 2.00, 1
3104, 12599, 14, 0, 40434, 40447, 27848, 27834, 1989.14, 1
3105, 12601, 2, 0, 12602, 12603, 2, 0, 1.00, 1
3106, 12604, 9, 0, 12608, 12623, 19, 10, 2.11, 1
3107, 12609, 5, 0, 12610, 12614, 5, 0, 1.00, 1
3108, 12618, 12, 0, 12917, 12954, 336, 324, 28.00, 1
3109, 12620, 5, 0, 12621, 12627, 7, 2, 1.40, 1
3110, 12621, 1, 0, 12622, 12622, 1, 0, 1.00, 1
3111, 12628, 3, 0, 12629, 12631, 3, 0, 1.00, 1
3112, 12633, 5, 0, 12634, 12638, 5, 0, 1.00, 1
3113, 12634, 5, 0, 12639, 12643, 9, 4, 1.80, 1
3114, 12643, 8, 0, 12659, 12666, 23, 15, 2.88, 1
3115, 12644, 3, 0, 12645, 12647, 3, 0, 1.00, 1
3116, 12646, 9, 0, 12684, 12699, 53, 44, 5.89, 1
3117, 12648, 5, 0, 12649, 12653, 5, 0, 1.00, 1
3118, 12650, 15, 0, 41878, 41892, 29242, 29227, 1949.47, 1
3119, 12660, 9, 0, 12706, 12720, 60, 51, 6.67, 1
3120, 12663, 10, 0, 12722, 12742, 79, 69, 7.90, 1
3121, 12666, 6, 0, 12667, 12680, 14, 8, 2.33, 1
3122, 12668, 5, 0, 12669, 12673, 5, 0, 1.00, 1
3123, 12671, 10, 0, 12743, 12752, 81, 71, 8.10, 1
3124, 12676, 3, 0, 12677, 12679, 3, 0, 1.00, 1
3125, 12679, 3, 0, 12681, 12683, 4, 1, 1.33, 1
3126, 12682, 11, 0, 12753, 12777, 95, 84, 8.64, 1
3127, 12684, 3, 0, 12685, 12687, 3, 0, 1.00, 1
3128, 12691, 2, 0, 12692, 12693, 2, 0, 1.00, 1
3129, 12692, 2, 0, 12694, 12695, 3, 1, 1.50, 1
3130, 12699, 6, 0, 12700, 12705, 6, 0, 1.00, 1
3131, 12708, 6, 0, 12709, 12714, 6, 0, 1.00, 1
3132, 12710, 11, 0, 12778, 12801, 91, 80, 8.27, 1
3133, 12719, 18, 0, 44864, 44881, 32162, 32144, 1786.78, 1
3134, 12720, 1, 0, 12721, 12721, 1, 0, 1.00, 1
3135, 12723, 1, 0, 12724, 12724, 1, 0, 1.00, 1
3136, 12724, 5, 0, 12725, 12729, 5, 0, 1.00, 1
3137, 12725, 5, 0, 12730, 12734, 9, 4, 1.80, 1
3138, 12726, 13, 0, 15536, 15591, 2865, 2852, 220.38, 1
3139, 12740, 12, 0, 13101, 13121, 381, 369, 31.75, 1
3140, 12753, 3, 0, 12754, 12756, 3, 0, 1.00, 1
3141, 12757, 8, 0, 12758, 12766, 9, 1, 1.12, 1
3142, 12763, 1, 0, 12764, 12764, 1, 0, 1.00, 1
3143, 12772, 2, 0, 12773, 12774, 2, 0, 1.00, 1
3144, 12780, 6, 0, 12781, 12789, 9, 3, 1.50, 1
3145, 12781, 1, 0, 12782, 12782, 1, 0, 1.00, 1
3146, 12786, 2, 0, 12787, 12788, 2, 0, 1.00, 1
3147, 12789, 2, 0, 12790, 12791, 2, 0, 1.00, 1
3148, 12790, 13, 0, 15754, 15775, 2985, 2972, 229.62, 1
3149, 12794, 2, 0, 12795, 12796, 2, 0, 1.00, 1
3150, 12796, 13, 0, 16403, 16794, 3998, 3985, 307.54, 1
3151, 12800, 11, 0, 12802, 12869, 69, 58, 6.27, 1
3152, 12803, 5, 0, 12804, 12808, 5, 0, 1.00, 1
3153, 12804, 8, 0, 12809, 12819, 15, 7, 1.88, 1
3154, 12809, 1, 0, 12810, 12810, 1, 0, 1.00, 1
3155, 12811, 22, 0, 47272, 47293, 34482, 34460, 1567.36, 1
3156, 12813, 2, 0, 12814, 12815, 2, 0, 1.00, 1
3157, 12814, 5, 0, 12821, 12825, 11, 6, 2.20, 1
3158, 12818, 9, 0, 12870, 12879, 61, 52, 6.78, 1
3159, 12819, 1, 0, 12820, 12820, 1, 0, 1.00, 1
3160, 12820, 7, 0, 12831, 12838, 18, 11, 2.57, 1
3161, 12823, 5, 0, 12826, 12830, 7, 2, 1.40, 1
3162, 12833, 1, 0, 12834, 12834, 1, 0, 1.00, 1
3163, 12834, 18, 0, 44882, 44899, 32065, 32047, 1781.39, 1
3164, 12838, 6, 0, 12839, 12850, 12, 6, 2.00, 1
3165, 12840, 15, 0, 41893, 41907, 29067, 29052, 1937.80, 1
3166, 12841, 3, 0, 12842, 12846, 5, 2, 1.67, 1
3167, 12842, 2, 0, 12843, 12844, 2, 0, 1.00, 1
3168, 12848, 1, 0, 12849, 12849, 1, 0, 1.00, 1
3169, 12849, 4, 0, 12851, 12857, 8, 4, 2.00, 1
3170, 12851, 3, 0, 12852, 12854, 3, 0, 1.00, 1
3171, 12860, 2, 0, 12861, 12862, 2, 0, 1.00, 1
3172, 12863, 24, 0, 47789, 47812, 34949, 34925, 1456.21, 1
3173, 12865, 1, 0, 12866, 12866, 1, 0, 1.00, 1
3174, 12866, 24, 0, 47813, 47836, 34970, 34946, 1457.08, 1
3175, 12875, 1, 0, 12876, 12876, 1, 0, 1.00, 1
3176, 12876, 4, 0, 12880, 12883, 7, 3, 1.75, 1
3177, 12880, 7, 0, 12884, 12890, 10, 3, 1.43, 1
3178, 12888, 8, 0, 12891, 12916, 28, 20, 3.50, 1
3179, 12891, 3, 0, 12892, 12896, 5, 2, 1.67, 1
3180, 12892, 2, 0, 12893, 12894, 2, 0, 1.00, 1
3181, 12897, 5, 0, 12898, 12902, 5, 0, 1.00, 1
3182, 12903, 1, 0, 12904, 12904, 1, 0, 1.00, 1
3183, 12905, 2, 0, 12906, 12907, 2, 0, 1.00, 1
3184, 12908, 5, 0, 12909, 12913, 5, 0, 1.00, 1
3185, 12917, 6, 0, 12918, 12924, 7, 1, 1.17, 1
3186, 12918, 1, 0, 12919, 12919, 1, 0, 1.00, 1
3187, 12923, 11, 0, 13053, 13092, 169, 158, 15.36, 1
3188, 12925, 1, 0, 12926, 12926, 1, 0, 1.00, 1
3189, 12926, 5, 0, 12927, 12931, 5, 0, 1.00, 1
3190, 12930, 13, 0, 18216, 18235, 5305, 5292, 408.08, 1
3191, 12932, 12, 0, 13137, 13157, 225, 213, 18.75, 1
3192, 12937, 8, 0, 12938, 12945, 8, 0, 1.00, 1
3193, 12940, 9, 0, 13032, 13040, 100, 91, 11.11, 1
3194, 12947, 1, 0, 12948, 12948, 1, 0, 1.00, 1
3195, 12949, 4, 0, 12950, 12953, 4, 0, 1.00, 1
3196, 12952, 4, 0, 12955, 12959, 7, 3, 1.75, 1
3197, 12953, 13, 0, 18385, 18481, 5528, 5515, 425.23, 1
3198, 12957, 1, 0, 12958, 12958, 1, 0, 1.00, 1
3199, 12958, 8, 0, 12960, 12970, 12, 4, 1.50, 1
3200, 12962, 2, 0, 12963, 12964, 2, 0, 1.00, 1
3201, 12963, 5, 0, 12971, 12975, 12, 7, 2.40, 1
3202, 12964, 1, 0, 12965, 12965, 1, 0, 1.00, 1
3203, 12966, 8, 0, 12976, 12987, 21, 13, 2.62, 1
3204, 12970, 13, 0, 18610, 18630, 5660, 5647, 435.38, 1
3205, 12974, 13, 0, 18631, 18657, 5683, 5670, 437.15, 1
3206, 12979, 14, 0, 40448, 40461, 27482, 27468, 1963.00, 1
3207, 12981, 4, 0, 12982, 12985, 4, 0, 1.00, 1
3208, 12983, 7, 0, 12988, 13005, 22, 15, 3.14, 1
3209, 12987, 8, 0, 13020, 13031, 44, 36, 5.50, 1
3210, 12989, 2, 0, 12990, 12991, 2, 0, 1.00, 1
3211, 12991, 3, 0, 12992, 12994, 3, 0, 1.00, 1
3212, 12992, 10, 0, 13041, 13052, 60, 50, 6.00, 1
3213, 12994, 2, 0, 12995, 12997, 3, 1, 1.50, 1
3214, 12995, 1, 0, 12996, 12996, 1, 0, 1.00, 1
3215, 12997, 7, 0, 13006, 13018, 21, 14, 3.00, 1
3216, 12998, 3, 0, 12999, 13001, 3, 0, 1.00, 1
3217, 13008, 4, 0, 13009, 13014, 6, 2, 1.50, 1
3218, 13010, 2, 0, 13011, 13012, 2, 0, 1.00, 1
3219, 13018, 1, 0, 13019, 13019, 1, 0, 1.00, 1
3220, 13022, 4, 0, 13023, 13026, 4, 0, 1.00, 1
3221, 13024, 19, 0, 45777, 45795, 32771, 32752, 1724.79, 1
3222, 13042, 2, 0, 13043, 13044, 2, 0, 1.00, 1
3223, 13045, 13, 0, 18658, 18680, 5635, 5622, 433.46, 1
3224, 13055, 6, 0, 13056, 13062, 7, 1, 1.17, 1
3225, 13057, 8, 0, 13093, 13100, 43, 35, 5.38, 1
3226, 13059, 1, 0, 13060, 13060, 1, 0, 1.00, 1
3227, 13060, 3, 0, 13063, 13065, 5, 2, 1.67, 1
3228, 13067, 5, 0, 13068, 13072, 5, 0, 1.00, 1
3229, 13074, 5, 0, 13075, 13079, 5, 0, 1.00, 1
3230, 13079, 3, 0, 13080, 13082, 3, 0, 1.00, 1
3231, 13082, 2, 0, 13083, 13084, 2, 0, 1.00, 1
3232, 13085, 2, 0, 13086, 13087, 2, 0, 1.00, 1
3233, 13087, 2, 0, 13088, 13089, 2, 0, 1.00, 1
3234, 13104, 4, 0, 13105, 13108, 4, 0, 1.00, 1
3235, 13114, 4, 0, 13115, 13118, 4, 0, 1.00, 1
3236, 13118, 1, 0, 13119, 13119, 1, 0, 1.00, 1
3237, 13121, 5, 0, 13122, 13128, 7, 2, 1.40, 1
3238, 13122, 7, 0, 13130, 13136, 14, 7, 2.00, 1
3239, 13125, 2, 0, 13126, 13127, 2, 0, 1.00, 1
3240, 13128, 1, 0, 13129, 13129, 1, 0, 1.00, 1
3241, 13140, 4, 0, 13141, 13147, 7, 3, 1.75, 1
3242, 13141, 3, 0, 13142, 13144, 3, 0, 1.00, 1
3243, 13153, 2, 0, 13154, 13155, 2, 0, 1.00, 1
3244, 13158, 3, 0, 13159, 13161, 3, 0, 1.00, 1
3245, 13162, 3, 0, 13163, 13165, 3, 0, 1.00, 1
3246, 13163, 8, 0, 13166, 13173, 10, 2, 1.25, 1
3247, 13167, 9, 0, 13174, 13183, 16, 7, 1.78, 1
3248, 13174, 1, 0, 13175, 13175, 1, 0, 1.00, 1
3249, 13185, 2, 0, 13186, 13187, 2, 0, 1.00, 1
3250, 13187, 4, 0, 13188, 13191, 4, 0, 1.00, 1
3251, 13188, 4, 0, 13192, 13195, 7, 3, 1.75, 1
3252, 13195, 1, 0, 13196, 13196, 1, 0, 1.00, 1
3253, 13201, 1, 0, 13202, 13202, 1, 0, 1.00, 1
3254, 13207, 1, 0, 13208, 13208, 1, 0, 1.00, 1
3255, 13208, 7, 0, 13209, 13220, 12, 5, 1.71, 1
3256, 13209, 5, 0, 13210, 13214, 5, 0, 1.00, 1
3257, 13212, 10, 0, 13221, 13240, 28, 18, 2.80, 1
3258, 13226, 8, 0, 13227, 13234, 8, 0, 1.00, 1
3259, 13234, 8, 0, 13241, 13255, 21, 13, 2.62, 1
3260, 13237, 2, 0, 13238, 13239, 2, 0, 1.00, 1
3261, 13241, 1, 0, 13242, 13242, 1, 0, 1.00, 1
3262, 13244, 3, 0, 13245, 13249, 5, 2, 1.67, 1
3263, 13245, 2, 0, 13246, 13247, 2, 0, 1.00, 1
3264, 13251, 1, 0, 13252, 13252, 1, 0, 1.00, 1
3265, 13261, 3, 0, 13262, 13264, 3, 0, 1.00, 1
3266, 13264, 2, 0, 13265, 13266, 2, 0, 1.00, 1
3267, 13265, 2, 0, 13267, 13268, 3, 1, 1.50, 1
3268, 13266, 12, 0, 13279, 13309, 43, 31, 3.58, 1
3269, 13268, 3, 0, 13269, 13272, 4, 1, 1.33, 1
3270, 13269, 1, 0, 13270, 13270, 1, 0, 1.00, 1
3271, 13282, 5, 0, 13283, 13298, 16, 11, 3.20, 1
3272, 13283, 4, 0, 13284, 13290, 7, 3, 1.75, 1
3273, 13285, 3, 0, 13286, 13288, 3, 0, 1.00, 1
3274, 13291, 4, 0, 13292, 13295, 4, 0, 1.00, 1
3275, 13304, 3, 0, 13305, 13307, 3, 0, 1.00, 1
3276, 13306, 23, 0, 47603, 47625, 34319, 34296, 1492.13, 1
3277, 13314, 9, 0, 13315, 13343, 29, 20, 3.22, 1
3278, 13318, 7, 0, 13319, 13338, 20, 13, 2.86, 1
3279, 13322, 4, 0, 13323, 13329, 7, 3, 1.75, 1
3280, 13325, 3, 0, 13326, 13328, 3, 0, 1.00, 1
3281, 13330, 6, 0, 13331, 13336, 6, 0, 1.00, 1
3282, 13342, 12, 0, 14457, 14480, 1138, 1126, 94.83, 1
3283, 13343, 7, 0, 13344, 13439, 96, 89, 13.71, 1
3284, 13344, 4, 0, 13345, 13349, 5, 1, 1.25, 1
3285, 13346, 1, 0, 13347, 13347, 1, 0, 1.00, 1
3286, 13347, 5, 0, 13350, 13354, 7, 2, 1.40, 1
3287, 13348, 5, 0, 13355, 13369, 21, 16, 4.20, 1
3288, 13352, 5, 0, 13371, 13379, 27, 22, 5.40, 1
3289, 13356, 6, 0, 13440, 13445, 89, 83, 14.83, 1
3290, 13357, 4, 0, 13358, 13363, 6, 2, 1.50, 1
3291, 13360, 2, 0, 13361, 13362, 2, 0, 1.00, 1
3292, 13363, 5, 0, 13382, 13386, 23, 18, 4.60, 1
3293, 13364, 3, 0, 13365, 13370, 6, 3, 2.00, 1
3294, 13366, 2, 0, 13367, 13368, 2, 0, 1.00, 1
3295, 13369, 14, 0, 40462, 40475, 27106, 27092, 1936.14, 1
3296, 13373, 4, 0, 13374, 13377, 4, 0, 1.00, 1
3297, 13374, 7, 0, 13488, 13509, 135, 128, 19.29, 1
3298, 13379, 2, 0, 13380, 13381, 2, 0, 1.00, 1
3299, 13381, 5, 0, 13387, 13397, 16, 11, 3.20, 1
3300, 13387, 6, 0, 13446, 13461, 74, 68, 12.33, 1
3301, 13388, 4, 0, 13389, 13401, 13, 9, 3.25, 1
3302, 13389, 2, 0, 13390, 13391, 2, 0, 1.00, 1
3303, 13393, 3, 0, 13394, 13398, 5, 2, 1.67, 1
3304, 13395, 1, 0, 13396, 13396, 1, 0, 1.00, 1
3305, 13396, 6, 0, 13470, 13478, 82, 76, 13.67, 1
3306, 13397, 10, 0, 14077, 14097, 700, 690, 70.00, 1
3307, 13399, 5, 0, 13402, 13416, 17, 12, 3.40, 1
3308, 13402, 2, 0, 13403, 13404, 2, 0, 1.00, 1
3309, 13403, 7, 0, 13533, 13541, 138, 131, 19.71, 1
3310, 13405, 3, 0, 13406, 13408, 3, 0, 1.00, 1
3311, 13410, 4, 0, 13411, 13414, 4, 0, 1.00, 1
3312, 13411, 9, 0, 13899, 13920, 509, 500, 56.56, 1
3313, 13412, 4, 0, 13417, 13420, 8, 4, 2.00, 1
3314, 13414, 1, 0, 13415, 13415, 1, 0, 1.00, 1
3315, 13415, 13, 0, 18681, 18723, 5308, 5295, 408.31, 1
3316, 13416, 8, 0, 13691, 13700, 284, 276, 35.50, 1
3317, 13418, 18, 0, 44900, 44917, 31499, 31481, 1749.94, 1
3318, 13419, 5, 0, 13421, 13428, 9, 4, 1.80, 1
3319, 13423, 3, 0, 13424, 13426, 3, 0, 1.00, 1
3320, 13427, 5, 0, 13429, 13433, 6, 1, 1.20, 1
3321, 13437, 13, 0, 18893, 18930, 5493, 5480, 422.54, 1
3322, 13438, 7, 0, 13542, 13551, 113, 106, 16.14, 1
3323, 13439, 8, 0, 13701, 13709, 270, 262, 33.75, 1
3324, 13448, 5, 0, 13449, 13465, 17, 12, 3.40, 1
3325, 13449, 3, 0, 13450, 13452, 3, 0, 1.00, 1
3326, 13451, 6, 0, 13479, 13487, 36, 30, 6.00, 1
3327, 13452, 4, 0, 13466, 13469, 17, 13, 4.25, 1
3328, 13453, 2, 0, 13454, 13455, 2, 0, 1.00, 1
3329, 13456, 4, 0, 13457, 13460, 4, 0, 1.00, 1
3330, 13471, 1, 0, 13472, 13472, 1, 0, 1.00, 1
3331, 13472, 7, 0, 13565, 13574, 102, 95, 14.57, 1
3332, 13473, 2, 0, 13474, 13475, 2, 0, 1.00, 1
3333, 13474, 9, 0, 13924, 13946, 472, 463, 52.44, 1
3334, 13480, 1, 0, 13481, 13481, 1, 0, 1.00, 1
3335, 13483, 2, 0, 13484, 13485, 2, 0, 1.00, 1
3336, 13490, 21, 0, 46739, 46759, 33269, 33248, 1584.24, 1
3337, 13491, 6, 0, 13492, 13514, 23, 17, 3.83, 1
3338, 13494, 4, 0, 13495, 13498, 4, 0, 1.00, 1
3339, 13498, 15, 0, 41908, 41922, 28424, 28409, 1894.93, 1
3340, 13500, 6, 0, 13501, 13517, 17, 11, 2.83, 1
3341, 13501, 16, 0, 43102, 43117, 29616, 29600, 1851.00, 1
3342, 13502, 6, 0, 13518, 13523, 21, 15, 3.50, 1
3343, 13503, 3, 0, 13504, 13506, 3, 0, 1.00, 1
3344, 13506, 2, 0, 13507, 13508, 2, 0, 1.00, 1
3345, 13507, 6, 0, 13524, 13532, 25, 19, 4.17, 1
3346, 13508, 7, 0, 13575, 13591, 83, 76, 11.86, 1
3347, 13509, 2, 0, 13510, 13511, 2, 0, 1.00, 1
3348, 13513, 7, 0, 13596, 13602, 89, 82, 12.71, 1
3349, 13520, 8, 0, 13713, 13721, 201, 193, 25.12, 1
3350, 13523, 24, 0, 47837, 47860, 34337, 34313, 1430.71, 1
3351, 13524, 3, 0, 13525, 13527, 3, 0, 1.00, 1
3352, 13526, 7, 0, 13603, 13616, 90, 83, 12.86, 1
3353, 13527, 18, 0, 44918, 44935, 31408, 31390, 1744.89, 1
3354, 13535, 2, 0, 13536, 13537, 2, 0, 1.00, 1
3355, 13543, 3, 0, 13544, 13546, 3, 0, 1.00, 1
3356, 13544, 5, 0, 13552, 13564, 20, 15, 4.00, 1
3357, 13553, 2, 0, 13554, 13555, 2, 0, 1.00, 1
3358, 13554, 2, 0, 13556, 13557, 3, 1, 1.50, 1
3359, 13559, 4, 0, 13560, 13563, 4, 0, 1.00, 1
3360, 13566, 3, 0, 13567, 13569, 3, 0, 1.00, 1
3361, 13573, 10, 0, 14139, 14156, 583, 573, 58.30, 1
3362, 13575, 13, 0, 18996, 19178, 5603, 5590, 431.00, 1
3363, 13577, 2, 0, 13578, 13579, 2, 0, 1.00, 1
3364, 13578, 8, 0, 13722, 13736, 158, 150, 19.75, 1
3365, 13580, 1, 0, 13581, 13581, 1, 0, 1.00, 1
3366, 13582, 4, 0, 13583, 13586, 4, 0, 1.00, 1
3367, 13585, 4, 0, 13592, 13595, 10, 6, 2.50, 1
3368, 13586, 1, 0, 13587, 13587, 1, 0, 1.00, 1
3369, 13588, 2, 0, 13589, 13590, 2, 0, 1.00, 1
3370, 13604, 3, 0, 13605, 13607, 3, 0, 1.00, 1
3371, 13606, 8, 0, 13882, 13898, 292, 284, 36.50, 1
3372, 13608, 6, 0, 13609, 13620, 12, 6, 2.00, 1
3373, 13610, 2, 0, 13611, 13612, 2, 0, 1.00, 1
3374, 13622, 3, 0, 13623, 13625, 3, 0, 1.00, 1
3375, 13624, 7, 0, 13639, 13655, 31, 24, 4.43, 1
3376, 13625, 1, 0, 13626, 13626, 1, 0, 1.00, 1
3377, 13631, 3, 0, 13632, 13634, 3, 0, 1.00, 1
3378, 13633, 3, 0, 13636, 13638, 5, 2, 1.67, 1
3379, 13639, 7, 0, 13662, 13683, 44, 37, 6.29, 1
3380, 13642, 10, 0, 14157, 14166, 524, 514, 52.40, 1
3381, 13643, 4, 0, 13644, 13661, 18, 14, 4.50, 1
3382, 13644, 2, 0, 13645, 13646, 2, 0, 1.00, 1
3383, 13647, 6, 0, 13648, 13656, 9, 3, 1.50, 1
3384, 13652, 2, 0, 13653, 13654, 2, 0, 1.00, 1
3385, 13653, 2, 0, 13657, 13658, 5, 3, 2.50, 1
3386, 13662, 4, 0, 13663, 13666, 4, 0, 1.00, 1
3387, 13665, 4, 0, 13667, 13670, 5, 1, 1.25, 1
3388, 13666, 10, 0, 14167, 14188, 522, 512, 52.20, 1
3389, 13672, 4, 0, 13673, 13676, 4, 0, 1.00, 1
3390, 13674, 4, 0, 13684, 13690, 16, 12, 4.00, 1
3391, 13675, 10, 0, 14189, 14207, 532, 522, 53.20, 1
3392, 13676, 2, 0, 13677, 13678, 2, 0, 1.00, 1
3393, 13678, 1, 0, 13679, 13679, 1, 0, 1.00, 1
3394, 13685, 3, 0, 13686, 13688, 3, 0, 1.00, 1
3395, 13693, 2, 0, 13694, 13695, 2, 0, 1.00, 1
3396, 13707, 1, 0, 13708, 13708, 1, 0, 1.00, 1
3397, 13708, 3, 0, 13710, 13712, 4, 1, 1.33, 1
3398, 13710, 9, 0, 13947, 13960, 250, 241, 27.78, 1
3399, 13716, 1, 0, 13717, 13717, 1, 0, 1.00, 1
3400, 13721, 11, 0, 14265, 14302, 581, 570, 52.82, 1
3401, 13725, 6, 0, 13726, 13749, 24, 18, 4.00, 1
3402, 13726, 2, 0, 13727, 13728, 2, 0, 1.00, 1
3403, 13730, 5, 0, 13731, 13742, 12, 7, 2.40, 1
3404, 13731, 4, 0, 13732, 13738, 7, 3, 1.75, 1
3405, 13733, 1, 0, 13734, 13734, 1, 0, 1.00, 1
3406, 13738, 5, 0, 13750, 13754, 16, 11, 3.20, 1
3407, 13739, 12, 0, 14489, 14587, 848, 836, 70.67, 1
3408, 13740, 7, 0, 13759, 13774, 34, 27, 4.86, 1
3409, 13743, 2, 0, 13744, 13745, 2, 0, 1.00, 1
3410, 13749, 7, 0, 13836, 13843, 94, 87, 13.43, 1
3411, 13754, 4, 0, 13755, 13758, 4, 0, 1.00, 1
3412, 13762, 6, 0, 13763, 13788, 26, 20, 4.33, 1
3413, 13763, 5, 0, 13764, 13778, 15, 10, 3.00, 1
3414, 13764, 4, 0, 13765, 13770, 6, 2, 1.50, 1
3415, 13767, 2, 0, 13768, 13771, 4, 2, 2.00, 1
3416, 13768, 1, 0, 13769, 13769, 1, 0, 1.00, 1
3417, 13773, 7, 0, 13844, 13864, 91, 84, 13.00, 1
3418, 13776, 6, 0, 13789, 13806, 30, 24, 5.00, 1
3419, 13781, 2, 0, 13782, 13783, 2, 0, 1.00, 1
3420, 13784, 3, 0, 13785, 13787, 3, 0, 1.00, 1
3421, 13788, 6, 0, 13810, 13821, 33, 27, 5.50, 1
3422, 13790, 3, 0, 13791, 13795, 5, 2, 1.67, 1
3423, 13792, 2, 0, 13793, 13794, 2, 0, 1.00, 1
3424, 13796, 4, 0, 13797, 13800, 4, 0, 1.00, 1
3425, 13802, 4, 0, 13803, 13809, 7, 3, 1.75, 1
3426, 13803, 2, 0, 13804, 13805, 2, 0, 1.00, 1
3427, 13810, 5, 0, 13811, 13816, 6, 1, 1.20, 1
3428, 13811, 1, 0, 13812, 13812, 1, 0, 1.00, 1
3429, 13812, 5, 0, 13823, 13832, 20, 15, 4.00, 1
3430, 13817, 7, 0, 13865, 13871, 54, 47, 7.71, 1
3431, 13819, 10, 0, 14220, 14239, 420, 410, 42.00, 1
3432, 13820, 15, 0, 41923, 41937, 28117, 28102, 1874.47, 1
3433, 13821, 1, 0, 13822, 13822, 1, 0, 1.00, 1
3434, 13824, 4, 0, 13825, 13828, 4, 0, 1.00, 1
3435, 13828, 1, 0, 13829, 13829, 1, 0, 1.00, 1
3436, 13829, 3, 0, 13833, 13835, 6, 3, 2.00, 1
3437, 13839, 1, 0, 13840, 13840, 1, 0, 1.00, 1
3438, 13845, 6, 0, 13846, 13851, 6, 0, 1.00, 1
3439, 13846, 7, 0, 13872, 13881, 35, 28, 5.00, 1
3440, 13851, 4, 0, 13852, 13855, 4, 0, 1.00, 1
3441, 13854, 4, 0, 13856, 13859, 5, 1, 1.25, 1
3442, 13859, 9, 0, 13972, 13984, 125, 116, 13.89, 1
3443, 13874, 3, 0, 13875, 13877, 3, 0, 1.00, 1
3444, 13881, 9, 0, 13993, 14020, 139, 130, 15.44, 1
3445, 13883, 7, 0, 13884, 13892, 9, 2, 1.29, 1
3446, 13885, 2, 0, 13886, 13887, 2, 0, 1.00, 1
3447, 13903, 4, 0, 13904, 13910, 7, 3, 1.75, 1
3448, 13904, 3, 0, 13905, 13907, 3, 0, 1.00, 1
3449, 13912, 10, 0, 14241, 14257, 345, 335, 34.50, 1
3450, 13913, 6, 0, 13914, 13922, 9, 3, 1.50, 1
3451, 13917, 2, 0, 13918, 13919, 2, 0, 1.00, 1
3452, 13919, 13, 0, 20639, 20653, 6734, 6721, 518.00, 1
3453, 13922, 1, 0, 13923, 13923, 1, 0, 1.00, 1
3454, 13924, 3, 0, 13925, 13927, 3, 0, 1.00, 1
3455, 13930, 3, 0, 13931, 13933, 3, 0, 1.00, 1
3456, 13932, 13, 0, 20664, 20693, 6761, 6748, 520.08, 1
3457, 13933, 2, 0, 13934, 13935, 2, 0, 1.00, 1
3458, 13936, 4, 0, 13937, 13942, 6, 2, 1.50, 1
3459, 13938, 2, 0, 13939, 13940, 2, 0, 1.00, 1
3460, 13949, 3, 0, 13950, 13952, 3, 0, 1.00, 1
3461, 13952, 2, 0, 13953, 13954, 2, 0, 1.00, 1
3462, 13953, 7, 0, 13961, 13971, 18, 11, 2.57, 1
3463, 13961, 1, 0, 13962, 13962, 1, 0, 1.00, 1
3464, 13965, 2, 0, 13966, 13967, 2, 0, 1.00, 1
3465, 13968, 1, 0, 13969, 13969, 1, 0, 1.00, 1
3466, 13972, 1, 0, 13973, 13973, 1, 0, 1.00, 1
3467, 13974, 1, 0, 13975, 13975, 1, 0, 1.00, 1
3468, 13975, 1, 0, 13976, 13976, 1, 0, 1.00, 1
3469, 13979, 1, 0, 13980, 13980, 1, 0, 1.00, 1
3470, 13984, 8, 0, 13985, 13992, 8, 0, 1.00, 1
3471, 13994, 6, 0, 13995, 14003, 9, 3, 1.50, 1
3472, 13995, 3, 0, 13996, 13998, 3, 0, 1.00, 1
3473, 14006, 8, 0, 14007, 14016, 10, 2, 1.25, 1
3474, 14011, 2, 0, 14012, 14013, 2, 0, 1.00, 1
3475, 14016, 12, 0, 14606, 14617, 601, 589, 50.08, 1
3476, 14020, 6, 0, 14021, 14029, 9, 3, 1.50, 1
3477, 14024, 3, 0, 14025, 14027, 3, 0, 1.00, 1
3478, 14025, 25, 0, 48200, 48224, 34199, 34174, 1367.96, 1
3479, 14026, 3, 0, 14030, 14032, 6, 3, 2.00, 1
3480, 14029, 6, 0, 14041, 14048, 19, 13, 3.17, 1
3481, 14031, 3, 0, 14033, 14035, 4, 1, 1.33, 1
3482, 14034, 4, 0, 14036, 14040, 6, 2, 1.50, 1
3483, 14038, 1, 0, 14039, 14039, 1, 0, 1.00, 1
3484, 14041, 11, 0, 14410, 14425, 384, 373, 34.91, 1
3485, 14042, 2, 0, 14043, 14044, 2, 0, 1.00, 1
3486, 14043, 8, 0, 14056, 14069, 26, 18, 3.25, 1
3487, 14048, 3, 0, 14049, 14051, 3, 0, 1.00, 1
3488, 14049, 4, 0, 14052, 14055, 6, 2, 1.50, 1
3489, 14059, 5, 0, 14060, 14065, 6, 1, 1.20, 1
3490, 14061, 1, 0, 14062, 14062, 1, 0, 1.00, 1
3491, 14063, 7, 0, 14070, 14076, 13, 6, 1.86, 1
3492, 14080, 1, 0, 14081, 14081, 1, 0, 1.00, 1
3493, 14084, 5, 0, 14085, 14089, 5, 0, 1.00, 1
3494, 14089, 7, 0, 14107, 14123, 34, 27, 4.86, 1
3495, 14090, 8, 0, 14091, 14106, 16, 8, 2.00, 1
3496, 14092, 2, 0, 14093, 14094, 2, 0, 1.00, 1
3497, 14095, 1, 0, 14096, 14096, 1, 0, 1.00, 1
3498, 14097, 3, 0, 14098, 14100, 3, 0, 1.00, 1
3499, 14107, 6, 0, 14108, 14114, 7, 1, 1.17, 1
3500, 14108, 1, 0, 14109, 14109, 1, 0, 1.00, 1
3501, 14114, 9, 0, 14130, 14138, 24, 15, 2.67, 1
3502, 14118, 3, 0, 14119, 14121, 3, 0, 1.00, 1
3503, 14120, 4, 0, 14124, 14129, 9, 5, 2.25, 1
3504, 14126, 2, 0, 14127, 14128, 2, 0, 1.00, 1
3505, 14146, 6, 0, 14147, 14152, 6, 0, 1.00, 1
3506, 14153, 2, 0, 14154, 14155, 2, 0, 1.00, 1
3507, 14159, 11, 0, 14438, 14455, 296, 285, 26.91, 1
3508, 14167, 1, 0, 14168, 14168, 1, 0, 1.00, 1
3509, 14173, 4, 0, 14174, 14177, 4, 0, 1.00, 1
3510, 14177, 1, 0, 14178, 14178, 1, 0, 1.00, 1
3511, 14178, 1, 0, 14179, 14179, 1, 0, 1.00, 1
3512, 14179, 16, 0, 43118, 43133, 28954, 28938, 1809.62, 1
3513, 14181, 5, 0, 14182, 14186, 5, 0, 1.00, 1
3514, 14189, 1, 0, 14190, 14190, 1, 0, 1.00, 1
3515, 14191, 2, 0, 14192, 14193, 2, 0, 1.00, 1
3516, 14194, 1, 0, 14195, 14195, 1, 0, 1.00, 1
3517, 14195, 27, 0, 48532, 48558, 34363, 34336, 1272.70, 1
3518, 14199, 6, 0, 14200, 14219, 20, 14, 3.33, 1
3519, 14200, 3, 0, 14201, 14204, 4, 1, 1.33, 1
3520, 14202, 1, 0, 14203, 14203, 1, 0, 1.00, 1
3521, 14206, 17, 0, 43997, 44013, 29807, 29790, 1753.35, 1
3522, 14209, 5, 0, 14210, 14214, 5, 0, 1.00, 1
3523, 14214, 1, 0, 14215, 14215, 1, 0, 1.00, 1
3524, 14216, 1, 0, 14217, 14217, 1, 0, 1.00, 1
3525, 14219, 14, 0, 40476, 40489, 26270, 26256, 1876.43, 1
3526, 14220, 4, 0, 14221, 14224, 4, 0, 1.00, 1
3527, 14222, 4, 0, 14225, 14228, 6, 2, 1.50, 1
3528, 14229, 1, 0, 14230, 14230, 1, 0, 1.00, 1
3529, 14234, 1, 0, 14235, 14235, 1, 0, 1.00, 1
3530, 14239, 1, 0, 14240, 14240, 1, 0, 1.00, 1
3531, 14241, 3, 0, 14242, 14244, 3, 0, 1.00, 1
3532, 14247, 19, 0, 45796, 45814, 31567, 31548, 1661.42, 1
3533, 14249, 6, 0, 14250, 14264, 15, 9, 2.50, 1
3534, 14251, 2, 0, 14252, 14253, 2, 0, 1.00, 1
3535, 14257, 2, 0, 14258, 14260, 3, 1, 1.50, 1
3536, 14258, 1, 0, 14259, 14259, 1, 0, 1.00, 1
3537, 14266, 1, 0, 14267, 14267, 1, 0, 1.00, 1
3538, 14271, 4, 0, 14272, 14275, 4, 0, 1.00, 1
3539, 14274, 5, 0, 14309, 14313, 39, 34, 7.80, 1
3540, 14275, 4, 0, 14276, 14281, 6, 2, 1.50, 1
3541, 14277, 2, 0, 14278, 14279, 2, 0, 1.00, 1
3542, 14281, 2, 0, 14282, 14283, 2, 0, 1.00, 1
3543, 14282, 3, 0, 14284, 14290, 8, 5, 2.67, 1
3544, 14284, 2, 0, 14285, 14287, 3, 1, 1.50, 1
3545, 14285, 1, 0, 14286, 14286, 1, 0, 1.00, 1
3546, 14286, 1, 0, 14288, 14288, 2, 1, 2.00, 1
3547, 14288, 14, 0, 40490, 40503, 26215, 26201, 1872.50, 1
3548, 14291, 3, 0, 14292, 14294, 3, 0, 1.00, 1
3549, 14295, 4, 0, 14296, 14299, 4, 0, 1.00, 1
3550, 14297, 13, 0, 20694, 20727, 6430, 6417, 494.62, 1
3551, 14298, 13, 0, 20728, 20767, 6469, 6456, 497.62, 1
3552, 14299, 7, 0, 14324, 14343, 44, 37, 6.29, 1
3553, 14302, 6, 0, 14303, 14308, 6, 0, 1.00, 1
3554, 14311, 5, 0, 14319, 14323, 12, 7, 2.40, 1
3555, 14313, 3, 0, 14314, 14318, 5, 2, 1.67, 1
3556, 14314, 2, 0, 14315, 14316, 2, 0, 1.00, 1
3557, 14325, 2, 0, 14326, 14327, 2, 0, 1.00, 1
3558, 14326, 2, 0, 14328, 14330, 4, 2, 2.00, 1
3559, 14328, 1, 0, 14329, 14329, 1, 0, 1.00, 1
3560, 14332, 2, 0, 14333, 14334, 2, 0, 1.00, 1
3561, 14335, 4, 0, 14336, 14339, 4, 0, 1.00, 1
3562, 14340, 2, 0, 14341, 14342, 2, 0, 1.00, 1
3563, 14342, 6, 0, 14344, 14355, 13, 7, 2.17, 1
3564, 14345, 3, 0, 14346, 14348, 3, 0, 1.00, 1
3565, 14347, 4, 0, 14356, 14359, 12, 8, 3.00, 1
3566, 14351, 3, 0, 14352, 14354, 3, 0, 1.00, 1
3567, 14353, 4, 0, 14360, 14367, 14, 10, 3.50, 1
3568, 14356, 5, 0, 14373, 14381, 25, 20, 5.00, 1
3569, 14358, 4, 0, 14368, 14372, 14, 10, 3.50, 1
3570, 14360, 2, 0, 14361, 14362, 2, 0, 1.00, 1
3571, 14361, 2, 0, 14363, 14364, 3, 1, 1.50, 1
3572, 14363, 9, 0, 14400, 14409, 46, 37, 5.11, 1
3573, 14368, 1, 0, 14369, 14369, 1, 0, 1.00, 1
3574, 14370, 5, 0, 14382, 14390, 20, 15, 4.00, 1
3575, 14374, 4, 0, 14375, 14378, 4, 0, 1.00, 1
3576, 14378, 8, 0, 14391, 14399, 21, 13, 2.62, 1
3577, 14384, 1, 0, 14385, 14385, 1, 0, 1.00, 1
3578, 14386, 3, 0, 14387, 14389, 3, 0, 1.00, 1
3579, 14395, 1, 0, 14396, 14396, 1, 0, 1.00, 1
3580, 14404, 1, 0, 14405, 14405, 1, 0, 1.00, 1
3581, 14407, 14, 0, 40504, 40517, 26110, 26096, 1865.00, 1
3582, 14414, 2, 0, 14415, 14416, 2, 0, 1.00, 1
3583, 14416, 8, 0, 14428, 14437, 21, 13, 2.62, 1
3584, 14420, 4, 0, 14421, 14427, 7, 3, 1.75, 1
3585, 14422, 1, 0, 14423, 14423, 1, 0, 1.00, 1
3586, 14427, 12, 0, 14630, 14642, 215, 203, 17.92, 1
3587, 14428, 16, 0, 43134, 43149, 28721, 28705, 1795.06, 1
3588, 14430, 2, 0, 14431, 14432, 2, 0, 1.00, 1
3589, 14439, 5, 0, 14440, 14444, 5, 0, 1.00, 1
3590, 14452, 2, 0, 14453, 14454, 2, 0, 1.00, 1
3591, 14455, 1, 0, 14456, 14456, 1, 0, 1.00, 1
3592, 14457, 6, 0, 14458, 14466, 9, 3, 1.50, 1
3593, 14459, 1, 0, 14460, 14460, 1, 0, 1.00, 1
3594, 14463, 2, 0, 14464, 14465, 2, 0, 1.00, 1
3595, 14466, 2, 0, 14467, 14468, 2, 0, 1.00, 1
3596, 14471, 16, 0, 43150, 43165, 28694, 28678, 1793.38, 1
3597, 14478, 1, 0, 14479, 14479, 1, 0, 1.00, 1
3598, 14479, 1, 0, 14481, 14481, 2, 1, 2.00, 1
3599, 14481, 7, 0, 14482, 14488, 7, 0, 1.00, 1
3600, 14489, 7, 0, 14490, 14506, 17, 10, 2.43, 1
3601, 14490, 3, 0, 14491, 14493, 3, 0, 1.00, 1
3602, 14494, 2, 0, 14495, 14496, 2, 0, 1.00, 1
3603, 14498, 3, 0, 14499, 14502, 4, 1, 1.33, 1
3604, 14500, 1, 0, 14501, 14501, 1, 0, 1.00, 1
3605, 14502, 3, 0, 14507, 14509, 7, 4, 2.33, 1
3606, 14503, 1, 0, 14504, 14504, 1, 0, 1.00, 1
3607, 14507, 5, 0, 14510, 14516, 9, 4, 1.80, 1
3608, 14510, 2, 0, 14511, 14512, 2, 0, 1.00, 1
3609, 14519, 7, 0, 14520, 14537, 18, 11, 2.57, 1
3610, 14520, 6, 0, 14521, 14526, 6, 0, 1.00, 1
3611, 14523, 8, 0, 14595, 14605, 82, 74, 10.25, 1
3612, 14526, 2, 0, 14527, 14528, 2, 0, 1.00, 1
3613, 14527, 12, 0, 14694, 14718, 191, 179, 15.92, 1
3614, 14530, 5, 0, 14531, 14544, 14, 9, 2.80, 1
3615, 14531, 2, 0, 14532, 14533, 2, 0, 1.00, 1
3616, 14537, 2, 0, 14538, 14539, 2, 0, 1.00, 1
3617, 14540, 6, 0, 14545, 14557, 17, 11, 2.83, 1
3618, 14541, 1, 0, 14542, 14542, 1, 0, 1.00, 1
3619, 14547, 5, 0, 14548, 14562, 15, 10, 3.00, 1
3620, 14548, 1, 0, 14549, 14549, 1, 0, 1.00, 1
3621, 14550, 4, 0, 14551, 14555, 5, 1, 1.25, 1
3622, 14553, 1, 0, 14554, 14554, 1, 0, 1.00, 1
3623, 14556, 6, 0, 14563, 14572, 16, 10, 2.67, 1
3624, 14559, 1, 0, 14560, 14560, 1, 0, 1.00, 1
3625, 14563, 1, 0, 14564, 14564, 1, 0, 1.00, 1
3626, 14566, 3, 0, 14567, 14569, 3, 0, 1.00, 1
3627, 14568, 16, 0, 43166, 43181, 28613, 28597, 1788.31, 1
3628, 14578, 4, 0, 14579, 14589, 11, 7, 2.75, 1
3629, 14580, 3, 0, 14581, 14583, 3, 0, 1.00, 1
3630, 14584, 2, 0, 14585, 14586, 2, 0, 1.00, 1
3631, 14587, 21, 0, 46760, 46780, 32193, 32172, 1533.00, 1
3632, 14589, 5, 0, 14590, 14594, 5, 0, 1.00, 1
3633, 14590, 16, 0, 43182, 43197, 28607, 28591, 1787.94, 1
3634, 14599, 15, 0, 41938, 41952, 27353, 27338, 1823.53, 1
3635, 14600, 3, 0, 14601, 14603, 3, 0, 1.00, 1
3636, 14608, 33, 0, 49239, 49271, 34663, 34630, 1050.39, 1
3637, 14617, 5, 0, 14618, 14625, 8, 3, 1.60, 1
3638, 14621, 3, 0, 14622, 14624, 3, 0, 1.00, 1
3639, 14622, 4, 0, 14626, 14629, 7, 3, 1.75, 1
3640, 14640, 1, 0, 14641, 14641, 1, 0, 1.00, 1
3641, 14642, 10, 0, 14643, 14659, 17, 7, 1.70, 1
3642, 14644, 4, 0, 14645, 14651, 7, 3, 1.75, 1
3643, 14645, 2, 0, 14646, 14647, 2, 0, 1.00, 1
3644, 14647, 1, 0, 14648, 14648, 1, 0, 1.00, 1
3645, 14649, 9, 0, 14660, 14675, 26, 17, 2.89, 1
3646, 14666, 21, 0, 46781, 46801, 32135, 32114, 1530.24, 1
3647, 14667, 7, 0, 14668, 14679, 12, 5, 1.71, 1
3648, 14669, 7, 0, 14686, 14692, 23, 16, 3.29, 1
3649, 14670, 4, 0, 14671, 14674, 4, 0, 1.00, 1
3650, 14679, 6, 0, 14680, 14685, 6, 0, 1.00, 1
3651, 14692, 1, 0, 14693, 14693, 1, 0, 1.00, 1
3652, 14694, 2, 0, 14695, 14696, 2, 0, 1.00, 1
3653, 14701, 19, 0, 45815, 45833, 31132, 31113, 1638.53, 1
3654, 14702, 3, 0, 14703, 14705, 3, 0, 1.00, 1
3655, 14705, 23, 0, 47626, 47648, 32943, 32920, 1432.30, 1
3656, 14708, 6, 0, 14709, 14716, 8, 2, 1.33, 1
3657, 14713, 2, 0, 14714, 14715, 2, 0, 1.00, 1
3658, 14724, 1, 0, 14725, 14725, 1, 0, 1.00, 1
3659, 14734, 3, 0, 14735, 14738, 4, 1, 1.33, 1
3660, 14735, 12, 0, 14759, 14774, 39, 27, 3.25, 1
3661, 14736, 1, 0, 14737, 14737, 1, 0, 1.00, 1
3662, 14741, 1, 0, 14742, 14742, 1, 0, 1.00, 1
3663, 14742, 6, 0, 14743, 14748, 6, 0, 1.00, 1
3664, 14751, 2, 0, 14752, 14753, 2, 0, 1.00, 1
3665, 14768, 6, 0, 14769, 14780, 12, 6, 2.00, 1
3666, 14771, 1, 0, 14772, 14772, 1, 0, 1.00, 1
3667, 14772, 2, 0, 14775, 14776, 4, 2, 2.00, 1
3668, 14776, 6, 0, 14781, 14790, 14, 8, 2.33, 1
3669, 14778, 1, 0, 14779, 14779, 1, 0, 1.00, 1
3670, 14781, 3, 0, 14782, 14784, 3, 0, 1.00, 1
3671, 14784, 1, 0, 14785, 14785, 1, 0, 1.00, 1
3672, 14789, 11, 0, 14791, 14832, 43, 32, 3.91, 1
3673, 14792, 8, 0, 14793, 14807, 15, 7, 1.88, 1
3674, 14796, 7, 0, 14797, 14803, 7, 0, 1.00, 1
3675, 14800, 11, 0, 14868, 14891, 91, 80, 8.27, 1
3676, 14809, 5, 0, 14810, 14814, 5, 0, 1.00, 1
3677, 14817, 8, 0, 14818, 14825, 8, 0, 1.00, 1
3678, 14821, 10, 0, 14853, 14867, 46, 36, 4.60, 1
3679, 14826, 5, 0, 14827, 14838, 12, 7, 2.40, 1
3680, 14827, 1, 0, 14828, 14828, 1, 0, 1.00, 1
3681, 14829, 1, 0, 14830, 14830, 1, 0, 1.00, 1
3682, 14832, 2, 0, 14833, 14834, 2, 0, 1.00, 1
3683, 14838, 5, 0, 14839, 14847, 9, 4, 1.80, 1
3684, 14839, 4, 0, 14840, 14843, 4, 0, 1.00, 1
3685, 14843, 5, 0, 14848, 14852, 9, 4, 1.80, 1
3686, 14849, 12, 0, 14929, 14957, 108, 96, 9.00, 1
3687, 14853, 5, 0, 14854, 14858, 5, 0, 1.00, 1
3688, 14868, 11, 0, 14908, 14928, 60, 49, 5.45, 1
3689, 14872, 2, 0, 14873, 14874, 2, 0, 1.00, 1
3690, 14874, 4, 0, 14875, 14879, 5, 1, 1.25, 1
3691, 14875, 1, 0, 14876, 14876, 1, 0, 1.00, 1
3692, 14881, 6, 0, 14882, 14887, 6, 0, 1.00, 1
3693, 14891, 6, 0, 14892, 14897, 6, 0, 1.00, 1
3694, 14893, 8, 0, 14898, 14907, 14, 6, 1.75, 1
3695, 14898, 2, 0, 14899, 14900, 2, 0, 1.00, 1
3696, 14910, 4, 0, 14911, 14914, 4, 0, 1.00, 1
3697, 14915, 2, 0, 14916, 14917, 2, 0, 1.00, 1
3698, 14918, 4, 0, 14919, 14922, 4, 0, 1.00, 1
3699, 14930, 7, 0, 14931, 14938, 8, 1, 1.14, 1
3700, 14931, 13, 0, 20885, 20903, 5972, 5959, 459.38, 1
3701, 14936, 1, 0, 14937, 14937, 1, 0, 1.00, 1
3702, 14938, 22, 0, 47294, 47315, 32377, 32355, 1471.68, 1
3703, 14944, 3, 0, 14945, 14948, 4, 1, 1.33, 1
3704, 14946, 1, 0, 14947, 14947, 1, 0, 1.00, 1
3705, 14950, 3, 0, 14951, 14953, 3, 0, 1.00, 1
3706, 14954, 2, 0, 14955, 14956, 2, 0, 1.00, 1
3707, 14956, 4, 0, 14958, 14961, 5, 1, 1.25, 1
3708, 14969, 1, 0, 14970, 14970, 1, 0, 1.00, 1
3709, 14977, 1, 0, 14978, 14978, 1, 0, 1.00, 1
3710, 14979, 3, 0, 14980, 14982, 3, 0, 1.00, 1
3711, 14982, 3, 0, 14983, 14985, 3, 0, 1.00, 1
3712, 14984, 14, 0, 40518, 40531, 25547, 25533, 1824.79, 1
3713, 14987, 1, 0, 14988, 14988, 1, 0, 1.00, 1
3714, 14988, 9, 0, 15037, 15052, 64, 55, 7.11, 1
3715, 14990, 10, 0, 14991, 15028, 38, 28, 3.80, 1
3716, 14992, 2, 0, 14993, 14994, 2, 0, 1.00, 1
3717, 14993, 21, 0, 46802, 46822, 31829, 31808, 1515.67, 1
3718, 14997, 2, 0, 14998, 14999, 2, 0, 1.00, 1
3719, 15001, 6, 0, 15002, 15007, 6, 0, 1.00, 1
3720, 15005, 8, 0, 15029, 15036, 31, 23, 3.88, 1
3721, 15008, 18, 0, 44936, 44953, 29945, 29927, 1663.61, 1
3722, 15009, 2, 0, 15010, 15011, 2, 0, 1.00, 1
3723, 15011, 2, 0, 15012, 15013, 2, 0, 1.00, 1
3724, 15015, 2, 0, 15016, 15017, 2, 0, 1.00, 1
3725, 15017, 4, 0, 15018, 15021, 4, 0, 1.00, 1
3726, 15019, 22, 0, 47316, 47337, 32318, 32296, 1469.00, 1
3727, 15024, 2, 0, 15025, 15026, 2, 0, 1.00, 1
3728, 15027, 13, 0, 20906, 20919, 5892, 5879, 453.23, 1
3729, 15039, 1, 0, 15040, 15040, 1, 0, 1.00, 1
3730, 15041, 11, 0, 15072, 15092, 51, 40, 4.64, 1
3731, 15043, 7, 0, 15044, 15062, 19, 12, 2.71, 1
3732, 15045, 1, 0, 15046, 15046, 1, 0, 1.00, 1
3733, 15048, 3, 0, 15049, 15051, 3, 0, 1.00, 1
3734, 15050, 4, 0, 15053, 15057, 7, 3, 1.75, 1
3735, 15053, 16, 0, 43198, 43213, 28160, 28144, 1760.00, 1
3736, 15054, 1, 0, 15055, 15055, 1, 0, 1.00, 1
3737, 15056, 5, 0, 15063, 15071, 15, 10, 3.00, 1
3738, 15064, 3, 0, 15065, 15067, 3, 0, 1.00, 1
3739, 15069, 1, 0, 15070, 15070, 1, 0, 1.00, 1
3740, 15072, 3, 0, 15073, 15075, 3, 0, 1.00, 1
3741, 15076, 1, 0, 15077, 15077, 1, 0, 1.00, 1
3742, 15083, 1, 0, 15084, 15084, 1, 0, 1.00, 1
3743, 15086, 5, 0, 15087, 15091, 5, 0, 1.00, 1
3744, 15092, 3, 0, 15093, 15095, 3, 0, 1.00, 1
3745, 15094, 6, 0, 15096, 15101, 7, 1, 1.17, 1
3746, 15096, 7, 0, 15104, 15116, 20, 13, 2.86, 1
3747, 15100, 8, 0, 15137, 15175, 75, 67, 9.38, 1
3748, 15101, 1, 0, 15102, 15102, 1, 0, 1.00, 1
3749, 15102, 1, 0, 15103, 15103, 1, 0, 1.00, 1
3750, 15109, 6, 0, 15110, 15115, 6, 0, 1.00, 1
3751, 15113, 7, 0, 15117, 15124, 11, 4, 1.57, 1
3752, 15114, 7, 0, 15125, 15135, 21, 14, 3.00, 1
3753, 15119, 1, 0, 15120, 15120, 1, 0, 1.00, 1
3754, 15129, 4, 0, 15130, 15133, 4, 0, 1.00, 1
3755, 15135, 1, 0, 15136, 15136, 1, 0, 1.00, 1
3756, 15137, 2, 0, 15138, 15139, 2, 0, 1.00, 1
3757, 15140, 5, 0, 15141, 15148, 8, 3, 1.60, 1
3758, 15142, 3, 0, 15143, 15145, 3, 0, 1.00, 1
3759, 15143, 12, 0, 15262, 15284, 141, 129, 11.75, 1
3760, 15148, 5, 0, 15149, 15157, 9, 4, 1.80, 1
3761, 15149, 17, 0, 44014, 44030, 28881, 28864, 1698.88, 1
3762, 15150, 5, 0, 15158, 15162, 12, 7, 2.40, 1
3763, 15151, 4, 0, 15152, 15155, 4, 0, 1.00, 1
3764, 15152, 6, 0, 15176, 15191, 39, 33, 6.50, 1
3765, 15163, 7, 0, 15164, 15170, 7, 0, 1.00, 1
3766, 15175, 8, 0, 15226, 15240, 65, 57, 8.12, 1
3767, 15176, 4, 0, 15177, 15181, 5, 1, 1.25, 1
3768, 15177, 1, 0, 15178, 15178, 1, 0, 1.00, 1
3769, 15184, 5, 0, 15185, 15196, 12, 7, 2.40, 1
3770, 15185, 7, 0, 15207, 15213, 28, 21, 4.00, 1
3771, 15186, 3, 0, 15187, 15189, 3, 0, 1.00, 1
3772, 15188, 5, 0, 15197, 15201, 13, 8, 2.60, 1
3773, 15191, 10, 0, 15252, 15261, 70, 60, 7.00, 1
3774, 15193, 2, 0, 15194, 15195, 2, 0, 1.00, 1
3775, 15201, 5, 0, 15202, 15206, 5, 0, 1.00, 1
3776, 15213, 2, 0, 15214, 15215, 2, 0, 1.00, 1
3777, 15215, 2, 0, 15216, 15217, 2, 0, 1.00, 1
3778, 15216, 4, 0, 15218, 15221, 5, 1, 1.25, 1
3779, 15219, 4, 0, 15222, 15225, 6, 2, 1.50, 1
3780, 15220, 24, 0, 47861, 47884, 32664, 32640, 1361.00, 1
3781, 15225, 14, 0, 40532, 40545, 25320, 25306, 1808.57, 1
3782, 15228, 5, 0, 15229, 15233, 5, 0, 1.00, 1
3783, 15233, 1, 0, 15234, 15234, 1, 0, 1.00, 1
3784, 15238, 1, 0, 15239, 15239, 1, 0, 1.00, 1
3785, 15240, 7, 0, 15241, 15251, 11, 4, 1.57, 1
3786, 15244, 4, 0, 15245, 15248, 4, 0, 1.00, 1
3787, 15265, 7, 0, 15266, 15272, 7, 0, 1.00, 1
3788, 15272, 1, 0, 15273, 15273, 1, 0, 1.00, 1
3789, 15273, 1, 0, 15274, 15274, 1, 0, 1.00, 1
3790, 15277, 1, 0, 15278, 15278, 1, 0, 1.00, 1
3791, 15278, 5, 0, 15285, 15289, 11, 6, 2.20, 1
3792, 15281, 1, 0, 15282, 15282, 1, 0, 1.00, 1
3793, 15289, 1, 0, 15290, 15290, 1, 0, 1.00, 1
3794, 15291, 1, 0, 15292, 15292, 1, 0, 1.00, 1
3795, 15304, 5, 0, 15305, 15312, 8, 3, 1.60, 1
3796, 15308, 3, 0, 15309, 15311, 3, 0, 1.00, 1
3797, 15312, 1, 0, 15313, 15313, 1, 0, 1.00, 1
3798, 15314, 5, 0, 15315, 15321, 7, 2, 1.40, 1
3799, 15317, 2, 0, 15318, 15319, 2, 0, 1.00, 1
3800, 15321, 2, 0, 15322, 15324, 3, 1, 1.50, 1
3801, 15322, 1, 0, 15323, 15323, 1, 0, 1.00, 1
3802, 15326, 2, 0, 15327, 15328, 2, 0, 1.00, 1
3803, 15328, 2, 0, 15329, 15330, 2, 0, 1.00, 1
3804, 15329, 3, 0, 15331, 15334, 5, 2, 1.67, 1
3805, 15331, 1, 0, 15332, 15332, 1, 0, 1.00, 1
3806, 15345, 3, 0, 15346, 15348, 3, 0, 1.00, 1
3807, 15346, 5, 0, 15349, 15353, 7, 2, 1.40, 1
3808, 15349, 5, 0, 15354, 15358, 9, 4, 1.80, 1
3809, 15356, 13, 0, 20920, 20935, 5579, 5566, 429.15, 1
3810, 15358, 13, 0, 20957, 20978, 5620, 5607, 432.31, 1
3811, 15360, 1, 0, 15361, 15361, 1, 0, 1.00, 1
3812, 15366, 1, 0, 15367, 15367, 1, 0, 1.00, 1
3813, 15372, 11, 0, 15373, 15398, 26, 15, 2.36, 1
3814, 15374, 3, 0, 15375, 15377, 3, 0, 1.00, 1
3815, 15377, 4, 0, 15378, 15381, 4, 0, 1.00, 1
3816, 15383, 2, 0, 15384, 15385, 2, 0, 1.00, 1
3817, 15385, 1, 0, 15386, 15386, 1, 0, 1.00, 1
3818, 15389, 4, 0, 15390, 15393, 4, 0, 1.00, 1
3819, 15391, 9, 0, 15408, 15429, 38, 29, 4.22, 1
3820, 15393, 4, 0, 15399, 15407, 14, 10, 3.50, 1
3821, 15396, 1, 0, 15397, 15397, 1, 0, 1.00, 1
3822, 15400, 3, 0, 15401, 15403, 3, 0, 1.00, 1
3823, 15404, 2, 0, 15405, 15406, 2, 0, 1.00, 1
3824, 15405, 14, 0, 40546, 40559, 25154, 25140, 1796.71, 1
3825, 15408, 2, 0, 15409, 15410, 2, 0, 1.00, 1
3826, 15411, 5, 0, 15412, 15422, 11, 6, 2.20, 1
3827, 15414, 3, 0, 15415, 15417, 3, 0, 1.00, 1
3828, 15418, 3, 0, 15419, 15421, 3, 0, 1.00, 1
3829, 15429, 1, 0, 15430, 15430, 1, 0, 1.00, 1
3830, 15432, 4, 0, 15433, 15436, 4, 0, 1.00, 1
3831, 15437, 1, 0, 15438, 15438, 1, 0, 1.00, 1
3832, 15439, 5, 0, 15440, 15445, 6, 1, 1.20, 1
3833, 15441, 1, 0, 15442, 15442, 1, 0, 1.00, 1
3834, 15442, 5, 0, 15450, 15454, 12, 7, 2.40, 1
3835, 15445, 4, 0, 15446, 15449, 4, 0, 1.00, 1
3836, 15449, 11, 0, 15522, 15535, 86, 75, 7.82, 1
3837, 15457, 2, 0, 15458, 15459, 2, 0, 1.00, 1
3838, 15461, 6, 0, 15462, 15467, 6, 0, 1.00, 1
3839, 15467, 3, 0, 15468, 15470, 3, 0, 1.00, 1
3840, 15472, 4, 0, 15473, 15487, 15, 11, 3.75, 1
3841, 15474, 2, 0, 15475, 15476, 2, 0, 1.00, 1
3842, 15476, 3, 0, 15488, 15490, 14, 11, 4.67, 1
3843, 15477, 1, 0, 15478, 15478, 1, 0, 1.00, 1
3844, 15478, 4, 0, 15497, 15500, 22, 18, 5.50, 1
3845, 15479, 7, 0, 15480, 15494, 15, 8, 2.14, 1
3846, 15483, 2, 0, 15484, 15485, 2, 0, 1.00, 1
3847, 15488, 4, 0, 15501, 15504, 16, 12, 4.00, 1
3848, 15491, 1, 0, 15492, 15492, 1, 0, 1.00, 1
3849, 15492, 2, 0, 15495, 15496, 4, 2, 2.00, 1
3850, 15495, 5, 0, 15505, 15513, 18, 13, 3.60, 1
3851, 15505, 4, 0, 15506, 15509, 4, 0, 1.00, 1
3852, 15506, 6, 0, 15514, 15521, 15, 9, 2.50, 1
3853, 15514, 15, 0, 41953, 41967, 26453, 26438, 1763.53, 1
3854, 15518, 2, 0, 15519, 15520, 2, 0, 1.00, 1
3855, 15527, 2, 0, 15528, 15529, 2, 0, 1.00, 1
3856, 15532, 1, 0, 15533, 15533, 1, 0, 1.00, 1
3857, 15536, 3, 0, 15537, 15540, 4, 1, 1.33, 1
3858, 15537, 5, 0, 15544, 15548, 11, 6, 2.20, 1
3859, 15538, 1, 0, 15539, 15539, 1, 0, 1.00, 1
3860, 15540, 3, 0, 15541, 15543, 3, 0, 1.00, 1
3861, 15550, 2, 0, 15551, 15552, 2, 0, 1.00, 1
3862, 15552, 3, 0, 15553, 15555, 3, 0, 1.00, 1
3863, 15554, 4, 0, 15556, 15561, 7, 3, 1.75, 1
3864, 15556, 1, 0, 15557, 15557, 1, 0, 1.00, 1
3865, 15559, 1, 0, 15560, 15560, 1, 0, 1.00, 1
3866, 15562, 3, 0, 15563, 15565, 3, 0, 1.00, 1
3867, 15563, 5, 0, 15566, 15573, 10, 5, 2.00, 1
3868, 15567, 3, 0, 15568, 15570, 3, 0, 1.00, 1
3869, 15569, 3, 0, 15574, 15576, 7, 4, 2.33, 1
3870, 15571, 9, 0, 15629, 15638, 67, 58, 7.44, 1
3871, 15578, 5, 0, 15579, 15583, 5, 0, 1.00, 1
3872, 15583, 7, 0, 15592, 15599, 16, 9, 2.29, 1
3873, 15584, 1, 0, 15585, 15585, 1, 0, 1.00, 1
3874, 15592, 7, 0, 15602, 15608, 16, 9, 2.29, 1
3875, 15595, 8, 0, 15609, 15616, 21, 13, 2.62, 1
3876, 15596, 1, 0, 15597, 15597, 1, 0, 1.00, 1
3877, 15597, 2, 0, 15600, 15601, 4, 2, 2.00, 1
3878, 15600, 27, 0, 48559, 48585, 32985, 32958, 1221.67, 1
3879, 15607, 8, 0, 15617, 15628, 21, 13, 2.62, 1
3880, 15617, 2, 0, 15618, 15619, 2, 0, 1.00, 1
3881, 15622, 2, 0, 15623, 15624, 2, 0, 1.00, 1
3882, 15629, 1, 0, 15630, 15630, 1, 0, 1.00, 1
3883, 15638, 4, 0, 15639, 15645, 7, 3, 1.75, 1
3884, 15641, 3, 0, 15642, 15644, 3, 0, 1.00, 1
3885, 15642, 12, 0, 15658, 15689, 47, 35, 3.92, 1
3886, 15643, 6, 0, 15646, 15651, 8, 2, 1.33, 1
3887, 15645, 6, 0, 15652, 15657, 12, 6, 2.00, 1
3888, 15648, 15, 0, 41968, 41982, 26334, 26319, 1755.60, 1
3889, 15664, 6, 0, 15665, 15673, 9, 3, 1.50, 1
3890, 15669, 3, 0, 15670, 15672, 3, 0, 1.00, 1
3891, 15674, 11, 0, 15675, 15697, 23, 12, 2.09, 1
3892, 15678, 5, 0, 15679, 15684, 6, 1, 1.20, 1
3893, 15679, 8, 0, 15698, 15709, 30, 22, 3.75, 1
3894, 15682, 1, 0, 15683, 15683, 1, 0, 1.00, 1
3895, 15684, 1, 0, 15685, 15685, 1, 0, 1.00, 1
3896, 15692, 1, 0, 15693, 15693, 1, 0, 1.00, 1
3897, 15703, 4, 0, 15704, 15707, 4, 0, 1.00, 1
3898, 15704, 11, 0, 15710, 15732, 28, 17, 2.55, 1
3899, 15713, 2, 0, 15714, 15715, 2, 0, 1.00, 1
3900, 15715, 1, 0, 15716, 15716, 1, 0, 1.00, 1
3901, 15717, 2, 0, 15718, 15719, 2, 0, 1.00, 1
3902, 15720, 4, 0, 15721, 15724, 4, 0, 1.00, 1
3903, 15728, 3, 0, 15729, 15731, 3, 0, 1.00, 1
3904, 15729, 5, 0, 15741, 15745, 16, 11, 3.20, 1
3905, 15732, 10, 0, 15733, 15750, 18, 8, 1.80, 1
3906, 15737, 3, 0, 15738, 15740, 3, 0, 1.00, 1
3907, 15750, 3, 0, 15751, 15753, 3, 0, 1.00, 1
3908, 15758, 4, 0, 15759, 15762, 4, 0, 1.00, 1
3909, 15764, 8, 0, 15765, 15794, 30, 22, 3.75, 1
3910, 15765, 3, 0, 15766, 15768, 3, 0, 1.00, 1
3911, 15768, 12, 0, 15830, 15848, 80, 68, 6.67, 1
3912, 15769, 1, 0, 15770, 15770, 1, 0, 1.00, 1
3913, 15770, 6, 0, 15776, 15781, 11, 5, 1.83, 1
3914, 15785, 6, 0, 15786, 15791, 6, 0, 1.00, 1
3915, 15791, 18, 0, 44954, 44971, 29180, 29162, 1621.11, 1
3916, 15794, 9, 0, 15795, 15809, 15, 6, 1.67, 1
3917, 15798, 8, 0, 15799, 15822, 24, 16, 3.00, 1
3918, 15799, 5, 0, 15800, 15804, 5, 0, 1.00, 1
3919, 15810, 1, 0, 15811, 15811, 1, 0, 1.00, 1
3920, 15816, 5, 0, 15817, 15821, 5, 0, 1.00, 1
3921, 15817, 7, 0, 15823, 15829, 12, 5, 1.71, 1
3922, 15834, 2, 0, 15835, 15836, 2, 0, 1.00, 1
3923, 15839, 2, 0, 15840, 15841, 2, 0, 1.00, 1
3924, 15842, 10, 0, 15843, 15895, 53, 43, 5.30, 1
3925, 15843, 2, 0, 15844, 15845, 2, 0, 1.00, 1
3926, 15848, 15, 0, 41983, 41997, 26149, 26134, 1743.27, 1
3927, 15849, 13, 0, 20979, 20998, 5149, 5136, 396.08, 1
3928, 15850, 5, 0, 15851, 15855, 5, 0, 1.00, 1
3929, 15855, 5, 0, 15856, 15860, 5, 0, 1.00, 1
3930, 15858, 6, 0, 15861, 15872, 14, 8, 2.33, 1
3931, 15862, 2, 0, 15863, 15864, 2, 0, 1.00, 1
3932, 15863, 3, 0, 15865, 15867, 4, 1, 1.33, 1
3933, 15869, 8, 0, 15940, 15948, 79, 71, 9.88, 1
3934, 15870, 1, 0, 15871, 15871, 1, 0, 1.00, 1
3935, 15874, 6, 0, 15875, 15885, 11, 5, 1.83, 1
3936, 15879, 4, 0, 15880, 15886, 7, 3, 1.75, 1
3937, 15880, 8, 0, 15949, 15969, 89, 81, 11.12, 1
3938, 15882, 2, 0, 15883, 15884, 2, 0, 1.00, 1
3939, 15886, 6, 0, 15896, 15910, 24, 18, 4.00, 1
3940, 15888, 3, 0, 15889, 15891, 3, 0, 1.00, 1
3941, 15891, 1, 0, 15892, 15892, 1, 0, 1.00, 1
3942, 15892, 6, 0, 15911, 15921, 29, 23, 4.83, 1
3943, 15896, 1, 0, 15897, 15897, 1, 0, 1.00, 1
3944, 15897, 4, 0, 15898, 15904, 7, 3, 1.75, 1
3945, 15898, 2, 0, 15899, 15900, 2, 0, 1.00, 1
3946, 15901, 10, 0, 16284, 16299, 398, 388, 39.80, 1
3947, 15902, 1, 0, 15903, 15903, 1, 0, 1.00, 1
3948, 15903, 6, 0, 15922, 15927, 24, 18, 4.00, 1
3949, 15904, 1, 0, 15905, 15905, 1, 0, 1.00, 1
3950, 15912, 5, 0, 15913, 15917, 5, 0, 1.00, 1
3951, 15922, 6, 0, 15928, 15934, 12, 6, 2.00, 1
3952, 15931, 1, 0, 15932, 15932, 1, 0, 1.00, 1
3953, 15932, 4, 0, 15936, 15939, 7, 3, 1.75, 1
3954, 15934, 1, 0, 15935, 15935, 1, 0, 1.00, 1
3955, 15940, 1, 0, 15941, 15941, 1, 0, 1.00, 1
3956, 15950, 2, 0, 15951, 15952, 2, 0, 1.00, 1
3957, 15953, 3, 0, 15954, 15956, 3, 0, 1.00, 1
3958, 15954, 3, 0, 15957, 15959, 5, 2, 1.67, 1
3959, 15957, 7, 0, 15973, 15982, 25, 18, 3.57, 1
3960, 15961, 2, 0, 15962, 15963, 2, 0, 1.00, 1
3961, 15963, 3, 0, 15970, 15972, 9, 6, 3.00, 1
3962, 15964, 3, 0, 15965, 15967, 3, 0, 1.00, 1
3963, 15966, 7, 0, 16030, 16036, 70, 63, 10.00, 1
3964, 15974, 12, 0, 16358, 16370, 396, 384, 33.00, 1
3965, 15977, 3, 0, 15978, 15980, 3, 0, 1.00, 1
3966, 15979, 6, 0, 15983, 15989, 10, 4, 1.67, 1
3967, 15981, 7, 0, 16040, 16061, 80, 73, 11.43, 1
3968, 15982, 9, 0, 16231, 16250, 268, 259, 29.78, 1
3969, 15987, 1, 0, 15988, 15988, 1, 0, 1.00, 1
3970, 15989, 3, 0, 15990, 15992, 3, 0, 1.00, 1
3971, 15990, 6, 0, 15993, 15998, 8, 2, 1.33, 1
3972, 15995, 6, 0, 15999, 16007, 12, 6, 2.00, 1
3973, 16001, 3, 0, 16002, 16004, 3, 0, 1.00, 1
3974, 16002, 8, 0, 16107, 16128, 126, 118, 15.75, 1
3975, 16007, 5, 0, 16008, 16012, 5, 0, 1.00, 1
3976, 16008, 6, 0, 16013, 16018, 10, 4, 1.67, 1
3977, 16009, 6, 0, 16019, 16025, 16, 10, 2.67, 1
3978, 16020, 8, 0, 16129, 16139, 119, 111, 14.88, 1
3979, 16022, 1, 0, 16023, 16023, 1, 0, 1.00, 1
3980, 16023, 4, 0, 16026, 16029, 6, 2, 1.50, 1
3981, 16024, 7, 0, 16100, 16106, 82, 75, 11.71, 1
3982, 16036, 3, 0, 16037, 16039, 3, 0, 1.00, 1
3983, 16037, 8, 0, 16140, 16152, 115, 107, 14.38, 1
3984, 16038, 10, 0, 16300, 16309, 271, 261, 27.10, 1
3985, 16041, 4, 0, 16042, 16047, 6, 2, 1.50, 1
3986, 16043, 2, 0, 16044, 16045, 2, 0, 1.00, 1
3987, 16045, 8, 0, 16153, 16173, 128, 120, 16.00, 1
3988, 16048, 3, 0, 16049, 16053, 5, 2, 1.67, 1
3989, 16049, 4, 0, 16062, 16067, 18, 14, 4.50, 1
3990, 16050, 2, 0, 16051, 16052, 2, 0, 1.00, 1
3991, 16053, 2, 0, 16054, 16055, 2, 0, 1.00, 1
3992, 16057, 2, 0, 16058, 16059, 2, 0, 1.00, 1
3993, 16058, 4, 0, 16072, 16075, 17, 13, 4.25, 1
3994, 16062, 1, 0, 16063, 16063, 1, 0, 1.00, 1
3995, 16064, 5, 0, 16076, 16080, 16, 11, 3.20, 1
3996, 16065, 1, 0, 16066, 16066, 1, 0, 1.00, 1
3997, 16066, 1, 0, 16071, 16071, 5, 4, 5.00, 1
3998, 16067, 3, 0, 16068, 16070, 3, 0, 1.00, 1
3999, 16071, 9, 0, 16255, 16273, 202, 193, 22.44, 1
4000, 16077, 5, 0, 16084, 16089, 12, 7, 2.40, 1
4001, 16080, 3, 0, 16081, 16083, 3, 0, 1.00, 1
4002, 16083, 8, 0, 16174, 16208, 125, 117, 15.62, 1
4003, 16087, 1, 0, 16088, 16088, 1, 0, 1.00, 1
4004, 16088, 5, 0, 16090, 16099, 11, 6, 2.20, 1
4005, 16090, 1, 0, 16091, 16091, 1, 0, 1.00, 1
4006, 16092, 3, 0, 16093, 16095, 3, 0, 1.00, 1
4007, 16097, 1, 0, 16098, 16098, 1, 0, 1.00, 1
4008, 16109, 9, 0, 16274, 16283, 174, 165, 19.33, 1
4009, 16110, 18, 0, 44972, 44989, 28879, 28861, 1604.39, 1
4010, 16111, 5, 0, 16112, 16116, 5, 0, 1.00, 1
4011, 16116, 1, 0, 16117, 16117, 1, 0, 1.00, 1
4012, 16118, 1, 0, 16119, 16119, 1, 0, 1.00, 1
4013, 16120, 7, 0, 16121, 16127, 7, 0, 1.00, 1
4014, 16129, 3, 0, 16130, 16132, 3, 0, 1.00, 1
4015, 16141, 3, 0, 16142, 16144, 3, 0, 1.00, 1
4016, 16144, 2, 0, 16145, 16146, 2, 0, 1.00, 1
4017, 16148, 13, 0, 21549, 21562, 5414, 5401, 416.46, 1
4018, 16156, 11, 0, 16310, 16320, 164, 153, 14.91, 1
4019, 16157, 5, 0, 16158, 16167, 10, 5, 2.00, 1
4020, 16159, 11, 0, 16321, 16334, 175, 164, 15.91, 1
4021, 16160, 3, 0, 16161, 16165, 5, 2, 1.67, 1
4022, 16162, 2, 0, 16163, 16164, 2, 0, 1.00, 1
4023, 16167, 3, 0, 16168, 16170, 3, 0, 1.00, 1
4024, 16175, 7, 0, 16176, 16193, 18, 11, 2.57, 1
4025, 16176, 13, 0, 21563, 21593, 5417, 5404, 416.69, 1
4026, 16178, 6, 0, 16179, 16184, 6, 0, 1.00, 1
4027, 16184, 5, 0, 16185, 16189, 5, 0, 1.00, 1
4028, 16193, 4, 0, 16194, 16197, 4, 0, 1.00, 1
4029, 16198, 8, 0, 16209, 16224, 26, 18, 3.25, 1
4030, 16202, 5, 0, 16203, 16207, 5, 0, 1.00, 1
4031, 16209, 4, 0, 16210, 16217, 8, 4, 2.00, 1
4032, 16211, 3, 0, 16212, 16214, 3, 0, 1.00, 1
4033, 16215, 1, 0, 16216, 16216, 1, 0, 1.00, 1
4034, 16224, 6, 0, 16225, 16230, 6, 0, 1.00, 1
4035, 16232, 2, 0, 16233, 16234, 2, 0, 1.00, 1
4036, 16234, 4, 0, 16235, 16238, 4, 0, 1.00, 1
4037, 16241, 3, 0, 16242, 16244, 3, 0, 1.00, 1
4038, 16243, 11, 0, 16335, 16351, 108, 97, 9.82, 1
4039, 16247, 2, 0, 16248, 16251, 4, 2, 2.00, 1
4040, 16248, 1, 0, 16249, 16249, 1, 0, 1.00, 1
4041, 16251, 3, 0, 16252, 16254, 3, 0, 1.00, 1
4042, 16260, 5, 0, 16261, 16267, 7, 2, 1.40, 1
4043, 16263, 3, 0, 16264, 16269, 6, 3, 2.00, 1
4044, 16264, 1, 0, 16265, 16265, 1, 0, 1.00, 1
4045, 16268, 16, 0, 43214, 43229, 26961, 26945, 1685.06, 1
4046, 16271, 1, 0, 16272, 16272, 1, 0, 1.00, 1
4047, 16278, 1, 0, 16279, 16279, 1, 0, 1.00, 1
4048, 16292, 6, 0, 16293, 16298, 6, 0, 1.00, 1
4049, 16330, 3, 0, 16331, 16333, 3, 0, 1.00, 1
4050, 16338, 1, 0, 16339, 16339, 1, 0, 1.00, 1
4051, 16340, 12, 0, 16374, 16402, 62, 50, 5.17, 1
4052, 16345, 9, 0, 16346, 16357, 12, 3, 1.33, 1
4053, 16348, 2, 0, 16349, 16350, 2, 0, 1.00, 1
4054, 16366, 1, 0, 16367, 16367, 1, 0, 1.00, 1
4055, 16370, 3, 0, 16371, 16373, 3, 0, 1.00, 1
4056, 16375, 2, 0, 16376, 16377, 2, 0, 1.00, 1
4057, 16377, 7, 0, 16378, 16384, 7, 0, 1.00, 1
4058, 16384, 2, 0, 16385, 16386, 2, 0, 1.00, 1
4059, 16386, 1, 0, 16387, 16387, 1, 0, 1.00, 1
4060, 16388, 4, 0, 16389, 16393, 5, 1, 1.25, 1
4061, 16391, 1, 0, 16392, 16392, 1, 0, 1.00, 1
4062, 16405, 3, 0, 16406, 16409, 4, 1, 1.33, 1
4063, 16406, 1, 0, 16407, 16407, 1, 0, 1.00, 1
4064, 16407, 7, 0, 16410, 16442, 35, 28, 5.00, 1
4065, 16409, 9, 0, 16565, 16581, 172, 163, 19.11, 1
4066, 16410, 6, 0, 16411, 16430, 20, 14, 3.33, 1
4067, 16412, 1, 0, 16413, 16413, 1, 0, 1.00, 1
4068, 16414, 2, 0, 16415, 16416, 2, 0, 1.00, 1
4069, 16415, 4, 0, 16431, 16434, 19, 15, 4.75, 1
4070, 16417, 5, 0, 16418, 16426, 9, 4, 1.80, 1
4071, 16421, 4, 0, 16422, 16425, 4, 0, 1.00, 1
4072, 16426, 2, 0, 16427, 16428, 2, 0, 1.00, 1
4073, 16427, 8, 0, 16530, 16537, 110, 102, 13.75, 1
4074, 16429, 6, 0, 16443, 16456, 27, 21, 4.50, 1
4075, 16432, 7, 0, 16505, 16511, 79, 72, 11.29, 1
4076, 16437, 2, 0, 16438, 16439, 2, 0, 1.00, 1
4077, 16442, 8, 0, 16538, 16556, 114, 106, 14.25, 1
4078, 16446, 5, 0, 16447, 16451, 5, 0, 1.00, 1
4079, 16448, 6, 0, 16473, 16480, 32, 26, 5.33, 1
4080, 16449, 6, 0, 16483, 16488, 39, 33, 6.50, 1
4081, 16451, 3, 0, 16452, 16454, 3, 0, 1.00, 1
4082, 16452, 5, 0, 16457, 16461, 9, 4, 1.80, 1
4083, 16456, 6, 0, 16491, 16496, 40, 34, 6.67, 1
4084, 16461, 5, 0, 16462, 16469, 8, 3, 1.60, 1
4085, 16465, 3, 0, 16466, 16468, 3, 0, 1.00, 1
4086, 16468, 3, 0, 16470, 16472, 4, 1, 1.33, 1
4087, 16474, 6, 0, 16499, 16504, 30, 24, 5.00, 1
4088, 16475, 2, 0, 16476, 16477, 2, 0, 1.00, 1
4089, 16480, 2, 0, 16481, 16482, 2, 0, 1.00, 1
4090, 16488, 2, 0, 16489, 16490, 2, 0, 1.00, 1
4091, 16496, 2, 0, 16497, 16498, 2, 0, 1.00, 1
4092, 16499, 11, 0, 16866, 16882, 383, 372, 34.82, 1
4093, 16500, 9, 0, 16586, 16613, 113, 104, 12.56, 1
4094, 16510, 7, 0, 16512, 16529, 19, 12, 2.71, 1
4095, 16512, 14, 0, 40560, 40573, 24061, 24047, 1718.64, 1
4096, 16513, 4, 0, 16514, 16520, 7, 3, 1.75, 1
4097, 16516, 3, 0, 16517, 16519, 3, 0, 1.00, 1
4098, 16518, 15, 0, 41998, 42012, 25494, 25479, 1699.60, 1
4099, 16519, 10, 0, 16802, 16819, 300, 290, 30.00, 1
4100, 16520, 1, 0, 16521, 16521, 1, 0, 1.00, 1
4101, 16521, 12, 0, 17639, 17652, 1131, 1119, 94.25, 1
4102, 16522, 3, 0, 16523, 16525, 3, 0, 1.00, 1
4103, 16538, 1, 0, 16539, 16539, 1, 0, 1.00, 1
4104, 16541, 4, 0, 16542, 16545, 4, 0, 1.00, 1
4105, 16544, 4, 0, 16546, 16549, 5, 1, 1.25, 1
4106, 16549, 2, 0, 16550, 16551, 2, 0, 1.00, 1
4107, 16554, 8, 0, 16557, 16564, 10, 2, 1.25, 1
4108, 16557, 13, 0, 21912, 21947, 5390, 5377, 414.62, 1
4109, 16567, 2, 0, 16568, 16569, 2, 0, 1.00, 1
4110, 16570, 14, 0, 40574, 40587, 24017, 24003, 1715.50, 1
4111, 16571, 1, 0, 16572, 16572, 1, 0, 1.00, 1
4112, 16573, 2, 0, 16574, 16575, 2, 0, 1.00, 1
4113, 16577, 3, 0, 16578, 16580, 3, 0, 1.00, 1
4114, 16580, 17, 0, 44031, 44047, 27467, 27450, 1615.71, 1
4115, 16581, 4, 0, 16582, 16585, 4, 0, 1.00, 1
4116, 16585, 11, 0, 16883, 16923, 338, 327, 30.73, 1
4117, 16587, 13, 0, 21948, 21974, 5387, 5374, 414.38, 1
4118, 16589, 8, 0, 16590, 16644, 55, 47, 6.88, 1
4119, 16590, 1, 0, 16591, 16591, 1, 0, 1.00, 1
4120, 16592, 1, 0, 16593, 16593, 1, 0, 1.00, 1
4121, 16594, 5, 0, 16595, 16599, 5, 0, 1.00, 1
4122, 16595, 7, 0, 16646, 16660, 65, 58, 9.29, 1
4123, 16597, 6, 0, 16617, 16622, 25, 19, 4.17, 1
4124, 16598, 6, 0, 16626, 16633, 35, 29, 5.83, 1
4125, 16600, 7, 0, 16601, 16616, 16, 9, 2.29, 1
4126, 16604, 1, 0, 16605, 16605, 1, 0, 1.00, 1
4127, 16606, 6, 0, 16607, 16612, 6, 0, 1.00, 1
4128, 16614, 10, 0, 16845, 16864, 250, 240, 25.00, 1
4129, 16621, 12, 0, 17981, 18016, 1395, 1383, 116.25, 1
4130, 16622, 3, 0, 16623, 16625, 3, 0, 1.00, 1
4131, 16626, 24, 0, 47885, 47908, 31282, 31258, 1303.42, 1
4132, 16627, 1, 0, 16628, 16628, 1, 0, 1.00, 1
4133, 16629, 1, 0, 16630, 16630, 1, 0, 1.00, 1
4134, 16635, 4, 0, 16636, 16639, 4, 0, 1.00, 1
4135, 16639, 7, 0, 16667, 16681, 42, 35, 6.00, 1
4136, 16644, 1, 0, 16645, 16645, 1, 0, 1.00, 1
4137, 16649, 1, 0, 16650, 16650, 1, 0, 1.00, 1
4138, 16650, 9, 0, 16692, 16717, 67, 58, 7.44, 1
4139, 16652, 4, 0, 16653, 16662, 10, 6, 2.50, 1
4140, 16654, 3, 0, 16655, 16657, 3, 0, 1.00, 1
4141, 16657, 2, 0, 16658, 16659, 2, 0, 1.00, 1
4142, 16658, 8, 0, 16682, 16691, 33, 25, 4.12, 1
4143, 16659, 3, 0, 16664, 16666, 7, 4, 2.33, 1
4144, 16661, 17, 0, 44048, 44064, 27403, 27386, 1611.94, 1
4145, 16662, 1, 0, 16663, 16663, 1, 0, 1.00, 1
4146, 16668, 3, 0, 16669, 16671, 3, 0, 1.00, 1
4147, 16669, 11, 0, 16970, 16998, 329, 318, 29.91, 1
4148, 16673, 2, 0, 16674, 16675, 2, 0, 1.00, 1
4149, 16676, 3, 0, 16677, 16679, 3, 0, 1.00, 1
4150, 16683, 2, 0, 16684, 16685, 2, 0, 1.00, 1
4151, 16695, 3, 0, 16696, 16698, 3, 0, 1.00, 1
4152, 16698, 3, 0, 16699, 16701, 3, 0, 1.00, 1
4153, 16699, 3, 0, 16702, 16705, 6, 3, 2.00, 1
4154, 16700, 5, 0, 16718, 16727, 27, 22, 5.40, 1
4155, 16702, 1, 0, 16703, 16703, 1, 0, 1.00, 1
4156, 16706, 4, 0, 16707, 16710, 4, 0, 1.00, 1
4157, 16709, 9, 0, 16738, 16751, 42, 33, 4.67, 1
4158, 16710, 3, 0, 16711, 16713, 3, 0, 1.00, 1
4159, 16717, 15, 0, 42013, 42027, 25310, 25295, 1687.33, 1
4160, 16718, 18, 0, 44990, 45007, 28289, 28271, 1571.61, 1
4161, 16720, 4, 0, 16721, 16724, 4, 0, 1.00, 1
4162, 16723, 5, 0, 16729, 16737, 14, 9, 2.80, 1
4163, 16725, 1, 0, 16726, 16726, 1, 0, 1.00, 1
4164, 16727, 1, 0, 16728, 16728, 1, 0, 1.00, 1
4165, 16731, 4, 0, 16732, 16735, 4, 0, 1.00, 1
4166, 16740, 5, 0, 16741, 16745, 5, 0, 1.00, 1
4167, 16752, 2, 0, 16753, 16754, 2, 0, 1.00, 1
4168, 16755, 9, 0, 16756, 16769, 14, 5, 1.56, 1
4169, 16762, 5, 0, 16763, 16767, 5, 0, 1.00, 1
4170, 16771, 5, 0, 16772, 16781, 10, 5, 2.00, 1
4171, 16773, 1, 0, 16774, 16774, 1, 0, 1.00, 1
4172, 16776, 4, 0, 16777, 16780, 4, 0, 1.00, 1
4173, 16778, 4, 0, 16782, 16785, 7, 3, 1.75, 1
4174, 16780, 12, 0, 18017, 18043, 1263, 1251, 105.25, 1
4175, 16786, 1, 0, 16787, 16787, 1, 0, 1.00, 1
4176, 16789, 1, 0, 16790, 16790, 1, 0, 1.00, 1
4177, 16790, 1, 0, 16791, 16791, 1, 0, 1.00, 1
4178, 16794, 7, 0, 16795, 16801, 7, 0, 1.00, 1
4179, 16806, 3, 0, 16807, 16810, 4, 1, 1.33, 1
4180, 16807, 1, 0, 16808, 16808, 1, 0, 1.00, 1
4181, 16808, 3, 0, 16811, 16813, 5, 2, 1.67, 1
4182, 16817, 1, 0, 16818, 16818, 1, 0, 1.00, 1
4183, 16819, 6, 0, 16820, 16825, 6, 0, 1.00, 1
4184, 16821, 13, 0, 21997, 22014, 5193, 5180, 399.46, 1
4185, 16825, 7, 0, 16826, 16837, 12, 5, 1.71, 1
4186, 16830, 3, 0, 16831, 16833, 3, 0, 1.00, 1
4187, 16833, 2, 0, 16834, 16835, 2, 0, 1.00, 1
4188, 16835, 5, 0, 16838, 16842, 7, 2, 1.40, 1
4189, 16839, 14, 0, 40588, 40601, 23762, 23748, 1697.29, 1
4190, 16842, 2, 0, 16843, 16844, 2, 0, 1.00, 1
4191, 16848, 3, 0, 16849, 16852, 4, 1, 1.33, 1
4192, 16849, 4, 0, 16853, 16858, 9, 5, 2.25, 1
4193, 16850, 1, 0, 16851, 16851, 1, 0, 1.00, 1
4194, 16854, 2, 0, 16855, 16856, 2, 0, 1.00, 1
4195, 16864, 1, 0, 16865, 16865, 1, 0, 1.00, 1
4196, 16870, 4, 0, 16871, 16874, 4, 0, 1.00, 1
4197, 16876, 1, 0, 16877, 16877, 1, 0, 1.00, 1
4198, 16879, 1, 0, 16880, 16880, 1, 0, 1.00, 1
4199, 16883, 5, 0, 16884, 16888, 5, 0, 1.00, 1
4200, 16888, 1, 0, 16889, 16889, 1, 0, 1.00, 1
4201, 16889, 6, 0, 16890, 16896, 7, 1, 1.17, 1
4202, 16893, 1, 0, 16894, 16894, 1, 0, 1.00, 1
4203, 16895, 8, 0, 16897, 16904, 9, 1, 1.12, 1
4204, 16905, 1, 0, 16906, 16906, 1, 0, 1.00, 1
4205, 16907, 11, 0, 17610, 17620, 713, 702, 64.82, 1
4206, 16908, 1, 0, 16909, 16909, 1, 0, 1.00, 1
4207, 16909, 3, 0, 16910, 16914, 5, 2, 1.67, 1
4208, 16910, 2, 0, 16911, 16912, 2, 0, 1.00, 1
4209, 16917, 8, 0, 16918, 16930, 13, 5, 1.62, 1
4210, 16918, 1, 0, 16919, 16919, 1, 0, 1.00, 1
4211, 16924, 10, 0, 16931, 16960, 36, 26, 3.60, 1
4212, 16932, 3, 0, 16933, 16935, 3, 0, 1.00, 1
4213, 16935, 4, 0, 16936, 16939, 4, 0, 1.00, 1
4214, 16944, 4, 0, 16945, 16948, 4, 0, 1.00, 1
4215, 16947, 4, 0, 16961, 16964, 17, 13, 4.25, 1
4216, 16949, 9, 0, 16950, 16958, 9, 0, 1.00, 1
4217, 16950, 15, 0, 42028, 42042, 25092, 25077, 1672.80, 1
4218, 16963, 4, 0, 16966, 16969, 6, 2, 1.50, 1
4219, 16964, 1, 0, 16965, 16965, 1, 0, 1.00, 1
4220, 16972, 5, 0, 16973, 16977, 5, 0, 1.00, 1
4221, 16978, 2, 0, 16979, 16980, 2, 0, 1.00, 1
4222, 16985, 2, 0, 16986, 16987, 2, 0, 1.00, 1
4223, 16988, 6, 0, 16989, 16999, 11, 5, 1.83, 1
4224, 16993, 4, 0, 16994, 16997, 4, 0, 1.00, 1
4225, 16995, 7, 0, 17000, 17018, 23, 16, 3.29, 1
4226, 17001, 2, 0, 17002, 17003, 2, 0, 1.00, 1
4227, 17003, 4, 0, 17004, 17007, 4, 0, 1.00, 1
4228, 17007, 2, 0, 17008, 17009, 2, 0, 1.00, 1
4229, 17011, 9, 0, 17042, 17051, 40, 31, 4.44, 1
4230, 17013, 4, 0, 17014, 17023, 10, 6, 2.50, 1
4231, 17014, 2, 0, 17015, 17016, 2, 0, 1.00, 1
4232, 17015, 2, 0, 17019, 17020, 5, 3, 2.50, 1
4233, 17016, 1, 0, 17017, 17017, 1, 0, 1.00, 1
4234, 17017, 12, 0, 18065, 18081, 1064, 1052, 88.67, 1
4235, 17019, 4, 0, 17024, 17027, 8, 4, 2.00, 1
4236, 17022, 4, 0, 17028, 17031, 9, 5, 2.25, 1
4237, 17024, 11, 0, 17623, 17638, 614, 603, 55.82, 1
4238, 17031, 1, 0, 17032, 17032, 1, 0, 1.00, 1
4239, 17032, 1, 0, 17033, 17033, 1, 0, 1.00, 1
4240, 17033, 8, 0, 17034, 17041, 8, 0, 1.00, 1
4241, 17034, 10, 0, 17054, 17122, 88, 78, 8.80, 1
4242, 17048, 1, 0, 17049, 17049, 1, 0, 1.00, 1
4243, 17049, 2, 0, 17052, 17053, 4, 2, 2.00, 1
4244, 17056, 9, 0, 17057, 17105, 49, 40, 5.44, 1
4245, 17060, 6, 0, 17061, 17073, 13, 7, 2.17, 1
4246, 17063, 2, 0, 17064, 17066, 3, 1, 1.50, 1
4247, 17064, 1, 0, 17065, 17065, 1, 0, 1.00, 1
4248, 17067, 4, 0, 17068, 17071, 4, 0, 1.00, 1
4249, 17068, 4, 0, 17079, 17082, 14, 10, 3.50, 1
4250, 17073, 5, 0, 17074, 17086, 13, 8, 2.60, 1
4251, 17074, 2, 0, 17075, 17076, 2, 0, 1.00, 1
4252, 17076, 2, 0, 17077, 17078, 2, 0, 1.00, 1
4253, 17082, 6, 0, 17106, 17111, 29, 23, 4.83, 1
4254, 17086, 3, 0, 17087, 17089, 3, 0, 1.00, 1
4255, 17091, 4, 0, 17092, 17095, 4, 0, 1.00, 1
4256, 17093, 13, 0, 22468, 22498, 5405, 5392, 415.77, 1
4257, 17095, 1, 0, 17096, 17096, 1, 0, 1.00, 1
4258, 17098, 6, 0, 17099, 17104, 6, 0, 1.00, 1
4259, 17104, 9, 0, 17198, 17230, 126, 117, 14.00, 1
4260, 17111, 4, 0, 17112, 17115, 4, 0, 1.00, 1
4261, 17113, 7, 0, 17123, 17138, 25, 18, 3.57, 1
4262, 17122, 22, 0, 47338, 47359, 30237, 30215, 1374.41, 1
4263, 17124, 5, 0, 17125, 17131, 7, 2, 1.40, 1
4264, 17125, 2, 0, 17126, 17127, 2, 0, 1.00, 1
4265, 17126, 6, 0, 17147, 17152, 26, 20, 4.33, 1
4266, 17127, 7, 0, 17153, 17159, 32, 25, 4.57, 1
4267, 17132, 7, 0, 17160, 17166, 34, 27, 4.86, 1
4268, 17135, 2, 0, 17136, 17137, 2, 0, 1.00, 1
4269, 17138, 3, 0, 17139, 17142, 4, 1, 1.33, 1
4270, 17140, 1, 0, 17141, 17141, 1, 0, 1.00, 1
4271, 17141, 3, 0, 17143, 17146, 5, 2, 1.67, 1
4272, 17143, 1, 0, 17144, 17144, 1, 0, 1.00, 1
4273, 17144, 8, 0, 17167, 17177, 33, 25, 4.12, 1
4274, 17149, 19, 0, 45834, 45852, 28703, 28684, 1510.68, 1
4275, 17162, 21, 0, 46823, 46843, 29681, 29660, 1413.38, 1
4276, 17163, 10, 0, 17256, 17285, 122, 112, 12.20, 1
4277, 17164, 9, 0, 17239, 17255, 91, 82, 10.11, 1
4278, 17173, 7, 0, 17174, 17192, 19, 12, 2.71, 1
4279, 17175, 1, 0, 17176, 17176, 1, 0, 1.00, 1
4280, 17178, 5, 0, 17179, 17183, 5, 0, 1.00, 1
4281, 17182, 10, 0, 17360, 17372, 190, 180, 19.00, 1
4282, 17183, 5, 0, 17193, 17197, 14, 9, 2.80, 1
4283, 17186, 5, 0, 17187, 17191, 5, 0, 1.00, 1
4284, 17200, 6, 0, 17201, 17208, 8, 2, 1.33, 1
4285, 17203, 12, 0, 18082, 18102, 899, 887, 74.92, 1
4286, 17205, 2, 0, 17206, 17207, 2, 0, 1.00, 1
4287, 17206, 4, 0, 17211, 17214, 8, 4, 2.00, 1
4288, 17207, 2, 0, 17209, 17210, 3, 1, 1.50, 1
4289, 17211, 5, 0, 17219, 17224, 13, 8, 2.60, 1
4290, 17213, 4, 0, 17215, 17218, 5, 1, 1.25, 1
4291, 17221, 1, 0, 17222, 17222, 1, 0, 1.00, 1
4292, 17222, 10, 0, 17493, 17510, 288, 278, 28.80, 1
4293, 17224, 7, 0, 17231, 17238, 14, 7, 2.00, 1
4294, 17233, 1, 0, 17234, 17234, 1, 0, 1.00, 1
4295, 17239, 3, 0, 17240, 17242, 3, 0, 1.00, 1
4296, 17242, 3, 0, 17243, 17245, 3, 0, 1.00, 1
4297, 17244, 10, 0, 17518, 17536, 292, 282, 29.20, 1
4298, 17248, 2, 0, 17249, 17250, 2, 0, 1.00, 1
4299, 17256, 5, 0, 17257, 17264, 8, 3, 1.60, 1
4300, 17260, 3, 0, 17261, 17263, 3, 0, 1.00, 1
4301, 17262, 9, 0, 17349, 17359, 97, 88, 10.78, 1
4302, 17270, 8, 0, 17271, 17312, 42, 34, 5.25, 1
4303, 17271, 6, 0, 17272, 17282, 11, 5, 1.83, 1
4304, 17275, 3, 0, 17276, 17278, 3, 0, 1.00, 1
4305, 17278, 2, 0, 17279, 17280, 2, 0, 1.00, 1
4306, 17279, 5, 0, 17286, 17292, 13, 8, 2.60, 1
4307, 17285, 14, 0, 40602, 40615, 23330, 23316, 1666.43, 1
4308, 17286, 7, 0, 17314, 17326, 40, 33, 5.71, 1
4309, 17288, 4, 0, 17289, 17295, 7, 3, 1.75, 1
4310, 17289, 1, 0, 17290, 17290, 1, 0, 1.00, 1
4311, 17296, 2, 0, 17297, 17298, 2, 0, 1.00, 1
4312, 17299, 5, 0, 17300, 17307, 8, 3, 1.60, 1
4313, 17301, 14, 0, 40616, 40629, 23328, 23314, 1666.29, 1
4314, 17303, 3, 0, 17304, 17306, 3, 0, 1.00, 1
4315, 17312, 1, 0, 17313, 17313, 1, 0, 1.00, 1
4316, 17316, 1, 0, 17317, 17317, 1, 0, 1.00, 1
4317, 17318, 13, 0, 24122, 24147, 6829, 6816, 525.31, 1
4318, 17319, 5, 0, 17320, 17324, 5, 0, 1.00, 1
4319, 17323, 5, 0, 17327, 17337, 14, 9, 2.80, 1
4320, 17325, 8, 0, 17340, 17348, 23, 15, 2.88, 1
4321, 17329, 3, 0, 17330, 17332, 3, 0, 1.00, 1
4322, 17332, 2, 0, 17333, 17335, 3, 1, 1.50, 1
4323, 17333, 1, 0, 17334, 17334, 1, 0, 1.00, 1
4324, 17337, 2, 0, 17338, 17339, 2, 0, 1.00, 1
4325, 17344, 1, 0, 17345, 17345, 1, 0, 1.00, 1
4326, 17355, 2, 0, 17356, 17357, 2, 0, 1.00, 1
4327, 17361, 13, 0, 24151, 24185, 6824, 6811, 524.92, 1
4328, 17363, 32, 0, 49143, 49174, 31811, 31779, 994.09, 1
4329, 17365, 2, 0, 17366, 17367, 2, 0, 1.00, 1
4330, 17367, 1, 0, 17368, 17368, 1, 0, 1.00, 1
4331, 17372, 8, 0, 17373, 17405, 33, 25, 4.12, 1
4332, 17374, 5, 0, 17375, 17379, 5, 0, 1.00, 1
4333, 17376, 5, 0, 17380, 17384, 8, 3, 1.60, 1
4334, 17377, 5, 0, 17385, 17392, 15, 10, 3.00, 1
4335, 17380, 10, 0, 17558, 17570, 190, 180, 19.00, 1
4336, 17388, 3, 0, 17389, 17391, 3, 0, 1.00, 1
4337, 17393, 2, 0, 17394, 17395, 2, 0, 1.00, 1
4338, 17396, 9, 0, 17406, 17414, 18, 9, 2.00, 1
4339, 17398, 4, 0, 17399, 17403, 5, 1, 1.25, 1
4340, 17401, 1, 0, 17402, 17402, 1, 0, 1.00, 1
4341, 17404, 16, 0, 43230, 43245, 25841, 25825, 1615.06, 1
4342, 17408, 9, 0, 17415, 17430, 22, 13, 2.44, 1
4343, 17421, 7, 0, 17422, 17440, 19, 12, 2.71, 1
4344, 17423, 3, 0, 17424, 17428, 5, 2, 1.67, 1
4345, 17425, 2, 0, 17426, 17427, 2, 0, 1.00, 1
4346, 17430, 5, 0, 17431, 17435, 5, 0, 1.00, 1
4347, 17437, 7, 0, 17441, 17450, 13, 6, 1.86, 1
4348, 17438, 10, 0, 17576, 17586, 148, 138, 14.80, 1
4349, 17440, 7, 0, 17474, 17483, 43, 36, 6.14, 1
4350, 17445, 3, 0, 17446, 17448, 3, 0, 1.00, 1
4351, 17447, 4, 0, 17451, 17454, 7, 3, 1.75, 1
4352, 17448, 5, 0, 17455, 17459, 11, 6, 2.20, 1
4353, 17455, 6, 0, 17460, 17468, 13, 7, 2.17, 1
4354, 17462, 4, 0, 17463, 17473, 11, 7, 2.75, 1
4355, 17463, 2, 0, 17464, 17465, 2, 0, 1.00, 1
4356, 17469, 2, 0, 17470, 17471, 2, 0, 1.00, 1
4357, 17470, 17, 0, 44065, 44081, 26611, 26594, 1565.35, 1
4358, 17477, 3, 0, 17478, 17480, 3, 0, 1.00, 1
4359, 17478, 5, 0, 17484, 17492, 14, 9, 2.80, 1
4360, 17484, 2, 0, 17485, 17486, 2, 0, 1.00, 1
4361, 17486, 2, 0, 17487, 17488, 2, 0, 1.00, 1
4362, 17491, 17, 0, 44082, 44098, 26607, 26590, 1565.12, 1
4363, 17497, 6, 0, 17498, 17503, 6, 0, 1.00, 1
4364, 17505, 7, 0, 17506, 17517, 12, 5, 1.71, 1
4365, 17506, 1, 0, 17507, 17507, 1, 0, 1.00, 1
4366, 17510, 1, 0, 17511, 17511, 1, 0, 1.00, 1
4367, 17515, 10, 0, 17587, 17598, 83, 73, 8.30, 1
4368, 17519, 4, 0, 17520, 17523, 4, 0, 1.00, 1
4369, 17524, 4, 0, 17525, 17528, 4, 0, 1.00, 1
4370, 17525, 9, 0, 17549, 17557, 32, 23, 3.56, 1
4371, 17527, 13, 0, 24188, 24224, 6697, 6684, 515.15, 1
4372, 17531, 13, 0, 24225, 24270, 6739, 6726, 518.38, 1
4373, 17534, 1, 0, 17535, 17535, 1, 0, 1.00, 1
4374, 17536, 5, 0, 17537, 17543, 7, 2, 1.40, 1
4375, 17537, 5, 0, 17544, 17548, 11, 6, 2.20, 1
4376, 17538, 2, 0, 17539, 17540, 2, 0, 1.00, 1
4377, 17543, 10, 0, 17599, 17609, 66, 56, 6.60, 1
4378, 17558, 2, 0, 17559, 17560, 2, 0, 1.00, 1
4379, 17564, 1, 0, 17565, 17565, 1, 0, 1.00, 1
4380, 17570, 4, 0, 17571, 17575, 5, 1, 1.25, 1
4381, 17571, 1, 0, 17572, 17572, 1, 0, 1.00, 1
4382, 17583, 1, 0, 17584, 17584, 1, 0, 1.00, 1
4383, 17587, 1, 0, 17588, 17588, 1, 0, 1.00, 1
4384, 17594, 1, 0, 17595, 17595, 1, 0, 1.00, 1
4385, 17603, 1, 0, 17604, 17604, 1, 0, 1.00, 1
4386, 17620, 2, 0, 17621, 17622, 2, 0, 1.00, 1
4387, 17626, 4, 0, 17627, 17630, 4, 0, 1.00, 1
4388, 17634, 1, 0, 17635, 17635, 1, 0, 1.00, 1
4389, 17649, 2, 0, 17650, 17651, 2, 0, 1.00, 1
4390, 17650, 10, 0, 17653, 17703, 53, 43, 5.30, 1
4391, 17654, 7, 0, 17655, 17689, 35, 28, 5.00, 1
4392, 17655, 6, 0, 17656, 17677, 22, 16, 3.67, 1
4393, 17656, 3, 0, 17657, 17659, 3, 0, 1.00, 1
4394, 17658, 4, 0, 17660, 17664, 6, 2, 1.50, 1
4395, 17659, 10, 0, 17705, 17731, 72, 62, 7.20, 1
4396, 17661, 1, 0, 17662, 17662, 1, 0, 1.00, 1
4397, 17666, 5, 0, 17667, 17671, 5, 0, 1.00, 1
4398, 17672, 4, 0, 17673, 17682, 10, 6, 2.50, 1
4399, 17673, 2, 0, 17674, 17675, 2, 0, 1.00, 1
4400, 17676, 22, 0, 47360, 47381, 29705, 29683, 1350.23, 1
4401, 17678, 2, 0, 17679, 17680, 2, 0, 1.00, 1
4402, 17684, 1, 0, 17685, 17685, 1, 0, 1.00, 1
4403, 17691, 5, 0, 17692, 17697, 6, 1, 1.20, 1
4404, 17692, 1, 0, 17693, 17693, 1, 0, 1.00, 1
4405, 17703, 1, 0, 17704, 17704, 1, 0, 1.00, 1
4406, 17706, 4, 0, 17707, 17710, 4, 0, 1.00, 1
4407, 17711, 1, 0, 17712, 17712, 1, 0, 1.00, 1
4408, 17713, 1, 0, 17714, 17714, 1, 0, 1.00, 1
4409, 17716, 5, 0, 17717, 17724, 8, 3, 1.60, 1
4410, 17719, 9, 0, 17755, 17768, 49, 40, 5.44, 1
4411, 17720, 3, 0, 17721, 17723, 3, 0, 1.00, 1
4412, 17721, 4, 0, 17734, 17737, 16, 12, 4.00, 1
4413, 17724, 3, 0, 17725, 17727, 3, 0, 1.00, 1
4414, 17725, 8, 0, 17739, 17754, 29, 21, 3.62, 1
4415, 17731, 2, 0, 17732, 17733, 2, 0, 1.00, 1
4416, 17737, 1, 0, 17738, 17738, 1, 0, 1.00, 1
4417, 17739, 9, 0, 17769, 17778, 39, 30, 4.33, 1
4418, 17741, 9, 0, 17779, 17790, 49, 40, 5.44, 1
4419, 17742, 3, 0, 17743, 17745, 3, 0, 1.00, 1
4420, 17746, 4, 0, 17747, 17750, 4, 0, 1.00, 1
4421, 17750, 1, 0, 17751, 17751, 1, 0, 1.00, 1
4422, 17760, 4, 0, 17761, 17765, 5, 1, 1.25, 1
4423, 17762, 1, 0, 17763, 17763, 1, 0, 1.00, 1
4424, 17772, 1, 0, 17773, 17773, 1, 0, 1.00, 1
4425, 17774, 11, 0, 17824, 17857, 83, 72, 7.55, 1
4426, 17775, 9, 0, 17791, 17806, 31, 22, 3.44, 1
4427, 17776, 12, 0, 18111, 18139, 363, 351, 30.25, 1
4428, 17779, 2, 0, 17780, 17781, 2, 0, 1.00, 1
4429, 17781, 1, 0, 17782, 17782, 1, 0, 1.00, 1
4430, 17795, 4, 0, 17796, 17802, 7, 3, 1.75, 1
4431, 17797, 3, 0, 17798, 17800, 3, 0, 1.00, 1
4432, 17799, 4, 0, 17807, 17810, 11, 7, 2.75, 1
4433, 17801, 4, 0, 17811, 17814, 13, 9, 3.25, 1
4434, 17808, 4, 0, 17815, 17818, 10, 6, 2.50, 1
4435, 17811, 4, 0, 17819, 17822, 11, 7, 2.75, 1
4436, 17821, 12, 0, 18193, 18215, 394, 382, 32.83, 1
4437, 17822, 1, 0, 17823, 17823, 1, 0, 1.00, 1
4438, 17825, 9, 0, 17826, 17840, 15, 6, 1.67, 1
4439, 17826, 9, 0, 17870, 17880, 54, 45, 6.00, 1
4440, 17828, 5, 0, 17829, 17833, 5, 0, 1.00, 1
4441, 17834, 10, 0, 17881, 17893, 59, 49, 5.90, 1
4442, 17837, 1, 0, 17838, 17838, 1, 0, 1.00, 1
4443, 17844, 6, 0, 17845, 17864, 20, 14, 3.33, 1
4444, 17845, 4, 0, 17846, 17852, 7, 3, 1.75, 1
4445, 17848, 3, 0, 17849, 17851, 3, 0, 1.00, 1
4446, 17851, 10, 0, 17894, 17907, 56, 46, 5.60, 1
4447, 17857, 2, 0, 17858, 17859, 2, 0, 1.00, 1
4448, 17859, 5, 0, 17865, 17869, 10, 5, 2.00, 1
4449, 17873, 2, 0, 17874, 17875, 2, 0, 1.00, 1
4450, 17877, 34, 0, 49305, 49338, 31461, 31427, 925.32, 1
4451, 17889, 3, 0, 17890, 17892, 3, 0, 1.00, 1
4452, 17898, 3, 0, 17899, 17901, 3, 0, 1.00, 1
4453, 17904, 1, 0, 17905, 17905, 1, 0, 1.00, 1
4454, 17907, 4, 0, 17908, 17914, 7, 3, 1.75, 1
4455, 17908, 1, 0, 17909, 17909, 1, 0, 1.00, 1
4456, 17909, 2, 0, 17910, 17911, 2, 0, 1.00, 1
4457, 17910, 10, 0, 17915, 17947, 37, 27, 3.70, 1
4458, 17918, 2, 0, 17919, 17920, 2, 0, 1.00, 1
4459, 17919, 3, 0, 17921, 17923, 4, 1, 1.33, 1
4460, 17924, 5, 0, 17925, 17929, 5, 0, 1.00, 1
4461, 17925, 17, 0, 44099, 44115, 26190, 26173, 1540.59, 1
4462, 17930, 6, 0, 17931, 17940, 10, 4, 1.67, 1
4463, 17933, 4, 0, 17934, 17943, 10, 6, 2.50, 1
4464, 17934, 3, 0, 17935, 17937, 3, 0, 1.00, 1
4465, 17936, 11, 0, 17948, 17959, 23, 12, 2.09, 1
4466, 17942, 11, 0, 17967, 17980, 38, 27, 3.45, 1
4467, 17953, 1, 0, 17954, 17954, 1, 0, 1.00, 1
4468, 17954, 6, 0, 17960, 17966, 12, 6, 2.00, 1
4469, 17964, 1, 0, 17965, 17965, 1, 0, 1.00, 1
4470, 17966, 14, 0, 40630, 40643, 22677, 22663, 1619.79, 1
4471, 17968, 1, 0, 17969, 17969, 1, 0, 1.00, 1
4472, 17971, 1, 0, 17972, 17972, 1, 0, 1.00, 1
4473, 17977, 1, 0, 17978, 17978, 1, 0, 1.00, 1
4474, 17983, 7, 0, 17984, 17990, 7, 0, 1.00, 1
4475, 17985, 7, 0, 17991, 17998, 13, 6, 1.86, 1
4476, 17991, 1, 0, 17992, 17992, 1, 0, 1.00, 1
4477, 17999, 3, 0, 18000, 18002, 3, 0, 1.00, 1
4478, 18005, 2, 0, 18006, 18007, 2, 0, 1.00, 1
4479, 18011, 4, 0, 18012, 18015, 4, 0, 1.00, 1
4480, 18017, 6, 0, 18018, 18023, 6, 0, 1.00, 1
4481, 18023, 1, 0, 18024, 18024, 1, 0, 1.00, 1
4482, 18029, 1, 0, 18030, 18030, 1, 0, 1.00, 1
4483, 18034, 8, 0, 18035, 18049, 15, 7, 1.88, 1
4484, 18039, 2, 0, 18040, 18041, 2, 0, 1.00, 1
4485, 18041, 4, 0, 18050, 18056, 15, 11, 3.75, 1
4486, 18045, 3, 0, 18046, 18048, 3, 0, 1.00, 1
4487, 18051, 2, 0, 18052, 18053, 2, 0, 1.00, 1
4488, 18054, 1, 0, 18055, 18055, 1, 0, 1.00, 1
4489, 18055, 3, 0, 18057, 18060, 5, 2, 1.67, 1
4490, 18058, 1, 0, 18059, 18059, 1, 0, 1.00, 1
4491, 18059, 2, 0, 18063, 18064, 5, 3, 2.50, 1
4492, 18060, 2, 0, 18061, 18062, 2, 0, 1.00, 1
4493, 18066, 4, 0, 18067, 18070, 4, 0, 1.00, 1
4494, 18072, 1, 0, 18073, 18073, 1, 0, 1.00, 1
4495, 18083, 1, 0, 18084, 18084, 1, 0, 1.00, 1
4496, 18088, 1, 0, 18089, 18089, 1, 0, 1.00, 1
4497, 18093, 6, 0, 18094, 18099, 6, 0, 1.00, 1
4498, 18099, 1, 0, 18100, 18100, 1, 0, 1.00, 1
4499, 18102, 8, 0, 18103, 18110, 8, 0, 1.00, 1
4500, 18112, 1, 0, 18113, 18113, 1, 0, 1.00, 1
4501, 18115, 1, 0, 18116, 18116, 1, 0, 1.00, 1
4502, 18118, 6, 0, 18119, 18124, 6, 0, 1.00, 1
4503, 18124, 3, 0, 18125, 18127, 3, 0, 1.00, 1
4504, 18126, 7, 0, 18155, 18166, 40, 33, 5.71, 1
4505, 18127, 3, 0, 18128, 18130, 3, 0, 1.00, 1
4506, 18129, 14, 0, 40644, 40657, 22528, 22514, 1609.14, 1
4507, 18130, 2, 0, 18131, 18132, 2, 0, 1.00, 1
4508, 18131, 6, 0, 18140, 18149, 18, 12, 3.00, 1
4509, 18137, 1, 0, 18138, 18138, 1, 0, 1.00, 1
4510, 18144, 4, 0, 18145, 18148, 4, 0, 1.00, 1
4511, 18146, 10, 0, 18167, 18190, 44, 34, 4.40, 1
4512, 18149, 2, 0, 18150, 18151, 2, 0, 1.00, 1
4513, 18151, 3, 0, 18152, 18154, 3, 0, 1.00, 1
4514, 18160, 4, 0, 18161, 18164, 4, 0, 1.00, 1
4515, 18164, 1, 0, 18165, 18165, 1, 0, 1.00, 1
4516, 18167, 9, 0, 18168, 18176, 9, 0, 1.00, 1
4517, 18176, 4, 0, 18177, 18180, 4, 0, 1.00, 1
4518, 18180, 1, 0, 18181, 18181, 1, 0, 1.00, 1
4519, 18190, 2, 0, 18191, 18192, 2, 0, 1.00, 1
4520, 18193, 8, 0, 18194, 18203, 10, 2, 1.25, 1
4521, 18196, 2, 0, 18197, 18198, 2, 0, 1.00, 1
4522, 18205, 13, 0, 24301, 24327, 6122, 6109, 470.92, 1
4523, 18212, 1, 0, 18213, 18213, 1, 0, 1.00, 1
4524, 18216, 1, 0, 18217, 18217, 1, 0, 1.00, 1
4525, 18219, 2, 0, 18220, 18221, 2, 0, 1.00, 1
4526, 18220, 10, 0, 18336, 18348, 128, 118, 12.80, 1
4527, 18224, 4, 0, 18225, 18228, 4, 0, 1.00, 1
4528, 18228, 7, 0, 18236, 18246, 18, 11, 2.57, 1
4529, 18238, 7, 0, 18247, 18254, 16, 9, 2.29, 1
4530, 18241, 4, 0, 18242, 18245, 4, 0, 1.00, 1
4531, 18245, 7, 0, 18255, 18262, 17, 10, 2.43, 1
4532, 18250, 1, 0, 18251, 18251, 1, 0, 1.00, 1
4533, 18251, 9, 0, 18271, 18279, 28, 19, 3.11, 1
4534, 18255, 1, 0, 18256, 18256, 1, 0, 1.00, 1
4535, 18259, 8, 0, 18263, 18270, 11, 3, 1.38, 1
4536, 18277, 9, 0, 18280, 18289, 12, 3, 1.33, 1
4537, 18280, 9, 0, 18290, 18311, 31, 22, 3.44, 1
4538, 18283, 1, 0, 18284, 18284, 1, 0, 1.00, 1
4539, 18285, 16, 0, 43246, 43261, 24976, 24960, 1561.00, 1
4540, 18292, 2, 0, 18293, 18294, 2, 0, 1.00, 1
4541, 18295, 3, 0, 18296, 18298, 3, 0, 1.00, 1
4542, 18298, 4, 0, 18299, 18302, 4, 0, 1.00, 1
4543, 18302, 7, 0, 18317, 18324, 22, 15, 3.14, 1
4544, 18304, 4, 0, 18305, 18308, 4, 0, 1.00, 1
4545, 18306, 5, 0, 18312, 18316, 10, 5, 2.00, 1
4546, 18317, 1, 0, 18318, 18318, 1, 0, 1.00, 1
4547, 18320, 7, 0, 18325, 18335, 15, 8, 2.14, 1
4548, 18321, 10, 0, 18374, 18384, 63, 53, 6.30, 1
4549, 18329, 2, 0, 18330, 18331, 2, 0, 1.00, 1
4550, 18332, 2, 0, 18333, 18334, 2, 0, 1.00, 1
4551, 18340, 1, 0, 18341, 18341, 1, 0, 1.00, 1
4552, 18344, 2, 0, 18345, 18346, 2, 0, 1.00, 1
4553, 18345, 4, 0, 18355, 18360, 15, 11, 3.75, 1
4554, 18346, 2, 0, 18353, 18354, 8, 6, 4.00, 1
4555, 18348, 4, 0, 18349, 18352, 4, 0, 1.00, 1
4556, 18355, 2, 0, 18356, 18357, 2, 0, 1.00, 1
4557, 18356, 3, 0, 18364, 18367, 11, 8, 3.67, 1
4558, 18357, 18, 0, 45008, 45025, 26668, 26650, 1481.56, 1
4559, 18360, 3, 0, 18361, 18363, 3, 0, 1.00, 1
4560, 18361, 5, 0, 18368, 18373, 12, 7, 2.40, 1
4561, 18365, 1, 0, 18366, 18366, 1, 0, 1.00, 1
4562, 18369, 1, 0, 18370, 18370, 1, 0, 1.00, 1
4563, 18378, 1, 0, 18379, 18379, 1, 0, 1.00, 1
4564, 18385, 7, 0, 18386, 18403, 18, 11, 2.57, 1
4565, 18386, 2, 0, 18387, 18388, 2, 0, 1.00, 1
4566, 18388, 3, 0, 18389, 18392, 4, 1, 1.33, 1
4567, 18390, 1, 0, 18391, 18391, 1, 0, 1.00, 1
4568, 18397, 5, 0, 18398, 18405, 8, 3, 1.60, 1
4569, 18400, 2, 0, 18401, 18402, 2, 0, 1.00, 1
4570, 18402, 4, 0, 18406, 18412, 10, 6, 2.50, 1
4571, 18406, 2, 0, 18407, 18408, 2, 0, 1.00, 1
4572, 18409, 1, 0, 18410, 18410, 1, 0, 1.00, 1
4573, 18412, 1, 0, 18413, 18413, 1, 0, 1.00, 1
4574, 18414, 7, 0, 18415, 18432, 18, 11, 2.57, 1
4575, 18415, 5, 0, 18416, 18420, 5, 0, 1.00, 1
4576, 18421, 6, 0, 18422, 18427, 6, 0, 1.00, 1
4577, 18424, 10, 0, 18433, 18452, 28, 18, 2.80, 1
4578, 18432, 21, 0, 46844, 46864, 28432, 28411, 1353.90, 1
4579, 18433, 4, 0, 18434, 18437, 4, 0, 1.00, 1
4580, 18436, 15, 0, 42043, 42057, 23621, 23606, 1574.73, 1
4581, 18438, 3, 0, 18439, 18441, 3, 0, 1.00, 1
4582, 18441, 3, 0, 18442, 18444, 3, 0, 1.00, 1
4583, 18452, 2, 0, 18453, 18454, 2, 0, 1.00, 1
4584, 18456, 11, 0, 18457, 18507, 51, 40, 4.64, 1
4585, 18458, 2, 0, 18459, 18460, 2, 0, 1.00, 1
4586, 18459, 9, 0, 18532, 18541, 82, 73, 9.11, 1
4587, 18460, 4, 0, 18461, 18465, 5, 1, 1.25, 1
4588, 18463, 1, 0, 18464, 18464, 1, 0, 1.00, 1
4589, 18469, 4, 0, 18470, 18474, 5, 1, 1.25, 1
4590, 18472, 1, 0, 18473, 18473, 1, 0, 1.00, 1
4591, 18473, 5, 0, 18482, 18489, 16, 11, 3.20, 1
4592, 18477, 2, 0, 18478, 18479, 2, 0, 1.00, 1
4593, 18484, 3, 0, 18485, 18487, 3, 0, 1.00, 1
4594, 18486, 3, 0, 18490, 18493, 7, 4, 2.33, 1
4595, 18490, 1, 0, 18491, 18491, 1, 0, 1.00, 1
4596, 18491, 2, 0, 18494, 18495, 4, 2, 2.00, 1
4597, 18497, 3, 0, 18498, 18500, 3, 0, 1.00, 1
4598, 18499, 7, 0, 18523, 18531, 32, 25, 4.57, 1
4599, 18507, 6, 0, 18508, 18519, 12, 6, 2.00, 1
4600, 18510, 5, 0, 18511, 18522, 12, 7, 2.40, 1
4601, 18512, 4, 0, 18513, 18516, 4, 0, 1.00, 1
4602, 18515, 12, 0, 18579, 18596, 81, 69, 6.75, 1
4603, 18526, 9, 0, 18542, 18556, 30, 21, 3.33, 1
4604, 18528, 2, 0, 18529, 18530, 2, 0, 1.00, 1
4605, 18535, 1, 0, 18536, 18536, 1, 0, 1.00, 1
4606, 18545, 4, 0, 18546, 18549, 4, 0, 1.00, 1
4607, 18553, 2, 0, 18554, 18555, 2, 0, 1.00, 1
4608, 18556, 8, 0, 18557, 18571, 15, 7, 1.88, 1
4609, 18559, 7, 0, 18560, 18577, 18, 11, 2.57, 1
4610, 18560, 4, 0, 18561, 18566, 6, 2, 1.50, 1
4611, 18563, 2, 0, 18564, 18565, 2, 0, 1.00, 1
4612, 18566, 14, 0, 40658, 40671, 22105, 22091, 1578.93, 1
4613, 18577, 1, 0, 18578, 18578, 1, 0, 1.00, 1
4614, 18579, 1, 0, 18580, 18580, 1, 0, 1.00, 1
4615, 18583, 2, 0, 18584, 18585, 2, 0, 1.00, 1
4616, 18586, 3, 0, 18587, 18589, 3, 0, 1.00, 1
4617, 18588, 10, 0, 18597, 18609, 21, 11, 2.10, 1
4618, 18596, 13, 0, 24335, 24361, 5765, 5752, 443.46, 1
4619, 18601, 2, 0, 18602, 18603, 2, 0, 1.00, 1
4620, 18607, 1, 0, 18608, 18608, 1, 0, 1.00, 1
4621, 18610, 3, 0, 18611, 18613, 3, 0, 1.00, 1
4622, 18622, 2, 0, 18623, 18625, 3, 1, 1.50, 1
4623, 18623, 1, 0, 18624, 18624, 1, 0, 1.00, 1
4624, 18626, 2, 0, 18627, 18628, 2, 0, 1.00, 1
4625, 18631, 1, 0, 18632, 18632, 1, 0, 1.00, 1
4626, 18636, 4, 0, 18637, 18640, 4, 0, 1.00, 1
4627, 18643, 7, 0, 18644, 18650, 7, 0, 1.00, 1
4628, 18653, 2, 0, 18654, 18655, 2, 0, 1.00, 1
4629, 18660, 7, 0, 18661, 18670, 10, 3, 1.43, 1
4630, 18661, 13, 0, 24362, 24382, 5721, 5708, 440.08, 1
4631, 18666, 3, 0, 18667, 18669, 3, 0, 1.00, 1
4632, 18680, 18, 0, 45026, 45043, 26363, 26345, 1464.61, 1
4633, 18681, 1, 0, 18682, 18682, 1, 0, 1.00, 1
4634, 18686, 1, 0, 18687, 18687, 1, 0, 1.00, 1
4635, 18687, 3, 0, 18688, 18692, 5, 2, 1.67, 1
4636, 18688, 2, 0, 18689, 18690, 2, 0, 1.00, 1
4637, 18689, 3, 0, 18693, 18696, 7, 4, 2.33, 1
4638, 18693, 1, 0, 18694, 18694, 1, 0, 1.00, 1
4639, 18694, 8, 0, 18724, 18742, 48, 40, 6.00, 1
4640, 18695, 7, 0, 18697, 18708, 13, 6, 1.86, 1
4641, 18697, 5, 0, 18698, 18702, 5, 0, 1.00, 1
4642, 18698, 6, 0, 18709, 18714, 16, 10, 2.67, 1
4643, 18706, 9, 0, 18755, 18778, 72, 63, 8.00, 1
4644, 18721, 1, 0, 18722, 18722, 1, 0, 1.00, 1
4645, 18724, 6, 0, 18725, 18731, 7, 1, 1.17, 1
4646, 18726, 1, 0, 18727, 18727, 1, 0, 1.00, 1
4647, 18732, 1, 0, 18733, 18733, 1, 0, 1.00, 1
4648, 18733, 6, 0, 18743, 18752, 19, 13, 3.17, 1
4649, 18734, 3, 0, 18735, 18737, 3, 0, 1.00, 1
4650, 18743, 2, 0, 18744, 18745, 2, 0, 1.00, 1
4651, 18746, 1, 0, 18747, 18747, 1, 0, 1.00, 1
4652, 18747, 1, 0, 18748, 18748, 1, 0, 1.00, 1
4653, 18748, 11, 0, 18791, 18809, 61, 50, 5.55, 1
4654, 18752, 2, 0, 18753, 18754, 2, 0, 1.00, 1
4655, 18756, 18, 0, 45044, 45061, 26305, 26287, 1461.39, 1
4656, 18757, 7, 0, 18758, 18768, 11, 4, 1.57, 1
4657, 18758, 11, 0, 18826, 18878, 120, 109, 10.91, 1
4658, 18760, 3, 0, 18761, 18763, 3, 0, 1.00, 1
4659, 18765, 1, 0, 18766, 18766, 1, 0, 1.00, 1
4660, 18766, 4, 0, 18769, 18772, 6, 2, 1.50, 1
4661, 18773, 24, 0, 47909, 47932, 29159, 29135, 1214.96, 1
4662, 18778, 6, 0, 18779, 18784, 6, 0, 1.00, 1
4663, 18784, 6, 0, 18785, 18790, 6, 0, 1.00, 1
4664, 18793, 1, 0, 18794, 18794, 1, 0, 1.00, 1
4665, 18798, 10, 0, 18799, 18818, 20, 10, 2.00, 1
4666, 18802, 3, 0, 18803, 18805, 3, 0, 1.00, 1
4667, 18812, 2, 0, 18813, 18814, 2, 0, 1.00, 1
4668, 18816, 1, 0, 18817, 18817, 1, 0, 1.00, 1
4669, 18817, 5, 0, 18821, 18825, 8, 3, 1.60, 1
4670, 18818, 2, 0, 18819, 18820, 2, 0, 1.00, 1
4671, 18829, 4, 0, 18830, 18833, 4, 0, 1.00, 1
4672, 18830, 6, 0, 18834, 18841, 11, 5, 1.83, 1
4673, 18834, 9, 0, 18880, 18892, 58, 49, 6.44, 1
4674, 18838, 2, 0, 18839, 18840, 2, 0, 1.00, 1
4675, 18839, 6, 0, 18852, 18861, 22, 16, 3.67, 1
4676, 18840, 5, 0, 18842, 18846, 6, 1, 1.20, 1
4677, 18842, 5, 0, 18847, 18851, 9, 4, 1.80, 1
4678, 18853, 1, 0, 18854, 18854, 1, 0, 1.00, 1
4679, 18856, 2, 0, 18857, 18858, 2, 0, 1.00, 1
4680, 18857, 3, 0, 18862, 18864, 7, 4, 2.33, 1
4681, 18858, 1, 0, 18859, 18859, 1, 0, 1.00, 1
4682, 18859, 4, 0, 18865, 18871, 12, 8, 3.00, 1
4683, 18865, 1, 0, 18866, 18866, 1, 0, 1.00, 1
4684, 18867, 2, 0, 18868, 18869, 2, 0, 1.00, 1
4685, 18878, 1, 0, 18879, 18879, 1, 0, 1.00, 1
4686, 18881, 1, 0, 18882, 18882, 1, 0, 1.00, 1
4687, 18883, 3, 0, 18884, 18886, 3, 0, 1.00, 1
4688, 18894, 2, 0, 18895, 18896, 2, 0, 1.00, 1
4689, 18895, 2, 0, 18897, 18898, 3, 1, 1.50, 1
4690, 18903, 4, 0, 18904, 18907, 4, 0, 1.00, 1
4691, 18908, 8, 0, 18909, 18918, 10, 2, 1.25, 1
4692, 18915, 2, 0, 18916, 18917, 2, 0, 1.00, 1
4693, 18917, 2, 0, 18919, 18920, 3, 1, 1.50, 1
4694, 18920, 2, 0, 18921, 18922, 2, 0, 1.00, 1
4695, 18921, 3, 0, 18923, 18925, 4, 1, 1.33, 1
4696, 18923, 10, 0, 18931, 18951, 28, 18, 2.80, 1
4697, 18933, 4, 0, 18934, 18937, 4, 0, 1.00, 1
4698, 18940, 7, 0, 18941, 18957, 17, 10, 2.43, 1
4699, 18941, 4, 0, 18942, 18945, 4, 0, 1.00, 1
4700, 18948, 2, 0, 18949, 18950, 2, 0, 1.00, 1
4701, 18950, 8, 0, 18958, 18971, 21, 13, 2.62, 1
4702, 18962, 7, 0, 18963, 18980, 18, 11, 2.57, 1
4703, 18966, 1, 0, 18967, 18967, 1, 0, 1.00, 1
4704, 18968, 1, 0, 18969, 18969, 1, 0, 1.00, 1
4705, 18973, 6, 0, 18974, 18979, 6, 0, 1.00, 1
4706, 18978, 7, 0, 18981, 18989, 11, 4, 1.57, 1
4707, 18982, 2, 0, 18983, 18984, 2, 0, 1.00, 1
4708, 18989, 6, 0, 18990, 18995, 6, 0, 1.00, 1
4709, 18999, 3, 0, 19000, 19003, 4, 1, 1.33, 1
4710, 19000, 21, 0, 46865, 46885, 27885, 27864, 1327.86, 1
4711, 19001, 1, 0, 19002, 19002, 1, 0, 1.00, 1
4712, 19002, 5, 0, 19004, 19015, 13, 8, 2.60, 1
4713, 19004, 3, 0, 19005, 19007, 3, 0, 1.00, 1
4714, 19008, 3, 0, 19009, 19012, 4, 1, 1.33, 1
4715, 19010, 1, 0, 19011, 19011, 1, 0, 1.00, 1
4716, 19014, 5, 0, 19016, 19021, 7, 2, 1.40, 1
4717, 19018, 8, 0, 19036, 19059, 41, 33, 5.12, 1
4718, 19019, 1, 0, 19020, 19020, 1, 0, 1.00, 1
4719, 19020, 7, 0, 19022, 19035, 15, 8, 2.14, 1
4720, 19022, 10, 0, 19232, 19295, 273, 263, 27.30, 1
4721, 19023, 5, 0, 19024, 19028, 5, 0, 1.00, 1
4722, 19027, 8, 0, 19072, 19091, 64, 56, 8.00, 1
4723, 19031, 2, 0, 19032, 19033, 2, 0, 1.00, 1
4724, 19039, 7, 0, 19040, 19064, 25, 18, 3.57, 1
4725, 19041, 3, 0, 19042, 19045, 4, 1, 1.33, 1
4726, 19042, 1, 0, 19043, 19043, 1, 0, 1.00, 1
4727, 19043, 3, 0, 19047, 19049, 6, 3, 2.00, 1
4728, 19045, 1, 0, 19046, 19046, 1, 0, 1.00, 1
4729, 19048, 7, 0, 19065, 19071, 23, 16, 3.29, 1
4730, 19050, 5, 0, 19051, 19056, 6, 1, 1.20, 1
4731, 19054, 1, 0, 19055, 19055, 1, 0, 1.00, 1
4732, 19075, 7, 0, 19076, 19082, 7, 0, 1.00, 1
4733, 19082, 3, 0, 19083, 19085, 3, 0, 1.00, 1
4734, 19084, 7, 0, 19092, 19116, 32, 25, 4.57, 1
4735, 19085, 2, 0, 19086, 19087, 2, 0, 1.00, 1
4736, 19092, 4, 0, 19093, 19096, 4, 0, 1.00, 1
4737, 19093, 5, 0, 19097, 19102, 9, 4, 1.80, 1
4738, 19099, 1, 0, 19100, 19100, 1, 0, 1.00, 1
4739, 19104, 3, 0, 19105, 19109, 5, 2, 1.67, 1
4740, 19106, 2, 0, 19107, 19108, 2, 0, 1.00, 1
4741, 19108, 6, 0, 19128, 19135, 27, 21, 4.50, 1
4742, 19109, 1, 0, 19110, 19110, 1, 0, 1.00, 1
4743, 19110, 24, 0, 47933, 47956, 28846, 28822, 1201.92, 1
4744, 19112, 9, 0, 19179, 19188, 76, 67, 8.44, 1
4745, 19113, 5, 0, 19114, 19124, 11, 6, 2.20, 1
4746, 19114, 1, 0, 19115, 19115, 1, 0, 1.00, 1
4747, 19119, 4, 0, 19120, 19123, 4, 0, 1.00, 1
4748, 19123, 6, 0, 19136, 19143, 20, 14, 3.33, 1
4749, 19124, 3, 0, 19125, 19127, 3, 0, 1.00, 1
4750, 19126, 8, 0, 19147, 19158, 32, 24, 4.00, 1
4751, 19128, 2, 0, 19129, 19130, 2, 0, 1.00, 1
4752, 19130, 10, 0, 19524, 19565, 435, 425, 43.50, 1
4753, 19138, 2, 0, 19139, 19140, 2, 0, 1.00, 1
4754, 19140, 3, 0, 19144, 19146, 6, 3, 2.00, 1
4755, 19147, 1, 0, 19148, 19148, 1, 0, 1.00, 1
4756, 19148, 3, 0, 19149, 19151, 3, 0, 1.00, 1
4757, 19149, 8, 0, 19159, 19166, 17, 9, 2.12, 1
4758, 19153, 11, 0, 19589, 19599, 446, 435, 40.55, 1
4759, 19166, 1, 0, 19167, 19167, 1, 0, 1.00, 1
4760, 19170, 2, 0, 19171, 19172, 2, 0, 1.00, 1
4761, 19171, 12, 0, 20205, 20220, 1049, 1037, 87.42, 1
4762, 19182, 9, 0, 19196, 19214, 32, 23, 3.56, 1
4763, 19183, 1, 0, 19184, 19184, 1, 0, 1.00, 1
4764, 19188, 7, 0, 19189, 19195, 7, 0, 1.00, 1
4765, 19196, 4, 0, 19197, 19202, 6, 2, 1.50, 1
4766, 19199, 2, 0, 19200, 19203, 4, 2, 2.00, 1
4767, 19200, 1, 0, 19201, 19201, 1, 0, 1.00, 1
4768, 19202, 15, 0, 42058, 42072, 22870, 22855, 1524.67, 1
4769, 19205, 3, 0, 19206, 19208, 3, 0, 1.00, 1
4770, 19208, 7, 0, 19215, 19231, 23, 16, 3.29, 1
4771, 19215, 4, 0, 19216, 19225, 10, 6, 2.50, 1
4772, 19216, 3, 0, 19217, 19220, 4, 1, 1.33, 1
4773, 19217, 1, 0, 19218, 19218, 1, 0, 1.00, 1
4774, 19221, 2, 0, 19222, 19223, 2, 0, 1.00, 1
4775, 19224, 10, 0, 19566, 19577, 353, 343, 35.30, 1
4776, 19234, 2, 0, 19235, 19236, 2, 0, 1.00, 1
4777, 19235, 2, 0, 19237, 19238, 3, 1, 1.50, 1
4778, 19236, 6, 0, 19239, 19247, 11, 5, 1.83, 1
4779, 19240, 3, 0, 19241, 19243, 3, 0, 1.00, 1
4780, 19242, 9, 0, 19324, 19346, 104, 95, 11.56, 1
4781, 19244, 6, 0, 19263, 19269, 25, 19, 4.17, 1
4782, 19247, 5, 0, 19248, 19252, 5, 0, 1.00, 1
4783, 19248, 5, 0, 19254, 19260, 12, 7, 2.40, 1
4784, 19252, 1, 0, 19253, 19253, 1, 0, 1.00, 1
4785, 19256, 9, 0, 19347, 19374, 118, 109, 13.11, 1
4786, 19257, 2, 0, 19258, 19259, 2, 0, 1.00, 1
4787, 19260, 2, 0, 19261, 19262, 2, 0, 1.00, 1
4788, 19264, 14, 0, 40672, 40685, 21421, 21407, 1530.07, 1
4789, 19265, 1, 0, 19266, 19266, 1, 0, 1.00, 1
4790, 19271, 5, 0, 19272, 19278, 7, 2, 1.40, 1
4791, 19274, 8, 0, 19311, 19323, 49, 41, 6.12, 1
4792, 19275, 2, 0, 19276, 19280, 5, 3, 2.50, 1
4793, 19276, 1, 0, 19277, 19277, 1, 0, 1.00, 1
4794, 19278, 1, 0, 19279, 19279, 1, 0, 1.00, 1
4795, 19279, 1, 0, 19281, 19281, 2, 1, 2.00, 1
4796, 19284, 4, 0, 19285, 19288, 4, 0, 1.00, 1
4797, 19289, 4, 0, 19290, 19306, 17, 13, 4.25, 1
4798, 19292, 2, 0, 19293, 19294, 2, 0, 1.00, 1
4799, 19295, 9, 0, 19296, 19304, 9, 0, 1.00, 1
4800, 19304, 1, 0, 19305, 19305, 1, 0, 1.00, 1
4801, 19305, 3, 0, 19308, 19310, 5, 2, 1.67, 1
4802, 19306, 1, 0, 19307, 19307, 1, 0, 1.00, 1
4803, 19313, 2, 0, 19314, 19315, 2, 0, 1.00, 1
4804, 19315, 1, 0, 19316, 19316, 1, 0, 1.00, 1
4805, 19319, 2, 0, 19320, 19321, 2, 0, 1.00, 1
4806, 19325, 5, 0, 19326, 19332, 7, 2, 1.40, 1
4807, 19327, 2, 0, 19328, 19329, 2, 0, 1.00, 1
4808, 19334, 7, 0, 19335, 19341, 7, 0, 1.00, 1
4809, 19348, 5, 0, 19349, 19365, 17, 12, 3.40, 1
4810, 19349, 3, 0, 19350, 19352, 3, 0, 1.00, 1
4811, 19351, 3, 0, 19353, 19355, 4, 1, 1.33, 1
4812, 19358, 4, 0, 19359, 19362, 4, 0, 1.00, 1
4813, 19362, 2, 0, 19363, 19364, 2, 0, 1.00, 1
4814, 19363, 8, 0, 19375, 19400, 37, 29, 4.62, 1
4815, 19365, 9, 0, 19487, 19505, 140, 131, 15.56, 1
4816, 19367, 2, 0, 19368, 19369, 2, 0, 1.00, 1
4817, 19375, 4, 0, 19376, 19379, 4, 0, 1.00, 1
4818, 19378, 6, 0, 19380, 19387, 9, 3, 1.50, 1
4819, 19380, 18, 0, 45062, 45079, 25699, 25681, 1427.72, 1
4820, 19381, 1, 0, 19382, 19382, 1, 0, 1.00, 1
4821, 19384, 11, 0, 19604, 19627, 243, 232, 22.09, 1
4822, 19385, 1, 0, 19386, 19386, 1, 0, 1.00, 1
4823, 19387, 7, 0, 19462, 19469, 82, 75, 11.71, 1
4824, 19388, 1, 0, 19389, 19389, 1, 0, 1.00, 1
4825, 19394, 7, 0, 19395, 19404, 10, 3, 1.43, 1
4826, 19397, 2, 0, 19398, 19399, 2, 0, 1.00, 1
4827, 19398, 4, 0, 19405, 19408, 10, 6, 2.50, 1
4828, 19406, 5, 0, 19409, 19417, 11, 6, 2.20, 1
4829, 19407, 7, 0, 19470, 19476, 69, 62, 9.86, 1
4830, 19408, 9, 0, 19506, 19514, 106, 97, 11.78, 1
4831, 19409, 1, 0, 19410, 19410, 1, 0, 1.00, 1
4832, 19412, 3, 0, 19413, 19415, 3, 0, 1.00, 1
4833, 19417, 4, 0, 19418, 19424, 7, 3, 1.75, 1
4834, 19418, 5, 0, 19425, 19434, 16, 11, 3.20, 1
4835, 19419, 3, 0, 19420, 19422, 3, 0, 1.00, 1
4836, 19425, 3, 0, 19426, 19428, 3, 0, 1.00, 1
4837, 19426, 9, 0, 19515, 19523, 97, 88, 10.78, 1
4838, 19430, 2, 0, 19431, 19432, 2, 0, 1.00, 1
4839, 19431, 6, 0, 19438, 19451, 20, 14, 3.33, 1
4840, 19432, 3, 0, 19435, 19437, 5, 2, 1.67, 1
4841, 19439, 4, 0, 19440, 19443, 4, 0, 1.00, 1
4842, 19442, 7, 0, 19477, 19486, 44, 37, 6.29, 1
4843, 19443, 6, 0, 19456, 19461, 18, 12, 3.00, 1
4844, 19444, 2, 0, 19445, 19446, 2, 0, 1.00, 1
4845, 19445, 3, 0, 19452, 19455, 10, 7, 3.33, 1
4846, 19447, 2, 0, 19448, 19449, 2, 0, 1.00, 1
4847, 19452, 1, 0, 19453, 19453, 1, 0, 1.00, 1
4848, 19454, 11, 0, 19628, 19652, 198, 187, 18.00, 1
4849, 19465, 1, 0, 19466, 19466, 1, 0, 1.00, 1
4850, 19477, 2, 0, 19478, 19479, 2, 0, 1.00, 1
4851, 19481, 1, 0, 19482, 19482, 1, 0, 1.00, 1
4852, 19487, 3, 0, 19488, 19490, 3, 0, 1.00, 1
4853, 19494, 4, 0, 19495, 19498, 4, 0, 1.00, 1
4854, 19501, 3, 0, 19502, 19504, 3, 0, 1.00, 1
4855, 19502, 10, 0, 19578, 19588, 86, 76, 8.60, 1
4856, 19526, 5, 0, 19527, 19534, 8, 3, 1.60, 1
4857, 19530, 3, 0, 19531, 19533, 3, 0, 1.00, 1
4858, 19533, 4, 0, 19535, 19538, 5, 1, 1.25, 1
4859, 19538, 4, 0, 19539, 19542, 4, 0, 1.00, 1
4860, 19539, 4, 0, 19543, 19546, 7, 3, 1.75, 1
4861, 19541, 4, 0, 19547, 19553, 12, 8, 3.00, 1
4862, 19543, 4, 0, 19555, 19558, 15, 11, 3.75, 1
4863, 19547, 3, 0, 19548, 19550, 3, 0, 1.00, 1
4864, 19549, 12, 0, 20221, 20255, 706, 694, 58.83, 1
4865, 19553, 1, 0, 19554, 19554, 1, 0, 1.00, 1
4866, 19568, 2, 0, 19569, 19570, 2, 0, 1.00, 1
4867, 19573, 11, 0, 19684, 19705, 132, 121, 12.00, 1
4868, 19579, 1, 0, 19580, 19580, 1, 0, 1.00, 1
4869, 19583, 18, 0, 45080, 45097, 25514, 25496, 1417.44, 1
4870, 19599, 4, 0, 19600, 19603, 4, 0, 1.00, 1
4871, 19604, 2, 0, 19605, 19607, 3, 1, 1.50, 1
4872, 19605, 1, 0, 19606, 19606, 1, 0, 1.00, 1
4873, 19611, 2, 0, 19612, 19614, 3, 1, 1.50, 1
4874, 19612, 1, 0, 19613, 19613, 1, 0, 1.00, 1
4875, 19613, 5, 0, 19615, 19621, 8, 3, 1.60, 1
4876, 19617, 2, 0, 19618, 19619, 2, 0, 1.00, 1
4877, 19633, 5, 0, 19634, 19641, 8, 3, 1.60, 1
4878, 19635, 3, 0, 19636, 19638, 3, 0, 1.00, 1
4879, 19643, 8, 0, 19644, 19683, 40, 32, 5.00, 1
4880, 19644, 1, 0, 19645, 19645, 1, 0, 1.00, 1
4881, 19647, 4, 0, 19648, 19651, 4, 0, 1.00, 1
4882, 19653, 5, 0, 19654, 19660, 7, 2, 1.40, 1
4883, 19657, 2, 0, 19658, 19659, 2, 0, 1.00, 1
4884, 19661, 1, 0, 19662, 19662, 1, 0, 1.00, 1
4885, 19663, 4, 0, 19664, 19678, 15, 11, 3.75, 1
4886, 19664, 2, 0, 19665, 19666, 2, 0, 1.00, 1
4887, 19665, 2, 0, 19667, 19668, 3, 1, 1.50, 1
4888, 19668, 1, 0, 19669, 19669, 1, 0, 1.00, 1
4889, 19669, 1, 0, 19670, 19670, 1, 0, 1.00, 1
4890, 19670, 2, 0, 19671, 19672, 2, 0, 1.00, 1
4891, 19674, 3, 0, 19675, 19679, 5, 2, 1.67, 1
4892, 19676, 1, 0, 19677, 19677, 1, 0, 1.00, 1
4893, 19685, 31, 0, 49080, 49110, 29425, 29394, 949.19, 1
4894, 19686, 27, 0, 48586, 48612, 28926, 28899, 1071.33, 1
4895, 19688, 4, 0, 19689, 19692, 4, 0, 1.00, 1
4896, 19690, 4, 0, 19693, 19698, 8, 4, 2.00, 1
4897, 19693, 9, 0, 19732, 19749, 56, 47, 6.22, 1
4898, 19695, 2, 0, 19696, 19697, 2, 0, 1.00, 1
4899, 19697, 8, 0, 19706, 19721, 24, 16, 3.00, 1
4900, 19703, 1, 0, 19704, 19704, 1, 0, 1.00, 1
4901, 19704, 19, 0, 45853, 45871, 26167, 26148, 1377.21, 1
4902, 19708, 4, 0, 19709, 19716, 8, 4, 2.00, 1
4903, 19709, 1, 0, 19710, 19710, 1, 0, 1.00, 1
4904, 19710, 1, 0, 19711, 19711, 1, 0, 1.00, 1
4905, 19713, 2, 0, 19714, 19715, 2, 0, 1.00, 1
4906, 19719, 8, 0, 19722, 19731, 12, 4, 1.50, 1
4907, 19722, 2, 0, 19723, 19724, 2, 0, 1.00, 1
4908, 19726, 14, 0, 40686, 40699, 20973, 20959, 1498.07, 1
4909, 19733, 29, 0, 48751, 48779, 29046, 29017, 1001.59, 1
4910, 19738, 8, 0, 19739, 19753, 15, 7, 1.88, 1
4911, 19740, 9, 0, 19768, 19783, 43, 34, 4.78, 1
4912, 19742, 9, 0, 19832, 19855, 113, 104, 12.56, 1
4913, 19744, 3, 0, 19745, 19747, 3, 0, 1.00, 1
4914, 19745, 5, 0, 19758, 19763, 18, 13, 3.60, 1
4915, 19749, 2, 0, 19750, 19751, 2, 0, 1.00, 1
4916, 19750, 4, 0, 19754, 19757, 7, 3, 1.75, 1
4917, 19761, 1, 0, 19762, 19762, 1, 0, 1.00, 1
4918, 19763, 4, 0, 19764, 19767, 4, 0, 1.00, 1
4919, 19768, 1, 0, 19769, 19769, 1, 0, 1.00, 1
4920, 19769, 12, 0, 20303, 20339, 570, 558, 47.50, 1
4921, 19775, 4, 0, 19776, 19794, 19, 15, 4.75, 1
4922, 19776, 1, 0, 19777, 19777, 1, 0, 1.00, 1
4923, 19778, 4, 0, 19779, 19782, 4, 0, 1.00, 1
4924, 19779, 4, 0, 19796, 19799, 20, 16, 5.00, 1
4925, 19780, 14, 0, 40700, 40713, 20933, 20919, 1495.21, 1
4926, 19783, 8, 0, 19784, 19791, 8, 0, 1.00, 1
4927, 19791, 8, 0, 19824, 19831, 40, 32, 5.00, 1
4928, 19794, 1, 0, 19795, 19795, 1, 0, 1.00, 1
4929, 19795, 7, 0, 19800, 19808, 13, 6, 1.86, 1
4930, 19796, 7, 0, 19809, 19816, 20, 13, 2.86, 1
4931, 19799, 14, 0, 40714, 40727, 20928, 20914, 1494.86, 1
4932, 19800, 10, 0, 19883, 19908, 108, 98, 10.80, 1
4933, 19801, 9, 0, 19862, 19871, 70, 61, 7.78, 1
4934, 19802, 2, 0, 19803, 19804, 2, 0, 1.00, 1
4935, 19810, 1, 0, 19811, 19811, 1, 0, 1.00, 1
4936, 19811, 5, 0, 19817, 19823, 12, 7, 2.40, 1
4937, 19817, 1, 0, 19818, 19818, 1, 0, 1.00, 1
4938, 19820, 1, 0, 19821, 19821, 1, 0, 1.00, 1
4939, 19821, 13, 0, 24498, 24535, 4714, 4701, 362.62, 1
4940, 19823, 19, 0, 45872, 45890, 26067, 26048, 1371.95, 1
4941, 19836, 4, 0, 19837, 19840, 4, 0, 1.00, 1
4942, 19841, 4, 0, 19842, 19845, 4, 0, 1.00, 1
4943, 19847, 6, 0, 19848, 19861, 14, 8, 2.33, 1
4944, 19850, 4, 0, 19851, 19854, 4, 0, 1.00, 1
4945, 19856, 3, 0, 19857, 19859, 3, 0, 1.00, 1
4946, 19862, 1, 0, 19863, 19863, 1, 0, 1.00, 1
4947, 19864, 10, 0, 19941, 19965, 101, 91, 10.10, 1
4948, 19871, 3, 0, 19872, 19874, 3, 0, 1.00, 1
4949, 19873, 7, 0, 19875, 19882, 9, 2, 1.29, 1
4950, 19879, 1, 0, 19880, 19880, 1, 0, 1.00, 1
4951, 19887, 3, 0, 19888, 19890, 3, 0, 1.00, 1
4952, 19888, 25, 0, 48225, 48249, 28361, 28336, 1134.44, 1
4953, 19889, 6, 0, 19924, 19940, 51, 45, 8.50, 1
4954, 19893, 9, 0, 19894, 19902, 9, 0, 1.00, 1
4955, 19903, 5, 0, 19904, 19917, 14, 9, 2.80, 1
4956, 19905, 2, 0, 19906, 19907, 2, 0, 1.00, 1
4957, 19910, 4, 0, 19911, 19922, 12, 8, 3.00, 1
4958, 19913, 3, 0, 19914, 19916, 3, 0, 1.00, 1
4959, 19917, 3, 0, 19918, 19923, 6, 3, 2.00, 1
4960, 19919, 2, 0, 19920, 19921, 2, 0, 1.00, 1
4961, 19924, 1, 0, 19925, 19925, 1, 0, 1.00, 1
4962, 19927, 2, 0, 19928, 19929, 2, 0, 1.00, 1
4963, 19929, 2, 0, 19930, 19932, 3, 1, 1.50, 1
4964, 19930, 1, 0, 19931, 19931, 1, 0, 1.00, 1
4965, 19933, 29, 0, 48780, 48808, 28875, 28846, 995.69, 1
4966, 19934, 5, 0, 19935, 19939, 5, 0, 1.00, 1
4967, 19941, 10, 0, 19979, 20001, 60, 50, 6.00, 1
4968, 19943, 6, 0, 19944, 19956, 13, 7, 2.17, 1
4969, 19944, 8, 0, 19966, 19978, 34, 26, 4.25, 1
4970, 19945, 4, 0, 19946, 19950, 5, 1, 1.25, 1
4971, 19948, 1, 0, 19949, 19949, 1, 0, 1.00, 1
4972, 19950, 16, 0, 43262, 43277, 23327, 23311, 1457.94, 1
4973, 19952, 2, 0, 19953, 19954, 2, 0, 1.00, 1
4974, 19956, 2, 0, 19957, 19958, 2, 0, 1.00, 1
4975, 19967, 2, 0, 19968, 19969, 2, 0, 1.00, 1
4976, 19970, 3, 0, 19971, 19973, 3, 0, 1.00, 1
4977, 19975, 11, 0, 20167, 20199, 224, 213, 20.36, 1
4978, 19979, 5, 0, 19980, 19984, 5, 0, 1.00, 1
4979, 19986, 2, 0, 19987, 19988, 2, 0, 1.00, 1
4980, 19988, 7, 0, 20009, 20026, 38, 31, 5.43, 1
4981, 19990, 15, 0, 42073, 42087, 22097, 22082, 1473.13, 1
4982, 19993, 2, 0, 19994, 19995, 2, 0, 1.00, 1
4983, 19996, 4, 0, 19997, 20000, 4, 0, 1.00, 1
4984, 19999, 4, 0, 20002, 20007, 8, 4, 2.00, 1
4985, 20003, 2, 0, 20004, 20005, 2, 0, 1.00, 1
4986, 20007, 1, 0, 20008, 20008, 1, 0, 1.00, 1
4987, 20009, 2, 0, 20010, 20011, 2, 0, 1.00, 1
4988, 20010, 2, 0, 20012, 20013, 3, 1, 1.50, 1
4989, 20013, 4, 0, 20014, 20017, 4, 0, 1.00, 1
4990, 20014, 10, 0, 20098, 20108, 94, 84, 9.40, 1
4991, 20018, 3, 0, 20019, 20021, 3, 0, 1.00, 1
4992, 20021, 8, 0, 20027, 20036, 15, 7, 1.88, 1
4993, 20026, 10, 0, 20109, 20126, 100, 90, 10.00, 1
4994, 20029, 10, 0, 20136, 20156, 127, 117, 12.70, 1
4995, 20031, 2, 0, 20032, 20033, 2, 0, 1.00, 1
4996, 20036, 6, 0, 20037, 20047, 11, 5, 1.83, 1
4997, 20040, 5, 0, 20041, 20045, 5, 0, 1.00, 1
4998, 20046, 7, 0, 20048, 20056, 10, 3, 1.43, 1
4999, 20050, 2, 0, 20051, 20052, 2, 0, 1.00, 1
5000, 20051, 6, 0, 20065, 20083, 32, 26, 5.33, 1
5001, 20056, 6, 0, 20057, 20063, 7, 1, 1.17, 1
5002, 20058, 9, 0, 20089, 20097, 39, 30, 4.33, 1
5003, 20060, 1, 0, 20061, 20061, 1, 0, 1.00, 1
5004, 20063, 1, 0, 20064, 20064, 1, 0, 1.00, 1
5005, 20065, 4, 0, 20066, 20069, 4, 0, 1.00, 1
5006, 20070, 14, 0, 40728, 40741, 20671, 20657, 1476.50, 1
5007, 20071, 1, 0, 20072, 20072, 1, 0, 1.00, 1
5008, 20073, 4, 0, 20074, 20077, 4, 0, 1.00, 1
5009, 20077, 3, 0, 20078, 20080, 3, 0, 1.00, 1
5010, 20080, 1, 0, 20081, 20081, 1, 0, 1.00, 1
5011, 20083, 2, 0, 20084, 20085, 2, 0, 1.00, 1
5012, 20084, 3, 0, 20086, 20088, 4, 1, 1.33, 1
5013, 20106, 1, 0, 20107, 20107, 1, 0, 1.00, 1
5014, 20112, 4, 0, 20113, 20116, 4, 0, 1.00, 1
5015, 20118, 2, 0, 20119, 20120, 2, 0, 1.00, 1
5016, 20121, 2, 0, 20122, 20123, 2, 0, 1.00, 1
5017, 20122, 4, 0, 20132, 20135, 13, 9, 3.25, 1
5018, 20126, 5, 0, 20127, 20131, 5, 0, 1.00, 1
5019, 20142, 8, 0, 20143, 20165, 23, 15, 2.88, 1
5020, 20145, 5, 0, 20146, 20150, 5, 0, 1.00, 1
5021, 20150, 2, 0, 20151, 20153, 3, 1, 1.50, 1
5022, 20151, 1, 0, 20152, 20152, 1, 0, 1.00, 1
5023, 20158, 4, 0, 20159, 20162, 4, 0, 1.00, 1
5024, 20165, 1, 0, 20166, 20166, 1, 0, 1.00, 1
5025, 20168, 5, 0, 20169, 20173, 5, 0, 1.00, 1
5026, 20172, 8, 0, 20175, 20183, 11, 3, 1.38, 1
5027, 20173, 1, 0, 20174, 20174, 1, 0, 1.00, 1
5028, 20180, 1, 0, 20181, 20181, 1, 0, 1.00, 1
5029, 20184, 1, 0, 20185, 20185, 1, 0, 1.00, 1
5030, 20191, 7, 0, 20192, 20204, 13, 6, 1.86, 1
5031, 20195, 2, 0, 20196, 20197, 2, 0, 1.00, 1
5032, 20199, 2, 0, 20200, 20201, 2, 0, 1.00, 1
5033, 20205, 4, 0, 20206, 20209, 4, 0, 1.00, 1
5034, 20221, 2, 0, 20222, 20223, 2, 0, 1.00, 1
5035, 20224, 3, 0, 20225, 20227, 3, 0, 1.00, 1
5036, 20227, 5, 0, 20228, 20234, 7, 2, 1.40, 1
5037, 20228, 2, 0, 20229, 20230, 2, 0, 1.00, 1
5038, 20229, 6, 0, 20235, 20245, 16, 10, 2.67, 1
5039, 20232, 10, 0, 20259, 20279, 47, 37, 4.70, 1
5040, 20237, 4, 0, 20238, 20241, 4, 0, 1.00, 1
5041, 20238, 13, 0, 24785, 24811, 4573, 4560, 351.77, 1
5042, 20242, 1, 0, 20243, 20243, 1, 0, 1.00, 1
5043, 20255, 3, 0, 20256, 20258, 3, 0, 1.00, 1
5044, 20260, 5, 0, 20261, 20271, 11, 6, 2.20, 1
5045, 20261, 4, 0, 20262, 20267, 6, 2, 1.50, 1
5046, 20262, 2, 0, 20263, 20264, 2, 0, 1.00, 1
5047, 20274, 10, 0, 20280, 20289, 15, 5, 1.50, 1
5048, 20289, 8, 0, 20290, 20302, 13, 5, 1.62, 1
5049, 20294, 5, 0, 20295, 20299, 5, 0, 1.00, 1
5050, 20296, 24, 0, 47957, 47980, 27684, 27660, 1153.50, 1
5051, 20306, 3, 0, 20307, 20309, 3, 0, 1.00, 1
5052, 20310, 6, 0, 20311, 20316, 6, 0, 1.00, 1
5053, 20311, 9, 0, 20370, 20387, 76, 67, 8.44, 1
5054, 20313, 9, 0, 20392, 20400, 87, 78, 9.67, 1
5055, 20316, 4, 0, 20317, 20320, 4, 0, 1.00, 1
5056, 20317, 9, 0, 20401, 20415, 98, 89, 10.89, 1
5057, 20319, 4, 0, 20321, 20326, 7, 3, 1.75, 1
5058, 20321, 2, 0, 20322, 20323, 2, 0, 1.00, 1
5059, 20323, 7, 0, 20349, 20360, 37, 30, 5.29, 1
5060, 20327, 1, 0, 20328, 20328, 1, 0, 1.00, 1
5061, 20332, 13, 0, 24846, 24871, 4539, 4526, 349.15, 1
5062, 20333, 4, 0, 20334, 20337, 4, 0, 1.00, 1
5063, 20336, 4, 0, 20340, 20344, 8, 4, 2.00, 1
5064, 20337, 1, 0, 20338, 20338, 1, 0, 1.00, 1
5065, 20340, 4, 0, 20345, 20348, 8, 4, 2.00, 1
5066, 20342, 1, 0, 20343, 20343, 1, 0, 1.00, 1
5067, 20344, 9, 0, 20452, 20465, 121, 112, 13.44, 1
5068, 20349, 3, 0, 20350, 20352, 3, 0, 1.00, 1
5069, 20350, 9, 0, 20478, 20487, 137, 128, 15.22, 1
5070, 20357, 2, 0, 20358, 20359, 2, 0, 1.00, 1
5071, 20359, 5, 0, 20361, 20369, 10, 5, 2.00, 1
5072, 20362, 4, 0, 20363, 20366, 4, 0, 1.00, 1
5073, 20372, 3, 0, 20373, 20375, 3, 0, 1.00, 1
5074, 20378, 1, 0, 20379, 20379, 1, 0, 1.00, 1
5075, 20380, 4, 0, 20381, 20391, 11, 7, 2.75, 1
5076, 20382, 3, 0, 20383, 20385, 3, 0, 1.00, 1
5077, 20387, 2, 0, 20388, 20389, 2, 0, 1.00, 1
5078, 20395, 9, 0, 20488, 20505, 110, 101, 12.22, 1
5079, 20402, 1, 0, 20403, 20403, 1, 0, 1.00, 1
5080, 20406, 2, 0, 20407, 20408, 2, 0, 1.00, 1
5081, 20408, 3, 0, 20409, 20411, 3, 0, 1.00, 1
5082, 20409, 6, 0, 20429, 20438, 29, 23, 4.83, 1
5083, 20410, 4, 0, 20419, 20422, 12, 8, 3.00, 1
5084, 20415, 2, 0, 20416, 20418, 3, 1, 1.50, 1
5085, 20416, 1, 0, 20417, 20417, 1, 0, 1.00, 1
5086, 20417, 4, 0, 20424, 20428, 11, 7, 2.75, 1
5087, 20421, 9, 0, 20518, 20526, 105, 96, 11.67, 1
5088, 20422, 1, 0, 20423, 20423, 1, 0, 1.00, 1
5089, 20426, 1, 0, 20427, 20427, 1, 0, 1.00, 1
5090, 20432, 4, 0, 20433, 20436, 4, 0, 1.00, 1
5091, 20436, 4, 0, 20439, 20445, 9, 5, 2.25, 1
5092, 20439, 3, 0, 20440, 20442, 3, 0, 1.00, 1
5093, 20440, 10, 0, 20586, 20595, 155, 145, 15.50, 1
5094, 20441, 4, 0, 20446, 20451, 10, 6, 2.50, 1
5095, 20446, 2, 0, 20447, 20448, 2, 0, 1.00, 1
5096, 20453, 18, 0, 45098, 45115, 24662, 24644, 1370.11, 1
5097, 20459, 6, 0, 20460, 20477, 18, 12, 3.00, 1
5098, 20460, 18, 0, 45116, 45133, 24673, 24655, 1370.72, 1
5099, 20461, 4, 0, 20462, 20468, 7, 3, 1.75, 1
5100, 20463, 1, 0, 20464, 20464, 1, 0, 1.00, 1
5101, 20464, 1, 0, 20466, 20466, 2, 1, 2.00, 1
5102, 20469, 2, 0, 20470, 20471, 2, 0, 1.00, 1
5103, 20471, 2, 0, 20472, 20474, 3, 1, 1.50, 1
5104, 20472, 1, 0, 20473, 20473, 1, 0, 1.00, 1
5105, 20479, 1, 0, 20480, 20480, 1, 0, 1.00, 1
5106, 20489, 3, 0, 20490, 20492, 3, 0, 1.00, 1
5107, 20494, 6, 0, 20495, 20500, 6, 0, 1.00, 1
5108, 20496, 6, 0, 20512, 20517, 21, 15, 3.50, 1
5109, 20505, 2, 0, 20506, 20507, 2, 0, 1.00, 1
5110, 20506, 4, 0, 20508, 20511, 5, 1, 1.25, 1
5111, 20517, 10, 0, 20596, 20629, 112, 102, 11.20, 1
5112, 20520, 9, 0, 20555, 20576, 56, 47, 6.22, 1
5113, 20521, 9, 0, 20577, 20585, 64, 55, 7.11, 1
5114, 20526, 7, 0, 20527, 20534, 8, 1, 1.14, 1
5115, 20530, 7, 0, 20537, 20545, 15, 8, 2.14, 1
5116, 20531, 1, 0, 20532, 20532, 1, 0, 1.00, 1
5117, 20532, 2, 0, 20535, 20536, 4, 2, 2.00, 1
5118, 20540, 1, 0, 20541, 20541, 1, 0, 1.00, 1
5119, 20542, 1, 0, 20543, 20543, 1, 0, 1.00, 1
5120, 20543, 7, 0, 20546, 20554, 11, 4, 1.57, 1
5121, 20548, 2, 0, 20549, 20550, 2, 0, 1.00, 1
5122, 20559, 3, 0, 20560, 20562, 3, 0, 1.00, 1
5123, 20563, 2, 0, 20564, 20566, 3, 1, 1.50, 1
5124, 20564, 1, 0, 20565, 20565, 1, 0, 1.00, 1
5125, 20567, 7, 0, 20568, 20574, 7, 0, 1.00, 1
5126, 20584, 30, 0, 48957, 48986, 28402, 28372, 946.73, 1
5127, 20596, 9, 0, 20597, 20605, 9, 0, 1.00, 1
5128, 20608, 2, 0, 20609, 20610, 2, 0, 1.00, 1
5129, 20611, 5, 0, 20612, 20618, 7, 2, 1.40, 1
5130, 20614, 2, 0, 20615, 20616, 2, 0, 1.00, 1
5131, 20618, 8, 0, 20630, 20638, 20, 12, 2.50, 1
5132, 20619, 5, 0, 20620, 20624, 5, 0, 1.00, 1
5133, 20624, 1, 0, 20625, 20625, 1, 0, 1.00, 1
5134, 20636, 1, 0, 20637, 20637, 1, 0, 1.00, 1
5135, 20646, 2, 0, 20647, 20648, 2, 0, 1.00, 1
5136, 20653, 6, 0, 20654, 20659, 6, 0, 1.00, 1
5137, 20657, 18, 0, 45134, 45151, 24494, 24476, 1360.78, 1
5138, 20659, 4, 0, 20660, 20663, 4, 0, 1.00, 1
5139, 20668, 4, 0, 20669, 20674, 6, 2, 1.50, 1
5140, 20670, 2, 0, 20671, 20672, 2, 0, 1.00, 1
5141, 20671, 4, 0, 20675, 20680, 9, 5, 2.25, 1
5142, 20677, 2, 0, 20678, 20679, 2, 0, 1.00, 1
5143, 20678, 4, 0, 20681, 20685, 7, 3, 1.75, 1
5144, 20682, 1, 0, 20683, 20683, 1, 0, 1.00, 1
5145, 20696, 6, 0, 20697, 20704, 8, 2, 1.33, 1
5146, 20701, 2, 0, 20702, 20703, 2, 0, 1.00, 1
5147, 20708, 8, 0, 20709, 20716, 8, 0, 1.00, 1
5148, 20717, 1, 0, 20718, 20718, 1, 0, 1.00, 1
5149, 20721, 3, 0, 20722, 20724, 3, 0, 1.00, 1
5150, 20725, 1, 0, 20726, 20726, 1, 0, 1.00, 1
5151, 20729, 13, 0, 25114, 25147, 4418, 4405, 339.85, 1
5152, 20736, 6, 0, 20737, 20772, 36, 30, 6.00, 1
5153, 20737, 4, 0, 20738, 20752, 15, 11, 3.75, 1
5154, 20738, 3, 0, 20739, 20743, 5, 2, 1.67, 1
5155, 20739, 2, 0, 20740, 20741, 2, 0, 1.00, 1
5156, 20743, 2, 0, 20744, 20745, 2, 0, 1.00, 1
5157, 20744, 3, 0, 20753, 20755, 11, 8, 3.67, 1
5158, 20745, 1, 0, 20746, 20746, 1, 0, 1.00, 1
5159, 20746, 1, 0, 20747, 20747, 1, 0, 1.00, 1
5160, 20747, 1, 0, 20748, 20748, 1, 0, 1.00, 1
5161, 20748, 1, 0, 20749, 20749, 1, 0, 1.00, 1
5162, 20749, 9, 0, 20795, 20807, 58, 49, 6.44, 1
5163, 20752, 5, 0, 20773, 20781, 29, 24, 5.80, 1
5164, 20753, 5, 0, 20789, 20794, 41, 36, 8.20, 1
5165, 20755, 1, 0, 20756, 20756, 1, 0, 1.00, 1
5166, 20758, 7, 0, 20759, 20765, 7, 0, 1.00, 1
5167, 20774, 2, 0, 20775, 20776, 2, 0, 1.00, 1
5168, 20778, 2, 0, 20779, 20780, 2, 0, 1.00, 1
5169, 20780, 4, 0, 20782, 20788, 8, 4, 2.00, 1
5170, 20783, 10, 0, 20808, 20837, 54, 44, 5.40, 1
5171, 20784, 3, 0, 20785, 20787, 3, 0, 1.00, 1
5172, 20791, 1, 0, 20792, 20792, 1, 0, 1.00, 1
5173, 20795, 4, 0, 20796, 20799, 4, 0, 1.00, 1
5174, 20807, 14, 0, 40742, 40755, 19948, 19934, 1424.86, 1
5175, 20808, 11, 0, 20838, 20858, 50, 39, 4.55, 1
5176, 20809, 4, 0, 20810, 20813, 4, 0, 1.00, 1
5177, 20812, 6, 0, 20814, 20819, 7, 1, 1.17, 1
5178, 20817, 7, 0, 20820, 20826, 9, 2, 1.29, 1
5179, 20831, 3, 0, 20832, 20834, 3, 0, 1.00, 1
5180, 20833, 15, 0, 42088, 42102, 21269, 21254, 1417.93, 1
5181, 20841, 1, 0, 20842, 20842, 1, 0, 1.00, 1
5182, 20848, 9, 0, 20849, 20857, 9, 0, 1.00, 1
5183, 20850, 12, 0, 20860, 20884, 34, 22, 2.83, 1
5184, 20858, 1, 0, 20859, 20859, 1, 0, 1.00, 1
5185, 20863, 3, 0, 20864, 20866, 3, 0, 1.00, 1
5186, 20869, 2, 0, 20870, 20871, 2, 0, 1.00, 1
5187, 20872, 2, 0, 20873, 20874, 2, 0, 1.00, 1
5188, 20873, 2, 0, 20875, 20876, 3, 1, 1.50, 1
5189, 20878, 4, 0, 20879, 20882, 4, 0, 1.00, 1
5190, 20883, 19, 0, 45891, 45909, 25026, 25007, 1317.16, 1
5191, 20896, 5, 0, 20897, 20904, 8, 3, 1.60, 1
5192, 20900, 2, 0, 20901, 20905, 5, 3, 2.50, 1
5193, 20901, 1, 0, 20902, 20902, 1, 0, 1.00, 1
5194, 20908, 1, 0, 20909, 20909, 1, 0, 1.00, 1
5195, 20924, 1, 0, 20925, 20925, 1, 0, 1.00, 1
5196, 20930, 2, 0, 20931, 20932, 2, 0, 1.00, 1
5197, 20931, 8, 0, 20936, 20949, 18, 10, 2.25, 1
5198, 20939, 4, 0, 20940, 20943, 4, 0, 1.00, 1
5199, 20941, 6, 0, 20950, 20956, 15, 9, 2.50, 1
5200, 20945, 2, 0, 20946, 20947, 2, 0, 1.00, 1
5201, 20954, 1, 0, 20955, 20955, 1, 0, 1.00, 1
5202, 20959, 2, 0, 20960, 20961, 2, 0, 1.00, 1
5203, 20961, 1, 0, 20962, 20962, 1, 0, 1.00, 1
5204, 20962, 1, 0, 20963, 20963, 1, 0, 1.00, 1
5205, 20966, 5, 0, 20967, 20971, 5, 0, 1.00, 1
5206, 20983, 3, 0, 20984, 20986, 3, 0, 1.00, 1
5207, 20988, 1, 0, 20989, 20989, 1, 0, 1.00, 1
5208, 20993, 7, 0, 20994, 21012, 19, 12, 2.71, 1
5209, 20995, 1, 0, 20996, 20996, 1, 0, 1.00, 1
5210, 20996, 3, 0, 20999, 21001, 5, 2, 1.67, 1
5211, 20999, 4, 0, 21002, 21005, 6, 2, 1.50, 1
5212, 21009, 2, 0, 21010, 21011, 2, 0, 1.00, 1
5213, 21010, 3, 0, 21013, 21015, 5, 2, 1.67, 1
5214, 21014, 9, 0, 21016, 21028, 14, 5, 1.56, 1
5215, 21015, 24, 0, 47981, 48004, 26989, 26965, 1124.54, 1
5216, 21022, 3, 0, 21023, 21026, 4, 1, 1.33, 1
5217, 21024, 1, 0, 21025, 21025, 1, 0, 1.00, 1
5218, 21027, 9, 0, 21069, 21082, 55, 46, 6.11, 1
5219, 21028, 4, 0, 21029, 21032, 4, 0, 1.00, 1
5220, 21032, 4, 0, 21033, 21040, 8, 4, 2.00, 1
5221, 21033, 1, 0, 21034, 21034, 1, 0, 1.00, 1
5222, 21034, 7, 0, 21050, 21060, 26, 19, 3.71, 1
5223, 21035, 3, 0, 21036, 21038, 3, 0, 1.00, 1
5224, 21036, 3, 0, 21041, 21043, 7, 4, 2.33, 1
5225, 21038, 6, 0, 21044, 21049, 11, 5, 1.83, 1
5226, 21052, 4, 0, 21053, 21056, 4, 0, 1.00, 1
5227, 21057, 12, 0, 21104, 21370, 313, 301, 26.08, 1
5228, 21059, 15, 0, 42103, 42117, 21058, 21043, 1403.87, 1
5229, 21060, 3, 0, 21061, 21063, 3, 0, 1.00, 1
5230, 21062, 3, 0, 21065, 21068, 6, 3, 2.00, 1
5231, 21063, 1, 0, 21064, 21064, 1, 0, 1.00, 1
5232, 21065, 1, 0, 21066, 21066, 1, 0, 1.00, 1
5233, 21072, 5, 0, 21073, 21077, 5, 0, 1.00, 1
5234, 21074, 10, 0, 21084, 21099, 25, 15, 2.50, 1
5235, 21082, 1, 0, 21083, 21083, 1, 0, 1.00, 1
5236, 21083, 15, 0, 42118, 42132, 21049, 21034, 1403.27, 1
5237, 21085, 2, 0, 21086, 21088, 3, 1, 1.50, 1
5238, 21086, 1, 0, 21087, 21087, 1, 0, 1.00, 1
5239, 21093, 5, 0, 21094, 21103, 10, 5, 2.00, 1
5240, 21094, 2, 0, 21095, 21096, 2, 0, 1.00, 1
5241, 21104, 17, 0, 44116, 44132, 23028, 23011, 1354.59, 1
5242, 21105, 5, 0, 21106, 21112, 7, 2, 1.40, 1
5243, 21107, 2, 0, 21108, 21109, 2, 0, 1.00, 1
5244, 21108, 5, 0, 21115, 21119, 11, 6, 2.20, 1
5245, 21109, 6, 0, 21125, 21132, 23, 17, 3.83, 1
5246, 21112, 2, 0, 21113, 21114, 2, 0, 1.00, 1
5247, 21113, 12, 0, 21507, 21529, 416, 404, 34.67, 1
5248, 21114, 7, 0, 21133, 21141, 27, 20, 3.86, 1
5249, 21116, 5, 0, 21120, 21124, 8, 3, 1.60, 1
5250, 21125, 2, 0, 21126, 21127, 2, 0, 1.00, 1
5251, 21128, 7, 0, 21142, 21164, 36, 29, 5.14, 1
5252, 21129, 11, 0, 21451, 21469, 340, 329, 30.91, 1
5253, 21133, 1, 0, 21134, 21134, 1, 0, 1.00, 1
5254, 21138, 1, 0, 21139, 21139, 1, 0, 1.00, 1
5255, 21142, 7, 0, 21187, 21215, 73, 66, 10.43, 1
5256, 21143, 6, 0, 21144, 21151, 8, 2, 1.33, 1
5257, 21144, 10, 0, 21371, 21384, 240, 230, 24.00, 1
5258, 21146, 1, 0, 21147, 21147, 1, 0, 1.00, 1
5259, 21148, 1, 0, 21149, 21149, 1, 0, 1.00, 1
5260, 21149, 12, 0, 21531, 21548, 399, 387, 33.25, 1
5261, 21152, 3, 0, 21153, 21155, 3, 0, 1.00, 1
5262, 21154, 3, 0, 21156, 21158, 4, 1, 1.33, 1
5263, 21156, 6, 0, 21181, 21186, 30, 24, 5.00, 1
5264, 21160, 2, 0, 21161, 21162, 2, 0, 1.00, 1
5265, 21164, 3, 0, 21165, 21170, 6, 3, 2.00, 1
5266, 21165, 2, 0, 21166, 21167, 2, 0, 1.00, 1
5267, 21167, 1, 0, 21168, 21168, 1, 0, 1.00, 1
5268, 21169, 5, 0, 21173, 21180, 11, 6, 2.20, 1
5269, 21170, 2, 0, 21171, 21172, 2, 0, 1.00, 1
5270, 21176, 2, 0, 21177, 21178, 2, 0, 1.00, 1
5271, 21178, 1, 0, 21179, 21179, 1, 0, 1.00, 1
5272, 21187, 6, 0, 21188, 21198, 11, 5, 1.83, 1
5273, 21188, 15, 0, 42133, 42147, 20959, 20944, 1397.27, 1
5274, 21189, 2, 0, 21190, 21191, 2, 0, 1.00, 1
5275, 21192, 3, 0, 21193, 21195, 3, 0, 1.00, 1
5276, 21193, 4, 0, 21199, 21202, 9, 5, 2.25, 1
5277, 21200, 4, 0, 21203, 21209, 9, 5, 2.25, 1
5278, 21203, 3, 0, 21204, 21206, 3, 0, 1.00, 1
5279, 21205, 6, 0, 21218, 21234, 29, 23, 4.83, 1
5280, 21207, 10, 0, 21385, 21410, 203, 193, 20.30, 1
5281, 21215, 2, 0, 21216, 21217, 2, 0, 1.00, 1
5282, 21219, 3, 0, 21220, 21222, 3, 0, 1.00, 1
5283, 21223, 3, 0, 21224, 21226, 3, 0, 1.00, 1
5284, 21226, 1, 0, 21227, 21227, 1, 0, 1.00, 1
5285, 21228, 8, 0, 21237, 21267, 39, 31, 4.88, 1
5286, 21229, 4, 0, 21230, 21236, 7, 3, 1.75, 1
5287, 21231, 2, 0, 21232, 21233, 2, 0, 1.00, 1
5288, 21239, 1, 0, 21240, 21240, 1, 0, 1.00, 1
5289, 21241, 7, 0, 21242, 21315, 74, 67, 10.57, 1
5290, 21242, 6, 0, 21243, 21253, 11, 5, 1.83, 1
5291, 21246, 5, 0, 21247, 21260, 14, 9, 2.80, 1
5292, 21248, 4, 0, 21249, 21263, 15, 11, 3.75, 1
5293, 21249, 2, 0, 21250, 21251, 2, 0, 1.00, 1
5294, 21251, 4, 0, 21268, 21271, 20, 16, 5.00, 1
5295, 21253, 4, 0, 21254, 21257, 4, 0, 1.00, 1
5296, 21262, 7, 0, 21332, 21344, 82, 75, 11.71, 1
5297, 21263, 4, 0, 21273, 21278, 15, 11, 3.75, 1
5298, 21266, 9, 0, 21345, 21356, 90, 81, 10.00, 1
5299, 21271, 1, 0, 21272, 21272, 1, 0, 1.00, 1
5300, 21272, 4, 0, 21279, 21285, 13, 9, 3.25, 1
5301, 21273, 1, 0, 21274, 21274, 1, 0, 1.00, 1
5302, 21276, 1, 0, 21277, 21277, 1, 0, 1.00, 1
5303, 21279, 3, 0, 21280, 21282, 3, 0, 1.00, 1
5304, 21280, 3, 0, 21286, 21288, 8, 5, 2.67, 1
5305, 21288, 3, 0, 21289, 21291, 3, 0, 1.00, 1
5306, 21290, 6, 0, 21321, 21327, 37, 31, 6.17, 1
5307, 21293, 6, 0, 21294, 21301, 8, 2, 1.33, 1
5308, 21296, 14, 0, 40756, 40769, 19473, 19459, 1390.93, 1
5309, 21298, 2, 0, 21299, 21300, 2, 0, 1.00, 1
5310, 21301, 3, 0, 21302, 21304, 3, 0, 1.00, 1
5311, 21303, 3, 0, 21305, 21307, 4, 1, 1.33, 1
5312, 21310, 4, 0, 21311, 21316, 6, 2, 1.50, 1
5313, 21313, 1, 0, 21314, 21314, 1, 0, 1.00, 1
5314, 21314, 4, 0, 21317, 21320, 6, 2, 1.50, 1
5315, 21325, 1, 0, 21326, 21326, 1, 0, 1.00, 1
5316, 21327, 4, 0, 21328, 21331, 4, 0, 1.00, 1
5317, 21332, 2, 0, 21333, 21334, 2, 0, 1.00, 1
5318, 21334, 3, 0, 21335, 21338, 4, 1, 1.33, 1
5319, 21336, 1, 0, 21337, 21337, 1, 0, 1.00, 1
5320, 21348, 1, 0, 21349, 21349, 1, 0, 1.00, 1
5321, 21351, 2, 0, 21352, 21353, 2, 0, 1.00, 1
5322, 21357, 2, 0, 21358, 21359, 2, 0, 1.00, 1
5323, 21359, 2, 0, 21360, 21361, 2, 0, 1.00, 1
5324, 21373, 4, 0, 21374, 21377, 4, 0, 1.00, 1
5325, 21378, 10, 0, 21419, 21428, 50, 40, 5.00, 1
5326, 21391, 4, 0, 21392, 21397, 6, 2, 1.50, 1
5327, 21394, 2, 0, 21395, 21396, 2, 0, 1.00, 1
5328, 21398, 3, 0, 21399, 21401, 3, 0, 1.00, 1
5329, 21402, 6, 0, 21403, 21414, 12, 6, 2.00, 1
5330, 21404, 5, 0, 21405, 21418, 14, 9, 2.80, 1
5331, 21405, 4, 0, 21406, 21409, 4, 0, 1.00, 1
5332, 21413, 10, 0, 21431, 21447, 34, 24, 3.40, 1
5333, 21423, 11, 0, 21496, 21506, 83, 72, 7.55, 1
5334, 21428, 2, 0, 21429, 21430, 2, 0, 1.00, 1
5335, 21437, 7, 0, 21438, 21450, 13, 6, 1.86, 1
5336, 21441, 1, 0, 21442, 21442, 1, 0, 1.00, 1
5337, 21443, 2, 0, 21444, 21445, 2, 0, 1.00, 1
5338, 21445, 14, 0, 40770, 40783, 19338, 19324, 1381.29, 1
5339, 21456, 10, 0, 21457, 21495, 39, 29, 3.90, 1
5340, 21457, 5, 0, 21458, 21463, 6, 1, 1.20, 1
5341, 21458, 1, 0, 21459, 21459, 1, 0, 1.00, 1
5342, 21466, 1, 0, 21467, 21467, 1, 0, 1.00, 1
5343, 21470, 4, 0, 21471, 21474, 4, 0, 1.00, 1
5344, 21476, 7, 0, 21477, 21484, 8, 1, 1.14, 1
5345, 21482, 1, 0, 21483, 21483, 1, 0, 1.00, 1
5346, 21485, 5, 0, 21486, 21490, 5, 0, 1.00, 1
5347, 21495, 19, 0, 45910, 45928, 24433, 24414, 1285.95, 1
5348, 21500, 16, 0, 43278, 43293, 21793, 21777, 1362.06, 1
5349, 21507, 4, 0, 21508, 21514, 7, 3, 1.75, 1
5350, 21508, 1, 0, 21509, 21509, 1, 0, 1.00, 1
5351, 21510, 1, 0, 21511, 21511, 1, 0, 1.00, 1
5352, 21511, 1, 0, 21512, 21512, 1, 0, 1.00, 1
5353, 21516, 4, 0, 21517, 21520, 4, 0, 1.00, 1
5354, 21518, 33, 0, 49272, 49304, 27786, 27753, 842.00, 1
5355, 21529, 1, 0, 21530, 21530, 1, 0, 1.00, 1
5356, 21535, 2, 0, 21536, 21537, 2, 0, 1.00, 1
5357, 21536, 2, 0, 21538, 21539, 3, 1, 1.50, 1
5358, 21538, 2, 0, 21540, 21541, 3, 1, 1.50, 1
5359, 21559, 1, 0, 21560, 21560, 1, 0, 1.00, 1
5360, 21565, 8, 0, 21566, 21580, 15, 7, 1.88, 1
5361, 21566, 5, 0, 21567, 21571, 5, 0, 1.00, 1
5362, 21575, 2, 0, 21576, 21577, 2, 0, 1.00, 1
5363, 21576, 11, 0, 21594, 21604, 28, 17, 2.55, 1
5364, 21577, 12, 0, 21839, 21881, 304, 292, 25.33, 1
5365, 21580, 11, 0, 21605, 21622, 42, 31, 3.82, 1
5366, 21584, 3, 0, 21585, 21587, 3, 0, 1.00, 1
5367, 21610, 7, 0, 21611, 21617, 7, 0, 1.00, 1
5368, 21613, 7, 0, 21628, 21636, 23, 16, 3.29, 1
5369, 21616, 12, 0, 21889, 21911, 295, 283, 24.58, 1
5370, 21618, 11, 0, 21651, 21698, 80, 69, 7.27, 1
5371, 21622, 2, 0, 21623, 21624, 2, 0, 1.00, 1
5372, 21623, 3, 0, 21625, 21627, 4, 1, 1.33, 1
5373, 21630, 1, 0, 21631, 21631, 1, 0, 1.00, 1
5374, 21633, 1, 0, 21634, 21634, 1, 0, 1.00, 1
5375, 21634, 3, 0, 21637, 21639, 5, 2, 1.67, 1
5376, 21639, 8, 0, 21640, 21650, 11, 3, 1.38, 1
5377, 21646, 3, 0, 21647, 21649, 3, 0, 1.00, 1
5378, 21652, 3, 0, 21653, 21660, 8, 5, 2.67, 1
5379, 21653, 2, 0, 21654, 21655, 2, 0, 1.00, 1
5380, 21656, 2, 0, 21657, 21658, 2, 0, 1.00, 1
5381, 21658, 1, 0, 21659, 21659, 1, 0, 1.00, 1
5382, 21659, 11, 0, 21778, 21796, 137, 126, 12.45, 1
5383, 21661, 9, 0, 21662, 21676, 15, 6, 1.67, 1
5384, 21663, 1, 0, 21664, 21664, 1, 0, 1.00, 1
5385, 21665, 1, 0, 21666, 21666, 1, 0, 1.00, 1
5386, 21668, 3, 0, 21669, 21672, 4, 1, 1.33, 1
5387, 21669, 1, 0, 21670, 21670, 1, 0, 1.00, 1
5388, 21672, 10, 0, 21751, 21769, 97, 87, 9.70, 1
5389, 21679, 6, 0, 21680, 21689, 10, 4, 1.67, 1
5390, 21682, 3, 0, 21683, 21685, 3, 0, 1.00, 1
5391, 21686, 1, 0, 21687, 21687, 1, 0, 1.00, 1
5392, 21692, 3, 0, 21693, 21695, 3, 0, 1.00, 1
5393, 21695, 1, 0, 21696, 21696, 1, 0, 1.00, 1
5394, 21698, 7, 0, 21699, 21711, 13, 6, 1.86, 1
5395, 21699, 3, 0, 21700, 21702, 3, 0, 1.00, 1
5396, 21703, 3, 0, 21704, 21706, 3, 0, 1.00, 1
5397, 21708, 9, 0, 21729, 21739, 31, 22, 3.44, 1
5398, 21711, 5, 0, 21712, 21716, 5, 0, 1.00, 1
5399, 21714, 7, 0, 21719, 21725, 11, 4, 1.57, 1
5400, 21716, 2, 0, 21717, 21718, 2, 0, 1.00, 1
5401, 21725, 3, 0, 21726, 21728, 3, 0, 1.00, 1
5402, 21731, 7, 0, 21732, 21750, 19, 12, 2.71, 1
5403, 21732, 1, 0, 21733, 21733, 1, 0, 1.00, 1
5404, 21743, 5, 0, 21744, 21748, 5, 0, 1.00, 1
5405, 21751, 3, 0, 21752, 21754, 3, 0, 1.00, 1
5406, 21756, 5, 0, 21757, 21761, 5, 0, 1.00, 1
5407, 21758, 7, 0, 21770, 21777, 19, 12, 2.71, 1
5408, 21763, 1, 0, 21764, 21764, 1, 0, 1.00, 1
5409, 21768, 16, 0, 43294, 43309, 21541, 21525, 1346.31, 1
5410, 21769, 13, 0, 25153, 25186, 3417, 3404, 262.85, 1
5411, 21773, 1, 0, 21774, 21774, 1, 0, 1.00, 1
5412, 21781, 3, 0, 21782, 21784, 3, 0, 1.00, 1
5413, 21789, 5, 0, 21790, 21794, 5, 0, 1.00, 1
5414, 21790, 11, 0, 21797, 21838, 48, 37, 4.36, 1
5415, 21797, 5, 0, 21798, 21802, 5, 0, 1.00, 1
5416, 21804, 4, 0, 21805, 21813, 9, 5, 2.25, 1
5417, 21805, 3, 0, 21806, 21808, 3, 0, 1.00, 1
5418, 21808, 2, 0, 21809, 21810, 2, 0, 1.00, 1
5419, 21811, 6, 0, 21815, 21820, 9, 3, 1.50, 1
5420, 21813, 1, 0, 21814, 21814, 1, 0, 1.00, 1
5421, 21816, 13, 0, 25187, 25209, 3393, 3380, 261.00, 1
5422, 21821, 3, 0, 21822, 21824, 3, 0, 1.00, 1
5423, 21825, 2, 0, 21826, 21827, 2, 0, 1.00, 1
5424, 21827, 3, 0, 21828, 21830, 3, 0, 1.00, 1
5425, 21831, 2, 0, 21832, 21833, 2, 0, 1.00, 1
5426, 21839, 2, 0, 21840, 21841, 2, 0, 1.00, 1
5427, 21842, 7, 0, 21843, 21849, 7, 0, 1.00, 1
5428, 21849, 7, 0, 21850, 21865, 16, 9, 2.29, 1
5429, 21850, 2, 0, 21851, 21852, 2, 0, 1.00, 1
5430, 21854, 3, 0, 21855, 21857, 3, 0, 1.00, 1
5431, 21858, 3, 0, 21859, 21862, 4, 1, 1.33, 1
5432, 21859, 1, 0, 21860, 21860, 1, 0, 1.00, 1
5433, 21868, 1, 0, 21869, 21869, 1, 0, 1.00, 1
5434, 21869, 2, 0, 21870, 21871, 2, 0, 1.00, 1
5435, 21870, 2, 0, 21872, 21873, 3, 1, 1.50, 1
5436, 21874, 1, 0, 21875, 21875, 1, 0, 1.00, 1
5437, 21881, 7, 0, 21882, 21888, 7, 0, 1.00, 1
5438, 21897, 11, 0, 21898, 21908, 11, 0, 1.00, 1
5439, 21909, 13, 0, 25282, 25312, 3403, 3390, 261.77, 1
5440, 21912, 1, 0, 21913, 21913, 1, 0, 1.00, 1
5441, 21915, 8, 0, 21916, 21923, 8, 0, 1.00, 1
5442, 21924, 3, 0, 21925, 21930, 6, 3, 2.00, 1
5443, 21925, 2, 0, 21926, 21928, 3, 1, 1.50, 1
5444, 21926, 1, 0, 21927, 21927, 1, 0, 1.00, 1
5445, 21932, 5, 0, 21933, 21939, 7, 2, 1.40, 1
5446, 21933, 1, 0, 21934, 21934, 1, 0, 1.00, 1
5447, 21937, 1, 0, 21938, 21938, 1, 0, 1.00, 1
5448, 21940, 1, 0, 21941, 21941, 1, 0, 1.00, 1
5449, 21951, 1, 0, 21952, 21952, 1, 0, 1.00, 1
5450, 21953, 5, 0, 21954, 21959, 6, 1, 1.20, 1
5451, 21955, 1, 0, 21956, 21956, 1, 0, 1.00, 1
5452, 21963, 2, 0, 21964, 21965, 2, 0, 1.00, 1
5453, 21967, 5, 0, 21968, 21982, 15, 10, 3.00, 1
5454, 21968, 4, 0, 21969, 21972, 4, 0, 1.00, 1
5455, 21970, 4, 0, 21983, 21987, 17, 13, 4.25, 1
5456, 21974, 4, 0, 21975, 21978, 4, 0, 1.00, 1
5457, 21980, 5, 0, 21988, 21996, 16, 11, 3.20, 1
5458, 21985, 1, 0, 21986, 21986, 1, 0, 1.00, 1
5459, 21988, 4, 0, 21989, 21992, 4, 0, 1.00, 1
5460, 22003, 1, 0, 22004, 22004, 1, 0, 1.00, 1
5461, 22005, 3, 0, 22006, 22009, 4, 1, 1.33, 1
5462, 22006, 1, 0, 22007, 22007, 1, 0, 1.00, 1
5463, 22014, 5, 0, 22015, 22019, 5, 0, 1.00, 1
5464, 22017, 14, 0, 40784, 40797, 18780, 18766, 1341.43, 1
5465, 22019, 5, 0, 22020, 22027, 8, 3, 1.60, 1
5466, 22020, 12, 0, 22348, 22367, 347, 335, 28.92, 1
5467, 22022, 3, 0, 22023, 22025, 3, 0, 1.00, 1
5468, 22025, 3, 0, 22029, 22031, 6, 3, 2.00, 1
5469, 22027, 1, 0, 22028, 22028, 1, 0, 1.00, 1
5470, 22028, 3, 0, 22032, 22034, 6, 3, 2.00, 1
5471, 22031, 8, 0, 22035, 22050, 19, 11, 2.38, 1
5472, 22037, 3, 0, 22038, 22040, 3, 0, 1.00, 1
5473, 22038, 3, 0, 22041, 22043, 5, 2, 1.67, 1
5474, 22042, 5, 0, 22062, 22067, 25, 20, 5.00, 1
5475, 22043, 22, 0, 47382, 47403, 25360, 25338, 1152.73, 1
5476, 22046, 2, 0, 22047, 22048, 2, 0, 1.00, 1
5477, 22047, 3, 0, 22051, 22056, 9, 6, 3.00, 1
5478, 22052, 2, 0, 22053, 22054, 2, 0, 1.00, 1
5479, 22054, 1, 0, 22055, 22055, 1, 0, 1.00, 1
5480, 22056, 4, 0, 22057, 22061, 5, 1, 1.25, 1
5481, 22058, 1, 0, 22059, 22059, 1, 0, 1.00, 1
5482, 22059, 10, 0, 22068, 22093, 34, 24, 3.40, 1
5483, 22064, 1, 0, 22065, 22065, 1, 0, 1.00, 1
5484, 22071, 4, 0, 22072, 22075, 4, 0, 1.00, 1
5485, 22072, 4, 0, 22076, 22082, 10, 6, 2.50, 1
5486, 22077, 3, 0, 22078, 22080, 3, 0, 1.00, 1
5487, 22085, 24, 0, 48005, 48028, 25943, 25919, 1080.96, 1
5488, 22086, 6, 0, 22087, 22097, 11, 5, 1.83, 1
5489, 22088, 10, 0, 22118, 22127, 39, 29, 3.90, 1
5490, 22090, 1, 0, 22091, 22091, 1, 0, 1.00, 1
5491, 22093, 2, 0, 22094, 22095, 2, 0, 1.00, 1
5492, 22094, 5, 0, 22098, 22106, 12, 7, 2.40, 1
5493, 22098, 11, 0, 22128, 22166, 68, 57, 6.18, 1
5494, 22100, 4, 0, 22101, 22104, 4, 0, 1.00, 1
5495, 22101, 4, 0, 22107, 22111, 10, 6, 2.50, 1
5496, 22104, 4, 0, 22112, 22117, 13, 9, 3.25, 1
5497, 22106, 13, 0, 25384, 25429, 3323, 3310, 255.62, 1
5498, 22109, 1, 0, 22110, 22110, 1, 0, 1.00, 1
5499, 22114, 2, 0, 22115, 22116, 2, 0, 1.00, 1
5500, 22116, 11, 0, 22248, 22263, 147, 136, 13.36, 1
5501, 22131, 4, 0, 22132, 22135, 4, 0, 1.00, 1
5502, 22136, 3, 0, 22137, 22139, 3, 0, 1.00, 1
5503, 22138, 4, 0, 22140, 22145, 7, 3, 1.75, 1
5504, 22141, 1, 0, 22142, 22142, 1, 0, 1.00, 1
5505, 22143, 1, 0, 22144, 22144, 1, 0, 1.00, 1
5506, 22147, 6, 0, 22148, 22162, 15, 9, 2.50, 1
5507, 22150, 19, 0, 45929, 45947, 23797, 23778, 1252.47, 1
5508, 22152, 5, 0, 22153, 22157, 5, 0, 1.00, 1
5509, 22157, 4, 0, 22158, 22161, 4, 0, 1.00, 1
5510, 22158, 4, 0, 22167, 22170, 12, 8, 3.00, 1
5511, 22169, 5, 0, 22171, 22175, 6, 1, 1.20, 1
5512, 22170, 5, 0, 22176, 22183, 13, 8, 2.60, 1
5513, 22176, 3, 0, 22177, 22179, 3, 0, 1.00, 1
5514, 22177, 5, 0, 22184, 22188, 11, 6, 2.20, 1
5515, 22178, 7, 0, 22215, 22222, 44, 37, 6.29, 1
5516, 22182, 15, 0, 42148, 42162, 19980, 19965, 1332.00, 1
5517, 22184, 7, 0, 22223, 22230, 46, 39, 6.57, 1
5518, 22185, 5, 0, 22194, 22198, 13, 8, 2.60, 1
5519, 22188, 2, 0, 22189, 22190, 2, 0, 1.00, 1
5520, 22190, 3, 0, 22191, 22193, 3, 0, 1.00, 1
5521, 22194, 6, 0, 22199, 22211, 17, 11, 2.83, 1
5522, 22201, 5, 0, 22202, 22207, 6, 1, 1.20, 1
5523, 22205, 1, 0, 22206, 22206, 1, 0, 1.00, 1
5524, 22206, 3, 0, 22212, 22214, 8, 5, 2.67, 1
5525, 22209, 1, 0, 22210, 22210, 1, 0, 1.00, 1
5526, 22220, 1, 0, 22221, 22221, 1, 0, 1.00, 1
5527, 22226, 1, 0, 22227, 22227, 1, 0, 1.00, 1
5528, 22227, 7, 0, 22232, 22242, 15, 8, 2.14, 1
5529, 22230, 1, 0, 22231, 22231, 1, 0, 1.00, 1
5530, 22235, 4, 0, 22236, 22239, 4, 0, 1.00, 1
5531, 22239, 5, 0, 22243, 22247, 8, 3, 1.60, 1
5532, 22251, 1, 0, 22252, 22252, 1, 0, 1.00, 1
5533, 22256, 4, 0, 22257, 22260, 4, 0, 1.00, 1
5534, 22260, 6, 0, 22264, 22274, 14, 8, 2.33, 1
5535, 22264, 3, 0, 22265, 22267, 3, 0, 1.00, 1
5536, 22267, 2, 0, 22268, 22269, 2, 0, 1.00, 1
5537, 22273, 10, 0, 22275, 22320, 47, 37, 4.70, 1
5538, 22276, 1, 0, 22277, 22277, 1, 0, 1.00, 1
5539, 22277, 6, 0, 22278, 22293, 16, 10, 2.67, 1
5540, 22278, 5, 0, 22279, 22285, 7, 2, 1.40, 1
5541, 22281, 1, 0, 22282, 22282, 1, 0, 1.00, 1
5542, 22283, 1, 0, 22284, 22284, 1, 0, 1.00, 1
5543, 22288, 3, 0, 22289, 22295, 7, 4, 2.33, 1
5544, 22289, 2, 0, 22290, 22291, 2, 0, 1.00, 1
5545, 22296, 4, 0, 22297, 22301, 5, 1, 1.25, 1
5546, 22298, 1, 0, 22299, 22299, 1, 0, 1.00, 1
5547, 22301, 5, 0, 22302, 22306, 5, 0, 1.00, 1
5548, 22305, 6, 0, 22307, 22313, 8, 2, 1.33, 1
5549, 22309, 10, 0, 22323, 22347, 38, 28, 3.80, 1
5550, 22310, 1, 0, 22311, 22311, 1, 0, 1.00, 1
5551, 22320, 2, 0, 22321, 22322, 2, 0, 1.00, 1
5552, 22323, 9, 0, 22324, 22332, 9, 0, 1.00, 1
5553, 22332, 1, 0, 22333, 22333, 1, 0, 1.00, 1
5554, 22334, 13, 0, 25459, 25514, 3180, 3167, 244.62, 1
5555, 22338, 3, 0, 22339, 22342, 4, 1, 1.33, 1
5556, 22339, 1, 0, 22340, 22340, 1, 0, 1.00, 1
5557, 22343, 1, 0, 22344, 22344, 1, 0, 1.00, 1
5558, 22353, 5, 0, 22354, 22358, 5, 0, 1.00, 1
5559, 22354, 6, 0, 22387, 22395, 41, 35, 6.83, 1
5560, 22355, 7, 0, 22396, 22409, 54, 47, 7.71, 1
5561, 22362, 3, 0, 22363, 22365, 3, 0, 1.00, 1
5562, 22367, 7, 0, 22368, 22381, 14, 7, 2.00, 1
5563, 22370, 1, 0, 22371, 22371, 1, 0, 1.00, 1
5564, 22372, 4, 0, 22373, 22378, 6, 2, 1.50, 1
5565, 22375, 2, 0, 22376, 22377, 2, 0, 1.00, 1
5566, 22381, 2, 0, 22382, 22383, 2, 0, 1.00, 1
5567, 22383, 3, 0, 22384, 22386, 3, 0, 1.00, 1
5568, 22391, 3, 0, 22392, 22394, 3, 0, 1.00, 1
5569, 22396, 8, 0, 22454, 22467, 71, 63, 8.88, 1
5570, 22398, 6, 0, 22399, 22416, 18, 12, 3.00, 1
5571, 22400, 4, 0, 22401, 22404, 4, 0, 1.00, 1
5572, 22402, 17, 0, 44133, 44149, 21747, 21730, 1279.24, 1
5573, 22403, 17, 0, 44150, 44166, 21763, 21746, 1280.18, 1
5574, 22407, 1, 0, 22408, 22408, 1, 0, 1.00, 1
5575, 22408, 1, 0, 22410, 22410, 2, 1, 2.00, 1
5576, 22411, 2, 0, 22412, 22413, 2, 0, 1.00, 1
5577, 22412, 4, 0, 22420, 22425, 13, 9, 3.25, 1
5578, 22414, 6, 0, 22434, 22445, 31, 25, 5.17, 1
5579, 22415, 6, 0, 22446, 22453, 38, 32, 6.33, 1
5580, 22416, 3, 0, 22417, 22419, 3, 0, 1.00, 1
5581, 22421, 2, 0, 22422, 22423, 2, 0, 1.00, 1
5582, 22423, 2, 0, 22428, 22429, 6, 4, 3.00, 1
5583, 22425, 2, 0, 22426, 22427, 2, 0, 1.00, 1
5584, 22429, 2, 0, 22430, 22431, 2, 0, 1.00, 1
5585, 22431, 2, 0, 22432, 22433, 2, 0, 1.00, 1
5586, 22434, 1, 0, 22435, 22435, 1, 0, 1.00, 1
5587, 22438, 4, 0, 22439, 22442, 4, 0, 1.00, 1
5588, 22443, 1, 0, 22444, 22444, 1, 0, 1.00, 1
5589, 22445, 24, 0, 48029, 48052, 25607, 25583, 1066.96, 1
5590, 22447, 2, 0, 22448, 22449, 2, 0, 1.00, 1
5591, 22449, 15, 0, 42163, 42177, 19728, 19713, 1315.20, 1
5592, 22454, 4, 0, 22455, 22458, 4, 0, 1.00, 1
5593, 22460, 2, 0, 22461, 22462, 2, 0, 1.00, 1
5594, 22470, 2, 0, 22471, 22472, 2, 0, 1.00, 1
5595, 22476, 4, 0, 22477, 22481, 5, 1, 1.25, 1
5596, 22477, 1, 0, 22478, 22478, 1, 0, 1.00, 1
5597, 22482, 2, 0, 22483, 22484, 2, 0, 1.00, 1
5598, 22484, 1, 0, 22485, 22485, 1, 0, 1.00, 1
5599, 22487, 4, 0, 22488, 22491, 4, 0, 1.00, 1
5600, 22489, 6, 0, 22505, 22510, 21, 15, 3.50, 1
5601, 22491, 5, 0, 22499, 22503, 12, 7, 2.40, 1
5602, 22492, 4, 0, 22493, 22496, 4, 0, 1.00, 1
5603, 22494, 8, 0, 22511, 22524, 30, 22, 3.75, 1
5604, 22499, 11, 0, 22794, 22807, 308, 297, 28.00, 1
5605, 22503, 1, 0, 22504, 22504, 1, 0, 1.00, 1
5606, 22510, 8, 0, 22528, 22542, 32, 24, 4.00, 1
5607, 22514, 22, 0, 47404, 47425, 24911, 24889, 1132.32, 1
5608, 22517, 7, 0, 22518, 22527, 10, 3, 1.43, 1
5609, 22521, 2, 0, 22522, 22523, 2, 0, 1.00, 1
5610, 22525, 9, 0, 22555, 22567, 42, 33, 4.67, 1
5611, 22528, 9, 0, 22591, 22603, 75, 66, 8.33, 1
5612, 22531, 2, 0, 22532, 22533, 2, 0, 1.00, 1
5613, 22532, 3, 0, 22534, 22536, 4, 1, 1.33, 1
5614, 22536, 2, 0, 22537, 22538, 2, 0, 1.00, 1
5615, 22541, 8, 0, 22543, 22554, 13, 5, 1.62, 1
5616, 22543, 2, 0, 22544, 22545, 2, 0, 1.00, 1
5617, 22547, 1, 0, 22548, 22548, 1, 0, 1.00, 1
5618, 22549, 1, 0, 22550, 22550, 1, 0, 1.00, 1
5619, 22555, 10, 0, 22714, 22725, 170, 160, 17.00, 1
5620, 22561, 4, 0, 22562, 22565, 4, 0, 1.00, 1
5621, 22563, 5, 0, 22568, 22575, 12, 7, 2.40, 1
5622, 22569, 3, 0, 22570, 22572, 3, 0, 1.00, 1
5623, 22572, 7, 0, 22584, 22590, 18, 11, 2.57, 1
5624, 22575, 6, 0, 22576, 22582, 7, 1, 1.17, 1
5625, 22577, 9, 0, 22611, 22640, 63, 54, 7.00, 1
5626, 22580, 1, 0, 22581, 22581, 1, 0, 1.00, 1
5627, 22582, 1, 0, 22583, 22583, 1, 0, 1.00, 1
5628, 22592, 1, 0, 22593, 22593, 1, 0, 1.00, 1
5629, 22593, 3, 0, 22594, 22596, 3, 0, 1.00, 1
5630, 22594, 7, 0, 22604, 22610, 16, 9, 2.29, 1
5631, 22602, 14, 0, 40798, 40811, 18209, 18195, 1300.64, 1
5632, 22609, 13, 0, 25521, 25538, 2929, 2916, 225.31, 1
5633, 22614, 3, 0, 22615, 22617, 3, 0, 1.00, 1
5634, 22616, 3, 0, 22618, 22620, 4, 1, 1.33, 1
5635, 22621, 6, 0, 22622, 22633, 12, 6, 2.00, 1
5636, 22622, 6, 0, 22641, 22648, 26, 20, 4.33, 1
5637, 22624, 4, 0, 22625, 22636, 12, 8, 3.00, 1
5638, 22625, 2, 0, 22626, 22627, 2, 0, 1.00, 1
5639, 22628, 3, 0, 22629, 22631, 3, 0, 1.00, 1
5640, 22632, 6, 0, 22649, 22654, 22, 16, 3.67, 1
5641, 22634, 7, 0, 22665, 22686, 52, 45, 7.43, 1
5642, 22643, 6, 0, 22655, 22664, 21, 15, 3.50, 1
5643, 22644, 2, 0, 22645, 22646, 2, 0, 1.00, 1
5644, 22645, 13, 0, 25539, 25594, 2949, 2936, 226.85, 1
5645, 22657, 4, 0, 22658, 22661, 4, 0, 1.00, 1
5646, 22666, 4, 0, 22667, 22670, 4, 0, 1.00, 1
5647, 22667, 9, 0, 22703, 22713, 46, 37, 5.11, 1
5648, 22670, 2, 0, 22671, 22672, 2, 0, 1.00, 1
5649, 22673, 4, 0, 22674, 22677, 4, 0, 1.00, 1
5650, 22678, 1, 0, 22679, 22679, 1, 0, 1.00, 1
5651, 22681, 6, 0, 22682, 22691, 10, 4, 1.67, 1
5652, 22683, 5, 0, 22684, 22695, 12, 7, 2.40, 1
5653, 22684, 1, 0, 22685, 22685, 1, 0, 1.00, 1
5654, 22685, 4, 0, 22696, 22702, 17, 13, 4.25, 1
5655, 22687, 1, 0, 22688, 22688, 1, 0, 1.00, 1
5656, 22698, 3, 0, 22699, 22701, 3, 0, 1.00, 1
5657, 22705, 11, 0, 22808, 22853, 148, 137, 13.45, 1
5658, 22708, 2, 0, 22709, 22710, 2, 0, 1.00, 1
5659, 22715, 16, 0, 43310, 43325, 20610, 20594, 1288.12, 1
5660, 22718, 2, 0, 22719, 22720, 2, 0, 1.00, 1
5661, 22725, 8, 0, 22726, 22737, 12, 4, 1.50, 1
5662, 22729, 2, 0, 22730, 22731, 2, 0, 1.00, 1
5663, 22730, 5, 0, 22738, 22742, 12, 7, 2.40, 1
5664, 22732, 2, 0, 22733, 22734, 2, 0, 1.00, 1
5665, 22733, 8, 0, 22754, 22766, 33, 25, 4.12, 1
5666, 22734, 5, 0, 22743, 22748, 14, 9, 2.80, 1
5667, 22745, 1, 0, 22746, 22746, 1, 0, 1.00, 1
5668, 22748, 5, 0, 22749, 22753, 5, 0, 1.00, 1
5669, 22749, 12, 0, 23150, 23214, 465, 453, 38.75, 1
5670, 22756, 3, 0, 22757, 22760, 4, 1, 1.33, 1
5671, 22757, 1, 0, 22758, 22758, 1, 0, 1.00, 1
5672, 22758, 6, 0, 22767, 22774, 16, 10, 2.67, 1
5673, 22759, 7, 0, 22775, 22781, 22, 15, 3.14, 1
5674, 22764, 1, 0, 22765, 22765, 1, 0, 1.00, 1
5675, 22769, 1, 0, 22770, 22770, 1, 0, 1.00, 1
5676, 22770, 1, 0, 22771, 22771, 1, 0, 1.00, 1
5677, 22781, 6, 0, 22782, 22793, 12, 6, 2.00, 1
5678, 22786, 4, 0, 22787, 22790, 4, 0, 1.00, 1
5679, 22790, 2, 0, 22791, 22792, 2, 0, 1.00, 1
5680, 22795, 2, 0, 22796, 22797, 2, 0, 1.00, 1
5681, 22797, 1, 0, 22798, 22798, 1, 0, 1.00, 1
5682, 22808, 6, 0, 22809, 22823, 15, 9, 2.50, 1
5683, 22809, 3, 0, 22810, 22812, 3, 0, 1.00, 1
5684, 22815, 5, 0, 22816, 22829, 14, 9, 2.80, 1
5685, 22816, 2, 0, 22817, 22818, 2, 0, 1.00, 1
5686, 22819, 3, 0, 22820, 22824, 5, 2, 1.67, 1
5687, 22821, 1, 0, 22822, 22822, 1, 0, 1.00, 1
5688, 22825, 1, 0, 22826, 22826, 1, 0, 1.00, 1
5689, 22830, 2, 0, 22831, 22832, 2, 0, 1.00, 1
5690, 22834, 1, 0, 22835, 22835, 1, 0, 1.00, 1
5691, 22836, 3, 0, 22837, 22839, 3, 0, 1.00, 1
5692, 22837, 8, 0, 22859, 22866, 29, 21, 3.62, 1
5693, 22839, 1, 0, 22840, 22840, 1, 0, 1.00, 1
5694, 22842, 2, 0, 22843, 22844, 2, 0, 1.00, 1
5695, 22846, 1, 0, 22847, 22847, 1, 0, 1.00, 1
5696, 22848, 3, 0, 22849, 22854, 6, 3, 2.00, 1
5697, 22850, 2, 0, 22851, 22852, 2, 0, 1.00, 1
5698, 22854, 4, 0, 22855, 22858, 4, 0, 1.00, 1
5699, 22860, 9, 0, 22867, 22877, 17, 8, 1.89, 1
5700, 22866, 11, 0, 23115, 23131, 265, 254, 24.09, 1
5701, 22872, 2, 0, 22873, 22874, 2, 0, 1.00, 1
5702, 22877, 2, 0, 22878, 22879, 2, 0, 1.00, 1
5703, 22878, 4, 0, 22880, 22883, 5, 1, 1.25, 1
5704, 22879, 10, 0, 22959, 23002, 123, 113, 12.30, 1
5705, 22883, 6, 0, 22884, 22893, 10, 4, 1.67, 1
5706, 22887, 3, 0, 22888, 22890, 3, 0, 1.00, 1
5707, 22888, 8, 0, 22922, 22935, 47, 39, 5.88, 1
5708, 22890, 1, 0, 22891, 22891, 1, 0, 1.00, 1
5709, 22891, 6, 0, 22894, 22909, 18, 12, 3.00, 1
5710, 22894, 4, 0, 22895, 22901, 7, 3, 1.75, 1
5711, 22897, 3, 0, 22898, 22900, 3, 0, 1.00, 1
5712, 22898, 7, 0, 22910, 22919, 21, 14, 3.00, 1
5713, 22902, 3, 0, 22903, 22905, 3, 0, 1.00, 1
5714, 22912, 3, 0, 22913, 22915, 3, 0, 1.00, 1
5715, 22919, 2, 0, 22920, 22921, 2, 0, 1.00, 1
5716, 22925, 6, 0, 22926, 22945, 20, 14, 3.33, 1
5717, 22927, 1, 0, 22928, 22928, 1, 0, 1.00, 1
5718, 22930, 3, 0, 22931, 22933, 3, 0, 1.00, 1
5719, 22932, 3, 0, 22936, 22938, 6, 3, 2.00, 1
5720, 22936, 3, 0, 22939, 22941, 5, 2, 1.67, 1
5721, 22945, 6, 0, 22946, 22951, 6, 0, 1.00, 1
5722, 22946, 22, 0, 47426, 47447, 24501, 24479, 1113.68, 1
5723, 22950, 7, 0, 22952, 22958, 8, 1, 1.14, 1
5724, 22961, 4, 0, 22962, 22967, 6, 2, 1.50, 1
5725, 22962, 5, 0, 22968, 22978, 16, 11, 3.20, 1
5726, 22963, 2, 0, 22964, 22965, 2, 0, 1.00, 1
5727, 22969, 4, 0, 22970, 22973, 4, 0, 1.00, 1
5728, 22974, 2, 0, 22975, 22976, 2, 0, 1.00, 1
5729, 22981, 7, 0, 22982, 22992, 11, 4, 1.57, 1
5730, 22987, 4, 0, 22988, 22991, 4, 0, 1.00, 1
5731, 22990, 9, 0, 23017, 23052, 62, 53, 6.89, 1
5732, 22991, 5, 0, 23007, 23011, 20, 15, 4.00, 1
5733, 22994, 2, 0, 22995, 22997, 3, 1, 1.50, 1
5734, 22995, 1, 0, 22996, 22996, 1, 0, 1.00, 1
5735, 22998, 4, 0, 22999, 23006, 8, 4, 2.00, 1
5736, 22999, 2, 0, 23000, 23001, 2, 0, 1.00, 1
5737, 23003, 1, 0, 23004, 23004, 1, 0, 1.00, 1
5738, 23004, 13, 0, 25600, 25645, 2641, 2628, 203.15, 1
5739, 23011, 5, 0, 23012, 23016, 5, 0, 1.00, 1
5740, 23013, 10, 0, 23063, 23086, 73, 63, 7.30, 1
5741, 23019, 6, 0, 23020, 23029, 10, 4, 1.67, 1
5742, 23021, 9, 0, 23053, 23062, 41, 32, 4.56, 1
5743, 23022, 2, 0, 23023, 23024, 2, 0, 1.00, 1
5744, 23026, 2, 0, 23027, 23028, 2, 0, 1.00, 1
5745, 23030, 13, 0, 25646, 25685, 2655, 2642, 204.23, 1
5746, 23031, 8, 0, 23032, 23046, 15, 7, 1.88, 1
5747, 23036, 3, 0, 23037, 23039, 3, 0, 1.00, 1
5748, 23039, 1, 0, 23040, 23040, 1, 0, 1.00, 1
5749, 23041, 4, 0, 23042, 23048, 7, 3, 1.75, 1
5750, 23043, 1, 0, 23044, 23044, 1, 0, 1.00, 1
5751, 23048, 18, 0, 45152, 45169, 22121, 22103, 1228.94, 1
5752, 23058, 1, 0, 23059, 23059, 1, 0, 1.00, 1
5753, 23063, 2, 0, 23064, 23065, 2, 0, 1.00, 1
5754, 23072, 6, 0, 23073, 23078, 6, 0, 1.00, 1
5755, 23079, 9, 0, 23080, 23092, 13, 4, 1.44, 1
5756, 23083, 2, 0, 23084, 23085, 2, 0, 1.00, 1
5757, 23084, 7, 0, 23093, 23107, 23, 16, 3.29, 1
5758, 23088, 12, 0, 23450, 23462, 374, 362, 31.17, 1
5759, 23090, 1, 0, 23091, 23091, 1, 0, 1.00, 1
5760, 23093, 6, 0, 23094, 23099, 6, 0, 1.00, 1
5761, 23096, 14, 0, 40812, 40825, 17729, 17715, 1266.36, 1
5762, 23097, 6, 0, 23108, 23114, 17, 11, 2.83, 1
5763, 23102, 2, 0, 23103, 23104, 2, 0, 1.00, 1
5764, 23112, 1, 0, 23113, 23113, 1, 0, 1.00, 1
5765, 23118, 13, 0, 26424, 26444, 3326, 3313, 255.85, 1
5766, 23122, 6, 0, 23123, 23128, 6, 0, 1.00, 1
5767, 23131, 7, 0, 23132, 23143, 12, 5, 1.71, 1
5768, 23135, 4, 0, 23136, 23139, 4, 0, 1.00, 1
5769, 23141, 1, 0, 23142, 23142, 1, 0, 1.00, 1
5770, 23142, 5, 0, 23144, 23148, 6, 1, 1.20, 1
5771, 23148, 1, 0, 23149, 23149, 1, 0, 1.00, 1
5772, 23151, 6, 0, 23152, 23157, 6, 0, 1.00, 1
5773, 23157, 6, 0, 23158, 23164, 7, 1, 1.17, 1
5774, 23160, 1, 0, 23161, 23161, 1, 0, 1.00, 1
5775, 23163, 8, 0, 23165, 23172, 9, 1, 1.12, 1
5776, 23164, 8, 0, 23173, 23187, 23, 15, 2.88, 1
5777, 23175, 5, 0, 23176, 23182, 7, 2, 1.40, 1
5778, 23176, 2, 0, 23177, 23178, 2, 0, 1.00, 1
5779, 23186, 13, 0, 26461, 26481, 3295, 3282, 253.46, 1
5780, 23192, 1, 0, 23193, 23193, 1, 0, 1.00, 1
5781, 23194, 7, 0, 23195, 23203, 9, 2, 1.29, 1
5782, 23200, 2, 0, 23201, 23202, 2, 0, 1.00, 1
5783, 23201, 3, 0, 23204, 23206, 5, 2, 1.67, 1
5784, 23209, 3, 0, 23210, 23217, 8, 5, 2.67, 1
5785, 23211, 2, 0, 23212, 23213, 2, 0, 1.00, 1
5786, 23213, 3, 0, 23218, 23220, 7, 4, 2.33, 1
5787, 23214, 2, 0, 23215, 23216, 2, 0, 1.00, 1
5788, 23219, 7, 0, 23221, 23229, 10, 3, 1.43, 1
5789, 23220, 16, 0, 43326, 43341, 20121, 20105, 1257.56, 1
5790, 23221, 2, 0, 23222, 23223, 2, 0, 1.00, 1
5791, 23224, 11, 0, 23232, 23348, 124, 113, 11.27, 1
5792, 23229, 2, 0, 23230, 23231, 2, 0, 1.00, 1
5793, 23233, 1, 0, 23234, 23234, 1, 0, 1.00, 1
5794, 23235, 6, 0, 23236, 23241, 6, 0, 1.00, 1
5795, 23236, 7, 0, 23242, 23248, 12, 5, 1.71, 1
5796, 23239, 9, 0, 23351, 23379, 140, 131, 15.56, 1
5797, 23248, 1, 0, 23249, 23249, 1, 0, 1.00, 1
5798, 23249, 3, 0, 23250, 23252, 3, 0, 1.00, 1
5799, 23250, 14, 0, 40826, 40839, 17589, 17575, 1256.36, 1
5800, 23252, 7, 0, 23253, 23265, 13, 6, 1.86, 1
5801, 23254, 6, 0, 23255, 23260, 6, 0, 1.00, 1
5802, 23259, 6, 0, 23266, 23280, 21, 15, 3.50, 1
5803, 23268, 5, 0, 23269, 23275, 7, 2, 1.40, 1
5804, 23272, 2, 0, 23273, 23274, 2, 0, 1.00, 1
5805, 23273, 6, 0, 23290, 23307, 34, 28, 5.67, 1
5806, 23275, 2, 0, 23276, 23277, 2, 0, 1.00, 1
5807, 23280, 4, 0, 23281, 23284, 4, 0, 1.00, 1
5808, 23281, 5, 0, 23285, 23289, 8, 3, 1.60, 1
5809, 23284, 7, 0, 23316, 23322, 38, 31, 5.43, 1
5810, 23291, 3, 0, 23292, 23294, 3, 0, 1.00, 1
5811, 23294, 3, 0, 23295, 23297, 3, 0, 1.00, 1
5812, 23297, 3, 0, 23298, 23300, 3, 0, 1.00, 1
5813, 23299, 17, 0, 44167, 44183, 20884, 20867, 1228.47, 1
5814, 23300, 2, 0, 23301, 23302, 2, 0, 1.00, 1
5815, 23303, 1, 0, 23304, 23304, 1, 0, 1.00, 1
5816, 23306, 6, 0, 23310, 23315, 9, 3, 1.50, 1
5817, 23307, 2, 0, 23308, 23309, 2, 0, 1.00, 1
5818, 23316, 11, 0, 23380, 23398, 82, 71, 7.45, 1
5819, 23322, 2, 0, 23323, 23324, 2, 0, 1.00, 1
5820, 23325, 2, 0, 23326, 23327, 2, 0, 1.00, 1
5821, 23328, 5, 0, 23329, 23335, 7, 2, 1.40, 1
5822, 23330, 2, 0, 23331, 23332, 2, 0, 1.00, 1
5823, 23335, 1, 0, 23336, 23336, 1, 0, 1.00, 1
5824, 23339, 13, 0, 26940, 27106, 3767, 3754, 289.77, 1
5825, 23340, 6, 0, 23341, 23346, 6, 0, 1.00, 1
5826, 23348, 2, 0, 23349, 23350, 2, 0, 1.00, 1
5827, 23351, 5, 0, 23352, 23356, 5, 0, 1.00, 1
5828, 23352, 6, 0, 23357, 23362, 10, 4, 1.67, 1
5829, 23366, 5, 0, 23367, 23375, 9, 4, 1.80, 1
5830, 23368, 4, 0, 23369, 23372, 4, 0, 1.00, 1
5831, 23384, 2, 0, 23385, 23386, 2, 0, 1.00, 1
5832, 23390, 6, 0, 23391, 23396, 6, 0, 1.00, 1
5833, 23398, 11, 0, 23399, 23430, 32, 21, 2.91, 1
5834, 23403, 6, 0, 23404, 23415, 12, 6, 2.00, 1
5835, 23405, 3, 0, 23406, 23408, 3, 0, 1.00, 1
5836, 23409, 1, 0, 23410, 23410, 1, 0, 1.00, 1
5837, 23411, 2, 0, 23412, 23413, 2, 0, 1.00, 1
5838, 23415, 1, 0, 23416, 23416, 1, 0, 1.00, 1
5839, 23416, 3, 0, 23417, 23419, 3, 0, 1.00, 1
5840, 23419, 5, 0, 23420, 23424, 5, 0, 1.00, 1
5841, 23423, 8, 0, 23431, 23443, 20, 12, 2.50, 1
5842, 23436, 3, 0, 23437, 23439, 3, 0, 1.00, 1
5843, 23439, 6, 0, 23444, 23449, 10, 4, 1.67, 1
5844, 23440, 2, 0, 23441, 23442, 2, 0, 1.00, 1
5845, 23445, 12, 0, 23782, 23834, 389, 377, 32.42, 1
5846, 23450, 1, 0, 23451, 23451, 1, 0, 1.00, 1
5847, 23462, 8, 0, 23463, 23475, 13, 5, 1.62, 1
5848, 23464, 3, 0, 23465, 23469, 5, 2, 1.67, 1
5849, 23466, 2, 0, 23467, 23468, 2, 0, 1.00, 1
5850, 23471, 9, 0, 23479, 23498, 27, 18, 3.00, 1
5851, 23475, 2, 0, 23476, 23478, 3, 1, 1.50, 1
5852, 23476, 1, 0, 23477, 23477, 1, 0, 1.00, 1
5853, 23482, 11, 0, 23661, 23690, 208, 197, 18.91, 1
5854, 23483, 14, 0, 40840, 40853, 17370, 17356, 1240.71, 1
5855, 23485, 6, 0, 23486, 23491, 6, 0, 1.00, 1
5856, 23490, 10, 0, 23524, 23555, 65, 55, 6.50, 1
5857, 23492, 5, 0, 23493, 23504, 12, 7, 2.40, 1
5858, 23495, 2, 0, 23496, 23497, 2, 0, 1.00, 1
5859, 23499, 4, 0, 23500, 23505, 6, 2, 1.50, 1
5860, 23502, 1, 0, 23503, 23503, 1, 0, 1.00, 1
5861, 23503, 5, 0, 23506, 23519, 16, 11, 3.20, 1
5862, 23506, 2, 0, 23507, 23508, 2, 0, 1.00, 1
5863, 23509, 4, 0, 23510, 23523, 14, 10, 3.50, 1
5864, 23510, 2, 0, 23511, 23512, 2, 0, 1.00, 1
5865, 23513, 4, 0, 23514, 23517, 4, 0, 1.00, 1
5866, 23519, 1, 0, 23520, 23520, 1, 0, 1.00, 1
5867, 23521, 18, 0, 45170, 45187, 21666, 21648, 1203.67, 1
5868, 23523, 11, 0, 23691, 23766, 243, 232, 22.09, 1
5869, 23524, 5, 0, 23525, 23532, 8, 3, 1.60, 1
5870, 23526, 3, 0, 23527, 23529, 3, 0, 1.00, 1
5871, 23528, 22, 0, 47448, 47469, 23941, 23919, 1088.23, 1
5872, 23529, 4, 0, 23533, 23539, 10, 6, 2.50, 1
5873, 23530, 10, 0, 23569, 23583, 53, 43, 5.30, 1
5874, 23533, 3, 0, 23534, 23536, 3, 0, 1.00, 1
5875, 23539, 2, 0, 23540, 23541, 2, 0, 1.00, 1
5876, 23544, 5, 0, 23545, 23549, 5, 0, 1.00, 1
5877, 23549, 9, 0, 23556, 23568, 19, 10, 2.11, 1
5878, 23557, 4, 0, 23558, 23561, 4, 0, 1.00, 1
5879, 23566, 14, 0, 40854, 40867, 17301, 17287, 1235.79, 1
5880, 23573, 2, 0, 23574, 23575, 2, 0, 1.00, 1
5881, 23574, 8, 0, 23584, 23591, 17, 9, 2.12, 1
5882, 23575, 3, 0, 23576, 23578, 3, 0, 1.00, 1
5883, 23582, 10, 0, 23592, 23619, 37, 27, 3.70, 1
5884, 23594, 1, 0, 23595, 23595, 1, 0, 1.00, 1
5885, 23595, 1, 0, 23596, 23596, 1, 0, 1.00, 1
5886, 23597, 8, 0, 23598, 23638, 41, 33, 5.12, 1
5887, 23598, 6, 0, 23599, 23605, 7, 1, 1.17, 1
5888, 23601, 1, 0, 23602, 23602, 1, 0, 1.00, 1
5889, 23605, 1, 0, 23606, 23606, 1, 0, 1.00, 1
5890, 23608, 4, 0, 23609, 23612, 4, 0, 1.00, 1
5891, 23615, 8, 0, 23616, 23631, 16, 8, 2.00, 1
5892, 23617, 1, 0, 23618, 23618, 1, 0, 1.00, 1
5893, 23620, 2, 0, 23621, 23623, 3, 1, 1.50, 1
5894, 23621, 1, 0, 23622, 23622, 1, 0, 1.00, 1
5895, 23624, 1, 0, 23625, 23625, 1, 0, 1.00, 1
5896, 23625, 1, 0, 23626, 23626, 1, 0, 1.00, 1
5897, 23627, 1, 0, 23628, 23628, 1, 0, 1.00, 1
5898, 23631, 9, 0, 23641, 23660, 29, 20, 3.22, 1
5899, 23638, 2, 0, 23639, 23640, 2, 0, 1.00, 1
5900, 23643, 6, 0, 23644, 23651, 8, 2, 1.33, 1
5901, 23647, 2, 0, 23648, 23649, 2, 0, 1.00, 1
5902, 23653, 3, 0, 23654, 23656, 3, 0, 1.00, 1
5903, 23662, 8, 0, 23663, 23681, 19, 11, 2.38, 1
5904, 23663, 5, 0, 23664, 23671, 8, 3, 1.60, 1
5905, 23666, 3, 0, 23667, 23669, 3, 0, 1.00, 1
5906, 23671, 11, 0, 23771, 23781, 110, 99, 10.00, 1
5907, 23672, 1, 0, 23673, 23673, 1, 0, 1.00, 1
5908, 23676, 1, 0, 23677, 23677, 1, 0, 1.00, 1
5909, 23678, 1, 0, 23679, 23679, 1, 0, 1.00, 1
5910, 23693, 8, 0, 23694, 23720, 27, 19, 3.38, 1
5911, 23694, 7, 0, 23695, 23713, 19, 12, 2.71, 1
5912, 23696, 6, 0, 23697, 23702, 6, 0, 1.00, 1
5913, 23702, 1, 0, 23703, 23703, 1, 0, 1.00, 1
5914, 23706, 4, 0, 23707, 23711, 5, 1, 1.25, 1
5915, 23709, 1, 0, 23710, 23710, 1, 0, 1.00, 1
5916, 23712, 7, 0, 23724, 23746, 34, 27, 4.86, 1
5917, 23713, 7, 0, 23749, 23756, 43, 36, 6.14, 1
5918, 23720, 3, 0, 23721, 23723, 3, 0, 1.00, 1
5919, 23724, 6, 0, 23725, 23732, 8, 2, 1.33, 1
5920, 23728, 2, 0, 23729, 23730, 2, 0, 1.00, 1
5921, 23732, 2, 0, 23733, 23734, 2, 0, 1.00, 1
5922, 23738, 1, 0, 23739, 23739, 1, 0, 1.00, 1
5923, 23739, 2, 0, 23747, 23748, 9, 7, 4.50, 1
5924, 23740, 5, 0, 23741, 23745, 5, 0, 1.00, 1
5925, 23741, 13, 0, 27665, 27709, 3968, 3955, 305.23, 1
5926, 23751, 1, 0, 23752, 23752, 1, 0, 1.00, 1
5927, 23761, 1, 0, 23762, 23762, 1, 0, 1.00, 1
5928, 23762, 1, 0, 23763, 23763, 1, 0, 1.00, 1
5929, 23766, 4, 0, 23767, 23770, 4, 0, 1.00, 1
5930, 23774, 12, 0, 23877, 23918, 144, 132, 12.00, 1
5931, 23781, 12, 0, 23944, 24037, 256, 244, 21.33, 1
5932, 23782, 3, 0, 23783, 23785, 3, 0, 1.00, 1
5933, 23785, 6, 0, 23786, 23793, 8, 2, 1.33, 1
5934, 23788, 2, 0, 23789, 23790, 2, 0, 1.00, 1
5935, 23794, 1, 0, 23795, 23795, 1, 0, 1.00, 1
5936, 23796, 4, 0, 23797, 23800, 4, 0, 1.00, 1
5937, 23800, 7, 0, 23801, 23812, 12, 5, 1.71, 1
5938, 23803, 5, 0, 23804, 23808, 5, 0, 1.00, 1
5939, 23813, 3, 0, 23814, 23818, 5, 2, 1.67, 1
5940, 23815, 2, 0, 23816, 23817, 2, 0, 1.00, 1
5941, 23817, 5, 0, 23819, 23825, 8, 3, 1.60, 1
5942, 23819, 2, 0, 23820, 23821, 2, 0, 1.00, 1
5943, 23832, 1, 0, 23833, 23833, 1, 0, 1.00, 1
5944, 23834, 2, 0, 23835, 23836, 2, 0, 1.00, 1
5945, 23835, 7, 0, 23837, 23849, 14, 7, 2.00, 1
5946, 23838, 11, 0, 23863, 23876, 38, 27, 3.45, 1
5947, 23839, 1, 0, 23840, 23840, 1, 0, 1.00, 1
5948, 23840, 2, 0, 23841, 23842, 2, 0, 1.00, 1
5949, 23841, 14, 0, 40868, 40881, 17040, 17026, 1217.14, 1
5950, 23842, 3, 0, 23843, 23845, 3, 0, 1.00, 1
5951, 23845, 4, 0, 23850, 23855, 10, 6, 2.50, 1
5952, 23846, 7, 0, 23856, 23862, 16, 9, 2.29, 1
5953, 23851, 2, 0, 23852, 23853, 2, 0, 1.00, 1
5954, 23858, 20, 0, 46354, 46373, 22515, 22495, 1125.75, 1
5955, 23867, 2, 0, 23868, 23870, 3, 1, 1.50, 1
5956, 23868, 1, 0, 23869, 23869, 1, 0, 1.00, 1
5957, 23877, 4, 0, 23878, 23884, 7, 3, 1.75, 1
5958, 23878, 3, 0, 23879, 23881, 3, 0, 1.00, 1
5959, 23881, 3, 0, 23885, 23887, 6, 3, 2.00, 1
5960, 23891, 1, 0, 23892, 23892, 1, 0, 1.00, 1
5961, 23893, 4, 0, 23894, 23897, 4, 0, 1.00, 1
5962, 23894, 9, 0, 23925, 23933, 39, 30, 4.33, 1
5963, 23896, 4, 0, 23898, 23903, 7, 3, 1.75, 1
5964, 23898, 2, 0, 23899, 23900, 2, 0, 1.00, 1
5965, 23899, 6, 0, 23919, 23924, 25, 19, 4.17, 1
5966, 23904, 4, 0, 23905, 23908, 4, 0, 1.00, 1
5967, 23910, 4, 0, 23911, 23915, 5, 1, 1.25, 1
5968, 23913, 1, 0, 23914, 23914, 1, 0, 1.00, 1
5969, 23922, 9, 0, 23934, 23943, 21, 12, 2.33, 1
5970, 23934, 1, 0, 23935, 23935, 1, 0, 1.00, 1
5971, 23945, 10, 0, 23946, 23999, 54, 44, 5.40, 1
5972, 23946, 1, 0, 23947, 23947, 1, 0, 1.00, 1
5973, 23947, 6, 0, 23948, 23956, 9, 3, 1.50, 1
5974, 23951, 3, 0, 23952, 23954, 3, 0, 1.00, 1
5975, 23953, 6, 0, 23957, 23965, 12, 6, 2.00, 1
5976, 23954, 6, 0, 23972, 23981, 27, 21, 4.50, 1
5977, 23957, 3, 0, 23958, 23960, 3, 0, 1.00, 1
5978, 23965, 3, 0, 23966, 23970, 5, 2, 1.67, 1
5979, 23967, 2, 0, 23968, 23971, 4, 2, 2.00, 1
5980, 23968, 1, 0, 23969, 23969, 1, 0, 1.00, 1
5981, 23971, 13, 0, 27763, 27806, 3835, 3822, 295.00, 1
5982, 23973, 3, 0, 23974, 23976, 3, 0, 1.00, 1
5983, 23978, 1, 0, 23979, 23979, 1, 0, 1.00, 1
5984, 23981, 4, 0, 23982, 23985, 4, 0, 1.00, 1
5985, 23993, 5, 0, 23994, 23998, 5, 0, 1.00, 1
5986, 24001, 2, 0, 24002, 24003, 2, 0, 1.00, 1
5987, 24002, 5, 0, 24004, 24008, 6, 1, 1.20, 1
5988, 24003, 9, 0, 24056, 24078, 75, 66, 8.33, 1
5989, 24005, 6, 0, 24012, 24020, 15, 9, 2.50, 1
5990, 24008, 3, 0, 24009, 24011, 3, 0, 1.00, 1
5991, 24016, 3, 0, 24017, 24022, 6, 3, 2.00, 1
5992, 24017, 2, 0, 24018, 24019, 2, 0, 1.00, 1
5993, 24025, 5, 0, 24026, 24030, 5, 0, 1.00, 1
5994, 24034, 2, 0, 24035, 24036, 2, 0, 1.00, 1
5995, 24036, 5, 0, 24038, 24051, 15, 10, 3.00, 1
5996, 24039, 2, 0, 24040, 24041, 2, 0, 1.00, 1
5997, 24041, 4, 0, 24052, 24055, 14, 10, 3.50, 1
5998, 24042, 3, 0, 24043, 24045, 3, 0, 1.00, 1
5999, 24046, 4, 0, 24047, 24050, 4, 0, 1.00, 1
6000, 24055, 14, 0, 40882, 40895, 16840, 16826, 1202.86, 1
6001, 24058, 3, 0, 24059, 24061, 3, 0, 1.00, 1
6002, 24063, 11, 0, 24079, 24093, 30, 19, 2.73, 1
6003, 24065, 3, 0, 24066, 24068, 3, 0, 1.00, 1
6004, 24069, 8, 0, 24070, 24077, 8, 0, 1.00, 1
6005, 24080, 2, 0, 24081, 24082, 2, 0, 1.00, 1
6006, 24082, 12, 0, 24098, 24121, 39, 27, 3.25, 1
6007, 24088, 2, 0, 24089, 24090, 2, 0, 1.00, 1
6008, 24090, 4, 0, 24094, 24097, 7, 3, 1.75, 1
6009, 24100, 5, 0, 24101, 24106, 6, 1, 1.20, 1
6010, 24101, 1, 0, 24102, 24102, 1, 0, 1.00, 1
6011, 24109, 2, 0, 24110, 24111, 2, 0, 1.00, 1
6012, 24111, 1, 0, 24112, 24112, 1, 0, 1.00, 1
6013, 24115, 2, 0, 24116, 24118, 3, 1, 1.50, 1
6014, 24116, 1, 0, 24117, 24117, 1, 0, 1.00, 1
6015, 24122, 3, 0, 24123, 24125, 3, 0, 1.00, 1
6016, 24124, 3, 0, 24126, 24128, 4, 1, 1.33, 1
6017, 24127, 3, 0, 24129, 24131, 4, 1, 1.33, 1
6018, 24134, 1, 0, 24135, 24135, 1, 0, 1.00, 1
6019, 24140, 3, 0, 24141, 24143, 3, 0, 1.00, 1
6020, 24147, 3, 0, 24148, 24150, 3, 0, 1.00, 1
6021, 24155, 6, 0, 24156, 24161, 6, 0, 1.00, 1
6022, 24164, 8, 0, 24165, 24172, 8, 0, 1.00, 1
6023, 24172, 4, 0, 24173, 24176, 4, 0, 1.00, 1
6024, 24179, 4, 0, 24180, 24183, 4, 0, 1.00, 1
6025, 24185, 2, 0, 24186, 24187, 2, 0, 1.00, 1
6026, 24188, 6, 0, 24189, 24194, 6, 0, 1.00, 1
6027, 24197, 6, 0, 24198, 24203, 6, 0, 1.00, 1
6028, 24199, 8, 0, 24204, 24211, 12, 4, 1.50, 1
6029, 24211, 1, 0, 24212, 24212, 1, 0, 1.00, 1
6030, 24216, 2, 0, 24217, 24218, 2, 0, 1.00, 1
6031, 24221, 1, 0, 24222, 24222, 1, 0, 1.00, 1
6032, 24225, 5, 0, 24226, 24230, 5, 0, 1.00, 1
6033, 24230, 6, 0, 24231, 24236, 6, 0, 1.00, 1
6034, 24237, 4, 0, 24238, 24241, 4, 0, 1.00, 1
6035, 24242, 5, 0, 24243, 24248, 6, 1, 1.20, 1
6036, 24244, 13, 0, 28085, 28101, 3857, 3844, 296.69, 1
6037, 24246, 1, 0, 24247, 24247, 1, 0, 1.00, 1
6038, 24247, 2, 0, 24249, 24250, 3, 1, 1.50, 1
6039, 24249, 2, 0, 24251, 24252, 3, 1, 1.50, 1
6040, 24255, 11, 0, 24256, 24291, 36, 25, 3.27, 1
6041, 24258, 2, 0, 24259, 24260, 2, 0, 1.00, 1
6042, 24265, 4, 0, 24266, 24276, 11, 7, 2.75, 1
6043, 24266, 3, 0, 24267, 24272, 6, 3, 2.00, 1
6044, 24267, 1, 0, 24268, 24268, 1, 0, 1.00, 1
6045, 24273, 1, 0, 24274, 24274, 1, 0, 1.00, 1
6046, 24277, 4, 0, 24278, 24281, 4, 0, 1.00, 1
6047, 24284, 1, 0, 24285, 24285, 1, 0, 1.00, 1
6048, 24285, 2, 0, 24286, 24287, 2, 0, 1.00, 1
6049, 24287, 9, 0, 24292, 24300, 13, 4, 1.44, 1
6050, 24301, 1, 0, 24302, 24302, 1, 0, 1.00, 1
6051, 24303, 4, 0, 24304, 24310, 7, 3, 1.75, 1
6052, 24305, 3, 0, 24306, 24308, 3, 0, 1.00, 1
6053, 24311, 3, 0, 24312, 24314, 3, 0, 1.00, 1
6054, 24322, 3, 0, 24323, 24325, 3, 0, 1.00, 1
6055, 24325, 6, 0, 24328, 24334, 9, 3, 1.50, 1
6056, 24332, 1, 0, 24333, 24333, 1, 0, 1.00, 1
6057, 24342, 5, 0, 24343, 24351, 9, 4, 1.80, 1
6058, 24344, 2, 0, 24345, 24346, 2, 0, 1.00, 1
6059, 24345, 2, 0, 24347, 24348, 3, 1, 1.50, 1
6060, 24353, 3, 0, 24354, 24356, 3, 0, 1.00, 1
6061, 24356, 1, 0, 24357, 24357, 1, 0, 1.00, 1
6062, 24357, 1, 0, 24358, 24358, 1, 0, 1.00, 1
6063, 24366, 3, 0, 24367, 24369, 3, 0, 1.00, 1
6064, 24367, 9, 0, 24454, 24473, 106, 97, 11.78, 1
6065, 24370, 2, 0, 24371, 24372, 2, 0, 1.00, 1
6066, 24374, 1, 0, 24375, 24375, 1, 0, 1.00, 1
6067, 24375, 7, 0, 24390, 24403, 28, 21, 4.00, 1
6068, 24378, 2, 0, 24379, 24380, 2, 0, 1.00, 1
6069, 24379, 5, 0, 24383, 24388, 9, 4, 1.80, 1
6070, 24386, 1, 0, 24387, 24387, 1, 0, 1.00, 1
6071, 24388, 1, 0, 24389, 24389, 1, 0, 1.00, 1
6072, 24391, 3, 0, 24392, 24394, 3, 0, 1.00, 1
6073, 24394, 5, 0, 24404, 24408, 14, 9, 2.80, 1
6074, 24396, 3, 0, 24397, 24399, 3, 0, 1.00, 1
6075, 24400, 1, 0, 24401, 24401, 1, 0, 1.00, 1
6076, 24402, 8, 0, 24446, 24453, 51, 43, 6.38, 1
6077, 24406, 6, 0, 24409, 24415, 9, 3, 1.50, 1
6078, 24412, 1, 0, 24413, 24413, 1, 0, 1.00, 1
6079, 24413, 7, 0, 24416, 24445, 32, 25, 4.57, 1
6080, 24416, 4, 0, 24417, 24423, 7, 3, 1.75, 1
6081, 24418, 3, 0, 24419, 24421, 3, 0, 1.00, 1
6082, 24419, 18, 0, 45188, 45205, 20786, 20768, 1154.78, 1
6083, 24425, 6, 0, 24426, 24433, 8, 2, 1.33, 1
6084, 24428, 1, 0, 24429, 24429, 1, 0, 1.00, 1
6085, 24429, 3, 0, 24434, 24436, 7, 4, 2.33, 1
6086, 24430, 1, 0, 24431, 24431, 1, 0, 1.00, 1
6087, 24434, 3, 0, 24437, 24439, 5, 2, 1.67, 1
6088, 24441, 1, 0, 24442, 24442, 1, 0, 1.00, 1
6089, 24443, 1, 0, 24444, 24444, 1, 0, 1.00, 1
6090, 24457, 2, 0, 24458, 24459, 2, 0, 1.00, 1
6091, 24460, 3, 0, 24461, 24463, 3, 0, 1.00, 1
6092, 24464, 5, 0, 24465, 24476, 12, 7, 2.40, 1
6093, 24465, 7, 0, 24477, 24483, 18, 11, 2.57, 1
6094, 24466, 2, 0, 24467, 24468, 2, 0, 1.00, 1
6095, 24468, 2, 0, 24469, 24470, 2, 0, 1.00, 1
6096, 24473, 13, 0, 28105, 28147, 3674, 3661, 282.62, 1
6097, 24481, 10, 0, 24486, 24497, 16, 6, 1.60, 1
6098, 24483, 2, 0, 24484, 24485, 2, 0, 1.00, 1
6099, 24492, 2, 0, 24493, 24494, 2, 0, 1.00, 1
6100, 24499, 2, 0, 24500, 24501, 2, 0, 1.00, 1
6101, 24502, 2, 0, 24503, 24504, 2, 0, 1.00, 1
6102, 24506, 6, 0, 24507, 24513, 7, 1, 1.17, 1
6103, 24509, 1, 0, 24510, 24510, 1, 0, 1.00, 1
6104, 24519, 12, 0, 24520, 24541, 22, 10, 1.83, 1
6105, 24522, 12, 0, 24542, 24601, 79, 67, 6.58, 1
6106, 24525, 1, 0, 24526, 24526, 1, 0, 1.00, 1
6107, 24527, 7, 0, 24528, 24534, 7, 0, 1.00, 1
6108, 24543, 2, 0, 24544, 24546, 3, 1, 1.50, 1
6109, 24544, 1, 0, 24545, 24545, 1, 0, 1.00, 1
6110, 24545, 1, 0, 24547, 24547, 2, 1, 2.00, 1
6111, 24546, 3, 0, 24548, 24550, 4, 1, 1.33, 1
6112, 24548, 6, 0, 24551, 24559, 11, 5, 1.83, 1
6113, 24550, 7, 0, 24560, 24566, 16, 9, 2.29, 1
6114, 24554, 3, 0, 24555, 24557, 3, 0, 1.00, 1
6115, 24558, 10, 0, 24640, 24651, 93, 83, 9.30, 1
6116, 24566, 6, 0, 24567, 24573, 7, 1, 1.17, 1
6117, 24568, 1, 0, 24569, 24569, 1, 0, 1.00, 1
6118, 24575, 11, 0, 24576, 24633, 58, 47, 5.27, 1
6119, 24577, 1, 0, 24578, 24578, 1, 0, 1.00, 1
6120, 24578, 1, 0, 24579, 24579, 1, 0, 1.00, 1
6121, 24580, 2, 0, 24581, 24582, 2, 0, 1.00, 1
6122, 24581, 2, 0, 24583, 24584, 3, 1, 1.50, 1
6123, 24587, 11, 0, 24588, 24605, 18, 7, 1.64, 1
6124, 24594, 5, 0, 24595, 24609, 15, 10, 3.00, 1
6125, 24595, 2, 0, 24596, 24597, 2, 0, 1.00, 1
6126, 24604, 11, 0, 24699, 24713, 109, 98, 9.91, 1
6127, 24612, 1, 0, 24613, 24613, 1, 0, 1.00, 1
6128, 24614, 4, 0, 24615, 24619, 5, 1, 1.25, 1
6129, 24616, 4, 0, 24620, 24623, 7, 3, 1.75, 1
6130, 24617, 1, 0, 24618, 24618, 1, 0, 1.00, 1
6131, 24621, 6, 0, 24634, 24639, 18, 12, 3.00, 1
6132, 24624, 5, 0, 24625, 24629, 5, 0, 1.00, 1
6133, 24640, 13, 0, 28167, 28217, 3577, 3564, 275.15, 1
6134, 24646, 12, 0, 24718, 24764, 118, 106, 9.83, 1
6135, 24648, 2, 0, 24649, 24650, 2, 0, 1.00, 1
6136, 24650, 3, 0, 24652, 24654, 4, 1, 1.33, 1
6137, 24652, 9, 0, 24661, 24672, 20, 11, 2.22, 1
6138, 24653, 6, 0, 24655, 24660, 7, 1, 1.17, 1
6139, 24666, 3, 0, 24667, 24669, 3, 0, 1.00, 1
6140, 24668, 4, 0, 24673, 24676, 8, 4, 2.00, 1
6141, 24674, 7, 0, 24677, 24689, 15, 8, 2.14, 1
6142, 24676, 13, 0, 28242, 28339, 3663, 3650, 281.77, 1
6143, 24680, 21, 0, 46886, 46906, 22226, 22205, 1058.38, 1
6144, 24681, 4, 0, 24682, 24685, 4, 0, 1.00, 1
6145, 24685, 2, 0, 24686, 24687, 2, 0, 1.00, 1
6146, 24687, 9, 0, 24690, 24698, 11, 2, 1.22, 1
6147, 24688, 16, 0, 43342, 43357, 18669, 18653, 1166.81, 1
6148, 24700, 1, 0, 24701, 24701, 1, 0, 1.00, 1
6149, 24708, 5, 0, 24709, 24717, 9, 4, 1.80, 1
6150, 24709, 2, 0, 24710, 24711, 2, 0, 1.00, 1
6151, 24721, 7, 0, 24722, 24728, 7, 0, 1.00, 1
6152, 24730, 2, 0, 24731, 24732, 2, 0, 1.00, 1
6153, 24732, 2, 0, 24733, 24734, 2, 0, 1.00, 1
6154, 24733, 4, 0, 24735, 24738, 5, 1, 1.25, 1
6155, 24738, 4, 0, 24739, 24742, 4, 0, 1.00, 1
6156, 24743, 5, 0, 24744, 24748, 5, 0, 1.00, 1
6157, 24744, 6, 0, 24765, 24776, 32, 26, 5.33, 1
6158, 24749, 5, 0, 24750, 24754, 5, 0, 1.00, 1
6159, 24754, 1, 0, 24755, 24755, 1, 0, 1.00, 1
6160, 24757, 5, 0, 24758, 24762, 5, 0, 1.00, 1
6161, 24762, 7, 0, 24777, 24784, 22, 15, 3.14, 1
6162, 24763, 29, 0, 48809, 48837, 24074, 24045, 830.14, 1
6163, 24765, 2, 0, 24766, 24767, 2, 0, 1.00, 1
6164, 24770, 4, 0, 24771, 24774, 4, 0, 1.00, 1
6165, 24779, 1, 0, 24780, 24780, 1, 0, 1.00, 1
6166, 24788, 1, 0, 24789, 24789, 1, 0, 1.00, 1
6167, 24789, 4, 0, 24790, 24796, 7, 3, 1.75, 1
6168, 24792, 3, 0, 24793, 24795, 3, 0, 1.00, 1
6169, 24801, 6, 0, 24802, 24807, 6, 0, 1.00, 1
6170, 24805, 7, 0, 24812, 24818, 13, 6, 1.86, 1
6171, 24818, 9, 0, 24819, 24835, 17, 8, 1.89, 1
6172, 24822, 4, 0, 24823, 24826, 4, 0, 1.00, 1
6173, 24825, 8, 0, 24836, 24845, 20, 12, 2.50, 1
6174, 24826, 4, 0, 24827, 24830, 4, 0, 1.00, 1
6175, 24834, 23, 0, 47649, 47671, 22837, 22814, 992.91, 1
6176, 24842, 2, 0, 24843, 24844, 2, 0, 1.00, 1
6177, 24855, 5, 0, 24856, 24865, 10, 5, 2.00, 1
6178, 24858, 3, 0, 24859, 24863, 5, 2, 1.67, 1
6179, 24860, 2, 0, 24861, 24862, 2, 0, 1.00, 1
6180, 24862, 5, 0, 24872, 24876, 14, 9, 2.80, 1
6181, 24865, 3, 0, 24866, 24868, 3, 0, 1.00, 1
6182, 24867, 5, 0, 24877, 24886, 19, 14, 3.80, 1
6183, 24874, 8, 0, 24994, 25005, 131, 123, 16.38, 1
6184, 24877, 7, 0, 24906, 24919, 42, 35, 6.00, 1
6185, 24879, 3, 0, 24880, 24883, 4, 1, 1.33, 1
6186, 24881, 1, 0, 24882, 24882, 1, 0, 1.00, 1
6187, 24883, 7, 0, 24920, 24933, 50, 43, 7.14, 1
6188, 24884, 1, 0, 24885, 24885, 1, 0, 1.00, 1
6189, 24886, 6, 0, 24887, 24894, 8, 2, 1.33, 1
6190, 24887, 1, 0, 24888, 24888, 1, 0, 1.00, 1
6191, 24888, 5, 0, 24897, 24905, 17, 12, 3.40, 1
6192, 24891, 1, 0, 24892, 24892, 1, 0, 1.00, 1
6193, 24892, 2, 0, 24895, 24896, 4, 2, 2.00, 1
6194, 24897, 1, 0, 24898, 24898, 1, 0, 1.00, 1
6195, 24899, 7, 0, 24942, 24964, 65, 58, 9.29, 1
6196, 24901, 3, 0, 24902, 24904, 3, 0, 1.00, 1
6197, 24908, 3, 0, 24909, 24911, 3, 0, 1.00, 1
6198, 24909, 12, 0, 25051, 25101, 192, 180, 16.00, 1
6199, 24910, 3, 0, 24913, 24915, 5, 2, 1.67, 1
6200, 24911, 1, 0, 24912, 24912, 1, 0, 1.00, 1
6201, 24922, 4, 0, 24923, 24926, 4, 0, 1.00, 1
6202, 24923, 9, 0, 25023, 25033, 110, 101, 12.22, 1
6203, 24927, 13, 0, 28344, 28384, 3457, 3444, 265.92, 1
6204, 24928, 3, 0, 24929, 24935, 7, 4, 2.33, 1
6205, 24929, 2, 0, 24930, 24931, 2, 0, 1.00, 1
6206, 24934, 3, 0, 24936, 24938, 4, 1, 1.33, 1
6207, 24937, 3, 0, 24939, 24941, 4, 1, 1.33, 1
6208, 24945, 6, 0, 24946, 24957, 12, 6, 2.00, 1
6209, 24949, 3, 0, 24950, 24952, 3, 0, 1.00, 1
6210, 24952, 2, 0, 24953, 24954, 2, 0, 1.00, 1
6211, 24955, 1, 0, 24956, 24956, 1, 0, 1.00, 1
6212, 24957, 5, 0, 24958, 24968, 11, 6, 2.20, 1
6213, 24959, 2, 0, 24960, 24961, 2, 0, 1.00, 1
6214, 24960, 3, 0, 24971, 24973, 13, 10, 4.33, 1
6215, 24965, 1, 0, 24966, 24966, 1, 0, 1.00, 1
6216, 24966, 3, 0, 24974, 24976, 10, 7, 3.33, 1
6217, 24968, 1, 0, 24969, 24969, 1, 0, 1.00, 1
6218, 24969, 1, 0, 24970, 24970, 1, 0, 1.00, 1
6219, 24970, 5, 0, 24982, 24987, 17, 12, 3.40, 1
6220, 24976, 4, 0, 24977, 24981, 5, 1, 1.25, 1
6221, 24978, 1, 0, 24979, 24979, 1, 0, 1.00, 1
6222, 24984, 1, 0, 24985, 24985, 1, 0, 1.00, 1
6223, 24987, 4, 0, 24988, 24991, 4, 0, 1.00, 1
6224, 24989, 8, 0, 25006, 25020, 31, 23, 3.88, 1
6225, 24991, 2, 0, 24992, 24993, 2, 0, 1.00, 1
6226, 24994, 1, 0, 24995, 24995, 1, 0, 1.00, 1
6227, 24999, 2, 0, 25000, 25001, 2, 0, 1.00, 1
6228, 25001, 1, 0, 25002, 25002, 1, 0, 1.00, 1
6229, 25009, 3, 0, 25010, 25014, 5, 2, 1.67, 1
6230, 25010, 2, 0, 25011, 25012, 2, 0, 1.00, 1
6231, 25014, 11, 0, 25034, 25050, 36, 25, 3.27, 1
6232, 25017, 2, 0, 25018, 25019, 2, 0, 1.00, 1
6233, 25020, 2, 0, 25021, 25022, 2, 0, 1.00, 1
6234, 25026, 2, 0, 25027, 25028, 2, 0, 1.00, 1
6235, 25037, 6, 0, 25038, 25043, 6, 0, 1.00, 1
6236, 25053, 6, 0, 25054, 25059, 6, 0, 1.00, 1
6237, 25058, 8, 0, 25066, 25079, 21, 13, 2.62, 1
6238, 25059, 3, 0, 25060, 25062, 3, 0, 1.00, 1
6239, 25062, 3, 0, 25063, 25065, 3, 0, 1.00, 1
6240, 25065, 11, 0, 25102, 25113, 48, 37, 4.36, 1
6241, 25067, 5, 0, 25068, 25073, 6, 1, 1.20, 1
6242, 25069, 21, 0, 46907, 46927, 21858, 21837, 1040.86, 1
6243, 25070, 1, 0, 25071, 25071, 1, 0, 1.00, 1
6244, 25081, 5, 0, 25082, 25086, 5, 0, 1.00, 1
6245, 25089, 3, 0, 25090, 25095, 6, 3, 2.00, 1
6246, 25090, 2, 0, 25091, 25092, 2, 0, 1.00, 1
6247, 25092, 1, 0, 25093, 25093, 1, 0, 1.00, 1
6248, 25095, 2, 0, 25096, 25097, 2, 0, 1.00, 1
6249, 25099, 22, 0, 47470, 47491, 22392, 22370, 1017.82, 1
6250, 25109, 1, 0, 25110, 25110, 1, 0, 1.00, 1
6251, 25116, 1, 0, 25117, 25117, 1, 0, 1.00, 1
6252, 25120, 12, 0, 25121, 25135, 15, 3, 1.25, 1
6253, 25126, 2, 0, 25127, 25128, 2, 0, 1.00, 1
6254, 25132, 1, 0, 25133, 25133, 1, 0, 1.00, 1
6255, 25137, 3, 0, 25138, 25140, 3, 0, 1.00, 1
6256, 25144, 2, 0, 25145, 25146, 2, 0, 1.00, 1
6257, 25147, 1, 0, 25148, 25148, 1, 0, 1.00, 1
6258, 25148, 4, 0, 25149, 25152, 4, 0, 1.00, 1
6259, 25153, 7, 0, 25154, 25160, 7, 0, 1.00, 1
6260, 25162, 6, 0, 25163, 25172, 10, 4, 1.67, 1
6261, 25165, 4, 0, 25166, 25169, 4, 0, 1.00, 1
6262, 25179, 4, 0, 25180, 25183, 4, 0, 1.00, 1
6263, 25190, 1, 0, 25191, 25191, 1, 0, 1.00, 1
6264, 25194, 11, 0, 25195, 25216, 22, 11, 2.00, 1
6265, 25198, 1, 0, 25199, 25199, 1, 0, 1.00, 1
6266, 25199, 2, 0, 25200, 25201, 2, 0, 1.00, 1
6267, 25200, 9, 0, 25217, 25236, 36, 27, 4.00, 1
6268, 25206, 2, 0, 25207, 25208, 2, 0, 1.00, 1
6269, 25217, 2, 0, 25218, 25219, 2, 0, 1.00, 1
6270, 25223, 6, 0, 25224, 25229, 6, 0, 1.00, 1
6271, 25231, 12, 0, 25269, 25281, 50, 38, 4.17, 1
6272, 25232, 8, 0, 25233, 25252, 20, 12, 2.50, 1
6273, 25233, 3, 0, 25234, 25239, 6, 3, 2.00, 1
6274, 25234, 1, 0, 25235, 25235, 1, 0, 1.00, 1
6275, 25235, 5, 0, 25240, 25244, 9, 4, 1.80, 1
6276, 25236, 1, 0, 25237, 25237, 1, 0, 1.00, 1
6277, 25237, 7, 0, 25261, 25268, 31, 24, 4.43, 1
6278, 25249, 1, 0, 25250, 25250, 1, 0, 1.00, 1
6279, 25250, 2, 0, 25256, 25257, 7, 5, 3.50, 1
6280, 25252, 3, 0, 25253, 25255, 3, 0, 1.00, 1
6281, 25256, 3, 0, 25258, 25260, 4, 1, 1.33, 1
6282, 25261, 1, 0, 25262, 25262, 1, 0, 1.00, 1
6283, 25278, 1, 0, 25279, 25279, 1, 0, 1.00, 1
6284, 25285, 5, 0, 25286, 25290, 5, 0, 1.00, 1
6285, 25286, 8, 0, 25291, 25298, 12, 4, 1.50, 1
6286, 25293, 11, 0, 25324, 25338, 45, 34, 4.09, 1
6287, 25304, 10, 0, 25305, 25323, 19, 9, 1.90, 1
6288, 25308, 1, 0, 25309, 25309, 1, 0, 1.00, 1
6289, 25314, 5, 0, 25315, 25319, 5, 0, 1.00, 1
6290, 25327, 3, 0, 25328, 25330, 3, 0, 1.00, 1
6291, 25333, 12, 0, 25339, 25373, 40, 28, 3.33, 1
6292, 25335, 1, 0, 25336, 25336, 1, 0, 1.00, 1
6293, 25339, 13, 0, 28401, 28413, 3074, 3061, 236.46, 1
6294, 25342, 9, 0, 25343, 25351, 9, 0, 1.00, 1
6295, 25352, 1, 0, 25353, 25353, 1, 0, 1.00, 1
6296, 25356, 2, 0, 25357, 25358, 2, 0, 1.00, 1
6297, 25357, 3, 0, 25359, 25363, 6, 3, 2.00, 1
6298, 25360, 2, 0, 25361, 25362, 2, 0, 1.00, 1
6299, 25362, 15, 0, 42178, 42192, 16830, 16815, 1122.00, 1
6300, 25364, 2, 0, 25365, 25366, 2, 0, 1.00, 1
6301, 25367, 2, 0, 25368, 25369, 2, 0, 1.00, 1
6302, 25370, 2, 0, 25371, 25372, 2, 0, 1.00, 1
6303, 25372, 5, 0, 25374, 25380, 8, 3, 1.60, 1
6304, 25375, 2, 0, 25376, 25377, 2, 0, 1.00, 1
6305, 25377, 3, 0, 25381, 25383, 6, 3, 2.00, 1
6306, 25387, 4, 0, 25388, 25394, 7, 3, 1.75, 1
6307, 25390, 2, 0, 25391, 25392, 2, 0, 1.00, 1
6308, 25392, 1, 0, 25393, 25393, 1, 0, 1.00, 1
6309, 25396, 4, 0, 25397, 25400, 4, 0, 1.00, 1
6310, 25402, 1, 0, 25403, 25403, 1, 0, 1.00, 1
6311, 25404, 9, 0, 25405, 25417, 13, 4, 1.44, 1
6312, 25409, 13, 0, 28414, 28436, 3027, 3014, 232.85, 1
6313, 25411, 1, 0, 25412, 25412, 1, 0, 1.00, 1
6314, 25413, 8, 0, 25414, 25444, 31, 23, 3.88, 1
6315, 25415, 1, 0, 25416, 25416, 1, 0, 1.00, 1
6316, 25416, 4, 0, 25430, 25433, 17, 13, 4.25, 1
6317, 25417, 2, 0, 25418, 25419, 2, 0, 1.00, 1
6318, 25420, 6, 0, 25421, 25426, 6, 0, 1.00, 1
6319, 25434, 11, 0, 25445, 25458, 24, 13, 2.18, 1
6320, 25438, 5, 0, 25439, 25443, 5, 0, 1.00, 1
6321, 25447, 1, 0, 25448, 25448, 1, 0, 1.00, 1
6322, 25455, 2, 0, 25456, 25457, 2, 0, 1.00, 1
6323, 25462, 10, 0, 25463, 25476, 14, 4, 1.40, 1
6324, 25469, 4, 0, 25470, 25473, 4, 0, 1.00, 1
6325, 25478, 2, 0, 25479, 25480, 2, 0, 1.00, 1
6326, 25479, 5, 0, 25481, 25485, 6, 1, 1.20, 1
6327, 25485, 3, 0, 25486, 25488, 3, 0, 1.00, 1
6328, 25487, 3, 0, 25489, 25491, 4, 1, 1.33, 1
6329, 25491, 1, 0, 25492, 25492, 1, 0, 1.00, 1
6330, 25493, 4, 0, 25494, 25497, 4, 0, 1.00, 1
6331, 25497, 5, 0, 25498, 25502, 5, 0, 1.00, 1
6332, 25503, 1, 0, 25504, 25504, 1, 0, 1.00, 1
6333, 25508, 5, 0, 25509, 25513, 5, 0, 1.00, 1
6334, 25514, 2, 0, 25515, 25516, 2, 0, 1.00, 1
6335, 25516, 4, 0, 25517, 25520, 4, 0, 1.00, 1
6336, 25524, 2, 0, 25525, 25526, 2, 0, 1.00, 1
6337, 25528, 3, 0, 25529, 25531, 3, 0, 1.00, 1
6338, 25532, 17, 0, 44184, 44200, 18668, 18651, 1098.12, 1
6339, 25542, 1, 0, 25543, 25543, 1, 0, 1.00, 1
6340, 25543, 8, 0, 25544, 25567, 24, 16, 3.00, 1
6341, 25544, 3, 0, 25545, 25547, 3, 0, 1.00, 1
6342, 25548, 2, 0, 25549, 25550, 2, 0, 1.00, 1
6343, 25551, 5, 0, 25552, 25556, 5, 0, 1.00, 1
6344, 25556, 6, 0, 25568, 25575, 19, 13, 3.17, 1
6345, 25557, 3, 0, 25558, 25560, 3, 0, 1.00, 1
6346, 25561, 3, 0, 25562, 25564, 3, 0, 1.00, 1
6347, 25571, 2, 0, 25572, 25573, 2, 0, 1.00, 1
6348, 25575, 3, 0, 25576, 25578, 3, 0, 1.00, 1
6349, 25579, 1, 0, 25580, 25580, 1, 0, 1.00, 1
6350, 25580, 4, 0, 25581, 25584, 4, 0, 1.00, 1
6351, 25588, 6, 0, 25589, 25599, 11, 5, 1.83, 1
6352, 25589, 1, 0, 25590, 25590, 1, 0, 1.00, 1
6353, 25603, 11, 0, 25604, 25618, 15, 4, 1.36, 1
6354, 25610, 3, 0, 25611, 25613, 3, 0, 1.00, 1
6355, 25614, 1, 0, 25615, 25615, 1, 0, 1.00, 1
6356, 25619, 8, 0, 25620, 25627, 8, 0, 1.00, 1
6357, 25628, 6, 0, 25629, 25635, 7, 1, 1.17, 1
6358, 25630, 1, 0, 25631, 25631, 1, 0, 1.00, 1
6359, 25638, 1, 0, 25639, 25639, 1, 0, 1.00, 1
6360, 25639, 2, 0, 25640, 25641, 2, 0, 1.00, 1
6361, 25650, 2, 0, 25651, 25652, 2, 0, 1.00, 1
6362, 25653, 2, 0, 25654, 25655, 2, 0, 1.00, 1
6363, 25655, 6, 0, 25656, 25663, 8, 2, 1.33, 1
6364, 25657, 2, 0, 25658, 25659, 2, 0, 1.00, 1
6365, 25663, 5, 0, 25664, 25668, 5, 0, 1.00, 1
6366, 25665, 5, 0, 25669, 25673, 8, 3, 1.60, 1
6367, 25669, 7, 0, 25686, 25700, 31, 24, 4.43, 1
6368, 25674, 3, 0, 25675, 25677, 3, 0, 1.00, 1
6369, 25681, 2, 0, 25682, 25683, 2, 0, 1.00, 1
6370, 25682, 7, 0, 25701, 25714, 32, 25, 4.57, 1
6371, 25686, 4, 0, 25687, 25693, 7, 3, 1.75, 1
6372, 25689, 2, 0, 25690, 25691, 2, 0, 1.00, 1
6373, 25691, 1, 0, 25692, 25692, 1, 0, 1.00, 1
6374, 25695, 1, 0, 25696, 25696, 1, 0, 1.00, 1
6375, 25704, 6, 0, 25705, 25717, 13, 7, 2.17, 1
6376, 25707, 4, 0, 25708, 25711, 4, 0, 1.00, 1
6377, 25714, 12, 0, 25718, 25783, 69, 57, 5.75, 1
6378, 25718, 18, 0, 45206, 45223, 19505, 19487, 1083.61, 1
6379, 25721, 10, 0, 25722, 25744, 23, 13, 2.30, 1
6380, 25722, 14, 0, 40896, 40909, 15187, 15173, 1084.79, 1
6381, 25724, 1, 0, 25725, 25725, 1, 0, 1.00, 1
6382, 25725, 1, 0, 25726, 25726, 1, 0, 1.00, 1
6383, 25729, 4, 0, 25730, 25735, 6, 2, 1.50, 1
6384, 25731, 3, 0, 25732, 25737, 6, 3, 2.00, 1
6385, 25732, 1, 0, 25733, 25733, 1, 0, 1.00, 1
6386, 25733, 13, 0, 28590, 28623, 2890, 2877, 222.31, 1
6387, 25735, 8, 0, 25794, 25803, 68, 60, 8.50, 1
6388, 25739, 3, 0, 25740, 25742, 3, 0, 1.00, 1
6389, 25743, 10, 0, 25836, 25855, 112, 102, 11.20, 1
6390, 25744, 5, 0, 25745, 25751, 7, 2, 1.40, 1
6391, 25746, 2, 0, 25747, 25748, 2, 0, 1.00, 1
6392, 25753, 10, 0, 25754, 25766, 13, 3, 1.30, 1
6393, 25757, 10, 0, 25856, 25903, 146, 136, 14.60, 1
6394, 25759, 3, 0, 25760, 25762, 3, 0, 1.00, 1
6395, 25767, 6, 0, 25768, 25788, 21, 15, 3.50, 1
6396, 25768, 5, 0, 25769, 25774, 6, 1, 1.20, 1
6397, 25771, 1, 0, 25772, 25772, 1, 0, 1.00, 1
6398, 25772, 5, 0, 25789, 25793, 21, 16, 4.20, 1
6399, 25776, 3, 0, 25777, 25779, 3, 0, 1.00, 1
6400, 25781, 1, 0, 25782, 25782, 1, 0, 1.00, 1
6401, 25784, 10, 0, 26070, 26084, 300, 290, 30.00, 1
6402, 25795, 2, 0, 25796, 25797, 2, 0, 1.00, 1
6403, 25796, 9, 0, 25804, 25824, 28, 19, 3.11, 1
6404, 25805, 1, 0, 25806, 25806, 1, 0, 1.00, 1
6405, 25806, 1, 0, 25807, 25807, 1, 0, 1.00, 1
6406, 25807, 6, 0, 25808, 25815, 8, 2, 1.33, 1
6407, 25811, 7, 0, 25825, 25835, 24, 17, 3.43, 1
6408, 25812, 3, 0, 25813, 25817, 5, 2, 1.67, 1
6409, 25813, 1, 0, 25814, 25814, 1, 0, 1.00, 1
6410, 25826, 4, 0, 25827, 25830, 4, 0, 1.00, 1
6411, 25839, 9, 0, 25840, 25849, 10, 1, 1.11, 1
6412, 25843, 1, 0, 25844, 25844, 1, 0, 1.00, 1
6413, 25856, 2, 0, 25857, 25858, 2, 0, 1.00, 1
6414, 25857, 8, 0, 25859, 25873, 16, 8, 2.00, 1
6415, 25858, 14, 0, 40910, 40923, 15065, 15051, 1076.07, 1
6416, 25861, 5, 0, 25862, 25866, 5, 0, 1.00, 1
6417, 25866, 7, 0, 25887, 25893, 27, 20, 3.86, 1
6418, 25870, 2, 0, 25871, 25872, 2, 0, 1.00, 1
6419, 25873, 7, 0, 25874, 25886, 13, 6, 1.86, 1
6420, 25879, 6, 0, 25880, 25885, 6, 0, 1.00, 1
6421, 25883, 12, 0, 26272, 26298, 415, 403, 34.58, 1
6422, 25901, 1, 0, 25902, 25902, 1, 0, 1.00, 1
6423, 25902, 8, 0, 25926, 25964, 62, 54, 7.75, 1
6424, 25903, 4, 0, 25904, 25907, 4, 0, 1.00, 1
6425, 25905, 7, 0, 25919, 25925, 20, 13, 2.86, 1
6426, 25906, 4, 0, 25908, 25916, 10, 6, 2.50, 1
6427, 25908, 3, 0, 25909, 25911, 3, 0, 1.00, 1
6428, 25913, 3, 0, 25914, 25918, 5, 2, 1.67, 1
6429, 25914, 1, 0, 25915, 25915, 1, 0, 1.00, 1
6430, 25918, 9, 0, 25993, 26010, 92, 83, 10.22, 1
6431, 25919, 12, 0, 26358, 26418, 499, 487, 41.58, 1
6432, 25922, 8, 0, 25970, 25983, 61, 53, 7.62, 1
6433, 25926, 5, 0, 25927, 25934, 8, 3, 1.60, 1
6434, 25930, 4, 0, 25931, 25936, 6, 2, 1.50, 1
6435, 25932, 1, 0, 25933, 25933, 1, 0, 1.00, 1
6436, 25933, 5, 0, 25937, 25943, 10, 5, 2.00, 1
6437, 25937, 1, 0, 25938, 25938, 1, 0, 1.00, 1
6438, 25938, 5, 0, 25944, 25948, 10, 5, 2.00, 1
6439, 25940, 1, 0, 25941, 25941, 1, 0, 1.00, 1
6440, 25946, 8, 0, 25984, 25992, 46, 38, 5.75, 1
6441, 25949, 3, 0, 25950, 25954, 5, 2, 1.67, 1
6442, 25951, 2, 0, 25952, 25953, 2, 0, 1.00, 1
6443, 25957, 4, 0, 25958, 25961, 4, 0, 1.00, 1
6444, 25958, 5, 0, 25965, 25969, 11, 6, 2.20, 1
6445, 25974, 3, 0, 25975, 25977, 3, 0, 1.00, 1
6446, 25977, 2, 0, 25978, 25979, 2, 0, 1.00, 1
6447, 25979, 1, 0, 25980, 25980, 1, 0, 1.00, 1
6448, 25984, 1, 0, 25985, 25985, 1, 0, 1.00, 1
6449, 25992, 9, 0, 26013, 26043, 51, 42, 5.67, 1
6450, 25995, 2, 0, 25996, 25997, 2, 0, 1.00, 1
6451, 25998, 3, 0, 25999, 26001, 3, 0, 1.00, 1
6452, 26000, 4, 0, 26002, 26005, 5, 1, 1.25, 1
6453, 26010, 2, 0, 26011, 26012, 2, 0, 1.00, 1
6454, 26013, 3, 0, 26014, 26016, 3, 0, 1.00, 1
6455, 26016, 2, 0, 26017, 26018, 2, 0, 1.00, 1
6456, 26018, 7, 0, 26019, 26031, 13, 6, 1.86, 1
6457, 26024, 6, 0, 26025, 26030, 6, 0, 1.00, 1
6458, 26025, 13, 0, 28644, 28732, 2707, 2694, 208.23, 1
6459, 26028, 11, 0, 26261, 26271, 243, 232, 22.09, 1
6460, 26034, 2, 0, 26035, 26036, 2, 0, 1.00, 1
6461, 26040, 2, 0, 26041, 26042, 2, 0, 1.00, 1
6462, 26042, 3, 0, 26044, 26048, 6, 3, 2.00, 1
6463, 26045, 2, 0, 26046, 26047, 2, 0, 1.00, 1
6464, 26048, 9, 0, 26049, 26069, 21, 12, 2.33, 1
6465, 26052, 4, 0, 26053, 26056, 4, 0, 1.00, 1
6466, 26056, 2, 0, 26057, 26058, 2, 0, 1.00, 1
6467, 26060, 6, 0, 26061, 26066, 6, 0, 1.00, 1
6468, 26076, 8, 0, 26077, 26111, 35, 27, 4.38, 1
6469, 26078, 2, 0, 26079, 26080, 2, 0, 1.00, 1
6470, 26079, 4, 0, 26085, 26088, 9, 5, 2.25, 1
6471, 26081, 1, 0, 26082, 26082, 1, 0, 1.00, 1
6472, 26084, 10, 0, 26212, 26221, 137, 127, 13.70, 1
6473, 26090, 6, 0, 26091, 26101, 11, 5, 1.83, 1
6474, 26095, 5, 0, 26096, 26100, 5, 0, 1.00, 1
6475, 26099, 10, 0, 26224, 26238, 139, 129, 13.90, 1
6476, 26101, 4, 0, 26102, 26107, 6, 2, 1.50, 1
6477, 26102, 7, 0, 26112, 26121, 19, 12, 2.71, 1
6478, 26103, 2, 0, 26104, 26105, 2, 0, 1.00, 1
6479, 26107, 8, 0, 26123, 26145, 38, 30, 4.75, 1
6480, 26112, 1, 0, 26113, 26113, 1, 0, 1.00, 1
6481, 26118, 2, 0, 26119, 26120, 2, 0, 1.00, 1
6482, 26121, 1, 0, 26122, 26122, 1, 0, 1.00, 1
6483, 26123, 3, 0, 26124, 26126, 3, 0, 1.00, 1
6484, 26124, 6, 0, 26127, 26134, 10, 4, 1.67, 1
6485, 26127, 7, 0, 26146, 26153, 26, 19, 3.71, 1
6486, 26130, 2, 0, 26131, 26132, 2, 0, 1.00, 1
6487, 26131, 2, 0, 26135, 26136, 5, 3, 2.50, 1
6488, 26134, 8, 0, 26154, 26163, 29, 21, 3.62, 1
6489, 26136, 19, 0, 45948, 45966, 19830, 19811, 1043.68, 1
6490, 26138, 2, 0, 26139, 26140, 2, 0, 1.00, 1
6491, 26146, 1, 0, 26147, 26147, 1, 0, 1.00, 1
6492, 26151, 8, 0, 26193, 26201, 50, 42, 6.25, 1
6493, 26156, 6, 0, 26157, 26176, 20, 14, 3.33, 1
6494, 26157, 1, 0, 26158, 26158, 1, 0, 1.00, 1
6495, 26165, 3, 0, 26166, 26168, 3, 0, 1.00, 1
6496, 26169, 7, 0, 26177, 26188, 19, 12, 2.71, 1
6497, 26170, 5, 0, 26171, 26175, 5, 0, 1.00, 1
6498, 26180, 2, 0, 26181, 26182, 2, 0, 1.00, 1
6499, 26182, 4, 0, 26189, 26192, 10, 6, 2.50, 1
6500, 26184, 3, 0, 26185, 26187, 3, 0, 1.00, 1
6501, 26198, 16, 0, 43358, 43373, 17175, 17159, 1073.44, 1
6502, 26199, 1, 0, 26200, 26200, 1, 0, 1.00, 1
6503, 26200, 1, 0, 26202, 26202, 2, 1, 2.00, 1
6504, 26201, 8, 0, 26204, 26211, 10, 2, 1.25, 1
6505, 26202, 1, 0, 26203, 26203, 1, 0, 1.00, 1
6506, 26221, 2, 0, 26222, 26223, 2, 0, 1.00, 1
6507, 26232, 5, 0, 26233, 26237, 5, 0, 1.00, 1
6508, 26236, 5, 0, 26239, 26244, 8, 3, 1.60, 1
6509, 26242, 1, 0, 26243, 26243, 1, 0, 1.00, 1
6510, 26244, 6, 0, 26245, 26255, 11, 5, 1.83, 1
6511, 26246, 4, 0, 26247, 26251, 5, 1, 1.25, 1
6512, 26247, 1, 0, 26248, 26248, 1, 0, 1.00, 1
6513, 26248, 4, 0, 26256, 26259, 11, 7, 2.75, 1
6514, 26259, 1, 0, 26260, 26260, 1, 0, 1.00, 1
6515, 26266, 15, 0, 42193, 42207, 15941, 15926, 1062.73, 1
6516, 26278, 6, 0, 26279, 26288, 10, 4, 1.67, 1
6517, 26279, 8, 0, 26316, 26324, 45, 37, 5.62, 1
6518, 26281, 3, 0, 26282, 26284, 3, 0, 1.00, 1
6519, 26282, 8, 0, 26349, 26357, 75, 67, 9.38, 1
6520, 26284, 1, 0, 26285, 26285, 1, 0, 1.00, 1
6521, 26286, 6, 0, 26305, 26315, 29, 23, 4.83, 1
6522, 26291, 1, 0, 26292, 26292, 1, 0, 1.00, 1
6523, 26293, 4, 0, 26294, 26301, 8, 4, 2.00, 1
6524, 26294, 3, 0, 26295, 26297, 3, 0, 1.00, 1
6525, 26297, 3, 0, 26302, 26304, 7, 4, 2.33, 1
6526, 26305, 3, 0, 26306, 26310, 5, 2, 1.67, 1
6527, 26306, 2, 0, 26307, 26308, 2, 0, 1.00, 1
6528, 26321, 1, 0, 26322, 26322, 1, 0, 1.00, 1
6529, 26322, 5, 0, 26330, 26334, 12, 7, 2.40, 1
6530, 26324, 5, 0, 26325, 26329, 5, 0, 1.00, 1
6531, 26325, 6, 0, 26335, 26344, 19, 13, 3.17, 1
6532, 26336, 1, 0, 26337, 26337, 1, 0, 1.00, 1
6533, 26338, 1, 0, 26339, 26339, 1, 0, 1.00, 1
6534, 26339, 1, 0, 26340, 26340, 1, 0, 1.00, 1
6535, 26341, 1, 0, 26342, 26342, 1, 0, 1.00, 1
6536, 26344, 4, 0, 26345, 26348, 4, 0, 1.00, 1
6537, 26352, 13, 0, 28810, 28833, 2481, 2468, 190.85, 1
6538, 26355, 1, 0, 26356, 26356, 1, 0, 1.00, 1
6539, 26359, 3, 0, 26360, 26362, 3, 0, 1.00, 1
6540, 26361, 9, 0, 26363, 26388, 27, 18, 3.00, 1
6541, 26363, 6, 0, 26364, 26370, 7, 1, 1.17, 1
6542, 26366, 1, 0, 26367, 26367, 1, 0, 1.00, 1
6543, 26377, 6, 0, 26378, 26383, 6, 0, 1.00, 1
6544, 26383, 4, 0, 26384, 26390, 7, 3, 1.75, 1
6545, 26385, 2, 0, 26386, 26387, 2, 0, 1.00, 1
6546, 26387, 14, 0, 40924, 40937, 14550, 14536, 1039.29, 1
6547, 26390, 1, 0, 26391, 26391, 1, 0, 1.00, 1
6548, 26391, 1, 0, 26392, 26392, 1, 0, 1.00, 1
6549, 26393, 3, 0, 26394, 26396, 3, 0, 1.00, 1
6550, 26402, 5, 0, 26403, 26407, 5, 0, 1.00, 1
6551, 26408, 10, 0, 26409, 26423, 15, 5, 1.50, 1
6552, 26414, 1, 0, 26415, 26415, 1, 0, 1.00, 1
6553, 26416, 1, 0, 26417, 26417, 1, 0, 1.00, 1
6554, 26418, 1, 0, 26419, 26419, 1, 0, 1.00, 1
6555, 26424, 1, 0, 26425, 26425, 1, 0, 1.00, 1
6556, 26427, 5, 0, 26428, 26432, 5, 0, 1.00, 1
6557, 26438, 7, 0, 26439, 26453, 15, 8, 2.14, 1
6558, 26439, 1, 0, 26440, 26440, 1, 0, 1.00, 1
6559, 26449, 3, 0, 26450, 26452, 3, 0, 1.00, 1
6560, 26452, 6, 0, 26454, 26460, 8, 2, 1.33, 1
6561, 26455, 1, 0, 26456, 26456, 1, 0, 1.00, 1
6562, 26465, 2, 0, 26466, 26467, 2, 0, 1.00, 1
6563, 26467, 1, 0, 26468, 26468, 1, 0, 1.00, 1
6564, 26474, 5, 0, 26475, 26479, 5, 0, 1.00, 1
6565, 26475, 9, 0, 26488, 26518, 43, 34, 4.78, 1
6566, 26479, 22, 0, 47492, 47513, 21034, 21012, 956.09, 1
6567, 26481, 6, 0, 26482, 26487, 6, 0, 1.00, 1
6568, 26490, 1, 0, 26491, 26491, 1, 0, 1.00, 1
6569, 26491, 3, 0, 26492, 26494, 3, 0, 1.00, 1
6570, 26493, 4, 0, 26495, 26508, 15, 11, 3.75, 1
6571, 26495, 3, 0, 26496, 26500, 5, 2, 1.67, 1
6572, 26497, 2, 0, 26498, 26499, 2, 0, 1.00, 1
6573, 26499, 4, 0, 26509, 26512, 13, 9, 3.25, 1
6574, 26500, 11, 0, 26529, 26573, 73, 62, 6.64, 1
6575, 26502, 3, 0, 26503, 26505, 3, 0, 1.00, 1
6576, 26504, 7, 0, 26519, 26528, 24, 17, 3.43, 1
6577, 26505, 2, 0, 26506, 26507, 2, 0, 1.00, 1
6578, 26509, 16, 0, 43374, 43389, 16880, 16864, 1055.00, 1
6579, 26521, 1, 0, 26522, 26522, 1, 0, 1.00, 1
6580, 26525, 2, 0, 26526, 26527, 2, 0, 1.00, 1
6581, 26530, 3, 0, 26531, 26533, 3, 0, 1.00, 1
6582, 26535, 6, 0, 26536, 26547, 12, 6, 2.00, 1
6583, 26536, 4, 0, 26537, 26540, 4, 0, 1.00, 1
6584, 26544, 4, 0, 26545, 26554, 10, 6, 2.50, 1
6585, 26545, 1, 0, 26546, 26546, 1, 0, 1.00, 1
6586, 26546, 2, 0, 26548, 26549, 3, 1, 1.50, 1
6587, 26550, 2, 0, 26551, 26552, 2, 0, 1.00, 1
6588, 26554, 2, 0, 26555, 26556, 2, 0, 1.00, 1
6589, 26557, 2, 0, 26558, 26559, 2, 0, 1.00, 1
6590, 26560, 2, 0, 26561, 26562, 2, 0, 1.00, 1
6591, 26561, 8, 0, 26596, 26614, 53, 45, 6.62, 1
6592, 26563, 4, 0, 26564, 26567, 4, 0, 1.00, 1
6593, 26564, 6, 0, 26578, 26583, 19, 13, 3.17, 1
6594, 26568, 16, 0, 43390, 43405, 16837, 16821, 1052.31, 1
6595, 26569, 2, 0, 26570, 26571, 2, 0, 1.00, 1
6596, 26573, 4, 0, 26574, 26577, 4, 0, 1.00, 1
6597, 26579, 6, 0, 26584, 26595, 16, 10, 2.67, 1
6598, 26581, 9, 0, 26681, 26696, 115, 106, 12.78, 1
6599, 26585, 3, 0, 26586, 26589, 4, 1, 1.33, 1
6600, 26587, 1, 0, 26588, 26588, 1, 0, 1.00, 1
6601, 26589, 2, 0, 26590, 26591, 2, 0, 1.00, 1
6602, 26598, 5, 0, 26599, 26604, 6, 1, 1.20, 1
6603, 26600, 1, 0, 26601, 26601, 1, 0, 1.00, 1
6604, 26603, 5, 0, 26615, 26625, 22, 17, 4.40, 1
6605, 26606, 1, 0, 26607, 26607, 1, 0, 1.00, 1
6606, 26607, 13, 0, 28834, 28925, 2318, 2305, 178.31, 1
6607, 26608, 3, 0, 26609, 26611, 3, 0, 1.00, 1
6608, 26612, 1, 0, 26613, 26613, 1, 0, 1.00, 1
6609, 26616, 3, 0, 26617, 26619, 3, 0, 1.00, 1
6610, 26619, 6, 0, 26626, 26638, 19, 13, 3.17, 1
6611, 26620, 3, 0, 26621, 26623, 3, 0, 1.00, 1
6612, 26624, 7, 0, 26644, 26650, 26, 19, 3.71, 1
6613, 26627, 4, 0, 26628, 26633, 6, 2, 1.50, 1
6614, 26630, 2, 0, 26631, 26632, 2, 0, 1.00, 1
6615, 26632, 7, 0, 26651, 26666, 34, 27, 4.86, 1
6616, 26633, 10, 0, 26720, 26735, 102, 92, 10.20, 1
6617, 26636, 1, 0, 26637, 26637, 1, 0, 1.00, 1
6618, 26638, 4, 0, 26639, 26643, 5, 1, 1.25, 1
6619, 26639, 1, 0, 26640, 26640, 1, 0, 1.00, 1
6620, 26645, 7, 0, 26667, 26680, 35, 28, 5.00, 1
6621, 26651, 1, 0, 26652, 26652, 1, 0, 1.00, 1
6622, 26652, 1, 0, 26653, 26653, 1, 0, 1.00, 1
6623, 26654, 5, 0, 26655, 26659, 5, 0, 1.00, 1
6624, 26658, 11, 0, 26844, 26876, 218, 207, 19.82, 1
6625, 26662, 2, 0, 26663, 26664, 2, 0, 1.00, 1
6626, 26668, 5, 0, 26669, 26674, 6, 1, 1.20, 1
6627, 26672, 1, 0, 26673, 26673, 1, 0, 1.00, 1
6628, 26674, 10, 0, 26736, 26773, 99, 89, 9.90, 1
6629, 26676, 1, 0, 26677, 26677, 1, 0, 1.00, 1
6630, 26685, 1, 0, 26686, 26686, 1, 0, 1.00, 1
6631, 26687, 6, 0, 26688, 26706, 19, 13, 3.17, 1
6632, 26688, 3, 0, 26689, 26691, 3, 0, 1.00, 1
6633, 26691, 2, 0, 26692, 26693, 2, 0, 1.00, 1
6634, 26696, 1, 0, 26697, 26697, 1, 0, 1.00, 1
6635, 26698, 4, 0, 26699, 26702, 4, 0, 1.00, 1
6636, 26704, 7, 0, 26707, 26719, 15, 8, 2.14, 1
6637, 26708, 5, 0, 26709, 26713, 5, 0, 1.00, 1
6638, 26713, 1, 0, 26714, 26714, 1, 0, 1.00, 1
6639, 26715, 10, 0, 26780, 26817, 102, 92, 10.20, 1
6640, 26717, 14, 0, 40938, 40951, 14234, 14220, 1016.71, 1
6641, 26722, 6, 0, 26723, 26728, 6, 0, 1.00, 1
6642, 26726, 16, 0, 43406, 43421, 16695, 16679, 1043.44, 1
6643, 26737, 7, 0, 26738, 26744, 7, 0, 1.00, 1
6644, 26742, 7, 0, 26745, 26752, 10, 3, 1.43, 1
6645, 26746, 1, 0, 26747, 26747, 1, 0, 1.00, 1
6646, 26748, 11, 0, 26884, 26894, 146, 135, 13.27, 1
6647, 26753, 7, 0, 26754, 26760, 7, 0, 1.00, 1
6648, 26758, 25, 0, 48250, 48274, 21516, 21491, 860.64, 1
6649, 26761, 6, 0, 26762, 26767, 6, 0, 1.00, 1
6650, 26773, 5, 0, 26774, 26779, 6, 1, 1.20, 1
6651, 26775, 1, 0, 26776, 26776, 1, 0, 1.00, 1
6652, 26780, 4, 0, 26781, 26788, 8, 4, 2.00, 1
6653, 26781, 1, 0, 26782, 26782, 1, 0, 1.00, 1
6654, 26783, 2, 0, 26784, 26785, 2, 0, 1.00, 1
6655, 26785, 1, 0, 26786, 26786, 1, 0, 1.00, 1
6656, 26790, 7, 0, 26791, 26797, 7, 0, 1.00, 1
6657, 26794, 12, 0, 26895, 26908, 114, 102, 9.50, 1
6658, 26797, 4, 0, 26798, 26801, 4, 0, 1.00, 1
6659, 26801, 2, 0, 26802, 26803, 2, 0, 1.00, 1
6660, 26806, 3, 0, 26807, 26809, 3, 0, 1.00, 1
6661, 26809, 2, 0, 26810, 26811, 2, 0, 1.00, 1
6662, 26811, 2, 0, 26812, 26813, 2, 0, 1.00, 1
6663, 26817, 8, 0, 26818, 26839, 22, 14, 2.75, 1
6664, 26819, 4, 0, 26820, 26823, 4, 0, 1.00, 1
6665, 26824, 1, 0, 26825, 26825, 1, 0, 1.00, 1
6666, 26825, 2, 0, 26826, 26827, 2, 0, 1.00, 1
6667, 26830, 5, 0, 26831, 26841, 11, 6, 2.20, 1
6668, 26833, 4, 0, 26834, 26843, 10, 6, 2.50, 1
6669, 26835, 2, 0, 26836, 26837, 2, 0, 1.00, 1
6670, 26844, 5, 0, 26845, 26850, 6, 1, 1.20, 1
6671, 26846, 9, 0, 26851, 26866, 20, 11, 2.22, 1
6672, 26848, 1, 0, 26849, 26849, 1, 0, 1.00, 1
6673, 26857, 7, 0, 26858, 26864, 7, 0, 1.00, 1
6674, 26867, 21, 0, 46928, 46948, 20081, 20060, 956.24, 1
6675, 26876, 3, 0, 26877, 26879, 3, 0, 1.00, 1
6676, 26879, 4, 0, 26880, 26883, 4, 0, 1.00, 1
6677, 26898, 12, 0, 26909, 26933, 35, 23, 2.92, 1
6678, 26905, 2, 0, 26906, 26907, 2, 0, 1.00, 1
6679, 26915, 3, 0, 26916, 26918, 3, 0, 1.00, 1
6680, 26920, 9, 0, 26921, 26939, 19, 10, 2.11, 1
6681, 26921, 20, 0, 46374, 46393, 19472, 19452, 973.60, 1
6682, 26924, 6, 0, 26925, 26930, 6, 0, 1.00, 1
6683, 26935, 1, 0, 26936, 26936, 1, 0, 1.00, 1
6684, 26940, 6, 0, 26941, 26946, 6, 0, 1.00, 1
6685, 26941, 6, 0, 26947, 26961, 20, 14, 3.33, 1
6686, 26947, 1, 0, 26948, 26948, 1, 0, 1.00, 1
6687, 26950, 5, 0, 26951, 26955, 5, 0, 1.00, 1
6688, 26951, 7, 0, 26965, 26978, 27, 20, 3.86, 1
6689, 26957, 2, 0, 26958, 26959, 2, 0, 1.00, 1
6690, 26959, 1, 0, 26960, 26960, 1, 0, 1.00, 1
6691, 26960, 3, 0, 26962, 26964, 4, 1, 1.33, 1
6692, 26961, 10, 0, 26999, 27021, 60, 50, 6.00, 1
6693, 26965, 2, 0, 26966, 26967, 2, 0, 1.00, 1
6694, 26967, 2, 0, 26968, 26969, 2, 0, 1.00, 1
6695, 26974, 4, 0, 26975, 26980, 6, 2, 1.50, 1
6696, 26976, 1, 0, 26977, 26977, 1, 0, 1.00, 1
6697, 26979, 7, 0, 26981, 26994, 15, 8, 2.14, 1
6698, 26982, 11, 0, 27022, 27060, 78, 67, 7.09, 1
6699, 26983, 1, 0, 26984, 26984, 1, 0, 1.00, 1
6700, 26986, 5, 0, 26987, 26998, 12, 7, 2.40, 1
6701, 26989, 2, 0, 26990, 26992, 3, 1, 1.50, 1
6702, 26990, 1, 0, 26991, 26991, 1, 0, 1.00, 1
6703, 26995, 2, 0, 26996, 26997, 2, 0, 1.00, 1
6704, 27001, 7, 0, 27002, 27011, 10, 3, 1.43, 1
6705, 27004, 14, 0, 40952, 40965, 13961, 13947, 997.21, 1
6706, 27005, 2, 0, 27006, 27007, 2, 0, 1.00, 1
6707, 27009, 1, 0, 27010, 27010, 1, 0, 1.00, 1
6708, 27013, 2, 0, 27014, 27015, 2, 0, 1.00, 1
6709, 27015, 1, 0, 27016, 27016, 1, 0, 1.00, 1
6710, 27023, 5, 0, 27024, 27031, 8, 3, 1.60, 1
6711, 27026, 2, 0, 27027, 27028, 2, 0, 1.00, 1
6712, 27029, 1, 0, 27030, 27030, 1, 0, 1.00, 1
6713, 27032, 6, 0, 27033, 27039, 7, 1, 1.17, 1
6714, 27036, 1, 0, 27037, 27037, 1, 0, 1.00, 1
6715, 27039, 3, 0, 27040, 27042, 3, 0, 1.00, 1
6716, 27041, 3, 0, 27043, 27046, 5, 2, 1.67, 1
6717, 27044, 1, 0, 27045, 27045, 1, 0, 1.00, 1
6718, 27046, 1, 0, 27047, 27047, 1, 0, 1.00, 1
6719, 27050, 3, 0, 27051, 27053, 3, 0, 1.00, 1
6720, 27054, 2, 0, 27055, 27056, 2, 0, 1.00, 1
6721, 27055, 6, 0, 27061, 27067, 12, 6, 2.00, 1
6722, 27063, 1, 0, 27064, 27064, 1, 0, 1.00, 1
6723, 27071, 3, 0, 27072, 27076, 5, 2, 1.67, 1
6724, 27073, 2, 0, 27074, 27075, 2, 0, 1.00, 1
6725, 27075, 2, 0, 27077, 27079, 4, 2, 2.00, 1
6726, 27077, 1, 0, 27078, 27078, 1, 0, 1.00, 1
6727, 27079, 5, 0, 27080, 27087, 8, 3, 1.60, 1
6728, 27082, 3, 0, 27083, 27085, 3, 0, 1.00, 1
6729, 27084, 4, 0, 27088, 27091, 7, 3, 1.75, 1
6730, 27089, 8, 0, 27127, 27156, 67, 59, 8.38, 1
6731, 27096, 3, 0, 27097, 27099, 3, 0, 1.00, 1
6732, 27100, 2, 0, 27101, 27103, 3, 1, 1.50, 1
6733, 27101, 1, 0, 27102, 27102, 1, 0, 1.00, 1
6734, 27103, 1, 0, 27104, 27104, 1, 0, 1.00, 1
6735, 27104, 4, 0, 27107, 27110, 6, 2, 1.50, 1
6736, 27107, 7, 0, 27111, 27126, 19, 12, 2.71, 1
6737, 27112, 1, 0, 27113, 27113, 1, 0, 1.00, 1
6738, 27115, 6, 0, 27116, 27122, 7, 1, 1.17, 1
6739, 27120, 1, 0, 27121, 27121, 1, 0, 1.00, 1
6740, 27121, 1, 0, 27123, 27123, 2, 1, 2.00, 1
6741, 27127, 6, 0, 27128, 27133, 6, 0, 1.00, 1
6742, 27135, 1, 0, 27136, 27136, 1, 0, 1.00, 1
6743, 27137, 3, 0, 27138, 27140, 3, 0, 1.00, 1
6744, 27141, 7, 0, 27142, 27153, 12, 5, 1.71, 1
6745, 27146, 5, 0, 27147, 27151, 5, 0, 1.00, 1
6746, 27147, 9, 0, 27157, 27165, 18, 9, 2.00, 1
6747, 27159, 12, 0, 27166, 27300, 141, 129, 11.75, 1
6748, 27169, 9, 0, 27170, 27205, 36, 27, 4.00, 1
6749, 27173, 1, 0, 27174, 27174, 1, 0, 1.00, 1
6750, 27176, 8, 0, 27177, 27192, 16, 8, 2.00, 1
6751, 27181, 8, 0, 27301, 27310, 129, 121, 16.12, 1
6752, 27182, 5, 0, 27183, 27187, 5, 0, 1.00, 1
6753, 27187, 3, 0, 27188, 27190, 3, 0, 1.00, 1
6754, 27192, 4, 0, 27193, 27198, 6, 2, 1.50, 1
6755, 27195, 2, 0, 27196, 27197, 2, 0, 1.00, 1
6756, 27196, 4, 0, 27206, 27210, 14, 10, 3.50, 1
6757, 27197, 18, 0, 45224, 45241, 18044, 18026, 1002.44, 1
6758, 27199, 8, 0, 27200, 27219, 20, 12, 2.50, 1
6759, 27202, 1, 0, 27203, 27203, 1, 0, 1.00, 1
6760, 27206, 1, 0, 27207, 27207, 1, 0, 1.00, 1
6761, 27210, 4, 0, 27211, 27214, 4, 0, 1.00, 1
6762, 27212, 7, 0, 27230, 27248, 36, 29, 5.14, 1
6763, 27214, 5, 0, 27223, 27229, 15, 10, 3.00, 1
6764, 27219, 3, 0, 27220, 27222, 3, 0, 1.00, 1
6765, 27223, 1, 0, 27224, 27224, 1, 0, 1.00, 1
6766, 27224, 1, 0, 27225, 27225, 1, 0, 1.00, 1
6767, 27226, 7, 0, 27266, 27274, 48, 41, 6.86, 1
6768, 27227, 7, 0, 27275, 27285, 58, 51, 8.29, 1
6769, 27228, 13, 0, 29917, 29999, 2771, 2758, 213.15, 1
6770, 27232, 4, 0, 27233, 27236, 4, 0, 1.00, 1
6771, 27234, 11, 0, 27322, 27347, 113, 102, 10.27, 1
6772, 27237, 3, 0, 27238, 27240, 3, 0, 1.00, 1
6773, 27239, 5, 0, 27257, 27265, 26, 21, 5.20, 1
6774, 27240, 2, 0, 27241, 27243, 3, 1, 1.50, 1
6775, 27241, 1, 0, 27242, 27242, 1, 0, 1.00, 1
6776, 27243, 4, 0, 27249, 27256, 13, 9, 3.25, 1
6777, 27245, 2, 0, 27246, 27247, 2, 0, 1.00, 1
6778, 27248, 13, 0, 30051, 30081, 2833, 2820, 217.92, 1
6779, 27250, 1, 0, 27251, 27251, 1, 0, 1.00, 1
6780, 27252, 2, 0, 27253, 27254, 2, 0, 1.00, 1
6781, 27254, 1, 0, 27255, 27255, 1, 0, 1.00, 1
6782, 27258, 4, 0, 27259, 27262, 4, 0, 1.00, 1
6783, 27259, 11, 0, 27489, 27508, 249, 238, 22.64, 1
6784, 27266, 1, 0, 27267, 27267, 1, 0, 1.00, 1
6785, 27268, 1, 0, 27269, 27269, 1, 0, 1.00, 1
6786, 27271, 11, 0, 27509, 27524, 253, 242, 23.00, 1
6787, 27278, 4, 0, 27279, 27282, 4, 0, 1.00, 1
6788, 27287, 1, 0, 27288, 27288, 1, 0, 1.00, 1
6789, 27291, 5, 0, 27292, 27296, 5, 0, 1.00, 1
6790, 27297, 1, 0, 27298, 27298, 1, 0, 1.00, 1
6791, 27304, 8, 0, 27311, 27321, 17, 9, 2.12, 1
6792, 27306, 2, 0, 27307, 27308, 2, 0, 1.00, 1
6793, 27313, 3, 0, 27314, 27316, 3, 0, 1.00, 1
6794, 27323, 1, 0, 27324, 27324, 1, 0, 1.00, 1
6795, 27326, 12, 0, 27592, 27605, 279, 267, 23.25, 1
6796, 27327, 7, 0, 27328, 27336, 9, 2, 1.29, 1
6797, 27328, 10, 0, 27381, 27393, 65, 55, 6.50, 1
6798, 27332, 2, 0, 27333, 27334, 2, 0, 1.00, 1
6799, 27335, 17, 0, 44201, 44217, 16882, 16865, 993.06, 1
6800, 27339, 3, 0, 27340, 27342, 3, 0, 1.00, 1
6801, 27340, 3, 0, 27350, 27352, 12, 9, 4.00, 1
6802, 27344, 3, 0, 27345, 27349, 5, 2, 1.67, 1
6803, 27345, 1, 0, 27346, 27346, 1, 0, 1.00, 1
6804, 27350, 5, 0, 27353, 27357, 7, 2, 1.40, 1
6805, 27351, 5, 0, 27358, 27364, 13, 8, 2.60, 1
6806, 27359, 2, 0, 27360, 27361, 2, 0, 1.00, 1
6807, 27362, 7, 0, 27365, 27373, 11, 4, 1.57, 1
6808, 27365, 7, 0, 27374, 27380, 15, 8, 2.14, 1
6809, 27366, 2, 0, 27367, 27368, 2, 0, 1.00, 1
6810, 27380, 17, 0, 44218, 44234, 16854, 16837, 991.41, 1
6811, 27381, 3, 0, 27382, 27384, 3, 0, 1.00, 1
6812, 27382, 16, 0, 43422, 43437, 16055, 16039, 1003.44, 1
6813, 27384, 9, 0, 27394, 27408, 24, 15, 2.67, 1
6814, 27395, 1, 0, 27396, 27396, 1, 0, 1.00, 1
6815, 27400, 4, 0, 27401, 27405, 5, 1, 1.25, 1
6816, 27402, 6, 0, 27409, 27416, 14, 8, 2.33, 1
6817, 27403, 1, 0, 27404, 27404, 1, 0, 1.00, 1
6818, 27409, 2, 0, 27410, 27411, 2, 0, 1.00, 1
6819, 27414, 8, 0, 27420, 27441, 27, 19, 3.38, 1
6820, 27416, 3, 0, 27417, 27419, 3, 0, 1.00, 1
6821, 27423, 5, 0, 27424, 27434, 11, 6, 2.20, 1
6822, 27425, 3, 0, 27426, 27428, 3, 0, 1.00, 1
6823, 27426, 4, 0, 27442, 27445, 19, 15, 4.75, 1
6824, 27427, 12, 0, 27606, 27630, 203, 191, 16.92, 1
6825, 27429, 4, 0, 27430, 27437, 8, 4, 2.00, 1
6826, 27430, 2, 0, 27431, 27432, 2, 0, 1.00, 1
6827, 27431, 8, 0, 27453, 27478, 47, 39, 5.88, 1
6828, 27437, 5, 0, 27446, 27452, 15, 10, 3.00, 1
6829, 27439, 11, 0, 27525, 27543, 104, 93, 9.45, 1
6830, 27449, 2, 0, 27450, 27451, 2, 0, 1.00, 1
6831, 27453, 8, 0, 27481, 27488, 35, 27, 4.38, 1
6832, 27458, 6, 0, 27459, 27465, 7, 1, 1.17, 1
6833, 27463, 1, 0, 27464, 27464, 1, 0, 1.00, 1
6834, 27465, 3, 0, 27466, 27468, 3, 0, 1.00, 1
6835, 27469, 6, 0, 27470, 27480, 11, 5, 1.83, 1
6836, 27473, 4, 0, 27474, 27477, 4, 0, 1.00, 1
6837, 27492, 4, 0, 27493, 27496, 4, 0, 1.00, 1
6838, 27497, 5, 0, 27498, 27502, 5, 0, 1.00, 1
6839, 27512, 3, 0, 27513, 27517, 5, 2, 1.67, 1
6840, 27514, 2, 0, 27515, 27516, 2, 0, 1.00, 1
6841, 27518, 11, 0, 27548, 27568, 50, 39, 4.55, 1
6842, 27520, 11, 0, 27577, 27591, 71, 60, 6.45, 1
6843, 27534, 7, 0, 27535, 27546, 12, 5, 1.71, 1
6844, 27539, 3, 0, 27540, 27544, 5, 2, 1.67, 1
6845, 27540, 20, 0, 46394, 46413, 18873, 18853, 943.65, 1
6846, 27541, 1, 0, 27542, 27542, 1, 0, 1.00, 1
6847, 27546, 1, 0, 27547, 27547, 1, 0, 1.00, 1
6848, 27548, 2, 0, 27549, 27550, 2, 0, 1.00, 1
6849, 27549, 3, 0, 27551, 27553, 4, 1, 1.33, 1
6850, 27550, 5, 0, 27554, 27558, 8, 3, 1.60, 1
6851, 27568, 7, 0, 27569, 27576, 8, 1, 1.14, 1
6852, 27572, 1, 0, 27573, 27573, 1, 0, 1.00, 1
6853, 27580, 1, 0, 27581, 27581, 1, 0, 1.00, 1
6854, 27581, 1, 0, 27582, 27582, 1, 0, 1.00, 1
6855, 27583, 2, 0, 27584, 27585, 2, 0, 1.00, 1
6856, 27593, 1, 0, 27594, 27594, 1, 0, 1.00, 1
6857, 27600, 1, 0, 27601, 27601, 1, 0, 1.00, 1
6858, 27610, 8, 0, 27611, 27620, 10, 2, 1.25, 1
6859, 27617, 2, 0, 27618, 27619, 2, 0, 1.00, 1
6860, 27621, 12, 0, 27634, 27662, 41, 29, 3.42, 1
6861, 27623, 3, 0, 27624, 27626, 3, 0, 1.00, 1
6862, 27630, 3, 0, 27631, 27633, 3, 0, 1.00, 1
6863, 27634, 17, 0, 44235, 44251, 16617, 16600, 977.47, 1
6864, 27640, 7, 0, 27641, 27651, 11, 4, 1.57, 1
6865, 27643, 2, 0, 27644, 27645, 2, 0, 1.00, 1
6866, 27645, 2, 0, 27646, 27647, 2, 0, 1.00, 1
6867, 27647, 13, 0, 30105, 30131, 2484, 2471, 191.08, 1
6868, 27655, 5, 0, 27656, 27664, 9, 4, 1.80, 1
6869, 27658, 2, 0, 27659, 27660, 2, 0, 1.00, 1
6870, 27660, 1, 0, 27661, 27661, 1, 0, 1.00, 1
6871, 27665, 2, 0, 27666, 27667, 2, 0, 1.00, 1
6872, 27667, 4, 0, 27668, 27671, 4, 0, 1.00, 1
6873, 27669, 6, 0, 27672, 27677, 8, 2, 1.33, 1
6874, 27674, 12, 0, 27735, 27757, 83, 71, 6.92, 1
6875, 27678, 9, 0, 27679, 27688, 10, 1, 1.11, 1
6876, 27683, 1, 0, 27684, 27684, 1, 0, 1.00, 1
6877, 27688, 2, 0, 27689, 27690, 2, 0, 1.00, 1
6878, 27695, 6, 0, 27696, 27701, 6, 0, 1.00, 1
6879, 27704, 7, 0, 27705, 27732, 28, 21, 4.00, 1
6880, 27705, 1, 0, 27706, 27706, 1, 0, 1.00, 1
6881, 27709, 6, 0, 27710, 27716, 7, 1, 1.17, 1
6882, 27710, 1, 0, 27711, 27711, 1, 0, 1.00, 1
6883, 27716, 1, 0, 27717, 27717, 1, 0, 1.00, 1
6884, 27718, 1, 0, 27719, 27719, 1, 0, 1.00, 1
6885, 27721, 2, 0, 27722, 27723, 2, 0, 1.00, 1
6886, 27724, 3, 0, 27725, 27734, 10, 7, 3.33, 1
6887, 27725, 1, 0, 27726, 27726, 1, 0, 1.00, 1
6888, 27726, 1, 0, 27727, 27727, 1, 0, 1.00, 1
6889, 27728, 3, 0, 27729, 27731, 3, 0, 1.00, 1
6890, 27739, 2, 0, 27740, 27741, 2, 0, 1.00, 1
6891, 27741, 1, 0, 27742, 27742, 1, 0, 1.00, 1
6892, 27747, 9, 0, 27748, 27762, 15, 6, 1.67, 1
6893, 27752, 3, 0, 27753, 27755, 3, 0, 1.00, 1
6894, 27760, 1, 0, 27761, 27761, 1, 0, 1.00, 1
6895, 27765, 5, 0, 27766, 27770, 5, 0, 1.00, 1
6896, 27767, 13, 0, 30146, 30340, 2573, 2560, 197.92, 1
6897, 27771, 4, 0, 27772, 27775, 4, 0, 1.00, 1
6898, 27775, 2, 0, 27776, 27777, 2, 0, 1.00, 1
6899, 27776, 3, 0, 27782, 27784, 8, 5, 2.67, 1
6900, 27777, 2, 0, 27778, 27779, 2, 0, 1.00, 1
6901, 27779, 2, 0, 27780, 27781, 2, 0, 1.00, 1
6902, 27780, 4, 0, 27786, 27790, 10, 6, 2.50, 1
6903, 27784, 1, 0, 27785, 27785, 1, 0, 1.00, 1
6904, 27786, 14, 0, 40966, 40979, 13193, 13179, 942.36, 1
6905, 27787, 1, 0, 27788, 27788, 1, 0, 1.00, 1
6906, 27795, 6, 0, 27796, 27820, 25, 19, 4.17, 1
6907, 27797, 5, 0, 27798, 27835, 38, 33, 7.60, 1
6908, 27798, 1, 0, 27799, 27799, 1, 0, 1.00, 1
6909, 27801, 4, 0, 27802, 27814, 13, 9, 3.25, 1
6910, 27802, 1, 0, 27803, 27803, 1, 0, 1.00, 1
6911, 27803, 1, 0, 27804, 27804, 1, 0, 1.00, 1
6912, 27806, 3, 0, 27807, 27809, 3, 0, 1.00, 1
6913, 27808, 6, 0, 27845, 27852, 44, 38, 7.33, 1
6914, 27810, 2, 0, 27811, 27812, 2, 0, 1.00, 1
6915, 27811, 7, 0, 27861, 27871, 60, 53, 8.57, 1
6916, 27813, 4, 0, 27836, 27839, 26, 22, 6.50, 1
6917, 27816, 4, 0, 27817, 27824, 8, 4, 2.00, 1
6918, 27817, 1, 0, 27818, 27818, 1, 0, 1.00, 1
6919, 27821, 8, 0, 27872, 27883, 62, 54, 7.75, 1
6920, 27822, 1, 0, 27823, 27823, 1, 0, 1.00, 1
6921, 27823, 4, 0, 27840, 27844, 21, 17, 5.25, 1
6922, 27824, 3, 0, 27825, 27829, 5, 2, 1.67, 1
6923, 27825, 2, 0, 27826, 27827, 2, 0, 1.00, 1
6924, 27831, 2, 0, 27832, 27833, 2, 0, 1.00, 1
6925, 27837, 8, 0, 27884, 27891, 54, 46, 6.75, 1
6926, 27842, 1, 0, 27843, 27843, 1, 0, 1.00, 1
6927, 27846, 1, 0, 27847, 27847, 1, 0, 1.00, 1
6928, 27847, 1, 0, 27848, 27848, 1, 0, 1.00, 1
6929, 27850, 6, 0, 27853, 27860, 10, 4, 1.67, 1
6930, 27851, 10, 0, 27930, 27944, 93, 83, 9.30, 1
6931, 27853, 2, 0, 27854, 27855, 2, 0, 1.00, 1
6932, 27861, 15, 0, 42208, 42222, 14361, 14346, 957.40, 1
6933, 27864, 3, 0, 27865, 27868, 4, 1, 1.33, 1
6934, 27866, 1, 0, 27867, 27867, 1, 0, 1.00, 1
6935, 27872, 1, 0, 27873, 27873, 1, 0, 1.00, 1
6936, 27874, 12, 0, 27945, 27990, 116, 104, 9.67, 1
6937, 27875, 3, 0, 27876, 27878, 3, 0, 1.00, 1
6938, 27887, 9, 0, 27892, 27902, 15, 6, 1.67, 1
6939, 27896, 2, 0, 27897, 27898, 2, 0, 1.00, 1
6940, 27898, 9, 0, 27904, 27918, 20, 11, 2.22, 1
6941, 27902, 1, 0, 27903, 27903, 1, 0, 1.00, 1
6942, 27908, 4, 0, 27909, 27914, 6, 2, 1.50, 1
6943, 27911, 2, 0, 27912, 27913, 2, 0, 1.00, 1
6944, 27912, 8, 0, 27919, 27929, 17, 9, 2.12, 1
6945, 27924, 2, 0, 27925, 27926, 2, 0, 1.00, 1
6946, 27926, 1, 0, 27927, 27927, 1, 0, 1.00, 1
6947, 27931, 2, 0, 27932, 27933, 2, 0, 1.00, 1
6948, 27936, 3, 0, 27937, 27939, 3, 0, 1.00, 1
6949, 27947, 9, 0, 27948, 27967, 20, 11, 2.22, 1
6950, 27951, 14, 0, 40980, 40993, 13042, 13028, 931.57, 1
6951, 27953, 5, 0, 27954, 27962, 9, 4, 1.80, 1
6952, 27955, 10, 0, 28017, 28030, 75, 65, 7.50, 1
6953, 27957, 4, 0, 27958, 27961, 4, 0, 1.00, 1
6954, 27963, 2, 0, 27964, 27965, 2, 0, 1.00, 1
6955, 27964, 5, 0, 27968, 27972, 8, 3, 1.60, 1
6956, 27977, 8, 0, 27978, 27986, 9, 1, 1.12, 1
6957, 27979, 8, 0, 27991, 28005, 26, 18, 3.25, 1
6958, 27980, 15, 0, 42223, 42237, 14257, 14242, 950.47, 1
6959, 27984, 1, 0, 27985, 27985, 1, 0, 1.00, 1
6960, 27995, 7, 0, 27996, 28016, 21, 14, 3.00, 1
6961, 27996, 5, 0, 27997, 28008, 12, 7, 2.40, 1
6962, 27998, 3, 0, 27999, 28001, 3, 0, 1.00, 1
6963, 28003, 1, 0, 28004, 28004, 1, 0, 1.00, 1
6964, 28006, 10, 0, 28046, 28057, 51, 41, 5.10, 1
6965, 28010, 2, 0, 28011, 28012, 2, 0, 1.00, 1
6966, 28021, 4, 0, 28022, 28025, 4, 0, 1.00, 1
6967, 28023, 8, 0, 28038, 28045, 22, 14, 2.75, 1
6968, 28024, 6, 0, 28031, 28037, 13, 7, 2.17, 1
6969, 28026, 11, 0, 28058, 28084, 58, 47, 5.27, 1
6970, 28030, 16, 0, 43438, 43453, 15423, 15407, 963.94, 1
6971, 28032, 1, 0, 28033, 28033, 1, 0, 1.00, 1
6972, 28046, 2, 0, 28047, 28048, 2, 0, 1.00, 1
6973, 28062, 4, 0, 28063, 28066, 4, 0, 1.00, 1
6974, 28063, 5, 0, 28067, 28075, 12, 7, 2.40, 1
6975, 28068, 2, 0, 28069, 28070, 2, 0, 1.00, 1
6976, 28070, 3, 0, 28076, 28078, 8, 5, 2.67, 1
6977, 28071, 2, 0, 28072, 28073, 2, 0, 1.00, 1
6978, 28093, 4, 0, 28094, 28097, 4, 0, 1.00, 1
6979, 28096, 15, 0, 42238, 42252, 14156, 14141, 943.73, 1
6980, 28101, 3, 0, 28102, 28104, 3, 0, 1.00, 1
6981, 28107, 1, 0, 28108, 28108, 1, 0, 1.00, 1
6982, 28108, 2, 0, 28109, 28110, 2, 0, 1.00, 1
6983, 28109, 22, 0, 47514, 47535, 19426, 19404, 883.00, 1
6984, 28111, 1, 0, 28112, 28112, 1, 0, 1.00, 1
6985, 28113, 7, 0, 28114, 28120, 7, 0, 1.00, 1
6986, 28115, 13, 0, 30527, 30556, 2441, 2428, 187.77, 1
6987, 28117, 7, 0, 28121, 28128, 11, 4, 1.57, 1
6988, 28123, 1, 0, 28124, 28124, 1, 0, 1.00, 1
6989, 28128, 7, 0, 28129, 28136, 8, 1, 1.14, 1
6990, 28130, 1, 0, 28131, 28131, 1, 0, 1.00, 1
6991, 28131, 10, 0, 28155, 28166, 35, 25, 3.50, 1
6992, 28140, 3, 0, 28141, 28143, 3, 0, 1.00, 1
6993, 28142, 7, 0, 28148, 28154, 12, 5, 1.71, 1
6994, 28148, 19, 0, 45967, 45985, 17837, 17818, 938.79, 1
6995, 28149, 15, 0, 42253, 42267, 14118, 14103, 941.20, 1
6996, 28157, 2, 0, 28158, 28159, 2, 0, 1.00, 1
6997, 28167, 2, 0, 28168, 28169, 2, 0, 1.00, 1
6998, 28170, 12, 0, 28171, 28188, 18, 6, 1.50, 1
6999, 28174, 12, 0, 28218, 28241, 67, 55, 5.58, 1
7000, 28177, 1, 0, 28178, 28178, 1, 0, 1.00, 1
7001, 28178, 3, 0, 28179, 28181, 3, 0, 1.00, 1
7002, 28180, 6, 0, 28200, 28205, 25, 19, 4.17, 1
7003, 28181, 1, 0, 28182, 28182, 1, 0, 1.00, 1
7004, 28183, 1, 0, 28184, 28184, 1, 0, 1.00, 1
7005, 28184, 5, 0, 28189, 28196, 12, 7, 2.40, 1
7006, 28190, 3, 0, 28191, 28193, 3, 0, 1.00, 1
7007, 28193, 3, 0, 28197, 28199, 6, 3, 2.00, 1
7008, 28205, 14, 0, 40994, 41007, 12802, 12788, 914.43, 1
7009, 28213, 1, 0, 28214, 28214, 1, 0, 1.00, 1
7010, 28219, 1, 0, 28220, 28220, 1, 0, 1.00, 1
7011, 28223, 4, 0, 28224, 28228, 5, 1, 1.25, 1
7012, 28226, 1, 0, 28227, 28227, 1, 0, 1.00, 1
7013, 28229, 3, 0, 28230, 28232, 3, 0, 1.00, 1
7014, 28235, 15, 0, 42268, 42282, 14047, 14032, 936.47, 1
7015, 28237, 3, 0, 28238, 28240, 3, 0, 1.00, 1
7016, 28243, 9, 0, 28244, 28252, 9, 0, 1.00, 1
7017, 28250, 15, 0, 42283, 42297, 14047, 14032, 936.47, 1
7018, 28252, 6, 0, 28253, 28260, 8, 2, 1.33, 1
7019, 28256, 3, 0, 28257, 28267, 11, 8, 3.67, 1
7020, 28257, 1, 0, 28258, 28258, 1, 0, 1.00, 1
7021, 28260, 4, 0, 28261, 28269, 9, 5, 2.25, 1
7022, 28262, 3, 0, 28263, 28265, 3, 0, 1.00, 1
7023, 28266, 4, 0, 28270, 28273, 7, 3, 1.75, 1
7024, 28272, 7, 0, 28274, 28289, 17, 10, 2.43, 1
7025, 28275, 5, 0, 28276, 28281, 6, 1, 1.20, 1
7026, 28276, 6, 0, 28296, 28304, 28, 22, 4.67, 1
7027, 28278, 1, 0, 28279, 28279, 1, 0, 1.00, 1
7028, 28283, 3, 0, 28284, 28286, 3, 0, 1.00, 1
7029, 28285, 4, 0, 28290, 28293, 8, 4, 2.00, 1
7030, 28293, 2, 0, 28294, 28295, 2, 0, 1.00, 1
7031, 28299, 2, 0, 28300, 28301, 2, 0, 1.00, 1
7032, 28301, 25, 0, 48275, 48299, 19998, 19973, 799.92, 1
7033, 28302, 1, 0, 28303, 28303, 1, 0, 1.00, 1
7034, 28307, 5, 0, 28308, 28312, 5, 0, 1.00, 1
7035, 28309, 6, 0, 28313, 28323, 14, 8, 2.33, 1
7036, 28312, 7, 0, 28324, 28330, 18, 11, 2.57, 1
7037, 28313, 5, 0, 28314, 28318, 5, 0, 1.00, 1
7038, 28336, 1, 0, 28337, 28337, 1, 0, 1.00, 1
7039, 28337, 2, 0, 28342, 28343, 6, 4, 3.00, 1
7040, 28339, 2, 0, 28340, 28341, 2, 0, 1.00, 1
7041, 28347, 1, 0, 28348, 28348, 1, 0, 1.00, 1
7042, 28348, 3, 0, 28349, 28351, 3, 0, 1.00, 1
7043, 28349, 3, 0, 28352, 28354, 5, 2, 1.67, 1
7044, 28353, 4, 0, 28355, 28358, 5, 1, 1.25, 1
7045, 28354, 19, 0, 45986, 46004, 17650, 17631, 928.95, 1
7046, 28360, 2, 0, 28361, 28362, 2, 0, 1.00, 1
7047, 28363, 4, 0, 28364, 28367, 4, 0, 1.00, 1
7048, 28367, 4, 0, 28368, 28376, 9, 5, 2.25, 1
7049, 28368, 3, 0, 28369, 28372, 4, 1, 1.33, 1
7050, 28370, 1, 0, 28371, 28371, 1, 0, 1.00, 1
7051, 28372, 9, 0, 28385, 28400, 28, 19, 3.11, 1
7052, 28373, 1, 0, 28374, 28374, 1, 0, 1.00, 1
7053, 28379, 1, 0, 28380, 28380, 1, 0, 1.00, 1
7054, 28381, 1, 0, 28382, 28382, 1, 0, 1.00, 1
7055, 28382, 16, 0, 43454, 43469, 15087, 15071, 942.94, 1
7056, 28385, 5, 0, 28386, 28390, 5, 0, 1.00, 1
7057, 28390, 2, 0, 28391, 28392, 2, 0, 1.00, 1
7058, 28419, 3, 0, 28420, 28422, 3, 0, 1.00, 1
7059, 28421, 8, 0, 28437, 28468, 47, 39, 5.88, 1
7060, 28424, 1, 0, 28425, 28425, 1, 0, 1.00, 1
7061, 28429, 4, 0, 28430, 28433, 4, 0, 1.00, 1
7062, 28433, 2, 0, 28434, 28435, 2, 0, 1.00, 1
7063, 28438, 7, 0, 28439, 28454, 16, 9, 2.29, 1
7064, 28440, 1, 0, 28441, 28441, 1, 0, 1.00, 1
7065, 28441, 4, 0, 28442, 28445, 4, 0, 1.00, 1
7066, 28443, 8, 0, 28487, 28494, 51, 43, 6.38, 1
7067, 28447, 2, 0, 28448, 28449, 2, 0, 1.00, 1
7068, 28450, 1, 0, 28451, 28451, 1, 0, 1.00, 1
7069, 28451, 1, 0, 28452, 28452, 1, 0, 1.00, 1
7070, 28452, 4, 0, 28455, 28461, 9, 5, 2.25, 1
7071, 28455, 6, 0, 28469, 28486, 31, 25, 5.17, 1
7072, 28456, 3, 0, 28457, 28459, 3, 0, 1.00, 1
7073, 28464, 1, 0, 28465, 28465, 1, 0, 1.00, 1
7074, 28466, 9, 0, 28495, 28507, 41, 32, 4.56, 1
7075, 28469, 4, 0, 28470, 28473, 4, 0, 1.00, 1
7076, 28475, 4, 0, 28476, 28481, 6, 2, 1.50, 1
7077, 28478, 2, 0, 28479, 28480, 2, 0, 1.00, 1
7078, 28483, 2, 0, 28484, 28485, 2, 0, 1.00, 1
7079, 28484, 10, 0, 28509, 28523, 39, 29, 3.90, 1
7080, 28496, 3, 0, 28497, 28499, 3, 0, 1.00, 1
7081, 28499, 1, 0, 28500, 28500, 1, 0, 1.00, 1
7082, 28507, 1, 0, 28508, 28508, 1, 0, 1.00, 1
7083, 28513, 1, 0, 28514, 28514, 1, 0, 1.00, 1
7084, 28514, 11, 0, 28560, 28589, 75, 64, 6.82, 1
7085, 28517, 8, 0, 28518, 28541, 24, 16, 3.00, 1
7086, 28519, 2, 0, 28520, 28521, 2, 0, 1.00, 1
7087, 28521, 2, 0, 28526, 28527, 6, 4, 3.00, 1
7088, 28523, 2, 0, 28524, 28525, 2, 0, 1.00, 1
7089, 28527, 3, 0, 28528, 28530, 3, 0, 1.00, 1
7090, 28529, 5, 0, 28531, 28535, 6, 1, 1.20, 1
7091, 28532, 6, 0, 28542, 28547, 15, 9, 2.50, 1
7092, 28533, 8, 0, 28548, 28559, 26, 18, 3.25, 1
7093, 28550, 4, 0, 28551, 28554, 4, 0, 1.00, 1
7094, 28552, 13, 0, 30566, 30591, 2039, 2026, 156.85, 1
7095, 28560, 3, 0, 28561, 28563, 3, 0, 1.00, 1
7096, 28561, 7, 0, 28564, 28575, 14, 7, 2.00, 1
7097, 28564, 1, 0, 28565, 28565, 1, 0, 1.00, 1
7098, 28567, 2, 0, 28568, 28569, 2, 0, 1.00, 1
7099, 28572, 2, 0, 28573, 28574, 2, 0, 1.00, 1
7100, 28576, 2, 0, 28577, 28578, 2, 0, 1.00, 1
7101, 28578, 22, 0, 47536, 47557, 18979, 18957, 862.68, 1
7102, 28581, 2, 0, 28582, 28583, 2, 0, 1.00, 1
7103, 28592, 7, 0, 28593, 28599, 7, 0, 1.00, 1
7104, 28600, 3, 0, 28601, 28603, 3, 0, 1.00, 1
7105, 28607, 6, 0, 28608, 28614, 7, 1, 1.17, 1
7106, 28610, 1, 0, 28611, 28611, 1, 0, 1.00, 1
7107, 28618, 4, 0, 28619, 28622, 4, 0, 1.00, 1
7108, 28620, 6, 0, 28624, 28632, 12, 6, 2.00, 1
7109, 28627, 3, 0, 28628, 28630, 3, 0, 1.00, 1
7110, 28628, 4, 0, 28636, 28639, 11, 7, 2.75, 1
7111, 28632, 1, 0, 28633, 28633, 1, 0, 1.00, 1
7112, 28633, 2, 0, 28634, 28635, 2, 0, 1.00, 1
7113, 28636, 4, 0, 28640, 28643, 7, 3, 1.75, 1
7114, 28645, 3, 0, 28646, 28648, 3, 0, 1.00, 1
7115, 28648, 10, 0, 28649, 28712, 64, 54, 6.40, 1
7116, 28649, 8, 0, 28650, 28663, 14, 6, 1.75, 1
7117, 28650, 2, 0, 28651, 28652, 2, 0, 1.00, 1
7118, 28653, 1, 0, 28654, 28654, 1, 0, 1.00, 1
7119, 28657, 2, 0, 28658, 28659, 2, 0, 1.00, 1
7120, 28659, 5, 0, 28672, 28679, 20, 15, 4.00, 1
7121, 28660, 1, 0, 28661, 28661, 1, 0, 1.00, 1
7122, 28661, 4, 0, 28664, 28669, 8, 4, 2.00, 1
7123, 28665, 3, 0, 28666, 28671, 6, 3, 2.00, 1
7124, 28666, 1, 0, 28667, 28667, 1, 0, 1.00, 1
7125, 28672, 3, 0, 28673, 28675, 3, 0, 1.00, 1
7126, 28673, 5, 0, 28680, 28684, 11, 6, 2.20, 1
7127, 28680, 7, 0, 28685, 28693, 13, 6, 1.86, 1
7128, 28683, 11, 0, 28739, 28760, 77, 66, 7.00, 1
7129, 28689, 2, 0, 28690, 28691, 2, 0, 1.00, 1
7130, 28696, 3, 0, 28697, 28699, 3, 0, 1.00, 1
7131, 28697, 3, 0, 28702, 28704, 7, 4, 2.33, 1
7132, 28699, 2, 0, 28700, 28701, 2, 0, 1.00, 1
7133, 28704, 1, 0, 28705, 28705, 1, 0, 1.00, 1
7134, 28705, 1, 0, 28706, 28706, 1, 0, 1.00, 1
7135, 28716, 26, 0, 48428, 48453, 19737, 19711, 759.12, 1
7136, 28718, 9, 0, 28719, 28727, 9, 0, 1.00, 1
7137, 28732, 6, 0, 28733, 28738, 6, 0, 1.00, 1
7138, 28740, 1, 0, 28741, 28741, 1, 0, 1.00, 1
7139, 28743, 1, 0, 28744, 28744, 1, 0, 1.00, 1
7140, 28748, 2, 0, 28749, 28750, 2, 0, 1.00, 1
7141, 28751, 5, 0, 28752, 28762, 11, 6, 2.20, 1
7142, 28754, 4, 0, 28755, 28758, 4, 0, 1.00, 1
7143, 28757, 10, 0, 28763, 28809, 52, 42, 5.20, 1
7144, 28766, 3, 0, 28767, 28769, 3, 0, 1.00, 1
7145, 28770, 9, 0, 28771, 28796, 26, 17, 2.89, 1
7146, 28776, 5, 0, 28777, 28787, 11, 6, 2.20, 1
7147, 28779, 4, 0, 28780, 28785, 6, 2, 1.50, 1
7148, 28782, 2, 0, 28783, 28784, 2, 0, 1.00, 1
7149, 28787, 1, 0, 28788, 28788, 1, 0, 1.00, 1
7150, 28788, 4, 0, 28797, 28800, 12, 8, 3.00, 1
7151, 28789, 2, 0, 28790, 28791, 2, 0, 1.00, 1
7152, 28792, 3, 0, 28793, 28795, 3, 0, 1.00, 1
7153, 28801, 2, 0, 28802, 28803, 2, 0, 1.00, 1
7154, 28804, 2, 0, 28805, 28806, 2, 0, 1.00, 1
7155, 28811, 1, 0, 28812, 28812, 1, 0, 1.00, 1
7156, 28812, 4, 0, 28813, 28816, 4, 0, 1.00, 1
7157, 28817, 4, 0, 28818, 28821, 4, 0, 1.00, 1
7158, 28828, 17, 0, 44252, 44268, 15440, 15423, 908.24, 1
7159, 28830, 2, 0, 28831, 28832, 2, 0, 1.00, 1
7160, 28835, 2, 0, 28836, 28837, 2, 0, 1.00, 1
7161, 28836, 6, 0, 28838, 28847, 11, 5, 1.83, 1
7162, 28842, 5, 0, 28843, 28851, 9, 4, 1.80, 1
7163, 28843, 6, 0, 28852, 28862, 19, 13, 3.17, 1
7164, 28844, 2, 0, 28845, 28846, 2, 0, 1.00, 1
7165, 28847, 1, 0, 28848, 28848, 1, 0, 1.00, 1
7166, 28853, 3, 0, 28854, 28856, 3, 0, 1.00, 1
7167, 28855, 9, 0, 28868, 28888, 33, 24, 3.67, 1
7168, 28856, 4, 0, 28864, 28867, 11, 7, 2.75, 1
7169, 28859, 2, 0, 28860, 28863, 4, 2, 2.00, 1
7170, 28860, 1, 0, 28861, 28861, 1, 0, 1.00, 1
7171, 28861, 11, 0, 28926, 28963, 102, 91, 9.27, 1
7172, 28872, 3, 0, 28873, 28875, 3, 0, 1.00, 1
7173, 28875, 11, 0, 29098, 29247, 372, 361, 33.82, 1
7174, 28877, 6, 0, 28878, 28883, 6, 0, 1.00, 1
7175, 28879, 11, 0, 29349, 29436, 557, 546, 50.64, 1
7176, 28881, 14, 0, 41008, 41021, 12140, 12126, 867.14, 1
7177, 28883, 6, 0, 28892, 28903, 20, 14, 3.33, 1
7178, 28884, 3, 0, 28885, 28887, 3, 0, 1.00, 1
7179, 28887, 3, 0, 28889, 28891, 4, 1, 1.33, 1
7180, 28892, 3, 0, 28893, 28895, 3, 0, 1.00, 1
7181, 28896, 1, 0, 28897, 28897, 1, 0, 1.00, 1
7182, 28898, 2, 0, 28899, 28900, 2, 0, 1.00, 1
7183, 28908, 5, 0, 28909, 28915, 7, 2, 1.40, 1
7184, 28909, 2, 0, 28910, 28911, 2, 0, 1.00, 1
7185, 28919, 4, 0, 28920, 28923, 4, 0, 1.00, 1
7186, 28926, 5, 0, 28927, 28932, 6, 1, 1.20, 1
7187, 28929, 1, 0, 28930, 28930, 1, 0, 1.00, 1
7188, 28932, 4, 0, 28933, 28936, 4, 0, 1.00, 1
7189, 28939, 9, 0, 28940, 28948, 9, 0, 1.00, 1
7190, 28951, 3, 0, 28952, 28954, 3, 0, 1.00, 1
7191, 28955, 5, 0, 28956, 28960, 5, 0, 1.00, 1
7192, 28963, 7, 0, 28964, 28976, 13, 6, 1.86, 1
7193, 28964, 20, 0, 46414, 46433, 17469, 17449, 873.45, 1
7194, 28968, 6, 0, 28969, 28994, 26, 20, 4.33, 1
7195, 28970, 4, 0, 28971, 28974, 4, 0, 1.00, 1
7196, 28977, 3, 0, 28978, 28980, 3, 0, 1.00, 1
7197, 28979, 6, 0, 28998, 29003, 24, 18, 4.00, 1
7198, 28981, 5, 0, 28982, 28990, 9, 4, 1.80, 1
7199, 28984, 9, 0, 29041, 29064, 80, 71, 8.89, 1
7200, 28985, 4, 0, 28986, 28997, 12, 8, 3.00, 1
7201, 28986, 3, 0, 28987, 28989, 3, 0, 1.00, 1
7202, 28990, 2, 0, 28991, 28992, 2, 0, 1.00, 1
7203, 28994, 6, 0, 29004, 29016, 22, 16, 3.67, 1
7204, 28996, 6, 0, 29017, 29023, 27, 21, 4.50, 1
7205, 29005, 4, 0, 29006, 29012, 7, 3, 1.75, 1
7206, 29007, 3, 0, 29008, 29010, 3, 0, 1.00, 1
7207, 29016, 8, 0, 29029, 29036, 20, 12, 2.50, 1
7208, 29021, 1, 0, 29022, 29022, 1, 0, 1.00, 1
7209, 29022, 2, 0, 29027, 29028, 6, 4, 3.00, 1
7210, 29023, 3, 0, 29024, 29026, 3, 0, 1.00, 1
7211, 29036, 3, 0, 29037, 29039, 3, 0, 1.00, 1
7212, 29039, 1, 0, 29040, 29040, 1, 0, 1.00, 1
7213, 29042, 2, 0, 29043, 29044, 2, 0, 1.00, 1
7214, 29045, 6, 0, 29046, 29051, 6, 0, 1.00, 1
7215, 29048, 10, 0, 29085, 29097, 49, 39, 4.90, 1
7216, 29054, 4, 0, 29055, 29070, 16, 12, 4.00, 1
7217, 29055, 1, 0, 29056, 29056, 1, 0, 1.00, 1
7218, 29057, 5, 0, 29058, 29062, 5, 0, 1.00, 1
7219, 29059, 5, 0, 29072, 29077, 18, 13, 3.60, 1
7220, 29061, 5, 0, 29078, 29084, 23, 18, 4.60, 1
7221, 29065, 3, 0, 29066, 29068, 3, 0, 1.00, 1
7222, 29070, 1, 0, 29071, 29071, 1, 0, 1.00, 1
7223, 29074, 1, 0, 29075, 29075, 1, 0, 1.00, 1
7224, 29079, 2, 0, 29080, 29081, 2, 0, 1.00, 1
7225, 29084, 17, 0, 44269, 44285, 15201, 15184, 894.18, 1
7226, 29089, 2, 0, 29090, 29091, 2, 0, 1.00, 1
7227, 29095, 1, 0, 29096, 29096, 1, 0, 1.00, 1
7228, 29098, 2, 0, 29099, 29100, 2, 0, 1.00, 1
7229, 29099, 3, 0, 29101, 29103, 4, 1, 1.33, 1
7230, 29103, 6, 0, 29104, 29109, 6, 0, 1.00, 1
7231, 29104, 15, 0, 42298, 42312, 13208, 13193, 880.53, 1
7232, 29108, 9, 0, 29110, 29133, 25, 16, 2.78, 1
7233, 29110, 4, 0, 29111, 29114, 4, 0, 1.00, 1
7234, 29114, 11, 0, 29479, 29519, 405, 394, 36.82, 1
7235, 29117, 8, 0, 29118, 29175, 58, 50, 7.25, 1
7236, 29118, 7, 0, 29119, 29150, 32, 25, 4.57, 1
7237, 29119, 4, 0, 29120, 29125, 6, 2, 1.50, 1
7238, 29122, 2, 0, 29123, 29124, 2, 0, 1.00, 1
7239, 29127, 3, 0, 29128, 29130, 3, 0, 1.00, 1
7240, 29134, 4, 0, 29135, 29141, 7, 3, 1.75, 1
7241, 29135, 3, 0, 29136, 29138, 3, 0, 1.00, 1
7242, 29138, 4, 0, 29142, 29145, 7, 3, 1.75, 1
7243, 29141, 5, 0, 29151, 29156, 15, 10, 3.00, 1
7244, 29143, 6, 0, 29157, 29162, 19, 13, 3.17, 1
7245, 29144, 9, 0, 29190, 29208, 64, 55, 7.11, 1
7246, 29145, 9, 0, 29209, 29223, 78, 69, 8.67, 1
7247, 29147, 10, 0, 29249, 29266, 119, 109, 11.90, 1
7248, 29153, 1, 0, 29154, 29154, 1, 0, 1.00, 1
7249, 29156, 11, 0, 29563, 29576, 420, 409, 38.18, 1
7250, 29157, 7, 0, 29176, 29188, 31, 24, 4.43, 1
7251, 29163, 12, 0, 29874, 29890, 727, 715, 60.58, 1
7252, 29165, 12, 0, 29895, 29916, 751, 739, 62.58, 1
7253, 29166, 2, 0, 29167, 29169, 3, 1, 1.50, 1
7254, 29167, 1, 0, 29168, 29168, 1, 0, 1.00, 1
7255, 29171, 3, 0, 29172, 29174, 3, 0, 1.00, 1
7256, 29176, 10, 0, 29267, 29311, 135, 125, 13.50, 1
7257, 29177, 21, 0, 46949, 46969, 17792, 17771, 847.24, 1
7258, 29179, 5, 0, 29180, 29184, 5, 0, 1.00, 1
7259, 29186, 1, 0, 29187, 29187, 1, 0, 1.00, 1
7260, 29188, 1, 0, 29189, 29189, 1, 0, 1.00, 1
7261, 29192, 7, 0, 29193, 29202, 10, 3, 1.43, 1
7262, 29194, 2, 0, 29195, 29196, 2, 0, 1.00, 1
7263, 29197, 1, 0, 29198, 29198, 1, 0, 1.00, 1
7264, 29213, 2, 0, 29214, 29215, 2, 0, 1.00, 1
7265, 29214, 3, 0, 29216, 29219, 5, 2, 1.67, 1
7266, 29217, 1, 0, 29218, 29218, 1, 0, 1.00, 1
7267, 29226, 2, 0, 29227, 29228, 2, 0, 1.00, 1
7268, 29227, 6, 0, 29229, 29234, 7, 1, 1.17, 1
7269, 29239, 2, 0, 29240, 29241, 2, 0, 1.00, 1
7270, 29242, 4, 0, 29243, 29248, 6, 2, 1.50, 1
7271, 29245, 1, 0, 29246, 29246, 1, 0, 1.00, 1
7272, 29252, 3, 0, 29253, 29255, 3, 0, 1.00, 1
7273, 29258, 4, 0, 29259, 29262, 4, 0, 1.00, 1
7274, 29263, 1, 0, 29264, 29264, 1, 0, 1.00, 1
7275, 29269, 7, 0, 29270, 29287, 18, 11, 2.57, 1
7276, 29272, 4, 0, 29273, 29277, 5, 1, 1.25, 1
7277, 29273, 7, 0, 29315, 29322, 49, 42, 7.00, 1
7278, 29274, 1, 0, 29275, 29275, 1, 0, 1.00, 1
7279, 29275, 2, 0, 29278, 29279, 4, 2, 2.00, 1
7280, 29276, 7, 0, 29323, 29329, 53, 46, 7.57, 1
7281, 29278, 5, 0, 29288, 29292, 14, 9, 2.80, 1
7282, 29280, 4, 0, 29281, 29284, 4, 0, 1.00, 1
7283, 29292, 6, 0, 29293, 29298, 6, 0, 1.00, 1
7284, 29299, 1, 0, 29300, 29300, 1, 0, 1.00, 1
7285, 29303, 4, 0, 29304, 29314, 11, 7, 2.75, 1
7286, 29304, 3, 0, 29305, 29308, 4, 1, 1.33, 1
7287, 29305, 1, 0, 29306, 29306, 1, 0, 1.00, 1
7288, 29319, 1, 0, 29320, 29320, 1, 0, 1.00, 1
7289, 29327, 7, 0, 29331, 29337, 10, 3, 1.43, 1
7290, 29329, 1, 0, 29330, 29330, 1, 0, 1.00, 1
7291, 29337, 4, 0, 29338, 29341, 4, 0, 1.00, 1
7292, 29339, 6, 0, 29342, 29348, 9, 3, 1.50, 1
7293, 29342, 1, 0, 29343, 29343, 1, 0, 1.00, 1
7294, 29349, 3, 0, 29350, 29354, 5, 2, 1.67, 1
7295, 29350, 6, 0, 29355, 29360, 10, 4, 1.67, 1
7296, 29351, 2, 0, 29352, 29353, 2, 0, 1.00, 1
7297, 29354, 6, 0, 29361, 29374, 20, 14, 3.33, 1
7298, 29361, 2, 0, 29362, 29363, 2, 0, 1.00, 1
7299, 29362, 2, 0, 29364, 29365, 3, 1, 1.50, 1
7300, 29365, 20, 0, 46434, 46453, 17088, 17068, 854.40, 1
7301, 29366, 4, 0, 29367, 29370, 4, 0, 1.00, 1
7302, 29376, 2, 0, 29377, 29378, 2, 0, 1.00, 1
7303, 29378, 2, 0, 29379, 29380, 2, 0, 1.00, 1
7304, 29379, 3, 0, 29382, 29386, 7, 4, 2.33, 1
7305, 29380, 1, 0, 29381, 29381, 1, 0, 1.00, 1
7306, 29383, 2, 0, 29384, 29385, 2, 0, 1.00, 1
7307, 29384, 2, 0, 29389, 29390, 6, 4, 3.00, 1
7308, 29385, 15, 0, 42313, 42327, 12942, 12927, 862.80, 1
7309, 29386, 2, 0, 29387, 29388, 2, 0, 1.00, 1
7310, 29391, 2, 0, 29392, 29393, 2, 0, 1.00, 1
7311, 29394, 4, 0, 29395, 29400, 6, 2, 1.50, 1
7312, 29396, 2, 0, 29397, 29398, 2, 0, 1.00, 1
7313, 29398, 4, 0, 29401, 29407, 9, 5, 2.25, 1
7314, 29399, 5, 0, 29408, 29413, 14, 9, 2.80, 1
7315, 29400, 5, 0, 29414, 29418, 18, 13, 3.60, 1
7316, 29403, 3, 0, 29404, 29406, 3, 0, 1.00, 1
7317, 29406, 5, 0, 29419, 29425, 19, 14, 3.80, 1
7318, 29408, 10, 0, 29449, 29464, 56, 46, 5.60, 1
7319, 29411, 1, 0, 29412, 29412, 1, 0, 1.00, 1
7320, 29422, 2, 0, 29423, 29424, 2, 0, 1.00, 1
7321, 29429, 9, 0, 29430, 29448, 19, 10, 2.11, 1
7322, 29430, 4, 0, 29431, 29438, 8, 4, 2.00, 1
7323, 29432, 2, 0, 29433, 29434, 2, 0, 1.00, 1
7324, 29434, 2, 0, 29439, 29440, 6, 4, 3.00, 1
7325, 29448, 14, 0, 41022, 41035, 11587, 11573, 827.64, 1
7326, 29451, 3, 0, 29452, 29454, 3, 0, 1.00, 1
7327, 29457, 2, 0, 29458, 29459, 2, 0, 1.00, 1
7328, 29460, 1, 0, 29461, 29461, 1, 0, 1.00, 1
7329, 29461, 3, 0, 29465, 29467, 6, 3, 2.00, 1
7330, 29465, 19, 0, 46005, 46023, 16558, 16539, 871.47, 1
7331, 29467, 7, 0, 29468, 29478, 11, 4, 1.57, 1
7332, 29468, 19, 0, 46024, 46042, 16574, 16555, 872.32, 1
7333, 29472, 4, 0, 29473, 29476, 4, 0, 1.00, 1
7334, 29478, 11, 0, 29583, 29599, 121, 110, 11.00, 1
7335, 29483, 10, 0, 29484, 29497, 14, 4, 1.40, 1
7336, 29490, 3, 0, 29491, 29493, 3, 0, 1.00, 1
7337, 29491, 5, 0, 29498, 29505, 14, 9, 2.80, 1
7338, 29493, 5, 0, 29506, 29510, 17, 12, 3.40, 1
7339, 29495, 1, 0, 29496, 29496, 1, 0, 1.00, 1
7340, 29496, 10, 0, 29546, 29562, 66, 56, 6.60, 1
7341, 29500, 3, 0, 29501, 29503, 3, 0, 1.00, 1
7342, 29502, 6, 0, 29527, 29532, 30, 24, 5.00, 1
7343, 29508, 18, 0, 45242, 45259, 15751, 15733, 875.06, 1
7344, 29512, 1, 0, 29513, 29513, 1, 0, 1.00, 1
7345, 29516, 3, 0, 29517, 29524, 8, 5, 2.67, 1
7346, 29517, 1, 0, 29518, 29518, 1, 0, 1.00, 1
7347, 29519, 3, 0, 29520, 29522, 3, 0, 1.00, 1
7348, 29524, 2, 0, 29525, 29526, 2, 0, 1.00, 1
7349, 29531, 7, 0, 29533, 29541, 10, 3, 1.43, 1
7350, 29538, 2, 0, 29539, 29540, 2, 0, 1.00, 1
7351, 29540, 4, 0, 29542, 29545, 5, 1, 1.25, 1
7352, 29541, 18, 0, 45260, 45277, 15736, 15718, 874.22, 1
7353, 29549, 11, 0, 29608, 29626, 77, 66, 7.00, 1
7354, 29553, 6, 0, 29554, 29559, 6, 0, 1.00, 1
7355, 29555, 18, 0, 45278, 45295, 15740, 15722, 874.44, 1
7356, 29559, 1, 0, 29560, 29560, 1, 0, 1.00, 1
7357, 29572, 3, 0, 29573, 29575, 3, 0, 1.00, 1
7358, 29574, 6, 0, 29577, 29582, 8, 2, 1.33, 1
7359, 29588, 7, 0, 29589, 29607, 19, 12, 2.71, 1
7360, 29589, 5, 0, 29590, 29594, 5, 0, 1.00, 1
7361, 29599, 2, 0, 29600, 29601, 2, 0, 1.00, 1
7362, 29607, 13, 0, 31076, 31088, 1481, 1468, 113.92, 1
7363, 29614, 4, 0, 29615, 29618, 4, 0, 1.00, 1
7364, 29617, 9, 0, 29723, 29751, 134, 125, 14.89, 1
7365, 29618, 1, 0, 29619, 29619, 1, 0, 1.00, 1
7366, 29622, 8, 0, 29623, 29647, 25, 17, 3.12, 1
7367, 29623, 6, 0, 29624, 29634, 11, 5, 1.83, 1
7368, 29624, 1, 0, 29625, 29625, 1, 0, 1.00, 1
7369, 29628, 3, 0, 29629, 29631, 3, 0, 1.00, 1
7370, 29635, 6, 0, 29636, 29641, 6, 0, 1.00, 1
7371, 29638, 7, 0, 29648, 29659, 21, 14, 3.00, 1
7372, 29642, 14, 0, 41036, 41049, 11407, 11393, 814.79, 1
7373, 29645, 14, 0, 41050, 41063, 11418, 11404, 815.57, 1
7374, 29648, 3, 0, 29649, 29651, 3, 0, 1.00, 1
7375, 29654, 2, 0, 29655, 29656, 2, 0, 1.00, 1
7376, 29658, 7, 0, 29660, 29673, 15, 8, 2.14, 1
7377, 29660, 6, 0, 29661, 29667, 7, 1, 1.17, 1
7378, 29665, 1, 0, 29666, 29666, 1, 0, 1.00, 1
7379, 29666, 8, 0, 29677, 29694, 28, 20, 3.50, 1
7380, 29673, 3, 0, 29674, 29676, 3, 0, 1.00, 1
7381, 29677, 3, 0, 29678, 29680, 3, 0, 1.00, 1
7382, 29684, 3, 0, 29685, 29687, 3, 0, 1.00, 1
7383, 29685, 3, 0, 29703, 29705, 20, 17, 6.67, 1
7384, 29688, 2, 0, 29689, 29690, 2, 0, 1.00, 1
7385, 29691, 2, 0, 29692, 29693, 2, 0, 1.00, 1
7386, 29693, 2, 0, 29701, 29702, 9, 7, 4.50, 1
7387, 29694, 7, 0, 29695, 29708, 14, 7, 2.00, 1
7388, 29698, 2, 0, 29699, 29700, 2, 0, 1.00, 1
7389, 29703, 7, 0, 29710, 29722, 19, 12, 2.71, 1
7390, 29707, 9, 0, 29752, 29772, 65, 56, 7.22, 1
7391, 29708, 1, 0, 29709, 29709, 1, 0, 1.00, 1
7392, 29709, 21, 0, 46970, 46990, 17281, 17260, 822.90, 1
7393, 29710, 3, 0, 29711, 29715, 5, 2, 1.67, 1
7394, 29712, 2, 0, 29713, 29714, 2, 0, 1.00, 1
7395, 29717, 1, 0, 29718, 29718, 1, 0, 1.00, 1
7396, 29719, 17, 0, 44286, 44302, 14583, 14566, 857.82, 1
7397, 29722, 18, 0, 45296, 45313, 15591, 15573, 866.17, 1
7398, 29724, 2, 0, 29725, 29726, 2, 0, 1.00, 1
7399, 29726, 6, 0, 29727, 29736, 10, 4, 1.67, 1
7400, 29728, 4, 0, 29729, 29732, 4, 0, 1.00, 1
7401, 29729, 4, 0, 29737, 29740, 11, 7, 2.75, 1
7402, 29732, 4, 0, 29741, 29744, 12, 8, 3.00, 1
7403, 29754, 5, 0, 29755, 29762, 8, 3, 1.60, 1
7404, 29756, 1, 0, 29757, 29757, 1, 0, 1.00, 1
7405, 29758, 16, 0, 43470, 43485, 13727, 13711, 857.94, 1
7406, 29759, 2, 0, 29760, 29761, 2, 0, 1.00, 1
7407, 29761, 3, 0, 29763, 29765, 4, 1, 1.33, 1
7408, 29762, 10, 0, 29773, 29822, 60, 50, 6.00, 1
7409, 29768, 1, 0, 29769, 29769, 1, 0, 1.00, 1
7410, 29774, 7, 0, 29775, 29783, 9, 2, 1.29, 1
7411, 29779, 2, 0, 29780, 29781, 2, 0, 1.00, 1
7412, 29783, 5, 0, 29784, 29789, 6, 1, 1.20, 1
7413, 29786, 1, 0, 29787, 29787, 1, 0, 1.00, 1
7414, 29791, 2, 0, 29792, 29793, 2, 0, 1.00, 1
7415, 29793, 3, 0, 29794, 29796, 3, 0, 1.00, 1
7416, 29795, 5, 0, 29797, 29803, 8, 3, 1.60, 1
7417, 29797, 2, 0, 29798, 29799, 2, 0, 1.00, 1
7418, 29801, 13, 0, 31089, 31125, 1324, 1311, 101.85, 1
7419, 29803, 1, 0, 29804, 29804, 1, 0, 1.00, 1
7420, 29806, 7, 0, 29807, 29814, 8, 1, 1.14, 1
7421, 29810, 1, 0, 29811, 29811, 1, 0, 1.00, 1
7422, 29813, 9, 0, 29832, 29842, 29, 20, 3.22, 1
7423, 29814, 10, 0, 29847, 29873, 59, 49, 5.90, 1
7424, 29815, 2, 0, 29816, 29817, 2, 0, 1.00, 1
7425, 29816, 2, 0, 29818, 29819, 3, 1, 1.50, 1
7426, 29818, 4, 0, 29823, 29827, 9, 5, 2.25, 1
7427, 29819, 4, 0, 29828, 29831, 12, 8, 3.00, 1
7428, 29824, 1, 0, 29825, 29825, 1, 0, 1.00, 1
7429, 29836, 2, 0, 29837, 29838, 2, 0, 1.00, 1
7430, 29838, 4, 0, 29843, 29846, 8, 4, 2.00, 1
7431, 29847, 4, 0, 29848, 29851, 4, 0, 1.00, 1
7432, 29853, 3, 0, 29854, 29856, 3, 0, 1.00, 1
7433, 29858, 8, 0, 29859, 29868, 10, 2, 1.25, 1
7434, 29865, 2, 0, 29866, 29867, 2, 0, 1.00, 1
7435, 29881, 6, 0, 29882, 29894, 13, 7, 2.17, 1
7436, 29883, 2, 0, 29884, 29885, 2, 0, 1.00, 1
7437, 29886, 1, 0, 29887, 29887, 1, 0, 1.00, 1
7438, 29895, 6, 0, 29896, 29904, 9, 3, 1.50, 1
7439, 29896, 3, 0, 29897, 29899, 3, 0, 1.00, 1
7440, 29905, 1, 0, 29906, 29906, 1, 0, 1.00, 1
7441, 29919, 10, 0, 29920, 29943, 24, 14, 2.40, 1
7442, 29921, 3, 0, 29922, 29924, 3, 0, 1.00, 1
7443, 29930, 4, 0, 29931, 29936, 6, 2, 1.50, 1
7444, 29933, 2, 0, 29934, 29935, 2, 0, 1.00, 1
7445, 29934, 2, 0, 29944, 29945, 11, 9, 5.50, 1
7446, 29935, 10, 0, 30000, 30028, 93, 83, 9.30, 1
7447, 29937, 8, 0, 29938, 29952, 15, 7, 1.88, 1
7448, 29940, 2, 0, 29941, 29942, 2, 0, 1.00, 1
7449, 29945, 2, 0, 29946, 29947, 2, 0, 1.00, 1
7450, 29946, 5, 0, 29954, 29958, 12, 7, 2.40, 1
7451, 29952, 1, 0, 29953, 29953, 1, 0, 1.00, 1
7452, 29956, 8, 0, 29959, 29978, 22, 14, 2.75, 1
7453, 29961, 3, 0, 29962, 29964, 3, 0, 1.00, 1
7454, 29962, 4, 0, 29965, 29968, 6, 2, 1.50, 1
7455, 29968, 3, 0, 29969, 29971, 3, 0, 1.00, 1
7456, 29970, 7, 0, 29979, 29988, 18, 11, 2.57, 1
7457, 29973, 1, 0, 29974, 29974, 1, 0, 1.00, 1
7458, 29976, 1, 0, 29977, 29977, 1, 0, 1.00, 1
7459, 29983, 3, 0, 29984, 29986, 3, 0, 1.00, 1
7460, 29985, 10, 0, 30029, 30050, 65, 55, 6.50, 1
7461, 29989, 1, 0, 29990, 29990, 1, 0, 1.00, 1
7462, 30000, 4, 0, 30001, 30007, 7, 3, 1.75, 1
7463, 30001, 2, 0, 30002, 30003, 2, 0, 1.00, 1
7464, 30003, 1, 0, 30004, 30004, 1, 0, 1.00, 1
7465, 30010, 6, 0, 30011, 30018, 8, 2, 1.33, 1
7466, 30012, 1, 0, 30013, 30013, 1, 0, 1.00, 1
7467, 30015, 1, 0, 30016, 30016, 1, 0, 1.00, 1
7468, 30018, 2, 0, 30019, 30020, 2, 0, 1.00, 1
7469, 30021, 2, 0, 30022, 30023, 2, 0, 1.00, 1
7470, 30026, 14, 0, 41064, 41077, 11051, 11037, 789.36, 1
7471, 30029, 5, 0, 30030, 30036, 7, 2, 1.40, 1
7472, 30031, 2, 0, 30032, 30033, 2, 0, 1.00, 1
7473, 30035, 13, 0, 31132, 31163, 1128, 1115, 86.77, 1
7474, 30036, 1, 0, 30037, 30037, 1, 0, 1.00, 1
7475, 30037, 13, 0, 31891, 31912, 1875, 1862, 144.23, 1
7476, 30040, 4, 0, 30041, 30044, 4, 0, 1.00, 1
7477, 30052, 3, 0, 30053, 30057, 5, 2, 1.67, 1
7478, 30054, 2, 0, 30055, 30056, 2, 0, 1.00, 1
7479, 30055, 15, 0, 42328, 42342, 12287, 12272, 819.13, 1
7480, 30057, 4, 0, 30058, 30061, 4, 0, 1.00, 1
7481, 30071, 11, 0, 30072, 30087, 16, 5, 1.45, 1
7482, 30078, 2, 0, 30079, 30080, 2, 0, 1.00, 1
7483, 30084, 2, 0, 30085, 30086, 2, 0, 1.00, 1
7484, 30085, 3, 0, 30088, 30090, 5, 2, 1.67, 1
7485, 30088, 3, 0, 30091, 30093, 5, 2, 1.67, 1
7486, 30089, 4, 0, 30094, 30097, 8, 4, 2.00, 1
7487, 30095, 6, 0, 30098, 30104, 9, 3, 1.50, 1
7488, 30100, 1, 0, 30101, 30101, 1, 0, 1.00, 1
7489, 30106, 16, 0, 43486, 43501, 13395, 13379, 837.19, 1
7490, 30109, 11, 0, 30110, 30145, 36, 25, 3.27, 1
7491, 30111, 6, 0, 30112, 30120, 9, 3, 1.50, 1
7492, 30115, 3, 0, 30116, 30118, 3, 0, 1.00, 1
7493, 30122, 2, 0, 30123, 30124, 2, 0, 1.00, 1
7494, 30129, 1, 0, 30130, 30130, 1, 0, 1.00, 1
7495, 30130, 13, 0, 31959, 32031, 1901, 1888, 146.23, 1
7496, 30131, 24, 0, 48053, 48076, 17945, 17921, 747.71, 1
7497, 30134, 3, 0, 30135, 30137, 3, 0, 1.00, 1
7498, 30140, 14, 0, 41078, 41091, 10951, 10937, 782.21, 1
7499, 30142, 2, 0, 30143, 30144, 2, 0, 1.00, 1
7500, 30150, 2, 0, 30151, 30152, 2, 0, 1.00, 1
7501, 30151, 3, 0, 30153, 30155, 4, 1, 1.33, 1
7502, 30154, 3, 0, 30157, 30159, 5, 2, 1.67, 1
7503, 30155, 1, 0, 30156, 30156, 1, 0, 1.00, 1
7504, 30156, 18, 0, 45314, 45331, 15175, 15157, 843.06, 1
7505, 30158, 6, 0, 30160, 30165, 7, 1, 1.17, 1
7506, 30162, 6, 0, 30166, 30176, 14, 8, 2.33, 1
7507, 30163, 6, 0, 30177, 30184, 21, 15, 3.50, 1
7508, 30167, 1, 0, 30168, 30168, 1, 0, 1.00, 1
7509, 30168, 1, 0, 30169, 30169, 1, 0, 1.00, 1
7510, 30170, 6, 0, 30185, 30196, 26, 20, 4.33, 1
7511, 30171, 3, 0, 30172, 30174, 3, 0, 1.00, 1
7512, 30173, 9, 0, 30414, 30433, 260, 251, 28.89, 1
7513, 30180, 1, 0, 30181, 30181, 1, 0, 1.00, 1
7514, 30182, 1, 0, 30183, 30183, 1, 0, 1.00, 1
7515, 30186, 1, 0, 30187, 30187, 1, 0, 1.00, 1
7516, 30187, 6, 0, 30224, 30234, 47, 41, 7.83, 1
7517, 30190, 4, 0, 30191, 30198, 8, 4, 2.00, 1
7518, 30192, 3, 0, 30193, 30195, 3, 0, 1.00, 1
7519, 30194, 3, 0, 30200, 30202, 8, 5, 2.67, 1
7520, 30195, 7, 0, 30262, 30279, 84, 77, 12.00, 1
7521, 30197, 4, 0, 30208, 30213, 16, 12, 4.00, 1
7522, 30198, 1, 0, 30199, 30199, 1, 0, 1.00, 1
7523, 30199, 3, 0, 30203, 30207, 8, 5, 2.67, 1
7524, 30201, 7, 0, 30284, 30293, 92, 85, 13.14, 1
7525, 30204, 2, 0, 30205, 30206, 2, 0, 1.00, 1
7526, 30205, 4, 0, 30214, 30220, 15, 11, 3.75, 1
7527, 30209, 2, 0, 30210, 30211, 2, 0, 1.00, 1
7528, 30216, 2, 0, 30217, 30218, 2, 0, 1.00, 1
7529, 30217, 3, 0, 30221, 30223, 6, 3, 2.00, 1
7530, 30218, 1, 0, 30219, 30219, 1, 0, 1.00, 1
7531, 30224, 8, 0, 30343, 30350, 126, 118, 15.75, 1
7532, 30226, 5, 0, 30227, 30231, 5, 0, 1.00, 1
7533, 30229, 6, 0, 30235, 30247, 18, 12, 3.00, 1
7534, 30233, 12, 0, 30472, 30494, 261, 249, 21.75, 1
7535, 30236, 28, 0, 48694, 48721, 18485, 18457, 660.18, 1
7536, 30238, 4, 0, 30239, 30242, 4, 0, 1.00, 1
7537, 30239, 6, 0, 30256, 30261, 22, 16, 3.67, 1
7538, 30242, 4, 0, 30248, 30252, 10, 6, 2.50, 1
7539, 30243, 3, 0, 30244, 30246, 3, 0, 1.00, 1
7540, 30248, 1, 0, 30249, 30249, 1, 0, 1.00, 1
7541, 30252, 3, 0, 30253, 30255, 3, 0, 1.00, 1
7542, 30262, 5, 0, 30263, 30267, 5, 0, 1.00, 1
7543, 30265, 7, 0, 30294, 30305, 40, 33, 5.71, 1
7544, 30267, 2, 0, 30268, 30269, 2, 0, 1.00, 1
7545, 30268, 4, 0, 30270, 30273, 5, 1, 1.25, 1
7546, 30278, 7, 0, 30306, 30322, 44, 37, 6.29, 1
7547, 30279, 4, 0, 30280, 30283, 4, 0, 1.00, 1
7548, 30280, 8, 0, 30351, 30366, 86, 78, 10.75, 1
7549, 30283, 7, 0, 30326, 30332, 49, 42, 7.00, 1
7550, 30289, 3, 0, 30290, 30292, 3, 0, 1.00, 1
7551, 30294, 2, 0, 30295, 30296, 2, 0, 1.00, 1
7552, 30295, 19, 0, 46043, 46061, 15766, 15747, 829.79, 1
7553, 30300, 3, 0, 30301, 30303, 3, 0, 1.00, 1
7554, 30308, 6, 0, 30309, 30314, 6, 0, 1.00, 1
7555, 30312, 8, 0, 30385, 30393, 81, 73, 10.12, 1
7556, 30314, 2, 0, 30315, 30316, 2, 0, 1.00, 1
7557, 30317, 1, 0, 30318, 30318, 1, 0, 1.00, 1
7558, 30318, 3, 0, 30323, 30325, 7, 4, 2.33, 1
7559, 30319, 1, 0, 30320, 30320, 1, 0, 1.00, 1
7560, 30326, 8, 0, 30394, 30404, 78, 70, 9.75, 1
7561, 30340, 2, 0, 30341, 30342, 2, 0, 1.00, 1
7562, 30354, 3, 0, 30355, 30359, 5, 2, 1.67, 1
7563, 30355, 3, 0, 30360, 30362, 7, 4, 2.33, 1
7564, 30356, 2, 0, 30357, 30358, 2, 0, 1.00, 1
7565, 30357, 22, 0, 47558, 47579, 17222, 17200, 782.82, 1
7566, 30361, 4, 0, 30367, 30372, 11, 7, 2.75, 1
7567, 30362, 4, 0, 30378, 30381, 19, 15, 4.75, 1
7568, 30369, 3, 0, 30370, 30375, 6, 3, 2.00, 1
7569, 30370, 1, 0, 30371, 30371, 1, 0, 1.00, 1
7570, 30373, 1, 0, 30374, 30374, 1, 0, 1.00, 1
7571, 30374, 1, 0, 30376, 30376, 2, 1, 2.00, 1
7572, 30376, 1, 0, 30377, 30377, 1, 0, 1.00, 1
7573, 30381, 3, 0, 30382, 30384, 3, 0, 1.00, 1
7574, 30385, 8, 0, 30405, 30413, 28, 20, 3.50, 1
7575, 30391, 1, 0, 30392, 30392, 1, 0, 1.00, 1
7576, 30394, 3, 0, 30395, 30397, 3, 0, 1.00, 1
7577, 30408, 1, 0, 30409, 30409, 1, 0, 1.00, 1
7578, 30411, 10, 0, 30439, 30455, 44, 34, 4.40, 1
7579, 30412, 20, 0, 46454, 46473, 16061, 16041, 803.05, 1
7580, 30414, 3, 0, 30415, 30417, 3, 0, 1.00, 1
7581, 30421, 5, 0, 30422, 30429, 8, 3, 1.60, 1
7582, 30424, 3, 0, 30425, 30427, 3, 0, 1.00, 1
7583, 30425, 5, 0, 30434, 30438, 13, 8, 2.60, 1
7584, 30427, 12, 0, 30495, 30516, 89, 77, 7.42, 1
7585, 30428, 10, 0, 30456, 30471, 43, 33, 4.30, 1
7586, 30445, 3, 0, 30446, 30450, 5, 2, 1.67, 1
7587, 30447, 2, 0, 30448, 30449, 2, 0, 1.00, 1
7588, 30450, 1, 0, 30451, 30451, 1, 0, 1.00, 1
7589, 30453, 1, 0, 30454, 30454, 1, 0, 1.00, 1
7590, 30458, 4, 0, 30459, 30462, 4, 0, 1.00, 1
7591, 30463, 1, 0, 30464, 30464, 1, 0, 1.00, 1
7592, 30467, 1, 0, 30468, 30468, 1, 0, 1.00, 1
7593, 30472, 4, 0, 30473, 30476, 4, 0, 1.00, 1
7594, 30478, 3, 0, 30479, 30481, 3, 0, 1.00, 1
7595, 30484, 4, 0, 30485, 30488, 4, 0, 1.00, 1
7596, 30495, 2, 0, 30496, 30497, 2, 0, 1.00, 1
7597, 30501, 4, 0, 30502, 30505, 4, 0, 1.00, 1
7598, 30508, 2, 0, 30509, 30510, 2, 0, 1.00, 1
7599, 30509, 4, 0, 30523, 30526, 17, 13, 4.25, 1
7600, 30512, 2, 0, 30513, 30514, 2, 0, 1.00, 1
7601, 30516, 5, 0, 30517, 30522, 6, 1, 1.20, 1
7602, 30518, 1, 0, 30519, 30519, 1, 0, 1.00, 1
7603, 30527, 2, 0, 30528, 30529, 2, 0, 1.00, 1
7604, 30530, 4, 0, 30531, 30534, 4, 0, 1.00, 1
7605, 30535, 1, 0, 30536, 30536, 1, 0, 1.00, 1
7606, 30536, 2, 0, 30537, 30538, 2, 0, 1.00, 1
7607, 30538, 3, 0, 30539, 30542, 4, 1, 1.33, 1
7608, 30539, 1, 0, 30540, 30540, 1, 0, 1.00, 1
7609, 30551, 4, 0, 30552, 30555, 4, 0, 1.00, 1
7610, 30552, 8, 0, 30558, 30565, 13, 5, 1.62, 1
7611, 30556, 1, 0, 30557, 30557, 1, 0, 1.00, 1
7612, 30559, 14, 0, 41092, 41105, 10546, 10532, 753.29, 1
7613, 30572, 4, 0, 30573, 30576, 4, 0, 1.00, 1
7614, 30573, 5, 0, 30577, 30581, 8, 3, 1.60, 1
7615, 30576, 10, 0, 30592, 30615, 39, 29, 3.90, 1
7616, 30582, 3, 0, 30583, 30585, 3, 0, 1.00, 1
7617, 30585, 1, 0, 30586, 30586, 1, 0, 1.00, 1
7618, 30592, 1, 0, 30593, 30593, 1, 0, 1.00, 1
7619, 30595, 5, 0, 30596, 30600, 5, 0, 1.00, 1
7620, 30600, 18, 0, 45332, 45349, 14749, 14731, 819.39, 1
7621, 30602, 1, 0, 30603, 30603, 1, 0, 1.00, 1
7622, 30604, 3, 0, 30605, 30609, 5, 2, 1.67, 1
7623, 30606, 2, 0, 30607, 30608, 2, 0, 1.00, 1
7624, 30608, 2, 0, 30610, 30611, 3, 1, 1.50, 1
7625, 30609, 12, 0, 30660, 30702, 93, 81, 7.75, 1
7626, 30610, 32, 0, 49175, 49206, 18596, 18564, 581.12, 1
7627, 30615, 9, 0, 30616, 30630, 15, 6, 1.67, 1
7628, 30620, 3, 0, 30621, 30623, 3, 0, 1.00, 1
7629, 30624, 10, 0, 30637, 30656, 32, 22, 3.20, 1
7630, 30625, 3, 0, 30626, 30628, 3, 0, 1.00, 1
7631, 30627, 5, 0, 30631, 30636, 9, 4, 1.80, 1
7632, 30631, 1, 0, 30632, 30632, 1, 0, 1.00, 1
7633, 30645, 8, 0, 30646, 30659, 14, 6, 1.75, 1
7634, 30650, 5, 0, 30651, 30655, 5, 0, 1.00, 1
7635, 30664, 2, 0, 30665, 30667, 3, 1, 1.50, 1
7636, 30665, 1, 0, 30666, 30666, 1, 0, 1.00, 1
7637, 30667, 12, 0, 30959, 31001, 334, 322, 27.83, 1
7638, 30668, 8, 0, 30669, 30676, 8, 0, 1.00, 1
7639, 30676, 2, 0, 30677, 30678, 2, 0, 1.00, 1
7640, 30679, 7, 0, 30680, 30692, 13, 6, 1.86, 1
7641, 30683, 4, 0, 30684, 30689, 6, 2, 1.50, 1
7642, 30686, 2, 0, 30687, 30688, 2, 0, 1.00, 1
7643, 30694, 3, 0, 30695, 30697, 3, 0, 1.00, 1
7644, 30695, 3, 0, 30703, 30705, 10, 7, 3.33, 1
7645, 30696, 4, 0, 30706, 30711, 15, 11, 3.75, 1
7646, 30697, 2, 0, 30698, 30699, 2, 0, 1.00, 1
7647, 30699, 8, 0, 30726, 30733, 34, 26, 4.25, 1
7648, 30705, 11, 0, 30882, 30905, 200, 189, 18.18, 1
7649, 30707, 2, 0, 30708, 30709, 2, 0, 1.00, 1
7650, 30708, 3, 0, 30712, 30714, 6, 3, 2.00, 1
7651, 30709, 5, 0, 30715, 30719, 10, 5, 2.00, 1
7652, 30719, 6, 0, 30720, 30725, 6, 0, 1.00, 1
7653, 30725, 8, 0, 30734, 30745, 20, 12, 2.50, 1
7654, 30739, 2, 0, 30740, 30741, 2, 0, 1.00, 1
7655, 30742, 5, 0, 30743, 30752, 10, 5, 2.00, 1
7656, 30743, 1, 0, 30744, 30744, 1, 0, 1.00, 1
7657, 30744, 10, 0, 30771, 30796, 52, 42, 5.20, 1
7658, 30747, 13, 0, 32613, 32628, 1881, 1868, 144.69, 1
7659, 30748, 3, 0, 30749, 30751, 3, 0, 1.00, 1
7660, 30750, 3, 0, 30753, 30757, 7, 4, 2.33, 1
7661, 30753, 1, 0, 30754, 30754, 1, 0, 1.00, 1
7662, 30754, 1, 0, 30755, 30755, 1, 0, 1.00, 1
7663, 30756, 6, 0, 30758, 30763, 7, 1, 1.17, 1
7664, 30761, 7, 0, 30764, 30770, 9, 2, 1.29, 1
7665, 30773, 4, 0, 30774, 30777, 4, 0, 1.00, 1
7666, 30774, 5, 0, 30778, 30784, 10, 5, 2.00, 1
7667, 30780, 2, 0, 30781, 30782, 2, 0, 1.00, 1
7668, 30781, 10, 0, 30821, 30848, 67, 57, 6.70, 1
7669, 30782, 8, 0, 30813, 30820, 38, 30, 4.75, 1
7670, 30783, 11, 0, 30910, 30924, 141, 130, 12.82, 1
7671, 30787, 2, 0, 30788, 30789, 2, 0, 1.00, 1
7672, 30789, 3, 0, 30790, 30792, 3, 0, 1.00, 1
7673, 30791, 4, 0, 30798, 30804, 13, 9, 3.25, 1
7674, 30792, 12, 0, 31025, 31036, 244, 232, 20.33, 1
7675, 30796, 1, 0, 30797, 30797, 1, 0, 1.00, 1
7676, 30799, 3, 0, 30800, 30802, 3, 0, 1.00, 1
7677, 30800, 3, 0, 30805, 30807, 7, 4, 2.33, 1
7678, 30807, 4, 0, 30808, 30811, 4, 0, 1.00, 1
7679, 30811, 1, 0, 30812, 30812, 1, 0, 1.00, 1
7680, 30820, 12, 0, 31037, 31051, 231, 219, 19.25, 1
7681, 30823, 7, 0, 30824, 30831, 8, 1, 1.14, 1
7682, 30824, 1, 0, 30825, 30825, 1, 0, 1.00, 1
7683, 30826, 9, 0, 30849, 30862, 36, 27, 4.00, 1
7684, 30833, 2, 0, 30834, 30835, 2, 0, 1.00, 1
7685, 30834, 4, 0, 30838, 30842, 8, 4, 2.00, 1
7686, 30835, 2, 0, 30836, 30837, 2, 0, 1.00, 1
7687, 30838, 1, 0, 30839, 30839, 1, 0, 1.00, 1
7688, 30844, 1, 0, 30845, 30845, 1, 0, 1.00, 1
7689, 30849, 9, 0, 30873, 30881, 32, 23, 3.56, 1
7690, 30850, 3, 0, 30851, 30853, 3, 0, 1.00, 1
7691, 30854, 2, 0, 30855, 30856, 2, 0, 1.00, 1
7692, 30862, 3, 0, 30863, 30865, 3, 0, 1.00, 1
7693, 30864, 7, 0, 30866, 30872, 8, 1, 1.14, 1
7694, 30884, 16, 0, 43502, 43517, 12633, 12617, 789.56, 1
7695, 30886, 4, 0, 30887, 30893, 7, 3, 1.75, 1
7696, 30887, 12, 0, 31055, 31075, 188, 176, 15.67, 1
7697, 30888, 3, 0, 30889, 30891, 3, 0, 1.00, 1
7698, 30894, 3, 0, 30895, 30899, 5, 2, 1.67, 1
7699, 30896, 2, 0, 30897, 30898, 2, 0, 1.00, 1
7700, 30901, 1, 0, 30902, 30902, 1, 0, 1.00, 1
7701, 30905, 4, 0, 30906, 30909, 4, 0, 1.00, 1
7702, 30917, 6, 0, 30918, 30928, 11, 5, 1.83, 1
7703, 30919, 2, 0, 30920, 30921, 2, 0, 1.00, 1
7704, 30920, 6, 0, 30929, 30937, 17, 11, 2.83, 1
7705, 30925, 6, 0, 30939, 30944, 19, 13, 3.17, 1
7706, 30931, 3, 0, 30932, 30934, 3, 0, 1.00, 1
7707, 30937, 1, 0, 30938, 30938, 1, 0, 1.00, 1
7708, 30943, 6, 0, 30945, 30950, 7, 1, 1.17, 1
7709, 30950, 4, 0, 30951, 30958, 8, 4, 2.00, 1
7710, 30952, 3, 0, 30953, 30955, 3, 0, 1.00, 1
7711, 30955, 1, 0, 30956, 30956, 1, 0, 1.00, 1
7712, 30962, 7, 0, 30963, 30977, 15, 8, 2.14, 1
7713, 30963, 6, 0, 30964, 30969, 6, 0, 1.00, 1
7714, 30972, 2, 0, 30973, 30974, 2, 0, 1.00, 1
7715, 30976, 18, 0, 45350, 45367, 14391, 14373, 799.50, 1
7716, 30977, 3, 0, 30978, 30980, 3, 0, 1.00, 1
7717, 30980, 10, 0, 31011, 31024, 44, 34, 4.40, 1
7718, 30983, 4, 0, 30984, 30990, 7, 3, 1.75, 1
7719, 30986, 3, 0, 30987, 30989, 3, 0, 1.00, 1
7720, 30992, 8, 0, 30993, 31008, 16, 8, 2.00, 1
7721, 30993, 1, 0, 30994, 30994, 1, 0, 1.00, 1
7722, 30994, 2, 0, 30995, 30996, 2, 0, 1.00, 1
7723, 30997, 2, 0, 30998, 30999, 2, 0, 1.00, 1
7724, 31008, 2, 0, 31009, 31010, 2, 0, 1.00, 1
7725, 31017, 4, 0, 31018, 31021, 4, 0, 1.00, 1
7726, 31038, 2, 0, 31039, 31040, 2, 0, 1.00, 1
7727, 31043, 1, 0, 31044, 31044, 1, 0, 1.00, 1
7728, 31051, 3, 0, 31052, 31054, 3, 0, 1.00, 1
7729, 31063, 9, 0, 31064, 31072, 9, 0, 1.00, 1
7730, 31090, 1, 0, 31091, 31091, 1, 0, 1.00, 1
7731, 31094, 5, 0, 31095, 31099, 5, 0, 1.00, 1
7732, 31101, 8, 0, 31102, 31117, 16, 8, 2.00, 1
7733, 31106, 2, 0, 31107, 31108, 2, 0, 1.00, 1
7734, 31107, 6, 0, 31126, 31131, 24, 18, 4.00, 1
7735, 31110, 6, 0, 31111, 31116, 6, 0, 1.00, 1
7736, 31117, 14, 0, 41106, 41119, 10002, 9988, 714.43, 1
7737, 31119, 2, 0, 31120, 31121, 2, 0, 1.00, 1
7738, 31139, 4, 0, 31140, 31146, 7, 3, 1.75, 1
7739, 31140, 3, 0, 31141, 31143, 3, 0, 1.00, 1
7740, 31141, 5, 0, 31174, 31183, 42, 37, 8.40, 1
7741, 31143, 7, 0, 31209, 31222, 79, 72, 11.29, 1
7742, 31146, 7, 0, 31239, 31252, 106, 99, 15.14, 1
7743, 31149, 9, 0, 31150, 31173, 24, 15, 2.67, 1
7744, 31154, 8, 0, 31155, 31261, 107, 99, 13.38, 1
7745, 31155, 6, 0, 31156, 31161, 6, 0, 1.00, 1
7746, 31156, 8, 0, 31270, 31278, 122, 114, 15.25, 1
7747, 31160, 11, 0, 31515, 31538, 378, 367, 34.36, 1
7748, 31166, 8, 0, 31167, 31269, 103, 95, 12.88, 1
7749, 31167, 5, 0, 31168, 31172, 5, 0, 1.00, 1
7750, 31173, 18, 0, 45368, 45385, 14212, 14194, 789.56, 1
7751, 31176, 2, 0, 31177, 31178, 2, 0, 1.00, 1
7752, 31177, 4, 0, 31187, 31191, 14, 10, 3.50, 1
7753, 31179, 3, 0, 31180, 31182, 3, 0, 1.00, 1
7754, 31181, 3, 0, 31184, 31186, 5, 2, 1.67, 1
7755, 31182, 4, 0, 31195, 31198, 16, 12, 4.00, 1
7756, 31187, 1, 0, 31188, 31188, 1, 0, 1.00, 1
7757, 31189, 5, 0, 31199, 31203, 14, 9, 2.80, 1
7758, 31191, 3, 0, 31192, 31194, 3, 0, 1.00, 1
7759, 31195, 14, 0, 41120, 41133, 9938, 9924, 709.86, 1
7760, 31196, 5, 0, 31204, 31208, 12, 7, 2.40, 1
7761, 31202, 8, 0, 31287, 31299, 97, 89, 12.12, 1
7762, 31209, 1, 0, 31210, 31210, 1, 0, 1.00, 1
7763, 31211, 6, 0, 31212, 31217, 6, 0, 1.00, 1
7764, 31214, 6, 0, 31223, 31233, 19, 13, 3.17, 1
7765, 31219, 8, 0, 31300, 31320, 101, 93, 12.62, 1
7766, 31226, 3, 0, 31227, 31230, 4, 1, 1.33, 1
7767, 31228, 1, 0, 31229, 31229, 1, 0, 1.00, 1
7768, 31230, 1, 0, 31231, 31231, 1, 0, 1.00, 1
7769, 31231, 5, 0, 31234, 31238, 7, 2, 1.40, 1
7770, 31241, 4, 0, 31242, 31246, 5, 1, 1.25, 1
7771, 31242, 1, 0, 31243, 31243, 1, 0, 1.00, 1
7772, 31249, 2, 0, 31250, 31251, 2, 0, 1.00, 1
7773, 31253, 2, 0, 31254, 31255, 2, 0, 1.00, 1
7774, 31264, 1, 0, 31265, 31265, 1, 0, 1.00, 1
7775, 31272, 14, 0, 41134, 41147, 9875, 9861, 705.36, 1
7776, 31275, 1, 0, 31276, 31276, 1, 0, 1.00, 1
7777, 31278, 3, 0, 31279, 31284, 6, 3, 2.00, 1
7778, 31280, 2, 0, 31281, 31282, 2, 0, 1.00, 1
7779, 31281, 2, 0, 31285, 31286, 5, 3, 2.50, 1
7780, 31282, 1, 0, 31283, 31283, 1, 0, 1.00, 1
7781, 31291, 4, 0, 31292, 31296, 5, 1, 1.25, 1
7782, 31293, 1, 0, 31294, 31294, 1, 0, 1.00, 1
7783, 31301, 4, 0, 31302, 31305, 4, 0, 1.00, 1
7784, 31304, 9, 0, 31474, 31487, 183, 174, 20.33, 1
7785, 31306, 6, 0, 31307, 31313, 7, 1, 1.17, 1
7786, 31308, 1, 0, 31309, 31309, 1, 0, 1.00, 1
7787, 31313, 2, 0, 31314, 31315, 2, 0, 1.00, 1
7788, 31314, 5, 0, 31324, 31332, 18, 13, 3.60, 1
7789, 31320, 3, 0, 31321, 31323, 3, 0, 1.00, 1
7790, 31322, 6, 0, 31348, 31358, 36, 30, 6.00, 1
7791, 31326, 4, 0, 31327, 31335, 9, 5, 2.25, 1
7792, 31327, 3, 0, 31328, 31330, 3, 0, 1.00, 1
7793, 31334, 4, 0, 31336, 31344, 10, 6, 2.50, 1
7794, 31336, 3, 0, 31337, 31339, 3, 0, 1.00, 1
7795, 31338, 6, 0, 31372, 31383, 45, 39, 7.50, 1
7796, 31340, 1, 0, 31341, 31341, 1, 0, 1.00, 1
7797, 31341, 3, 0, 31345, 31347, 6, 3, 2.00, 1
7798, 31342, 1, 0, 31343, 31343, 1, 0, 1.00, 1
7799, 31349, 4, 0, 31350, 31353, 4, 0, 1.00, 1
7800, 31350, 13, 0, 32629, 32968, 1618, 1605, 124.46, 1
7801, 31351, 4, 0, 31359, 31362, 11, 7, 2.75, 1
7802, 31355, 1, 0, 31356, 31356, 1, 0, 1.00, 1
7803, 31362, 1, 0, 31363, 31363, 1, 0, 1.00, 1
7804, 31363, 3, 0, 31364, 31367, 4, 1, 1.33, 1
7805, 31364, 1, 0, 31365, 31365, 1, 0, 1.00, 1
7806, 31365, 3, 0, 31368, 31371, 6, 3, 2.00, 1
7807, 31368, 1, 0, 31369, 31369, 1, 0, 1.00, 1
7808, 31372, 7, 0, 31435, 31445, 73, 66, 10.43, 1
7809, 31373, 5, 0, 31374, 31389, 16, 11, 3.20, 1
7810, 31374, 2, 0, 31375, 31376, 2, 0, 1.00, 1
7811, 31377, 3, 0, 31378, 31380, 3, 0, 1.00, 1
7812, 31378, 6, 0, 31400, 31405, 27, 21, 4.50, 1
7813, 31383, 1, 0, 31384, 31384, 1, 0, 1.00, 1
7814, 31384, 1, 0, 31385, 31385, 1, 0, 1.00, 1
7815, 31385, 5, 0, 31390, 31397, 12, 7, 2.40, 1
7816, 31391, 3, 0, 31392, 31394, 3, 0, 1.00, 1
7817, 31395, 10, 0, 31488, 31506, 111, 101, 11.10, 1
7818, 31396, 6, 0, 31414, 31422, 26, 20, 4.33, 1
7819, 31397, 2, 0, 31398, 31399, 2, 0, 1.00, 1
7820, 31398, 8, 0, 31446, 31453, 55, 47, 6.88, 1
7821, 31405, 2, 0, 31406, 31408, 3, 1, 1.50, 1
7822, 31406, 1, 0, 31407, 31407, 1, 0, 1.00, 1
7823, 31408, 4, 0, 31409, 31413, 5, 1, 1.25, 1
7824, 31409, 6, 0, 31425, 31431, 22, 16, 3.67, 1
7825, 31410, 1, 0, 31411, 31411, 1, 0, 1.00, 1
7826, 31414, 1, 0, 31415, 31415, 1, 0, 1.00, 1
7827, 31418, 2, 0, 31419, 31420, 2, 0, 1.00, 1
7828, 31420, 8, 0, 31455, 31462, 42, 34, 5.25, 1
7829, 31422, 2, 0, 31423, 31424, 2, 0, 1.00, 1
7830, 31425, 1, 0, 31426, 31426, 1, 0, 1.00, 1
7831, 31427, 13, 0, 33019, 33092, 1665, 1652, 128.08, 1
7832, 31431, 1, 0, 31432, 31432, 1, 0, 1.00, 1
7833, 31432, 2, 0, 31433, 31434, 2, 0, 1.00, 1
7834, 31437, 4, 0, 31438, 31441, 4, 0, 1.00, 1
7835, 31451, 8, 0, 31463, 31471, 20, 12, 2.50, 1
7836, 31453, 1, 0, 31454, 31454, 1, 0, 1.00, 1
7837, 31458, 11, 0, 31539, 31559, 101, 90, 9.18, 1
7838, 31464, 1, 0, 31465, 31465, 1, 0, 1.00, 1
7839, 31471, 2, 0, 31472, 31473, 2, 0, 1.00, 1
7840, 31472, 11, 0, 31613, 31625, 153, 142, 13.91, 1
7841, 31475, 2, 0, 31476, 31477, 2, 0, 1.00, 1
7842, 31477, 1, 0, 31478, 31478, 1, 0, 1.00, 1
7843, 31481, 12, 0, 31715, 31730, 249, 237, 20.75, 1
7844, 31482, 2, 0, 31483, 31484, 2, 0, 1.00, 1
7845, 31489, 3, 0, 31490, 31493, 4, 1, 1.33, 1
7846, 31490, 1, 0, 31491, 31491, 1, 0, 1.00, 1
7847, 31494, 3, 0, 31495, 31497, 3, 0, 1.00, 1
7848, 31502, 2, 0, 31503, 31504, 2, 0, 1.00, 1
7849, 31503, 3, 0, 31507, 31511, 8, 5, 2.67, 1
7850, 31507, 1, 0, 31508, 31508, 1, 0, 1.00, 1
7851, 31509, 1, 0, 31510, 31510, 1, 0, 1.00, 1
7852, 31511, 3, 0, 31512, 31514, 3, 0, 1.00, 1
7853, 31517, 3, 0, 31518, 31520, 3, 0, 1.00, 1
7854, 31518, 3, 0, 31521, 31523, 5, 2, 1.67, 1
7855, 31520, 5, 0, 31524, 31528, 8, 3, 1.60, 1
7856, 31531, 1, 0, 31532, 31532, 1, 0, 1.00, 1
7857, 31534, 1, 0, 31535, 31535, 1, 0, 1.00, 1
7858, 31539, 3, 0, 31540, 31542, 3, 0, 1.00, 1
7859, 31540, 4, 0, 31543, 31546, 6, 2, 1.50, 1
7860, 31550, 3, 0, 31551, 31553, 3, 0, 1.00, 1
7861, 31554, 14, 0, 41148, 41161, 9607, 9593, 686.21, 1
7862, 31556, 13, 0, 35182, 35255, 3699, 3686, 284.54, 1
7863, 31559, 8, 0, 31560, 31579, 20, 12, 2.50, 1
7864, 31561, 6, 0, 31562, 31567, 6, 0, 1.00, 1
7865, 31563, 12, 0, 31731, 31757, 194, 182, 16.17, 1
7866, 31569, 1, 0, 31570, 31570, 1, 0, 1.00, 1
7867, 31573, 5, 0, 31574, 31578, 5, 0, 1.00, 1
7868, 31576, 10, 0, 31580, 31595, 19, 9, 1.90, 1
7869, 31577, 23, 0, 47672, 47694, 16117, 16094, 700.74, 1
7870, 31582, 16, 0, 43518, 43533, 11951, 11935, 746.94, 1
7871, 31585, 4, 0, 31586, 31589, 4, 0, 1.00, 1
7872, 31590, 2, 0, 31591, 31592, 2, 0, 1.00, 1
7873, 31591, 5, 0, 31596, 31600, 9, 4, 1.80, 1
7874, 31597, 6, 0, 31601, 31612, 15, 9, 2.50, 1
7875, 31601, 5, 0, 31602, 31606, 5, 0, 1.00, 1
7876, 31606, 1, 0, 31607, 31607, 1, 0, 1.00, 1
7877, 31616, 1, 0, 31617, 31617, 1, 0, 1.00, 1
7878, 31621, 1, 0, 31622, 31622, 1, 0, 1.00, 1
7879, 31622, 3, 0, 31627, 31629, 7, 4, 2.33, 1
7880, 31624, 15, 0, 42343, 42357, 10733, 10718, 715.53, 1
7881, 31625, 1, 0, 31626, 31626, 1, 0, 1.00, 1
7882, 31628, 3, 0, 31630, 31633, 5, 2, 1.67, 1
7883, 31631, 1, 0, 31632, 31632, 1, 0, 1.00, 1
7884, 31632, 8, 0, 31640, 31647, 15, 7, 1.88, 1
7885, 31633, 4, 0, 31634, 31639, 6, 2, 1.50, 1
7886, 31634, 1, 0, 31635, 31635, 1, 0, 1.00, 1
7887, 31637, 1, 0, 31638, 31638, 1, 0, 1.00, 1
7888, 31638, 10, 0, 31648, 31692, 54, 44, 5.40, 1
7889, 31641, 11, 0, 31703, 31714, 73, 62, 6.64, 1
7890, 31648, 8, 0, 31649, 31658, 10, 2, 1.25, 1
7891, 31650, 2, 0, 31651, 31652, 2, 0, 1.00, 1
7892, 31651, 8, 0, 31659, 31671, 20, 12, 2.50, 1
7893, 31662, 2, 0, 31663, 31664, 2, 0, 1.00, 1
7894, 31663, 2, 0, 31665, 31666, 3, 1, 1.50, 1
7895, 31667, 1, 0, 31668, 31668, 1, 0, 1.00, 1
7896, 31671, 2, 0, 31672, 31673, 2, 0, 1.00, 1
7897, 31674, 1, 0, 31675, 31675, 1, 0, 1.00, 1
7898, 31676, 3, 0, 31677, 31679, 3, 0, 1.00, 1
7899, 31680, 6, 0, 31681, 31686, 6, 0, 1.00, 1
7900, 31692, 10, 0, 31693, 31702, 10, 0, 1.00, 1
7901, 31704, 1, 0, 31705, 31705, 1, 0, 1.00, 1
7902, 31716, 2, 0, 31717, 31718, 2, 0, 1.00, 1
7903, 31724, 2, 0, 31725, 31726, 2, 0, 1.00, 1
7904, 31737, 7, 0, 31738, 31744, 7, 0, 1.00, 1
7905, 31745, 3, 0, 31746, 31748, 3, 0, 1.00, 1
7906, 31750, 1, 0, 31751, 31751, 1, 0, 1.00, 1
7907, 31752, 4, 0, 31753, 31756, 4, 0, 1.00, 1
7908, 31754, 7, 0, 31771, 31789, 35, 28, 5.00, 1
7909, 31756, 4, 0, 31758, 31762, 6, 2, 1.50, 1
7910, 31759, 1, 0, 31760, 31760, 1, 0, 1.00, 1
7911, 31761, 5, 0, 31763, 31767, 6, 1, 1.20, 1
7912, 31763, 7, 0, 31790, 31796, 33, 26, 4.71, 1
7913, 31767, 3, 0, 31768, 31770, 3, 0, 1.00, 1
7914, 31774, 6, 0, 31775, 31786, 12, 6, 2.00, 1
7915, 31775, 21, 0, 46991, 47011, 15236, 15215, 725.52, 1
7916, 31778, 5, 0, 31779, 31783, 5, 0, 1.00, 1
7917, 31783, 1, 0, 31784, 31784, 1, 0, 1.00, 1
7918, 31793, 8, 0, 31797, 31810, 17, 9, 2.12, 1
7919, 31796, 12, 0, 31837, 31857, 61, 49, 5.08, 1
7920, 31801, 4, 0, 31802, 31805, 4, 0, 1.00, 1
7921, 31803, 9, 0, 31814, 31836, 33, 24, 3.67, 1
7922, 31805, 2, 0, 31806, 31807, 2, 0, 1.00, 1
7923, 31809, 19, 0, 46062, 46080, 14271, 14252, 751.11, 1
7924, 31810, 3, 0, 31811, 31813, 3, 0, 1.00, 1
7925, 31814, 6, 0, 31815, 31824, 10, 4, 1.67, 1
7926, 31819, 4, 0, 31820, 31823, 4, 0, 1.00, 1
7927, 31827, 3, 0, 31828, 31830, 3, 0, 1.00, 1
7928, 31834, 1, 0, 31835, 31835, 1, 0, 1.00, 1
7929, 31837, 25, 0, 48300, 48324, 16487, 16462, 659.48, 1
7930, 31839, 2, 0, 31840, 31841, 2, 0, 1.00, 1
7931, 31848, 6, 0, 31849, 31864, 16, 10, 2.67, 1
7932, 31851, 1, 0, 31852, 31852, 1, 0, 1.00, 1
7933, 31852, 3, 0, 31865, 31867, 15, 12, 5.00, 1
7934, 31853, 3, 0, 31854, 31856, 3, 0, 1.00, 1
7935, 31854, 7, 0, 31875, 31885, 31, 24, 4.43, 1
7936, 31855, 3, 0, 31868, 31870, 15, 12, 5.00, 1
7937, 31856, 4, 0, 31871, 31874, 18, 14, 4.50, 1
7938, 31858, 4, 0, 31859, 31862, 4, 0, 1.00, 1
7939, 31877, 2, 0, 31878, 31879, 2, 0, 1.00, 1
7940, 31880, 4, 0, 31881, 31890, 10, 6, 2.50, 1
7941, 31881, 1, 0, 31882, 31882, 1, 0, 1.00, 1
7942, 31886, 2, 0, 31887, 31888, 2, 0, 1.00, 1
7943, 31896, 3, 0, 31897, 31899, 3, 0, 1.00, 1
7944, 31901, 10, 0, 31902, 31922, 21, 11, 2.10, 1
7945, 31903, 4, 0, 31904, 31907, 4, 0, 1.00, 1
7946, 31906, 27, 0, 48613, 48639, 16733, 16706, 619.74, 1
7947, 31914, 10, 0, 31926, 31958, 44, 34, 4.40, 1
7948, 31917, 2, 0, 31918, 31919, 2, 0, 1.00, 1
7949, 31922, 2, 0, 31923, 31925, 3, 1, 1.50, 1
7950, 31923, 1, 0, 31924, 31924, 1, 0, 1.00, 1
7951, 31927, 4, 0, 31928, 31931, 4, 0, 1.00, 1
7952, 31931, 6, 0, 31932, 31939, 8, 2, 1.33, 1
7953, 31934, 2, 0, 31935, 31936, 2, 0, 1.00, 1
7954, 31935, 5, 0, 31940, 31944, 9, 4, 1.80, 1
7955, 31949, 2, 0, 31950, 31951, 2, 0, 1.00, 1
7956, 31953, 4, 0, 31954, 31957, 4, 0, 1.00, 1
7957, 31960, 7, 0, 31961, 31973, 13, 6, 1.86, 1
7958, 31961, 1, 0, 31962, 31962, 1, 0, 1.00, 1
7959, 31964, 3, 0, 31965, 31967, 3, 0, 1.00, 1
7960, 31970, 2, 0, 31971, 31972, 2, 0, 1.00, 1
7961, 31973, 7, 0, 31974, 31980, 7, 0, 1.00, 1
7962, 31975, 10, 0, 31981, 31991, 16, 6, 1.60, 1
7963, 31986, 1, 0, 31987, 31987, 1, 0, 1.00, 1
7964, 31992, 4, 0, 31993, 31996, 4, 0, 1.00, 1
7965, 31997, 2, 0, 31998, 31999, 2, 0, 1.00, 1
7966, 31998, 3, 0, 32000, 32002, 4, 1, 1.33, 1
7967, 32001, 4, 0, 32003, 32006, 5, 1, 1.25, 1
7968, 32004, 9, 0, 32044, 32060, 56, 47, 6.22, 1
7969, 32006, 5, 0, 32007, 32013, 7, 2, 1.40, 1
7970, 32008, 2, 0, 32009, 32010, 2, 0, 1.00, 1
7971, 32013, 2, 0, 32014, 32015, 2, 0, 1.00, 1
7972, 32019, 8, 0, 32020, 32043, 24, 16, 3.00, 1
7973, 32020, 3, 0, 32021, 32025, 5, 2, 1.67, 1
7974, 32022, 2, 0, 32023, 32024, 2, 0, 1.00, 1
7975, 32028, 1, 0, 32029, 32029, 1, 0, 1.00, 1
7976, 32032, 5, 0, 32033, 32037, 5, 0, 1.00, 1
7977, 32033, 10, 0, 32061, 32097, 64, 54, 6.40, 1
7978, 32047, 8, 0, 32048, 32055, 8, 0, 1.00, 1
7979, 32058, 11, 0, 32130, 32150, 92, 81, 8.36, 1
7980, 32060, 11, 0, 32201, 32213, 153, 142, 13.91, 1
7981, 32062, 3, 0, 32063, 32065, 3, 0, 1.00, 1
7982, 32064, 8, 0, 32122, 32129, 65, 57, 8.12, 1
7983, 32066, 3, 0, 32067, 32069, 3, 0, 1.00, 1
7984, 32069, 5, 0, 32070, 32077, 8, 3, 1.60, 1
7985, 32071, 1, 0, 32072, 32072, 1, 0, 1.00, 1
7986, 32072, 2, 0, 32073, 32074, 2, 0, 1.00, 1
7987, 32078, 1, 0, 32079, 32079, 1, 0, 1.00, 1
7988, 32079, 2, 0, 32080, 32081, 2, 0, 1.00, 1
7989, 32082, 1, 0, 32083, 32083, 1, 0, 1.00, 1
7990, 32083, 6, 0, 32106, 32114, 31, 25, 5.17, 1
7991, 32085, 3, 0, 32086, 32088, 3, 0, 1.00, 1
7992, 32086, 7, 0, 32115, 32121, 35, 28, 5.00, 1
7993, 32089, 4, 0, 32090, 32093, 4, 0, 1.00, 1
7994, 32092, 4, 0, 32100, 32104, 12, 8, 3.00, 1
7995, 32094, 2, 0, 32095, 32098, 4, 2, 2.00, 1
7996, 32095, 1, 0, 32096, 32096, 1, 0, 1.00, 1
7997, 32096, 1, 0, 32099, 32099, 3, 2, 3.00, 1
7998, 32100, 1, 0, 32101, 32101, 1, 0, 1.00, 1
7999, 32104, 1, 0, 32105, 32105, 1, 0, 1.00, 1
8000, 32107, 3, 0, 32108, 32110, 3, 0, 1.00, 1
8001, 32132, 3, 0, 32133, 32135, 3, 0, 1.00, 1
8002, 32138, 11, 0, 32214, 32245, 107, 96, 9.73, 1
8003, 32139, 1, 0, 32140, 32140, 1, 0, 1.00, 1
8004, 32141, 9, 0, 32142, 32165, 24, 15, 2.67, 1
8005, 32144, 3, 0, 32145, 32147, 3, 0, 1.00, 1
8006, 32146, 3, 0, 32151, 32154, 8, 5, 2.67, 1
8007, 32147, 17, 0, 44303, 44319, 12172, 12155, 716.00, 1
8008, 32151, 1, 0, 32152, 32152, 1, 0, 1.00, 1
8009, 32158, 8, 0, 32159, 32172, 14, 6, 1.75, 1
8010, 32159, 4, 0, 32160, 32163, 4, 0, 1.00, 1
8011, 32172, 2, 0, 32173, 32174, 2, 0, 1.00, 1
8012, 32173, 2, 0, 32175, 32176, 3, 1, 1.50, 1
8013, 32175, 9, 0, 32177, 32191, 16, 7, 1.78, 1
8014, 32177, 3, 0, 32178, 32180, 3, 0, 1.00, 1
8015, 32179, 9, 0, 32192, 32200, 21, 12, 2.33, 1
8016, 32183, 3, 0, 32184, 32186, 3, 0, 1.00, 1
8017, 32188, 16, 0, 43534, 43549, 11361, 11345, 710.06, 1
8018, 32203, 2, 0, 32204, 32205, 2, 0, 1.00, 1
8019, 32213, 15, 0, 42358, 42372, 10159, 10144, 677.27, 1
8020, 32220, 9, 0, 32221, 32234, 14, 5, 1.56, 1
8021, 32226, 3, 0, 32227, 32229, 3, 0, 1.00, 1
8022, 32227, 6, 0, 32251, 32257, 30, 24, 5.00, 1
8023, 32229, 2, 0, 32230, 32231, 2, 0, 1.00, 1
8024, 32234, 3, 0, 32235, 32237, 3, 0, 1.00, 1
8025, 32237, 9, 0, 32339, 32365, 128, 119, 14.22, 1
8026, 32240, 4, 0, 32241, 32247, 7, 3, 1.75, 1
8027, 32241, 6, 0, 32262, 32267, 26, 20, 4.33, 1
8028, 32242, 2, 0, 32243, 32244, 2, 0, 1.00, 1
8029, 32243, 3, 0, 32248, 32250, 7, 4, 2.33, 1
8030, 32247, 7, 0, 32268, 32279, 32, 25, 4.57, 1
8031, 32248, 8, 0, 32329, 32338, 90, 82, 11.25, 1
8032, 32253, 1, 0, 32254, 32254, 1, 0, 1.00, 1
8033, 32254, 3, 0, 32258, 32261, 7, 4, 2.33, 1
8034, 32256, 7, 0, 32322, 32328, 72, 65, 10.29, 1
8035, 32259, 1, 0, 32260, 32260, 1, 0, 1.00, 1
8036, 32270, 5, 0, 32271, 32275, 5, 0, 1.00, 1
8037, 32273, 5, 0, 32280, 32288, 15, 10, 3.00, 1
8038, 32274, 5, 0, 32289, 32298, 24, 19, 4.80, 1
8039, 32275, 5, 0, 32300, 32309, 34, 29, 6.80, 1
8040, 32280, 5, 0, 32312, 32316, 36, 31, 7.20, 1
8041, 32282, 4, 0, 32283, 32286, 4, 0, 1.00, 1
8042, 32288, 5, 0, 32317, 32321, 33, 28, 6.60, 1
8043, 32291, 9, 0, 32458, 32474, 183, 174, 20.33, 1
8044, 32292, 4, 0, 32293, 32299, 7, 3, 1.75, 1
8045, 32295, 2, 0, 32296, 32297, 2, 0, 1.00, 1
8046, 32299, 15, 0, 42373, 42387, 10088, 10073, 672.53, 1
8047, 32303, 4, 0, 32304, 32311, 8, 4, 2.00, 1
8048, 32305, 3, 0, 32306, 32308, 3, 0, 1.00, 1
8049, 32332, 2, 0, 32333, 32334, 2, 0, 1.00, 1
8050, 32342, 6, 0, 32343, 32353, 11, 5, 1.83, 1
8051, 32344, 19, 0, 46081, 46099, 13755, 13736, 723.95, 1
8052, 32346, 5, 0, 32347, 32351, 5, 0, 1.00, 1
8053, 32347, 8, 0, 32408, 32418, 71, 63, 8.88, 1
8054, 32355, 5, 0, 32356, 32368, 13, 8, 2.60, 1
8055, 32357, 4, 0, 32358, 32362, 5, 1, 1.25, 1
8056, 32360, 1, 0, 32361, 32361, 1, 0, 1.00, 1
8057, 32361, 4, 0, 32369, 32375, 14, 10, 3.50, 1
8058, 32370, 3, 0, 32371, 32373, 3, 0, 1.00, 1
8059, 32371, 5, 0, 32389, 32393, 22, 17, 4.40, 1
8060, 32374, 4, 0, 32378, 32385, 11, 7, 2.75, 1
8061, 32375, 2, 0, 32376, 32377, 2, 0, 1.00, 1
8062, 32378, 6, 0, 32394, 32400, 22, 16, 3.67, 1
8063, 32379, 1, 0, 32380, 32380, 1, 0, 1.00, 1
8064, 32380, 1, 0, 32381, 32381, 1, 0, 1.00, 1
8065, 32381, 3, 0, 32386, 32388, 7, 4, 2.33, 1
8066, 32382, 2, 0, 32383, 32384, 2, 0, 1.00, 1
8067, 32392, 8, 0, 32424, 32435, 43, 35, 5.38, 1
8068, 32394, 10, 0, 32538, 32550, 156, 146, 15.60, 1
8069, 32395, 1, 0, 32396, 32396, 1, 0, 1.00, 1
8070, 32397, 7, 0, 32401, 32407, 10, 3, 1.43, 1
8071, 32399, 8, 0, 32443, 32451, 52, 44, 6.50, 1
8072, 32409, 3, 0, 32410, 32412, 3, 0, 1.00, 1
8073, 32416, 20, 0, 46474, 46493, 14077, 14057, 703.85, 1
8074, 32418, 5, 0, 32419, 32423, 5, 0, 1.00, 1
8075, 32425, 4, 0, 32426, 32429, 4, 0, 1.00, 1
8076, 32429, 12, 0, 32579, 32598, 169, 157, 14.08, 1
8077, 32432, 9, 0, 32480, 32491, 59, 50, 6.56, 1
8078, 32435, 3, 0, 32436, 32438, 3, 0, 1.00, 1
8079, 32436, 4, 0, 32439, 32442, 6, 2, 1.50, 1
8080, 32447, 1, 0, 32448, 32448, 1, 0, 1.00, 1
8081, 32451, 5, 0, 32452, 32457, 6, 1, 1.20, 1
8082, 32454, 1, 0, 32455, 32455, 1, 0, 1.00, 1
8083, 32460, 2, 0, 32461, 32462, 2, 0, 1.00, 1
8084, 32461, 2, 0, 32463, 32464, 3, 1, 1.50, 1
8085, 32464, 9, 0, 32517, 32526, 62, 53, 6.89, 1
8086, 32467, 12, 0, 32600, 32612, 145, 133, 12.08, 1
8087, 32468, 3, 0, 32469, 32471, 3, 0, 1.00, 1
8088, 32469, 3, 0, 32475, 32477, 8, 5, 2.67, 1
8089, 32472, 1, 0, 32473, 32473, 1, 0, 1.00, 1
8090, 32477, 2, 0, 32478, 32479, 2, 0, 1.00, 1
8091, 32479, 11, 0, 32561, 32578, 99, 88, 9.00, 1
8092, 32485, 6, 0, 32486, 32496, 11, 5, 1.83, 1
8093, 32486, 2, 0, 32487, 32488, 2, 0, 1.00, 1
8094, 32488, 5, 0, 32497, 32503, 15, 10, 3.00, 1
8095, 32491, 13, 0, 36161, 36364, 3873, 3860, 297.92, 1
8096, 32493, 8, 0, 32509, 32516, 23, 15, 2.88, 1
8097, 32500, 2, 0, 32501, 32502, 2, 0, 1.00, 1
8098, 32503, 5, 0, 32504, 32508, 5, 0, 1.00, 1
8099, 32517, 1, 0, 32518, 32518, 1, 0, 1.00, 1
8100, 32522, 9, 0, 32527, 32535, 13, 4, 1.44, 1
8101, 32535, 2, 0, 32536, 32537, 2, 0, 1.00, 1
8102, 32538, 3, 0, 32539, 32541, 3, 0, 1.00, 1
8103, 32541, 10, 0, 32551, 32560, 19, 9, 1.90, 1
8104, 32566, 5, 0, 32567, 32571, 5, 0, 1.00, 1
8105, 32568, 17, 0, 44320, 44336, 11768, 11751, 692.24, 1
8106, 32575, 2, 0, 32576, 32577, 2, 0, 1.00, 1
8107, 32579, 2, 0, 32580, 32581, 2, 0, 1.00, 1
8108, 32585, 2, 0, 32586, 32587, 2, 0, 1.00, 1
8109, 32588, 1, 0, 32589, 32589, 1, 0, 1.00, 1
8110, 32592, 3, 0, 32593, 32595, 3, 0, 1.00, 1
8111, 32598, 1, 0, 32599, 32599, 1, 0, 1.00, 1
8112, 32608, 1, 0, 32609, 32609, 1, 0, 1.00, 1
8113, 32618, 1, 0, 32619, 32619, 1, 0, 1.00, 1
8114, 32625, 2, 0, 32626, 32627, 2, 0, 1.00, 1
8115, 32629, 2, 0, 32630, 32631, 2, 0, 1.00, 1
8116, 32630, 9, 0, 32632, 32648, 18, 9, 2.00, 1
8117, 32632, 2, 0, 32633, 32634, 2, 0, 1.00, 1
8118, 32634, 2, 0, 32635, 32636, 2, 0, 1.00, 1
8119, 32639, 3, 0, 32640, 32642, 3, 0, 1.00, 1
8120, 32640, 11, 0, 32649, 32693, 53, 42, 4.82, 1
8121, 32645, 1, 0, 32646, 32646, 1, 0, 1.00, 1
8122, 32649, 5, 0, 32650, 32654, 5, 0, 1.00, 1
8123, 32652, 8, 0, 32655, 32666, 14, 6, 1.75, 1
8124, 32660, 4, 0, 32661, 32664, 4, 0, 1.00, 1
8125, 32669, 5, 0, 32670, 32679, 10, 5, 2.00, 1
8126, 32671, 2, 0, 32672, 32673, 2, 0, 1.00, 1
8127, 32673, 4, 0, 32680, 32683, 10, 6, 2.50, 1
8128, 32675, 3, 0, 32676, 32678, 3, 0, 1.00, 1
8129, 32683, 11, 0, 32858, 32873, 190, 179, 17.27, 1
8130, 32687, 7, 0, 32688, 32721, 34, 27, 4.86, 1
8131, 32689, 1, 0, 32690, 32690, 1, 0, 1.00, 1
8132, 32690, 3, 0, 32694, 32696, 6, 3, 2.00, 1
8133, 32692, 15, 0, 42388, 42402, 9710, 9695, 647.33, 1
8134, 32698, 3, 0, 32699, 32701, 3, 0, 1.00, 1
8135, 32702, 6, 0, 32703, 32737, 35, 29, 5.83, 1
8136, 32704, 5, 0, 32705, 32711, 7, 2, 1.40, 1
8137, 32708, 2, 0, 32709, 32710, 2, 0, 1.00, 1
8138, 32709, 3, 0, 32722, 32724, 15, 12, 5.00, 1
8139, 32711, 4, 0, 32712, 32715, 4, 0, 1.00, 1
8140, 32713, 6, 0, 32742, 32753, 40, 34, 6.67, 1
8141, 32715, 3, 0, 32716, 32718, 3, 0, 1.00, 1
8142, 32718, 4, 0, 32738, 32741, 23, 19, 5.75, 1
8143, 32719, 1, 0, 32720, 32720, 1, 0, 1.00, 1
8144, 32722, 8, 0, 32772, 32782, 60, 52, 7.50, 1
8145, 32724, 1, 0, 32725, 32725, 1, 0, 1.00, 1
8146, 32725, 2, 0, 32726, 32728, 3, 1, 1.50, 1
8147, 32726, 1, 0, 32727, 32727, 1, 0, 1.00, 1
8148, 32731, 3, 0, 32732, 32734, 3, 0, 1.00, 1
8149, 32734, 2, 0, 32735, 32736, 2, 0, 1.00, 1
8150, 32741, 10, 0, 32834, 32848, 107, 97, 10.70, 1
8151, 32742, 5, 0, 32743, 32747, 5, 0, 1.00, 1
8152, 32744, 12, 0, 32992, 33004, 260, 248, 21.67, 1
8153, 32745, 5, 0, 32758, 32763, 18, 13, 3.60, 1
8154, 32747, 1, 0, 32748, 32748, 1, 0, 1.00, 1
8155, 32751, 12, 0, 33005, 33018, 267, 255, 22.25, 1
8156, 32753, 4, 0, 32754, 32757, 4, 0, 1.00, 1
8157, 32760, 1, 0, 32761, 32761, 1, 0, 1.00, 1
8158, 32762, 8, 0, 32788, 32807, 45, 37, 5.62, 1
8159, 32763, 4, 0, 32764, 32767, 4, 0, 1.00, 1
8160, 32767, 4, 0, 32768, 32771, 4, 0, 1.00, 1
8161, 32774, 1, 0, 32775, 32775, 1, 0, 1.00, 1
8162, 32775, 5, 0, 32783, 32787, 12, 7, 2.40, 1
8163, 32776, 2, 0, 32777, 32778, 2, 0, 1.00, 1
8164, 32791, 3, 0, 32792, 32794, 3, 0, 1.00, 1
8165, 32795, 2, 0, 32796, 32797, 2, 0, 1.00, 1
8166, 32798, 2, 0, 32799, 32800, 2, 0, 1.00, 1
8167, 32800, 4, 0, 32813, 32816, 16, 12, 4.00, 1
8168, 32801, 5, 0, 32802, 32808, 7, 2, 1.40, 1
8169, 32805, 1, 0, 32806, 32806, 1, 0, 1.00, 1
8170, 32806, 3, 0, 32810, 32812, 6, 3, 2.00, 1
8171, 32808, 1, 0, 32809, 32809, 1, 0, 1.00, 1
8172, 32810, 5, 0, 32822, 32826, 16, 11, 3.20, 1
8173, 32812, 4, 0, 32817, 32821, 9, 5, 2.25, 1
8174, 32813, 5, 0, 32828, 32833, 20, 15, 4.00, 1
8175, 32817, 1, 0, 32818, 32818, 1, 0, 1.00, 1
8176, 32826, 1, 0, 32827, 32827, 1, 0, 1.00, 1
8177, 32828, 1, 0, 32829, 32829, 1, 0, 1.00, 1
8178, 32838, 1, 0, 32839, 32839, 1, 0, 1.00, 1
8179, 32840, 6, 0, 32841, 32857, 17, 11, 2.83, 1
8180, 32841, 3, 0, 32842, 32844, 3, 0, 1.00, 1
8181, 32852, 4, 0, 32853, 32856, 4, 0, 1.00, 1
8182, 32859, 1, 0, 32860, 32860, 1, 0, 1.00, 1
8183, 32864, 10, 0, 32865, 32881, 17, 7, 1.70, 1
8184, 32867, 1, 0, 32868, 32868, 1, 0, 1.00, 1
8185, 32873, 1, 0, 32874, 32874, 1, 0, 1.00, 1
8186, 32883, 6, 0, 32884, 32902, 19, 13, 3.17, 1
8187, 32884, 4, 0, 32885, 32888, 4, 0, 1.00, 1
8188, 32887, 8, 0, 32912, 32923, 36, 28, 4.50, 1
8189, 32888, 2, 0, 32889, 32890, 2, 0, 1.00, 1
8190, 32889, 9, 0, 32949, 32958, 69, 60, 7.67, 1
8191, 32890, 1, 0, 32891, 32891, 1, 0, 1.00, 1
8192, 32893, 2, 0, 32894, 32895, 2, 0, 1.00, 1
8193, 32897, 4, 0, 32898, 32901, 4, 0, 1.00, 1
8194, 32899, 8, 0, 32924, 32932, 33, 25, 4.12, 1
8195, 32900, 5, 0, 32907, 32911, 11, 6, 2.20, 1
8196, 32901, 8, 0, 32933, 32948, 47, 39, 5.88, 1
8197, 32902, 4, 0, 32903, 32906, 4, 0, 1.00, 1
8198, 32916, 4, 0, 32917, 32920, 4, 0, 1.00, 1
8199, 32926, 10, 0, 32969, 32988, 62, 52, 6.20, 1
8200, 32927, 1, 0, 32928, 32928, 1, 0, 1.00, 1
8201, 32933, 1, 0, 32934, 32934, 1, 0, 1.00, 1
8202, 32938, 2, 0, 32939, 32940, 2, 0, 1.00, 1
8203, 32941, 5, 0, 32942, 32946, 5, 0, 1.00, 1
8204, 32955, 1, 0, 32956, 32956, 1, 0, 1.00, 1
8205, 32969, 2, 0, 32970, 32971, 2, 0, 1.00, 1
8206, 32974, 6, 0, 32975, 32980, 6, 0, 1.00, 1
8207, 32984, 2, 0, 32985, 32986, 2, 0, 1.00, 1
8208, 32986, 3, 0, 32989, 32991, 5, 2, 1.67, 1
8209, 32992, 1, 0, 32993, 32993, 1, 0, 1.00, 1
8210, 33013, 1, 0, 33014, 33014, 1, 0, 1.00, 1
8211, 33014, 1, 0, 33015, 33015, 1, 0, 1.00, 1
8212, 33020, 6, 0, 33021, 33032, 12, 6, 2.00, 1
8213, 33021, 3, 0, 33022, 33024, 3, 0, 1.00, 1
8214, 33023, 5, 0, 33034, 33040, 17, 12, 3.40, 1
8215, 33024, 3, 0, 33025, 33027, 3, 0, 1.00, 1
8216, 33030, 12, 0, 33543, 33556, 526, 514, 43.83, 1
8217, 33032, 1, 0, 33033, 33033, 1, 0, 1.00, 1
8218, 33037, 2, 0, 33038, 33039, 2, 0, 1.00, 1
8219, 33039, 9, 0, 33043, 33058, 19, 10, 2.11, 1
8220, 33040, 2, 0, 33041, 33042, 2, 0, 1.00, 1
8221, 33043, 3, 0, 33044, 33046, 3, 0, 1.00, 1
8222, 33045, 4, 0, 33047, 33050, 5, 1, 1.25, 1
8223, 33048, 11, 0, 33407, 33442, 394, 383, 35.82, 1
8224, 33059, 4, 0, 33060, 33063, 4, 0, 1.00, 1
8225, 33061, 12, 0, 33557, 33571, 510, 498, 42.50, 1
8226, 33063, 10, 0, 33167, 33180, 117, 107, 11.70, 1
8227, 33067, 6, 0, 33068, 33080, 13, 7, 2.17, 1
8228, 33068, 2, 0, 33069, 33070, 2, 0, 1.00, 1
8229, 33070, 3, 0, 33071, 33073, 3, 0, 1.00, 1
8230, 33073, 1, 0, 33074, 33074, 1, 0, 1.00, 1
8231, 33078, 1, 0, 33079, 33079, 1, 0, 1.00, 1
8232, 33080, 6, 0, 33107, 33120, 40, 34, 6.67, 1
8233, 33084, 4, 0, 33085, 33088, 4, 0, 1.00, 1
8234, 33088, 2, 0, 33089, 33090, 2, 0, 1.00, 1
8235, 33090, 2, 0, 33093, 33094, 4, 2, 2.00, 1
8236, 33094, 4, 0, 33095, 33098, 4, 0, 1.00, 1
8237, 33097, 10, 0, 33186, 33206, 109, 99, 10.90, 1
8238, 33098, 4, 0, 33099, 33102, 4, 0, 1.00, 1
8239, 33101, 8, 0, 33144, 33166, 65, 57, 8.12, 1
8240, 33102, 3, 0, 33103, 33105, 3, 0, 1.00, 1
8241, 33105, 1, 0, 33106, 33106, 1, 0, 1.00, 1
8242, 33109, 4, 0, 33110, 33127, 18, 14, 4.50, 1
8243, 33110, 3, 0, 33111, 33115, 5, 2, 1.67, 1
8244, 33112, 2, 0, 33113, 33114, 2, 0, 1.00, 1
8245, 33115, 3, 0, 33128, 33132, 17, 14, 5.67, 1
8246, 33116, 2, 0, 33117, 33118, 2, 0, 1.00, 1
8247, 33120, 2, 0, 33121, 33122, 2, 0, 1.00, 1
8248, 33122, 2, 0, 33123, 33124, 2, 0, 1.00, 1
8249, 33124, 6, 0, 33133, 33138, 14, 8, 2.33, 1
8250, 33128, 17, 0, 44337, 44353, 11225, 11208, 660.29, 1
8251, 33129, 2, 0, 33130, 33131, 2, 0, 1.00, 1
8252, 33135, 21, 0, 47012, 47032, 13897, 13876, 661.76, 1
8253, 33138, 3, 0, 33139, 33141, 3, 0, 1.00, 1
8254, 33141, 2, 0, 33142, 33143, 2, 0, 1.00, 1
8255, 33145, 6, 0, 33146, 33151, 6, 0, 1.00, 1
8256, 33153, 4, 0, 33154, 33159, 6, 2, 1.50, 1
8257, 33156, 2, 0, 33157, 33158, 2, 0, 1.00, 1
8258, 33157, 3, 0, 33160, 33162, 5, 2, 1.67, 1
8259, 33172, 10, 0, 33230, 33252, 80, 70, 8.00, 1
8260, 33174, 4, 0, 33175, 33183, 9, 5, 2.25, 1
8261, 33175, 3, 0, 33176, 33178, 3, 0, 1.00, 1
8262, 33183, 2, 0, 33184, 33185, 2, 0, 1.00, 1
8263, 33190, 3, 0, 33191, 33193, 3, 0, 1.00, 1
8264, 33192, 6, 0, 33207, 33214, 22, 16, 3.67, 1
8265, 33194, 3, 0, 33195, 33197, 3, 0, 1.00, 1
8266, 33199, 5, 0, 33200, 33204, 5, 0, 1.00, 1
8267, 33200, 6, 0, 33215, 33227, 27, 21, 4.50, 1
8268, 33210, 2, 0, 33211, 33212, 2, 0, 1.00, 1
8269, 33211, 12, 0, 33572, 33597, 386, 374, 32.17, 1
8270, 33217, 5, 0, 33218, 33224, 7, 2, 1.40, 1
8271, 33220, 2, 0, 33221, 33222, 2, 0, 1.00, 1
8272, 33227, 2, 0, 33228, 33229, 2, 0, 1.00, 1
8273, 33233, 6, 0, 33234, 33242, 9, 3, 1.50, 1
8274, 33235, 3, 0, 33236, 33238, 3, 0, 1.00, 1
8275, 33239, 6, 0, 33264, 33272, 33, 27, 5.50, 1
8276, 33245, 7, 0, 33246, 33292, 47, 40, 6.71, 1
8277, 33246, 1, 0, 33247, 33247, 1, 0, 1.00, 1
8278, 33249, 6, 0, 33250, 33263, 14, 8, 2.33, 1
8279, 33250, 1, 0, 33251, 33251, 1, 0, 1.00, 1
8280, 33252, 5, 0, 33253, 33258, 6, 1, 1.20, 1
8281, 33254, 1, 0, 33255, 33255, 1, 0, 1.00, 1
8282, 33262, 10, 0, 33309, 33327, 65, 55, 6.50, 1
8283, 33264, 3, 0, 33265, 33267, 3, 0, 1.00, 1
8284, 33265, 5, 0, 33273, 33280, 15, 10, 3.00, 1
8285, 33274, 2, 0, 33275, 33276, 2, 0, 1.00, 1
8286, 33276, 1, 0, 33277, 33277, 1, 0, 1.00, 1
8287, 33280, 2, 0, 33281, 33282, 2, 0, 1.00, 1
8288, 33287, 6, 0, 33288, 33303, 16, 10, 2.67, 1
8289, 33288, 2, 0, 33289, 33290, 2, 0, 1.00, 1
8290, 33290, 1, 0, 33291, 33291, 1, 0, 1.00, 1
8291, 33292, 6, 0, 33293, 33298, 6, 0, 1.00, 1
8292, 33303, 3, 0, 33304, 33308, 5, 2, 1.67, 1
8293, 33305, 2, 0, 33306, 33307, 2, 0, 1.00, 1
8294, 33306, 14, 0, 41162, 41175, 7869, 7855, 562.07, 1
8295, 33312, 3, 0, 33313, 33315, 3, 0, 1.00, 1
8296, 33314, 10, 0, 33330, 33359, 45, 35, 4.50, 1
8297, 33316, 3, 0, 33317, 33319, 3, 0, 1.00, 1
8298, 33320, 3, 0, 33321, 33323, 3, 0, 1.00, 1
8299, 33325, 20, 0, 46494, 46513, 13188, 13168, 659.40, 1
8300, 33327, 2, 0, 33328, 33329, 2, 0, 1.00, 1
8301, 33332, 5, 0, 33333, 33337, 5, 0, 1.00, 1
8302, 33334, 6, 0, 33338, 33346, 12, 6, 2.00, 1
8303, 33337, 9, 0, 33389, 33402, 65, 56, 7.22, 1
8304, 33340, 1, 0, 33341, 33341, 1, 0, 1.00, 1
8305, 33343, 2, 0, 33344, 33345, 2, 0, 1.00, 1
8306, 33346, 1, 0, 33347, 33347, 1, 0, 1.00, 1
8307, 33351, 12, 0, 33638, 33694, 343, 331, 28.58, 1
8308, 33353, 7, 0, 33354, 33371, 18, 11, 2.57, 1
8309, 33356, 2, 0, 33357, 33358, 2, 0, 1.00, 1
8310, 33359, 8, 0, 33360, 33381, 22, 14, 2.75, 1
8311, 33361, 2, 0, 33362, 33363, 2, 0, 1.00, 1
8312, 33362, 6, 0, 33382, 33388, 26, 20, 4.33, 1
8313, 33365, 4, 0, 33366, 33369, 4, 0, 1.00, 1
8314, 33369, 4, 0, 33372, 33375, 6, 2, 1.50, 1
8315, 33383, 1, 0, 33384, 33384, 1, 0, 1.00, 1
8316, 33390, 2, 0, 33391, 33392, 2, 0, 1.00, 1
8317, 33395, 6, 0, 33396, 33406, 11, 5, 1.83, 1
8318, 33397, 1, 0, 33398, 33398, 1, 0, 1.00, 1
8319, 33407, 10, 0, 33408, 33417, 10, 0, 1.00, 1
8320, 33419, 1, 0, 33420, 33420, 1, 0, 1.00, 1
8321, 33422, 9, 0, 33423, 33484, 62, 53, 6.89, 1
8322, 33423, 5, 0, 33424, 33435, 12, 7, 2.40, 1
8323, 33424, 4, 0, 33425, 33431, 7, 3, 1.75, 1
8324, 33426, 3, 0, 33427, 33429, 3, 0, 1.00, 1
8325, 33429, 10, 0, 33522, 33531, 102, 92, 10.20, 1
8326, 33440, 1, 0, 33441, 33441, 1, 0, 1.00, 1
8327, 33441, 1, 0, 33443, 33443, 2, 1, 2.00, 1
8328, 33442, 12, 0, 33806, 33857, 415, 403, 34.58, 1
8329, 33443, 3, 0, 33444, 33446, 3, 0, 1.00, 1
8330, 33446, 6, 0, 33447, 33459, 13, 7, 2.17, 1
8331, 33450, 2, 0, 33451, 33452, 2, 0, 1.00, 1
8332, 33451, 7, 0, 33465, 33472, 21, 14, 3.00, 1
8333, 33453, 5, 0, 33454, 33458, 5, 0, 1.00, 1
8334, 33457, 5, 0, 33460, 33464, 7, 2, 1.40, 1
8335, 33465, 1, 0, 33466, 33466, 1, 0, 1.00, 1
8336, 33477, 1, 0, 33478, 33478, 1, 0, 1.00, 1
8337, 33479, 6, 0, 33480, 33499, 20, 14, 3.33, 1
8338, 33480, 2, 0, 33481, 33482, 2, 0, 1.00, 1
8339, 33481, 2, 0, 33485, 33486, 5, 3, 2.50, 1
8340, 33482, 3, 0, 33487, 33490, 8, 5, 2.67, 1
8341, 33484, 12, 0, 33858, 33890, 406, 394, 33.83, 1
8342, 33485, 8, 0, 33514, 33521, 36, 28, 4.50, 1
8343, 33487, 1, 0, 33488, 33488, 1, 0, 1.00, 1
8344, 33494, 4, 0, 33495, 33498, 4, 0, 1.00, 1
8345, 33498, 6, 0, 33508, 33513, 15, 9, 2.50, 1
8346, 33499, 3, 0, 33500, 33502, 3, 0, 1.00, 1
8347, 33501, 5, 0, 33503, 33507, 6, 1, 1.20, 1
8348, 33507, 35, 0, 49339, 49373, 15866, 15831, 453.31, 1
8349, 33515, 10, 0, 33532, 33542, 27, 17, 2.70, 1
8350, 33532, 1, 0, 33533, 33533, 1, 0, 1.00, 1
8351, 33535, 17, 0, 44354, 44370, 10835, 10818, 637.35, 1
8352, 33543, 2, 0, 33544, 33545, 2, 0, 1.00, 1
8353, 33559, 2, 0, 33560, 33561, 2, 0, 1.00, 1
8354, 33562, 1, 0, 33563, 33563, 1, 0, 1.00, 1
8355, 33576, 7, 0, 33577, 33587, 11, 4, 1.57, 1
8356, 33582, 4, 0, 33583, 33586, 4, 0, 1.00, 1
8357, 33593, 3, 0, 33594, 33596, 3, 0, 1.00, 1
8358, 33594, 6, 0, 33604, 33609, 15, 9, 2.50, 1
8359, 33595, 4, 0, 33599, 33603, 8, 4, 2.00, 1
8360, 33597, 1, 0, 33598, 33598, 1, 0, 1.00, 1
8361, 33600, 6, 0, 33610, 33615, 15, 9, 2.50, 1
8362, 33601, 1, 0, 33602, 33602, 1, 0, 1.00, 1
8363, 33608, 7, 0, 33616, 33622, 14, 7, 2.00, 1
8364, 33618, 8, 0, 33627, 33637, 19, 11, 2.38, 1
8365, 33622, 4, 0, 33623, 33626, 4, 0, 1.00, 1
8366, 33632, 3, 0, 33633, 33635, 3, 0, 1.00, 1
8367, 33640, 8, 0, 33641, 33655, 15, 7, 1.88, 1
8368, 33641, 16, 0, 43550, 43565, 9924, 9908, 620.25, 1
8369, 33642, 2, 0, 33643, 33644, 2, 0, 1.00, 1
8370, 33643, 3, 0, 33645, 33647, 4, 1, 1.33, 1
8371, 33649, 14, 0, 41176, 41189, 7540, 7526, 538.57, 1
8372, 33652, 2, 0, 33653, 33654, 2, 0, 1.00, 1
8373, 33655, 4, 0, 33656, 33661, 6, 2, 1.50, 1
8374, 33656, 2, 0, 33657, 33658, 2, 0, 1.00, 1
8375, 33663, 3, 0, 33664, 33666, 3, 0, 1.00, 1
8376, 33665, 4, 0, 33673, 33676, 11, 7, 2.75, 1
8377, 33666, 3, 0, 33667, 33669, 3, 0, 1.00, 1
8378, 33669, 2, 0, 33670, 33672, 3, 1, 1.50, 1
8379, 33670, 1, 0, 33671, 33671, 1, 0, 1.00, 1
8380, 33679, 2, 0, 33680, 33681, 2, 0, 1.00, 1
8381, 33683, 11, 0, 33684, 33710, 27, 16, 2.45, 1
8382, 33688, 5, 0, 33689, 33697, 9, 4, 1.80, 1
8383, 33690, 1, 0, 33691, 33691, 1, 0, 1.00, 1
8384, 33691, 6, 0, 33718, 33727, 36, 30, 6.00, 1
8385, 33692, 1, 0, 33693, 33693, 1, 0, 1.00, 1
8386, 33696, 12, 0, 34433, 34455, 759, 747, 63.25, 1
8387, 33699, 5, 0, 33700, 33704, 5, 0, 1.00, 1
8388, 33700, 15, 0, 42403, 42417, 8717, 8702, 581.13, 1
8389, 33701, 7, 0, 33730, 33736, 35, 28, 5.00, 1
8390, 33706, 2, 0, 33707, 33708, 2, 0, 1.00, 1
8391, 33708, 4, 0, 33711, 33714, 6, 2, 1.50, 1
8392, 33714, 3, 0, 33715, 33717, 3, 0, 1.00, 1
8393, 33721, 4, 0, 33722, 33729, 8, 4, 2.00, 1
8394, 33723, 2, 0, 33724, 33725, 2, 0, 1.00, 1
8395, 33729, 7, 0, 33737, 33743, 14, 7, 2.00, 1
8396, 33736, 11, 0, 33744, 33768, 32, 21, 2.91, 1
8397, 33745, 4, 0, 33746, 33752, 7, 3, 1.75, 1
8398, 33746, 2, 0, 33747, 33748, 2, 0, 1.00, 1
8399, 33748, 5, 0, 33753, 33759, 11, 6, 2.20, 1
8400, 33750, 1, 0, 33751, 33751, 1, 0, 1.00, 1
8401, 33754, 9, 0, 33769, 33789, 35, 26, 3.89, 1
8402, 33756, 2, 0, 33757, 33758, 2, 0, 1.00, 1
8403, 33768, 20, 0, 46514, 46533, 12765, 12745, 638.25, 1
8404, 33771, 4, 0, 33772, 33775, 4, 0, 1.00, 1
8405, 33777, 4, 0, 33778, 33781, 4, 0, 1.00, 1
8406, 33779, 7, 0, 33795, 33804, 25, 18, 3.57, 1
8407, 33780, 12, 0, 35019, 35030, 1250, 1238, 104.17, 1
8408, 33782, 4, 0, 33783, 33786, 4, 0, 1.00, 1
8409, 33789, 1, 0, 33790, 33790, 1, 0, 1.00, 1
8410, 33790, 4, 0, 33791, 33794, 4, 0, 1.00, 1
8411, 33798, 3, 0, 33799, 33801, 3, 0, 1.00, 1
8412, 33804, 1, 0, 33805, 33805, 1, 0, 1.00, 1
8413, 33808, 2, 0, 33809, 33810, 2, 0, 1.00, 1
8414, 33810, 6, 0, 33811, 33818, 8, 2, 1.33, 1
8415, 33811, 7, 0, 33819, 33825, 14, 7, 2.00, 1
8416, 33814, 1, 0, 33815, 33815, 1, 0, 1.00, 1
8417, 33816, 1, 0, 33817, 33817, 1, 0, 1.00, 1
8418, 33817, 8, 0, 33826, 33843, 26, 18, 3.25, 1
8419, 33828, 3, 0, 33829, 33834, 6, 3, 2.00, 1
8420, 33829, 2, 0, 33830, 33832, 3, 1, 1.50, 1
8421, 33830, 1, 0, 33831, 33831, 1, 0, 1.00, 1
8422, 33831, 4, 0, 33835, 33838, 7, 3, 1.75, 1
8423, 33847, 2, 0, 33848, 33849, 2, 0, 1.00, 1
8424, 33848, 2, 0, 33851, 33852, 4, 2, 2.00, 1
8425, 33849, 1, 0, 33850, 33850, 1, 0, 1.00, 1
8426, 33858, 2, 0, 33859, 33860, 2, 0, 1.00, 1
8427, 33859, 7, 0, 33865, 33879, 20, 13, 2.86, 1
8428, 33860, 3, 0, 33861, 33864, 4, 1, 1.33, 1
8429, 33862, 1, 0, 33863, 33863, 1, 0, 1.00, 1
8430, 33863, 11, 0, 33891, 33922, 59, 48, 5.36, 1
8431, 33865, 6, 0, 33866, 33871, 6, 0, 1.00, 1
8432, 33873, 11, 0, 33942, 33999, 126, 115, 11.45, 1
8433, 33876, 2, 0, 33877, 33878, 2, 0, 1.00, 1
8434, 33877, 17, 0, 44371, 44387, 10510, 10493, 618.24, 1
8435, 33889, 14, 0, 41190, 41203, 7314, 7300, 522.43, 1
8436, 33892, 4, 0, 33893, 33896, 4, 0, 1.00, 1
8437, 33898, 10, 0, 33899, 33909, 11, 1, 1.10, 1
8438, 33902, 1, 0, 33903, 33903, 1, 0, 1.00, 1
8439, 33907, 10, 0, 33923, 33938, 31, 21, 3.10, 1
8440, 33913, 2, 0, 33914, 33915, 2, 0, 1.00, 1
8441, 33916, 4, 0, 33917, 33920, 4, 0, 1.00, 1
8442, 33920, 11, 0, 34006, 34025, 105, 94, 9.55, 1
8443, 33928, 4, 0, 33929, 33934, 6, 2, 1.50, 1
8444, 33931, 2, 0, 33932, 33933, 2, 0, 1.00, 1
8445, 33938, 3, 0, 33939, 33941, 3, 0, 1.00, 1
8446, 33942, 3, 0, 33943, 33945, 3, 0, 1.00, 1
8447, 33944, 9, 0, 33946, 33954, 10, 1, 1.11, 1
8448, 33949, 9, 0, 33955, 33964, 15, 6, 1.67, 1
8449, 33957, 11, 0, 34190, 34201, 244, 233, 22.18, 1
8450, 33959, 1, 0, 33960, 33960, 1, 0, 1.00, 1
8451, 33968, 6, 0, 33969, 33980, 12, 6, 2.00, 1
8452, 33970, 13, 0, 37157, 37178, 3208, 3195, 246.77, 1
8453, 33971, 4, 0, 33972, 33975, 4, 0, 1.00, 1
8454, 33975, 1, 0, 33976, 33976, 1, 0, 1.00, 1
8455, 33976, 3, 0, 33987, 33990, 14, 11, 4.67, 1
8456, 33977, 1, 0, 33978, 33978, 1, 0, 1.00, 1
8457, 33980, 5, 0, 33981, 33986, 6, 1, 1.20, 1
8458, 33983, 1, 0, 33984, 33984, 1, 0, 1.00, 1
8459, 33987, 1, 0, 33988, 33988, 1, 0, 1.00, 1
8460, 33989, 6, 0, 34000, 34005, 16, 10, 2.67, 1
8461, 33990, 3, 0, 33991, 33993, 3, 0, 1.00, 1
8462, 33996, 11, 0, 34208, 34238, 242, 231, 22.00, 1
8463, 34007, 2, 0, 34008, 34010, 3, 1, 1.50, 1
8464, 34008, 1, 0, 34009, 34009, 1, 0, 1.00, 1
8465, 34012, 26, 0, 48454, 48479, 14467, 14441, 556.42, 1
8466, 34018, 10, 0, 34019, 34058, 40, 30, 4.00, 1
8467, 34021, 6, 0, 34022, 34033, 12, 6, 2.00, 1
8468, 34022, 2, 0, 34023, 34024, 2, 0, 1.00, 1
8469, 34023, 3, 0, 34026, 34028, 5, 2, 1.67, 1
8470, 34024, 7, 0, 34109, 34115, 91, 84, 13.00, 1
8471, 34035, 5, 0, 34036, 34043, 8, 3, 1.60, 1
8472, 34036, 3, 0, 34037, 34039, 3, 0, 1.00, 1
8473, 34039, 12, 0, 35031, 35057, 1018, 1006, 84.83, 1
8474, 34044, 2, 0, 34045, 34046, 2, 0, 1.00, 1
8475, 34045, 4, 0, 34062, 34066, 21, 17, 5.25, 1
8476, 34047, 5, 0, 34048, 34053, 6, 1, 1.20, 1
8477, 34050, 1, 0, 34051, 34051, 1, 0, 1.00, 1
8478, 34052, 10, 0, 34123, 34144, 92, 82, 9.20, 1
8479, 34055, 5, 0, 34056, 34070, 15, 10, 3.00, 1
8480, 34056, 1, 0, 34057, 34057, 1, 0, 1.00, 1
8481, 34058, 3, 0, 34059, 34061, 3, 0, 1.00, 1
8482, 34059, 5, 0, 34071, 34077, 18, 13, 3.60, 1
8483, 34064, 1, 0, 34065, 34065, 1, 0, 1.00, 1
8484, 34066, 5, 0, 34078, 34088, 22, 17, 4.40, 1
8485, 34072, 2, 0, 34073, 34074, 2, 0, 1.00, 1
8486, 34073, 15, 0, 42418, 42432, 8359, 8344, 557.27, 1
8487, 34078, 3, 0, 34079, 34081, 3, 0, 1.00, 1
8488, 34079, 3, 0, 34082, 34084, 5, 2, 1.67, 1
8489, 34082, 4, 0, 34089, 34094, 12, 8, 3.00, 1
8490, 34089, 4, 0, 34095, 34101, 12, 8, 3.00, 1
8491, 34091, 2, 0, 34092, 34093, 2, 0, 1.00, 1
8492, 34096, 3, 0, 34097, 34099, 3, 0, 1.00, 1
8493, 34100, 4, 0, 34102, 34107, 7, 3, 1.75, 1
8494, 34104, 2, 0, 34105, 34108, 4, 2, 2.00, 1
8495, 34105, 1, 0, 34106, 34106, 1, 0, 1.00, 1
8496, 34112, 7, 0, 34116, 34122, 10, 3, 1.43, 1
8497, 34125, 7, 0, 34126, 34137, 12, 5, 1.71, 1
8498, 34127, 4, 0, 34128, 34131, 4, 0, 1.00, 1
8499, 34132, 7, 0, 34145, 34154, 22, 15, 3.14, 1
8500, 34133, 1, 0, 34134, 34134, 1, 0, 1.00, 1
8501, 34145, 3, 0, 34146, 34148, 3, 0, 1.00, 1
8502, 34150, 10, 0, 34167, 34182, 32, 22, 3.20, 1
8503, 34154, 6, 0, 34155, 34160, 6, 0, 1.00, 1
8504, 34160, 3, 0, 34161, 34165, 5, 2, 1.67, 1
8505, 34161, 2, 0, 34162, 34163, 2, 0, 1.00, 1
8506, 34165, 1, 0, 34166, 34166, 1, 0, 1.00, 1
8507, 34167, 1, 0, 34168, 34168, 1, 0, 1.00, 1
8508, 34171, 3, 0, 34172, 34174, 3, 0, 1.00, 1
8509, 34173, 6, 0, 34183, 34188, 15, 9, 2.50, 1
8510, 34177, 2, 0, 34178, 34179, 2, 0, 1.00, 1
8511, 34181, 11, 0, 34239, 34249, 68, 57, 6.18, 1
8512, 34188, 1, 0, 34189, 34189, 1, 0, 1.00, 1
8513, 34193, 1, 0, 34194, 34194, 1, 0, 1.00, 1
8514, 34201, 6, 0, 34202, 34207, 6, 0, 1.00, 1
8515, 34211, 5, 0, 34212, 34217, 6, 1, 1.20, 1
8516, 34212, 11, 0, 34250, 34314, 102, 91, 9.27, 1
8517, 34215, 1, 0, 34216, 34216, 1, 0, 1.00, 1
8518, 34218, 4, 0, 34219, 34225, 7, 3, 1.75, 1
8519, 34219, 2, 0, 34220, 34221, 2, 0, 1.00, 1
8520, 34223, 1, 0, 34224, 34224, 1, 0, 1.00, 1
8521, 34225, 1, 0, 34226, 34226, 1, 0, 1.00, 1
8522, 34228, 5, 0, 34229, 34234, 6, 1, 1.20, 1
8523, 34230, 1, 0, 34231, 34231, 1, 0, 1.00, 1
8524, 34251, 4, 0, 34252, 34255, 4, 0, 1.00, 1
8525, 34254, 7, 0, 34270, 34286, 32, 25, 4.57, 1
8526, 34255, 5, 0, 34256, 34262, 7, 2, 1.40, 1
8527, 34256, 10, 0, 34338, 34377, 121, 111, 12.10, 1
8528, 34257, 1, 0, 34258, 34258, 1, 0, 1.00, 1
8529, 34258, 1, 0, 34259, 34259, 1, 0, 1.00, 1
8530, 34259, 12, 0, 35134, 35156, 897, 885, 74.75, 1
8531, 34262, 4, 0, 34263, 34269, 7, 3, 1.75, 1
8532, 34265, 3, 0, 34266, 34268, 3, 0, 1.00, 1
8533, 34273, 4, 0, 34274, 34277, 4, 0, 1.00, 1
8534, 34277, 10, 0, 34378, 34395, 118, 108, 11.80, 1
8535, 34278, 6, 0, 34279, 34294, 16, 10, 2.67, 1
8536, 34280, 3, 0, 34281, 34283, 3, 0, 1.00, 1
8537, 34283, 1, 0, 34284, 34284, 1, 0, 1.00, 1
8538, 34285, 11, 0, 34407, 34432, 147, 136, 13.36, 1
8539, 34289, 4, 0, 34290, 34293, 4, 0, 1.00, 1
8540, 34294, 2, 0, 34295, 34296, 2, 0, 1.00, 1
8541, 34297, 2, 0, 34298, 34299, 2, 0, 1.00, 1
8542, 34303, 4, 0, 34304, 34310, 7, 3, 1.75, 1
8543, 34306, 3, 0, 34307, 34309, 3, 0, 1.00, 1
8544, 34307, 7, 0, 34316, 34323, 16, 9, 2.29, 1
8545, 34308, 7, 0, 34330, 34337, 29, 22, 4.14, 1
8546, 34314, 1, 0, 34315, 34315, 1, 0, 1.00, 1
8547, 34320, 1, 0, 34321, 34321, 1, 0, 1.00, 1
8548, 34321, 2, 0, 34324, 34325, 4, 2, 2.00, 1
8549, 34324, 4, 0, 34326, 34329, 5, 1, 1.25, 1
8550, 34330, 1, 0, 34331, 34331, 1, 0, 1.00, 1
8551, 34338, 5, 0, 34339, 34345, 7, 2, 1.40, 1
8552, 34341, 2, 0, 34342, 34343, 2, 0, 1.00, 1
8553, 34344, 8, 0, 34349, 34366, 22, 14, 2.75, 1
8554, 34345, 3, 0, 34346, 34348, 3, 0, 1.00, 1
8555, 34349, 1, 0, 34350, 34350, 1, 0, 1.00, 1
8556, 34350, 4, 0, 34351, 34354, 4, 0, 1.00, 1
8557, 34355, 5, 0, 34356, 34360, 5, 0, 1.00, 1
8558, 34356, 18, 0, 45386, 45403, 11047, 11029, 613.72, 1
8559, 34363, 15, 0, 42433, 42447, 8084, 8069, 538.93, 1
8560, 34367, 2, 0, 34368, 34369, 2, 0, 1.00, 1
8561, 34370, 15, 0, 42448, 42462, 8092, 8077, 539.47, 1
8562, 34380, 1, 0, 34381, 34381, 1, 0, 1.00, 1
8563, 34382, 4, 0, 34383, 34387, 5, 1, 1.25, 1
8564, 34383, 6, 0, 34396, 34406, 23, 17, 3.83, 1
8565, 34385, 1, 0, 34386, 34386, 1, 0, 1.00, 1
8566, 34388, 2, 0, 34389, 34390, 2, 0, 1.00, 1
8567, 34392, 16, 0, 43566, 43581, 9189, 9173, 574.31, 1
8568, 34399, 3, 0, 34400, 34402, 3, 0, 1.00, 1
8569, 34403, 2, 0, 34404, 34405, 2, 0, 1.00, 1
8570, 34411, 3, 0, 34412, 34414, 3, 0, 1.00, 1
8571, 34416, 3, 0, 34417, 34419, 3, 0, 1.00, 1
8572, 34420, 9, 0, 34421, 34429, 9, 0, 1.00, 1
8573, 34434, 16, 0, 43582, 43597, 9163, 9147, 572.69, 1
8574, 34435, 5, 0, 34436, 34442, 7, 2, 1.40, 1
8575, 34436, 2, 0, 34437, 34438, 2, 0, 1.00, 1
8576, 34438, 9, 0, 34456, 34469, 31, 22, 3.44, 1
8577, 34447, 13, 0, 37179, 37275, 2828, 2815, 217.54, 1
8578, 34448, 4, 0, 34449, 34452, 4, 0, 1.00, 1
8579, 34452, 12, 0, 35157, 35172, 720, 708, 60.00, 1
8580, 34461, 2, 0, 34462, 34463, 2, 0, 1.00, 1
8581, 34463, 2, 0, 34464, 34465, 2, 0, 1.00, 1
8582, 34464, 6, 0, 34470, 34476, 12, 6, 2.00, 1
8583, 34466, 1, 0, 34467, 34467, 1, 0, 1.00, 1
8584, 34467, 6, 0, 34477, 34494, 27, 21, 4.50, 1
8585, 34473, 1, 0, 34474, 34474, 1, 0, 1.00, 1
8586, 34475, 7, 0, 34527, 34540, 65, 58, 9.29, 1
8587, 34476, 7, 0, 34546, 34569, 93, 86, 13.29, 1
8588, 34479, 5, 0, 34480, 34503, 24, 19, 4.80, 1
8589, 34480, 4, 0, 34481, 34484, 4, 0, 1.00, 1
8590, 34484, 1, 0, 34485, 34485, 1, 0, 1.00, 1
8591, 34485, 1, 0, 34486, 34486, 1, 0, 1.00, 1
8592, 34487, 4, 0, 34488, 34492, 5, 1, 1.25, 1
8593, 34488, 10, 0, 34794, 34820, 332, 322, 33.20, 1
8594, 34490, 1, 0, 34491, 34491, 1, 0, 1.00, 1
8595, 34491, 3, 0, 34495, 34497, 6, 3, 2.00, 1
8596, 34497, 4, 0, 34509, 34512, 15, 11, 3.75, 1
8597, 34500, 2, 0, 34501, 34502, 2, 0, 1.00, 1
8598, 34503, 4, 0, 34504, 34507, 4, 0, 1.00, 1
8599, 34507, 1, 0, 34508, 34508, 1, 0, 1.00, 1
8600, 34512, 6, 0, 34513, 34522, 10, 4, 1.67, 1
8601, 34515, 4, 0, 34516, 34519, 4, 0, 1.00, 1
8602, 34522, 3, 0, 34523, 34526, 4, 1, 1.33, 1
8603, 34523, 1, 0, 34524, 34524, 1, 0, 1.00, 1
8604, 34532, 6, 0, 34533, 34538, 6, 0, 1.00, 1
8605, 34536, 7, 0, 34579, 34588, 52, 45, 7.43, 1
8606, 34538, 1, 0, 34539, 34539, 1, 0, 1.00, 1
8607, 34540, 1, 0, 34541, 34541, 1, 0, 1.00, 1
8608, 34541, 3, 0, 34542, 34545, 4, 1, 1.33, 1
8609, 34542, 1, 0, 34543, 34543, 1, 0, 1.00, 1
8610, 34547, 4, 0, 34548, 34556, 9, 5, 2.25, 1
8611, 34548, 2, 0, 34549, 34550, 2, 0, 1.00, 1
8612, 34552, 3, 0, 34553, 34555, 3, 0, 1.00, 1
8613, 34553, 5, 0, 34570, 34578, 25, 20, 5.00, 1
8614, 34554, 27, 0, 48640, 48666, 14112, 14085, 522.67, 1
8615, 34559, 5, 0, 34560, 34564, 5, 0, 1.00, 1
8616, 34564, 3, 0, 34565, 34567, 3, 0, 1.00, 1
8617, 34568, 8, 0, 34589, 34612, 44, 36, 5.50, 1
8618, 34570, 2, 0, 34571, 34572, 2, 0, 1.00, 1
8619, 34573, 2, 0, 34574, 34575, 2, 0, 1.00, 1
8620, 34580, 3, 0, 34581, 34583, 3, 0, 1.00, 1
8621, 34582, 8, 0, 34757, 34764, 182, 174, 22.75, 1
8622, 34590, 3, 0, 34591, 34593, 3, 0, 1.00, 1
8623, 34593, 10, 0, 34821, 34830, 237, 227, 23.70, 1
8624, 34594, 5, 0, 34595, 34599, 5, 0, 1.00, 1
8625, 34595, 5, 0, 34613, 34621, 26, 21, 5.20, 1
8626, 34601, 1, 0, 34602, 34602, 1, 0, 1.00, 1
8627, 34603, 7, 0, 34604, 34610, 7, 0, 1.00, 1
8628, 34607, 21, 0, 47033, 47053, 12446, 12425, 592.67, 1
8629, 34612, 16, 0, 43598, 43613, 9001, 8985, 562.56, 1
8630, 34614, 4, 0, 34615, 34618, 4, 0, 1.00, 1
8631, 34617, 7, 0, 34630, 34654, 37, 30, 5.29, 1
8632, 34618, 6, 0, 34622, 34629, 11, 5, 1.83, 1
8633, 34622, 2, 0, 34623, 34624, 2, 0, 1.00, 1
8634, 34630, 3, 0, 34631, 34633, 3, 0, 1.00, 1
8635, 34631, 3, 0, 34634, 34636, 5, 2, 1.67, 1
8636, 34633, 3, 0, 34637, 34639, 6, 3, 2.00, 1
8637, 34634, 5, 0, 34644, 34648, 14, 9, 2.80, 1
8638, 34638, 4, 0, 34640, 34643, 5, 1, 1.25, 1
8639, 34643, 6, 0, 34655, 34662, 19, 13, 3.17, 1
8640, 34656, 1, 0, 34657, 34657, 1, 0, 1.00, 1
8641, 34658, 15, 0, 42463, 42477, 7819, 7804, 521.27, 1
8642, 34660, 1, 0, 34661, 34661, 1, 0, 1.00, 1
8643, 34661, 3, 0, 34663, 34665, 4, 1, 1.33, 1
8644, 34665, 5, 0, 34666, 34670, 5, 0, 1.00, 1
8645, 34666, 5, 0, 34671, 34675, 9, 4, 1.80, 1
8646, 34675, 4, 0, 34676, 34680, 5, 1, 1.25, 1
8647, 34677, 1, 0, 34678, 34678, 1, 0, 1.00, 1
8648, 34678, 7, 0, 34736, 34751, 73, 66, 10.43, 1
8649, 34679, 4, 0, 34683, 34686, 7, 3, 1.75, 1
8650, 34680, 1, 0, 34681, 34681, 1, 0, 1.00, 1
8651, 34681, 1, 0, 34682, 34682, 1, 0, 1.00, 1
8652, 34682, 6, 0, 34691, 34699, 17, 11, 2.83, 1
8653, 34683, 4, 0, 34687, 34690, 7, 3, 1.75, 1
8654, 34686, 6, 0, 34702, 34707, 21, 15, 3.50, 1
8655, 34691, 3, 0, 34692, 34694, 3, 0, 1.00, 1
8656, 34695, 6, 0, 34708, 34715, 20, 14, 3.33, 1
8657, 34699, 2, 0, 34700, 34701, 2, 0, 1.00, 1
8658, 34709, 15, 0, 42478, 42492, 7783, 7768, 518.87, 1
8659, 34711, 5, 0, 34712, 34723, 12, 7, 2.40, 1
8660, 34712, 1, 0, 34713, 34713, 1, 0, 1.00, 1
8661, 34715, 4, 0, 34716, 34719, 4, 0, 1.00, 1
8662, 34719, 6, 0, 34730, 34735, 16, 10, 2.67, 1
8663, 34722, 16, 0, 43614, 43629, 8907, 8891, 556.69, 1
8664, 34723, 4, 0, 34724, 34727, 4, 0, 1.00, 1
8665, 34727, 2, 0, 34728, 34729, 2, 0, 1.00, 1
8666, 34737, 4, 0, 34738, 34741, 4, 0, 1.00, 1
8667, 34739, 8, 0, 34765, 34789, 50, 42, 6.25, 1
8668, 34742, 5, 0, 34743, 34747, 5, 0, 1.00, 1
8669, 34744, 5, 0, 34752, 34756, 12, 7, 2.40, 1
8670, 34766, 7, 0, 34767, 34773, 7, 0, 1.00, 1
8671, 34774, 5, 0, 34775, 34780, 6, 1, 1.20, 1
8672, 34775, 1, 0, 34776, 34776, 1, 0, 1.00, 1
8673, 34780, 2, 0, 34781, 34782, 2, 0, 1.00, 1
8674, 34784, 2, 0, 34785, 34786, 2, 0, 1.00, 1
8675, 34789, 4, 0, 34790, 34793, 4, 0, 1.00, 1
8676, 34790, 10, 0, 34831, 34841, 51, 41, 5.10, 1
8677, 34794, 1, 0, 34795, 34795, 1, 0, 1.00, 1
8678, 34796, 4, 0, 34797, 34801, 5, 1, 1.25, 1
8679, 34797, 1, 0, 34798, 34798, 1, 0, 1.00, 1
8680, 34801, 5, 0, 34802, 34806, 5, 0, 1.00, 1
8681, 34803, 11, 0, 34975, 34991, 188, 177, 17.09, 1
8682, 34805, 6, 0, 34807, 34812, 7, 1, 1.17, 1
8683, 34808, 13, 0, 37345, 37359, 2551, 2538, 196.23, 1
8684, 34811, 14, 0, 41204, 41217, 6406, 6392, 457.57, 1
8685, 34838, 1, 0, 34839, 34839, 1, 0, 1.00, 1
8686, 34839, 6, 0, 34846, 34851, 12, 6, 2.00, 1
8687, 34841, 4, 0, 34842, 34845, 4, 0, 1.00, 1
8688, 34848, 8, 0, 34852, 34870, 22, 14, 2.75, 1
8689, 34856, 5, 0, 34857, 34865, 9, 4, 1.80, 1
8690, 34859, 3, 0, 34860, 34862, 3, 0, 1.00, 1
8691, 34862, 1, 0, 34863, 34863, 1, 0, 1.00, 1
8692, 34863, 2, 0, 34866, 34867, 4, 2, 2.00, 1
8693, 34866, 7, 0, 34871, 34881, 15, 8, 2.14, 1
8694, 34871, 17, 0, 44388, 44404, 9533, 9516, 560.76, 1
8695, 34872, 4, 0, 34873, 34876, 4, 0, 1.00, 1
8696, 34874, 7, 0, 34882, 34899, 25, 18, 3.57, 1
8697, 34884, 6, 0, 34885, 34890, 6, 0, 1.00, 1
8698, 34890, 4, 0, 34891, 34894, 4, 0, 1.00, 1
8699, 34893, 6, 0, 34900, 34919, 26, 20, 4.33, 1
8700, 34897, 1, 0, 34898, 34898, 1, 0, 1.00, 1
8701, 34901, 2, 0, 34902, 34903, 2, 0, 1.00, 1
8702, 34903, 1, 0, 34904, 34904, 1, 0, 1.00, 1
8703, 34904, 4, 0, 34920, 34923, 19, 15, 4.75, 1
8704, 34905, 2, 0, 34906, 34907, 2, 0, 1.00, 1
8705, 34908, 5, 0, 34909, 34917, 9, 4, 1.80, 1
8706, 34911, 7, 0, 34924, 34931, 20, 13, 2.86, 1
8707, 34912, 4, 0, 34913, 34916, 4, 0, 1.00, 1
8708, 34924, 1, 0, 34925, 34925, 1, 0, 1.00, 1
8709, 34925, 7, 0, 34936, 34942, 17, 10, 2.43, 1
8710, 34931, 4, 0, 34932, 34935, 4, 0, 1.00, 1
8711, 34940, 8, 0, 34943, 34966, 26, 18, 3.25, 1
8712, 34946, 4, 0, 34947, 34950, 4, 0, 1.00, 1
8713, 34948, 14, 0, 41218, 41231, 6283, 6269, 448.79, 1
8714, 34951, 7, 0, 34952, 34963, 12, 5, 1.71, 1
8715, 34954, 17, 0, 44405, 44421, 9467, 9450, 556.88, 1
8716, 34957, 5, 0, 34958, 34962, 5, 0, 1.00, 1
8717, 34958, 6, 0, 34967, 34974, 16, 10, 2.67, 1
8718, 34968, 2, 0, 34969, 34970, 2, 0, 1.00, 1
8719, 34970, 15, 0, 42493, 42507, 7537, 7522, 502.47, 1
8720, 34980, 4, 0, 34981, 34984, 4, 0, 1.00, 1
8721, 34984, 11, 0, 34992, 35018, 34, 23, 3.09, 1
8722, 34985, 2, 0, 34986, 34987, 2, 0, 1.00, 1
8723, 34993, 15, 0, 42508, 42522, 7529, 7514, 501.93, 1
8724, 34995, 3, 0, 34996, 34998, 3, 0, 1.00, 1
8725, 34998, 6, 0, 34999, 35007, 9, 3, 1.50, 1
8726, 35001, 3, 0, 35002, 35004, 3, 0, 1.00, 1
8727, 35009, 3, 0, 35010, 35012, 3, 0, 1.00, 1
8728, 35016, 1, 0, 35017, 35017, 1, 0, 1.00, 1
8729, 35035, 9, 0, 35036, 35046, 11, 2, 1.22, 1
8730, 35037, 16, 0, 43630, 43645, 8608, 8592, 538.00, 1
8731, 35038, 1, 0, 35039, 35039, 1, 0, 1.00, 1
8732, 35042, 1, 0, 35043, 35043, 1, 0, 1.00, 1
8733, 35047, 1, 0, 35048, 35048, 1, 0, 1.00, 1
8734, 35048, 3, 0, 35049, 35051, 3, 0, 1.00, 1
8735, 35049, 8, 0, 35058, 35068, 19, 11, 2.38, 1
8736, 35059, 3, 0, 35060, 35062, 3, 0, 1.00, 1
8737, 35063, 8, 0, 35077, 35091, 28, 20, 3.50, 1
8738, 35068, 2, 0, 35069, 35070, 2, 0, 1.00, 1
8739, 35070, 4, 0, 35071, 35076, 6, 2, 1.50, 1
8740, 35072, 2, 0, 35073, 35074, 2, 0, 1.00, 1
8741, 35081, 4, 0, 35082, 35096, 15, 11, 3.75, 1
8742, 35082, 1, 0, 35083, 35083, 1, 0, 1.00, 1
8743, 35085, 5, 0, 35086, 35090, 5, 0, 1.00, 1
8744, 35091, 2, 0, 35092, 35093, 2, 0, 1.00, 1
8745, 35093, 5, 0, 35097, 35102, 9, 4, 1.80, 1
8746, 35098, 1, 0, 35099, 35099, 1, 0, 1.00, 1
8747, 35099, 3, 0, 35103, 35105, 6, 3, 2.00, 1
8748, 35104, 5, 0, 35106, 35113, 9, 4, 1.80, 1
8749, 35105, 5, 0, 35114, 35123, 18, 13, 3.60, 1
8750, 35106, 1, 0, 35107, 35107, 1, 0, 1.00, 1
8751, 35108, 2, 0, 35109, 35110, 2, 0, 1.00, 1
8752, 35111, 5, 0, 35124, 35128, 17, 12, 3.40, 1
8753, 35114, 4, 0, 35115, 35118, 4, 0, 1.00, 1
8754, 35119, 1, 0, 35120, 35120, 1, 0, 1.00, 1
8755, 35124, 5, 0, 35129, 35133, 9, 4, 1.80, 1
8756, 35130, 37, 0, 49447, 49483, 14353, 14316, 387.92, 1
8757, 35136, 3, 0, 35137, 35139, 3, 0, 1.00, 1
8758, 35141, 17, 0, 44422, 44438, 9297, 9280, 546.88, 1
8759, 35142, 6, 0, 35143, 35148, 6, 0, 1.00, 1
8760, 35151, 2, 0, 35152, 35153, 2, 0, 1.00, 1
8761, 35163, 21, 0, 47054, 47074, 11911, 11890, 567.19, 1
8762, 35165, 1, 0, 35166, 35166, 1, 0, 1.00, 1
8763, 35166, 1, 0, 35167, 35167, 1, 0, 1.00, 1
8764, 35168, 2, 0, 35169, 35170, 2, 0, 1.00, 1
8765, 35170, 3, 0, 35173, 35175, 5, 2, 1.67, 1
8766, 35175, 6, 0, 35176, 35181, 6, 0, 1.00, 1
8767, 35183, 1, 0, 35184, 35184, 1, 0, 1.00, 1
8768, 35187, 10, 0, 35188, 35204, 17, 7, 1.70, 1
8769, 35189, 16, 0, 43646, 43661, 8472, 8456, 529.50, 1
8770, 35193, 4, 0, 35194, 35197, 4, 0, 1.00, 1
8771, 35198, 6, 0, 35199, 35214, 16, 10, 2.67, 1
8772, 35199, 2, 0, 35200, 35201, 2, 0, 1.00, 1
8773, 35204, 5, 0, 35205, 35209, 5, 0, 1.00, 1
8774, 35211, 7, 0, 35215, 35225, 14, 7, 2.00, 1
8775, 35213, 8, 0, 35300, 35312, 99, 91, 12.38, 1
8776, 35216, 14, 0, 41232, 41245, 6029, 6015, 430.64, 1
8777, 35217, 4, 0, 35218, 35221, 4, 0, 1.00, 1
8778, 35220, 8, 0, 35313, 35320, 100, 92, 12.50, 1
8779, 35223, 10, 0, 35359, 35378, 155, 145, 15.50, 1
8780, 35228, 3, 0, 35229, 35231, 3, 0, 1.00, 1
8781, 35229, 3, 0, 35232, 35236, 7, 4, 2.33, 1
8782, 35230, 3, 0, 35237, 35239, 9, 6, 3.00, 1
8783, 35233, 2, 0, 35234, 35235, 2, 0, 1.00, 1
8784, 35237, 5, 0, 35256, 35261, 24, 19, 4.80, 1
8785, 35240, 4, 0, 35241, 35244, 4, 0, 1.00, 1
8786, 35243, 6, 0, 35267, 35282, 39, 33, 6.50, 1
8787, 35244, 3, 0, 35245, 35247, 3, 0, 1.00, 1
8788, 35250, 4, 0, 35251, 35254, 4, 0, 1.00, 1
8789, 35254, 14, 0, 41246, 41259, 6005, 5991, 428.93, 1
8790, 35255, 13, 0, 37360, 37381, 2126, 2113, 163.54, 1
8791, 35257, 5, 0, 35262, 35266, 9, 4, 1.80, 1
8792, 35258, 1, 0, 35259, 35259, 1, 0, 1.00, 1
8793, 35264, 12, 0, 35379, 35461, 197, 185, 16.42, 1
8794, 35267, 5, 0, 35268, 35273, 6, 1, 1.20, 1
8795, 35270, 1, 0, 35271, 35271, 1, 0, 1.00, 1
8796, 35271, 3, 0, 35275, 35277, 6, 3, 2.00, 1
8797, 35272, 9, 0, 35321, 35346, 74, 65, 8.22, 1
8798, 35273, 1, 0, 35274, 35274, 1, 0, 1.00, 1
8799, 35275, 5, 0, 35283, 35287, 12, 7, 2.40, 1
8800, 35287, 5, 0, 35288, 35299, 12, 7, 2.40, 1
8801, 35288, 1, 0, 35289, 35289, 1, 0, 1.00, 1
8802, 35289, 3, 0, 35290, 35292, 3, 0, 1.00, 1
8803, 35293, 3, 0, 35294, 35296, 3, 0, 1.00, 1
8804, 35302, 5, 0, 35303, 35307, 5, 0, 1.00, 1
8805, 35325, 7, 0, 35326, 35333, 8, 1, 1.14, 1
8806, 35329, 1, 0, 35330, 35330, 1, 0, 1.00, 1
8807, 35334, 4, 0, 35335, 35341, 7, 3, 1.75, 1
8808, 35336, 3, 0, 35337, 35339, 3, 0, 1.00, 1
8809, 35337, 5, 0, 35347, 35351, 14, 9, 2.80, 1
8810, 35342, 2, 0, 35343, 35344, 2, 0, 1.00, 1
8811, 35350, 6, 0, 35352, 35358, 8, 2, 1.33, 1
8812, 35351, 12, 0, 35719, 35783, 432, 420, 36.00, 1
8813, 35353, 1, 0, 35354, 35354, 1, 0, 1.00, 1
8814, 35360, 4, 0, 35361, 35364, 4, 0, 1.00, 1
8815, 35365, 5, 0, 35366, 35371, 6, 1, 1.20, 1
8816, 35369, 1, 0, 35370, 35370, 1, 0, 1.00, 1
8817, 35382, 1, 0, 35383, 35383, 1, 0, 1.00, 1
8818, 35384, 10, 0, 35385, 35428, 44, 34, 4.40, 1
8819, 35389, 5, 0, 35390, 35395, 6, 1, 1.20, 1
8820, 35391, 1, 0, 35392, 35392, 1, 0, 1.00, 1
8821, 35396, 8, 0, 35397, 35445, 49, 41, 6.12, 1
8822, 35400, 5, 0, 35401, 35409, 9, 4, 1.80, 1
8823, 35402, 2, 0, 35403, 35404, 2, 0, 1.00, 1
8824, 35404, 2, 0, 35405, 35406, 2, 0, 1.00, 1
8825, 35406, 7, 0, 35469, 35479, 73, 66, 10.43, 1
8826, 35409, 7, 0, 35480, 35493, 84, 77, 12.00, 1
8827, 35410, 2, 0, 35411, 35412, 2, 0, 1.00, 1
8828, 35411, 7, 0, 35513, 35525, 114, 107, 16.29, 1
8829, 35413, 1, 0, 35414, 35414, 1, 0, 1.00, 1
8830, 35414, 5, 0, 35446, 35453, 39, 34, 7.80, 1
8831, 35415, 9, 0, 35416, 35433, 18, 9, 2.00, 1
8832, 35420, 15, 0, 42523, 42537, 7117, 7102, 474.47, 1
8833, 35421, 5, 0, 35422, 35429, 8, 3, 1.60, 1
8834, 35425, 2, 0, 35426, 35427, 2, 0, 1.00, 1
8835, 35429, 1, 0, 35430, 35430, 1, 0, 1.00, 1
8836, 35433, 7, 0, 35434, 35441, 8, 1, 1.14, 1
8837, 35437, 1, 0, 35438, 35438, 1, 0, 1.00, 1
8838, 35444, 20, 0, 46534, 46553, 11109, 11089, 555.45, 1
8839, 35446, 2, 0, 35447, 35448, 2, 0, 1.00, 1
8840, 35451, 1, 0, 35452, 35452, 1, 0, 1.00, 1
8841, 35453, 9, 0, 35537, 35582, 129, 120, 14.33, 1
8842, 35459, 1, 0, 35460, 35460, 1, 0, 1.00, 1
8843, 35460, 3, 0, 35463, 35465, 5, 2, 1.67, 1
8844, 35461, 1, 0, 35462, 35462, 1, 0, 1.00, 1
8845, 35463, 3, 0, 35466, 35468, 5, 2, 1.67, 1
8846, 35472, 1, 0, 35473, 35473, 1, 0, 1.00, 1
8847, 35473, 1, 0, 35474, 35474, 1, 0, 1.00, 1
8848, 35476, 2, 0, 35477, 35478, 2, 0, 1.00, 1
8849, 35481, 5, 0, 35482, 35486, 5, 0, 1.00, 1
8850, 35483, 9, 0, 35597, 35611, 128, 119, 14.22, 1
8851, 35484, 5, 0, 35506, 35510, 26, 21, 5.20, 1
8852, 35487, 2, 0, 35488, 35489, 2, 0, 1.00, 1
8853, 35488, 4, 0, 35494, 35497, 9, 5, 2.25, 1
8854, 35495, 4, 0, 35498, 35501, 6, 2, 1.50, 1
8855, 35498, 4, 0, 35502, 35505, 7, 3, 1.75, 1
8856, 35499, 9, 0, 35661, 35672, 173, 164, 19.22, 1
8857, 35510, 2, 0, 35511, 35512, 2, 0, 1.00, 1
8858, 35512, 19, 0, 46100, 46118, 10606, 10587, 558.21, 1
8859, 35516, 2, 0, 35517, 35518, 2, 0, 1.00, 1
8860, 35520, 4, 0, 35521, 35532, 12, 8, 3.00, 1
8861, 35521, 3, 0, 35522, 35524, 3, 0, 1.00, 1
8862, 35526, 1, 0, 35527, 35527, 1, 0, 1.00, 1
8863, 35527, 4, 0, 35533, 35536, 9, 5, 2.25, 1
8864, 35528, 3, 0, 35529, 35531, 3, 0, 1.00, 1
8865, 35537, 8, 0, 35538, 35554, 17, 9, 2.12, 1
8866, 35540, 1, 0, 35541, 35541, 1, 0, 1.00, 1
8867, 35543, 4, 0, 35544, 35550, 7, 3, 1.75, 1
8868, 35546, 3, 0, 35547, 35549, 3, 0, 1.00, 1
8869, 35552, 1, 0, 35553, 35553, 1, 0, 1.00, 1
8870, 35553, 7, 0, 35556, 35573, 20, 13, 2.86, 1
8871, 35554, 1, 0, 35555, 35555, 1, 0, 1.00, 1
8872, 35557, 2, 0, 35558, 35559, 2, 0, 1.00, 1
8873, 35558, 2, 0, 35560, 35561, 3, 1, 1.50, 1
8874, 35560, 8, 0, 35583, 35596, 36, 28, 4.50, 1
8875, 35561, 2, 0, 35562, 35563, 2, 0, 1.00, 1
8876, 35564, 5, 0, 35565, 35569, 5, 0, 1.00, 1
8877, 35573, 1, 0, 35574, 35574, 1, 0, 1.00, 1
8878, 35586, 6, 0, 35587, 35592, 6, 0, 1.00, 1
8879, 35600, 2, 0, 35601, 35602, 2, 0, 1.00, 1
8880, 35604, 4, 0, 35605, 35608, 4, 0, 1.00, 1
8881, 35606, 4, 0, 35612, 35615, 9, 5, 2.25, 1
8882, 35613, 5, 0, 35616, 35623, 10, 5, 2.00, 1
8883, 35615, 5, 0, 35624, 35632, 17, 12, 3.40, 1
8884, 35617, 2, 0, 35618, 35619, 2, 0, 1.00, 1
8885, 35620, 1, 0, 35621, 35621, 1, 0, 1.00, 1
8886, 35625, 2, 0, 35626, 35627, 2, 0, 1.00, 1
8887, 35629, 4, 0, 35630, 35637, 8, 4, 2.00, 1
8888, 35630, 1, 0, 35631, 35631, 1, 0, 1.00, 1
8889, 35634, 2, 0, 35635, 35636, 2, 0, 1.00, 1
8890, 35635, 7, 0, 35638, 35660, 25, 18, 3.57, 1
8891, 35638, 6, 0, 35639, 35651, 13, 7, 2.17, 1
8892, 35639, 4, 0, 35640, 35646, 7, 3, 1.75, 1
8893, 35642, 3, 0, 35643, 35645, 3, 0, 1.00, 1
8894, 35651, 3, 0, 35652, 35654, 3, 0, 1.00, 1
8895, 35663, 3, 0, 35664, 35666, 3, 0, 1.00, 1
8896, 35669, 11, 0, 35673, 35692, 23, 12, 2.09, 1
8897, 35674, 1, 0, 35675, 35675, 1, 0, 1.00, 1
8898, 35681, 5, 0, 35682, 35686, 5, 0, 1.00, 1
8899, 35684, 5, 0, 35693, 35697, 13, 8, 2.60, 1
8900, 35687, 3, 0, 35688, 35690, 3, 0, 1.00, 1
8901, 35689, 7, 0, 35698, 35704, 15, 8, 2.14, 1
8902, 35699, 7, 0, 35705, 35718, 19, 12, 2.71, 1
8903, 35705, 2, 0, 35706, 35707, 2, 0, 1.00, 1
8904, 35706, 4, 0, 35708, 35711, 5, 1, 1.25, 1
8905, 35712, 1, 0, 35713, 35713, 1, 0, 1.00, 1
8906, 35720, 5, 0, 35721, 35725, 5, 0, 1.00, 1
8907, 35724, 7, 0, 35727, 35740, 16, 9, 2.29, 1
8908, 35725, 1, 0, 35726, 35726, 1, 0, 1.00, 1
8909, 35729, 3, 0, 35730, 35732, 3, 0, 1.00, 1
8910, 35733, 4, 0, 35734, 35737, 4, 0, 1.00, 1
8911, 35737, 8, 0, 35741, 35767, 30, 22, 3.75, 1
8912, 35741, 4, 0, 35742, 35749, 8, 4, 2.00, 1
8913, 35743, 2, 0, 35744, 35745, 2, 0, 1.00, 1
8914, 35745, 1, 0, 35746, 35746, 1, 0, 1.00, 1
8915, 35747, 1, 0, 35748, 35748, 1, 0, 1.00, 1
8916, 35752, 3, 0, 35753, 35755, 3, 0, 1.00, 1
8917, 35755, 3, 0, 35756, 35758, 3, 0, 1.00, 1
8918, 35760, 5, 0, 35761, 35765, 5, 0, 1.00, 1
8919, 35772, 3, 0, 35773, 35775, 3, 0, 1.00, 1
8920, 35773, 5, 0, 35799, 35803, 30, 25, 6.00, 1
8921, 35775, 1, 0, 35776, 35776, 1, 0, 1.00, 1
8922, 35777, 12, 0, 36102, 36139, 362, 350, 30.17, 1
8923, 35778, 1, 0, 35779, 35779, 1, 0, 1.00, 1
8924, 35781, 1, 0, 35782, 35782, 1, 0, 1.00, 1
8925, 35782, 1, 0, 35791, 35791, 9, 8, 9.00, 1
8926, 35783, 9, 0, 35784, 35810, 27, 18, 3.00, 1
8927, 35785, 5, 0, 35786, 35790, 5, 0, 1.00, 1
8928, 35791, 3, 0, 35792, 35794, 3, 0, 1.00, 1
8929, 35794, 4, 0, 35795, 35798, 4, 0, 1.00, 1
8930, 35798, 9, 0, 35811, 35824, 26, 17, 2.89, 1
8931, 35812, 11, 0, 35844, 35892, 80, 69, 7.27, 1
8932, 35815, 4, 0, 35816, 35820, 5, 1, 1.25, 1
8933, 35818, 1, 0, 35819, 35819, 1, 0, 1.00, 1
8934, 35820, 8, 0, 35825, 35834, 14, 6, 1.75, 1
8935, 35825, 2, 0, 35826, 35827, 2, 0, 1.00, 1
8936, 35826, 9, 0, 35835, 35843, 17, 8, 1.89, 1
8937, 35845, 4, 0, 35846, 35850, 5, 1, 1.25, 1
8938, 35846, 8, 0, 35851, 35858, 12, 4, 1.50, 1
8939, 35848, 1, 0, 35849, 35849, 1, 0, 1.00, 1
8940, 35859, 9, 0, 35860, 35872, 13, 4, 1.44, 1
8941, 35860, 15, 0, 42538, 42552, 6692, 6677, 446.13, 1
8942, 35861, 4, 0, 35862, 35865, 4, 0, 1.00, 1
8943, 35868, 11, 0, 35935, 35951, 83, 72, 7.55, 1
8944, 35874, 1, 0, 35875, 35875, 1, 0, 1.00, 1
8945, 35876, 3, 0, 35877, 35881, 5, 2, 1.67, 1
8946, 35877, 15, 0, 42553, 42567, 6690, 6675, 446.00, 1
8947, 35878, 2, 0, 35879, 35880, 2, 0, 1.00, 1
8948, 35882, 1, 0, 35883, 35883, 1, 0, 1.00, 1
8949, 35885, 4, 0, 35886, 35889, 4, 0, 1.00, 1
8950, 35886, 8, 0, 35903, 35915, 29, 21, 3.62, 1
8951, 35890, 1, 0, 35891, 35891, 1, 0, 1.00, 1
8952, 35891, 3, 0, 35897, 35899, 8, 5, 2.67, 1
8953, 35892, 4, 0, 35893, 35902, 10, 6, 2.50, 1
8954, 35893, 3, 0, 35894, 35896, 3, 0, 1.00, 1
8955, 35900, 10, 0, 35916, 35929, 29, 19, 2.90, 1
8956, 35903, 3, 0, 35904, 35907, 4, 1, 1.33, 1
8957, 35904, 1, 0, 35905, 35905, 1, 0, 1.00, 1
8958, 35907, 1, 0, 35908, 35908, 1, 0, 1.00, 1
8959, 35918, 3, 0, 35919, 35921, 3, 0, 1.00, 1
8960, 35925, 1, 0, 35926, 35926, 1, 0, 1.00, 1
8961, 35926, 5, 0, 35930, 35934, 8, 3, 1.60, 1
8962, 35936, 2, 0, 35937, 35938, 2, 0, 1.00, 1
8963, 35937, 2, 0, 35939, 35940, 3, 1, 1.50, 1
8964, 35940, 9, 0, 36012, 36023, 83, 74, 9.22, 1
8965, 35947, 2, 0, 35948, 35949, 2, 0, 1.00, 1
8966, 35948, 3, 0, 35952, 35954, 6, 3, 2.00, 1
8967, 35953, 6, 0, 35955, 35960, 7, 1, 1.17, 1
8968, 35957, 6, 0, 35961, 35969, 12, 6, 2.00, 1
8969, 35958, 10, 0, 36073, 36082, 124, 114, 12.40, 1
8970, 35961, 6, 0, 35974, 35982, 21, 15, 3.50, 1
8971, 35963, 2, 0, 35964, 35965, 2, 0, 1.00, 1
8972, 35965, 1, 0, 35966, 35966, 1, 0, 1.00, 1
8973, 35967, 6, 0, 35983, 35988, 21, 15, 3.50, 1
8974, 35969, 4, 0, 35970, 35973, 4, 0, 1.00, 1
8975, 35974, 2, 0, 35975, 35976, 2, 0, 1.00, 1
8976, 35976, 1, 0, 35977, 35977, 1, 0, 1.00, 1
8977, 35977, 10, 0, 36083, 36101, 124, 114, 12.40, 1
8978, 35978, 8, 0, 35989, 36011, 33, 25, 4.12, 1
8979, 35980, 9, 0, 36024, 36044, 64, 55, 7.11, 1
8980, 35989, 4, 0, 35990, 35993, 4, 0, 1.00, 1
8981, 35991, 20, 0, 46554, 46573, 10582, 10562, 529.10, 1
8982, 35992, 5, 0, 36000, 36004, 12, 7, 2.40, 1
8983, 35993, 3, 0, 35994, 35996, 3, 0, 1.00, 1
8984, 35994, 3, 0, 35997, 35999, 5, 2, 1.67, 1
8985, 36012, 3, 0, 36013, 36015, 3, 0, 1.00, 1
8986, 36029, 5, 0, 36030, 36057, 28, 23, 5.60, 1
8987, 36030, 2, 0, 36031, 36032, 2, 0, 1.00, 1
8988, 36033, 5, 0, 36034, 36047, 14, 9, 2.80, 1
8989, 36034, 6, 0, 36067, 36072, 38, 32, 6.33, 1
8990, 36035, 1, 0, 36036, 36036, 1, 0, 1.00, 1
8991, 36036, 4, 0, 36058, 36061, 25, 21, 6.25, 1
8992, 36037, 6, 0, 36038, 36043, 6, 0, 1.00, 1
8993, 36047, 4, 0, 36048, 36051, 4, 0, 1.00, 1
8994, 36048, 5, 0, 36062, 36066, 18, 13, 3.60, 1
8995, 36051, 2, 0, 36052, 36053, 2, 0, 1.00, 1
8996, 36087, 1, 0, 36088, 36088, 1, 0, 1.00, 1
8997, 36088, 3, 0, 36089, 36093, 5, 2, 1.67, 1
8998, 36089, 1, 0, 36090, 36090, 1, 0, 1.00, 1
8999, 36090, 1, 0, 36091, 36091, 1, 0, 1.00, 1
9000, 36091, 24, 0, 48077, 48100, 12009, 11985, 500.38, 1
9001, 36096, 3, 0, 36097, 36099, 3, 0, 1.00, 1
9002, 36102, 5, 0, 36103, 36107, 5, 0, 1.00, 1
9003, 36110, 3, 0, 36111, 36113, 3, 0, 1.00, 1
9004, 36115, 8, 0, 36116, 36160, 45, 37, 5.62, 1
9005, 36117, 6, 0, 36118, 36123, 6, 0, 1.00, 1
9006, 36125, 3, 0, 36126, 36128, 3, 0, 1.00, 1
9007, 36129, 5, 0, 36130, 36136, 7, 2, 1.40, 1
9008, 36133, 2, 0, 36134, 36135, 2, 0, 1.00, 1
9009, 36136, 5, 0, 36140, 36146, 10, 5, 2.00, 1
9010, 36141, 14, 0, 41260, 41273, 5132, 5118, 366.57, 1
9011, 36142, 2, 0, 36143, 36144, 2, 0, 1.00, 1
9012, 36144, 4, 0, 36147, 36153, 9, 5, 2.25, 1
9013, 36147, 3, 0, 36148, 36150, 3, 0, 1.00, 1
9014, 36148, 27, 0, 48667, 48693, 12545, 12518, 464.63, 1
9015, 36150, 26, 0, 48480, 48505, 12355, 12329, 475.19, 1
9016, 36156, 1, 0, 36157, 36157, 1, 0, 1.00, 1
9017, 36162, 2, 0, 36163, 36164, 2, 0, 1.00, 1
9018, 36164, 1, 0, 36165, 36165, 1, 0, 1.00, 1
9019, 36165, 8, 0, 36166, 36191, 26, 18, 3.25, 1
9020, 36168, 4, 0, 36169, 36175, 7, 3, 1.75, 1
9021, 36171, 3, 0, 36172, 36174, 3, 0, 1.00, 1
9022, 36172, 7, 0, 36218, 36224, 52, 45, 7.43, 1
9023, 36176, 14, 0, 41274, 41287, 5111, 5097, 365.07, 1
9024, 36177, 6, 0, 36178, 36183, 6, 0, 1.00, 1
9025, 36179, 8, 0, 36232, 36239, 60, 52, 7.50, 1
9026, 36180, 6, 0, 36192, 36199, 19, 13, 3.17, 1
9027, 36184, 5, 0, 36185, 36189, 5, 0, 1.00, 1
9028, 36188, 6, 0, 36200, 36216, 28, 22, 4.67, 1
9029, 36193, 8, 0, 36240, 36261, 68, 60, 8.50, 1
9030, 36194, 2, 0, 36195, 36196, 2, 0, 1.00, 1
9031, 36200, 5, 0, 36201, 36209, 9, 4, 1.80, 1
9032, 36202, 4, 0, 36203, 36206, 4, 0, 1.00, 1
9033, 36209, 9, 0, 36285, 36295, 86, 77, 9.56, 1
9034, 36210, 2, 0, 36211, 36212, 2, 0, 1.00, 1
9035, 36216, 1, 0, 36217, 36217, 1, 0, 1.00, 1
9036, 36219, 26, 0, 48506, 48531, 12312, 12286, 473.54, 1
9037, 36223, 7, 0, 36225, 36231, 8, 1, 1.14, 1
9038, 36224, 11, 0, 36407, 36429, 205, 194, 18.64, 1
9039, 36231, 18, 0, 45404, 45421, 9190, 9172, 510.56, 1
9040, 36232, 16, 0, 43662, 43677, 7445, 7429, 465.31, 1
9041, 36240, 2, 0, 36241, 36242, 2, 0, 1.00, 1
9042, 36243, 3, 0, 36244, 36246, 3, 0, 1.00, 1
9043, 36247, 3, 0, 36248, 36250, 3, 0, 1.00, 1
9044, 36248, 11, 0, 36443, 36494, 246, 235, 22.36, 1
9045, 36254, 6, 0, 36255, 36260, 6, 0, 1.00, 1
9046, 36256, 6, 0, 36262, 36272, 16, 10, 2.67, 1
9047, 36264, 3, 0, 36265, 36269, 5, 2, 1.67, 1
9048, 36265, 2, 0, 36266, 36267, 2, 0, 1.00, 1
9049, 36267, 11, 0, 36618, 36645, 378, 367, 34.36, 1
9050, 36269, 5, 0, 36273, 36277, 8, 3, 1.60, 1
9051, 36270, 11, 0, 36646, 36662, 392, 381, 35.64, 1
9052, 36276, 7, 0, 36278, 36284, 8, 1, 1.14, 1
9053, 36290, 1, 0, 36291, 36291, 1, 0, 1.00, 1
9054, 36291, 1, 0, 36292, 36292, 1, 0, 1.00, 1
9055, 36293, 10, 0, 36296, 36319, 26, 16, 2.60, 1
9056, 36296, 2, 0, 36297, 36298, 2, 0, 1.00, 1
9057, 36298, 5, 0, 36299, 36303, 5, 0, 1.00, 1
9058, 36303, 9, 0, 36320, 36335, 32, 23, 3.56, 1
9059, 36305, 3, 0, 36306, 36308, 3, 0, 1.00, 1
9060, 36310, 3, 0, 36311, 36313, 3, 0, 1.00, 1
9061, 36317, 1, 0, 36318, 36318, 1, 0, 1.00, 1
9062, 36320, 12, 0, 36741, 36762, 442, 430, 36.83, 1
9063, 36324, 3, 0, 36325, 36329, 5, 2, 1.67, 1
9064, 36326, 2, 0, 36327, 36328, 2, 0, 1.00, 1
9065, 36331, 2, 0, 36332, 36333, 2, 0, 1.00, 1
9066, 36333, 3, 0, 36336, 36338, 5, 2, 1.67, 1
9067, 36341, 2, 0, 36342, 36343, 2, 0, 1.00, 1
9068, 36342, 3, 0, 36344, 36348, 6, 3, 2.00, 1
9069, 36345, 2, 0, 36346, 36347, 2, 0, 1.00, 1
9070, 36346, 2, 0, 36349, 36350, 4, 2, 2.00, 1
9071, 36349, 5, 0, 36351, 36356, 7, 2, 1.40, 1
9072, 36351, 1, 0, 36352, 36352, 1, 0, 1.00, 1
9073, 36356, 8, 0, 36365, 36372, 16, 8, 2.00, 1
9074, 36364, 14, 0, 41288, 41301, 4937, 4923, 352.64, 1
9075, 36370, 9, 0, 36373, 36385, 15, 6, 1.67, 1
9076, 36376, 1, 0, 36377, 36377, 1, 0, 1.00, 1
9077, 36377, 1, 0, 36378, 36378, 1, 0, 1.00, 1
9078, 36382, 2, 0, 36383, 36384, 2, 0, 1.00, 1
9079, 36384, 4, 0, 36402, 36406, 22, 18, 5.50, 1
9080, 36385, 8, 0, 36386, 36401, 16, 8, 2.00, 1
9081, 36391, 2, 0, 36392, 36393, 2, 0, 1.00, 1
9082, 36394, 6, 0, 36395, 36400, 6, 0, 1.00, 1
9083, 36403, 1, 0, 36404, 36404, 1, 0, 1.00, 1
9084, 36409, 2, 0, 36410, 36411, 2, 0, 1.00, 1
9085, 36410, 3, 0, 36412, 36417, 7, 4, 2.33, 1
9086, 36412, 2, 0, 36413, 36414, 2, 0, 1.00, 1
9087, 36415, 1, 0, 36416, 36416, 1, 0, 1.00, 1
9088, 36418, 4, 0, 36419, 36422, 4, 0, 1.00, 1
9089, 36424, 16, 0, 43678, 43693, 7269, 7253, 454.31, 1
9090, 36429, 6, 0, 36430, 36439, 10, 4, 1.67, 1
9091, 36434, 4, 0, 36435, 36438, 4, 0, 1.00, 1
9092, 36439, 3, 0, 36440, 36442, 3, 0, 1.00, 1
9093, 36443, 6, 0, 36444, 36449, 6, 0, 1.00, 1
9094, 36449, 4, 0, 36450, 36453, 4, 0, 1.00, 1
9095, 36453, 5, 0, 36454, 36461, 8, 3, 1.60, 1
9096, 36455, 3, 0, 36456, 36458, 3, 0, 1.00, 1
9097, 36466, 1, 0, 36467, 36467, 1, 0, 1.00, 1
9098, 36468, 7, 0, 36469, 36475, 7, 0, 1.00, 1
9099, 36475, 1, 0, 36476, 36476, 1, 0, 1.00, 1
9100, 36476, 2, 0, 36477, 36478, 2, 0, 1.00, 1
9101, 36478, 12, 0, 36777, 36796, 318, 306, 26.50, 1
9102, 36479, 6, 0, 36480, 36491, 12, 6, 2.00, 1
9103, 36480, 8, 0, 36503, 36520, 40, 32, 5.00, 1
9104, 36484, 5, 0, 36485, 36489, 5, 0, 1.00, 1
9105, 36486, 7, 0, 36495, 36502, 16, 9, 2.29, 1
9106, 36489, 1, 0, 36490, 36490, 1, 0, 1.00, 1
9107, 36496, 1, 0, 36497, 36497, 1, 0, 1.00, 1
9108, 36505, 7, 0, 36506, 36526, 21, 14, 3.00, 1
9109, 36506, 1, 0, 36507, 36507, 1, 0, 1.00, 1
9110, 36508, 6, 0, 36509, 36516, 8, 2, 1.33, 1
9111, 36509, 8, 0, 36527, 36542, 33, 25, 4.12, 1
9112, 36512, 2, 0, 36513, 36514, 2, 0, 1.00, 1
9113, 36524, 9, 0, 36544, 36552, 28, 19, 3.11, 1
9114, 36532, 3, 0, 36533, 36535, 3, 0, 1.00, 1
9115, 36534, 15, 0, 42568, 42582, 6048, 6033, 403.20, 1
9116, 36535, 10, 0, 36553, 36570, 35, 25, 3.50, 1
9117, 36536, 5, 0, 36537, 36541, 5, 0, 1.00, 1
9118, 36542, 1, 0, 36543, 36543, 1, 0, 1.00, 1
9119, 36544, 11, 0, 36668, 36692, 148, 137, 13.45, 1
9120, 36557, 3, 0, 36558, 36560, 3, 0, 1.00, 1
9121, 36559, 21, 0, 47075, 47095, 10536, 10515, 501.71, 1
9122, 36560, 2, 0, 36561, 36562, 2, 0, 1.00, 1
9123, 36566, 3, 0, 36567, 36569, 3, 0, 1.00, 1
9124, 36570, 2, 0, 36571, 36572, 2, 0, 1.00, 1
9125, 36572, 8, 0, 36573, 36581, 9, 1, 1.12, 1
9126, 36576, 1, 0, 36577, 36577, 1, 0, 1.00, 1
9127, 36578, 9, 0, 36582, 36598, 20, 11, 2.22, 1
9128, 36582, 8, 0, 36583, 36590, 8, 0, 1.00, 1
9129, 36588, 9, 0, 36599, 36617, 29, 20, 3.22, 1
9130, 36599, 5, 0, 36600, 36604, 5, 0, 1.00, 1
9131, 36606, 11, 0, 36700, 36716, 110, 99, 10.00, 1
9132, 36607, 5, 0, 36608, 36612, 5, 0, 1.00, 1
9133, 36617, 11, 0, 36719, 36733, 116, 105, 10.55, 1
9134, 36618, 3, 0, 36619, 36621, 3, 0, 1.00, 1
9135, 36621, 2, 0, 36622, 36623, 2, 0, 1.00, 1
9136, 36623, 2, 0, 36624, 36625, 2, 0, 1.00, 1
9137, 36626, 4, 0, 36627, 36630, 4, 0, 1.00, 1
9138, 36630, 2, 0, 36631, 36632, 2, 0, 1.00, 1
9139, 36632, 3, 0, 36633, 36635, 3, 0, 1.00, 1
9140, 36643, 1, 0, 36644, 36644, 1, 0, 1.00, 1
9141, 36646, 12, 0, 36814, 36839, 193, 181, 16.08, 1
9142, 36654, 7, 0, 36655, 36667, 13, 6, 1.86, 1
9143, 36656, 2, 0, 36657, 36658, 2, 0, 1.00, 1
9144, 36659, 2, 0, 36660, 36661, 2, 0, 1.00, 1
9145, 36668, 5, 0, 36669, 36678, 10, 5, 2.00, 1
9146, 36669, 1, 0, 36670, 36670, 1, 0, 1.00, 1
9147, 36672, 3, 0, 36673, 36680, 8, 5, 2.67, 1
9148, 36673, 2, 0, 36674, 36675, 2, 0, 1.00, 1
9149, 36674, 13, 0, 37383, 37419, 745, 732, 57.31, 1
9150, 36675, 1, 0, 36676, 36676, 1, 0, 1.00, 1
9151, 36688, 2, 0, 36689, 36690, 2, 0, 1.00, 1
9152, 36690, 5, 0, 36693, 36699, 9, 4, 1.80, 1
9153, 36695, 2, 0, 36696, 36697, 2, 0, 1.00, 1
9154, 36700, 2, 0, 36701, 36702, 2, 0, 1.00, 1
9155, 36703, 4, 0, 36704, 36707, 4, 0, 1.00, 1
9156, 36704, 12, 0, 36870, 36904, 200, 188, 16.67, 1
9157, 36716, 2, 0, 36717, 36718, 2, 0, 1.00, 1
9158, 36728, 4, 0, 36729, 36732, 4, 0, 1.00, 1
9159, 36733, 5, 0, 36734, 36740, 7, 2, 1.40, 1
9160, 36734, 1, 0, 36735, 36735, 1, 0, 1.00, 1
9161, 36738, 1, 0, 36739, 36739, 1, 0, 1.00, 1
9162, 36747, 4, 0, 36748, 36752, 5, 1, 1.25, 1
9163, 36748, 12, 0, 36933, 36973, 225, 213, 18.75, 1
9164, 36750, 1, 0, 36751, 36751, 1, 0, 1.00, 1
9165, 36754, 2, 0, 36755, 36756, 2, 0, 1.00, 1
9166, 36758, 3, 0, 36759, 36761, 3, 0, 1.00, 1
9167, 36761, 7, 0, 36763, 36776, 15, 8, 2.14, 1
9168, 36764, 2, 0, 36765, 36766, 2, 0, 1.00, 1
9169, 36767, 1, 0, 36768, 36768, 1, 0, 1.00, 1
9170, 36770, 4, 0, 36771, 36774, 4, 0, 1.00, 1
9171, 36780, 1, 0, 36781, 36781, 1, 0, 1.00, 1
9172, 36783, 3, 0, 36784, 36786, 3, 0, 1.00, 1
9173, 36784, 7, 0, 36797, 36812, 28, 21, 4.00, 1
9174, 36786, 12, 0, 37061, 37132, 346, 334, 28.83, 1
9175, 36788, 3, 0, 36789, 36791, 3, 0, 1.00, 1
9176, 36791, 1, 0, 36792, 36792, 1, 0, 1.00, 1
9177, 36798, 4, 0, 36799, 36805, 7, 3, 1.75, 1
9178, 36800, 3, 0, 36801, 36803, 3, 0, 1.00, 1
9179, 36801, 14, 0, 41302, 41315, 4514, 4500, 322.43, 1
9180, 36809, 2, 0, 36810, 36813, 4, 2, 2.00, 1
9181, 36810, 1, 0, 36811, 36811, 1, 0, 1.00, 1
9182, 36816, 2, 0, 36817, 36818, 2, 0, 1.00, 1
9183, 36818, 1, 0, 36819, 36819, 1, 0, 1.00, 1
9184, 36820, 3, 0, 36821, 36824, 4, 1, 1.33, 1
9185, 36822, 1, 0, 36823, 36823, 1, 0, 1.00, 1
9186, 36829, 2, 0, 36830, 36831, 2, 0, 1.00, 1
9187, 36830, 4, 0, 36840, 36844, 14, 10, 3.50, 1
9188, 36832, 7, 0, 36833, 36851, 19, 12, 2.71, 1
9189, 36834, 3, 0, 36835, 36837, 3, 0, 1.00, 1
9190, 36839, 15, 0, 42583, 42597, 5758, 5743, 383.87, 1
9191, 36842, 1, 0, 36843, 36843, 1, 0, 1.00, 1
9192, 36844, 5, 0, 36852, 36856, 12, 7, 2.40, 1
9193, 36848, 2, 0, 36849, 36850, 2, 0, 1.00, 1
9194, 36856, 3, 0, 36857, 36859, 3, 0, 1.00, 1
9195, 36859, 7, 0, 36860, 36869, 10, 3, 1.43, 1
9196, 36862, 2, 0, 36863, 36864, 2, 0, 1.00, 1
9197, 36867, 1, 0, 36868, 36868, 1, 0, 1.00, 1
9198, 36875, 1, 0, 36876, 36876, 1, 0, 1.00, 1
9199, 36877, 9, 0, 36878, 36913, 36, 27, 4.00, 1
9200, 36880, 3, 0, 36881, 36884, 4, 1, 1.33, 1
9201, 36882, 1, 0, 36883, 36883, 1, 0, 1.00, 1
9202, 36883, 3, 0, 36885, 36887, 4, 1, 1.33, 1
9203, 36888, 5, 0, 36889, 36893, 5, 0, 1.00, 1
9204, 36893, 1, 0, 36894, 36894, 1, 0, 1.00, 1
9205, 36896, 7, 0, 36897, 36907, 11, 4, 1.57, 1
9206, 36900, 2, 0, 36901, 36902, 2, 0, 1.00, 1
9207, 36905, 11, 0, 36914, 36932, 27, 16, 2.45, 1
9208, 36919, 6, 0, 36920, 36925, 6, 0, 1.00, 1
9209, 36921, 12, 0, 37133, 37144, 223, 211, 18.58, 1
9210, 36925, 2, 0, 36926, 36927, 2, 0, 1.00, 1
9211, 36934, 6, 0, 36935, 36943, 9, 3, 1.50, 1
9212, 36935, 3, 0, 36936, 36938, 3, 0, 1.00, 1
9213, 36936, 13, 0, 37506, 37522, 586, 573, 45.08, 1
9214, 36940, 15, 0, 42598, 42612, 5672, 5657, 378.13, 1
9215, 36947, 2, 0, 36948, 36949, 2, 0, 1.00, 1
9216, 36949, 6, 0, 36974, 36979, 30, 24, 5.00, 1
9217, 36950, 6, 0, 36951, 36963, 13, 7, 2.17, 1
9218, 36954, 4, 0, 36955, 36960, 6, 2, 1.50, 1
9219, 36957, 2, 0, 36958, 36959, 2, 0, 1.00, 1
9220, 36961, 1, 0, 36962, 36962, 1, 0, 1.00, 1
9221, 36965, 5, 0, 36966, 36970, 5, 0, 1.00, 1
9222, 36967, 8, 0, 36980, 36993, 26, 18, 3.25, 1
9223, 36978, 9, 0, 37008, 37037, 59, 50, 6.56, 1
9224, 36981, 1, 0, 36982, 36982, 1, 0, 1.00, 1
9225, 36986, 6, 0, 36987, 37007, 21, 15, 3.50, 1
9226, 36987, 4, 0, 36988, 36991, 4, 0, 1.00, 1
9227, 36995, 3, 0, 36996, 37000, 5, 2, 1.67, 1
9228, 36997, 2, 0, 36998, 36999, 2, 0, 1.00, 1
9229, 37001, 1, 0, 37002, 37002, 1, 0, 1.00, 1
9230, 37003, 3, 0, 37004, 37006, 3, 0, 1.00, 1
9231, 37008, 6, 0, 37009, 37016, 8, 2, 1.33, 1
9232, 37010, 2, 0, 37011, 37012, 2, 0, 1.00, 1
9233, 37013, 12, 0, 37145, 37156, 143, 131, 11.92, 1
9234, 37017, 17, 0, 44439, 44455, 7438, 7421, 437.53, 1
9235, 37022, 2, 0, 37023, 37024, 2, 0, 1.00, 1
9236, 37025, 8, 0, 37026, 37048, 23, 15, 2.88, 1
9237, 37027, 6, 0, 37028, 37038, 11, 5, 1.83, 1
9238, 37031, 9, 0, 37049, 37060, 29, 20, 3.22, 1
9239, 37032, 3, 0, 37033, 37039, 7, 4, 2.33, 1
9240, 37034, 2, 0, 37035, 37036, 2, 0, 1.00, 1
9241, 37044, 3, 0, 37045, 37047, 3, 0, 1.00, 1
9242, 37050, 3, 0, 37051, 37053, 3, 0, 1.00, 1
9243, 37061, 3, 0, 37062, 37066, 5, 2, 1.67, 1
9244, 37063, 2, 0, 37064, 37065, 2, 0, 1.00, 1
9245, 37065, 8, 0, 37067, 37086, 21, 13, 2.62, 1
9246, 37070, 5, 0, 37071, 37076, 6, 1, 1.20, 1
9247, 37071, 5, 0, 37087, 37091, 20, 15, 4.00, 1
9248, 37073, 1, 0, 37074, 37074, 1, 0, 1.00, 1
9249, 37075, 6, 0, 37092, 37104, 29, 23, 4.83, 1
9250, 37077, 3, 0, 37078, 37080, 3, 0, 1.00, 1
9251, 37082, 3, 0, 37083, 37085, 3, 0, 1.00, 1
9252, 37093, 5, 0, 37094, 37099, 6, 1, 1.20, 1
9253, 37095, 1, 0, 37096, 37096, 1, 0, 1.00, 1
9254, 37098, 6, 0, 37105, 37110, 12, 6, 2.00, 1
9255, 37099, 1, 0, 37100, 37100, 1, 0, 1.00, 1
9256, 37113, 8, 0, 37114, 37121, 8, 0, 1.00, 1
9257, 37125, 3, 0, 37126, 37128, 3, 0, 1.00, 1
9258, 37157, 1, 0, 37158, 37158, 1, 0, 1.00, 1
9259, 37163, 5, 0, 37164, 37168, 5, 0, 1.00, 1
9260, 37168, 1, 0, 37169, 37169, 1, 0, 1.00, 1
9261, 37171, 2, 0, 37172, 37173, 2, 0, 1.00, 1
9262, 37180, 12, 0, 37181, 37344, 164, 152, 13.67, 1
9263, 37181, 2, 0, 37182, 37183, 2, 0, 1.00, 1
9264, 37183, 10, 0, 37184, 37198, 15, 5, 1.50, 1
9265, 37184, 1, 0, 37185, 37185, 1, 0, 1.00, 1
9266, 37191, 3, 0, 37192, 37195, 4, 1, 1.33, 1
9267, 37192, 1, 0, 37193, 37193, 1, 0, 1.00, 1
9268, 37201, 5, 0, 37202, 37206, 5, 0, 1.00, 1
9269, 37207, 9, 0, 37208, 37233, 26, 17, 2.89, 1
9270, 37211, 8, 0, 37212, 37219, 8, 0, 1.00, 1
9271, 37217, 9, 0, 37296, 37309, 92, 83, 10.22, 1
9272, 37219, 3, 0, 37220, 37222, 3, 0, 1.00, 1
9273, 37222, 5, 0, 37234, 37238, 16, 11, 3.20, 1
9274, 37223, 1, 0, 37224, 37224, 1, 0, 1.00, 1
9275, 37224, 7, 0, 37289, 37295, 71, 64, 10.14, 1
9276, 37226, 7, 0, 37227, 37250, 24, 17, 3.43, 1
9277, 37228, 2, 0, 37229, 37231, 3, 1, 1.50, 1
9278, 37229, 1, 0, 37230, 37230, 1, 0, 1.00, 1
9279, 37238, 9, 0, 37310, 37318, 80, 71, 8.89, 1
9280, 37240, 4, 0, 37241, 37244, 4, 0, 1.00, 1
9281, 37245, 17, 0, 44456, 44472, 7227, 7210, 425.12, 1
9282, 37246, 3, 0, 37247, 37249, 3, 0, 1.00, 1
9283, 37251, 8, 0, 37252, 37263, 12, 4, 1.50, 1
9284, 37254, 2, 0, 37255, 37256, 2, 0, 1.00, 1
9285, 37258, 2, 0, 37259, 37260, 2, 0, 1.00, 1
9286, 37259, 6, 0, 37276, 37288, 29, 23, 4.83, 1
9287, 37262, 15, 0, 42613, 42627, 5365, 5350, 357.67, 1
9288, 37263, 4, 0, 37264, 37267, 4, 0, 1.00, 1
9289, 37267, 2, 0, 37268, 37269, 2, 0, 1.00, 1
9290, 37274, 14, 0, 41316, 41329, 4055, 4041, 289.64, 1
9291, 37276, 5, 0, 37277, 37281, 5, 0, 1.00, 1
9292, 37283, 2, 0, 37284, 37285, 2, 0, 1.00, 1
9293, 37290, 10, 0, 37319, 37328, 38, 28, 3.80, 1
9294, 37296, 5, 0, 37297, 37301, 5, 0, 1.00, 1
9295, 37330, 1, 0, 37331, 37331, 1, 0, 1.00, 1
9296, 37335, 2, 0, 37336, 37337, 2, 0, 1.00, 1
9297, 37339, 1, 0, 37340, 37340, 1, 0, 1.00, 1
9298, 37342, 1, 0, 37343, 37343, 1, 0, 1.00, 1
9299, 37352, 2, 0, 37353, 37354, 2, 0, 1.00, 1
9300, 37357, 16, 0, 43694, 43709, 6352, 6336, 397.00, 1
9301, 37363, 15, 0, 42628, 42642, 5279, 5264, 351.93, 1
9302, 37370, 4, 0, 37371, 37374, 4, 0, 1.00, 1
9303, 37374, 2, 0, 37375, 37376, 2, 0, 1.00, 1
9304, 37376, 1, 0, 37377, 37377, 1, 0, 1.00, 1
9305, 37378, 2, 0, 37379, 37380, 2, 0, 1.00, 1
9306, 37381, 1, 0, 37382, 37382, 1, 0, 1.00, 1
9307, 37387, 2, 0, 37388, 37389, 2, 0, 1.00, 1
9308, 37388, 4, 0, 37390, 37393, 5, 1, 1.25, 1
9309, 37391, 6, 0, 37394, 37399, 8, 2, 1.33, 1
9310, 37394, 18, 0, 45422, 45439, 8045, 8027, 446.94, 1
9311, 37405, 3, 0, 37406, 37408, 3, 0, 1.00, 1
9312, 37406, 4, 0, 37423, 37429, 23, 19, 5.75, 1
9313, 37409, 8, 0, 37410, 37421, 12, 4, 1.50, 1
9314, 37415, 2, 0, 37416, 37417, 2, 0, 1.00, 1
9315, 37417, 1, 0, 37418, 37418, 1, 0, 1.00, 1
9316, 37418, 12, 0, 37436, 37490, 72, 60, 6.00, 1
9317, 37421, 1, 0, 37422, 37422, 1, 0, 1.00, 1
9318, 37425, 3, 0, 37426, 37428, 3, 0, 1.00, 1
9319, 37429, 2, 0, 37430, 37431, 2, 0, 1.00, 1
9320, 37430, 4, 0, 37432, 37435, 5, 1, 1.25, 1
9321, 37436, 1, 0, 37437, 37437, 1, 0, 1.00, 1
9322, 37437, 9, 0, 37438, 37449, 12, 3, 1.33, 1
9323, 37445, 3, 0, 37446, 37448, 3, 0, 1.00, 1
9324, 37449, 6, 0, 37450, 37455, 6, 0, 1.00, 1
9325, 37451, 7, 0, 37456, 37470, 19, 12, 2.71, 1
9326, 37458, 1, 0, 37459, 37459, 1, 0, 1.00, 1
9327, 37459, 3, 0, 37460, 37464, 5, 2, 1.67, 1
9328, 37461, 2, 0, 37462, 37463, 2, 0, 1.00, 1
9329, 37464, 2, 0, 37465, 37466, 2, 0, 1.00, 1
9330, 37471, 20, 0, 46574, 46593, 9122, 9102, 456.10, 1
9331, 37477, 3, 0, 37478, 37484, 7, 4, 2.33, 1
9332, 37478, 2, 0, 37479, 37480, 2, 0, 1.00, 1
9333, 37481, 2, 0, 37482, 37483, 2, 0, 1.00, 1
9334, 37486, 2, 0, 37487, 37488, 2, 0, 1.00, 1
9335, 37488, 6, 0, 37491, 37503, 15, 9, 2.50, 1
9336, 37492, 4, 0, 37493, 37497, 5, 1, 1.25, 1
9337, 37495, 1, 0, 37496, 37496, 1, 0, 1.00, 1
9338, 37499, 3, 0, 37500, 37505, 6, 3, 2.00, 1
9339, 37500, 1, 0, 37501, 37501, 1, 0, 1.00, 1
9340, 37515, 2, 0, 37516, 37517, 2, 0, 1.00, 1
9341, 37519, 9, 0, 37520, 37532, 13, 4, 1.44, 1
9342, 37520, 1, 0, 37521, 37521, 1, 0, 1.00, 1
9343, 37524, 2, 0, 37525, 37526, 2, 0, 1.00, 1
9344, 37540, 2, 0, 37541, 37542, 2, 0, 1.00, 1
9345, 37543, 2, 0, 37544, 37546, 3, 1, 1.50, 1
9346, 37544, 1, 0, 37545, 37545, 1, 0, 1.00, 1
9347, 37549, 9, 0, 37550, 37567, 18, 9, 2.00, 1
9348, 37552, 1, 0, 37553, 37553, 1, 0, 1.00, 1
9349, 37555, 5, 0, 37556, 37561, 6, 1, 1.20, 1
9350, 37558, 1, 0, 37559, 37559, 1, 0, 1.00, 1
9351, 37568, 2, 0, 37569, 37571, 3, 1, 1.50, 1
9352, 37569, 1, 0, 37570, 37570, 1, 0, 1.00, 1
9353, 37580, 5, 0, 37581, 37589, 9, 4, 1.80, 1
9354, 37584, 4, 0, 37585, 37588, 4, 0, 1.00, 1
9355, 37589, 2, 0, 37590, 37591, 2, 0, 1.00, 1
9356, 37592, 3, 0, 37593, 37595, 3, 0, 1.00, 1
9357, 37598, 9, 0, 37599, 37619, 21, 12, 2.33, 1
9358, 37601, 5, 0, 37602, 37609, 8, 3, 1.60, 1
9359, 37603, 3, 0, 37604, 37606, 3, 0, 1.00, 1
9360, 37613, 4, 0, 37614, 37627, 14, 10, 3.50, 1
9361, 37615, 2, 0, 37616, 37617, 2, 0, 1.00, 1
9362, 37616, 3, 0, 37628, 37630, 14, 11, 4.67, 1
9363, 37617, 9, 0, 37635, 37656, 39, 30, 4.33, 1
9364, 37619, 5, 0, 37620, 37634, 15, 10, 3.00, 1
9365, 37621, 2, 0, 37622, 37623, 2, 0, 1.00, 1
9366, 37624, 2, 0, 37625, 37626, 2, 0, 1.00, 1
9367, 37632, 1, 0, 37633, 37633, 1, 0, 1.00, 1
9368, 37637, 5, 0, 37638, 37642, 5, 0, 1.00, 1
9369, 37642, 1, 0, 37643, 37643, 1, 0, 1.00, 1
9370, 37643, 6, 0, 37659, 37664, 21, 15, 3.50, 1
9371, 37645, 2, 0, 37646, 37647, 2, 0, 1.00, 1
9372, 37647, 9, 0, 37665, 37674, 27, 18, 3.00, 1
9373, 37650, 4, 0, 37651, 37658, 8, 4, 2.00, 1
9374, 37652, 3, 0, 37653, 37655, 3, 0, 1.00, 1
9375, 37670, 1, 0, 37671, 37671, 1, 0, 1.00, 1
9376, 37682, 5, 0, 37683, 37688, 6, 1, 1.20, 1
9377, 37684, 1, 0, 37685, 37685, 1, 0, 1.00, 1
9378, 37692, 2, 0, 37693, 37694, 2, 0, 1.00, 1
9379, 37707, 15, 0, 42643, 42657, 4950, 4935, 330.00, 1
9380, 37713, 12, 0, 37714, 37737, 24, 12, 2.00, 1
9381, 37717, 6, 0, 37718, 37726, 9, 3, 1.50, 1
9382, 37718, 3, 0, 37719, 37721, 3, 0, 1.00, 1
9383, 37730, 3, 0, 37731, 37733, 3, 0, 1.00, 1
9384, 37740, 1, 0, 37741, 37741, 1, 0, 1.00, 1
9385, 37744, 12, 0, 37745, 37780, 36, 24, 3.00, 1
9386, 37749, 3, 0, 37750, 37752, 3, 0, 1.00, 1
9387, 37755, 10, 0, 37756, 37773, 18, 8, 1.80, 1
9388, 37760, 2, 0, 37761, 37762, 2, 0, 1.00, 1
9389, 37766, 2, 0, 37767, 37768, 2, 0, 1.00, 1
9390, 37769, 2, 0, 37770, 37771, 2, 0, 1.00, 1
9391, 37777, 12, 0, 37781, 37838, 61, 49, 5.08, 1
9392, 37784, 5, 0, 37785, 37790, 6, 1, 1.20, 1
9393, 37788, 1, 0, 37789, 37789, 1, 0, 1.00, 1
9394, 37790, 6, 0, 37791, 37804, 14, 8, 2.33, 1
9395, 37791, 3, 0, 37792, 37794, 3, 0, 1.00, 1
9396, 37792, 4, 0, 37795, 37799, 7, 3, 1.75, 1
9397, 37796, 1, 0, 37797, 37797, 1, 0, 1.00, 1
9398, 37798, 5, 0, 37805, 37809, 11, 6, 2.20, 1
9399, 37810, 2, 0, 37811, 37812, 2, 0, 1.00, 1
9400, 37812, 3, 0, 37813, 37815, 3, 0, 1.00, 1
9401, 37816, 5, 0, 37817, 37823, 7, 2, 1.40, 1
9402, 37819, 8, 0, 37839, 37846, 27, 19, 3.38, 1
9403, 37820, 2, 0, 37821, 37822, 2, 0, 1.00, 1
9404, 37823, 2, 0, 37824, 37825, 2, 0, 1.00, 1
9405, 37828, 4, 0, 37829, 37832, 4, 0, 1.00, 1
9406, 37831, 8, 0, 37847, 37854, 23, 15, 2.88, 1
9407, 37833, 3, 0, 37834, 37836, 3, 0, 1.00, 1
9408, 37844, 10, 0, 37855, 37888, 44, 34, 4.40, 1
9409, 37846, 11, 0, 37889, 37922, 76, 65, 6.91, 1
9410, 37855, 6, 0, 37856, 37865, 10, 4, 1.67, 1
9411, 37858, 4, 0, 37859, 37862, 4, 0, 1.00, 1
9412, 37866, 4, 0, 37867, 37873, 7, 3, 1.75, 1
9413, 37868, 2, 0, 37869, 37870, 2, 0, 1.00, 1
9414, 37870, 1, 0, 37871, 37871, 1, 0, 1.00, 1
9415, 37875, 7, 0, 37876, 37882, 7, 0, 1.00, 1
9416, 37881, 20, 0, 46594, 46613, 8732, 8712, 436.60, 1
9417, 37884, 11, 0, 37923, 37949, 65, 54, 5.91, 1
9418, 37889, 2, 0, 37890, 37891, 2, 0, 1.00, 1
9419, 37891, 4, 0, 37892, 37897, 6, 2, 1.50, 1
9420, 37892, 2, 0, 37893, 37894, 2, 0, 1.00, 1
9421, 37893, 4, 0, 37900, 37903, 10, 6, 2.50, 1
9422, 37894, 12, 0, 38240, 38266, 372, 360, 31.00, 1
9423, 37895, 18, 0, 45440, 45457, 7562, 7544, 420.11, 1
9424, 37897, 2, 0, 37898, 37899, 2, 0, 1.00, 1
9425, 37898, 7, 0, 37904, 37910, 12, 5, 1.71, 1
9426, 37899, 14, 0, 41330, 41343, 3444, 3430, 246.00, 1
9427, 37910, 11, 0, 37953, 37987, 77, 66, 7.00, 1
9428, 37911, 2, 0, 37912, 37913, 2, 0, 1.00, 1
9429, 37923, 8, 0, 37924, 37937, 14, 6, 1.75, 1
9430, 37930, 5, 0, 37931, 37935, 5, 0, 1.00, 1
9431, 37935, 1, 0, 37936, 37936, 1, 0, 1.00, 1
9432, 37945, 2, 0, 37946, 37947, 2, 0, 1.00, 1
9433, 37946, 2, 0, 37951, 37952, 6, 4, 3.00, 1
9434, 37949, 1, 0, 37950, 37950, 1, 0, 1.00, 1
9435, 37954, 6, 0, 37955, 37970, 16, 10, 2.67, 1
9436, 37956, 8, 0, 37971, 37978, 22, 14, 2.75, 1
9437, 37957, 5, 0, 37958, 37962, 5, 0, 1.00, 1
9438, 37958, 10, 0, 37999, 38016, 58, 48, 5.80, 1
9439, 37963, 3, 0, 37964, 37966, 3, 0, 1.00, 1
9440, 37966, 2, 0, 37967, 37968, 2, 0, 1.00, 1
9441, 37969, 9, 0, 37988, 37998, 29, 20, 3.22, 1
9442, 37988, 2, 0, 37989, 37990, 2, 0, 1.00, 1
9443, 38002, 1, 0, 38003, 38003, 1, 0, 1.00, 1
9444, 38004, 2, 0, 38005, 38006, 2, 0, 1.00, 1
9445, 38006, 8, 0, 38024, 38033, 27, 19, 3.38, 1
9446, 38010, 5, 0, 38011, 38015, 5, 0, 1.00, 1
9447, 38011, 6, 0, 38017, 38023, 12, 6, 2.00, 1
9448, 38012, 10, 0, 38202, 38217, 205, 195, 20.50, 1
9449, 38021, 1, 0, 38022, 38022, 1, 0, 1.00, 1
9450, 38024, 8, 0, 38035, 38050, 26, 18, 3.25, 1
9451, 38030, 2, 0, 38031, 38034, 4, 2, 2.00, 1
9452, 38031, 1, 0, 38032, 38032, 1, 0, 1.00, 1
9453, 38037, 1, 0, 38038, 38038, 1, 0, 1.00, 1
9454, 38039, 6, 0, 38040, 38046, 7, 1, 1.17, 1
9455, 38043, 1, 0, 38044, 38044, 1, 0, 1.00, 1
9456, 38044, 4, 0, 38051, 38057, 13, 9, 3.25, 1
9457, 38046, 7, 0, 38062, 38073, 27, 20, 3.86, 1
9458, 38049, 18, 0, 45458, 45475, 7426, 7408, 412.56, 1
9459, 38051, 4, 0, 38058, 38061, 10, 6, 2.50, 1
9460, 38052, 1, 0, 38053, 38053, 1, 0, 1.00, 1
9461, 38054, 2, 0, 38055, 38056, 2, 0, 1.00, 1
9462, 38061, 9, 0, 38074, 38105, 44, 35, 4.89, 1
9463, 38062, 2, 0, 38063, 38065, 3, 1, 1.50, 1
9464, 38063, 1, 0, 38064, 38064, 1, 0, 1.00, 1
9465, 38067, 2, 0, 38068, 38069, 2, 0, 1.00, 1
9466, 38071, 23, 0, 47695, 47717, 9646, 9623, 419.39, 1
9467, 38075, 2, 0, 38076, 38077, 2, 0, 1.00, 1
9468, 38076, 5, 0, 38078, 38082, 6, 1, 1.20, 1
9469, 38087, 8, 0, 38088, 38144, 57, 49, 7.12, 1
9470, 38090, 3, 0, 38091, 38093, 3, 0, 1.00, 1
9471, 38094, 7, 0, 38095, 38107, 13, 6, 1.86, 1
9472, 38099, 3, 0, 38100, 38102, 3, 0, 1.00, 1
9473, 38102, 2, 0, 38103, 38104, 2, 0, 1.00, 1
9474, 38103, 4, 0, 38113, 38117, 14, 10, 3.50, 1
9475, 38107, 5, 0, 38108, 38112, 5, 0, 1.00, 1
9476, 38113, 1, 0, 38114, 38114, 1, 0, 1.00, 1
9477, 38114, 5, 0, 38145, 38149, 35, 30, 7.00, 1
9478, 38117, 2, 0, 38118, 38119, 2, 0, 1.00, 1
9479, 38120, 6, 0, 38121, 38132, 12, 6, 2.00, 1
9480, 38124, 4, 0, 38125, 38137, 13, 9, 3.25, 1
9481, 38125, 2, 0, 38126, 38127, 2, 0, 1.00, 1
9482, 38126, 3, 0, 38138, 38140, 14, 11, 4.67, 1
9483, 38128, 3, 0, 38129, 38131, 3, 0, 1.00, 1
9484, 38133, 8, 0, 38161, 38172, 39, 31, 4.88, 1
9485, 38134, 2, 0, 38135, 38136, 2, 0, 1.00, 1
9486, 38137, 24, 0, 48101, 48124, 9987, 9963, 416.12, 1
9487, 38146, 7, 0, 38150, 38160, 14, 7, 2.00, 1
9488, 38150, 2, 0, 38151, 38152, 2, 0, 1.00, 1
9489, 38152, 8, 0, 38182, 38199, 47, 39, 5.88, 1
9490, 38153, 2, 0, 38154, 38155, 2, 0, 1.00, 1
9491, 38154, 10, 0, 38227, 38239, 85, 75, 8.50, 1
9492, 38163, 6, 0, 38164, 38179, 16, 10, 2.67, 1
9493, 38164, 3, 0, 38165, 38167, 3, 0, 1.00, 1
9494, 38174, 2, 0, 38175, 38176, 2, 0, 1.00, 1
9495, 38178, 16, 0, 43710, 43725, 5547, 5531, 346.69, 1
9496, 38179, 2, 0, 38180, 38181, 2, 0, 1.00, 1
9497, 38184, 6, 0, 38185, 38190, 6, 0, 1.00, 1
9498, 38194, 5, 0, 38195, 38201, 7, 2, 1.40, 1
9499, 38197, 1, 0, 38198, 38198, 1, 0, 1.00, 1
9500, 38202, 3, 0, 38203, 38205, 3, 0, 1.00, 1
9501, 38209, 1, 0, 38210, 38210, 1, 0, 1.00, 1
9502, 38213, 2, 0, 38214, 38215, 2, 0, 1.00, 1
9503, 38215, 4, 0, 38218, 38221, 6, 2, 1.50, 1
9504, 38221, 1, 0, 38222, 38222, 1, 0, 1.00, 1
9505, 38222, 4, 0, 38223, 38226, 4, 0, 1.00, 1
9506, 38229, 3, 0, 38230, 38232, 3, 0, 1.00, 1
9507, 38231, 25, 0, 48325, 48349, 10118, 10093, 404.72, 1
9508, 38243, 2, 0, 38244, 38245, 2, 0, 1.00, 1
9509, 38247, 2, 0, 38248, 38249, 2, 0, 1.00, 1
9510, 38248, 11, 0, 38284, 38303, 55, 44, 5.00, 1
9511, 38249, 1, 0, 38250, 38250, 1, 0, 1.00, 1
9512, 38251, 5, 0, 38252, 38257, 6, 1, 1.20, 1
9513, 38254, 9, 0, 38267, 38283, 29, 20, 3.22, 1
9514, 38255, 1, 0, 38256, 38256, 1, 0, 1.00, 1
9515, 38257, 4, 0, 38258, 38261, 4, 0, 1.00, 1
9516, 38267, 2, 0, 38268, 38269, 2, 0, 1.00, 1
9517, 38271, 6, 0, 38272, 38277, 6, 0, 1.00, 1
9518, 38279, 13, 0, 38356, 38372, 93, 80, 7.15, 1
9519, 38286, 1, 0, 38287, 38287, 1, 0, 1.00, 1
9520, 38287, 2, 0, 38288, 38289, 2, 0, 1.00, 1
9521, 38293, 36, 0, 49374, 49409, 11116, 11080, 308.78, 1
9522, 38294, 5, 0, 38295, 38312, 18, 13, 3.60, 1
9523, 38295, 5, 0, 38313, 38317, 22, 17, 4.40, 1
9524, 38296, 4, 0, 38297, 38300, 4, 0, 1.00, 1
9525, 38304, 4, 0, 38305, 38308, 4, 0, 1.00, 1
9526, 38306, 6, 0, 38318, 38323, 17, 11, 2.83, 1
9527, 38308, 12, 0, 38324, 38340, 32, 20, 2.67, 1
9528, 38309, 2, 0, 38310, 38311, 2, 0, 1.00, 1
9529, 38327, 3, 0, 38328, 38330, 3, 0, 1.00, 1
9530, 38336, 2, 0, 38337, 38338, 2, 0, 1.00, 1
9531, 38338, 10, 0, 38341, 38355, 17, 7, 1.70, 1
9532, 38339, 17, 0, 44473, 44489, 6150, 6133, 361.76, 1
9533, 38345, 1, 0, 38346, 38346, 1, 0, 1.00, 1
9534, 38346, 4, 0, 38347, 38350, 4, 0, 1.00, 1
9535, 38359, 2, 0, 38360, 38361, 2, 0, 1.00, 1
9536, 38367, 2, 0, 38368, 38369, 2, 0, 1.00, 1
9537, 38377, 1, 0, 38378, 38378, 1, 0, 1.00, 1
9538, 38379, 3, 0, 38380, 38382, 3, 0, 1.00, 1
9539, 38381, 4, 0, 38383, 38388, 7, 3, 1.75, 1
9540, 38385, 2, 0, 38386, 38387, 2, 0, 1.00, 1
9541, 38388, 14, 0, 41344, 41357, 2969, 2955, 212.07, 1
9542, 38389, 7, 0, 38390, 38403, 14, 7, 2.00, 1
9543, 38390, 3, 0, 38391, 38393, 3, 0, 1.00, 1
9544, 38393, 1, 0, 38394, 38394, 1, 0, 1.00, 1
9545, 38397, 1, 0, 38398, 38398, 1, 0, 1.00, 1
9546, 38399, 5, 0, 38400, 38409, 10, 5, 2.00, 1
9547, 38400, 1, 0, 38401, 38401, 1, 0, 1.00, 1
9548, 38403, 1, 0, 38404, 38404, 1, 0, 1.00, 1
9549, 38404, 1, 0, 38405, 38405, 1, 0, 1.00, 1
9550, 38407, 5, 0, 38410, 38414, 7, 2, 1.40, 1
9551, 38409, 11, 0, 38657, 38679, 270, 259, 24.55, 1
9552, 38416, 2, 0, 38417, 38418, 2, 0, 1.00, 1
9553, 38417, 12, 0, 38808, 38832, 415, 403, 34.58, 1
9554, 38418, 5, 0, 38424, 38432, 14, 9, 2.80, 1
9555, 38424, 3, 0, 38425, 38428, 4, 1, 1.33, 1
9556, 38425, 1, 0, 38426, 38426, 1, 0, 1.00, 1
9557, 38426, 4, 0, 38433, 38436, 10, 6, 2.50, 1
9558, 38433, 8, 0, 38437, 38450, 17, 9, 2.12, 1
9559, 38438, 5, 0, 38439, 38443, 5, 0, 1.00, 1
9560, 38443, 1, 0, 38444, 38444, 1, 0, 1.00, 1
9561, 38447, 11, 0, 38680, 38705, 258, 247, 23.45, 1
9562, 38449, 8, 0, 38451, 38471, 22, 14, 2.75, 1
9563, 38452, 2, 0, 38453, 38454, 2, 0, 1.00, 1
9564, 38453, 6, 0, 38472, 38488, 35, 29, 5.83, 1
9565, 38454, 5, 0, 38455, 38464, 10, 5, 2.00, 1
9566, 38455, 4, 0, 38456, 38459, 4, 0, 1.00, 1
9567, 38462, 1, 0, 38463, 38463, 1, 0, 1.00, 1
9568, 38465, 1, 0, 38466, 38466, 1, 0, 1.00, 1
9569, 38472, 1, 0, 38473, 38473, 1, 0, 1.00, 1
9570, 38473, 1, 0, 38474, 38474, 1, 0, 1.00, 1
9571, 38475, 2, 0, 38476, 38477, 2, 0, 1.00, 1
9572, 38477, 1, 0, 38478, 38478, 1, 0, 1.00, 1
9573, 38479, 3, 0, 38480, 38482, 3, 0, 1.00, 1
9574, 38480, 4, 0, 38502, 38508, 28, 24, 7.00, 1
9575, 38481, 3, 0, 38493, 38495, 14, 11, 4.67, 1
9576, 38482, 3, 0, 38496, 38498, 16, 13, 5.33, 1
9577, 38484, 3, 0, 38485, 38487, 3, 0, 1.00, 1
9578, 38488, 2, 0, 38489, 38490, 2, 0, 1.00, 1
9579, 38489, 5, 0, 38514, 38518, 29, 24, 5.80, 1
9580, 38490, 2, 0, 38491, 38492, 2, 0, 1.00, 1
9581, 38491, 3, 0, 38499, 38501, 10, 7, 3.33, 1
9582, 38497, 4, 0, 38510, 38513, 16, 12, 4.00, 1
9583, 38499, 6, 0, 38519, 38533, 34, 28, 5.67, 1
9584, 38502, 3, 0, 38503, 38505, 3, 0, 1.00, 1
9585, 38505, 8, 0, 38550, 38564, 59, 51, 7.38, 1
9586, 38508, 1, 0, 38509, 38509, 1, 0, 1.00, 1
9587, 38511, 11, 0, 38781, 38791, 280, 269, 25.45, 1
9588, 38512, 6, 0, 38534, 38541, 29, 23, 4.83, 1
9589, 38522, 4, 0, 38523, 38526, 4, 0, 1.00, 1
9590, 38527, 5, 0, 38528, 38532, 5, 0, 1.00, 1
9591, 38533, 7, 0, 38542, 38549, 16, 9, 2.29, 1
9592, 38537, 8, 0, 38567, 38574, 37, 29, 4.62, 1
9593, 38538, 2, 0, 38539, 38540, 2, 0, 1.00, 1
9594, 38539, 10, 0, 38594, 38619, 80, 70, 8.00, 1
9595, 38541, 9, 0, 38575, 38590, 49, 40, 5.44, 1
9596, 38547, 1, 0, 38548, 38548, 1, 0, 1.00, 1
9597, 38551, 7, 0, 38552, 38558, 7, 0, 1.00, 1
9598, 38560, 32, 0, 49207, 49238, 10678, 10646, 333.69, 1
9599, 38564, 2, 0, 38565, 38566, 2, 0, 1.00, 1
9600, 38580, 4, 0, 38581, 38586, 6, 2, 1.50, 1
9601, 38582, 2, 0, 38583, 38584, 2, 0, 1.00, 1
9602, 38584, 3, 0, 38591, 38593, 9, 6, 3.00, 1
9603, 38588, 1, 0, 38589, 38589, 1, 0, 1.00, 1
9604, 38595, 1, 0, 38596, 38596, 1, 0, 1.00, 1
9605, 38599, 3, 0, 38600, 38602, 3, 0, 1.00, 1
9606, 38602, 1, 0, 38603, 38603, 1, 0, 1.00, 1
9607, 38604, 8, 0, 38605, 38613, 9, 1, 1.12, 1
9608, 38610, 1, 0, 38611, 38611, 1, 0, 1.00, 1
9609, 38611, 7, 0, 38631, 38641, 30, 23, 4.29, 1
9610, 38615, 7, 0, 38616, 38630, 15, 8, 2.14, 1
9611, 38616, 1, 0, 38617, 38617, 1, 0, 1.00, 1
9612, 38617, 3, 0, 38622, 38624, 7, 4, 2.33, 1
9613, 38619, 2, 0, 38620, 38621, 2, 0, 1.00, 1
9614, 38631, 7, 0, 38647, 38656, 25, 18, 3.57, 1
9615, 38632, 3, 0, 38633, 38636, 4, 1, 1.33, 1
9616, 38633, 1, 0, 38634, 38634, 1, 0, 1.00, 1
9617, 38635, 5, 0, 38642, 38646, 11, 6, 2.20, 1
9618, 38650, 3, 0, 38651, 38653, 3, 0, 1.00, 1
9619, 38657, 2, 0, 38658, 38659, 2, 0, 1.00, 1
9620, 38661, 8, 0, 38662, 38669, 8, 0, 1.00, 1
9621, 38673, 2, 0, 38674, 38675, 2, 0, 1.00, 1
9622, 38680, 1, 0, 38681, 38681, 1, 0, 1.00, 1
9623, 38686, 1, 0, 38687, 38687, 1, 0, 1.00, 1
9624, 38687, 17, 0, 44490, 44506, 5819, 5802, 342.29, 1
9625, 38689, 2, 0, 38690, 38691, 2, 0, 1.00, 1
9626, 38691, 1, 0, 38692, 38692, 1, 0, 1.00, 1
9627, 38693, 9, 0, 38694, 38734, 41, 32, 4.56, 1
9628, 38694, 5, 0, 38695, 38712, 18, 13, 3.60, 1
9629, 38696, 3, 0, 38697, 38701, 5, 2, 1.67, 1
9630, 38698, 2, 0, 38699, 38700, 2, 0, 1.00, 1
9631, 38699, 10, 0, 38735, 38750, 51, 41, 5.10, 1
9632, 38701, 1, 0, 38702, 38702, 1, 0, 1.00, 1
9633, 38702, 1, 0, 38703, 38703, 1, 0, 1.00, 1
9634, 38703, 2, 0, 38706, 38707, 4, 2, 2.00, 1
9635, 38706, 2, 0, 38708, 38709, 3, 1, 1.50, 1
9636, 38714, 5, 0, 38715, 38727, 13, 8, 2.60, 1
9637, 38715, 4, 0, 38716, 38722, 7, 3, 1.75, 1
9638, 38718, 3, 0, 38719, 38721, 3, 0, 1.00, 1
9639, 38722, 1, 0, 38723, 38723, 1, 0, 1.00, 1
9640, 38731, 1, 0, 38732, 38732, 1, 0, 1.00, 1
9641, 38737, 1, 0, 38738, 38738, 1, 0, 1.00, 1
9642, 38738, 2, 0, 38739, 38740, 2, 0, 1.00, 1
9643, 38744, 13, 0, 38866, 38881, 137, 124, 10.54, 1
9644, 38746, 3, 0, 38747, 38751, 5, 2, 1.67, 1
9645, 38747, 5, 0, 38755, 38759, 12, 7, 2.40, 1
9646, 38748, 1, 0, 38749, 38749, 1, 0, 1.00, 1
9647, 38751, 3, 0, 38752, 38754, 3, 0, 1.00, 1
9648, 38753, 5, 0, 38764, 38770, 17, 12, 3.40, 1
9649, 38759, 4, 0, 38760, 38763, 4, 0, 1.00, 1
9650, 38762, 17, 0, 44507, 44523, 5761, 5744, 338.88, 1
9651, 38766, 2, 0, 38767, 38768, 2, 0, 1.00, 1
9652, 38767, 3, 0, 38771, 38773, 6, 3, 2.00, 1
9653, 38773, 5, 0, 38774, 38780, 7, 2, 1.40, 1
9654, 38775, 2, 0, 38776, 38777, 2, 0, 1.00, 1
9655, 38791, 4, 0, 38792, 38795, 4, 0, 1.00, 1
9656, 38794, 4, 0, 38796, 38799, 5, 1, 1.25, 1
9657, 38796, 5, 0, 38800, 38807, 11, 6, 2.20, 1
9658, 38799, 19, 0, 46119, 46137, 7338, 7319, 386.21, 1
9659, 38803, 3, 0, 38804, 38806, 3, 0, 1.00, 1
9660, 38809, 1, 0, 38810, 38810, 1, 0, 1.00, 1
9661, 38811, 14, 0, 41358, 41371, 2560, 2546, 182.86, 1
9662, 38818, 5, 0, 38819, 38823, 5, 0, 1.00, 1
9663, 38823, 4, 0, 38824, 38830, 7, 3, 1.75, 1
9664, 38825, 5, 0, 38843, 38847, 22, 17, 4.40, 1
9665, 38826, 3, 0, 38827, 38829, 3, 0, 1.00, 1
9666, 38832, 6, 0, 38833, 38842, 10, 4, 1.67, 1
9667, 38834, 4, 0, 38835, 38838, 4, 0, 1.00, 1
9668, 38836, 29, 0, 48838, 48866, 10030, 10001, 345.86, 1
9669, 38837, 5, 0, 38848, 38854, 17, 12, 3.40, 1
9670, 38838, 19, 0, 46138, 46156, 7318, 7299, 385.16, 1
9671, 38842, 6, 0, 38855, 38865, 23, 17, 3.83, 1
9672, 38849, 2, 0, 38850, 38851, 2, 0, 1.00, 1
9673, 38855, 4, 0, 38856, 38860, 5, 1, 1.25, 1
9674, 38857, 1, 0, 38858, 38858, 1, 0, 1.00, 1
9675, 38871, 10, 0, 38872, 38904, 33, 23, 3.30, 1
9676, 38873, 1, 0, 38874, 38874, 1, 0, 1.00, 1
9677, 38882, 1, 0, 38883, 38883, 1, 0, 1.00, 1
9678, 38883, 6, 0, 38884, 38889, 6, 0, 1.00, 1
9679, 38890, 1, 0, 38891, 38891, 1, 0, 1.00, 1
9680, 38891, 2, 0, 38892, 38893, 2, 0, 1.00, 1
9681, 38893, 2, 0, 38894, 38895, 2, 0, 1.00, 1
9682, 38894, 3, 0, 38896, 38898, 4, 1, 1.33, 1
9683, 38898, 6, 0, 38910, 38919, 21, 15, 3.50, 1
9684, 38904, 2, 0, 38905, 38906, 2, 0, 1.00, 1
9685, 38905, 3, 0, 38907, 38909, 4, 1, 1.33, 1
9686, 38914, 4, 0, 38915, 38918, 4, 0, 1.00, 1
9687, 38915, 11, 0, 38925, 38952, 37, 26, 3.36, 1
9688, 38919, 3, 0, 38920, 38924, 5, 2, 1.67, 1
9689, 38920, 13, 0, 39556, 39602, 682, 669, 52.46, 1
9690, 38921, 2, 0, 38922, 38923, 2, 0, 1.00, 1
9691, 38927, 8, 0, 38928, 38940, 13, 5, 1.62, 1
9692, 38931, 11, 0, 38953, 38970, 39, 28, 3.55, 1
9693, 38932, 3, 0, 38933, 38937, 5, 2, 1.67, 1
9694, 38933, 2, 0, 38934, 38935, 2, 0, 1.00, 1
9695, 38943, 4, 0, 38944, 38947, 4, 0, 1.00, 1
9696, 38945, 14, 0, 41372, 41385, 2440, 2426, 174.29, 1
9697, 38950, 11, 0, 39003, 39088, 138, 127, 12.55, 1
9698, 38959, 7, 0, 38960, 38974, 15, 8, 2.14, 1
9699, 38960, 14, 0, 41386, 41399, 2439, 2425, 174.21, 1
9700, 38961, 7, 0, 38981, 38989, 28, 21, 4.00, 1
9701, 38962, 4, 0, 38963, 38966, 4, 0, 1.00, 1
9702, 38974, 6, 0, 38975, 38980, 6, 0, 1.00, 1
9703, 38982, 1, 0, 38983, 38983, 1, 0, 1.00, 1
9704, 38984, 1, 0, 38985, 38985, 1, 0, 1.00, 1
9705, 38985, 5, 0, 38990, 38994, 9, 4, 1.80, 1
9706, 38989, 14, 0, 41400, 41413, 2424, 2410, 173.14, 1
9707, 38990, 18, 0, 45476, 45493, 6503, 6485, 361.28, 1
9708, 38994, 3, 0, 38995, 38997, 3, 0, 1.00, 1
9709, 38995, 4, 0, 38998, 39001, 6, 2, 1.50, 1
9710, 39001, 1, 0, 39002, 39002, 1, 0, 1.00, 1
9711, 39004, 10, 0, 39005, 39030, 26, 16, 2.60, 1
9712, 39008, 8, 0, 39009, 39020, 12, 4, 1.50, 1
9713, 39011, 1, 0, 39012, 39012, 1, 0, 1.00, 1
9714, 39013, 1, 0, 39014, 39014, 1, 0, 1.00, 1
9715, 39014, 8, 0, 39031, 39051, 37, 29, 4.62, 1
9716, 39016, 10, 0, 39196, 39219, 203, 193, 20.30, 1
9717, 39017, 2, 0, 39018, 39019, 2, 0, 1.00, 1
9718, 39019, 2, 0, 39021, 39022, 3, 1, 1.50, 1
9719, 39021, 2, 0, 39023, 39024, 3, 1, 1.50, 1
9720, 39031, 1, 0, 39032, 39032, 1, 0, 1.00, 1
9721, 39033, 3, 0, 39034, 39036, 3, 0, 1.00, 1
9722, 39035, 4, 0, 39037, 39040, 5, 1, 1.25, 1
9723, 39038, 5, 0, 39041, 39045, 7, 2, 1.40, 1
9724, 39042, 8, 0, 39052, 39070, 28, 20, 3.50, 1
9725, 39050, 17, 0, 44524, 44540, 5490, 5473, 322.94, 1
9726, 39053, 4, 0, 39054, 39057, 4, 0, 1.00, 1
9727, 39059, 10, 0, 39282, 39301, 242, 232, 24.20, 1
9728, 39060, 7, 0, 39061, 39067, 7, 0, 1.00, 1
9729, 39065, 17, 0, 44541, 44557, 5492, 5475, 323.06, 1
9730, 39075, 3, 0, 39076, 39078, 3, 0, 1.00, 1
9731, 39077, 4, 0, 39089, 39095, 18, 14, 4.50, 1
9732, 39079, 9, 0, 39080, 39116, 37, 28, 4.11, 1
9733, 39082, 2, 0, 39083, 39085, 3, 1, 1.50, 1
9734, 39083, 1, 0, 39084, 39084, 1, 0, 1.00, 1
9735, 39091, 3, 0, 39092, 39098, 7, 4, 2.33, 1
9736, 39092, 2, 0, 39093, 39094, 2, 0, 1.00, 1
9737, 39095, 1, 0, 39096, 39096, 1, 0, 1.00, 1
9738, 39099, 2, 0, 39100, 39101, 2, 0, 1.00, 1
9739, 39100, 5, 0, 39121, 39126, 26, 21, 5.20, 1
9740, 39103, 5, 0, 39104, 39108, 5, 0, 1.00, 1
9741, 39109, 3, 0, 39110, 39112, 3, 0, 1.00, 1
9742, 39113, 3, 0, 39114, 39120, 7, 4, 2.33, 1
9743, 39114, 1, 0, 39115, 39115, 1, 0, 1.00, 1
9744, 39116, 2, 0, 39117, 39118, 2, 0, 1.00, 1
9745, 39119, 10, 0, 39317, 39347, 228, 218, 22.80, 1
9746, 39121, 1, 0, 39122, 39122, 1, 0, 1.00, 1
9747, 39126, 2, 0, 39127, 39128, 2, 0, 1.00, 1
9748, 39128, 3, 0, 39129, 39131, 3, 0, 1.00, 1
9749, 39131, 6, 0, 39132, 39140, 9, 3, 1.50, 1
9750, 39133, 2, 0, 39134, 39135, 2, 0, 1.00, 1
9751, 39135, 6, 0, 39141, 39146, 11, 5, 1.83, 1
9752, 39138, 1, 0, 39139, 39139, 1, 0, 1.00, 1
9753, 39140, 8, 0, 39147, 39195, 55, 47, 6.88, 1
9754, 39147, 4, 0, 39148, 39154, 7, 3, 1.75, 1
9755, 39148, 3, 0, 39149, 39151, 3, 0, 1.00, 1
9756, 39153, 5, 0, 39155, 39159, 6, 1, 1.20, 1
9757, 39154, 6, 0, 39160, 39169, 15, 9, 2.50, 1
9758, 39162, 1, 0, 39163, 39163, 1, 0, 1.00, 1
9759, 39164, 2, 0, 39165, 39166, 2, 0, 1.00, 1
9760, 39167, 1, 0, 39168, 39168, 1, 0, 1.00, 1
9761, 39168, 5, 0, 39170, 39177, 9, 4, 1.80, 1
9762, 39171, 2, 0, 39172, 39173, 2, 0, 1.00, 1
9763, 39172, 5, 0, 39178, 39182, 10, 5, 2.00, 1
9764, 39173, 1, 0, 39174, 39174, 1, 0, 1.00, 1
9765, 39176, 11, 0, 39412, 39426, 250, 239, 22.73, 1
9766, 39184, 5, 0, 39185, 39189, 5, 0, 1.00, 1
9767, 39188, 11, 0, 39427, 39454, 266, 255, 24.18, 1
9768, 39193, 1, 0, 39194, 39194, 1, 0, 1.00, 1
9769, 39202, 4, 0, 39203, 39207, 5, 1, 1.25, 1
9770, 39203, 4, 0, 39222, 39225, 22, 18, 5.50, 1
9771, 39205, 1, 0, 39206, 39206, 1, 0, 1.00, 1
9772, 39207, 13, 0, 39632, 39668, 461, 448, 35.46, 1
9773, 39209, 5, 0, 39210, 39214, 5, 0, 1.00, 1
9774, 39210, 10, 0, 39348, 39381, 171, 161, 17.10, 1
9775, 39214, 4, 0, 39215, 39221, 7, 3, 1.75, 1
9776, 39215, 6, 0, 39226, 39232, 17, 11, 2.83, 1
9777, 39216, 2, 0, 39217, 39218, 2, 0, 1.00, 1
9778, 39224, 8, 0, 39233, 39250, 26, 18, 3.25, 1
9779, 39228, 1, 0, 39229, 39229, 1, 0, 1.00, 1
9780, 39233, 7, 0, 39234, 39241, 8, 1, 1.14, 1
9781, 39236, 1, 0, 39237, 39237, 1, 0, 1.00, 1
9782, 39237, 7, 0, 39251, 39257, 20, 13, 2.86, 1
9783, 39246, 2, 0, 39247, 39248, 2, 0, 1.00, 1
9784, 39248, 7, 0, 39263, 39281, 33, 26, 4.71, 1
9785, 39257, 3, 0, 39258, 39262, 5, 2, 1.67, 1
9786, 39259, 2, 0, 39260, 39261, 2, 0, 1.00, 1
9787, 39264, 18, 0, 45494, 45511, 6247, 6229, 347.06, 1
9788, 39266, 5, 0, 39267, 39276, 10, 5, 2.00, 1
9789, 39269, 1, 0, 39270, 39270, 1, 0, 1.00, 1
9790, 39270, 2, 0, 39277, 39278, 8, 6, 4.00, 1
9791, 39271, 4, 0, 39272, 39275, 4, 0, 1.00, 1
9792, 39288, 1, 0, 39289, 39289, 1, 0, 1.00, 1
9793, 39291, 8, 0, 39292, 39299, 8, 0, 1.00, 1
9794, 39299, 1, 0, 39300, 39300, 1, 0, 1.00, 1
9795, 39301, 3, 0, 39302, 39304, 3, 0, 1.00, 1
9796, 39303, 5, 0, 39307, 39315, 12, 7, 2.40, 1
9797, 39304, 2, 0, 39305, 39306, 2, 0, 1.00, 1
9798, 39308, 2, 0, 39309, 39311, 3, 1, 1.50, 1
9799, 39309, 1, 0, 39310, 39310, 1, 0, 1.00, 1
9800, 39311, 1, 0, 39312, 39312, 1, 0, 1.00, 1
9801, 39315, 1, 0, 39316, 39316, 1, 0, 1.00, 1
9802, 39320, 9, 0, 39321, 39334, 14, 5, 1.56, 1
9803, 39326, 5, 0, 39327, 39331, 5, 0, 1.00, 1
9804, 39332, 23, 0, 47718, 47740, 8408, 8385, 365.57, 1
9805, 39335, 6, 0, 39336, 39341, 6, 0, 1.00, 1
9806, 39345, 1, 0, 39346, 39346, 1, 0, 1.00, 1
9807, 39350, 9, 0, 39351, 39360, 10, 1, 1.11, 1
9808, 39355, 1, 0, 39356, 39356, 1, 0, 1.00, 1
9809, 39357, 9, 0, 39401, 39411, 54, 45, 6.00, 1
9810, 39360, 5, 0, 39361, 39365, 5, 0, 1.00, 1
9811, 39368, 9, 0, 39369, 39400, 32, 23, 3.56, 1
9812, 39369, 7, 0, 39370, 39376, 7, 0, 1.00, 1
9813, 39376, 1, 0, 39377, 39377, 1, 0, 1.00, 1
9814, 39381, 1, 0, 39382, 39382, 1, 0, 1.00, 1
9815, 39383, 6, 0, 39384, 39390, 7, 1, 1.17, 1
9816, 39386, 1, 0, 39387, 39387, 1, 0, 1.00, 1
9817, 39395, 2, 0, 39396, 39398, 3, 1, 1.50, 1
9818, 39396, 1, 0, 39397, 39397, 1, 0, 1.00, 1
9819, 39401, 1, 0, 39402, 39402, 1, 0, 1.00, 1
9820, 39406, 12, 0, 39529, 39544, 138, 126, 11.50, 1
9821, 39408, 11, 0, 39465, 39483, 75, 64, 6.82, 1
9822, 39409, 1, 0, 39410, 39410, 1, 0, 1.00, 1
9823, 39415, 2, 0, 39416, 39417, 2, 0, 1.00, 1
9824, 39417, 18, 0, 45512, 45529, 6112, 6094, 339.56, 1
9825, 39419, 1, 0, 39420, 39420, 1, 0, 1.00, 1
9826, 39420, 15, 0, 42658, 42672, 3252, 3237, 216.80, 1
9827, 39422, 15, 0, 42673, 42687, 3265, 3250, 217.67, 1
9828, 39423, 1, 0, 39424, 39424, 1, 0, 1.00, 1
9829, 39428, 3, 0, 39429, 39431, 3, 0, 1.00, 1
9830, 39433, 5, 0, 39434, 39438, 5, 0, 1.00, 1
9831, 39438, 2, 0, 39439, 39440, 2, 0, 1.00, 1
9832, 39442, 7, 0, 39443, 39464, 22, 15, 3.14, 1
9833, 39443, 2, 0, 39444, 39445, 2, 0, 1.00, 1
9834, 39444, 3, 0, 39446, 39448, 4, 1, 1.33, 1
9835, 39449, 1, 0, 39450, 39450, 1, 0, 1.00, 1
9836, 39455, 4, 0, 39456, 39459, 4, 0, 1.00, 1
9837, 39468, 1, 0, 39469, 39469, 1, 0, 1.00, 1
9838, 39470, 8, 0, 39471, 39505, 35, 27, 4.38, 1
9839, 39471, 15, 0, 42688, 42702, 3231, 3216, 215.40, 1
9840, 39472, 4, 0, 39473, 39476, 4, 0, 1.00, 1
9841, 39478, 1, 0, 39479, 39479, 1, 0, 1.00, 1
9842, 39484, 4, 0, 39485, 39488, 4, 0, 1.00, 1
9843, 39488, 4, 0, 39489, 39492, 4, 0, 1.00, 1
9844, 39491, 7, 0, 39514, 39521, 30, 23, 4.29, 1
9845, 39494, 5, 0, 39495, 39509, 15, 10, 3.00, 1
9846, 39495, 1, 0, 39496, 39496, 1, 0, 1.00, 1
9847, 39497, 3, 0, 39498, 39500, 3, 0, 1.00, 1
9848, 39501, 3, 0, 39502, 39504, 3, 0, 1.00, 1
9849, 39503, 4, 0, 39510, 39513, 10, 6, 2.50, 1
9850, 39515, 1, 0, 39516, 39516, 1, 0, 1.00, 1
9851, 39521, 7, 0, 39522, 39528, 7, 0, 1.00, 1
9852, 39530, 1, 0, 39531, 39531, 1, 0, 1.00, 1
9853, 39536, 3, 0, 39537, 39539, 3, 0, 1.00, 1
9854, 39537, 9, 0, 39545, 39553, 16, 7, 1.78, 1
9855, 39553, 2, 0, 39554, 39555, 2, 0, 1.00, 1
9856, 39556, 3, 0, 39557, 39559, 3, 0, 1.00, 1
9857, 39560, 8, 0, 39561, 39574, 14, 6, 1.75, 1
9858, 39561, 5, 0, 39562, 39566, 5, 0, 1.00, 1
9859, 39572, 1, 0, 39573, 39573, 1, 0, 1.00, 1
9860, 39573, 3, 0, 39575, 39577, 4, 1, 1.33, 1
9861, 39577, 6, 0, 39578, 39587, 10, 4, 1.67, 1
9862, 39578, 12, 0, 39603, 39621, 43, 31, 3.58, 1
9863, 39580, 2, 0, 39581, 39582, 2, 0, 1.00, 1
9864, 39583, 2, 0, 39584, 39585, 2, 0, 1.00, 1
9865, 39584, 20, 0, 46614, 46633, 7049, 7029, 352.45, 1
9866, 39590, 4, 0, 39591, 39594, 4, 0, 1.00, 1
9867, 39608, 1, 0, 39609, 39609, 1, 0, 1.00, 1
9868, 39611, 2, 0, 39612, 39613, 2, 0, 1.00, 1
9869, 39616, 3, 0, 39617, 39622, 6, 3, 2.00, 1
9870, 39618, 2, 0, 39619, 39620, 2, 0, 1.00, 1
9871, 39619, 9, 0, 39623, 39631, 12, 3, 1.33, 1
9872, 39637, 9, 0, 39638, 39685, 48, 39, 5.33, 1
9873, 39638, 2, 0, 39639, 39640, 2, 0, 1.00, 1
9874, 39642, 11, 0, 39643, 39676, 34, 23, 3.09, 1
9875, 39648, 2, 0, 39649, 39650, 2, 0, 1.00, 1
9876, 39653, 5, 0, 39654, 39658, 5, 0, 1.00, 1
9877, 39655, 8, 0, 39686, 39693, 38, 30, 4.75, 1
9878, 39659, 5, 0, 39660, 39664, 5, 0, 1.00, 1
9879, 39660, 8, 0, 39698, 39707, 47, 39, 5.88, 1
9880, 39664, 3, 0, 39665, 39667, 3, 0, 1.00, 1
9881, 39671, 3, 0, 39672, 39674, 3, 0, 1.00, 1
9882, 39678, 1, 0, 39679, 39679, 1, 0, 1.00, 1
9883, 39693, 2, 0, 39694, 39696, 3, 1, 1.50, 1
9884, 39694, 1, 0, 39695, 39695, 1, 0, 1.00, 1
9885, 39695, 1, 0, 39697, 39697, 2, 1, 2.00, 1
9886, 39699, 2, 0, 39700, 39701, 2, 0, 1.00, 1
9887, 39709, 19, 0, 46157, 46175, 6466, 6447, 340.32, 1
9888, 39711, 9, 0, 39712, 39720, 9, 0, 1.00, 1
9889, 39723, 4, 0, 39724, 39728, 5, 1, 1.25, 1
9890, 39725, 1, 0, 39726, 39726, 1, 0, 1.00, 1
9891, 39728, 1, 0, 39729, 39729, 1, 0, 1.00, 1
9892, 39732, 7, 0, 39733, 39744, 12, 5, 1.71, 1
9893, 39733, 7, 0, 39745, 39754, 21, 14, 3.00, 1
9894, 39734, 1, 0, 39735, 39735, 1, 0, 1.00, 1
9895, 39750, 3, 0, 39751, 39753, 3, 0, 1.00, 1
9896, 39753, 5, 0, 39760, 39764, 11, 6, 2.20, 1
9897, 39754, 3, 0, 39755, 39759, 5, 2, 1.67, 1
9898, 39755, 1, 0, 39756, 39756, 1, 0, 1.00, 1
9899, 39757, 1, 0, 39758, 39758, 1, 0, 1.00, 1
9900, 39763, 6, 0, 39765, 39770, 7, 1, 1.17, 1
9901, 39778, 1, 0, 39779, 39779, 1, 0, 1.00, 1
9902, 39788, 8, 0, 39789, 39802, 14, 6, 1.75, 1
9903, 39790, 19, 0, 46176, 46194, 6404, 6385, 337.05, 1
9904, 39791, 2, 0, 39792, 39793, 2, 0, 1.00, 1
9905, 39796, 4, 0, 39797, 39800, 4, 0, 1.00, 1
9906, 39799, 6, 0, 39805, 39810, 11, 5, 1.83, 1
9907, 39802, 2, 0, 39803, 39804, 2, 0, 1.00, 1
9908, 39820, 4, 0, 39821, 39829, 9, 5, 2.25, 1
9909, 39822, 3, 0, 39823, 39827, 5, 2, 1.67, 1
9910, 39824, 1, 0, 39825, 39825, 1, 0, 1.00, 1
9911, 39830, 4, 0, 39831, 39834, 4, 0, 1.00, 1
9912, 39834, 19, 0, 46195, 46213, 6379, 6360, 335.74, 1
9913, 39836, 15, 0, 42703, 42717, 2881, 2866, 192.07, 1
9914, 39837, 1, 0, 39838, 39838, 1, 0, 1.00, 1
9915, 39841, 7, 0, 39842, 39851, 10, 3, 1.43, 1
9916, 39844, 3, 0, 39845, 39847, 3, 0, 1.00, 1
9917, 39852, 4, 0, 39853, 39856, 4, 0, 1.00, 1
9918, 39861, 8, 0, 39862, 39873, 12, 4, 1.50, 1
9919, 39864, 2, 0, 39865, 39868, 4, 2, 2.00, 1
9920, 39865, 1, 0, 39866, 39866, 1, 0, 1.00, 1
9921, 39875, 8, 0, 39876, 39884, 9, 1, 1.12, 1
9922, 39877, 1, 0, 39878, 39878, 1, 0, 1.00, 1
9923, 39878, 16, 0, 43726, 43741, 3863, 3847, 241.44, 1
9924, 39885, 2, 0, 39886, 39887, 2, 0, 1.00, 1
9925, 39889, 3, 0, 39890, 39892, 3, 0, 1.00, 1
9926, 39890, 7, 0, 39893, 39902, 12, 5, 1.71, 1
9927, 39893, 2, 0, 39894, 39896, 3, 1, 1.50, 1
9928, 39894, 1, 0, 39895, 39895, 1, 0, 1.00, 1
9929, 39903, 3, 0, 39904, 39907, 4, 1, 1.33, 1
9930, 39905, 1, 0, 39906, 39906, 1, 0, 1.00, 1
9931, 39909, 14, 0, 41414, 41427, 1518, 1504, 108.43, 1
9932, 39914, 2, 0, 39915, 39916, 2, 0, 1.00, 1
9933, 39917, 2, 0, 39918, 39919, 2, 0, 1.00, 1
9934, 39920, 10, 0, 39921, 39936, 16, 6, 1.60, 1
9935, 39921, 1, 0, 39922, 39922, 1, 0, 1.00, 1
9936, 39926, 1, 0, 39927, 39927, 1, 0, 1.00, 1
9937, 39927, 4, 0, 39928, 39931, 4, 0, 1.00, 1
9938, 39928, 7, 0, 39939, 39945, 17, 10, 2.43, 1
9939, 39931, 11, 0, 39946, 39976, 45, 34, 4.09, 1
9940, 39935, 11, 0, 40173, 40183, 248, 237, 22.55, 1
9941, 39936, 2, 0, 39937, 39938, 2, 0, 1.00, 1
9942, 39939, 12, 0, 40206, 40217, 278, 266, 23.17, 1
9943, 39948, 3, 0, 39949, 39951, 3, 0, 1.00, 1
9944, 39951, 6, 0, 39952, 39957, 6, 0, 1.00, 1
9945, 39952, 11, 0, 40184, 40194, 242, 231, 22.00, 1
9946, 39956, 12, 0, 40218, 40229, 273, 261, 22.75, 1
9947, 39960, 1, 0, 39961, 39961, 1, 0, 1.00, 1
9948, 39961, 2, 0, 39962, 39963, 2, 0, 1.00, 1
9949, 39962, 6, 0, 39981, 39988, 26, 20, 4.33, 1
9950, 39967, 8, 0, 39968, 39980, 13, 5, 1.62, 1
9951, 39972, 7, 0, 39973, 40011, 39, 32, 5.57, 1
9952, 39973, 2, 0, 39974, 39975, 2, 0, 1.00, 1
9953, 39974, 8, 0, 40049, 40058, 84, 76, 10.50, 1
9954, 39975, 6, 0, 40028, 40042, 67, 61, 11.17, 1
9955, 39976, 1, 0, 39977, 39977, 1, 0, 1.00, 1
9956, 39980, 10, 0, 40072, 40084, 104, 94, 10.40, 1
9957, 39983, 2, 0, 39984, 39985, 2, 0, 1.00, 1
9958, 39988, 4, 0, 39989, 39995, 7, 3, 1.75, 1
9959, 39989, 1, 0, 39990, 39990, 1, 0, 1.00, 1
9960, 39991, 1, 0, 39992, 39992, 1, 0, 1.00, 1
9961, 39992, 6, 0, 40043, 40048, 56, 50, 9.33, 1
9962, 39993, 1, 0, 39994, 39994, 1, 0, 1.00, 1
9963, 39998, 6, 0, 39999, 40004, 6, 0, 1.00, 1
9964, 40004, 4, 0, 40005, 40020, 16, 12, 4.00, 1
9965, 40005, 1, 0, 40006, 40006, 1, 0, 1.00, 1
9966, 40007, 2, 0, 40008, 40009, 2, 0, 1.00, 1
9967, 40010, 12, 0, 40230, 40241, 231, 219, 19.25, 1
9968, 40011, 5, 0, 40012, 40017, 6, 1, 1.20, 1
9969, 40014, 1, 0, 40015, 40015, 1, 0, 1.00, 1
9970, 40018, 4, 0, 40021, 40027, 9, 5, 2.25, 1
9971, 40023, 3, 0, 40024, 40026, 3, 0, 1.00, 1
9972, 40029, 3, 0, 40030, 40033, 4, 1, 1.33, 1
9973, 40031, 1, 0, 40032, 40032, 1, 0, 1.00, 1
9974, 40035, 5, 0, 40036, 40040, 5, 0, 1.00, 1
9975, 40036, 10, 0, 40088, 40109, 73, 63, 7.30, 1
9976, 40037, 9, 0, 40059, 40067, 30, 21, 3.33, 1
9977, 40043, 13, 0, 40267, 40279, 236, 223, 18.15, 1
9978, 40050, 2, 0, 40051, 40052, 2, 0, 1.00, 1
9979, 40067, 4, 0, 40068, 40071, 4, 0, 1.00, 1
9980, 40072, 2, 0, 40073, 40074, 2, 0, 1.00, 1
9981, 40080, 1, 0, 40081, 40081, 1, 0, 1.00, 1
9982, 40084, 3, 0, 40085, 40087, 3, 0, 1.00, 1
9983, 40089, 4, 0, 40090, 40093, 4, 0, 1.00, 1
9984, 40093, 8, 0, 40139, 40156, 63, 55, 7.88, 1
9985, 40094, 12, 0, 40242, 40253, 159, 147, 13.25, 1
9986, 40098, 5, 0, 40099, 40106, 8, 3, 1.60, 1
9987, 40101, 3, 0, 40102, 40104, 3, 0, 1.00, 1
9988, 40104, 7, 0, 40110, 40125, 21, 14, 3.00, 1
9989, 40113, 5, 0, 40114, 40122, 9, 4, 1.80, 1
9990, 40116, 6, 0, 40126, 40133, 17, 11, 2.83, 1
9991, 40117, 4, 0, 40118, 40121, 4, 0, 1.00, 1
9992, 40130, 5, 0, 40131, 40138, 8, 3, 1.60, 1
9993, 40131, 1, 0, 40132, 40132, 1, 0, 1.00, 1
9994, 40133, 8, 0, 40157, 40164, 31, 23, 3.88, 1
9995, 40135, 1, 0, 40136, 40136, 1, 0, 1.00, 1
9996, 40140, 1, 0, 40141, 40141, 1, 0, 1.00, 1
9997, 40144, 2, 0, 40145, 40146, 2, 0, 1.00, 1
9998, 40147, 8, 0, 40165, 40172, 25, 17, 3.12, 1
9999, 40148, 7, 0, 40149, 40155, 7, 0, 1.00, 1
10000, 40150, 11, 0, 40195, 40205, 55, 44, 5.00, 1
