pid, arrival, service, remaining, start, finish, turnaround, wait, normturnaround, complete
1, 0, 4, 0, 1, 4, 4, 0, 1.00, 1
2, 3, 5, 0, 5, 9, 6, 1, 1.20, 1
3, 8, 2, 0, 10, 11, 3, 1, 1.50, 1
4, 11, 2, 0, 12, 13, 2, 0, 1.00, 1
5, 13, 6, 0, 14, 19, 6, 0, 1.00, 1
6, 17, 7, 0, 20, 26, 9, 2, 1.29, 1
7, 18, 3, 0, 27, 29, 11, 8, 3.67, 1
8, 23, 7, 0, 30, 36, 13, 6, 1.86, 1
9, 28, 3, 0, 37, 39, 11, 8, 3.67, 1
10, 32, 1, 0, 40, 40, 8, 7, 8.00, 1
11, 33, 11, 0, 41, 56, 23, 12, 2.09, 1
12, 56, 6, 0, 57, 62, 6, 0, 1.00, 1
13, 60, 1, 0, 63, 64, 4, 3, 4.00, 1
14, 64, 2, 0, 65, 67, 3, 1, 1.50, 1
15, 67, 2, 0, 68, 71, 4, 2, 2.00, 1
16, 71, 7, 0, 72, 78, 7, 0, 1.00, 1
17, 77, 1, 0, 79, 82, 5, 4, 5.00, 1
18, 82, 4, 0, 83, 90, 8, 4, 2.00, 1
19, 90, 18, 0, 91, 108, 18, 0, 1.00, 1
20, 99, 1, 0, 109, 109, 10, 9, 10.00, 1
21, 102, 1, 0, 110, 110, 8, 7, 8.00, 1
22, 105, 4, 0, 111, 114, 9, 5, 2.25, 1
23, 110, 2, 0, 115, 116, 6, 4, 3.00, 1
24, 112, 8, 0, 117, 124, 12, 4, 1.50, 1
25, 113, 1, 0, 125, 125, 12, 11, 12.00, 1
26, 117, 6, 0, 126, 131, 14, 8, 2.33, 1
27, 119, 1, 0, 132, 132, 13, 12, 13.00, 1
28, 129, 3, 0, 133, 140, 11, 8, 3.67, 1
29, 140, 6, 0, 141, 146, 6, 0, 1.00, 1
30, 144, 7, 0, 147, 153, 9, 2, 1.29, 1
31, 150, 9, 0, 154, 162, 12, 3, 1.33, 1
32, 157, 1, 0, 163, 163, 6, 5, 6.00, 1
33, 161, 7, 0, 164, 173, 12, 5, 1.71, 1
34, 173, 18, 0, 174, 191, 18, 0, 1.00, 1
35, 174, 8, 0, 192, 199, 25, 17, 3.12, 1
36, 178, 5, 0, 200, 204, 26, 21, 5.20, 1
37, 183, 4, 0, 205, 208, 25, 21, 6.25, 1
38, 190, 6, 0, 209, 214, 24, 18, 4.00, 1
39, 192, 8, 0, 215, 222, 30, 22, 3.75, 1
40, 194, 1, 0, 223, 223, 29, 28, 29.00, 1
41, 202, 3, 0, 224, 226, 24, 21, 8.00, 1
42, 204, 1, 0, 227, 227, 23, 22, 23.00, 1
43, 211, 1, 0, 228, 228, 17, 16, 17.00, 1
44, 218, 1, 0, 229, 229, 11, 10, 11.00, 1
45, 222, 1, 0, 230, 230, 8, 7, 8.00, 1
46, 224, 10, 0, 231, 240, 16, 6, 1.60, 1
47, 232, 3, 0, 241, 243, 11, 8, 3.67, 1
48, 234, 2, 0, 244, 245, 11, 9, 5.50, 1
49, 238, 6, 0, 246, 251, 13, 7, 2.17, 1
50, 242, 23, 0, 252, 274, 32, 9, 1.39, 1
51, 243, 3, 0, 275, 277, 34, 31, 11.33, 1
52, 244, 21, 0, 278, 298, 54, 33, 2.57, 1
53, 246, 8, 0, 299, 306, 60, 52, 7.50, 1
54, 247, 1, 0, 307, 307, 60, 59, 60.00, 1
55, 254, 2, 0, 308, 309, 55, 53, 27.50, 1
56, 261, 2, 0, 310, 311, 50, 48, 25.00, 1
57, 267, 8, 0, 312, 319, 52, 44, 6.50, 1
58, 285, 2, 0, 320, 321, 36, 34, 18.00, 1
59, 291, 3, 0, 322, 324, 33, 30, 11.00, 1
60, 292, 2, 0, 325, 326, 34, 32, 17.00, 1
61, 300, 3, 0, 327, 329, 29, 26, 9.67, 1
62, 309, 3, 0, 330, 332, 23, 20, 7.67, 1
63, 311, 7, 0, 333, 339, 28, 21, 4.00, 1
64, 319, 3, 0, 340, 342, 23, 20, 7.67, 1
65, 320, 1, 0, 343, 343, 23, 22, 23.00, 1
66, 322, 1, 0, 344, 344, 22, 21, 22.00, 1
67, 328, 2, 0, 345, 346, 18, 16, 9.00, 1
68, 342, 4, 0, 347, 350, 8, 4, 2.00, 1
69, 345, 4, 0, 351, 354, 9, 5, 2.25, 1
70, 353, 3, 0, 355, 357, 4, 1, 1.33, 1
71, 354, 4, 0, 358, 361, 7, 3, 1.75, 1
72, 357, 6, 0, 362, 367, 10, 4, 1.67, 1
73, 359, 6, 0, 368, 373, 14, 8, 2.33, 1
74, 360, 5, 0, 374, 378, 18, 13, 3.60, 1
75, 361, 1, 0, 379, 379, 18, 17, 18.00, 1
76, 370, 2, 0, 380, 381, 11, 9, 5.50, 1
77, 371, 1, 0, 382, 382, 11, 10, 11.00, 1
78, 376, 2, 0, 383, 390, 14, 12, 7.00, 1
79, 390, 3, 0, 391, 395, 5, 2, 1.67, 1
80, 395, 2, 0, 396, 397, 2, 0, 1.00, 1
81, 397, 1, 0, 398, 400, 3, 2, 3.00, 1
82, 400, 1, 0, 401, 401, 1, 0, 1.00, 1
83, 401, 7, 0, 402, 408, 7, 0, 1.00, 1
84, 403, 4, 0, 409, 412, 9, 5, 2.25, 1
85, 405, 2, 0, 413, 414, 9, 7, 4.50, 1
86, 407, 1, 0, 415, 424, 17, 16, 17.00, 1
87, 424, 10, 0, 425, 434, 10, 0, 1.00, 1
88, 428, 1, 0, 435, 435, 7, 6, 7.00, 1
89, 432, 2, 0, 436, 437, 5, 3, 2.50, 1
90, 433, 1, 0, 438, 438, 5, 4, 5.00, 1
91, 436, 4, 0, 439, 442, 6, 2, 1.50, 1
92, 437, 4, 0, 443, 446, 9, 5, 2.25, 1
93, 442, 1, 0, 447, 447, 5, 4, 5.00, 1
94, 443, 3, 0, 448, 450, 7, 4, 2.33, 1
95, 446, 3, 0, 451, 453, 7, 4, 2.33, 1
96, 447, 12, 0, 454, 465, 18, 6, 1.50, 1
97, 449, 4, 0, 466, 469, 20, 16, 5.00, 1
98, 452, 4, 0, 470, 473, 21, 17, 5.25, 1
99, 461, 5, 0, 474, 478, 17, 12, 3.40, 1
100, 464, 5, 0, 479, 483, 19, 14, 3.80, 1
101, 475, 3, 0, 484, 486, 11, 8, 3.67, 1
102, 476, 9, 0, 487, 495, 19, 10, 2.11, 1
103, 477, 6, 0, 496, 501, 24, 18, 4.00, 1
104, 479, 7, 0, 502, 508, 29, 22, 4.14, 1
105, 480, 2, 0, 509, 510, 30, 28, 15.00, 1
106, 481, 15, 0, 511, 525, 44, 29, 2.93, 1
107, 482, 2, 0, 526, 527, 45, 43, 22.50, 1
108, 483, 6, 0, 528, 533, 50, 44, 8.33, 1
109, 484, 4, 0, 534, 537, 53, 49, 13.25, 1
110, 501, 6, 0, 538, 543, 42, 36, 7.00, 1
111, 509, 5, 0, 544, 548, 39, 34, 7.80, 1
112, 510, 4, 0, 549, 552, 42, 38, 10.50, 1
113, 516, 11, 0, 553, 563, 47, 36, 4.27, 1
114, 520, 1, 0, 564, 564, 44, 43, 44.00, 1
115, 521, 9, 0, 565, 573, 52, 43, 5.78, 1
116, 522, 11, 0, 574, 584, 62, 51, 5.64, 1
117, 534, 10, 0, 585, 594, 60, 50, 6.00, 1
118, 536, 13, 0, 595, 607, 71, 58, 5.46, 1
119, 540, 1, 0, 608, 608, 68, 67, 68.00, 1
120, 547, 2, 0, 609, 610, 63, 61, 31.50, 1
121, 549, 4, 0, 611, 614, 65, 61, 16.25, 1
122, 559, 3, 0, 615, 617, 58, 55, 19.33, 1
123, 561, 5, 0, 618, 622, 61, 56, 12.20, 1
124, 564, 3, 0, 623, 625, 61, 58, 20.33, 1
125, 569, 5, 0, 626, 630, 61, 56, 12.20, 1
126, 574, 5, 0, 631, 635, 61, 56, 12.20, 1
127, 579, 1, 0, 636, 636, 57, 56, 57.00, 1
128, 585, 6, 0, 637, 642, 57, 51, 9.50, 1
129, 589, 6, 0, 643, 648, 59, 53, 9.83, 1
130, 590, 2, 0, 649, 650, 60, 58, 30.00, 1
131, 594, 8, 0, 651, 658, 64, 56, 8.00, 1
132, 602, 8, 0, 659, 666, 64, 56, 8.00, 1
133, 606, 1, 0, 667, 667, 61, 60, 61.00, 1
134, 610, 5, 0, 668, 672, 62, 57, 12.40, 1
135, 617, 6, 0, 673, 678, 61, 55, 10.17, 1
136, 618, 8, 0, 679, 686, 68, 60, 8.50, 1
137, 624, 2, 0, 687, 688, 64, 62, 32.00, 1
138, 626, 4, 0, 689, 692, 66, 62, 16.50, 1
139, 628, 3, 0, 693, 695, 67, 64, 22.33, 1
140, 629, 1, 0, 696, 696, 67, 66, 67.00, 1
141, 645, 10, 0, 697, 706, 61, 51, 6.10, 1
142, 652, 1, 0, 707, 707, 55, 54, 55.00, 1
143, 664, 2, 0, 708, 709, 45, 43, 22.50, 1
144, 667, 1, 0, 710, 710, 43, 42, 43.00, 1
145, 669, 5, 0, 711, 715, 46, 41, 9.20, 1
146, 671, 3, 0, 716, 718, 47, 44, 15.67, 1
147, 674, 5, 0, 719, 723, 49, 44, 9.80, 1
148, 677, 1, 0, 724, 724, 47, 46, 47.00, 1
149, 686, 5, 0, 725, 729, 43, 38, 8.60, 1
150, 690, 1, 0, 730, 730, 40, 39, 40.00, 1
151, 694, 1, 0, 731, 731, 37, 36, 37.00, 1
152, 698, 16, 0, 732, 747, 49, 33, 3.06, 1
153, 701, 4, 0, 748, 751, 50, 46, 12.50, 1
154, 703, 2, 0, 752, 753, 50, 48, 25.00, 1
155, 707, 1, 0, 754, 754, 47, 46, 47.00, 1
156, 711, 3, 0, 755, 757, 46, 43, 15.33, 1
157, 712, 1, 0, 758, 758, 46, 45, 46.00, 1
158, 714, 5, 0, 759, 763, 49, 44, 9.80, 1
159, 723, 3, 0, 764, 766, 43, 40, 14.33, 1
160, 726, 3, 0, 767, 769, 43, 40, 14.33, 1
161, 729, 1, 0, 770, 770, 41, 40, 41.00, 1
162, 732, 2, 0, 771, 772, 40, 38, 20.00, 1
163, 735, 8, 0, 773, 780, 45, 37, 5.62, 1
164, 736, 5, 0, 781, 785, 49, 44, 9.80, 1
165, 739, 5, 0, 786, 790, 51, 46, 10.20, 1
166, 748, 14, 0, 791, 804, 56, 42, 4.00, 1
167, 751, 2, 0, 805, 806, 55, 53, 27.50, 1
168, 752, 5, 0, 807, 811, 59, 54, 11.80, 1
169, 760, 1, 0, 812, 812, 52, 51, 52.00, 1
170, 762, 7, 0, 813, 819, 57, 50, 8.14, 1
171, 763, 4, 0, 820, 823, 60, 56, 15.00, 1
172, 773, 2, 0, 824, 825, 52, 50, 26.00, 1
173, 781, 3, 0, 826, 828, 47, 44, 15.67, 1
174, 782, 1, 0, 829, 829, 47, 46, 47.00, 1
175, 784, 3, 0, 830, 832, 48, 45, 16.00, 1
176, 787, 14, 0, 833, 846, 59, 45, 4.21, 1
177, 794, 3, 0, 847, 849, 55, 52, 18.33, 1
178, 795, 5, 0, 850, 854, 59, 54, 11.80, 1
179, 797, 15, 0, 855, 869, 72, 57, 4.80, 1
180, 804, 1, 0, 870, 870, 66, 65, 66.00, 1
181, 811, 9, 0, 871, 879, 68, 59, 7.56, 1
182, 815, 6, 0, 880, 885, 70, 64, 11.67, 1
183, 819, 1, 0, 886, 886, 67, 66, 67.00, 1
184, 820, 4, 0, 887, 890, 70, 66, 17.50, 1
185, 822, 21, 0, 891, 911, 89, 68, 4.24, 1
186, 825, 6, 0, 912, 917, 92, 86, 15.33, 1
187, 827, 5, 0, 918, 922, 95, 90, 19.00, 1
188, 830, 1, 0, 923, 923, 93, 92, 93.00, 1
189, 834, 19, 0, 924, 942, 108, 89, 5.68, 1
190, 839, 3, 0, 943, 945, 106, 103, 35.33, 1
191, 841, 4, 0, 946, 949, 108, 104, 27.00, 1
192, 847, 5, 0, 950, 954, 107, 102, 21.40, 1
193, 849, 3, 0, 955, 957, 108, 105, 36.00, 1
194, 856, 1, 0, 958, 958, 102, 101, 102.00, 1
195, 858, 3, 0, 959, 961, 103, 100, 34.33, 1
196, 859, 1, 0, 962, 962, 103, 102, 103.00, 1
197, 861, 1, 0, 963, 963, 102, 101, 102.00, 1
198, 866, 5, 0, 964, 968, 102, 97, 20.40, 1
199, 869, 14, 0, 969, 982, 113, 99, 8.07, 1
200, 873, 4, 0, 983, 986, 113, 109, 28.25, 1
201, 875, 5, 0, 987, 991, 116, 111, 23.20, 1
202, 881, 7, 0, 992, 998, 117, 110, 16.71, 1
203, 884, 4, 0, 999, 1002, 118, 114, 29.50, 1
204, 892, 2, 0, 1003, 1004, 112, 110, 56.00, 1
205, 896, 1, 0, 1005, 1005, 109, 108, 109.00, 1
206, 913, 1, 0, 1006, 1006, 93, 92, 93.00, 1
207, 914, 1, 0, 1007, 1007, 93, 92, 93.00, 1
208, 915, 1, 0, 1008, 1008, 93, 92, 93.00, 1
209, 918, 9, 0, 1009, 1017, 99, 90, 11.00, 1
210, 930, 3, 0, 1018, 1020, 90, 87, 30.00, 1
211, 934, 2, 0, 1021, 1022, 88, 86, 44.00, 1
212, 935, 2, 0, 1023, 1024, 89, 87, 44.50, 1
213, 937, 5, 0, 1025, 1029, 92, 87, 18.40, 1
214, 939, 4, 0, 1030, 1033, 94, 90, 23.50, 1
215, 948, 5, 0, 1034, 1038, 90, 85, 18.00, 1
216, 950, 2, 0, 1039, 1040, 90, 88, 45.00, 1
217, 952, 6, 0, 1041, 1046, 94, 88, 15.67, 1
218, 954, 9, 0, 1047, 1055, 101, 92, 11.22, 1
219, 960, 2, 0, 1056, 1057, 97, 95, 48.50, 1
220, 967, 6, 0, 1058, 1063, 96, 90, 16.00, 1
221, 972, 5, 0, 1064, 1068, 96, 91, 19.20, 1
222, 981, 4, 0, 1069, 1072, 91, 87, 22.75, 1
223, 982, 4, 0, 1073, 1076, 94, 90, 23.50, 1
224, 987, 1, 0, 1077, 1077, 90, 89, 90.00, 1
225, 991, 12, 0, 1078, 1089, 98, 86, 8.17, 1
226, 992, 2, 0, 1090, 1091, 99, 97, 49.50, 1
227, 994, 2, 0, 1092, 1093, 99, 97, 49.50, 1
228, 999, 2, 0, 1094, 1095, 96, 94, 48.00, 1
229, 1002, 2, 0, 1096, 1097, 95, 93, 47.50, 1
230, 1005, 1, 0, 1098, 1098, 93, 92, 93.00, 1
231, 1012, 4, 0, 1099, 1102, 90, 86, 22.50, 1
232, 1013, 11, 0, 1103, 1113, 100, 89, 9.09, 1
233, 1014, 13, 0, 1114, 1126, 112, 99, 8.62, 1
234, 1017, 7, 0, 1127, 1133, 116, 109, 16.57, 1
235, 1023, 1, 0, 1134, 1134, 111, 110, 111.00, 1
236, 1025, 17, 0, 1135, 1151, 126, 109, 7.41, 1
237, 1029, 10, 0, 1152, 1161, 132, 122, 13.20, 1
238, 1033, 1, 0, 1162, 1162, 129, 128, 129.00, 1
239, 1034, 2, 0, 1163, 1164, 130, 128, 65.00, 1
240, 1036, 4, 0, 1165, 1168, 132, 128, 33.00, 1
241, 1045, 15, 0, 1169, 1183, 138, 123, 9.20, 1
242, 1048, 2, 0, 1184, 1185, 137, 135, 68.50, 1
243, 1052, 3, 0, 1186, 1188, 136, 133, 45.33, 1
244, 1054, 1, 0, 1189, 1189, 135, 134, 135.00, 1
245, 1055, 1, 0, 1190, 1190, 135, 134, 135.00, 1
246, 1058, 5, 0, 1191, 1195, 137, 132, 27.40, 1
247, 1063, 7, 0, 1196, 1202, 139, 132, 19.86, 1
248, 1070, 2, 0, 1203, 1204, 134, 132, 67.00, 1
249, 1074, 4, 0, 1205, 1208, 134, 130, 33.50, 1
250, 1076, 5, 0, 1209, 1213, 137, 132, 27.40, 1
251, 1083, 5, 0, 1214, 1218, 135, 130, 27.00, 1
252, 1084, 3, 0, 1219, 1221, 137, 134, 45.67, 1
253, 1090, 2, 0, 1222, 1223, 133, 131, 66.50, 1
254, 1092, 2, 0, 1224, 1225, 133, 131, 66.50, 1
255, 1094, 1, 0, 1226, 1226, 132, 131, 132.00, 1
256, 1097, 4, 0, 1227, 1230, 133, 129, 33.25, 1
257, 1100, 3, 0, 1231, 1233, 133, 130, 44.33, 1
258, 1101, 3, 0, 1234, 1236, 135, 132, 45.00, 1
259, 1102, 2, 0, 1237, 1238, 136, 134, 68.00, 1
260, 1103, 2, 0, 1239, 1240, 137, 135, 68.50, 1
261, 1104, 15, 0, 1241, 1255, 151, 136, 10.07, 1
262, 1105, 6, 0, 1256, 1261, 156, 150, 26.00, 1
263, 1113, 2, 0, 1262, 1263, 150, 148, 75.00, 1
264, 1116, 11, 0, 1264, 1274, 158, 147, 14.36, 1
265, 1119, 2, 0, 1275, 1276, 157, 155, 78.50, 1
266, 1130, 3, 0, 1277, 1279, 149, 146, 49.67, 1
267, 1133, 1, 0, 1280, 1280, 147, 146, 147.00, 1
268, 1134, 6, 0, 1281, 1286, 152, 146, 25.33, 1
269, 1143, 1, 0, 1287, 1287, 144, 143, 144.00, 1
270, 1148, 5, 0, 1288, 1292, 144, 139, 28.80, 1
271, 1154, 5, 0, 1293, 1297, 143, 138, 28.60, 1
272, 1155, 4, 0, 1298, 1301, 146, 142, 36.50, 1
273, 1157, 6, 0, 1302, 1307, 150, 144, 25.00, 1
274, 1161, 18, 0, 1308, 1325, 164, 146, 9.11, 1
275, 1164, 17, 0, 1326, 1342, 178, 161, 10.47, 1
276, 1165, 2, 0, 1343, 1344, 179, 177, 89.50, 1
277, 1169, 1, 0, 1345, 1345, 176, 175, 176.00, 1
278, 1171, 5, 0, 1346, 1350, 179, 174, 35.80, 1
279, 1179, 1, 0, 1351, 1351, 172, 171, 172.00, 1
280, 1183, 8, 0, 1352, 1359, 176, 168, 22.00, 1
281, 1186, 2, 0, 1360, 1361, 175, 173, 87.50, 1
282, 1189, 3, 0, 1362, 1364, 175, 172, 58.33, 1
283, 1192, 1, 0, 1365, 1365, 173, 172, 173.00, 1
284, 1198, 1, 0, 1366, 1366, 168, 167, 168.00, 1
285, 1215, 7, 0, 1367, 1373, 158, 151, 22.57, 1
286, 1216, 1, 0, 1374, 1374, 158, 157, 158.00, 1
287, 1224, 7, 0, 1375, 1381, 157, 150, 22.43, 1
288, 1234, 5, 0, 1382, 1386, 152, 147, 30.40, 1
289, 1236, 9, 0, 1387, 1395, 159, 150, 17.67, 1
290, 1239, 7, 0, 1396, 1402, 163, 156, 23.29, 1
291, 1241, 1, 0, 1403, 1403, 162, 161, 162.00, 1
292, 1242, 4, 0, 1404, 1407, 165, 161, 41.25, 1
293, 1246, 5, 0, 1408, 1412, 166, 161, 33.20, 1
294, 1251, 7, 0, 1413, 1419, 168, 161, 24.00, 1
295, 1254, 1, 0, 1420, 1420, 166, 165, 166.00, 1
296, 1259, 3, 0, 1421, 1423, 164, 161, 54.67, 1
297, 1260, 6, 0, 1424, 1429, 169, 163, 28.17, 1
298, 1262, 17, 0, 1430, 1446, 184, 167, 10.82, 1
299, 1263, 10, 0, 1447, 1456, 193, 183, 19.30, 1
300, 1267, 4, 0, 1457, 1460, 193, 189, 48.25, 1
301, 1268, 1, 0, 1461, 1461, 193, 192, 193.00, 1
302, 1273, 22, 0, 1462, 1483, 210, 188, 9.55, 1
303, 1276, 2, 0, 1484, 1485, 209, 207, 104.50, 1
304, 1283, 6, 0, 1486, 1491, 208, 202, 34.67, 1
305, 1285, 5, 0, 1492, 1496, 211, 206, 42.20, 1
306, 1291, 22, 0, 1497, 1518, 227, 205, 10.32, 1
307, 1296, 2, 0, 1519, 1520, 224, 222, 112.00, 1
308, 1298, 9, 0, 1521, 1529, 231, 222, 25.67, 1
309, 1313, 22, 0, 1530, 1551, 238, 216, 10.82, 1
310, 1314, 3, 0, 1552, 1554, 240, 237, 80.00, 1
311, 1316, 1, 0, 1555, 1555, 239, 238, 239.00, 1
312, 1317, 4, 0, 1556, 1559, 242, 238, 60.50, 1
313, 1322, 7, 0, 1560, 1566, 244, 237, 34.86, 1
314, 1324, 1, 0, 1567, 1567, 243, 242, 243.00, 1
315, 1328, 8, 0, 1568, 1575, 247, 239, 30.88, 1
316, 1333, 3, 0, 1576, 1578, 245, 242, 81.67, 1
317, 1337, 14, 0, 1579, 1592, 255, 241, 18.21, 1
318, 1338, 3, 0, 1593, 1595, 257, 254, 85.67, 1
319, 1342, 1, 0, 1596, 1596, 254, 253, 254.00, 1
320, 1352, 2, 0, 1597, 1598, 246, 244, 123.00, 1
321, 1353, 1, 0, 1599, 1599, 246, 245, 246.00, 1
322, 1354, 2, 0, 1600, 1601, 247, 245, 123.50, 1
323, 1359, 1, 0, 1602, 1602, 243, 242, 243.00, 1
324, 1362, 12, 0, 1603, 1614, 252, 240, 21.00, 1
325, 1373, 4, 0, 1615, 1618, 245, 241, 61.25, 1
326, 1379, 4, 0, 1619, 1622, 243, 239, 60.75, 1
327, 1384, 3, 0, 1623, 1625, 241, 238, 80.33, 1
328, 1397, 1, 0, 1626, 1626, 229, 228, 229.00, 1
329, 1398, 5, 0, 1627, 1631, 233, 228, 46.60, 1
330, 1400, 1, 0, 1632, 1632, 232, 231, 232.00, 1
331, 1401, 19, 0, 1633, 1651, 250, 231, 13.16, 1
332, 1404, 2, 0, 1652, 1653, 249, 247, 124.50, 1
333, 1405, 2, 0, 1654, 1655, 250, 248, 125.00, 1
334, 1410, 17, 0, 1656, 1672, 262, 245, 15.41, 1
335, 1414, 6, 0, 1673, 1678, 264, 258, 44.00, 1
336, 1418, 5, 0, 1679, 1683, 265, 260, 53.00, 1
337, 1421, 5, 0, 1684, 1688, 267, 262, 53.40, 1
338, 1423, 6, 0, 1689, 1694, 271, 265, 45.17, 1
339, 1424, 6, 0, 1695, 1700, 276, 270, 46.00, 1
340, 1434, 30, 0, 1701, 1730, 296, 266, 9.87, 1
341, 1436, 10, 0, 1731, 1740, 304, 294, 30.40, 1
342, 1437, 1, 0, 1741, 1741, 304, 303, 304.00, 1
343, 1446, 6, 0, 1742, 1747, 301, 295, 50.17, 1
344, 1451, 3, 0, 1748, 1750, 299, 296, 99.67, 1
345, 1453, 5, 0, 1751, 1755, 302, 297, 60.40, 1
346, 1457, 1, 0, 1756, 1756, 299, 298, 299.00, 1
347, 1466, 1, 0, 1757, 1757, 291, 290, 291.00, 1
348, 1470, 1, 0, 1758, 1758, 288, 287, 288.00, 1
349, 1471, 5, 0, 1759, 1763, 292, 287, 58.40, 1
350, 1477, 2, 0, 1764, 1765, 288, 286, 144.00, 1
351, 1478, 2, 0, 1766, 1767, 289, 287, 144.50, 1
352, 1479, 4, 0, 1768, 1771, 292, 288, 73.00, 1
353, 1481, 1, 0, 1772, 1772, 291, 290, 291.00, 1
354, 1484, 1, 0, 1773, 1773, 289, 288, 289.00, 1
355, 1486, 17, 0, 1774, 1790, 304, 287, 17.88, 1
356, 1488, 1, 0, 1791, 1791, 303, 302, 303.00, 1
357, 1492, 3, 0, 1792, 1794, 302, 299, 100.67, 1
358, 1493, 5, 0, 1795, 1799, 306, 301, 61.20, 1
359, 1502, 5, 0, 1800, 1804, 302, 297, 60.40, 1
360, 1507, 1, 0, 1805, 1805, 298, 297, 298.00, 1
361, 1508, 3, 0, 1806, 1808, 300, 297, 100.00, 1
362, 1510, 1, 0, 1809, 1809, 299, 298, 299.00, 1
363, 1514, 9, 0, 1810, 1818, 304, 295, 33.78, 1
364, 1520, 2, 0, 1819, 1820, 300, 298, 150.00, 1
365, 1523, 1, 0, 1821, 1821, 298, 297, 298.00, 1
366, 1524, 2, 0, 1822, 1823, 299, 297, 149.50, 1
367, 1528, 1, 0, 1824, 1824, 296, 295, 296.00, 1
368, 1530, 5, 0, 1825, 1829, 299, 294, 59.80, 1
369, 1531, 1, 0, 1830, 1830, 299, 298, 299.00, 1
370, 1533, 17, 0, 1831, 1847, 314, 297, 18.47, 1
371, 1537, 5, 0, 1848, 1852, 315, 310, 63.00, 1
372, 1540, 3, 0, 1853, 1855, 315, 312, 105.00, 1
373, 1541, 8, 0, 1856, 1863, 322, 314, 40.25, 1
374, 1543, 5, 0, 1864, 1868, 325, 320, 65.00, 1
375, 1544, 7, 0, 1869, 1875, 331, 324, 47.29, 1
376, 1549, 4, 0, 1876, 1879, 330, 326, 82.50, 1
377, 1552, 3, 0, 1880, 1882, 330, 327, 110.00, 1
378, 1554, 4, 0, 1883, 1886, 332, 328, 83.00, 1
379, 1558, 2, 0, 1887, 1888, 330, 328, 165.00, 1
380, 1564, 6, 0, 1889, 1894, 330, 324, 55.00, 1
381, 1568, 5, 0, 1895, 1899, 331, 326, 66.20, 1
382, 1576, 2, 0, 1900, 1901, 325, 323, 162.50, 1
383, 1581, 1, 0, 1902, 1902, 321, 320, 321.00, 1
384, 1586, 17, 0, 1903, 1919, 333, 316, 19.59, 1
385, 1589, 3, 0, 1920, 1922, 333, 330, 111.00, 1
386, 1591, 8, 0, 1923, 1930, 339, 331, 42.38, 1
387, 1597, 5, 0, 1931, 1935, 338, 333, 67.60, 1
388, 1600, 3, 0, 1936, 1938, 338, 335, 112.67, 1
389, 1602, 9, 0, 1939, 1947, 345, 336, 38.33, 1
390, 1603, 2, 0, 1948, 1949, 346, 344, 173.00, 1
391, 1605, 5, 0, 1950, 1954, 349, 344, 69.80, 1
392, 1612, 3, 0, 1955, 1957, 345, 342, 115.00, 1
393, 1618, 2, 0, 1958, 1959, 341, 339, 170.50, 1
394, 1622, 12, 0, 1960, 1971, 349, 337, 29.08, 1
395, 1629, 2, 0, 1972, 1973, 344, 342, 172.00, 1
396, 1631, 1, 0, 1974, 1974, 343, 342, 343.00, 1
397, 1637, 2, 0, 1975, 1976, 339, 337, 169.50, 1
398, 1640, 1, 0, 1977, 1977, 337, 336, 337.00, 1
399, 1642, 11, 0, 1978, 1988, 346, 335, 31.45, 1
400, 1646, 2, 0, 1989, 1990, 344, 342, 172.00, 1
401, 1647, 3, 0, 1991, 1993, 346, 343, 115.33, 1
402, 1649, 2, 0, 1994, 1995, 346, 344, 173.00, 1
403, 1652, 2, 0, 1996, 1997, 345, 343, 172.50, 1
404, 1656, 6, 0, 1998, 2003, 347, 341, 57.83, 1
405, 1657, 18, 0, 2004, 2021, 364, 346, 20.22, 1
406, 1660, 1, 0, 2022, 2022, 362, 361, 362.00, 1
407, 1662, 18, 0, 2023, 2040, 378, 360, 21.00, 1
408, 1663, 4, 0, 2041, 2044, 381, 377, 95.25, 1
409, 1666, 6, 0, 2045, 2050, 384, 378, 64.00, 1
410, 1671, 6, 0, 2051, 2056, 385, 379, 64.17, 1
411, 1676, 2, 0, 2057, 2058, 382, 380, 191.00, 1
412, 1679, 1, 0, 2059, 2059, 380, 379, 380.00, 1
413, 1683, 1, 0, 2060, 2060, 377, 376, 377.00, 1
414, 1686, 2, 0, 2061, 2062, 376, 374, 188.00, 1
415, 1688, 9, 0, 2063, 2071, 383, 374, 42.56, 1
416, 1691, 2, 0, 2072, 2073, 382, 380, 191.00, 1
417, 1692, 9, 0, 2074, 2082, 390, 381, 43.33, 1
418, 1693, 5, 0, 2083, 2087, 394, 389, 78.80, 1
419, 1709, 2, 0, 2088, 2089, 380, 378, 190.00, 1
420, 1711, 5, 0, 2090, 2094, 383, 378, 76.60, 1
421, 1713, 9, 0, 2095, 2103, 390, 381, 43.33, 1
422, 1715, 1, 0, 2104, 2104, 389, 388, 389.00, 1
423, 1718, 1, 0, 2105, 2105, 387, 386, 387.00, 1
424, 1727, 5, 0, 2106, 2110, 383, 378, 76.60, 1
425, 1729, 3, 0, 2111, 2113, 384, 381, 128.00, 1
426, 1730, 1, 0, 2114, 2114, 384, 383, 384.00, 1
427, 1737, 8, 0, 2115, 2122, 385, 377, 48.12, 1
428, 1740, 1, 0, 2123, 2123, 383, 382, 383.00, 1
429, 1749, 2, 0, 2124, 2125, 376, 374, 188.00, 1
430, 1752, 1, 0, 2126, 2126, 374, 373, 374.00, 1
431, 1753, 10, 0, 2127, 2136, 383, 373, 38.30, 1
432, 1769, 1, 0, 2137, 2137, 368, 367, 368.00, 1
433, 1775, 6, 0, 2138, 2143, 368, 362, 61.33, 1
434, 1779, 1, 0, 2144, 2144, 365, 364, 365.00, 1
435, 1785, 2, 0, 2145, 2146, 361, 359, 180.50, 1
436, 1787, 2, 0, 2147, 2148, 361, 359, 180.50, 1
437, 1800, 8, 0, 2149, 2156, 356, 348, 44.50, 1
438, 1803, 1, 0, 2157, 2157, 354, 353, 354.00, 1
439, 1805, 3, 0, 2158, 2160, 355, 352, 118.33, 1
440, 1807, 2, 0, 2161, 2162, 355, 353, 177.50, 1
441, 1810, 5, 0, 2163, 2167, 357, 352, 71.40, 1
442, 1811, 4, 0, 2168, 2171, 360, 356, 90.00, 1
443, 1816, 3, 0, 2172, 2174, 358, 355, 119.33, 1
444, 1827, 8, 0, 2175, 2182, 355, 347, 44.38, 1
445, 1831, 2, 0, 2183, 2184, 353, 351, 176.50, 1
446, 1841, 2, 0, 2185, 2186, 345, 343, 172.50, 1
447, 1844, 2, 0, 2187, 2188, 344, 342, 172.00, 1
448, 1846, 3, 0, 2189, 2191, 345, 342, 115.00, 1
449, 1852, 6, 0, 2192, 2197, 345, 339, 57.50, 1
450, 1854, 3, 0, 2198, 2200, 346, 343, 115.33, 1
451, 1871, 2, 0, 2201, 2202, 331, 329, 165.50, 1
452, 1872, 5, 0, 2203, 2207, 335, 330, 67.00, 1
453, 1877, 7, 0, 2208, 2214, 337, 330, 48.14, 1
454, 1882, 7, 0, 2215, 2221, 339, 332, 48.43, 1
455, 1889, 2, 0, 2222, 2223, 334, 332, 167.00, 1
456, 1892, 9, 0, 2224, 2232, 340, 331, 37.78, 1
457, 1893, 7, 0, 2233, 2239, 346, 339, 49.43, 1
458, 1894, 1, 0, 2240, 2240, 346, 345, 346.00, 1
459, 1897, 3, 0, 2241, 2243, 346, 343, 115.33, 1
460, 1900, 2, 0, 2244, 2245, 345, 343, 172.50, 1
461, 1906, 4, 0, 2246, 2249, 343, 339, 85.75, 1
462, 1907, 4, 0, 2250, 2253, 346, 342, 86.50, 1
463, 1908, 2, 0, 2254, 2255, 347, 345, 173.50, 1
464, 1909, 5, 0, 2256, 2260, 351, 346, 70.20, 1
465, 1913, 5, 0, 2261, 2265, 352, 347, 70.40, 1
466, 1914, 2, 0, 2266, 2267, 353, 351, 176.50, 1
467, 1919, 3, 0, 2268, 2270, 351, 348, 117.00, 1
468, 1920, 3, 0, 2271, 2273, 353, 350, 117.67, 1
469, 1921, 5, 0, 2274, 2278, 357, 352, 71.40, 1
470, 1922, 9, 0, 2279, 2287, 365, 356, 40.56, 1
471, 1924, 7, 0, 2288, 2294, 370, 363, 52.86, 1
472, 1929, 4, 0, 2295, 2298, 369, 365, 92.25, 1
473, 1933, 8, 0, 2299, 2306, 373, 365, 46.62, 1
474, 1936, 1, 0, 2307, 2307, 371, 370, 371.00, 1
475, 1941, 4, 0, 2308, 2311, 370, 366, 92.50, 1
476, 1943, 3, 0, 2312, 2314, 371, 368, 123.67, 1
477, 1947, 13, 0, 2315, 2327, 380, 367, 29.23, 1
478, 1949, 1, 0, 2328, 2328, 379, 378, 379.00, 1
479, 1950, 5, 0, 2329, 2333, 383, 378, 76.60, 1
480, 1951, 3, 0, 2334, 2336, 385, 382, 128.33, 1
481, 1957, 16, 0, 2337, 2352, 395, 379, 24.69, 1
482, 1958, 2, 0, 2353, 2354, 396, 394, 198.00, 1
483, 1980, 1, 0, 2355, 2355, 375, 374, 375.00, 1
484, 1982, 4, 0, 2356, 2359, 377, 373, 94.25, 1
485, 1983, 31, 0, 2360, 2390, 407, 376, 13.13, 1
486, 1988, 14, 0, 2391, 2404, 416, 402, 29.71, 1
487, 1989, 1, 0, 2405, 2405, 416, 415, 416.00, 1
488, 1991, 1, 0, 2406, 2406, 415, 414, 415.00, 1
489, 1993, 3, 0, 2407, 2409, 416, 413, 138.67, 1
490, 2001, 4, 0, 2410, 2413, 412, 408, 103.00, 1
491, 2009, 4, 0, 2414, 2417, 408, 404, 102.00, 1
492, 2014, 1, 0, 2418, 2418, 404, 403, 404.00, 1
493, 2016, 1, 0, 2419, 2419, 403, 402, 403.00, 1
494, 2023, 9, 0, 2420, 2428, 405, 396, 45.00, 1
495, 2027, 2, 0, 2429, 2430, 403, 401, 201.50, 1
496, 2033, 1, 0, 2431, 2431, 398, 397, 398.00, 1
497, 2035, 3, 0, 2432, 2434, 399, 396, 133.00, 1
498, 2041, 3, 0, 2435, 2437, 396, 393, 132.00, 1
499, 2043, 2, 0, 2438, 2439, 396, 394, 198.00, 1
500, 2055, 1, 0, 2440, 2440, 385, 384, 385.00, 1
501, 2056, 2, 0, 2441, 2442, 386, 384, 193.00, 1
502, 2060, 17, 0, 2443, 2459, 399, 382, 23.47, 1
503, 2063, 3, 0, 2460, 2462, 399, 396, 133.00, 1
504, 2068, 7, 0, 2463, 2469, 401, 394, 57.29, 1
505, 2069, 17, 0, 2470, 2486, 417, 400, 24.53, 1
506, 2075, 4, 0, 2487, 2490, 415, 411, 103.75, 1
507, 2076, 1, 0, 2491, 2491, 415, 414, 415.00, 1
508, 2077, 3, 0, 2492, 2494, 417, 414, 139.00, 1
509, 2079, 8, 0, 2495, 2502, 423, 415, 52.88, 1
510, 2086, 3, 0, 2503, 2505, 419, 416, 139.67, 1
511, 2096, 2, 0, 2506, 2507, 411, 409, 205.50, 1
512, 2106, 7, 0, 2508, 2514, 408, 401, 58.29, 1
513, 2116, 22, 0, 2515, 2536, 420, 398, 19.09, 1
514, 2117, 5, 0, 2537, 2541, 424, 419, 84.80, 1
515, 2123, 3, 0, 2542, 2544, 421, 418, 140.33, 1
516, 2125, 18, 0, 2545, 2562, 437, 419, 24.28, 1
517, 2135, 12, 0, 2563, 2574, 439, 427, 36.58, 1
518, 2151, 1, 0, 2575, 2575, 424, 423, 424.00, 1
519, 2153, 1, 0, 2576, 2576, 423, 422, 423.00, 1
520, 2161, 3, 0, 2577, 2579, 418, 415, 139.33, 1
521, 2164, 7, 0, 2580, 2586, 422, 415, 60.29, 1
522, 2172, 4, 0, 2587, 2590, 418, 414, 104.50, 1
523, 2174, 6, 0, 2591, 2596, 422, 416, 70.33, 1
524, 2176, 14, 0, 2597, 2610, 434, 420, 31.00, 1
525, 2179, 1, 0, 2611, 2611, 432, 431, 432.00, 1
526, 2180, 7, 0, 2612, 2618, 438, 431, 62.57, 1
527, 2182, 3, 0, 2619, 2621, 439, 436, 146.33, 1
528, 2183, 1, 0, 2622, 2622, 439, 438, 439.00, 1
529, 2184, 6, 0, 2623, 2628, 444, 438, 74.00, 1
530, 2192, 3, 0, 2629, 2631, 439, 436, 146.33, 1
531, 2194, 26, 0, 2632, 2657, 463, 437, 17.81, 1
532, 2199, 1, 0, 2658, 2658, 459, 458, 459.00, 1
533, 2202, 5, 0, 2659, 2663, 461, 456, 92.20, 1
534, 2203, 1, 0, 2664, 2664, 461, 460, 461.00, 1
535, 2205, 6, 0, 2665, 2670, 465, 459, 77.50, 1
536, 2206, 1, 0, 2671, 2671, 465, 464, 465.00, 1
537, 2211, 1, 0, 2672, 2672, 461, 460, 461.00, 1
538, 2219, 4, 0, 2673, 2676, 457, 453, 114.25, 1
539, 2225, 5, 0, 2677, 2681, 456, 451, 91.20, 1
540, 2226, 3, 0, 2682, 2684, 458, 455, 152.67, 1
541, 2244, 5, 0, 2685, 2689, 445, 440, 89.00, 1
542, 2254, 1, 0, 2690, 2690, 436, 435, 436.00, 1
543, 2255, 1, 0, 2691, 2691, 436, 435, 436.00, 1
544, 2256, 1, 0, 2692, 2692, 436, 435, 436.00, 1
545, 2257, 2, 0, 2693, 2694, 437, 435, 218.50, 1
546, 2262, 8, 0, 2695, 2702, 440, 432, 55.00, 1
547, 2269, 5, 0, 2703, 2707, 438, 433, 87.60, 1
548, 2274, 2, 0, 2708, 2709, 435, 433, 217.50, 1
549, 2278, 1, 0, 2710, 2710, 432, 431, 432.00, 1
550, 2282, 5, 0, 2711, 2715, 433, 428, 86.60, 1
551, 2284, 4, 0, 2716, 2719, 435, 431, 108.75, 1
552, 2286, 1, 0, 2720, 2720, 434, 433, 434.00, 1
553, 2289, 1, 0, 2721, 2721, 432, 431, 432.00, 1
554, 2292, 1, 0, 2722, 2722, 430, 429, 430.00, 1
555, 2294, 13, 0, 2723, 2735, 441, 428, 33.92, 1
556, 2297, 9, 0, 2736, 2744, 447, 438, 49.67, 1
557, 2306, 2, 0, 2745, 2746, 440, 438, 220.00, 1
558, 2310, 5, 0, 2747, 2751, 441, 436, 88.20, 1
559, 2317, 9, 0, 2752, 2760, 443, 434, 49.22, 1
560, 2318, 3, 0, 2761, 2763, 445, 442, 148.33, 1
561, 2320, 5, 0, 2764, 2768, 448, 443, 89.60, 1
562, 2322, 11, 0, 2769, 2779, 457, 446, 41.55, 1
563, 2323, 8, 0, 2780, 2787, 464, 456, 58.00, 1
564, 2326, 2, 0, 2788, 2789, 463, 461, 231.50, 1
565, 2330, 2, 0, 2790, 2791, 461, 459, 230.50, 1
566, 2333, 1, 0, 2792, 2792, 459, 458, 459.00, 1
567, 2336, 6, 0, 2793, 2798, 462, 456, 77.00, 1
568, 2339, 7, 0, 2799, 2805, 466, 459, 66.57, 1
569, 2342, 2, 0, 2806, 2807, 465, 463, 232.50, 1
570, 2348, 1, 0, 2808, 2808, 460, 459, 460.00, 1
571, 2351, 7, 0, 2809, 2815, 464, 457, 66.29, 1
572, 2352, 1, 0, 2816, 2816, 464, 463, 464.00, 1
573, 2358, 2, 0, 2817, 2818, 460, 458, 230.00, 1
574, 2360, 5, 0, 2819, 2823, 463, 458, 92.60, 1
575, 2363, 5, 0, 2824, 2828, 465, 460, 93.00, 1
576, 2375, 3, 0, 2829, 2831, 456, 453, 152.00, 1
577, 2376, 3, 0, 2832, 2834, 458, 455, 152.67, 1
578, 2377, 1, 0, 2835, 2835, 458, 457, 458.00, 1
579, 2381, 11, 0, 2836, 2846, 465, 454, 42.27, 1
580, 2385, 3, 0, 2847, 2849, 464, 461, 154.67, 1
581, 2390, 12, 0, 2850, 2861, 471, 459, 39.25, 1
582, 2394, 1, 0, 2862, 2862, 468, 467, 468.00, 1
583, 2398, 6, 0, 2863, 2868, 470, 464, 78.33, 1
584, 2400, 3, 0, 2869, 2871, 471, 468, 157.00, 1
585, 2412, 5, 0, 2872, 2876, 464, 459, 92.80, 1
586, 2416, 1, 0, 2877, 2877, 461, 460, 461.00, 1
587, 2417, 4, 0, 2878, 2881, 464, 460, 116.00, 1
588, 2421, 4, 0, 2882, 2885, 464, 460, 116.00, 1
589, 2428, 7, 0, 2886, 2892, 464, 457, 66.29, 1
590, 2430, 7, 0, 2893, 2899, 469, 462, 67.00, 1
591, 2432, 1, 0, 2900, 2900, 468, 467, 468.00, 1
592, 2435, 4, 0, 2901, 2904, 469, 465, 117.25, 1
593, 2436, 6, 0, 2905, 2910, 474, 468, 79.00, 1
594, 2440, 4, 0, 2911, 2914, 474, 470, 118.50, 1
595, 2443, 8, 0, 2915, 2922, 479, 471, 59.88, 1
596, 2448, 9, 0, 2923, 2931, 483, 474, 53.67, 1
597, 2453, 2, 0, 2932, 2933, 480, 478, 240.00, 1
598, 2455, 7, 0, 2934, 2940, 485, 478, 69.29, 1
599, 2461, 3, 0, 2941, 2943, 482, 479, 160.67, 1
600, 2462, 22, 0, 2944, 2965, 503, 481, 22.86, 1
601, 2465, 2, 0, 2966, 2967, 502, 500, 251.00, 1
602, 2467, 4, 0, 2968, 2971, 504, 500, 126.00, 1
603, 2469, 1, 0, 2972, 2972, 503, 502, 503.00, 1
604, 2470, 6, 0, 2973, 2978, 508, 502, 84.67, 1
605, 2471, 3, 0, 2979, 2981, 510, 507, 170.00, 1
606, 2477, 1, 0, 2982, 2982, 505, 504, 505.00, 1
607, 2479, 2, 0, 2983, 2984, 505, 503, 252.50, 1
608, 2481, 3, 0, 2985, 2987, 506, 503, 168.67, 1
609, 2483, 2, 0, 2988, 2989, 506, 504, 253.00, 1
610, 2486, 1, 0, 2990, 2990, 504, 503, 504.00, 1
611, 2492, 5, 0, 2991, 2995, 503, 498, 100.60, 1
612, 2500, 7, 0, 2996, 3002, 502, 495, 71.71, 1
613, 2506, 1, 0, 3003, 3003, 497, 496, 497.00, 1
614, 2507, 1, 0, 3004, 3004, 497, 496, 497.00, 1
615, 2508, 2, 0, 3005, 3006, 498, 496, 249.00, 1
616, 2523, 10, 0, 3007, 3016, 493, 483, 49.30, 1
617, 2527, 4, 0, 3017, 3020, 493, 489, 123.25, 1
618, 2531, 4, 0, 3021, 3024, 493, 489, 123.25, 1
619, 2532, 2, 0, 3025, 3026, 494, 492, 247.00, 1
620, 2535, 2, 0, 3027, 3028, 493, 491, 246.50, 1
621, 2540, 7, 0, 3029, 3035, 495, 488, 70.71, 1
622, 2541, 3, 0, 3036, 3038, 497, 494, 165.67, 1
623, 2546, 10, 0, 3039, 3048, 502, 492, 50.20, 1
624, 2551, 2, 0, 3049, 3050, 499, 497, 249.50, 1
625, 2556, 19, 0, 3051, 3069, 513, 494, 27.00, 1
626, 2557, 7, 0, 3070, 3076, 519, 512, 74.14, 1
627, 2558, 1, 0, 3077, 3077, 519, 518, 519.00, 1
628, 2560, 1, 0, 3078, 3078, 518, 517, 518.00, 1
629, 2577, 2, 0, 3079, 3080, 503, 501, 251.50, 1
630, 2589, 3, 0, 3081, 3083, 494, 491, 164.67, 1
631, 2592, 1, 0, 3084, 3084, 492, 491, 492.00, 1
632, 2594, 6, 0, 3085, 3090, 496, 490, 82.67, 1
633, 2598, 5, 0, 3091, 3095, 497, 492, 99.40, 1
634, 2606, 1, 0, 3096, 3096, 490, 489, 490.00, 1
635, 2609, 2, 0, 3097, 3098, 489, 487, 244.50, 1
636, 2613, 2, 0, 3099, 3100, 487, 485, 243.50, 1
637, 2616, 7, 0, 3101, 3107, 491, 484, 70.14, 1
638, 2623, 3, 0, 3108, 3110, 487, 484, 162.33, 1
639, 2626, 4, 0, 3111, 3114, 488, 484, 122.00, 1
640, 2628, 2, 0, 3115, 3116, 488, 486, 244.00, 1
641, 2630, 1, 0, 3117, 3117, 487, 486, 487.00, 1
642, 2631, 7, 0, 3118, 3124, 493, 486, 70.43, 1
643, 2635, 8, 0, 3125, 3132, 497, 489, 62.12, 1
644, 2636, 2, 0, 3133, 3134, 498, 496, 249.00, 1
645, 2638, 8, 0, 3135, 3142, 504, 496, 63.00, 1
646, 2640, 3, 0, 3143, 3145, 505, 502, 168.33, 1
647, 2642, 5, 0, 3146, 3150, 508, 503, 101.60, 1
648, 2643, 4, 0, 3151, 3154, 511, 507, 127.75, 1
649, 2644, 5, 0, 3155, 3159, 515, 510, 103.00, 1
650, 2645, 3, 0, 3160, 3162, 517, 514, 172.33, 1
651, 2663, 2, 0, 3163, 3164, 501, 499, 250.50, 1
652, 2669, 9, 0, 3165, 3173, 504, 495, 56.00, 1
653, 2671, 1, 0, 3174, 3174, 503, 502, 503.00, 1
654, 2677, 11, 0, 3175, 3185, 508, 497, 46.18, 1
655, 2679, 1, 0, 3186, 3186, 507, 506, 507.00, 1
656, 2680, 1, 0, 3187, 3187, 507, 506, 507.00, 1
657, 2681, 1, 0, 3188, 3188, 507, 506, 507.00, 1
658, 2692, 2, 0, 3189, 3190, 498, 496, 249.00, 1
659, 2699, 1, 0, 3191, 3191, 492, 491, 492.00, 1
660, 2700, 6, 0, 3192, 3197, 497, 491, 82.83, 1
661, 2702, 3, 0, 3198, 3200, 498, 495, 166.00, 1
662, 2703, 4, 0, 3201, 3204, 501, 497, 125.25, 1
663, 2708, 3, 0, 3205, 3207, 499, 496, 166.33, 1
664, 2714, 4, 0, 3208, 3211, 497, 493, 124.25, 1
665, 2722, 2, 0, 3212, 3213, 491, 489, 245.50, 1
666, 2723, 9, 0, 3214, 3222, 499, 490, 55.44, 1
667, 2735, 14, 0, 3223, 3236, 501, 487, 35.79, 1
668, 2736, 1, 0, 3237, 3237, 501, 500, 501.00, 1
669, 2743, 5, 0, 3238, 3242, 499, 494, 99.80, 1
670, 2748, 2, 0, 3243, 3244, 496, 494, 248.00, 1
671, 2751, 4, 0, 3245, 3248, 497, 493, 124.25, 1
672, 2752, 1, 0, 3249, 3249, 497, 496, 497.00, 1
673, 2756, 3, 0, 3250, 3252, 496, 493, 165.33, 1
674, 2758, 1, 0, 3253, 3253, 495, 494, 495.00, 1
675, 2763, 10, 0, 3254, 3263, 500, 490, 50.00, 1
676, 2770, 11, 0, 3264, 3274, 504, 493, 45.82, 1
677, 2775, 2, 0, 3275, 3276, 501, 499, 250.50, 1
678, 2778, 8, 0, 3277, 3284, 506, 498, 63.25, 1
679, 2783, 11, 0, 3285, 3295, 512, 501, 46.55, 1
680, 2784, 1, 0, 3296, 3296, 512, 511, 512.00, 1
681, 2790, 6, 0, 3297, 3302, 512, 506, 85.33, 1
682, 2792, 1, 0, 3303, 3303, 511, 510, 511.00, 1
683, 2801, 5, 0, 3304, 3308, 507, 502, 101.40, 1
684, 2805, 4, 0, 3309, 3312, 507, 503, 126.75, 1
685, 2808, 9, 0, 3313, 3321, 513, 504, 57.00, 1
686, 2809, 6, 0, 3322, 3327, 518, 512, 86.33, 1
687, 2813, 3, 0, 3328, 3330, 517, 514, 172.33, 1
688, 2817, 3, 0, 3331, 3333, 516, 513, 172.00, 1
689, 2818, 18, 0, 3334, 3351, 533, 515, 29.61, 1
690, 2820, 3, 0, 3352, 3354, 534, 531, 178.00, 1
691, 2832, 1, 0, 3355, 3355, 523, 522, 523.00, 1
692, 2833, 5, 0, 3356, 3360, 527, 522, 105.40, 1
693, 2844, 10, 0, 3361, 3370, 526, 516, 52.60, 1
694, 2846, 2, 0, 3371, 3372, 526, 524, 263.00, 1
695, 2848, 9, 0, 3373, 3381, 533, 524, 59.22, 1
696, 2854, 3, 0, 3382, 3384, 530, 527, 176.67, 1
697, 2860, 2, 0, 3385, 3386, 526, 524, 263.00, 1
698, 2865, 1, 0, 3387, 3387, 522, 521, 522.00, 1
699, 2868, 5, 0, 3388, 3392, 524, 519, 104.80, 1
700, 2870, 12, 0, 3393, 3404, 534, 522, 44.50, 1
701, 2872, 4, 0, 3405, 3408, 536, 532, 134.00, 1
702, 2876, 8, 0, 3409, 3416, 540, 532, 67.50, 1
703, 2878, 6, 0, 3417, 3422, 544, 538, 90.67, 1
704, 2880, 6, 0, 3423, 3428, 548, 542, 91.33, 1
705, 2886, 10, 0, 3429, 3438, 552, 542, 55.20, 1
706, 2887, 4, 0, 3439, 3442, 555, 551, 138.75, 1
707, 2890, 11, 0, 3443, 3453, 563, 552, 51.18, 1
708, 2895, 7, 0, 3454, 3460, 565, 558, 80.71, 1
709, 2911, 1, 0, 3461, 3461, 550, 549, 550.00, 1
710, 2912, 1, 0, 3462, 3462, 550, 549, 550.00, 1
711, 2913, 1, 0, 3463, 3463, 550, 549, 550.00, 1
712, 2936, 1, 0, 3464, 3464, 528, 527, 528.00, 1
713, 2938, 2, 0, 3465, 3466, 528, 526, 264.00, 1
714, 2941, 1, 0, 3467, 3467, 526, 525, 526.00, 1
715, 2943, 4, 0, 3468, 3471, 528, 524, 132.00, 1
716, 2961, 6, 0, 3472, 3477, 516, 510, 86.00, 1
717, 2962, 4, 0, 3478, 3481, 519, 515, 129.75, 1
718, 2963, 2, 0, 3482, 3483, 520, 518, 260.00, 1
719, 2965, 6, 0, 3484, 3489, 524, 518, 87.33, 1
720, 2969, 7, 0, 3490, 3496, 527, 520, 75.29, 1
721, 2977, 4, 0, 3497, 3500, 523, 519, 130.75, 1
722, 2979, 4, 0, 3501, 3504, 525, 521, 131.25, 1
723, 2980, 3, 0, 3505, 3507, 527, 524, 175.67, 1
724, 2986, 2, 0, 3508, 3509, 523, 521, 261.50, 1
725, 2995, 2, 0, 3510, 3511, 516, 514, 258.00, 1
726, 3000, 8, 0, 3512, 3519, 519, 511, 64.88, 1
727, 3002, 2, 0, 3520, 3521, 519, 517, 259.50, 1
728, 3011, 1, 0, 3522, 3522, 511, 510, 511.00, 1
729, 3012, 3, 0, 3523, 3525, 513, 510, 171.00, 1
730, 3020, 3, 0, 3526, 3528, 508, 505, 169.33, 1
731, 3026, 1, 0, 3529, 3529, 503, 502, 503.00, 1
732, 3034, 21, 0, 3530, 3550, 516, 495, 24.57, 1
733, 3038, 32, 0, 3551, 3582, 544, 512, 17.00, 1
734, 3041, 6, 0, 3583, 3588, 547, 541, 91.17, 1
735, 3042, 6, 0, 3589, 3594, 552, 546, 92.00, 1
736, 3052, 19, 0, 3595, 3613, 561, 542, 29.53, 1
737, 3056, 5, 0, 3614, 3618, 562, 557, 112.40, 1
738, 3059, 8, 0, 3619, 3626, 567, 559, 70.88, 1
739, 3060, 5, 0, 3627, 3631, 571, 566, 114.20, 1
740, 3064, 1, 0, 3632, 3632, 568, 567, 568.00, 1
741, 3065, 3, 0, 3633, 3635, 570, 567, 190.00, 1
742, 3066, 1, 0, 3636, 3636, 570, 569, 570.00, 1
743, 3069, 6, 0, 3637, 3642, 573, 567, 95.50, 1
744, 3076, 3, 0, 3643, 3645, 569, 566, 189.67, 1
745, 3077, 2, 0, 3646, 3647, 570, 568, 285.00, 1
746, 3084, 8, 0, 3648, 3655, 571, 563, 71.38, 1
747, 3085, 1, 0, 3656, 3656, 571, 570, 571.00, 1
748, 3091, 1, 0, 3657, 3657, 566, 565, 566.00, 1
749, 3097, 6, 0, 3658, 3663, 566, 560, 94.33, 1
750, 3098, 4, 0, 3664, 3667, 569, 565, 142.25, 1
751, 3111, 6, 0, 3668, 3673, 562, 556, 93.67, 1
752, 3112, 5, 0, 3674, 3678, 566, 561, 113.20, 1
753, 3119, 3, 0, 3679, 3681, 562, 559, 187.33, 1
754, 3121, 3, 0, 3682, 3684, 563, 560, 187.67, 1
755, 3131, 8, 0, 3685, 3692, 561, 553, 70.12, 1
756, 3132, 1, 0, 3693, 3693, 561, 560, 561.00, 1
757, 3139, 4, 0, 3694, 3697, 558, 554, 139.50, 1
758, 3145, 2, 0, 3698, 3699, 554, 552, 277.00, 1
759, 3148, 16, 0, 3700, 3715, 567, 551, 35.44, 1
760, 3149, 3, 0, 3716, 3718, 569, 566, 189.67, 1
761, 3157, 8, 0, 3719, 3726, 569, 561, 71.12, 1
762, 3161, 1, 0, 3727, 3727, 566, 565, 566.00, 1
763, 3165, 3, 0, 3728, 3730, 565, 562, 188.33, 1
764, 3166, 3, 0, 3731, 3733, 567, 564, 189.00, 1
765, 3167, 11, 0, 3734, 3744, 577, 566, 52.45, 1
766, 3173, 4, 0, 3745, 3748, 575, 571, 143.75, 1
767, 3177, 1, 0, 3749, 3749, 572, 571, 572.00, 1
768, 3180, 5, 0, 3750, 3754, 574, 569, 114.80, 1
769, 3190, 2, 0, 3755, 3756, 566, 564, 283.00, 1
770, 3191, 3, 0, 3757, 3759, 568, 565, 189.33, 1
771, 3195, 5, 0, 3760, 3764, 569, 564, 113.80, 1
772, 3200, 3, 0, 3765, 3767, 567, 564, 189.00, 1
773, 3202, 8, 0, 3768, 3775, 573, 565, 71.62, 1
774, 3204, 2, 0, 3776, 3777, 573, 571, 286.50, 1
775, 3209, 2, 0, 3778, 3779, 570, 568, 285.00, 1
776, 3213, 7, 0, 3780, 3786, 573, 566, 81.86, 1
777, 3217, 2, 0, 3787, 3788, 571, 569, 285.50, 1
778, 3219, 1, 0, 3789, 3789, 570, 569, 570.00, 1
779, 3234, 8, 0, 3790, 3797, 563, 555, 70.38, 1
780, 3239, 5, 0, 3798, 3802, 563, 558, 112.60, 1
781, 3241, 6, 0, 3803, 3808, 567, 561, 94.50, 1
782, 3246, 3, 0, 3809, 3811, 565, 562, 188.33, 1
783, 3248, 2, 0, 3812, 3813, 565, 563, 282.50, 1
784, 3252, 5, 0, 3814, 3818, 566, 561, 113.20, 1
785, 3261, 2, 0, 3819, 3820, 559, 557, 279.50, 1
786, 3265, 1, 0, 3821, 3821, 556, 555, 556.00, 1
787, 3266, 4, 0, 3822, 3825, 559, 555, 139.75, 1
788, 3267, 7, 0, 3826, 3832, 565, 558, 80.71, 1
789, 3273, 4, 0, 3833, 3836, 563, 559, 140.75, 1
790, 3277, 6, 0, 3837, 3842, 565, 559, 94.17, 1
791, 3280, 2, 0, 3843, 3844, 564, 562, 282.00, 1
792, 3281, 2, 0, 3845, 3846, 565, 563, 282.50, 1
793, 3284, 4, 0, 3847, 3850, 566, 562, 141.50, 1
794, 3293, 4, 0, 3851, 3854, 561, 557, 140.25, 1
795, 3295, 1, 0, 3855, 3855, 560, 559, 560.00, 1
796, 3296, 3, 0, 3856, 3858, 562, 559, 187.33, 1
797, 3303, 18, 0, 3859, 3876, 573, 555, 31.83, 1
798, 3308, 2, 0, 3877, 3878, 570, 568, 285.00, 1
799, 3310, 1, 0, 3879, 3879, 569, 568, 569.00, 1
800, 3325, 5, 0, 3880, 3884, 559, 554, 111.80, 1
801, 3329, 1, 0, 3885, 3885, 556, 555, 556.00, 1
802, 3330, 1, 0, 3886, 3886, 556, 555, 556.00, 1
803, 3333, 1, 0, 3887, 3887, 554, 553, 554.00, 1
804, 3335, 8, 0, 3888, 3895, 560, 552, 70.00, 1
805, 3337, 20, 0, 3896, 3915, 578, 558, 28.90, 1
806, 3338, 2, 0, 3916, 3917, 579, 577, 289.50, 1
807, 3341, 7, 0, 3918, 3924, 583, 576, 83.29, 1
808, 3352, 4, 0, 3925, 3928, 576, 572, 144.00, 1
809, 3360, 1, 0, 3929, 3929, 569, 568, 569.00, 1
810, 3362, 3, 0, 3930, 3932, 570, 567, 190.00, 1
811, 3365, 2, 0, 3933, 3934, 569, 567, 284.50, 1
812, 3367, 1, 0, 3935, 3935, 568, 567, 568.00, 1
813, 3370, 2, 0, 3936, 3937, 567, 565, 283.50, 1
814, 3375, 6, 0, 3938, 3943, 568, 562, 94.67, 1
815, 3378, 1, 0, 3944, 3944, 566, 565, 566.00, 1
816, 3379, 2, 0, 3945, 3946, 567, 565, 283.50, 1
817, 3384, 3, 0, 3947, 3949, 565, 562, 188.33, 1
818, 3387, 2, 0, 3950, 3951, 564, 562, 282.00, 1
819, 3390, 6, 0, 3952, 3957, 567, 561, 94.50, 1
820, 3392, 5, 0, 3958, 3962, 570, 565, 114.00, 1
821, 3395, 2, 0, 3963, 3964, 569, 567, 284.50, 1
822, 3396, 11, 0, 3965, 3975, 579, 568, 52.64, 1
823, 3401, 5, 0, 3976, 3980, 579, 574, 115.80, 1
824, 3402, 1, 0, 3981, 3981, 579, 578, 579.00, 1
825, 3405, 3, 0, 3982, 3984, 579, 576, 193.00, 1
826, 3406, 1, 0, 3985, 3985, 579, 578, 579.00, 1
827, 3410, 8, 0, 3986, 3993, 583, 575, 72.88, 1
828, 3414, 5, 0, 3994, 3998, 584, 579, 116.80, 1
829, 3415, 4, 0, 3999, 4002, 587, 583, 146.75, 1
830, 3425, 2, 0, 4003, 4004, 579, 577, 289.50, 1
831, 3428, 6, 0, 4005, 4010, 582, 576, 97.00, 1
832, 3431, 10, 0, 4011, 4020, 589, 579, 58.90, 1
833, 3433, 1, 0, 4021, 4021, 588, 587, 588.00, 1
834, 3434, 2, 0, 4022, 4023, 589, 587, 294.50, 1
835, 3437, 12, 0, 4024, 4035, 598, 586, 49.83, 1
836, 3442, 7, 0, 4036, 4042, 600, 593, 85.71, 1
837, 3445, 9, 0, 4043, 4051, 606, 597, 67.33, 1
838, 3447, 3, 0, 4052, 4054, 607, 604, 202.33, 1
839, 3451, 4, 0, 4055, 4058, 607, 603, 151.75, 1
840, 3455, 10, 0, 4059, 4068, 613, 603, 61.30, 1
841, 3456, 2, 0, 4069, 4070, 614, 612, 307.00, 1
842, 3459, 4, 0, 4071, 4074, 615, 611, 153.75, 1
843, 3460, 17, 0, 4075, 4091, 631, 614, 37.12, 1
844, 3462, 1, 0, 4092, 4092, 630, 629, 630.00, 1
845, 3465, 1, 0, 4093, 4093, 628, 627, 628.00, 1
846, 3466, 11, 0, 4094, 4104, 638, 627, 58.00, 1
847, 3472, 2, 0, 4105, 4106, 634, 632, 317.00, 1
848, 3474, 8, 0, 4107, 4114, 640, 632, 80.00, 1
849, 3479, 5, 0, 4115, 4119, 640, 635, 128.00, 1
850, 3482, 13, 0, 4120, 4132, 650, 637, 50.00, 1
851, 3486, 5, 0, 4133, 4137, 651, 646, 130.20, 1
852, 3487, 3, 0, 4138, 4140, 653, 650, 217.67, 1
853, 3488, 9, 0, 4141, 4149, 661, 652, 73.44, 1
854, 3498, 2, 0, 4150, 4151, 653, 651, 326.50, 1
855, 3500, 4, 0, 4152, 4155, 655, 651, 163.75, 1
856, 3503, 1, 0, 4156, 4156, 653, 652, 653.00, 1
857, 3504, 3, 0, 4157, 4159, 655, 652, 218.33, 1
858, 3511, 8, 0, 4160, 4167, 656, 648, 82.00, 1
859, 3517, 4, 0, 4168, 4171, 654, 650, 163.50, 1
860, 3519, 11, 0, 4172, 4182, 663, 652, 60.27, 1
861, 3520, 1, 0, 4183, 4183, 663, 662, 663.00, 1
862, 3523, 12, 0, 4184, 4195, 672, 660, 56.00, 1
863, 3526, 7, 0, 4196, 4202, 676, 669, 96.57, 1
864, 3535, 2, 0, 4203, 4204, 669, 667, 334.50, 1
865, 3537, 3, 0, 4205, 4207, 670, 667, 223.33, 1
866, 3550, 4, 0, 4208, 4211, 661, 657, 165.25, 1
867, 3551, 3, 0, 4212, 4214, 663, 660, 221.00, 1
868, 3554, 3, 0, 4215, 4217, 663, 660, 221.00, 1
869, 3555, 3, 0, 4218, 4220, 665, 662, 221.67, 1
870, 3556, 8, 0, 4221, 4228, 672, 664, 84.00, 1
871, 3560, 10, 0, 4229, 4238, 678, 668, 67.80, 1
872, 3562, 2, 0, 4239, 4240, 678, 676, 339.00, 1
873, 3563, 1, 0, 4241, 4241, 678, 677, 678.00, 1
874, 3578, 2, 0, 4242, 4243, 665, 663, 332.50, 1
875, 3579, 3, 0, 4244, 4246, 667, 664, 222.33, 1
876, 3585, 2, 0, 4247, 4248, 663, 661, 331.50, 1
877, 3587, 6, 0, 4249, 4254, 667, 661, 111.17, 1
878, 3590, 8, 0, 4255, 4262, 672, 664, 84.00, 1
879, 3595, 1, 0, 4263, 4263, 668, 667, 668.00, 1
880, 3597, 10, 0, 4264, 4273, 676, 666, 67.60, 1
881, 3604, 2, 0, 4274, 4275, 671, 669, 335.50, 1
882, 3615, 1, 0, 4276, 4276, 661, 660, 661.00, 1
883, 3625, 2, 0, 4277, 4278, 653, 651, 326.50, 1
884, 3631, 11, 0, 4279, 4289, 658, 647, 59.82, 1
885, 3635, 8, 0, 4290, 4297, 662, 654, 82.75, 1
886, 3642, 3, 0, 4298, 4300, 658, 655, 219.33, 1
887, 3644, 1, 0, 4301, 4301, 657, 656, 657.00, 1
888, 3645, 16, 0, 4302, 4317, 672, 656, 42.00, 1
889, 3648, 3, 0, 4318, 4320, 672, 669, 224.00, 1
890, 3649, 3, 0, 4321, 4323, 674, 671, 224.67, 1
891, 3652, 1, 0, 4324, 4324, 672, 671, 672.00, 1
892, 3653, 14, 0, 4325, 4338, 685, 671, 48.93, 1
893, 3659, 1, 0, 4339, 4339, 680, 679, 680.00, 1
894, 3661, 4, 0, 4340, 4343, 682, 678, 170.50, 1
895, 3667, 5, 0, 4344, 4348, 681, 676, 136.20, 1
896, 3674, 3, 0, 4349, 4351, 677, 674, 225.67, 1
897, 3677, 1, 0, 4352, 4352, 675, 674, 675.00, 1
898, 3680, 3, 0, 4353, 4355, 675, 672, 225.00, 1
899, 3685, 1, 0, 4356, 4356, 671, 670, 671.00, 1
900, 3691, 7, 0, 4357, 4363, 672, 665, 96.00, 1
901, 3693, 6, 0, 4364, 4369, 676, 670, 112.67, 1
902, 3694, 1, 0, 4370, 4370, 676, 675, 676.00, 1
903, 3695, 4, 0, 4371, 4374, 679, 675, 169.75, 1
904, 3699, 7, 0, 4375, 4381, 682, 675, 97.43, 1
905, 3703, 1, 0, 4382, 4382, 679, 678, 679.00, 1
906, 3705, 1, 0, 4383, 4383, 678, 677, 678.00, 1
907, 3712, 4, 0, 4384, 4387, 675, 671, 168.75, 1
908, 3719, 3, 0, 4388, 4390, 671, 668, 223.67, 1
909, 3720, 4, 0, 4391, 4394, 674, 670, 168.50, 1
910, 3722, 3, 0, 4395, 4397, 675, 672, 225.00, 1
911, 3724, 1, 0, 4398, 4398, 674, 673, 674.00, 1
912, 3729, 4, 0, 4399, 4402, 673, 669, 168.25, 1
913, 3732, 8, 0, 4403, 4410, 678, 670, 84.75, 1
914, 3733, 2, 0, 4411, 4412, 679, 677, 339.50, 1
915, 3740, 1, 0, 4413, 4413, 673, 672, 673.00, 1
916, 3749, 5, 0, 4414, 4418, 669, 664, 133.80, 1
917, 3750, 2, 0, 4419, 4420, 670, 668, 335.00, 1
918, 3753, 1, 0, 4421, 4421, 668, 667, 668.00, 1
919, 3758, 5, 0, 4422, 4426, 668, 663, 133.60, 1
920, 3764, 4, 0, 4427, 4430, 666, 662, 166.50, 1
921, 3766, 2, 0, 4431, 4432, 666, 664, 333.00, 1
922, 3770, 4, 0, 4433, 4436, 666, 662, 166.50, 1
923, 3775, 3, 0, 4437, 4439, 664, 661, 221.33, 1
924, 3788, 5, 0, 4440, 4444, 656, 651, 131.20, 1
925, 3791, 2, 0, 4445, 4446, 655, 653, 327.50, 1
926, 3795, 2, 0, 4447, 4448, 653, 651, 326.50, 1
927, 3797, 7, 0, 4449, 4455, 658, 651, 94.00, 1
928, 3803, 2, 0, 4456, 4457, 654, 652, 327.00, 1
929, 3806, 8, 0, 4458, 4465, 659, 651, 82.38, 1
930, 3808, 2, 0, 4466, 4467, 659, 657, 329.50, 1
931, 3812, 16, 0, 4468, 4483, 671, 655, 41.94, 1
932, 3814, 5, 0, 4484, 4488, 674, 669, 134.80, 1
933, 3819, 1, 0, 4489, 4489, 670, 669, 670.00, 1
934, 3835, 2, 0, 4490, 4491, 656, 654, 328.00, 1
935, 3836, 3, 0, 4492, 4494, 658, 655, 219.33, 1
936, 3837, 9, 0, 4495, 4503, 666, 657, 74.00, 1
937, 3838, 3, 0, 4504, 4506, 668, 665, 222.67, 1
938, 3840, 3, 0, 4507, 4509, 669, 666, 223.00, 1
939, 3842, 1, 0, 4510, 4510, 668, 667, 668.00, 1
940, 3844, 6, 0, 4511, 4516, 672, 666, 112.00, 1
941, 3850, 6, 0, 4517, 4522, 672, 666, 112.00, 1
942, 3853, 5, 0, 4523, 4527, 674, 669, 134.80, 1
943, 3854, 1, 0, 4528, 4528, 674, 673, 674.00, 1
944, 3855, 2, 0, 4529, 4530, 675, 673, 337.50, 1
945, 3862, 14, 0, 4531, 4544, 682, 668, 48.71, 1
946, 3867, 3, 0, 4545, 4547, 680, 677, 226.67, 1
947, 3868, 7, 0, 4548, 4554, 686, 679, 98.00, 1
948, 3869, 3, 0, 4555, 4557, 688, 685, 229.33, 1
949, 3881, 6, 0, 4558, 4563, 682, 676, 113.67, 1
950, 3885, 3, 0, 4564, 4566, 681, 678, 227.00, 1
951, 3888, 3, 0, 4567, 4569, 681, 678, 227.00, 1
952, 3892, 5, 0, 4570, 4574, 682, 677, 136.40, 1
953, 3894, 13, 0, 4575, 4587, 693, 680, 53.31, 1
954, 3901, 16, 0, 4588, 4603, 702, 686, 43.88, 1
955, 3902, 6, 0, 4604, 4609, 707, 701, 117.83, 1
956, 3905, 2, 0, 4610, 4611, 706, 704, 353.00, 1
957, 3906, 4, 0, 4612, 4615, 709, 705, 177.25, 1
958, 3907, 5, 0, 4616, 4620, 713, 708, 142.60, 1
959, 3908, 5, 0, 4621, 4625, 717, 712, 143.40, 1
960, 3910, 15, 0, 4626, 4640, 730, 715, 48.67, 1
961, 3911, 7, 0, 4641, 4647, 736, 729, 105.14, 1
962, 3920, 15, 0, 4648, 4662, 742, 727, 49.47, 1
963, 3922, 5, 0, 4663, 4667, 745, 740, 149.00, 1
964, 3924, 10, 0, 4668, 4677, 753, 743, 75.30, 1
965, 3931, 14, 0, 4678, 4691, 760, 746, 54.29, 1
966, 3934, 4, 0, 4692, 4695, 761, 757, 190.25, 1
967, 3935, 1, 0, 4696, 4696, 761, 760, 761.00, 1
968, 3937, 3, 0, 4697, 4699, 762, 759, 254.00, 1
969, 3939, 4, 0, 4700, 4703, 764, 760, 191.00, 1
970, 3943, 10, 0, 4704, 4713, 770, 760, 77.00, 1
971, 3945, 6, 0, 4714, 4719, 774, 768, 129.00, 1
972, 3946, 2, 0, 4720, 4721, 775, 773, 387.50, 1
973, 3954, 1, 0, 4722, 4722, 768, 767, 768.00, 1
974, 3955, 3, 0, 4723, 4725, 770, 767, 256.67, 1
975, 3957, 19, 0, 4726, 4744, 787, 768, 41.42, 1
976, 3960, 24, 0, 4745, 4768, 808, 784, 33.67, 1
977, 3961, 7, 0, 4769, 4775, 814, 807, 116.29, 1
978, 3962, 4, 0, 4776, 4779, 817, 813, 204.25, 1
979, 3966, 4, 0, 4780, 4783, 817, 813, 204.25, 1
980, 3967, 1, 0, 4784, 4784, 817, 816, 817.00, 1
981, 3969, 7, 0, 4785, 4791, 822, 815, 117.43, 1
982, 3973, 17, 0, 4792, 4808, 835, 818, 49.12, 1
983, 3976, 4, 0, 4809, 4812, 836, 832, 209.00, 1
984, 3982, 4, 0, 4813, 4816, 834, 830, 208.50, 1
985, 3984, 2, 0, 4817, 4818, 834, 832, 417.00, 1
986, 3995, 7, 0, 4819, 4825, 830, 823, 118.57, 1
987, 3997, 1, 0, 4826, 4826, 829, 828, 829.00, 1
988, 4001, 7, 0, 4827, 4833, 832, 825, 118.86, 1
989, 4002, 5, 0, 4834, 4838, 836, 831, 167.20, 1
990, 4004, 1, 0, 4839, 4839, 835, 834, 835.00, 1
991, 4005, 1, 0, 4840, 4840, 835, 834, 835.00, 1
992, 4006, 5, 0, 4841, 4845, 839, 834, 167.80, 1
993, 4016, 1, 0, 4846, 4846, 830, 829, 830.00, 1
994, 4020, 5, 0, 4847, 4851, 831, 826, 166.20, 1
995, 4028, 2, 0, 4852, 4853, 825, 823, 412.50, 1
996, 4031, 7, 0, 4854, 4860, 829, 822, 118.43, 1
997, 4037, 10, 0, 4861, 4870, 833, 823, 83.30, 1
998, 4044, 5, 0, 4871, 4875, 831, 826, 166.20, 1
999, 4047, 3, 0, 4876, 4878, 831, 828, 277.00, 1
1000, 4049, 5, 0, 4879, 4883, 834, 829, 166.80, 1
1001, 4052, 9, 0, 4884, 4892, 840, 831, 93.33, 1
1002, 4055, 2, 0, 4893, 4894, 839, 837, 419.50, 1
1003, 4056, 5, 0, 4895, 4899, 843, 838, 168.60, 1
1004, 4061, 1, 0, 4900, 4900, 839, 838, 839.00, 1
1005, 4062, 31, 0, 4901, 4931, 869, 838, 28.03, 1
1006, 4064, 2, 0, 4932, 4933, 869, 867, 434.50, 1
1007, 4065, 4, 0, 4934, 4937, 872, 868, 218.00, 1
1008, 4068, 3, 0, 4938, 4940, 872, 869, 290.67, 1
1009, 4071, 2, 0, 4941, 4942, 871, 869, 435.50, 1
1010, 4073, 3, 0, 4943, 4945, 872, 869, 290.67, 1
1011, 4075, 2, 0, 4946, 4947, 872, 870, 436.00, 1
1012, 4076, 1, 0, 4948, 4948, 872, 871, 872.00, 1
1013, 4080, 3, 0, 4949, 4951, 871, 868, 290.33, 1
1014, 4081, 4, 0, 4952, 4955, 874, 870, 218.50, 1
1015, 4084, 2, 0, 4956, 4957, 873, 871, 436.50, 1
1016, 4085, 2, 0, 4958, 4959, 874, 872, 437.00, 1
1017, 4086, 1, 0, 4960, 4960, 874, 873, 874.00, 1
1018, 4090, 1, 0, 4961, 4961, 871, 870, 871.00, 1
1019, 4095, 4, 0, 4962, 4965, 870, 866, 217.50, 1
1020, 4101, 4, 0, 4966, 4969, 868, 864, 217.00, 1
1021, 4106, 2, 0, 4970, 4971, 865, 863, 432.50, 1
1022, 4107, 9, 0, 4972, 4980, 873, 864, 97.00, 1
1023, 4108, 3, 0, 4981, 4983, 875, 872, 291.67, 1
1024, 4109, 11, 0, 4984, 4994, 885, 874, 80.45, 1
1025, 4117, 1, 0, 4995, 4995, 878, 877, 878.00, 1
1026, 4120, 3, 0, 4996, 4998, 878, 875, 292.67, 1
1027, 4121, 2, 0, 4999, 5000, 879, 877, 439.50, 1
1028, 4130, 1, 0, 5001, 5001, 871, 870, 871.00, 1
1029, 4139, 5, 0, 5002, 5006, 867, 862, 173.40, 1
1030, 4141, 7, 0, 5007, 5013, 872, 865, 124.57, 1
1031, 4142, 1, 0, 5014, 5014, 872, 871, 872.00, 1
1032, 4148, 3, 0, 5015, 5017, 869, 866, 289.67, 1
1033, 4150, 2, 0, 5018, 5019, 869, 867, 434.50, 1
1034, 4160, 4, 0, 5020, 5023, 863, 859, 215.75, 1
1035, 4163, 5, 0, 5024, 5028, 865, 860, 173.00, 1
1036, 4164, 1, 0, 5029, 5029, 865, 864, 865.00, 1
1037, 4167, 2, 0, 5030, 5031, 864, 862, 432.00, 1
1038, 4186, 3, 0, 5032, 5034, 848, 845, 282.67, 1
1039, 4189, 10, 0, 5035, 5044, 855, 845, 85.50, 1
1040, 4194, 3, 0, 5045, 5047, 853, 850, 284.33, 1
1041, 4195, 3, 0, 5048, 5050, 855, 852, 285.00, 1
1042, 4207, 8, 0, 5051, 5058, 851, 843, 106.38, 1
1043, 4212, 16, 0, 5059, 5074, 862, 846, 53.88, 1
1044, 4218, 1, 0, 5075, 5075, 857, 856, 857.00, 1
1045, 4221, 6, 0, 5076, 5081, 860, 854, 143.33, 1
1046, 4229, 2, 0, 5082, 5083, 854, 852, 427.00, 1
1047, 4233, 6, 0, 5084, 5089, 856, 850, 142.67, 1
1048, 4235, 4, 0, 5090, 5093, 858, 854, 214.50, 1
1049, 4237, 5, 0, 5094, 5098, 861, 856, 172.20, 1
1050, 4239, 6, 0, 5099, 5104, 865, 859, 144.17, 1
1051, 4242, 2, 0, 5105, 5106, 864, 862, 432.00, 1
1052, 4243, 5, 0, 5107, 5111, 868, 863, 173.60, 1
1053, 4245, 4, 0, 5112, 5115, 870, 866, 217.50, 1
1054, 4250, 10, 0, 5116, 5125, 875, 865, 87.50, 1
1055, 4256, 6, 0, 5126, 5131, 875, 869, 145.83, 1
1056, 4258, 14, 0, 5132, 5145, 887, 873, 63.36, 1
1057, 4261, 9, 0, 5146, 5154, 893, 884, 99.22, 1
1058, 4262, 1, 0, 5155, 5155, 893, 892, 893.00, 1
1059, 4266, 1, 0, 5156, 5156, 890, 889, 890.00, 1
1060, 4274, 3, 0, 5157, 5159, 885, 882, 295.00, 1
1061, 4276, 9, 0, 5160, 5168, 892, 883, 99.11, 1
1062, 4277, 3, 0, 5169, 5171, 894, 891, 298.00, 1
1063, 4280, 2, 0, 5172, 5173, 893, 891, 446.50, 1
1064, 4282, 8, 0, 5174, 5181, 899, 891, 112.38, 1
1065, 4286, 3, 0, 5182, 5184, 898, 895, 299.33, 1
1066, 4287, 1, 0, 5185, 5185, 898, 897, 898.00, 1
1067, 4291, 1, 0, 5186, 5186, 895, 894, 895.00, 1
1068, 4303, 3, 0, 5187, 5189, 886, 883, 295.33, 1
1069, 4304, 3, 0, 5190, 5192, 888, 885, 296.00, 1
1070, 4305, 1, 0, 5193, 5193, 888, 887, 888.00, 1
1071, 4307, 5, 0, 5194, 5198, 891, 886, 178.20, 1
1072, 4309, 8, 0, 5199, 5206, 897, 889, 112.12, 1
1073, 4312, 9, 0, 5207, 5215, 903, 894, 100.33, 1
1074, 4314, 1, 0, 5216, 5216, 902, 901, 902.00, 1
1075, 4316, 2, 0, 5217, 5218, 902, 900, 451.00, 1
1076, 4323, 5, 0, 5219, 5223, 900, 895, 180.00, 1
1077, 4328, 1, 0, 5224, 5224, 896, 895, 896.00, 1
1078, 4334, 7, 0, 5225, 5231, 897, 890, 128.14, 1
1079, 4335, 11, 0, 5232, 5242, 907, 896, 82.45, 1
1080, 4340, 1, 0, 5243, 5243, 903, 902, 903.00, 1
1081, 4343, 4, 0, 5244, 5247, 904, 900, 226.00, 1
1082, 4344, 2, 0, 5248, 5249, 905, 903, 452.50, 1
1083, 4347, 6, 0, 5250, 5255, 908, 902, 151.33, 1
1084, 4351, 10, 0, 5256, 5265, 914, 904, 91.40, 1
1085, 4362, 1, 0, 5266, 5266, 904, 903, 904.00, 1
1086, 4366, 3, 0, 5267, 5269, 903, 900, 301.00, 1
1087, 4369, 3, 0, 5270, 5272, 903, 900, 301.00, 1
1088, 4374, 6, 0, 5273, 5278, 904, 898, 150.67, 1
1089, 4380, 5, 0, 5279, 5283, 903, 898, 180.60, 1
1090, 4384, 3, 0, 5284, 5286, 902, 899, 300.67, 1
1091, 4385, 4, 0, 5287, 5290, 905, 901, 226.25, 1
1092, 4392, 4, 0, 5291, 5294, 902, 898, 225.50, 1
1093, 4398, 15, 0, 5295, 5309, 911, 896, 60.73, 1
1094, 4402, 2, 0, 5310, 5311, 909, 907, 454.50, 1
1095, 4407, 11, 0, 5312, 5322, 915, 904, 83.18, 1
1096, 4410, 2, 0, 5323, 5324, 914, 912, 457.00, 1
1097, 4413, 2, 0, 5325, 5326, 913, 911, 456.50, 1
1098, 4415, 9, 0, 5327, 5335, 920, 911, 102.22, 1
1099, 4420, 3, 0, 5336, 5338, 918, 915, 306.00, 1
1100, 4423, 5, 0, 5339, 5343, 920, 915, 184.00, 1
1101, 4433, 3, 0, 5344, 5346, 913, 910, 304.33, 1
1102, 4434, 5, 0, 5347, 5351, 917, 912, 183.40, 1
1103, 4440, 7, 0, 5352, 5358, 918, 911, 131.14, 1
1104, 4446, 4, 0, 5359, 5362, 916, 912, 229.00, 1
1105, 4449, 6, 0, 5363, 5368, 919, 913, 153.17, 1
1106, 4454, 15, 0, 5369, 5383, 929, 914, 61.93, 1
1107, 4457, 1, 0, 5384, 5384, 927, 926, 927.00, 1
1108, 4458, 2, 0, 5385, 5386, 928, 926, 464.00, 1
1109, 4469, 4, 0, 5387, 5390, 921, 917, 230.25, 1
1110, 4475, 7, 0, 5391, 5397, 922, 915, 131.71, 1
1111, 4478, 4, 0, 5398, 5401, 923, 919, 230.75, 1
1112, 4480, 3, 0, 5402, 5404, 924, 921, 308.00, 1
1113, 4489, 4, 0, 5405, 5408, 919, 915, 229.75, 1
1114, 4492, 1, 0, 5409, 5409, 917, 916, 917.00, 1
1115, 4495, 2, 0, 5410, 5411, 916, 914, 458.00, 1
1116, 4497, 7, 0, 5412, 5418, 921, 914, 131.57, 1
1117, 4498, 11, 0, 5419, 5429, 931, 920, 84.64, 1
1118, 4502, 5, 0, 5430, 5434, 932, 927, 186.40, 1
1119, 4512, 2, 0, 5435, 5436, 924, 922, 462.00, 1
1120, 4517, 11, 0, 5437, 5447, 930, 919, 84.55, 1
1121, 4520, 5, 0, 5448, 5452, 932, 927, 186.40, 1
1122, 4521, 1, 0, 5453, 5453, 932, 931, 932.00, 1
1123, 4528, 7, 0, 5454, 5460, 932, 925, 133.14, 1
1124, 4532, 3, 0, 5461, 5463, 931, 928, 310.33, 1
1125, 4540, 3, 0, 5464, 5466, 926, 923, 308.67, 1
1126, 4541, 2, 0, 5467, 5468, 927, 925, 463.50, 1
1127, 4546, 1, 0, 5469, 5469, 923, 922, 923.00, 1
1128, 4549, 1, 0, 5470, 5470, 921, 920, 921.00, 1
1129, 4554, 1, 0, 5471, 5471, 917, 916, 917.00, 1
1130, 4555, 5, 0, 5472, 5476, 921, 916, 184.20, 1
1131, 4563, 9, 0, 5477, 5485, 922, 913, 102.44, 1
1132, 4570, 3, 0, 5486, 5488, 918, 915, 306.00, 1
1133, 4572, 1, 0, 5489, 5489, 917, 916, 917.00, 1
1134, 4573, 5, 0, 5490, 5494, 921, 916, 184.20, 1
1135, 4574, 4, 0, 5495, 5498, 924, 920, 231.00, 1
1136, 4575, 15, 0, 5499, 5513, 938, 923, 62.53, 1
1137, 4576, 4, 0, 5514, 5517, 941, 937, 235.25, 1
1138, 4577, 9, 0, 5518, 5526, 949, 940, 105.44, 1
1139, 4581, 5, 0, 5527, 5531, 950, 945, 190.00, 1
1140, 4584, 17, 0, 5532, 5548, 964, 947, 56.71, 1
1141, 4587, 2, 0, 5549, 5550, 963, 961, 481.50, 1
1142, 4592, 1, 0, 5551, 5551, 959, 958, 959.00, 1
1143, 4598, 2, 0, 5552, 5553, 955, 953, 477.50, 1
1144, 4603, 4, 0, 5554, 5557, 954, 950, 238.50, 1
1145, 4608, 2, 0, 5558, 5559, 951, 949, 475.50, 1
1146, 4611, 3, 0, 5560, 5562, 951, 948, 317.00, 1
1147, 4613, 2, 0, 5563, 5564, 951, 949, 475.50, 1
1148, 4616, 1, 0, 5565, 5565, 949, 948, 949.00, 1
1149, 4618, 3, 0, 5566, 5568, 950, 947, 316.67, 1
1150, 4630, 7, 0, 5569, 5575, 945, 938, 135.00, 1
1151, 4635, 2, 0, 5576, 5577, 942, 940, 471.00, 1
1152, 4639, 11, 0, 5578, 5588, 949, 938, 86.27, 1
1153, 4640, 2, 0, 5589, 5590, 950, 948, 475.00, 1
1154, 4645, 5, 0, 5591, 5595, 950, 945, 190.00, 1
1155, 4656, 1, 0, 5596, 5596, 940, 939, 940.00, 1
1156, 4663, 3, 0, 5597, 5599, 936, 933, 312.00, 1
1157, 4668, 3, 0, 5600, 5602, 934, 931, 311.33, 1
1158, 4669, 4, 0, 5603, 5606, 937, 933, 234.25, 1
1159, 4674, 1, 0, 5607, 5607, 933, 932, 933.00, 1
1160, 4677, 3, 0, 5608, 5610, 933, 930, 311.00, 1
1161, 4681, 4, 0, 5611, 5614, 933, 929, 233.25, 1
1162, 4684, 7, 0, 5615, 5621, 937, 930, 133.86, 1
1163, 4691, 8, 0, 5622, 5629, 938, 930, 117.25, 1
1164, 4694, 3, 0, 5630, 5632, 938, 935, 312.67, 1
1165, 4699, 2, 0, 5633, 5634, 935, 933, 467.50, 1
1166, 4702, 3, 0, 5635, 5637, 935, 932, 311.67, 1
1167, 4704, 1, 0, 5638, 5638, 934, 933, 934.00, 1
1168, 4713, 2, 0, 5639, 5640, 927, 925, 463.50, 1
1169, 4723, 5, 0, 5641, 5645, 922, 917, 184.40, 1
1170, 4724, 3, 0, 5646, 5648, 924, 921, 308.00, 1
1171, 4730, 4, 0, 5649, 5652, 922, 918, 230.50, 1
1172, 4737, 2, 0, 5653, 5654, 917, 915, 458.50, 1
1173, 4742, 13, 0, 5655, 5667, 925, 912, 71.15, 1
1174, 4744, 2, 0, 5668, 5669, 925, 923, 462.50, 1
1175, 4752, 2, 0, 5670, 5671, 919, 917, 459.50, 1
1176, 4755, 2, 0, 5672, 5673, 918, 916, 459.00, 1
1177, 4768, 10, 0, 5674, 5683, 915, 905, 91.50, 1
1178, 4769, 3, 0, 5684, 5686, 917, 914, 305.67, 1
1179, 4771, 4, 0, 5687, 5690, 919, 915, 229.75, 1
1180, 4772, 5, 0, 5691, 5695, 923, 918, 184.60, 1
1181, 4773, 4, 0, 5696, 5699, 926, 922, 231.50, 1
1182, 4775, 7, 0, 5700, 5706, 931, 924, 133.00, 1
1183, 4776, 4, 0, 5707, 5710, 934, 930, 233.50, 1
1184, 4778, 6, 0, 5711, 5716, 938, 932, 156.33, 1
1185, 4793, 1, 0, 5717, 5717, 924, 923, 924.00, 1
1186, 4796, 3, 0, 5718, 5720, 924, 921, 308.00, 1
1187, 4798, 1, 0, 5721, 5721, 923, 922, 923.00, 1
1188, 4806, 2, 0, 5722, 5723, 917, 915, 458.50, 1
1189, 4807, 1, 0, 5724, 5724, 917, 916, 917.00, 1
1190, 4814, 2, 0, 5725, 5726, 912, 910, 456.00, 1
1191, 4816, 1, 0, 5727, 5727, 911, 910, 911.00, 1
1192, 4820, 6, 0, 5728, 5733, 913, 907, 152.17, 1
1193, 4821, 5, 0, 5734, 5738, 917, 912, 183.40, 1
1194, 4823, 17, 0, 5739, 5755, 932, 915, 54.82, 1
1195, 4824, 9, 0, 5756, 5764, 940, 931, 104.44, 1
1196, 4829, 11, 0, 5765, 5775, 946, 935, 86.00, 1
1197, 4833, 8, 0, 5776, 5783, 950, 942, 118.75, 1
1198, 4835, 2, 0, 5784, 5785, 950, 948, 475.00, 1
1199, 4846, 5, 0, 5786, 5790, 944, 939, 188.80, 1
1200, 4856, 6, 0, 5791, 5796, 940, 934, 156.67, 1
1201, 4867, 2, 0, 5797, 5798, 931, 929, 465.50, 1
1202, 4869, 1, 0, 5799, 5799, 930, 929, 930.00, 1
1203, 4870, 7, 0, 5800, 5806, 936, 929, 133.71, 1
1204, 4871, 7, 0, 5807, 5813, 942, 935, 134.57, 1
1205, 4873, 1, 0, 5814, 5814, 941, 940, 941.00, 1
1206, 4874, 9, 0, 5815, 5823, 949, 940, 105.44, 1
1207, 4880, 5, 0, 5824, 5828, 948, 943, 189.60, 1
1208, 4881, 7, 0, 5829, 5835, 954, 947, 136.29, 1
1209, 4889, 2, 0, 5836, 5837, 948, 946, 474.00, 1
1210, 4898, 12, 0, 5838, 5849, 951, 939, 79.25, 1
1211, 4900, 1, 0, 5850, 5850, 950, 949, 950.00, 1
1212, 4901, 2, 0, 5851, 5852, 951, 949, 475.50, 1
1213, 4906, 1, 0, 5853, 5853, 947, 946, 947.00, 1
1214, 4910, 1, 0, 5854, 5854, 944, 943, 944.00, 1
1215, 4917, 2, 0, 5855, 5856, 939, 937, 469.50, 1
1216, 4923, 5, 0, 5857, 5861, 938, 933, 187.60, 1
1217, 4925, 11, 0, 5862, 5872, 947, 936, 86.09, 1
1218, 4928, 2, 0, 5873, 5874, 946, 944, 473.00, 1
1219, 4930, 2, 0, 5875, 5876, 946, 944, 473.00, 1
1220, 4933, 5, 0, 5877, 5881, 948, 943, 189.60, 1
1221, 4936, 1, 0, 5882, 5882, 946, 945, 946.00, 1
1222, 4940, 1, 0, 5883, 5883, 943, 942, 943.00, 1
1223, 4953, 1, 0, 5884, 5884, 931, 930, 931.00, 1
1224, 4954, 2, 0, 5885, 5886, 932, 930, 466.00, 1
1225, 4955, 1, 0, 5887, 5887, 932, 931, 932.00, 1
1226, 4958, 4, 0, 5888, 5891, 933, 929, 233.25, 1
1227, 4968, 1, 0, 5892, 5892, 924, 923, 924.00, 1
1228, 4970, 5, 0, 5893, 5897, 927, 922, 185.40, 1
1229, 4972, 4, 0, 5898, 5901, 929, 925, 232.25, 1
1230, 4980, 8, 0, 5902, 5909, 929, 921, 116.12, 1
1231, 4982, 1, 0, 5910, 5910, 928, 927, 928.00, 1
1232, 4985, 3, 0, 5911, 5913, 928, 925, 309.33, 1
1233, 4987, 7, 0, 5914, 5920, 933, 926, 133.29, 1
1234, 4988, 1, 0, 5921, 5921, 933, 932, 933.00, 1
1235, 4990, 3, 0, 5922, 5924, 934, 931, 311.33, 1
1236, 4994, 16, 0, 5925, 5940, 946, 930, 59.12, 1
1237, 5006, 11, 0, 5941, 5951, 945, 934, 85.91, 1
1238, 5010, 29, 0, 5952, 5980, 970, 941, 33.45, 1
1239, 5011, 2, 0, 5981, 5982, 971, 969, 485.50, 1
1240, 5014, 7, 0, 5983, 5989, 975, 968, 139.29, 1
1241, 5016, 3, 0, 5990, 5992, 976, 973, 325.33, 1
1242, 5018, 1, 0, 5993, 5993, 975, 974, 975.00, 1
1243, 5022, 2, 0, 5994, 5995, 973, 971, 486.50, 1
1244, 5030, 6, 0, 5996, 6001, 971, 965, 161.83, 1
1245, 5031, 6, 0, 6002, 6007, 976, 970, 162.67, 1
1246, 5032, 7, 0, 6008, 6014, 982, 975, 140.29, 1
1247, 5033, 4, 0, 6015, 6018, 985, 981, 246.25, 1
1248, 5036, 4, 0, 6019, 6022, 986, 982, 246.50, 1
1249, 5039, 4, 0, 6023, 6026, 987, 983, 246.75, 1
1250, 5047, 6, 0, 6027, 6032, 985, 979, 164.17, 1
1251, 5053, 3, 0, 6033, 6035, 982, 979, 327.33, 1
1252, 5060, 9, 0, 6036, 6044, 984, 975, 109.33, 1
1253, 5064, 3, 0, 6045, 6047, 983, 980, 327.67, 1
1254, 5068, 4, 0, 6048, 6051, 983, 979, 245.75, 1
1255, 5071, 3, 0, 6052, 6054, 983, 980, 327.67, 1
1256, 5076, 3, 0, 6055, 6057, 981, 978, 327.00, 1
1257, 5077, 7, 0, 6058, 6064, 987, 980, 141.00, 1
1258, 5079, 1, 0, 6065, 6065, 986, 985, 986.00, 1
1259, 5082, 9, 0, 6066, 6074, 992, 983, 110.22, 1
1260, 5087, 6, 0, 6075, 6080, 993, 987, 165.50, 1
1261, 5091, 1, 0, 6081, 6081, 990, 989, 990.00, 1
1262, 5096, 16, 0, 6082, 6097, 1001, 985, 62.56, 1
1263, 5097, 5, 0, 6098, 6102, 1005, 1000, 201.00, 1
1264, 5103, 15, 0, 6103, 6117, 1014, 999, 67.60, 1
1265, 5112, 3, 0, 6118, 6120, 1008, 1005, 336.00, 1
1266, 5113, 9, 0, 6121, 6129, 1016, 1007, 112.89, 1
1267, 5114, 8, 0, 6130, 6137, 1023, 1015, 127.88, 1
1268, 5116, 4, 0, 6138, 6141, 1025, 1021, 256.25, 1
1269, 5118, 7, 0, 6142, 6148, 1030, 1023, 147.14, 1
1270, 5120, 8, 0, 6149, 6156, 1036, 1028, 129.50, 1
1271, 5132, 5, 0, 6157, 6161, 1029, 1024, 205.80, 1
1272, 5133, 6, 0, 6162, 6167, 1034, 1028, 172.33, 1
1273, 5139, 3, 0, 6168, 6170, 1031, 1028, 343.67, 1
1274, 5143, 3, 0, 6171, 6173, 1030, 1027, 343.33, 1
1275, 5145, 14, 0, 6174, 6187, 1042, 1028, 74.43, 1
1276, 5146, 1, 0, 6188, 6188, 1042, 1041, 1042.00, 1
1277, 5155, 5, 0, 6189, 6193, 1038, 1033, 207.60, 1
1278, 5159, 2, 0, 6194, 6195, 1036, 1034, 518.00, 1
1279, 5163, 6, 0, 6196, 6201, 1038, 1032, 173.00, 1
1280, 5165, 9, 0, 6202, 6210, 1045, 1036, 116.11, 1
1281, 5174, 4, 0, 6211, 6214, 1040, 1036, 260.00, 1
1282, 5175, 22, 0, 6215, 6236, 1061, 1039, 48.23, 1
1283, 5187, 1, 0, 6237, 6237, 1050, 1049, 1050.00, 1
1284, 5192, 1, 0, 6238, 6238, 1046, 1045, 1046.00, 1
1285, 5195, 4, 0, 6239, 6242, 1047, 1043, 261.75, 1
1286, 5197, 1, 0, 6243, 6243, 1046, 1045, 1046.00, 1
1287, 5201, 1, 0, 6244, 6244, 1043, 1042, 1043.00, 1
1288, 5204, 22, 0, 6245, 6266, 1062, 1040, 48.27, 1
1289, 5205, 3, 0, 6267, 6269, 1064, 1061, 354.67, 1
1290, 5207, 16, 0, 6270, 6285, 1078, 1062, 67.38, 1
1291, 5211, 3, 0, 6286, 6288, 1077, 1074, 359.00, 1
1292, 5216, 6, 0, 6289, 6294, 1078, 1072, 179.67, 1
1293, 5218, 11, 0, 6295, 6305, 1087, 1076, 98.82, 1
1294, 5222, 5, 0, 6306, 6310, 1088, 1083, 217.60, 1
1295, 5224, 8, 0, 6311, 6318, 1094, 1086, 136.75, 1
1296, 5232, 3, 0, 6319, 6321, 1089, 1086, 363.00, 1
1297, 5236, 6, 0, 6322, 6327, 1091, 1085, 181.83, 1
1298, 5242, 1, 0, 6328, 6328, 1086, 1085, 1086.00, 1
1299, 5244, 5, 0, 6329, 6333, 1089, 1084, 217.80, 1
1300, 5251, 13, 0, 6334, 6346, 1095, 1082, 84.23, 1
1301, 5255, 7, 0, 6347, 6353, 1098, 1091, 156.86, 1
1302, 5259, 7, 0, 6354, 6360, 1101, 1094, 157.29, 1
1303, 5260, 1, 0, 6361, 6361, 1101, 1100, 1101.00, 1
1304, 5261, 6, 0, 6362, 6367, 1106, 1100, 184.33, 1
1305, 5262, 12, 0, 6368, 6379, 1117, 1105, 93.08, 1
1306, 5268, 2, 0, 6380, 6381, 1113, 1111, 556.50, 1
1307, 5269, 1, 0, 6382, 6382, 1113, 1112, 1113.00, 1
1308, 5272, 1, 0, 6383, 6383, 1111, 1110, 1111.00, 1
1309, 5278, 3, 0, 6384, 6386, 1108, 1105, 369.33, 1
1310, 5282, 3, 0, 6387, 6389, 1107, 1104, 369.00, 1
1311, 5289, 5, 0, 6390, 6394, 1105, 1100, 221.00, 1
1312, 5296, 9, 0, 6395, 6403, 1107, 1098, 123.00, 1
1313, 5298, 13, 0, 6404, 6416, 1118, 1105, 86.00, 1
1314, 5304, 1, 0, 6417, 6417, 1113, 1112, 1113.00, 1
1315, 5308, 3, 0, 6418, 6420, 1112, 1109, 370.67, 1
1316, 5309, 4, 0, 6421, 6424, 1115, 1111, 278.75, 1
1317, 5311, 1, 0, 6425, 6425, 1114, 1113, 1114.00, 1
1318, 5319, 6, 0, 6426, 6431, 1112, 1106, 185.33, 1
1319, 5335, 1, 0, 6432, 6432, 1097, 1096, 1097.00, 1
1320, 5342, 2, 0, 6433, 6434, 1092, 1090, 546.00, 1
1321, 5345, 6, 0, 6435, 6440, 1095, 1089, 182.50, 1
1322, 5348, 1, 0, 6441, 6441, 1093, 1092, 1093.00, 1
1323, 5356, 1, 0, 6442, 6442, 1086, 1085, 1086.00, 1
1324, 5361, 4, 0, 6443, 6446, 1085, 1081, 271.25, 1
1325, 5362, 3, 0, 6447, 6449, 1087, 1084, 362.33, 1
1326, 5368, 8, 0, 6450, 6457, 1089, 1081, 136.12, 1
1327, 5373, 3, 0, 6458, 6460, 1087, 1084, 362.33, 1
1328, 5376, 5, 0, 6461, 6465, 1089, 1084, 217.80, 1
1329, 5377, 3, 0, 6466, 6468, 1091, 1088, 363.67, 1
1330, 5378, 4, 0, 6469, 6472, 1094, 1090, 273.50, 1
1331, 5381, 2, 0, 6473, 6474, 1093, 1091, 546.50, 1
1332, 5387, 2, 0, 6475, 6476, 1089, 1087, 544.50, 1
1333, 5391, 1, 0, 6477, 6477, 1086, 1085, 1086.00, 1
1334, 5394, 15, 0, 6478, 6492, 1098, 1083, 73.20, 1
1335, 5398, 14, 0, 6493, 6506, 1108, 1094, 79.14, 1
1336, 5409, 4, 0, 6507, 6510, 1101, 1097, 275.25, 1
1337, 5410, 4, 0, 6511, 6514, 1104, 1100, 276.00, 1
1338, 5413, 3, 0, 6515, 6517, 1104, 1101, 368.00, 1
1339, 5418, 5, 0, 6518, 6522, 1104, 1099, 220.80, 1
1340, 5420, 2, 0, 6523, 6524, 1104, 1102, 552.00, 1
1341, 5421, 5, 0, 6525, 6529, 1108, 1103, 221.60, 1
1342, 5422, 1, 0, 6530, 6530, 1108, 1107, 1108.00, 1
1343, 5434, 13, 0, 6531, 6543, 1109, 1096, 85.31, 1
1344, 5438, 4, 0, 6544, 6547, 1109, 1105, 277.25, 1
1345, 5441, 4, 0, 6548, 6551, 1110, 1106, 277.50, 1
1346, 5444, 6, 0, 6552, 6557, 1113, 1107, 185.50, 1
1347, 5449, 2, 0, 6558, 6559, 1110, 1108, 555.00, 1
1348, 5450, 2, 0, 6560, 6561, 1111, 1109, 555.50, 1
1349, 5456, 2, 0, 6562, 6563, 1107, 1105, 553.50, 1
1350, 5465, 2, 0, 6564, 6565, 1100, 1098, 550.00, 1
1351, 5467, 6, 0, 6566, 6571, 1104, 1098, 184.00, 1
1352, 5482, 1, 0, 6572, 6572, 1090, 1089, 1090.00, 1
1353, 5485, 2, 0, 6573, 6574, 1089, 1087, 544.50, 1
1354, 5486, 3, 0, 6575, 6577, 1091, 1088, 363.67, 1
1355, 5487, 25, 0, 6578, 6602, 1115, 1090, 44.60, 1
1356, 5490, 2, 0, 6603, 6604, 1114, 1112, 557.00, 1
1357, 5492, 2, 0, 6605, 6606, 1114, 1112, 557.00, 1
1358, 5499, 5, 0, 6607, 6611, 1112, 1107, 222.40, 1
1359, 5501, 2, 0, 6612, 6613, 1112, 1110, 556.00, 1
1360, 5505, 1, 0, 6614, 6614, 1109, 1108, 1109.00, 1
1361, 5510, 3, 0, 6615, 6617, 1107, 1104, 369.00, 1
1362, 5513, 1, 0, 6618, 6618, 1105, 1104, 1105.00, 1
1363, 5514, 6, 0, 6619, 6624, 1110, 1104, 185.00, 1
1364, 5520, 3, 0, 6625, 6627, 1107, 1104, 369.00, 1
1365, 5521, 2, 0, 6628, 6629, 1108, 1106, 554.00, 1
1366, 5532, 10, 0, 6630, 6639, 1107, 1097, 110.70, 1
1367, 5533, 8, 0, 6640, 6647, 1114, 1106, 139.25, 1
1368, 5539, 5, 0, 6648, 6652, 1113, 1108, 222.60, 1
1369, 5541, 1, 0, 6653, 6653, 1112, 1111, 1112.00, 1
1370, 5545, 6, 0, 6654, 6659, 1114, 1108, 185.67, 1
1371, 5548, 4, 0, 6660, 6663, 1115, 1111, 278.75, 1
1372, 5557, 2, 0, 6664, 6665, 1108, 1106, 554.00, 1
1373, 5560, 2, 0, 6666, 6667, 1107, 1105, 553.50, 1
1374, 5562, 1, 0, 6668, 6668, 1106, 1105, 1106.00, 1
1375, 5567, 5, 0, 6669, 6673, 1106, 1101, 221.20, 1
1376, 5574, 2, 0, 6674, 6675, 1101, 1099, 550.50, 1
1377, 5579, 1, 0, 6676, 6676, 1097, 1096, 1097.00, 1
1378, 5580, 1, 0, 6677, 6677, 1097, 1096, 1097.00, 1
1379, 5581, 8, 0, 6678, 6685, 1104, 1096, 138.00, 1
1380, 5590, 5, 0, 6686, 6690, 1100, 1095, 220.00, 1
1381, 5592, 7, 0, 6691, 6697, 1105, 1098, 157.86, 1
1382, 5596, 1, 0, 6698, 6698, 1102, 1101, 1102.00, 1
1383, 5600, 21, 0, 6699, 6719, 1119, 1098, 53.29, 1
1384, 5602, 4, 0, 6720, 6723, 1121, 1117, 280.25, 1
1385, 5603, 12, 0, 6724, 6735, 1132, 1120, 94.33, 1
1386, 5606, 11, 0, 6736, 6746, 1140, 1129, 103.64, 1
1387, 5610, 1, 0, 6747, 6747, 1137, 1136, 1137.00, 1
1388, 5612, 15, 0, 6748, 6762, 1150, 1135, 76.67, 1
1389, 5613, 1, 0, 6763, 6763, 1150, 1149, 1150.00, 1
1390, 5615, 3, 0, 6764, 6766, 1151, 1148, 383.67, 1
1391, 5617, 3, 0, 6767, 6769, 1152, 1149, 384.00, 1
1392, 5635, 1, 0, 6770, 6770, 1135, 1134, 1135.00, 1
1393, 5643, 12, 0, 6771, 6782, 1139, 1127, 94.92, 1
1394, 5645, 1, 0, 6783, 6783, 1138, 1137, 1138.00, 1
1395, 5646, 19, 0, 6784, 6802, 1156, 1137, 60.84, 1
1396, 5649, 3, 0, 6803, 6805, 1156, 1153, 385.33, 1
1397, 5655, 3, 0, 6806, 6808, 1153, 1150, 384.33, 1
1398, 5659, 6, 0, 6809, 6814, 1155, 1149, 192.50, 1
1399, 5663, 9, 0, 6815, 6823, 1160, 1151, 128.89, 1
1400, 5664, 2, 0, 6824, 6825, 1161, 1159, 580.50, 1
1401, 5673, 3, 0, 6826, 6828, 1155, 1152, 385.00, 1
1402, 5680, 2, 0, 6829, 6830, 1150, 1148, 575.00, 1
1403, 5700, 2, 0, 6831, 6832, 1132, 1130, 566.00, 1
1404, 5701, 16, 0, 6833, 6848, 1147, 1131, 71.69, 1
1405, 5704, 4, 0, 6849, 6852, 1148, 1144, 287.00, 1
1406, 5723, 1, 0, 6853, 6853, 1130, 1129, 1130.00, 1
1407, 5725, 6, 0, 6854, 6859, 1134, 1128, 189.00, 1
1408, 5732, 2, 0, 6860, 6861, 1129, 1127, 564.50, 1
1409, 5733, 2, 0, 6862, 6863, 1130, 1128, 565.00, 1
1410, 5738, 1, 0, 6864, 6864, 1126, 1125, 1126.00, 1
1411, 5740, 3, 0, 6865, 6867, 1127, 1124, 375.67, 1
1412, 5742, 2, 0, 6868, 6869, 1127, 1125, 563.50, 1
1413, 5750, 4, 0, 6870, 6873, 1123, 1119, 280.75, 1
1414, 5751, 2, 0, 6874, 6875, 1124, 1122, 562.00, 1
1415, 5752, 7, 0, 6876, 6882, 1130, 1123, 161.43, 1
1416, 5756, 4, 0, 6883, 6886, 1130, 1126, 282.50, 1
1417, 5766, 5, 0, 6887, 6891, 1125, 1120, 225.00, 1
1418, 5769, 7, 0, 6892, 6898, 1129, 1122, 161.29, 1
1419, 5773, 3, 0, 6899, 6901, 1128, 1125, 376.00, 1
1420, 5780, 4, 0, 6902, 6905, 1125, 1121, 281.25, 1
1421, 5783, 4, 0, 6906, 6909, 1126, 1122, 281.50, 1
1422, 5789, 4, 0, 6910, 6913, 1124, 1120, 281.00, 1
1423, 5797, 3, 0, 6914, 6916, 1119, 1116, 373.00, 1
1424, 5807, 3, 0, 6917, 6919, 1112, 1109, 370.67, 1
1425, 5808, 1, 0, 6920, 6920, 1112, 1111, 1112.00, 1
1426, 5809, 4, 0, 6921, 6924, 1115, 1111, 278.75, 1
1427, 5810, 7, 0, 6925, 6931, 1121, 1114, 160.14, 1
1428, 5818, 4, 0, 6932, 6935, 1117, 1113, 279.25, 1
1429, 5826, 11, 0, 6936, 6946, 1120, 1109, 101.82, 1
1430, 5837, 4, 0, 6947, 6950, 1113, 1109, 278.25, 1
1431, 5838, 5, 0, 6951, 6955, 1117, 1112, 223.40, 1
1432, 5844, 7, 0, 6956, 6962, 1118, 1111, 159.71, 1
1433, 5852, 4, 0, 6963, 6966, 1114, 1110, 278.50, 1
1434, 5854, 1, 0, 6967, 6967, 1113, 1112, 1113.00, 1
1435, 5855, 4, 0, 6968, 6971, 1116, 1112, 279.00, 1
1436, 5858, 5, 0, 6972, 6976, 1118, 1113, 223.60, 1
1437, 5861, 4, 0, 6977, 6980, 1119, 1115, 279.75, 1
1438, 5863, 1, 0, 6981, 6981, 1118, 1117, 1118.00, 1
1439, 5865, 2, 0, 6982, 6983, 1118, 1116, 559.00, 1
1440, 5867, 6, 0, 6984, 6989, 1122, 1116, 187.00, 1
1441, 5869, 2, 0, 6990, 6991, 1122, 1120, 561.00, 1
1442, 5875, 2, 0, 6992, 6993, 1118, 1116, 559.00, 1
1443, 5879, 6, 0, 6994, 6999, 1120, 1114, 186.67, 1
1444, 5880, 11, 0, 7000, 7010, 1130, 1119, 102.73, 1
1445, 5883, 3, 0, 7011, 7013, 1130, 1127, 376.67, 1
1446, 5889, 2, 0, 7014, 7015, 1126, 1124, 563.00, 1
1447, 5892, 1, 0, 7016, 7016, 1124, 1123, 1124.00, 1
1448, 5896, 4, 0, 7017, 7020, 1124, 1120, 281.00, 1
1449, 5899, 6, 0, 7021, 7026, 1127, 1121, 187.83, 1
1450, 5900, 9, 0, 7027, 7035, 1135, 1126, 126.11, 1
1451, 5901, 2, 0, 7036, 7037, 1136, 1134, 568.00, 1
1452, 5908, 8, 0, 7038, 7045, 1137, 1129, 142.12, 1
1453, 5909, 7, 0, 7046, 7052, 1143, 1136, 163.29, 1
1454, 5914, 1, 0, 7053, 7053, 1139, 1138, 1139.00, 1
1455, 5918, 3, 0, 7054, 7056, 1138, 1135, 379.33, 1
1456, 5925, 6, 0, 7057, 7062, 1137, 1131, 189.50, 1
1457, 5926, 1, 0, 7063, 7063, 1137, 1136, 1137.00, 1
1458, 5927, 25, 0, 7064, 7088, 1161, 1136, 46.44, 1
1459, 5933, 4, 0, 7089, 7092, 1159, 1155, 289.75, 1
1460, 5941, 7, 0, 7093, 7099, 1158, 1151, 165.43, 1
1461, 5942, 2, 0, 7100, 7101, 1159, 1157, 579.50, 1
1462, 5944, 9, 0, 7102, 7110, 1166, 1157, 129.56, 1
1463, 5945, 3, 0, 7111, 7113, 1168, 1165, 389.33, 1
1464, 5948, 2, 0, 7114, 7115, 1167, 1165, 583.50, 1
1465, 5956, 6, 0, 7116, 7121, 1165, 1159, 194.17, 1
1466, 5976, 4, 0, 7122, 7125, 1149, 1145, 287.25, 1
1467, 5978, 8, 0, 7126, 7133, 1155, 1147, 144.38, 1
1468, 5982, 9, 0, 7134, 7142, 1160, 1151, 128.89, 1
1469, 5992, 1, 0, 7143, 7143, 1151, 1150, 1151.00, 1
1470, 5998, 2, 0, 7144, 7145, 1147, 1145, 573.50, 1
1471, 6002, 5, 0, 7146, 7150, 1148, 1143, 229.60, 1
1472, 6008, 7, 0, 7151, 7157, 1149, 1142, 164.14, 1
1473, 6010, 2, 0, 7158, 7159, 1149, 1147, 574.50, 1
1474, 6015, 13, 0, 7160, 7172, 1157, 1144, 89.00, 1
1475, 6017, 7, 0, 7173, 7179, 1162, 1155, 166.00, 1
1476, 6021, 4, 0, 7180, 7183, 1162, 1158, 290.50, 1
1477, 6028, 2, 0, 7184, 7185, 1157, 1155, 578.50, 1
1478, 6030, 11, 0, 7186, 7196, 1166, 1155, 106.00, 1
1479, 6034, 9, 0, 7197, 7205, 1171, 1162, 130.11, 1
1480, 6037, 16, 0, 7206, 7221, 1184, 1168, 74.00, 1
1481, 6038, 1, 0, 7222, 7222, 1184, 1183, 1184.00, 1
1482, 6040, 14, 0, 7223, 7236, 1196, 1182, 85.43, 1
1483, 6045, 6, 0, 7237, 7242, 1197, 1191, 199.50, 1
1484, 6052, 9, 0, 7243, 7251, 1199, 1190, 133.22, 1
1485, 6055, 7, 0, 7252, 7258, 1203, 1196, 171.86, 1
1486, 6061, 1, 0, 7259, 7259, 1198, 1197, 1198.00, 1
1487, 6065, 1, 0, 7260, 7260, 1195, 1194, 1195.00, 1
1488, 6071, 4, 0, 7261, 7264, 1193, 1189, 298.25, 1
1489, 6072, 3, 0, 7265, 7267, 1195, 1192, 398.33, 1
1490, 6075, 9, 0, 7268, 7276, 1201, 1192, 133.44, 1
1491, 6080, 1, 0, 7277, 7277, 1197, 1196, 1197.00, 1
1492, 6083, 8, 0, 7278, 7285, 1202, 1194, 150.25, 1
1493, 6085, 3, 0, 7286, 7288, 1203, 1200, 401.00, 1
1494, 6093, 5, 0, 7289, 7293, 1200, 1195, 240.00, 1
1495, 6096, 4, 0, 7294, 7297, 1201, 1197, 300.25, 1
1496, 6121, 4, 0, 7298, 7301, 1180, 1176, 295.00, 1
1497, 6122, 4, 0, 7302, 7305, 1183, 1179, 295.75, 1
1498, 6123, 1, 0, 7306, 7306, 1183, 1182, 1183.00, 1
1499, 6128, 9, 0, 7307, 7315, 1187, 1178, 131.89, 1
1500, 6132, 1, 0, 7316, 7316, 1184, 1183, 1184.00, 1
1501, 6136, 9, 0, 7317, 7325, 1189, 1180, 132.11, 1
1502, 6137, 8, 0, 7326, 7333, 1196, 1188, 149.50, 1
1503, 6138, 1, 0, 7334, 7334, 1196, 1195, 1196.00, 1
1504, 6140, 2, 0, 7335, 7336, 1196, 1194, 598.00, 1
1505, 6141, 2, 0, 7337, 7338, 1197, 1195, 598.50, 1
1506, 6142, 3, 0, 7339, 7341, 1199, 1196, 399.67, 1
1507, 6143, 5, 0, 7342, 7346, 1203, 1198, 240.60, 1
1508, 6144, 1, 0, 7347, 7347, 1203, 1202, 1203.00, 1
1509, 6145, 1, 0, 7348, 7348, 1203, 1202, 1203.00, 1
1510, 6150, 7, 0, 7349, 7355, 1205, 1198, 172.14, 1
1511, 6161, 11, 0, 7356, 7366, 1205, 1194, 109.55, 1
1512, 6166, 4, 0, 7367, 7370, 1204, 1200, 301.00, 1
1513, 6173, 2, 0, 7371, 7372, 1199, 1197, 599.50, 1
1514, 6177, 13, 0, 7373, 7385, 1208, 1195, 92.92, 1
1515, 6182, 1, 0, 7386, 7386, 1204, 1203, 1204.00, 1
1516, 6183, 6, 0, 7387, 7392, 1209, 1203, 201.50, 1
1517, 6185, 1, 0, 7393, 7393, 1208, 1207, 1208.00, 1
1518, 6186, 18, 0, 7394, 7411, 1225, 1207, 68.06, 1
1519, 6197, 26, 0, 7412, 7437, 1240, 1214, 47.69, 1
1520, 6198, 6, 0, 7438, 7443, 1245, 1239, 207.50, 1
1521, 6199, 5, 0, 7444, 7448, 1249, 1244, 249.80, 1
1522, 6209, 6, 0, 7449, 7454, 1245, 1239, 207.50, 1
1523, 6220, 2, 0, 7455, 7456, 1236, 1234, 618.00, 1
1524, 6225, 11, 0, 7457, 7467, 1242, 1231, 112.91, 1
1525, 6227, 1, 0, 7468, 7468, 1241, 1240, 1241.00, 1
1526, 6229, 5, 0, 7469, 7473, 1244, 1239, 248.80, 1
1527, 6232, 5, 0, 7474, 7478, 1246, 1241, 249.20, 1
1528, 6239, 4, 0, 7479, 7482, 1243, 1239, 310.75, 1
1529, 6240, 1, 0, 7483, 7483, 1243, 1242, 1243.00, 1
1530, 6242, 1, 0, 7484, 7484, 1242, 1241, 1242.00, 1
1531, 6245, 2, 0, 7485, 7486, 1241, 1239, 620.50, 1
1532, 6248, 2, 0, 7487, 7488, 1240, 1238, 620.00, 1
1533, 6252, 8, 0, 7489, 7496, 1244, 1236, 155.50, 1
1534, 6255, 4, 0, 7497, 7500, 1245, 1241, 311.25, 1
1535, 6274, 9, 0, 7501, 7509, 1235, 1226, 137.22, 1
1536, 6277, 4, 0, 7510, 7513, 1236, 1232, 309.00, 1
1537, 6282, 3, 0, 7514, 7516, 1234, 1231, 411.33, 1
1538, 6283, 1, 0, 7517, 7517, 1234, 1233, 1234.00, 1
1539, 6284, 14, 0, 7518, 7531, 1247, 1233, 89.07, 1
1540, 6286, 5, 0, 7532, 7536, 1250, 1245, 250.00, 1
1541, 6288, 13, 0, 7537, 7549, 1261, 1248, 97.00, 1
1542, 6290, 1, 0, 7550, 7550, 1260, 1259, 1260.00, 1
1543, 6291, 13, 0, 7551, 7563, 1272, 1259, 97.85, 1
1544, 6293, 12, 0, 7564, 7575, 1282, 1270, 106.83, 1
1545, 6295, 5, 0, 7576, 7580, 1285, 1280, 257.00, 1
1546, 6297, 3, 0, 7581, 7583, 1286, 1283, 428.67, 1
1547, 6302, 1, 0, 7584, 7584, 1282, 1281, 1282.00, 1
1548, 6303, 2, 0, 7585, 7586, 1283, 1281, 641.50, 1
1549, 6305, 7, 0, 7587, 7593, 1288, 1281, 184.00, 1
1550, 6306, 3, 0, 7594, 7596, 1290, 1287, 430.00, 1
1551, 6309, 5, 0, 7597, 7601, 1292, 1287, 258.40, 1
1552, 6312, 4, 0, 7602, 7605, 1293, 1289, 323.25, 1
1553, 6314, 1, 0, 7606, 7606, 1292, 1291, 1292.00, 1
1554, 6318, 2, 0, 7607, 7608, 1290, 1288, 645.00, 1
1555, 6319, 1, 0, 7609, 7609, 1290, 1289, 1290.00, 1
1556, 6322, 13, 0, 7610, 7622, 1300, 1287, 100.00, 1
1557, 6326, 1, 0, 7623, 7623, 1297, 1296, 1297.00, 1
1558, 6327, 1, 0, 7624, 7624, 1297, 1296, 1297.00, 1
1559, 6330, 15, 0, 7625, 7639, 1309, 1294, 87.27, 1
1560, 6331, 2, 0, 7640, 7641, 1310, 1308, 655.00, 1
1561, 6332, 3, 0, 7642, 7644, 1312, 1309, 437.33, 1
1562, 6335, 7, 0, 7645, 7651, 1316, 1309, 188.00, 1
1563, 6336, 4, 0, 7652, 7655, 1319, 1315, 329.75, 1
1564, 6338, 1, 0, 7656, 7656, 1318, 1317, 1318.00, 1
1565, 6340, 2, 0, 7657, 7658, 1318, 1316, 659.00, 1
1566, 6348, 9, 0, 7659, 7667, 1319, 1310, 146.56, 1
1567, 6350, 5, 0, 7668, 7672, 1322, 1317, 264.40, 1
1568, 6355, 9, 0, 7673, 7681, 1326, 1317, 147.33, 1
1569, 6358, 8, 0, 7682, 7689, 1331, 1323, 166.38, 1
1570, 6361, 1, 0, 7690, 7690, 1329, 1328, 1329.00, 1
1571, 6362, 3, 0, 7691, 7693, 1331, 1328, 443.67, 1
1572, 6364, 3, 0, 7694, 7696, 1332, 1329, 444.00, 1
1573, 6368, 2, 0, 7697, 7698, 1330, 1328, 665.00, 1
1574, 6370, 12, 0, 7699, 7710, 1340, 1328, 111.67, 1
1575, 6380, 1, 0, 7711, 7711, 1331, 1330, 1331.00, 1
1576, 6385, 4, 0, 7712, 7715, 1330, 1326, 332.50, 1
1577, 6388, 2, 0, 7716, 7717, 1329, 1327, 664.50, 1
1578, 6397, 3, 0, 7718, 7720, 1323, 1320, 441.00, 1
1579, 6404, 4, 0, 7721, 7724, 1320, 1316, 330.00, 1
1580, 6409, 2, 0, 7725, 7726, 1317, 1315, 658.50, 1
1581, 6410, 6, 0, 7727, 7732, 1322, 1316, 220.33, 1
1582, 6412, 2, 0, 7733, 7734, 1322, 1320, 661.00, 1
1583, 6413, 3, 0, 7735, 7737, 1324, 1321, 441.33, 1
1584, 6416, 2, 0, 7738, 7739, 1323, 1321, 661.50, 1
1585, 6428, 2, 0, 7740, 7741, 1313, 1311, 656.50, 1
1586, 6430, 4, 0, 7742, 7745, 1315, 1311, 328.75, 1
1587, 6431, 6, 0, 7746, 7751, 1320, 1314, 220.00, 1
1588, 6435, 2, 0, 7752, 7753, 1318, 1316, 659.00, 1
1589, 6443, 3, 0, 7754, 7756, 1313, 1310, 437.67, 1
1590, 6450, 10, 0, 7757, 7766, 1316, 1306, 131.60, 1
1591, 6466, 13, 0, 7767, 7779, 1313, 1300, 101.00, 1
1592, 6468, 4, 0, 7780, 7783, 1315, 1311, 328.75, 1
1593, 6469, 8, 0, 7784, 7791, 1322, 1314, 165.25, 1
1594, 6478, 12, 0, 7792, 7803, 1325, 1313, 110.42, 1
1595, 6479, 1, 0, 7804, 7804, 1325, 1324, 1325.00, 1
1596, 6483, 3, 0, 7805, 7807, 1324, 1321, 441.33, 1
1597, 6485, 1, 0, 7808, 7808, 1323, 1322, 1323.00, 1
1598, 6493, 1, 0, 7809, 7809, 1316, 1315, 1316.00, 1
1599, 6508, 2, 0, 7810, 7811, 1303, 1301, 651.50, 1
1600, 6511, 1, 0, 7812, 7812, 1301, 1300, 1301.00, 1
1601, 6513, 15, 0, 7813, 7827, 1314, 1299, 87.60, 1
1602, 6518, 1, 0, 7828, 7828, 1310, 1309, 1310.00, 1
1603, 6523, 15, 0, 7829, 7843, 1320, 1305, 88.00, 1
1604, 6530, 4, 0, 7844, 7847, 1317, 1313, 329.25, 1
1605, 6531, 2, 0, 7848, 7849, 1318, 1316, 659.00, 1
1606, 6535, 1, 0, 7850, 7850, 1315, 1314, 1315.00, 1
1607, 6539, 1, 0, 7851, 7851, 1312, 1311, 1312.00, 1
1608, 6541, 2, 0, 7852, 7853, 1312, 1310, 656.00, 1
1609, 6547, 1, 0, 7854, 7854, 1307, 1306, 1307.00, 1
1610, 6550, 3, 0, 7855, 7857, 1307, 1304, 435.67, 1
1611, 6554, 4, 0, 7858, 7861, 1307, 1303, 326.75, 1
1612, 6556, 15, 0, 7862, 7876, 1320, 1305, 88.00, 1
1613, 6566, 2, 0, 7877, 7878, 1312, 1310, 656.00, 1
1614, 6569, 1, 0, 7879, 7879, 1310, 1309, 1310.00, 1
1615, 6574, 2, 0, 7880, 7881, 1307, 1305, 653.50, 1
1616, 6575, 3, 0, 7882, 7884, 1309, 1306, 436.33, 1
1617, 6579, 4, 0, 7885, 7888, 1309, 1305, 327.25, 1
1618, 6584, 2, 0, 7889, 7890, 1306, 1304, 653.00, 1
1619, 6585, 1, 0, 7891, 7891, 1306, 1305, 1306.00, 1
1620, 6590, 1, 0, 7892, 7892, 1302, 1301, 1302.00, 1
1621, 6598, 3, 0, 7893, 7895, 1297, 1294, 432.33, 1
1622, 6601, 5, 0, 7896, 7900, 1299, 1294, 259.80, 1
1623, 6606, 2, 0, 7901, 7902, 1296, 1294, 648.00, 1
1624, 6609, 1, 0, 7903, 7903, 1294, 1293, 1294.00, 1
1625, 6630, 16, 0, 7904, 7919, 1289, 1273, 80.56, 1
1626, 6636, 15, 0, 7920, 7934, 1298, 1283, 86.53, 1
1627, 6637, 2, 0, 7935, 7936, 1299, 1297, 649.50, 1
1628, 6645, 1, 0, 7937, 7937, 1292, 1291, 1292.00, 1
1629, 6648, 11, 0, 7938, 7948, 1300, 1289, 118.18, 1
1630, 6650, 4, 0, 7949, 7952, 1302, 1298, 325.50, 1
1631, 6651, 3, 0, 7953, 7955, 1304, 1301, 434.67, 1
1632, 6654, 7, 0, 7956, 7962, 1308, 1301, 186.86, 1
1633, 6658, 14, 0, 7963, 7976, 1318, 1304, 94.14, 1
1634, 6659, 2, 0, 7977, 7978, 1319, 1317, 659.50, 1
1635, 6664, 5, 0, 7979, 7983, 1319, 1314, 263.80, 1
1636, 6667, 2, 0, 7984, 7985, 1318, 1316, 659.00, 1
1637, 6671, 2, 0, 7986, 7987, 1316, 1314, 658.00, 1
1638, 6675, 6, 0, 7988, 7993, 1318, 1312, 219.67, 1
1639, 6678, 4, 0, 7994, 7997, 1319, 1315, 329.75, 1
1640, 6685, 1, 0, 7998, 7998, 1313, 1312, 1313.00, 1
1641, 6691, 1, 0, 7999, 7999, 1308, 1307, 1308.00, 1
1642, 6692, 3, 0, 8000, 8002, 1310, 1307, 436.67, 1
1643, 6693, 3, 0, 8003, 8005, 1312, 1309, 437.33, 1
1644, 6695, 4, 0, 8006, 8009, 1314, 1310, 328.50, 1
1645, 6702, 1, 0, 8010, 8010, 1308, 1307, 1308.00, 1
1646, 6710, 1, 0, 8011, 8011, 1301, 1300, 1301.00, 1
1647, 6717, 1, 0, 8012, 8012, 1295, 1294, 1295.00, 1
1648, 6718, 1, 0, 8013, 8013, 1295, 1294, 1295.00, 1
1649, 6729, 7, 0, 8014, 8020, 1291, 1284, 184.43, 1
1650, 6730, 2, 0, 8021, 8022, 1292, 1290, 646.00, 1
1651, 6733, 19, 0, 8023, 8041, 1308, 1289, 68.84, 1
1652, 6737, 2, 0, 8042, 8043, 1306, 1304, 653.00, 1
1653, 6739, 1, 0, 8044, 8044, 1305, 1304, 1305.00, 1
1654, 6742, 1, 0, 8045, 8045, 1303, 1302, 1303.00, 1
1655, 6743, 1, 0, 8046, 8046, 1303, 1302, 1303.00, 1
1656, 6745, 14, 0, 8047, 8060, 1315, 1301, 93.93, 1
1657, 6749, 5, 0, 8061, 8065, 1316, 1311, 263.20, 1
1658, 6753, 1, 0, 8066, 8066, 1313, 1312, 1313.00, 1
1659, 6754, 1, 0, 8067, 8067, 1313, 1312, 1313.00, 1
1660, 6759, 4, 0, 8068, 8071, 1312, 1308, 328.00, 1
1661, 6762, 3, 0, 8072, 8074, 1312, 1309, 437.33, 1
1662, 6763, 1, 0, 8075, 8075, 1312, 1311, 1312.00, 1
1663, 6764, 3, 0, 8076, 8078, 1314, 1311, 438.00, 1
1664, 6765, 1, 0, 8079, 8079, 1314, 1313, 1314.00, 1
1665, 6767, 13, 0, 8080, 8092, 1325, 1312, 101.92, 1
1666, 6771, 6, 0, 8093, 8098, 1327, 1321, 221.17, 1
1667, 6772, 1, 0, 8099, 8099, 1327, 1326, 1327.00, 1
1668, 6773, 4, 0, 8100, 8103, 1330, 1326, 332.50, 1
1669, 6781, 7, 0, 8104, 8110, 1329, 1322, 189.86, 1
1670, 6782, 16, 0, 8111, 8126, 1344, 1328, 84.00, 1
1671, 6794, 13, 0, 8127, 8139, 1345, 1332, 103.46, 1
1672, 6811, 3, 0, 8140, 8142, 1331, 1328, 443.67, 1
1673, 6813, 7, 0, 8143, 8149, 1336, 1329, 190.86, 1
1674, 6836, 2, 0, 8150, 8151, 1315, 1313, 657.50, 1
1675, 6838, 4, 0, 8152, 8155, 1317, 1313, 329.25, 1
1676, 6841, 5, 0, 8156, 8160, 1319, 1314, 263.80, 1
1677, 6843, 3, 0, 8161, 8163, 1320, 1317, 440.00, 1
1678, 6847, 2, 0, 8164, 8165, 1318, 1316, 659.00, 1
1679, 6851, 6, 0, 8166, 8171, 1320, 1314, 220.00, 1
1680, 6852, 5, 0, 8172, 8176, 1324, 1319, 264.80, 1
1681, 6858, 1, 0, 8177, 8177, 1319, 1318, 1319.00, 1
1682, 6859, 1, 0, 8178, 8178, 1319, 1318, 1319.00, 1
1683, 6860, 6, 0, 8179, 8184, 1324, 1318, 220.67, 1
1684, 6861, 10, 0, 8185, 8194, 1333, 1323, 133.30, 1
1685, 6863, 3, 0, 8195, 8197, 1334, 1331, 444.67, 1
1686, 6871, 5, 0, 8198, 8202, 1331, 1326, 266.20, 1
1687, 6872, 1, 0, 8203, 8203, 1331, 1330, 1331.00, 1
1688, 6874, 2, 0, 8204, 8205, 1331, 1329, 665.50, 1
1689, 6878, 5, 0, 8206, 8210, 1332, 1327, 266.40, 1
1690, 6879, 1, 0, 8211, 8211, 1332, 1331, 1332.00, 1
1691, 6880, 7, 0, 8212, 8218, 1338, 1331, 191.14, 1
1692, 6887, 1, 0, 8219, 8219, 1332, 1331, 1332.00, 1
1693, 6889, 5, 0, 8220, 8224, 1335, 1330, 267.00, 1
1694, 6895, 3, 0, 8225, 8227, 1332, 1329, 444.00, 1
1695, 6897, 11, 0, 8228, 8238, 1341, 1330, 121.91, 1
1696, 6901, 14, 0, 8239, 8252, 1351, 1337, 96.50, 1
1697, 6910, 3, 0, 8253, 8255, 1345, 1342, 448.33, 1
1698, 6915, 1, 0, 8256, 8256, 1341, 1340, 1341.00, 1
1699, 6920, 3, 0, 8257, 8259, 1339, 1336, 446.33, 1
1700, 6939, 6, 0, 8260, 8265, 1326, 1320, 221.00, 1
1701, 6940, 1, 0, 8266, 8266, 1326, 1325, 1326.00, 1
1702, 6942, 3, 0, 8267, 8269, 1327, 1324, 442.33, 1
1703, 6950, 1, 0, 8270, 8270, 1320, 1319, 1320.00, 1
1704, 6959, 1, 0, 8271, 8271, 1312, 1311, 1312.00, 1
1705, 6960, 2, 0, 8272, 8273, 1313, 1311, 656.50, 1
1706, 6965, 6, 0, 8274, 8279, 1314, 1308, 219.00, 1
1707, 6967, 2, 0, 8280, 8281, 1314, 1312, 657.00, 1
1708, 6971, 18, 0, 8282, 8299, 1328, 1310, 73.78, 1
1709, 6972, 4, 0, 8300, 8303, 1331, 1327, 332.75, 1
1710, 6974, 3, 0, 8304, 8306, 1332, 1329, 444.00, 1
1711, 6982, 9, 0, 8307, 8315, 1333, 1324, 148.11, 1
1712, 6985, 3, 0, 8316, 8318, 1333, 1330, 444.33, 1
1713, 6989, 6, 0, 8319, 8324, 1335, 1329, 222.50, 1
1714, 6993, 2, 0, 8325, 8326, 1333, 1331, 666.50, 1
1715, 6994, 15, 0, 8327, 8341, 1347, 1332, 89.80, 1
1716, 7005, 2, 0, 8342, 8343, 1338, 1336, 669.00, 1
1717, 7019, 2, 0, 8344, 8345, 1326, 1324, 663.00, 1
1718, 7029, 5, 0, 8346, 8350, 1321, 1316, 264.20, 1
1719, 7030, 3, 0, 8351, 8353, 1323, 1320, 441.00, 1
1720, 7033, 12, 0, 8354, 8365, 1332, 1320, 111.00, 1
1721, 7036, 9, 0, 8366, 8374, 1338, 1329, 148.67, 1
1722, 7039, 20, 0, 8375, 8394, 1355, 1335, 67.75, 1
1723, 7047, 3, 0, 8395, 8397, 1350, 1347, 450.00, 1
1724, 7050, 8, 0, 8398, 8405, 1355, 1347, 169.38, 1
1725, 7057, 3, 0, 8406, 8408, 1351, 1348, 450.33, 1
1726, 7058, 3, 0, 8409, 8411, 1353, 1350, 451.00, 1
1727, 7060, 13, 0, 8412, 8424, 1364, 1351, 104.92, 1
1728, 7070, 9, 0, 8425, 8433, 1363, 1354, 151.44, 1
1729, 7072, 2, 0, 8434, 8435, 1363, 1361, 681.50, 1
1730, 7077, 6, 0, 8436, 8441, 1364, 1358, 227.33, 1
1731, 7078, 7, 0, 8442, 8448, 1370, 1363, 195.71, 1
1732, 7080, 8, 0, 8449, 8456, 1376, 1368, 172.00, 1
1733, 7085, 4, 0, 8457, 8460, 1375, 1371, 343.75, 1
1734, 7086, 1, 0, 8461, 8461, 1375, 1374, 1375.00, 1
1735, 7089, 7, 0, 8462, 8468, 1379, 1372, 197.00, 1
1736, 7092, 2, 0, 8469, 8470, 1378, 1376, 689.00, 1
1737, 7093, 7, 0, 8471, 8477, 1384, 1377, 197.71, 1
1738, 7097, 9, 0, 8478, 8486, 1389, 1380, 154.33, 1
1739, 7098, 1, 0, 8487, 8487, 1389, 1388, 1389.00, 1
1740, 7100, 3, 0, 8488, 8490, 1390, 1387, 463.33, 1
1741, 7104, 2, 0, 8491, 8492, 1388, 1386, 694.00, 1
1742, 7105, 3, 0, 8493, 8495, 1390, 1387, 463.33, 1
1743, 7110, 6, 0, 8496, 8501, 1391, 1385, 231.83, 1
1744, 7115, 1, 0, 8502, 8502, 1387, 1386, 1387.00, 1
1745, 7116, 4, 0, 8503, 8506, 1390, 1386, 347.50, 1
1746, 7118, 2, 0, 8507, 8508, 1390, 1388, 695.00, 1
1747, 7119, 7, 0, 8509, 8515, 1396, 1389, 199.43, 1
1748, 7120, 1, 0, 8516, 8516, 1396, 1395, 1396.00, 1
1749, 7123, 4, 0, 8517, 8520, 1397, 1393, 349.25, 1
1750, 7127, 5, 0, 8521, 8525, 1398, 1393, 279.60, 1
1751, 7128, 1, 0, 8526, 8526, 1398, 1397, 1398.00, 1
1752, 7129, 18, 0, 8527, 8544, 1415, 1397, 78.61, 1
1753, 7130, 6, 0, 8545, 8550, 1420, 1414, 236.67, 1
1754, 7134, 8, 0, 8551, 8558, 1424, 1416, 178.00, 1
1755, 7135, 12, 0, 8559, 8570, 1435, 1423, 119.58, 1
1756, 7139, 6, 0, 8571, 8576, 1437, 1431, 239.50, 1
1757, 7140, 18, 0, 8577, 8594, 1454, 1436, 80.78, 1
1758, 7147, 6, 0, 8595, 8600, 1453, 1447, 242.17, 1
1759, 7148, 2, 0, 8601, 8602, 1454, 1452, 727.00, 1
1760, 7156, 4, 0, 8603, 8606, 1450, 1446, 362.50, 1
1761, 7157, 7, 0, 8607, 8613, 1456, 1449, 208.00, 1
1762, 7160, 4, 0, 8614, 8617, 1457, 1453, 364.25, 1
1763, 7165, 6, 0, 8618, 8623, 1458, 1452, 243.00, 1
1764, 7166, 4, 0, 8624, 8627, 1461, 1457, 365.25, 1
1765, 7170, 1, 0, 8628, 8628, 1458, 1457, 1458.00, 1
1766, 7174, 8, 0, 8629, 8636, 1462, 1454, 182.75, 1
1767, 7175, 8, 0, 8637, 8644, 1469, 1461, 183.62, 1
1768, 7177, 1, 0, 8645, 8645, 1468, 1467, 1468.00, 1
1769, 7179, 7, 0, 8646, 8652, 1473, 1466, 210.43, 1
1770, 7180, 7, 0, 8653, 8659, 1479, 1472, 211.29, 1
1771, 7182, 8, 0, 8660, 8667, 1485, 1477, 185.62, 1
1772, 7186, 5, 0, 8668, 8672, 1486, 1481, 297.20, 1
1773, 7187, 7, 0, 8673, 8679, 1492, 1485, 213.14, 1
1774, 7189, 2, 0, 8680, 8681, 1492, 1490, 746.00, 1
1775, 7191, 3, 0, 8682, 8684, 1493, 1490, 497.67, 1
1776, 7195, 8, 0, 8685, 8692, 1497, 1489, 187.12, 1
1777, 7197, 4, 0, 8693, 8696, 1499, 1495, 374.75, 1
1778, 7203, 1, 0, 8697, 8697, 1494, 1493, 1494.00, 1
1779, 7206, 3, 0, 8698, 8700, 1494, 1491, 498.00, 1
1780, 7209, 9, 0, 8701, 8709, 1500, 1491, 166.67, 1
1781, 7216, 6, 0, 8710, 8715, 1499, 1493, 249.83, 1
1782, 7225, 3, 0, 8716, 8718, 1493, 1490, 497.67, 1
1783, 7226, 2, 0, 8719, 8720, 1494, 1492, 747.00, 1
1784, 7230, 2, 0, 8721, 8722, 1492, 1490, 746.00, 1
1785, 7234, 7, 0, 8723, 8729, 1495, 1488, 213.57, 1
1786, 7237, 7, 0, 8730, 8736, 1499, 1492, 214.14, 1
1787, 7240, 2, 0, 8737, 8738, 1498, 1496, 749.00, 1
1788, 7241, 1, 0, 8739, 8739, 1498, 1497, 1498.00, 1
1789, 7244, 3, 0, 8740, 8742, 1498, 1495, 499.33, 1
1790, 7246, 1, 0, 8743, 8743, 1497, 1496, 1497.00, 1
1791, 7251, 2, 0, 8744, 8745, 1494, 1492, 747.00, 1
1792, 7255, 2, 0, 8746, 8747, 1492, 1490, 746.00, 1
1793, 7266, 4, 0, 8748, 8751, 1485, 1481, 371.25, 1
1794, 7269, 3, 0, 8752, 8754, 1485, 1482, 495.00, 1
1795, 7279, 4, 0, 8755, 8758, 1479, 1475, 369.75, 1
1796, 7282, 7, 0, 8759, 8765, 1483, 1476, 211.86, 1
1797, 7288, 6, 0, 8766, 8771, 1483, 1477, 247.17, 1
1798, 7291, 3, 0, 8772, 8774, 1483, 1480, 494.33, 1
1799, 7294, 5, 0, 8775, 8779, 1485, 1480, 297.00, 1
1800, 7304, 5, 0, 8780, 8784, 1480, 1475, 296.00, 1
1801, 7314, 1, 0, 8785, 8785, 1471, 1470, 1471.00, 1
1802, 7316, 1, 0, 8786, 8786, 1470, 1469, 1470.00, 1
1803, 7325, 5, 0, 8787, 8791, 1466, 1461, 293.20, 1
1804, 7326, 8, 0, 8792, 8799, 1473, 1465, 184.12, 1
1805, 7327, 1, 0, 8800, 8800, 1473, 1472, 1473.00, 1
1806, 7329, 1, 0, 8801, 8801, 1472, 1471, 1472.00, 1
1807, 7332, 7, 0, 8802, 8808, 1476, 1469, 210.86, 1
1808, 7338, 1, 0, 8809, 8809, 1471, 1470, 1471.00, 1
1809, 7339, 4, 0, 8810, 8813, 1474, 1470, 368.50, 1
1810, 7347, 20, 0, 8814, 8833, 1486, 1466, 74.30, 1
1811, 7354, 3, 0, 8834, 8836, 1482, 1479, 494.00, 1
1812, 7356, 5, 0, 8837, 8841, 1485, 1480, 297.00, 1
1813, 7357, 8, 0, 8842, 8849, 1492, 1484, 186.50, 1
1814, 7360, 3, 0, 8850, 8852, 1492, 1489, 497.33, 1
1815, 7364, 2, 0, 8853, 8854, 1490, 1488, 745.00, 1
1816, 7367, 3, 0, 8855, 8857, 1490, 1487, 496.67, 1
1817, 7375, 14, 0, 8858, 8871, 1496, 1482, 106.86, 1
1818, 7380, 20, 0, 8872, 8891, 1511, 1491, 75.55, 1
1819, 7382, 5, 0, 8892, 8896, 1514, 1509, 302.80, 1
1820, 7385, 1, 0, 8897, 8897, 1512, 1511, 1512.00, 1
1821, 7387, 18, 0, 8898, 8915, 1528, 1510, 84.89, 1
1822, 7390, 3, 0, 8916, 8918, 1528, 1525, 509.33, 1
1823, 7393, 4, 0, 8919, 8922, 1529, 1525, 382.25, 1
1824, 7395, 4, 0, 8923, 8926, 1531, 1527, 382.75, 1
1825, 7398, 9, 0, 8927, 8935, 1537, 1528, 170.78, 1
1826, 7400, 3, 0, 8936, 8938, 1538, 1535, 512.67, 1
1827, 7402, 13, 0, 8939, 8951, 1549, 1536, 119.15, 1
1828, 7403, 8, 0, 8952, 8959, 1556, 1548, 194.50, 1
1829, 7405, 10, 0, 8960, 8969, 1564, 1554, 156.40, 1
1830, 7407, 2, 0, 8970, 8971, 1564, 1562, 782.00, 1
1831, 7412, 5, 0, 8972, 8976, 1564, 1559, 312.80, 1
1832, 7413, 1, 0, 8977, 8977, 1564, 1563, 1564.00, 1
1833, 7415, 4, 0, 8978, 8981, 1566, 1562, 391.50, 1
1834, 7416, 13, 0, 8982, 8994, 1578, 1565, 121.38, 1
1835, 7419, 1, 0, 8995, 8995, 1576, 1575, 1576.00, 1
1836, 7421, 9, 0, 8996, 9004, 1583, 1574, 175.89, 1
1837, 7423, 4, 0, 9005, 9008, 1585, 1581, 396.25, 1
1838, 7425, 4, 0, 9009, 9012, 1587, 1583, 396.75, 1
1839, 7426, 3, 0, 9013, 9015, 1589, 1586, 529.67, 1
1840, 7427, 2, 0, 9016, 9017, 1590, 1588, 795.00, 1
1841, 7434, 2, 0, 9018, 9019, 1585, 1583, 792.50, 1
1842, 7435, 1, 0, 9020, 9020, 1585, 1584, 1585.00, 1
1843, 7436, 2, 0, 9021, 9022, 1586, 1584, 793.00, 1
1844, 7439, 15, 0, 9023, 9037, 1598, 1583, 106.53, 1
1845, 7446, 13, 0, 9038, 9050, 1604, 1591, 123.38, 1
1846, 7450, 2, 0, 9051, 9052, 1602, 1600, 801.00, 1
1847, 7451, 10, 0, 9053, 9062, 1611, 1601, 161.10, 1
1848, 7452, 2, 0, 9063, 9064, 1612, 1610, 806.00, 1
1849, 7455, 10, 0, 9065, 9074, 1619, 1609, 161.90, 1
1850, 7459, 2, 0, 9075, 9076, 1617, 1615, 808.50, 1
1851, 7460, 3, 0, 9077, 9079, 1619, 1616, 539.67, 1
1852, 7461, 3, 0, 9080, 9082, 1621, 1618, 540.33, 1
1853, 7462, 3, 0, 9083, 9085, 1623, 1620, 541.00, 1
1854, 7465, 14, 0, 9086, 9099, 1634, 1620, 116.71, 1
1855, 7466, 1, 0, 9100, 9100, 1634, 1633, 1634.00, 1
1856, 7486, 2, 0, 9101, 9102, 1616, 1614, 808.00, 1
1857, 7487, 9, 0, 9103, 9111, 1624, 1615, 180.44, 1
1858, 7490, 3, 0, 9112, 9114, 1624, 1621, 541.33, 1
1859, 7492, 7, 0, 9115, 9121, 1629, 1622, 232.71, 1
1860, 7493, 1, 0, 9122, 9122, 1629, 1628, 1629.00, 1
1861, 7496, 10, 0, 9123, 9132, 1636, 1626, 163.60, 1
1862, 7499, 3, 0, 9133, 9135, 1636, 1633, 545.33, 1
1863, 7507, 7, 0, 9136, 9142, 1635, 1628, 233.57, 1
1864, 7509, 2, 0, 9143, 9144, 1635, 1633, 817.50, 1
1865, 7511, 5, 0, 9145, 9149, 1638, 1633, 327.60, 1
1866, 7515, 10, 0, 9150, 9159, 1644, 1634, 164.40, 1
1867, 7518, 4, 0, 9160, 9163, 1645, 1641, 411.25, 1
1868, 7523, 1, 0, 9164, 9164, 1641, 1640, 1641.00, 1
1869, 7527, 1, 0, 9165, 9165, 1638, 1637, 1638.00, 1
1870, 7534, 9, 0, 9166, 9174, 1640, 1631, 182.22, 1
1871, 7535, 6, 0, 9175, 9180, 1645, 1639, 274.17, 1
1872, 7538, 20, 0, 9181, 9200, 1662, 1642, 83.10, 1
1873, 7542, 10, 0, 9201, 9210, 1668, 1658, 166.80, 1
1874, 7544, 1, 0, 9211, 9211, 1667, 1666, 1667.00, 1
1875, 7545, 2, 0, 9212, 9213, 1668, 1666, 834.00, 1
1876, 7547, 4, 0, 9214, 9217, 1670, 1666, 417.50, 1
1877, 7548, 9, 0, 9218, 9226, 1678, 1669, 186.44, 1
1878, 7550, 4, 0, 9227, 9230, 1680, 1676, 420.00, 1
1879, 7552, 3, 0, 9231, 9233, 1681, 1678, 560.33, 1
1880, 7556, 16, 0, 9234, 9249, 1693, 1677, 105.81, 1
1881, 7558, 2, 0, 9250, 9251, 1693, 1691, 846.50, 1
1882, 7563, 5, 0, 9252, 9256, 1693, 1688, 338.60, 1
1883, 7567, 5, 0, 9257, 9261, 1694, 1689, 338.80, 1
1884, 7580, 4, 0, 9262, 9265, 1685, 1681, 421.25, 1
1885, 7586, 2, 0, 9266, 9267, 1681, 1679, 840.50, 1
1886, 7590, 5, 0, 9268, 9272, 1682, 1677, 336.40, 1
1887, 7592, 3, 0, 9273, 9275, 1683, 1680, 561.00, 1
1888, 7594, 2, 0, 9276, 9277, 1683, 1681, 841.50, 1
1889, 7601, 2, 0, 9278, 9279, 1678, 1676, 839.00, 1
1890, 7610, 3, 0, 9280, 9282, 1672, 1669, 557.33, 1
1891, 7611, 7, 0, 9283, 9289, 1678, 1671, 239.71, 1
1892, 7612, 8, 0, 9290, 9297, 1685, 1677, 210.62, 1
1893, 7619, 10, 0, 9298, 9307, 1688, 1678, 168.80, 1
1894, 7623, 1, 0, 9308, 9308, 1685, 1684, 1685.00, 1
1895, 7624, 39, 0, 9309, 9347, 1723, 1684, 44.18, 1
1896, 7634, 7, 0, 9348, 9354, 1720, 1713, 245.71, 1
1897, 7636, 1, 0, 9355, 9355, 1719, 1718, 1719.00, 1
1898, 7643, 4, 0, 9356, 9359, 1716, 1712, 429.00, 1
1899, 7648, 4, 0, 9360, 9363, 1715, 1711, 428.75, 1
1900, 7654, 5, 0, 9364, 9368, 1714, 1709, 342.80, 1
1901, 7658, 2, 0, 9369, 9370, 1712, 1710, 856.00, 1
1902, 7663, 12, 0, 9371, 9382, 1719, 1707, 143.25, 1
1903, 7665, 10, 0, 9383, 9392, 1727, 1717, 172.70, 1
1904, 7668, 1, 0, 9393, 9393, 1725, 1724, 1725.00, 1
1905, 7671, 6, 0, 9394, 9399, 1728, 1722, 288.00, 1
1906, 7681, 7, 0, 9400, 9406, 1725, 1718, 246.43, 1
1907, 7682, 9, 0, 9407, 9415, 1733, 1724, 192.56, 1
1908, 7684, 5, 0, 9416, 9420, 1736, 1731, 347.20, 1
1909, 7689, 17, 0, 9421, 9437, 1748, 1731, 102.82, 1
1910, 7690, 8, 0, 9438, 9445, 1755, 1747, 219.38, 1
1911, 7699, 7, 0, 9446, 9452, 1753, 1746, 250.43, 1
1912, 7701, 1, 0, 9453, 9453, 1752, 1751, 1752.00, 1
1913, 7707, 2, 0, 9454, 9455, 1748, 1746, 874.00, 1
1914, 7708, 3, 0, 9456, 9458, 1750, 1747, 583.33, 1
1915, 7710, 1, 0, 9459, 9459, 1749, 1748, 1749.00, 1
1916, 7712, 3, 0, 9460, 9462, 1750, 1747, 583.33, 1
1917, 7721, 3, 0, 9463, 9465, 1744, 1741, 581.33, 1
1918, 7722, 9, 0, 9466, 9474, 1752, 1743, 194.67, 1
1919, 7723, 1, 0, 9475, 9475, 1752, 1751, 1752.00, 1
1920, 7724, 11, 0, 9476, 9486, 1762, 1751, 160.18, 1
1921, 7734, 3, 0, 9487, 9489, 1755, 1752, 585.00, 1
1922, 7735, 2, 0, 9490, 9491, 1756, 1754, 878.00, 1
1923, 7736, 10, 0, 9492, 9501, 1765, 1755, 176.50, 1
1924, 7751, 7, 0, 9502, 9508, 1757, 1750, 251.00, 1
1925, 7752, 9, 0, 9509, 9517, 1765, 1756, 196.11, 1
1926, 7753, 5, 0, 9518, 9522, 1769, 1764, 353.80, 1
1927, 7756, 2, 0, 9523, 9524, 1768, 1766, 884.00, 1
1928, 7758, 16, 0, 9525, 9540, 1782, 1766, 111.38, 1
1929, 7759, 2, 0, 9541, 9542, 1783, 1781, 891.50, 1
1930, 7761, 2, 0, 9543, 9544, 1783, 1781, 891.50, 1
1931, 7763, 16, 0, 9545, 9560, 1797, 1781, 112.31, 1
1932, 7767, 5, 0, 9561, 9565, 1798, 1793, 359.60, 1
1933, 7770, 4, 0, 9566, 9569, 1799, 1795, 449.75, 1
1934, 7773, 4, 0, 9570, 9573, 1800, 1796, 450.00, 1
1935, 7776, 4, 0, 9574, 9577, 1801, 1797, 450.25, 1
1936, 7780, 1, 0, 9578, 9578, 1798, 1797, 1798.00, 1
1937, 7782, 4, 0, 9579, 9582, 1800, 1796, 450.00, 1
1938, 7783, 20, 0, 9583, 9602, 1819, 1799, 90.95, 1
1939, 7784, 10, 0, 9603, 9612, 1828, 1818, 182.80, 1
1940, 7785, 5, 0, 9613, 9617, 1832, 1827, 366.40, 1
1941, 7787, 1, 0, 9618, 9618, 1831, 1830, 1831.00, 1
1942, 7788, 6, 0, 9619, 9624, 1836, 1830, 306.00, 1
1943, 7790, 8, 0, 9625, 9632, 1842, 1834, 230.25, 1
1944, 7791, 15, 0, 9633, 9647, 1856, 1841, 123.73, 1
1945, 7803, 2, 0, 9648, 9649, 1846, 1844, 923.00, 1
1946, 7804, 16, 0, 9650, 9665, 1861, 1845, 116.31, 1
1947, 7812, 7, 0, 9666, 9672, 1860, 1853, 265.71, 1
1948, 7814, 6, 0, 9673, 9678, 1864, 1858, 310.67, 1
1949, 7815, 2, 0, 9679, 9680, 1865, 1863, 932.50, 1
1950, 7816, 10, 0, 9681, 9690, 1874, 1864, 187.40, 1
1951, 7820, 3, 0, 9691, 9693, 1873, 1870, 624.33, 1
1952, 7826, 6, 0, 9694, 9699, 1873, 1867, 312.17, 1
1953, 7827, 10, 0, 9700, 9709, 1882, 1872, 188.20, 1
1954, 7830, 6, 0, 9710, 9715, 1885, 1879, 314.17, 1
1955, 7835, 5, 0, 9716, 9720, 1885, 1880, 377.00, 1
1956, 7836, 8, 0, 9721, 9728, 1892, 1884, 236.50, 1
1957, 7844, 1, 0, 9729, 9729, 1885, 1884, 1885.00, 1
1958, 7846, 3, 0, 9730, 9732, 1886, 1883, 628.67, 1
1959, 7851, 5, 0, 9733, 9737, 1886, 1881, 377.20, 1
1960, 7852, 3, 0, 9738, 9740, 1888, 1885, 629.33, 1
1961, 7857, 5, 0, 9741, 9745, 1888, 1883, 377.60, 1
1962, 7861, 9, 0, 9746, 9754, 1893, 1884, 210.33, 1
1963, 7862, 5, 0, 9755, 9759, 1897, 1892, 379.40, 1
1964, 7870, 5, 0, 9760, 9764, 1894, 1889, 378.80, 1
1965, 7871, 9, 0, 9765, 9773, 1902, 1893, 211.33, 1
1966, 7876, 5, 0, 9774, 9778, 1902, 1897, 380.40, 1
1967, 7879, 4, 0, 9779, 9782, 1903, 1899, 475.75, 1
1968, 7881, 1, 0, 9783, 9783, 1902, 1901, 1902.00, 1
1969, 7882, 7, 0, 9784, 9790, 1908, 1901, 272.57, 1
1970, 7886, 1, 0, 9791, 9791, 1905, 1904, 1905.00, 1
1971, 7889, 8, 0, 9792, 9799, 1910, 1902, 238.75, 1
1972, 7893, 8, 0, 9800, 9807, 1914, 1906, 239.25, 1
1973, 7897, 2, 0, 9808, 9809, 1912, 1910, 956.00, 1
1974, 7898, 1, 0, 9810, 9810, 1912, 1911, 1912.00, 1
1975, 7900, 1, 0, 9811, 9811, 1911, 1910, 1911.00, 1
1976, 7903, 11, 0, 9812, 9822, 1919, 1908, 174.45, 1
1977, 7905, 2, 0, 9823, 9824, 1919, 1917, 959.50, 1
1978, 7911, 14, 0, 9825, 9838, 1927, 1913, 137.64, 1
1979, 7914, 11, 0, 9839, 9849, 1935, 1924, 175.91, 1
1980, 7916, 2, 0, 9850, 9851, 1935, 1933, 967.50, 1
1981, 7919, 13, 0, 9852, 9864, 1945, 1932, 149.62, 1
1982, 7921, 8, 0, 9865, 9872, 1951, 1943, 243.88, 1
1983, 7925, 4, 0, 9873, 9876, 1951, 1947, 487.75, 1
1984, 7929, 7, 0, 9877, 9883, 1954, 1947, 279.14, 1
1985, 7933, 2, 0, 9884, 9885, 1952, 1950, 976.00, 1
1986, 7934, 10, 0, 9886, 9895, 1961, 1951, 196.10, 1
1987, 7936, 1, 0, 9896, 9896, 1960, 1959, 1960.00, 1
1988, 7946, 3, 0, 9897, 9899, 1953, 1950, 651.00, 1
1989, 7948, 1, 0, 9900, 9900, 1952, 1951, 1952.00, 1
1990, 7950, 6, 0, 9901, 9906, 1956, 1950, 326.00, 1
1991, 7958, 2, 0, 9907, 9908, 1950, 1948, 975.00, 1
1992, 7960, 5, 0, 9909, 9913, 1953, 1948, 390.60, 1
1993, 7962, 10, 0, 9914, 9923, 1961, 1951, 196.10, 1
1994, 7963, 5, 0, 9924, 9928, 1965, 1960, 393.00, 1
1995, 7965, 10, 0, 9929, 9938, 1973, 1963, 197.30, 1
1996, 7966, 5, 0, 9939, 9943, 1977, 1972, 395.40, 1
1997, 7969, 4, 0, 9944, 9947, 1978, 1974, 494.50, 1
1998, 7974, 1, 0, 9948, 9948, 1974, 1973, 1974.00, 1
1999, 7976, 3, 0, 9949, 9951, 1975, 1972, 658.33, 1
2000, 7978, 4, 0, 9952, 9955, 1977, 1973, 494.25, 1
2001, 7983, 2, 0, 9956, 9957, 1974, 1972, 987.00, 1
2002, 7985, 1, 0, 9958, 9958, 1973, 1972, 1973.00, 1
2003, 7988, 4, 0, 9959, 9962, 1974, 1970, 493.50, 1
2004, 7990, 2, 0, 9963, 9964, 1974, 1972, 987.00, 1
2005, 7992, 4, 0, 9965, 9968, 1976, 1972, 494.00, 1
2006, 7999, 4, 0, 9969, 9972, 1973, 1969, 493.25, 1
2007, 8000, 6, 0, 9973, 9978, 1978, 1972, 329.67, 1
2008, 8003, 1, 0, 9979, 9979, 1976, 1975, 1976.00, 1
2009, 8008, 1, 0, 9980, 9980, 1972, 1971, 1972.00, 1
2010, 8010, 2, 0, 9981, 9982, 1972, 1970, 986.00, 1
2011, 8015, 1, 0, 9983, 9983, 1968, 1967, 1968.00, 1
2012, 8023, 5, 0, 9984, 9988, 1965, 1960, 393.00, 1
2013, 8026, 2, 0, 9989, 9990, 1964, 1962, 982.00, 1
2014, 8030, 1, 0, 9991, 9991, 1961, 1960, 1961.00, 1
2015, 8031, 9, 0, 9992, 10000, 1969, 1960, 218.78, 1
2016, 8040, 7, 0, 10001, 10007, 1967, 1960, 281.00, 1
2017, 8046, 4, 0, 10008, 10011, 1965, 1961, 491.25, 1
2018, 8048, 2, 0, 10012, 10013, 1965, 1963, 982.50, 1
2019, 8049, 11, 0, 10014, 10024, 1975, 1964, 179.55, 1
2020, 8051, 1, 0, 10025, 10025, 1974, 1973, 1974.00, 1
2021, 8053, 2, 0, 10026, 10027, 1974, 1972, 987.00, 1
2022, 8054, 8, 0, 10028, 10035, 1981, 1973, 247.62, 1
2023, 8057, 4, 0, 10036, 10039, 1982, 1978, 495.50, 1
2024, 8062, 1, 0, 10040, 10040, 1978, 1977, 1978.00, 1
2025, 8065, 10, 0, 10041, 10050, 1985, 1975, 198.50, 1
2026, 8066, 4, 0, 10051, 10054, 1988, 1984, 497.00, 1
2027, 8070, 1, 0, 10055, 10055, 1985, 1984, 1985.00, 1
2028, 8077, 4, 0, 10056, 10059, 1982, 1978, 495.50, 1
2029, 8088, 12, 0, 10060, 10071, 1983, 1971, 165.25, 1
2030, 8089, 2, 0, 10072, 10073, 1984, 1982, 992.00, 1
2031, 8093, 2, 0, 10074, 10075, 1982, 1980, 991.00, 1
2032, 8099, 6, 0, 10076, 10081, 1982, 1976, 330.33, 1
2033, 8104, 6, 0, 10082, 10087, 1983, 1977, 330.50, 1
2034, 8113, 10, 0, 10088, 10097, 1984, 1974, 198.40, 1
2035, 8115, 16, 0, 10098, 10113, 1998, 1982, 124.88, 1
2036, 8120, 4, 0, 10114, 10117, 1997, 1993, 499.25, 1
2037, 8121, 7, 0, 10118, 10124, 2003, 1996, 286.14, 1
2038, 8125, 2, 0, 10125, 10126, 2001, 1999, 1000.50, 1
2039, 8129, 1, 0, 10127, 10127, 1998, 1997, 1998.00, 1
2040, 8134, 4, 0, 10128, 10131, 1997, 1993, 499.25, 1
2041, 8136, 4, 0, 10132, 10135, 1999, 1995, 499.75, 1
2042, 8140, 13, 0, 10136, 10148, 2008, 1995, 154.46, 1
2043, 8141, 1, 0, 10149, 10149, 2008, 2007, 2008.00, 1
2044, 8148, 10, 0, 10150, 10159, 2011, 2001, 201.10, 1
2045, 8149, 2, 0, 10160, 10161, 2012, 2010, 1006.00, 1
2046, 8151, 9, 0, 10162, 10170, 2019, 2010, 224.33, 1
2047, 8152, 3, 0, 10171, 10173, 2021, 2018, 673.67, 1
2048, 8164, 1, 0, 10174, 10174, 2010, 2009, 2010.00, 1
2049, 8166, 1, 0, 10175, 10175, 2009, 2008, 2009.00, 1
2050, 8171, 8, 0, 10176, 10183, 2012, 2004, 251.50, 1
2051, 8177, 6, 0, 10184, 10189, 2012, 2006, 335.33, 1
2052, 8178, 3, 0, 10190, 10192, 2014, 2011, 671.33, 1
2053, 8184, 3, 0, 10193, 10195, 2011, 2008, 670.33, 1
2054, 8185, 14, 0, 10196, 10209, 2024, 2010, 144.57, 1
2055, 8192, 12, 0, 10210, 10221, 2029, 2017, 169.08, 1
2056, 8193, 1, 0, 10222, 10222, 2029, 2028, 2029.00, 1
2057, 8194, 2, 0, 10223, 10224, 2030, 2028, 1015.00, 1
2058, 8195, 3, 0, 10225, 10227, 2032, 2029, 677.33, 1
2059, 8197, 4, 0, 10228, 10231, 2034, 2030, 508.50, 1
2060, 8199, 8, 0, 10232, 10239, 2040, 2032, 255.00, 1
2061, 8200, 10, 0, 10240, 10249, 2049, 2039, 204.90, 1
2062, 8204, 5, 0, 10250, 10254, 2050, 2045, 410.00, 1
2063, 8205, 14, 0, 10255, 10268, 2063, 2049, 147.36, 1
2064, 8207, 8, 0, 10269, 10276, 2069, 2061, 258.62, 1
2065, 8211, 2, 0, 10277, 10278, 2067, 2065, 1033.50, 1
2066, 8212, 3, 0, 10279, 10281, 2069, 2066, 689.67, 1
2067, 8213, 4, 0, 10282, 10285, 2072, 2068, 518.00, 1
2068, 8214, 5, 0, 10286, 10290, 2076, 2071, 415.20, 1
2069, 8220, 7, 0, 10291, 10297, 2077, 2070, 296.71, 1
2070, 8233, 1, 0, 10298, 10298, 2065, 2064, 2065.00, 1
2071, 8234, 10, 0, 10299, 10308, 2074, 2064, 207.40, 1
2072, 8236, 3, 0, 10309, 10311, 2075, 2072, 691.67, 1
2073, 8240, 1, 0, 10312, 10312, 2072, 2071, 2072.00, 1
2074, 8243, 5, 0, 10313, 10317, 2074, 2069, 414.80, 1
2075, 8248, 1, 0, 10318, 10318, 2070, 2069, 2070.00, 1
2076, 8254, 2, 0, 10319, 10320, 2066, 2064, 1033.00, 1
2077, 8259, 5, 0, 10321, 10325, 2066, 2061, 413.20, 1
2078, 8260, 4, 0, 10326, 10329, 2069, 2065, 517.25, 1
2079, 8262, 5, 0, 10330, 10334, 2072, 2067, 414.40, 1
2080, 8275, 18, 0, 10335, 10352, 2077, 2059, 115.39, 1
2081, 8278, 1, 0, 10353, 10353, 2075, 2074, 2075.00, 1
2082, 8279, 1, 0, 10354, 10354, 2075, 2074, 2075.00, 1
2083, 8282, 2, 0, 10355, 10356, 2074, 2072, 1037.00, 1
2084, 8283, 11, 0, 10357, 10367, 2084, 2073, 189.45, 1
2085, 8286, 1, 0, 10368, 10368, 2082, 2081, 2082.00, 1
2086, 8292, 5, 0, 10369, 10373, 2081, 2076, 416.20, 1
2087, 8295, 1, 0, 10374, 10374, 2079, 2078, 2079.00, 1
2088, 8296, 5, 0, 10375, 10379, 2083, 2078, 416.60, 1
2089, 8304, 1, 0, 10380, 10380, 2076, 2075, 2076.00, 1
2090, 8305, 1, 0, 10381, 10381, 2076, 2075, 2076.00, 1
2091, 8310, 3, 0, 10382, 10384, 2074, 2071, 691.33, 1
2092, 8313, 4, 0, 10385, 10388, 2075, 2071, 518.75, 1
2093, 8326, 7, 0, 10389, 10395, 2069, 2062, 295.57, 1
2094, 8327, 8, 0, 10396, 10403, 2076, 2068, 259.50, 1
2095, 8328, 1, 0, 10404, 10404, 2076, 2075, 2076.00, 1
2096, 8341, 9, 0, 10405, 10413, 2072, 2063, 230.22, 1
2097, 8343, 1, 0, 10414, 10414, 2071, 2070, 2071.00, 1
2098, 8350, 8, 0, 10415, 10422, 2072, 2064, 259.00, 1
2099, 8351, 3, 0, 10423, 10425, 2074, 2071, 691.33, 1
2100, 8352, 8, 0, 10426, 10433, 2081, 2073, 260.12, 1
2101, 8357, 11, 0, 10434, 10444, 2087, 2076, 189.73, 1
2102, 8359, 2, 0, 10445, 10446, 2087, 2085, 1043.50, 1
2103, 8362, 11, 0, 10447, 10457, 2095, 2084, 190.45, 1
2104, 8366, 4, 0, 10458, 10461, 2095, 2091, 523.75, 1
2105, 8370, 2, 0, 10462, 10463, 2093, 2091, 1046.50, 1
2106, 8373, 4, 0, 10464, 10467, 2094, 2090, 523.50, 1
2107, 8374, 10, 0, 10468, 10477, 2103, 2093, 210.30, 1
2108, 8378, 9, 0, 10478, 10486, 2108, 2099, 234.22, 1
2109, 8386, 5, 0, 10487, 10491, 2105, 2100, 421.00, 1
2110, 8387, 3, 0, 10492, 10494, 2107, 2104, 702.33, 1
2111, 8391, 6, 0, 10495, 10500, 2109, 2103, 351.50, 1
2112, 8397, 9, 0, 10501, 10509, 2112, 2103, 234.67, 1
2113, 8399, 3, 0, 10510, 10512, 2113, 2110, 704.33, 1
2114, 8400, 30, 0, 10513, 10542, 2142, 2112, 71.40, 1
2115, 8405, 15, 0, 10543, 10557, 2152, 2137, 143.47, 1
2116, 8409, 12, 0, 10558, 10569, 2160, 2148, 180.00, 1
2117, 8411, 16, 0, 10570, 10585, 2174, 2158, 135.88, 1
2118, 8428, 2, 0, 10586, 10587, 2159, 2157, 1079.50, 1
2119, 8429, 4, 0, 10588, 10591, 2162, 2158, 540.50, 1
2120, 8433, 5, 0, 10592, 10596, 2163, 2158, 432.60, 1
2121, 8435, 4, 0, 10597, 10600, 2165, 2161, 541.25, 1
2122, 8442, 6, 0, 10601, 10606, 2164, 2158, 360.67, 1
2123, 8444, 3, 0, 10607, 10609, 2165, 2162, 721.67, 1
2124, 8445, 2, 0, 10610, 10611, 2166, 2164, 1083.00, 1
2125, 8446, 1, 0, 10612, 10612, 2166, 2165, 2166.00, 1
2126, 8447, 2, 0, 10613, 10614, 2167, 2165, 1083.50, 1
2127, 8449, 5, 0, 10615, 10619, 2170, 2165, 434.00, 1
2128, 8451, 7, 0, 10620, 10626, 2175, 2168, 310.71, 1
2129, 8454, 2, 0, 10627, 10628, 2174, 2172, 1087.00, 1
2130, 8456, 4, 0, 10629, 10632, 2176, 2172, 544.00, 1
2131, 8460, 4, 0, 10633, 10636, 2176, 2172, 544.00, 1
2132, 8463, 7, 0, 10637, 10643, 2180, 2173, 311.43, 1
2133, 8469, 15, 0, 10644, 10658, 2189, 2174, 145.93, 1
2134, 8475, 2, 0, 10659, 10660, 2185, 2183, 1092.50, 1
2135, 8476, 3, 0, 10661, 10663, 2187, 2184, 729.00, 1
2136, 8478, 2, 0, 10664, 10665, 2187, 2185, 1093.50, 1
2137, 8484, 4, 0, 10666, 10669, 2185, 2181, 546.25, 1
2138, 8485, 4, 0, 10670, 10673, 2188, 2184, 547.00, 1
2139, 8487, 2, 0, 10674, 10675, 2188, 2186, 1094.00, 1
2140, 8489, 5, 0, 10676, 10680, 2191, 2186, 438.20, 1
2141, 8500, 2, 0, 10681, 10682, 2182, 2180, 1091.00, 1
2142, 8504, 1, 0, 10683, 10683, 2179, 2178, 2179.00, 1
2143, 8505, 5, 0, 10684, 10688, 2183, 2178, 436.60, 1
2144, 8507, 2, 0, 10689, 10690, 2183, 2181, 1091.50, 1
2145, 8510, 13, 0, 10691, 10703, 2193, 2180, 168.69, 1
2146, 8511, 1, 0, 10704, 10704, 2193, 2192, 2193.00, 1
2147, 8539, 7, 0, 10705, 10711, 2172, 2165, 310.29, 1
2148, 8543, 5, 0, 10712, 10716, 2173, 2168, 434.60, 1
2149, 8544, 5, 0, 10717, 10721, 2177, 2172, 435.40, 1
2150, 8547, 2, 0, 10722, 10723, 2176, 2174, 1088.00, 1
2151, 8554, 3, 0, 10724, 10726, 2172, 2169, 724.00, 1
2152, 8563, 6, 0, 10727, 10732, 2169, 2163, 361.50, 1
2153, 8567, 2, 0, 10733, 10734, 2167, 2165, 1083.50, 1
2154, 8568, 1, 0, 10735, 10735, 2167, 2166, 2167.00, 1
2155, 8569, 15, 0, 10736, 10750, 2181, 2166, 145.40, 1
2156, 8570, 5, 0, 10751, 10755, 2185, 2180, 437.00, 1
2157, 8578, 1, 0, 10756, 10756, 2178, 2177, 2178.00, 1
2158, 8581, 4, 0, 10757, 10760, 2179, 2175, 544.75, 1
2159, 8583, 3, 0, 10761, 10763, 2180, 2177, 726.67, 1
2160, 8584, 2, 0, 10764, 10765, 2181, 2179, 1090.50, 1
2161, 8587, 2, 0, 10766, 10767, 2180, 2178, 1090.00, 1
2162, 8592, 2, 0, 10768, 10769, 2177, 2175, 1088.50, 1
2163, 8593, 1, 0, 10770, 10770, 2177, 2176, 2177.00, 1
2164, 8594, 8, 0, 10771, 10778, 2184, 2176, 273.00, 1
2165, 8602, 2, 0, 10779, 10780, 2178, 2176, 1089.00, 1
2166, 8604, 3, 0, 10781, 10783, 2179, 2176, 726.33, 1
2167, 8606, 3, 0, 10784, 10786, 2180, 2177, 726.67, 1
2168, 8611, 1, 0, 10787, 10787, 2176, 2175, 2176.00, 1
2169, 8613, 2, 0, 10788, 10789, 2176, 2174, 1088.00, 1
2170, 8614, 8, 0, 10790, 10797, 2183, 2175, 272.88, 1
2171, 8619, 2, 0, 10798, 10799, 2180, 2178, 1090.00, 1
2172, 8620, 6, 0, 10800, 10805, 2185, 2179, 364.17, 1
2173, 8622, 5, 0, 10806, 10810, 2188, 2183, 437.60, 1
2174, 8623, 4, 0, 10811, 10814, 2191, 2187, 547.75, 1
2175, 8624, 8, 0, 10815, 10822, 2198, 2190, 274.75, 1
2176, 8629, 3, 0, 10823, 10825, 2196, 2193, 732.00, 1
2177, 8630, 5, 0, 10826, 10830, 2200, 2195, 440.00, 1
2178, 8631, 4, 0, 10831, 10834, 2203, 2199, 550.75, 1
2179, 8633, 1, 0, 10835, 10835, 2202, 2201, 2202.00, 1
2180, 8640, 13, 0, 10836, 10848, 2208, 2195, 169.85, 1
2181, 8644, 2, 0, 10849, 10850, 2206, 2204, 1103.00, 1
2182, 8653, 3, 0, 10851, 10853, 2200, 2197, 733.33, 1
2183, 8654, 8, 0, 10854, 10861, 2207, 2199, 275.88, 1
2184, 8655, 1, 0, 10862, 10862, 2207, 2206, 2207.00, 1
2185, 8656, 5, 0, 10863, 10867, 2211, 2206, 442.20, 1
2186, 8662, 6, 0, 10868, 10873, 2211, 2205, 368.50, 1
2187, 8663, 4, 0, 10874, 10877, 2214, 2210, 553.50, 1
2188, 8675, 6, 0, 10878, 10883, 2208, 2202, 368.00, 1
2189, 8677, 1, 0, 10884, 10884, 2207, 2206, 2207.00, 1
2190, 8679, 2, 0, 10885, 10886, 2207, 2205, 1103.50, 1
2191, 8683, 3, 0, 10887, 10889, 2206, 2203, 735.33, 1
2192, 8684, 1, 0, 10890, 10890, 2206, 2205, 2206.00, 1
2193, 8685, 2, 0, 10891, 10892, 2207, 2205, 1103.50, 1
2194, 8686, 20, 0, 10893, 10912, 2226, 2206, 111.30, 1
2195, 8693, 3, 0, 10913, 10915, 2222, 2219, 740.67, 1
2196, 8694, 5, 0, 10916, 10920, 2226, 2221, 445.20, 1
2197, 8701, 1, 0, 10921, 10921, 2220, 2219, 2220.00, 1
2198, 8702, 1, 0, 10922, 10922, 2220, 2219, 2220.00, 1
2199, 8704, 1, 0, 10923, 10923, 2219, 2218, 2219.00, 1
2200, 8714, 8, 0, 10924, 10931, 2217, 2209, 277.12, 1
2201, 8716, 1, 0, 10932, 10932, 2216, 2215, 2216.00, 1
2202, 8717, 1, 0, 10933, 10933, 2216, 2215, 2216.00, 1
2203, 8724, 10, 0, 10934, 10943, 2219, 2209, 221.90, 1
2204, 8729, 13, 0, 10944, 10956, 2227, 2214, 171.31, 1
2205, 8731, 3, 0, 10957, 10959, 2228, 2225, 742.67, 1
2206, 8736, 5, 0, 10960, 10964, 2228, 2223, 445.60, 1
2207, 8739, 1, 0, 10965, 10965, 2226, 2225, 2226.00, 1
2208, 8746, 4, 0, 10966, 10969, 2223, 2219, 555.75, 1
2209, 8752, 5, 0, 10970, 10974, 2222, 2217, 444.40, 1
2210, 8761, 9, 0, 10975, 10983, 2222, 2213, 246.89, 1
2211, 8762, 3, 0, 10984, 10986, 2224, 2221, 741.33, 1
2212, 8763, 3, 0, 10987, 10989, 2226, 2223, 742.00, 1
2213, 8770, 2, 0, 10990, 10991, 2221, 2219, 1110.50, 1
2214, 8773, 8, 0, 10992, 10999, 2226, 2218, 278.25, 1
2215, 8777, 1, 0, 11000, 11000, 2223, 2222, 2223.00, 1
2216, 8779, 1, 0, 11001, 11001, 2222, 2221, 2222.00, 1
2217, 8780, 5, 0, 11002, 11006, 2226, 2221, 445.20, 1
2218, 8783, 13, 0, 11007, 11019, 2236, 2223, 172.00, 1
2219, 8790, 5, 0, 11020, 11024, 2234, 2229, 446.80, 1
2220, 8793, 1, 0, 11025, 11025, 2232, 2231, 2232.00, 1
2221, 8796, 4, 0, 11026, 11029, 2233, 2229, 558.25, 1
2222, 8804, 26, 0, 11030, 11055, 2251, 2225, 86.58, 1
2223, 8806, 12, 0, 11056, 11067, 2261, 2249, 188.42, 1
2224, 8808, 5, 0, 11068, 11072, 2264, 2259, 452.80, 1
2225, 8816, 2, 0, 11073, 11074, 2258, 2256, 1129.00, 1
2226, 8819, 8, 0, 11075, 11082, 2263, 2255, 282.88, 1
2227, 8822, 2, 0, 11083, 11084, 2262, 2260, 1131.00, 1
2228, 8824, 10, 0, 11085, 11094, 2270, 2260, 227.00, 1
2229, 8831, 1, 0, 11095, 11095, 2264, 2263, 2264.00, 1
2230, 8838, 6, 0, 11096, 11101, 2263, 2257, 377.17, 1
2231, 8842, 3, 0, 11102, 11104, 2262, 2259, 754.00, 1
2232, 8843, 4, 0, 11105, 11108, 2265, 2261, 566.25, 1
2233, 8844, 7, 0, 11109, 11115, 2271, 2264, 324.43, 1
2234, 8849, 4, 0, 11116, 11119, 2270, 2266, 567.50, 1
2235, 8854, 6, 0, 11120, 11125, 2271, 2265, 378.50, 1
2236, 8862, 3, 0, 11126, 11128, 2266, 2263, 755.33, 1
2237, 8865, 4, 0, 11129, 11132, 2267, 2263, 566.75, 1
2238, 8871, 1, 0, 11133, 11133, 2262, 2261, 2262.00, 1
2239, 8877, 6, 0, 11134, 11139, 2262, 2256, 377.00, 1
2240, 8883, 9, 0, 11140, 11148, 2265, 2256, 251.67, 1
2241, 8885, 1, 0, 11149, 11149, 2264, 2263, 2264.00, 1
2242, 8895, 4, 0, 11150, 11153, 2258, 2254, 564.50, 1
2243, 8897, 4, 0, 11154, 11157, 2260, 2256, 565.00, 1
2244, 8898, 2, 0, 11158, 11159, 2261, 2259, 1130.50, 1
2245, 8905, 5, 0, 11160, 11164, 2259, 2254, 451.80, 1
2246, 8907, 8, 0, 11165, 11172, 2265, 2257, 283.12, 1
2247, 8923, 2, 0, 11173, 11174, 2251, 2249, 1125.50, 1
2248, 8925, 3, 0, 11175, 11177, 2252, 2249, 750.67, 1
2249, 8934, 4, 0, 11178, 11181, 2247, 2243, 561.75, 1
2250, 8936, 3, 0, 11182, 11184, 2248, 2245, 749.33, 1
2251, 8942, 15, 0, 11185, 11199, 2257, 2242, 150.47, 1
2252, 8952, 1, 0, 11200, 11200, 2248, 2247, 2248.00, 1
2253, 8958, 7, 0, 11201, 11207, 2249, 2242, 321.29, 1
2254, 8960, 13, 0, 11208, 11220, 2260, 2247, 173.85, 1
2255, 8964, 8, 0, 11221, 11228, 2264, 2256, 283.00, 1
2256, 8968, 2, 0, 11229, 11230, 2262, 2260, 1131.00, 1
2257, 8970, 1, 0, 11231, 11231, 2261, 2260, 2261.00, 1
2258, 8973, 4, 0, 11232, 11235, 2262, 2258, 565.50, 1
2259, 8977, 4, 0, 11236, 11239, 2262, 2258, 565.50, 1
2260, 8978, 7, 0, 11240, 11246, 2268, 2261, 324.00, 1
2261, 8991, 7, 0, 11247, 11253, 2262, 2255, 323.14, 1
2262, 8992, 7, 0, 11254, 11260, 2268, 2261, 324.00, 1
2263, 8995, 1, 0, 11261, 11261, 2266, 2265, 2266.00, 1
2264, 8999, 4, 0, 11262, 11265, 2266, 2262, 566.50, 1
2265, 9003, 6, 0, 11266, 11271, 2268, 2262, 378.00, 1
2266, 9010, 1, 0, 11272, 11272, 2262, 2261, 2262.00, 1
2267, 9012, 12, 0, 11273, 11284, 2272, 2260, 189.33, 1
2268, 9015, 4, 0, 11285, 11288, 2273, 2269, 568.25, 1
2269, 9018, 2, 0, 11289, 11290, 2272, 2270, 1136.00, 1
2270, 9024, 9, 0, 11291, 11299, 2275, 2266, 252.78, 1
2271, 9025, 7, 0, 11300, 11306, 2281, 2274, 325.86, 1
2272, 9027, 5, 0, 11307, 11311, 2284, 2279, 456.80, 1
2273, 9034, 2, 0, 11312, 11313, 2279, 2277, 1139.50, 1
2274, 9039, 3, 0, 11314, 11316, 2277, 2274, 759.00, 1
2275, 9040, 9, 0, 11317, 11325, 2285, 2276, 253.89, 1
2276, 9044, 3, 0, 11326, 11328, 2284, 2281, 761.33, 1
2277, 9049, 4, 0, 11329, 11332, 2283, 2279, 570.75, 1
2278, 9052, 14, 0, 11333, 11346, 2294, 2280, 163.86, 1
2279, 9053, 6, 0, 11347, 11352, 2299, 2293, 383.17, 1
2280, 9055, 2, 0, 11353, 11354, 2299, 2297, 1149.50, 1
2281, 9056, 1, 0, 11355, 11355, 2299, 2298, 2299.00, 1
2282, 9063, 3, 0, 11356, 11358, 2295, 2292, 765.00, 1
2283, 9065, 17, 0, 11359, 11375, 2310, 2293, 135.88, 1
2284, 9075, 5, 0, 11376, 11380, 2305, 2300, 461.00, 1
2285, 9077, 2, 0, 11381, 11382, 2305, 2303, 1152.50, 1
2286, 9080, 1, 0, 11383, 11383, 2303, 2302, 2303.00, 1
2287, 9081, 5, 0, 11384, 11388, 2307, 2302, 461.40, 1
2288, 9086, 6, 0, 11389, 11394, 2308, 2302, 384.67, 1
2289, 9090, 2, 0, 11395, 11396, 2306, 2304, 1153.00, 1
2290, 9092, 5, 0, 11397, 11401, 2309, 2304, 461.80, 1
2291, 9094, 18, 0, 11402, 11419, 2325, 2307, 129.17, 1
2292, 9097, 5, 0, 11420, 11424, 2327, 2322, 465.40, 1
2293, 9100, 1, 0, 11425, 11425, 2325, 2324, 2325.00, 1
2294, 9103, 2, 0, 11426, 11427, 2324, 2322, 1162.00, 1
2295, 9104, 3, 0, 11428, 11430, 2326, 2323, 775.33, 1
2296, 9108, 13, 0, 11431, 11443, 2335, 2322, 179.62, 1
2297, 9113, 2, 0, 11444, 11445, 2332, 2330, 1166.00, 1
2298, 9116, 16, 0, 11446, 11461, 2345, 2329, 146.56, 1
2299, 9121, 4, 0, 11462, 11465, 2344, 2340, 586.00, 1
2300, 9124, 1, 0, 11466, 11466, 2342, 2341, 2342.00, 1
2301, 9126, 1, 0, 11467, 11467, 2341, 2340, 2341.00, 1
2302, 9132, 6, 0, 11468, 11473, 2341, 2335, 390.17, 1
2303, 9135, 2, 0, 11474, 11475, 2340, 2338, 1170.00, 1
2304, 9136, 1, 0, 11476, 11476, 2340, 2339, 2340.00, 1
2305, 9140, 9, 0, 11477, 11485, 2345, 2336, 260.56, 1
2306, 9142, 1, 0, 11486, 11486, 2344, 2343, 2344.00, 1
2307, 9145, 1, 0, 11487, 11487, 2342, 2341, 2342.00, 1
2308, 9148, 2, 0, 11488, 11489, 2341, 2339, 1170.50, 1
2309, 9153, 2, 0, 11490, 11491, 2338, 2336, 1169.00, 1
2310, 9157, 4, 0, 11492, 11495, 2338, 2334, 584.50, 1
2311, 9174, 5, 0, 11496, 11500, 2326, 2321, 465.20, 1
2312, 9177, 2, 0, 11501, 11502, 2325, 2323, 1162.50, 1
2313, 9196, 5, 0, 11503, 11507, 2311, 2306, 462.20, 1
2314, 9199, 9, 0, 11508, 11516, 2317, 2308, 257.44, 1
2315, 9203, 3, 0, 11517, 11519, 2316, 2313, 772.00, 1
2316, 9204, 2, 0, 11520, 11521, 2317, 2315, 1158.50, 1
2317, 9213, 2, 0, 11522, 11523, 2310, 2308, 1155.00, 1
2318, 9215, 3, 0, 11524, 11526, 2311, 2308, 770.33, 1
2319, 9221, 16, 0, 11527, 11542, 2321, 2305, 145.06, 1
2320, 9227, 2, 0, 11543, 11544, 2317, 2315, 1158.50, 1
2321, 9228, 1, 0, 11545, 11545, 2317, 2316, 2317.00, 1
2322, 9231, 1, 0, 11546, 11546, 2315, 2314, 2315.00, 1
2323, 9234, 4, 0, 11547, 11550, 2316, 2312, 579.00, 1
2324, 9245, 4, 0, 11551, 11554, 2309, 2305, 577.25, 1
2325, 9249, 9, 0, 11555, 11563, 2314, 2305, 257.11, 1
2326, 9254, 1, 0, 11564, 11564, 2310, 2309, 2310.00, 1
2327, 9255, 8, 0, 11565, 11572, 2317, 2309, 289.62, 1
2328, 9257, 3, 0, 11573, 11575, 2318, 2315, 772.67, 1
2329, 9262, 4, 0, 11576, 11579, 2317, 2313, 579.25, 1
2330, 9266, 1, 0, 11580, 11580, 2314, 2313, 2314.00, 1
2331, 9271, 1, 0, 11581, 11581, 2310, 2309, 2310.00, 1
2332, 9282, 1, 0, 11582, 11582, 2300, 2299, 2300.00, 1
2333, 9287, 15, 0, 11583, 11597, 2310, 2295, 154.00, 1
2334, 9288, 1, 0, 11598, 11598, 2310, 2309, 2310.00, 1
2335, 9292, 10, 0, 11599, 11608, 2316, 2306, 231.60, 1
2336, 9296, 2, 0, 11609, 11610, 2314, 2312, 1157.00, 1
2337, 9298, 1, 0, 11611, 11611, 2313, 2312, 2313.00, 1
2338, 9300, 5, 0, 11612, 11616, 2316, 2311, 463.20, 1
2339, 9305, 2, 0, 11617, 11618, 2313, 2311, 1156.50, 1
2340, 9317, 5, 0, 11619, 11623, 2306, 2301, 461.20, 1
2341, 9322, 9, 0, 11624, 11632, 2310, 2301, 256.67, 1
2342, 9331, 1, 0, 11633, 11633, 2302, 2301, 2302.00, 1
2343, 9332, 3, 0, 11634, 11636, 2304, 2301, 768.00, 1
2344, 9333, 12, 0, 11637, 11648, 2315, 2303, 192.92, 1
2345, 9340, 2, 0, 11649, 11650, 2310, 2308, 1155.00, 1
2346, 9342, 2, 0, 11651, 11652, 2310, 2308, 1155.00, 1
2347, 9346, 2, 0, 11653, 11654, 2308, 2306, 1154.00, 1
2348, 9347, 1, 0, 11655, 11655, 2308, 2307, 2308.00, 1
2349, 9358, 4, 0, 11656, 11659, 2301, 2297, 575.25, 1
2350, 9360, 5, 0, 11660, 11664, 2304, 2299, 460.80, 1
2351, 9364, 5, 0, 11665, 11669, 2305, 2300, 461.00, 1
2352, 9366, 1, 0, 11670, 11670, 2304, 2303, 2304.00, 1
2353, 9367, 6, 0, 11671, 11676, 2309, 2303, 384.83, 1
2354, 9373, 4, 0, 11677, 11680, 2307, 2303, 576.75, 1
2355, 9375, 8, 0, 11681, 11688, 2313, 2305, 289.12, 1
2356, 9380, 5, 0, 11689, 11693, 2313, 2308, 462.60, 1
2357, 9384, 12, 0, 11694, 11705, 2321, 2309, 193.42, 1
2358, 9385, 3, 0, 11706, 11708, 2323, 2320, 774.33, 1
2359, 9386, 5, 0, 11709, 11713, 2327, 2322, 465.40, 1
2360, 9396, 7, 0, 11714, 11720, 2324, 2317, 332.00, 1
2361, 9401, 3, 0, 11721, 11723, 2322, 2319, 774.00, 1
2362, 9406, 5, 0, 11724, 11728, 2322, 2317, 464.40, 1
2363, 9411, 9, 0, 11729, 11737, 2326, 2317, 258.44, 1
2364, 9414, 2, 0, 11738, 11739, 2325, 2323, 1162.50, 1
2365, 9425, 3, 0, 11740, 11742, 2317, 2314, 772.33, 1
2366, 9427, 1, 0, 11743, 11743, 2316, 2315, 2316.00, 1
2367, 9428, 1, 0, 11744, 11744, 2316, 2315, 2316.00, 1
2368, 9436, 11, 0, 11745, 11755, 2319, 2308, 210.82, 1
2369, 9441, 5, 0, 11756, 11760, 2319, 2314, 463.80, 1
2370, 9443, 11, 0, 11761, 11771, 2328, 2317, 211.64, 1
2371, 9445, 6, 0, 11772, 11777, 2332, 2326, 388.67, 1
2372, 9449, 1, 0, 11778, 11778, 2329, 2328, 2329.00, 1
2373, 9458, 10, 0, 11779, 11788, 2330, 2320, 233.00, 1
2374, 9464, 4, 0, 11789, 11792, 2328, 2324, 582.00, 1
2375, 9477, 6, 0, 11793, 11798, 2321, 2315, 386.83, 1
2376, 9481, 5, 0, 11799, 11803, 2322, 2317, 464.40, 1
2377, 9482, 3, 0, 11804, 11806, 2324, 2321, 774.67, 1
2378, 9486, 7, 0, 11807, 11813, 2327, 2320, 332.43, 1
2379, 9493, 1, 0, 11814, 11814, 2321, 2320, 2321.00, 1
2380, 9500, 6, 0, 11815, 11820, 2320, 2314, 386.67, 1
2381, 9504, 5, 0, 11821, 11825, 2321, 2316, 464.20, 1
2382, 9505, 3, 0, 11826, 11828, 2323, 2320, 774.33, 1
2383, 9511, 1, 0, 11829, 11829, 2318, 2317, 2318.00, 1
2384, 9516, 4, 0, 11830, 11833, 2317, 2313, 579.25, 1
2385, 9519, 4, 0, 11834, 11837, 2318, 2314, 579.50, 1
2386, 9520, 4, 0, 11838, 11841, 2321, 2317, 580.25, 1
2387, 9523, 11, 0, 11842, 11852, 2329, 2318, 211.73, 1
2388, 9526, 15, 0, 11853, 11867, 2341, 2326, 156.07, 1
2389, 9527, 2, 0, 11868, 11869, 2342, 2340, 1171.00, 1
2390, 9528, 6, 0, 11870, 11875, 2347, 2341, 391.17, 1
2391, 9531, 2, 0, 11876, 11877, 2346, 2344, 1173.00, 1
2392, 9539, 1, 0, 11878, 11878, 2339, 2338, 2339.00, 1
2393, 9540, 13, 0, 11879, 11891, 2351, 2338, 180.85, 1
2394, 9542, 1, 0, 11892, 11892, 2350, 2349, 2350.00, 1
2395, 9546, 1, 0, 11893, 11893, 2347, 2346, 2347.00, 1
2396, 9547, 2, 0, 11894, 11895, 2348, 2346, 1174.00, 1
2397, 9555, 1, 0, 11896, 11896, 2341, 2340, 2341.00, 1
2398, 9556, 1, 0, 11897, 11897, 2341, 2340, 2341.00, 1
2399, 9562, 1, 0, 11898, 11898, 2336, 2335, 2336.00, 1
2400, 9567, 5, 0, 11899, 11903, 2336, 2331, 467.20, 1
2401, 9568, 2, 0, 11904, 11905, 2337, 2335, 1168.50, 1
2402, 9571, 4, 0, 11906, 11909, 2338, 2334, 584.50, 1
2403, 9573, 2, 0, 11910, 11911, 2338, 2336, 1169.00, 1
2404, 9577, 1, 0, 11912, 11912, 2335, 2334, 2335.00, 1
2405, 9583, 3, 0, 11913, 11915, 2332, 2329, 777.33, 1
2406, 9585, 2, 0, 11916, 11917, 2332, 2330, 1166.00, 1
2407, 9588, 2, 0, 11918, 11919, 2331, 2329, 1165.50, 1
2408, 9589, 3, 0, 11920, 11922, 2333, 2330, 777.67, 1
2409, 9595, 2, 0, 11923, 11924, 2329, 2327, 1164.50, 1
2410, 9599, 10, 0, 11925, 11934, 2335, 2325, 233.50, 1
2411, 9601, 14, 0, 11935, 11948, 2347, 2333, 167.64, 1
2412, 9603, 10, 0, 11949, 11958, 2355, 2345, 235.50, 1
2413, 9609, 8, 0, 11959, 11966, 2357, 2349, 294.62, 1
2414, 9611, 5, 0, 11967, 11971, 2360, 2355, 472.00, 1
2415, 9614, 1, 0, 11972, 11972, 2358, 2357, 2358.00, 1
2416, 9615, 14, 0, 11973, 11986, 2371, 2357, 169.36, 1
2417, 9630, 2, 0, 11987, 11988, 2358, 2356, 1179.00, 1
2418, 9633, 2, 0, 11989, 11990, 2357, 2355, 1178.50, 1
2419, 9639, 9, 0, 11991, 11999, 2360, 2351, 262.22, 1
2420, 9640, 24, 0, 12000, 12023, 2383, 2359, 99.29, 1
2421, 9644, 12, 0, 12024, 12035, 2391, 2379, 199.25, 1
2422, 9650, 2, 0, 12036, 12037, 2387, 2385, 1193.50, 1
2423, 9659, 4, 0, 12038, 12041, 2382, 2378, 595.50, 1
2424, 9660, 5, 0, 12042, 12046, 2386, 2381, 477.20, 1
2425, 9661, 2, 0, 12047, 12048, 2387, 2385, 1193.50, 1
2426, 9663, 6, 0, 12049, 12054, 2391, 2385, 398.50, 1
2427, 9668, 5, 0, 12055, 12059, 2391, 2386, 478.20, 1
2428, 9675, 5, 0, 12060, 12064, 2389, 2384, 477.80, 1
2429, 9677, 8, 0, 12065, 12072, 2395, 2387, 299.38, 1
2430, 9678, 1, 0, 12073, 12073, 2395, 2394, 2395.00, 1
2431, 9681, 4, 0, 12074, 12077, 2396, 2392, 599.00, 1
2432, 9687, 25, 0, 12078, 12102, 2415, 2390, 96.60, 1
2433, 9688, 3, 0, 12103, 12105, 2417, 2414, 805.67, 1
2434, 9689, 1, 0, 12106, 12106, 2417, 2416, 2417.00, 1
2435, 9695, 14, 0, 12107, 12120, 2425, 2411, 173.21, 1
2436, 9700, 1, 0, 12121, 12121, 2421, 2420, 2421.00, 1
2437, 9702, 3, 0, 12122, 12124, 2422, 2419, 807.33, 1
2438, 9704, 6, 0, 12125, 12130, 2426, 2420, 404.33, 1
2439, 9712, 3, 0, 12131, 12133, 2421, 2418, 807.00, 1
2440, 9717, 1, 0, 12134, 12134, 2417, 2416, 2417.00, 1
2441, 9725, 5, 0, 12135, 12139, 2414, 2409, 482.80, 1
2442, 9731, 7, 0, 12140, 12146, 2415, 2408, 345.00, 1
2443, 9735, 11, 0, 12147, 12157, 2422, 2411, 220.18, 1
2444, 9745, 2, 0, 12158, 12159, 2414, 2412, 1207.00, 1
2445, 9748, 17, 0, 12160, 12176, 2428, 2411, 142.82, 1
2446, 9754, 1, 0, 12177, 12177, 2423, 2422, 2423.00, 1
2447, 9755, 5, 0, 12178, 12182, 2427, 2422, 485.40, 1
2448, 9757, 11, 0, 12183, 12193, 2436, 2425, 221.45, 1
2449, 9758, 10, 0, 12194, 12203, 2445, 2435, 244.50, 1
2450, 9759, 5, 0, 12204, 12208, 2449, 2444, 489.80, 1
2451, 9760, 1, 0, 12209, 12209, 2449, 2448, 2449.00, 1
2452, 9762, 5, 0, 12210, 12214, 2452, 2447, 490.40, 1
2453, 9773, 15, 0, 12215, 12229, 2456, 2441, 163.73, 1
2454, 9792, 7, 0, 12230, 12236, 2444, 2437, 349.14, 1
2455, 9796, 1, 0, 12237, 12237, 2441, 2440, 2441.00, 1
2456, 9805, 1, 0, 12238, 12238, 2433, 2432, 2433.00, 1
2457, 9809, 3, 0, 12239, 12241, 2432, 2429, 810.67, 1
2458, 9810, 6, 0, 12242, 12247, 2437, 2431, 406.17, 1
2459, 9818, 3, 0, 12248, 12250, 2432, 2429, 810.67, 1
2460, 9822, 19, 0, 12251, 12269, 2447, 2428, 128.79, 1
2461, 9830, 2, 0, 12270, 12271, 2441, 2439, 1220.50, 1
2462, 9849, 2, 0, 12272, 12273, 2424, 2422, 1212.00, 1
2463, 9850, 1, 0, 12274, 12274, 2424, 2423, 2424.00, 1
2464, 9857, 3, 0, 12275, 12277, 2420, 2417, 806.67, 1
2465, 9860, 4, 0, 12278, 12281, 2421, 2417, 605.25, 1
2466, 9864, 14, 0, 12282, 12295, 2431, 2417, 173.64, 1
2467, 9865, 1, 0, 12296, 12296, 2431, 2430, 2431.00, 1
2468, 9877, 1, 0, 12297, 12297, 2420, 2419, 2420.00, 1
2469, 9899, 5, 0, 12298, 12302, 2403, 2398, 480.60, 1
2470, 9904, 2, 0, 12303, 12304, 2400, 2398, 1200.00, 1
2471, 9909, 14, 0, 12305, 12318, 2409, 2395, 172.07, 1
2472, 9915, 2, 0, 12319, 12320, 2405, 2403, 1202.50, 1
2473, 9917, 12, 0, 12321, 12332, 2415, 2403, 201.25, 1
2474, 9919, 1, 0, 12333, 12333, 2414, 2413, 2414.00, 1
2475, 9934, 2, 0, 12334, 12335, 2401, 2399, 1200.50, 1
2476, 9936, 2, 0, 12336, 12337, 2401, 2399, 1200.50, 1
2477, 9937, 4, 0, 12338, 12341, 2404, 2400, 601.00, 1
2478, 9940, 7, 0, 12342, 12348, 2408, 2401, 344.00, 1
2479, 9941, 6, 0, 12349, 12354, 2413, 2407, 402.17, 1
2480, 9945, 1, 0, 12355, 12355, 2410, 2409, 2410.00, 1
2481, 9946, 4, 0, 12356, 12359, 2413, 2409, 603.25, 1
2482, 9951, 1, 0, 12360, 12360, 2409, 2408, 2409.00, 1
2483, 9964, 10, 0, 12361, 12370, 2406, 2396, 240.60, 1
2484, 9965, 11, 0, 12371, 12381, 2416, 2405, 219.64, 1
2485, 9967, 3, 0, 12382, 12384, 2417, 2414, 805.67, 1
2486, 9969, 4, 0, 12385, 12388, 2419, 2415, 604.75, 1
2487, 9977, 13, 0, 12389, 12401, 2424, 2411, 186.46, 1
2488, 9983, 14, 0, 12402, 12415, 2432, 2418, 173.71, 1
2489, 9988, 11, 0, 12416, 12426, 2438, 2427, 221.64, 1
2490, 9989, 9, 0, 12427, 12435, 2446, 2437, 271.78, 1
2491, 9991, 16, 0, 12436, 12451, 2460, 2444, 153.75, 1
2492, 9994, 6, 0, 12452, 12457, 2463, 2457, 410.50, 1
2493, 9998, 14, 0, 12458, 12471, 2473, 2459, 176.64, 1
2494, 10003, 1, 0, 12472, 12472, 2469, 2468, 2469.00, 1
2495, 10009, 4, 0, 12473, 12476, 2467, 2463, 616.75, 1
2496, 10012, 1, 0, 12477, 12477, 2465, 2464, 2465.00, 1
2497, 10017, 1, 0, 12478, 12478, 2461, 2460, 2461.00, 1
2498, 10018, 5, 0, 12479, 12483, 2465, 2460, 493.00, 1
2499, 10027, 1, 0, 12484, 12484, 2457, 2456, 2457.00, 1
2500, 10029, 7, 0, 12485, 12491, 2462, 2455, 351.71, 1
2501, 10034, 6, 0, 12492, 12497, 2463, 2457, 410.50, 1
2502, 10039, 5, 0, 12498, 12502, 2463, 2458, 492.60, 1
2503, 10042, 23, 0, 12503, 12525, 2483, 2460, 107.96, 1
2504, 10043, 6, 0, 12526, 12531, 2488, 2482, 414.67, 1
2505, 10049, 9, 0, 12532, 12540, 2491, 2482, 276.78, 1
2506, 10059, 2, 0, 12541, 12542, 2483, 2481, 1241.50, 1
2507, 10061, 11, 0, 12543, 12553, 2492, 2481, 226.55, 1
2508, 10095, 3, 0, 12554, 12556, 2461, 2458, 820.33, 1
2509, 10109, 12, 0, 12557, 12568, 2459, 2447, 204.92, 1
2510, 10111, 7, 0, 12569, 12575, 2464, 2457, 352.00, 1
2511, 10114, 1, 0, 12576, 12576, 2462, 2461, 2462.00, 1
2512, 10120, 5, 0, 12577, 12581, 2461, 2456, 492.20, 1
2513, 10127, 4, 0, 12582, 12585, 2458, 2454, 614.50, 1
2514, 10138, 5, 0, 12586, 12590, 2452, 2447, 490.40, 1
2515, 10143, 3, 0, 12591, 12593, 2450, 2447, 816.67, 1
2516, 10144, 11, 0, 12594, 12604, 2460, 2449, 223.64, 1
2517, 10145, 16, 0, 12605, 12620, 2475, 2459, 154.69, 1
2518, 10147, 6, 0, 12621, 12626, 2479, 2473, 413.17, 1
2519, 10150, 2, 0, 12627, 12628, 2478, 2476, 1239.00, 1
2520, 10153, 1, 0, 12629, 12629, 2476, 2475, 2476.00, 1
2521, 10154, 11, 0, 12630, 12640, 2486, 2475, 226.00, 1
2522, 10159, 2, 0, 12641, 12642, 2483, 2481, 1241.50, 1
2523, 10165, 4, 0, 12643, 12646, 2481, 2477, 620.25, 1
2524, 10173, 13, 0, 12647, 12659, 2486, 2473, 191.23, 1
2525, 10175, 1, 0, 12660, 12660, 2485, 2484, 2485.00, 1
2526, 10180, 1, 0, 12661, 12661, 2481, 2480, 2481.00, 1
2527, 10190, 3, 0, 12662, 12664, 2474, 2471, 824.67, 1
2528, 10192, 5, 0, 12665, 12669, 2477, 2472, 495.40, 1
2529, 10193, 1, 0, 12670, 12670, 2477, 2476, 2477.00, 1
2530, 10204, 4, 0, 12671, 12674, 2470, 2466, 617.50, 1
2531, 10210, 2, 0, 12675, 12676, 2466, 2464, 1233.00, 1
2532, 10216, 4, 0, 12677, 12680, 2464, 2460, 616.00, 1
2533, 10226, 6, 0, 12681, 12686, 2460, 2454, 410.00, 1
2534, 10236, 1, 0, 12687, 12687, 2451, 2450, 2451.00, 1
2535, 10237, 9, 0, 12688, 12696, 2459, 2450, 273.22, 1
2536, 10242, 2, 0, 12697, 12698, 2456, 2454, 1228.00, 1
2537, 10247, 2, 0, 12699, 12700, 2453, 2451, 1226.50, 1
2538, 10264, 1, 0, 12701, 12701, 2437, 2436, 2437.00, 1
2539, 10269, 13, 0, 12702, 12714, 2445, 2432, 188.08, 1
2540, 10270, 9, 0, 12715, 12723, 2453, 2444, 272.56, 1
2541, 10271, 5, 0, 12724, 12728, 2457, 2452, 491.40, 1
2542, 10275, 2, 0, 12729, 12730, 2455, 2453, 1227.50, 1
2543, 10278, 6, 0, 12731, 12736, 2458, 2452, 409.67, 1
2544, 10286, 4, 0, 12737, 12740, 2454, 2450, 613.50, 1
2545, 10297, 7, 0, 12741, 12747, 2450, 2443, 350.00, 1
2546, 10316, 5, 0, 12748, 12752, 2436, 2431, 487.20, 1
2547, 10318, 2, 0, 12753, 12754, 2436, 2434, 1218.00, 1
2548, 10319, 1, 0, 12755, 12755, 2436, 2435, 2436.00, 1
2549, 10320, 3, 0, 12756, 12758, 2438, 2435, 812.67, 1
2550, 10327, 4, 0, 12759, 12762, 2435, 2431, 608.75, 1
2551, 10328, 1, 0, 12763, 12763, 2435, 2434, 2435.00, 1
2552, 10345, 5, 0, 12764, 12768, 2423, 2418, 484.60, 1
2553, 10346, 14, 0, 12769, 12782, 2436, 2422, 174.00, 1
2554, 10349, 9, 0, 12783, 12791, 2442, 2433, 271.33, 1
2555, 10352, 6, 0, 12792, 12797, 2445, 2439, 407.50, 1
2556, 10353, 3, 0, 12798, 12800, 2447, 2444, 815.67, 1
2557, 10360, 5, 0, 12801, 12805, 2445, 2440, 489.00, 1
2558, 10362, 11, 0, 12806, 12816, 2454, 2443, 223.09, 1
2559, 10363, 12, 0, 12817, 12828, 2465, 2453, 205.42, 1
2560, 10372, 15, 0, 12829, 12843, 2471, 2456, 164.73, 1
2561, 10373, 11, 0, 12844, 12854, 2481, 2470, 225.55, 1
2562, 10381, 7, 0, 12855, 12861, 2480, 2473, 354.29, 1
2563, 10385, 4, 0, 12862, 12865, 2480, 2476, 620.00, 1
2564, 10386, 5, 0, 12866, 12870, 2484, 2479, 496.80, 1
2565, 10387, 6, 0, 12871, 12876, 2489, 2483, 414.83, 1
2566, 10392, 6, 0, 12877, 12882, 2490, 2484, 415.00, 1
2567, 10396, 1, 0, 12883, 12883, 2487, 2486, 2487.00, 1
2568, 10398, 3, 0, 12884, 12886, 2488, 2485, 829.33, 1
2569, 10416, 1, 0, 12887, 12887, 2471, 2470, 2471.00, 1
2570, 10420, 17, 0, 12888, 12904, 2484, 2467, 146.12, 1
2571, 10421, 15, 0, 12905, 12919, 2498, 2483, 166.53, 1
2572, 10428, 6, 0, 12920, 12925, 2497, 2491, 416.17, 1
2573, 10431, 14, 0, 12926, 12939, 2508, 2494, 179.14, 1
2574, 10434, 5, 0, 12940, 12944, 2510, 2505, 502.00, 1
2575, 10435, 3, 0, 12945, 12947, 2512, 2509, 837.33, 1
2576, 10437, 2, 0, 12948, 12949, 2512, 2510, 1256.00, 1
2577, 10442, 2, 0, 12950, 12951, 2509, 2507, 1254.50, 1
2578, 10449, 4, 0, 12952, 12955, 2506, 2502, 626.50, 1
2579, 10453, 8, 0, 12956, 12963, 2510, 2502, 313.75, 1
2580, 10459, 10, 0, 12964, 12973, 2514, 2504, 251.40, 1
2581, 10462, 6, 0, 12974, 12979, 2517, 2511, 419.50, 1
2582, 10463, 5, 0, 12980, 12984, 2521, 2516, 504.20, 1
2583, 10465, 1, 0, 12985, 12985, 2520, 2519, 2520.00, 1
2584, 10468, 1, 0, 12986, 12986, 2518, 2517, 2518.00, 1
2585, 10470, 2, 0, 12987, 12988, 2518, 2516, 1259.00, 1
2586, 10471, 1, 0, 12989, 12989, 2518, 2517, 2518.00, 1
2587, 10474, 5, 0, 12990, 12994, 2520, 2515, 504.00, 1
2588, 10476, 1, 0, 12995, 12995, 2519, 2518, 2519.00, 1
2589, 10487, 5, 0, 12996, 13000, 2513, 2508, 502.60, 1
2590, 10490, 3, 0, 13001, 13003, 2513, 2510, 837.67, 1
2591, 10491, 2, 0, 13004, 13005, 2514, 2512, 1257.00, 1
2592, 10492, 1, 0, 13006, 13006, 2514, 2513, 2514.00, 1
2593, 10493, 8, 0, 13007, 13014, 2521, 2513, 315.12, 1
2594, 10499, 1, 0, 13015, 13015, 2516, 2515, 2516.00, 1
2595, 10504, 11, 0, 13016, 13026, 2522, 2511, 229.27, 1
2596, 10508, 3, 0, 13027, 13029, 2521, 2518, 840.33, 1
2597, 10513, 4, 0, 13030, 13033, 2520, 2516, 630.00, 1
2598, 10518, 5, 0, 13034, 13038, 2520, 2515, 504.00, 1
2599, 10523, 1, 0, 13039, 13039, 2516, 2515, 2516.00, 1
2600, 10528, 2, 0, 13040, 13041, 2513, 2511, 1256.50, 1
2601, 10530, 2, 0, 13042, 13043, 2513, 2511, 1256.50, 1
2602, 10532, 2, 0, 13044, 13045, 2513, 2511, 1256.50, 1
2603, 10534, 3, 0, 13046, 13048, 2514, 2511, 838.00, 1
2604, 10536, 1, 0, 13049, 13049, 2513, 2512, 2513.00, 1
2605, 10541, 4, 0, 13050, 13053, 2512, 2508, 628.00, 1
2606, 10543, 2, 0, 13054, 13055, 2512, 2510, 1256.00, 1
2607, 10544, 3, 0, 13056, 13058, 2514, 2511, 838.00, 1
2608, 10546, 10, 0, 13059, 13068, 2522, 2512, 252.20, 1
2609, 10560, 10, 0, 13069, 13078, 2518, 2508, 251.80, 1
2610, 10562, 5, 0, 13079, 13083, 2521, 2516, 504.20, 1
2611, 10564, 1, 0, 13084, 13084, 2520, 2519, 2520.00, 1
2612, 10580, 2, 0, 13085, 13086, 2506, 2504, 1253.00, 1
2613, 10583, 18, 0, 13087, 13104, 2521, 2503, 140.06, 1
2614, 10585, 4, 0, 13105, 13108, 2523, 2519, 630.75, 1
2615, 10588, 1, 0, 13109, 13109, 2521, 2520, 2521.00, 1
2616, 10592, 1, 0, 13110, 13110, 2518, 2517, 2518.00, 1
2617, 10593, 18, 0, 13111, 13128, 2535, 2517, 140.83, 1
2618, 10602, 11, 0, 13129, 13139, 2537, 2526, 230.64, 1
2619, 10610, 6, 0, 13140, 13145, 2535, 2529, 422.50, 1
2620, 10611, 1, 0, 13146, 13146, 2535, 2534, 2535.00, 1
2621, 10621, 6, 0, 13147, 13152, 2531, 2525, 421.83, 1
2622, 10628, 1, 0, 13153, 13153, 2525, 2524, 2525.00, 1
2623, 10629, 6, 0, 13154, 13159, 2530, 2524, 421.67, 1
2624, 10635, 3, 0, 13160, 13162, 2527, 2524, 842.33, 1
2625, 10644, 9, 0, 13163, 13171, 2527, 2518, 280.78, 1
2626, 10646, 10, 0, 13172, 13181, 2535, 2525, 253.50, 1
2627, 10655, 4, 0, 13182, 13185, 2530, 2526, 632.50, 1
2628, 10664, 1, 0, 13186, 13186, 2522, 2521, 2522.00, 1
2629, 10666, 6, 0, 13187, 13192, 2526, 2520, 421.00, 1
2630, 10668, 22, 0, 13193, 13214, 2546, 2524, 115.73, 1
2631, 10669, 3, 0, 13215, 13217, 2548, 2545, 849.33, 1
2632, 10670, 31, 0, 13218, 13248, 2578, 2547, 83.16, 1
2633, 10672, 1, 0, 13249, 13249, 2577, 2576, 2577.00, 1
2634, 10676, 3, 0, 13250, 13252, 2576, 2573, 858.67, 1
2635, 10678, 3, 0, 13253, 13255, 2577, 2574, 859.00, 1
2636, 10682, 1, 0, 13256, 13256, 2574, 2573, 2574.00, 1
2637, 10692, 3, 0, 13257, 13259, 2567, 2564, 855.67, 1
2638, 10699, 1, 0, 13260, 13260, 2561, 2560, 2561.00, 1
2639, 10705, 2, 0, 13261, 13262, 2557, 2555, 1278.50, 1
2640, 10713, 3, 0, 13263, 13265, 2552, 2549, 850.67, 1
2641, 10716, 8, 0, 13266, 13273, 2557, 2549, 319.62, 1
2642, 10717, 12, 0, 13274, 13285, 2568, 2556, 214.00, 1
2643, 10724, 11, 0, 13286, 13296, 2572, 2561, 233.82, 1
2644, 10728, 4, 0, 13297, 13300, 2572, 2568, 643.00, 1
2645, 10731, 5, 0, 13301, 13305, 2574, 2569, 514.80, 1
2646, 10735, 10, 0, 13306, 13315, 2580, 2570, 258.00, 1
2647, 10737, 1, 0, 13316, 13316, 2579, 2578, 2579.00, 1
2648, 10739, 3, 0, 13317, 13319, 2580, 2577, 860.00, 1
2649, 10745, 1, 0, 13320, 13320, 2575, 2574, 2575.00, 1
2650, 10748, 3, 0, 13321, 13323, 2575, 2572, 858.33, 1
2651, 10754, 2, 0, 13324, 13325, 2571, 2569, 1285.50, 1
2652, 10758, 6, 0, 13326, 13331, 2573, 2567, 428.83, 1
2653, 10766, 14, 0, 13332, 13345, 2579, 2565, 184.21, 1
2654, 10770, 3, 0, 13346, 13348, 2578, 2575, 859.33, 1
2655, 10774, 14, 0, 13349, 13362, 2588, 2574, 184.86, 1
2656, 10789, 7, 0, 13363, 13369, 2580, 2573, 368.57, 1
2657, 10791, 7, 0, 13370, 13376, 2585, 2578, 369.29, 1
2658, 10796, 6, 0, 13377, 13382, 2586, 2580, 431.00, 1
2659, 10797, 3, 0, 13383, 13385, 2588, 2585, 862.67, 1
2660, 10807, 1, 0, 13386, 13386, 2579, 2578, 2579.00, 1
2661, 10808, 1, 0, 13387, 13387, 2579, 2578, 2579.00, 1
2662, 10810, 1, 0, 13388, 13388, 2578, 2577, 2578.00, 1
2663, 10813, 14, 0, 13389, 13402, 2589, 2575, 184.93, 1
2664, 10816, 4, 0, 13403, 13406, 2590, 2586, 647.50, 1
2665, 10817, 3, 0, 13407, 13409, 2592, 2589, 864.00, 1
2666, 10831, 16, 0, 13410, 13425, 2594, 2578, 162.12, 1
2667, 10832, 10, 0, 13426, 13435, 2603, 2593, 260.30, 1
2668, 10842, 3, 0, 13436, 13438, 2596, 2593, 865.33, 1
2669, 10843, 2, 0, 13439, 13440, 2597, 2595, 1298.50, 1
2670, 10844, 4, 0, 13441, 13444, 2600, 2596, 650.00, 1
2671, 10850, 1, 0, 13445, 13445, 2595, 2594, 2595.00, 1
2672, 10851, 2, 0, 13446, 13447, 2596, 2594, 1298.00, 1
2673, 10854, 7, 0, 13448, 13454, 2600, 2593, 371.43, 1
2674, 10855, 1, 0, 13455, 13455, 2600, 2599, 2600.00, 1
2675, 10856, 8, 0, 13456, 13463, 2607, 2599, 325.88, 1
2676, 10857, 2, 0, 13464, 13465, 2608, 2606, 1304.00, 1
2677, 10858, 3, 0, 13466, 13468, 2610, 2607, 870.00, 1
2678, 10867, 8, 0, 13469, 13476, 2609, 2601, 326.12, 1
2679, 10869, 1, 0, 13477, 13477, 2608, 2607, 2608.00, 1
2680, 10883, 2, 0, 13478, 13479, 2596, 2594, 1298.00, 1
2681, 10885, 1, 0, 13480, 13480, 2595, 2594, 2595.00, 1
2682, 10887, 2, 0, 13481, 13482, 2595, 2593, 1297.50, 1
2683, 10888, 7, 0, 13483, 13489, 2601, 2594, 371.57, 1
2684, 10890, 1, 0, 13490, 13490, 2600, 2599, 2600.00, 1
2685, 10894, 5, 0, 13491, 13495, 2601, 2596, 520.20, 1
2686, 10897, 1, 0, 13496, 13496, 2599, 2598, 2599.00, 1
2687, 10898, 2, 0, 13497, 13498, 2600, 2598, 1300.00, 1
2688, 10902, 4, 0, 13499, 13502, 2600, 2596, 650.00, 1
2689, 10904, 7, 0, 13503, 13509, 2605, 2598, 372.14, 1
2690, 10905, 1, 0, 13510, 13510, 2605, 2604, 2605.00, 1
2691, 10907, 7, 0, 13511, 13517, 2610, 2603, 372.86, 1
2692, 10914, 2, 0, 13518, 13519, 2605, 2603, 1302.50, 1
2693, 10926, 4, 0, 13520, 13523, 2597, 2593, 649.25, 1
2694, 10928, 2, 0, 13524, 13525, 2597, 2595, 1298.50, 1
2695, 10930, 2, 0, 13526, 13527, 2597, 2595, 1298.50, 1
2696, 10936, 5, 0, 13528, 13532, 2596, 2591, 519.20, 1
2697, 10943, 8, 0, 13533, 13540, 2597, 2589, 324.62, 1
2698, 10947, 1, 0, 13541, 13541, 2594, 2593, 2594.00, 1
2699, 10951, 9, 0, 13542, 13550, 2599, 2590, 288.78, 1
2700, 10952, 7, 0, 13551, 13557, 2605, 2598, 372.14, 1
2701, 10955, 2, 0, 13558, 13559, 2604, 2602, 1302.00, 1
2702, 10960, 8, 0, 13560, 13567, 2607, 2599, 325.88, 1
2703, 10964, 9, 0, 13568, 13576, 2612, 2603, 290.22, 1
2704, 10970, 8, 0, 13577, 13584, 2614, 2606, 326.75, 1
2705, 10972, 4, 0, 13585, 13588, 2616, 2612, 654.00, 1
2706, 10974, 2, 0, 13589, 13590, 2616, 2614, 1308.00, 1
2707, 10975, 1, 0, 13591, 13591, 2616, 2615, 2616.00, 1
2708, 10983, 2, 0, 13592, 13593, 2610, 2608, 1305.00, 1
2709, 10987, 1, 0, 13594, 13594, 2607, 2606, 2607.00, 1
2710, 10989, 4, 0, 13595, 13598, 2609, 2605, 652.25, 1
2711, 10991, 1, 0, 13599, 13599, 2608, 2607, 2608.00, 1
2712, 11001, 2, 0, 13600, 13601, 2600, 2598, 1300.00, 1
2713, 11017, 4, 0, 13602, 13605, 2588, 2584, 647.00, 1
2714, 11020, 3, 0, 13606, 13608, 2588, 2585, 862.67, 1
2715, 11028, 4, 0, 13609, 13612, 2584, 2580, 646.00, 1
2716, 11029, 6, 0, 13613, 13618, 2589, 2583, 431.50, 1
2717, 11034, 12, 0, 13619, 13630, 2596, 2584, 216.33, 1
2718, 11037, 4, 0, 13631, 13634, 2597, 2593, 649.25, 1
2719, 11038, 2, 0, 13635, 13636, 2598, 2596, 1299.00, 1
2720, 11040, 6, 0, 13637, 13642, 2602, 2596, 433.67, 1
2721, 11041, 1, 0, 13643, 13643, 2602, 2601, 2602.00, 1
2722, 11047, 2, 0, 13644, 13645, 2598, 2596, 1299.00, 1
2723, 11050, 6, 0, 13646, 13651, 2601, 2595, 433.50, 1
2724, 11052, 3, 0, 13652, 13654, 2602, 2599, 867.33, 1
2725, 11064, 5, 0, 13655, 13659, 2595, 2590, 519.00, 1
2726, 11069, 2, 0, 13660, 13661, 2592, 2590, 1296.00, 1
2727, 11078, 4, 0, 13662, 13665, 2587, 2583, 646.75, 1
2728, 11083, 1, 0, 13666, 13666, 2583, 2582, 2583.00, 1
2729, 11086, 5, 0, 13667, 13671, 2585, 2580, 517.00, 1
2730, 11092, 2, 0, 13672, 13673, 2581, 2579, 1290.50, 1
2731, 11093, 1, 0, 13674, 13674, 2581, 2580, 2581.00, 1
2732, 11094, 1, 0, 13675, 13675, 2581, 2580, 2581.00, 1
2733, 11098, 2, 0, 13676, 13677, 2579, 2577, 1289.50, 1
2734, 11102, 1, 0, 13678, 13678, 2576, 2575, 2576.00, 1
2735, 11106, 1, 0, 13679, 13679, 2573, 2572, 2573.00, 1
2736, 11111, 1, 0, 13680, 13680, 2569, 2568, 2569.00, 1
2737, 11115, 1, 0, 13681, 13681, 2566, 2565, 2566.00, 1
2738, 11116, 3, 0, 13682, 13684, 2568, 2565, 856.00, 1
2739, 11117, 1, 0, 13685, 13685, 2568, 2567, 2568.00, 1
2740, 11121, 4, 0, 13686, 13689, 2568, 2564, 642.00, 1
2741, 11127, 6, 0, 13690, 13695, 2568, 2562, 428.00, 1
2742, 11128, 6, 0, 13696, 13701, 2573, 2567, 428.83, 1
2743, 11130, 3, 0, 13702, 13704, 2574, 2571, 858.00, 1
2744, 11135, 6, 0, 13705, 13710, 2575, 2569, 429.17, 1
2745, 11139, 21, 0, 13711, 13731, 2592, 2571, 123.43, 1
2746, 11143, 4, 0, 13732, 13735, 2592, 2588, 648.00, 1
2747, 11145, 9, 0, 13736, 13744, 2599, 2590, 288.78, 1
2748, 11147, 3, 0, 13745, 13747, 2600, 2597, 866.67, 1
2749, 11148, 8, 0, 13748, 13755, 2607, 2599, 325.88, 1
2750, 11152, 7, 0, 13756, 13762, 2610, 2603, 372.86, 1
2751, 11156, 2, 0, 13763, 13764, 2608, 2606, 1304.00, 1
2752, 11163, 6, 0, 13765, 13770, 2607, 2601, 434.50, 1
2753, 11165, 4, 0, 13771, 13774, 2609, 2605, 652.25, 1
2754, 11171, 5, 0, 13775, 13779, 2608, 2603, 521.60, 1
2755, 11174, 17, 0, 13780, 13796, 2622, 2605, 154.24, 1
2756, 11176, 5, 0, 13797, 13801, 2625, 2620, 525.00, 1
2757, 11177, 6, 0, 13802, 13807, 2630, 2624, 438.33, 1
2758, 11186, 7, 0, 13808, 13814, 2628, 2621, 375.43, 1
2759, 11188, 6, 0, 13815, 13820, 2632, 2626, 438.67, 1
2760, 11191, 1, 0, 13821, 13821, 2630, 2629, 2630.00, 1
2761, 11192, 5, 0, 13822, 13826, 2634, 2629, 526.80, 1
2762, 11194, 1, 0, 13827, 13827, 2633, 2632, 2633.00, 1
2763, 11208, 9, 0, 13828, 13836, 2628, 2619, 292.00, 1
2764, 11210, 1, 0, 13837, 13837, 2627, 2626, 2627.00, 1
2765, 11211, 11, 0, 13838, 13848, 2637, 2626, 239.73, 1
2766, 11214, 4, 0, 13849, 13852, 2638, 2634, 659.50, 1
2767, 11215, 2, 0, 13853, 13854, 2639, 2637, 1319.50, 1
2768, 11220, 19, 0, 13855, 13873, 2653, 2634, 139.63, 1
2769, 11228, 16, 0, 13874, 13889, 2661, 2645, 166.31, 1
2770, 11235, 1, 0, 13890, 13890, 2655, 2654, 2655.00, 1
2771, 11240, 11, 0, 13891, 13901, 2661, 2650, 241.91, 1
2772, 11250, 7, 0, 13902, 13908, 2658, 2651, 379.71, 1
2773, 11252, 11, 0, 13909, 13919, 2667, 2656, 242.45, 1
2774, 11262, 2, 0, 13920, 13921, 2659, 2657, 1329.50, 1
2775, 11264, 1, 0, 13922, 13922, 2658, 2657, 2658.00, 1
2776, 11268, 12, 0, 13923, 13934, 2666, 2654, 222.17, 1
2777, 11271, 4, 0, 13935, 13938, 2667, 2663, 666.75, 1
2778, 11273, 2, 0, 13939, 13940, 2667, 2665, 1333.50, 1
2779, 11282, 4, 0, 13941, 13944, 2662, 2658, 665.50, 1
2780, 11285, 8, 0, 13945, 13952, 2667, 2659, 333.38, 1
2781, 11288, 4, 0, 13953, 13956, 2668, 2664, 667.00, 1
2782, 11298, 13, 0, 13957, 13969, 2671, 2658, 205.46, 1
2783, 11306, 2, 0, 13970, 13971, 2665, 2663, 1332.50, 1
2784, 11307, 11, 0, 13972, 13982, 2675, 2664, 243.18, 1
2785, 11310, 5, 0, 13983, 13987, 2677, 2672, 535.40, 1
2786, 11312, 1, 0, 13988, 13988, 2676, 2675, 2676.00, 1
2787, 11315, 7, 0, 13989, 13995, 2680, 2673, 382.86, 1
2788, 11316, 3, 0, 13996, 13998, 2682, 2679, 894.00, 1
2789, 11323, 1, 0, 13999, 13999, 2676, 2675, 2676.00, 1
2790, 11334, 6, 0, 14000, 14005, 2671, 2665, 445.17, 1
2791, 11335, 9, 0, 14006, 14014, 2679, 2670, 297.67, 1
2792, 11336, 16, 0, 14015, 14030, 2694, 2678, 168.38, 1
2793, 11339, 12, 0, 14031, 14042, 2703, 2691, 225.25, 1
2794, 11341, 11, 0, 14043, 14053, 2712, 2701, 246.55, 1
2795, 11342, 1, 0, 14054, 14054, 2712, 2711, 2712.00, 1
2796, 11345, 2, 0, 14055, 14056, 2711, 2709, 1355.50, 1
2797, 11351, 6, 0, 14057, 14062, 2711, 2705, 451.83, 1
2798, 11356, 2, 0, 14063, 14064, 2708, 2706, 1354.00, 1
2799, 11359, 4, 0, 14065, 14068, 2709, 2705, 677.25, 1
2800, 11360, 13, 0, 14069, 14081, 2721, 2708, 209.31, 1
2801, 11361, 2, 0, 14082, 14083, 2722, 2720, 1361.00, 1
2802, 11364, 12, 0, 14084, 14095, 2731, 2719, 227.58, 1
2803, 11366, 10, 0, 14096, 14105, 2739, 2729, 273.90, 1
2804, 11368, 9, 0, 14106, 14114, 2746, 2737, 305.11, 1
2805, 11374, 18, 0, 14115, 14132, 2758, 2740, 153.22, 1
2806, 11378, 1, 0, 14133, 14133, 2755, 2754, 2755.00, 1
2807, 11402, 5, 0, 14134, 14138, 2736, 2731, 547.20, 1
2808, 11412, 9, 0, 14139, 14147, 2735, 2726, 303.89, 1
2809, 11418, 4, 0, 14148, 14151, 2733, 2729, 683.25, 1
2810, 11420, 8, 0, 14152, 14159, 2739, 2731, 342.38, 1
2811, 11424, 2, 0, 14160, 14161, 2737, 2735, 1368.50, 1
2812, 11426, 1, 0, 14162, 14162, 2736, 2735, 2736.00, 1
2813, 11427, 1, 0, 14163, 14163, 2736, 2735, 2736.00, 1
2814, 11430, 2, 0, 14164, 14165, 2735, 2733, 1367.50, 1
2815, 11431, 1, 0, 14166, 14166, 2735, 2734, 2735.00, 1
2816, 11435, 1, 0, 14167, 14167, 2732, 2731, 2732.00, 1
2817, 11439, 5, 0, 14168, 14172, 2733, 2728, 546.60, 1
2818, 11440, 3, 0, 14173, 14175, 2735, 2732, 911.67, 1
2819, 11443, 5, 0, 14176, 14180, 2737, 2732, 547.40, 1
2820, 11445, 30, 0, 14181, 14210, 2765, 2735, 92.17, 1
2821, 11451, 2, 0, 14211, 14212, 2761, 2759, 1380.50, 1
2822, 11456, 6, 0, 14213, 14218, 2762, 2756, 460.33, 1
2823, 11459, 1, 0, 14219, 14219, 2760, 2759, 2760.00, 1
2824, 11460, 2, 0, 14220, 14221, 2761, 2759, 1380.50, 1
2825, 11462, 7, 0, 14222, 14228, 2766, 2759, 395.14, 1
2826, 11465, 4, 0, 14229, 14232, 2767, 2763, 691.75, 1
2827, 11468, 6, 0, 14233, 14238, 2770, 2764, 461.67, 1
2828, 11470, 5, 0, 14239, 14243, 2773, 2768, 554.60, 1
2829, 11471, 4, 0, 14244, 14247, 2776, 2772, 694.00, 1
2830, 11478, 5, 0, 14248, 14252, 2774, 2769, 554.80, 1
2831, 11482, 3, 0, 14253, 14255, 2773, 2770, 924.33, 1
2832, 11483, 3, 0, 14256, 14258, 2775, 2772, 925.00, 1
2833, 11486, 18, 0, 14259, 14276, 2790, 2772, 155.00, 1
2834, 11488, 7, 0, 14277, 14283, 2795, 2788, 399.29, 1
2835, 11493, 1, 0, 14284, 14284, 2791, 2790, 2791.00, 1
2836, 11498, 3, 0, 14285, 14287, 2789, 2786, 929.67, 1
2837, 11503, 2, 0, 14288, 14289, 2786, 2784, 1393.00, 1
2838, 11506, 15, 0, 14290, 14304, 2798, 2783, 186.53, 1
2839, 11513, 4, 0, 14305, 14308, 2795, 2791, 698.75, 1
2840, 11514, 1, 0, 14309, 14309, 2795, 2794, 2795.00, 1
2841, 11517, 1, 0, 14310, 14310, 2793, 2792, 2793.00, 1
2842, 11519, 3, 0, 14311, 14313, 2794, 2791, 931.33, 1
2843, 11521, 2, 0, 14314, 14315, 2794, 2792, 1397.00, 1
2844, 11538, 1, 0, 14316, 14316, 2778, 2777, 2778.00, 1
2845, 11542, 2, 0, 14317, 14318, 2776, 2774, 1388.00, 1
2846, 11543, 2, 0, 14319, 14320, 2777, 2775, 1388.50, 1
2847, 11546, 6, 0, 14321, 14326, 2780, 2774, 463.33, 1
2848, 11547, 3, 0, 14327, 14329, 2782, 2779, 927.33, 1
2849, 11548, 3, 0, 14330, 14332, 2784, 2781, 928.00, 1
2850, 11551, 2, 0, 14333, 14334, 2783, 2781, 1391.50, 1
2851, 11552, 3, 0, 14335, 14337, 2785, 2782, 928.33, 1
2852, 11554, 3, 0, 14338, 14340, 2786, 2783, 928.67, 1
2853, 11558, 1, 0, 14341, 14341, 2783, 2782, 2783.00, 1
2854, 11559, 4, 0, 14342, 14345, 2786, 2782, 696.50, 1
2855, 11568, 1, 0, 14346, 14346, 2778, 2777, 2778.00, 1
2856, 11569, 1, 0, 14347, 14347, 2778, 2777, 2778.00, 1
2857, 11572, 14, 0, 14348, 14361, 2789, 2775, 199.21, 1
2858, 11574, 6, 0, 14362, 14367, 2793, 2787, 465.50, 1
2859, 11575, 5, 0, 14368, 14372, 2797, 2792, 559.40, 1
2860, 11578, 5, 0, 14373, 14377, 2799, 2794, 559.80, 1
2861, 11580, 3, 0, 14378, 14380, 2800, 2797, 933.33, 1
2862, 11583, 3, 0, 14381, 14383, 2800, 2797, 933.33, 1
2863, 11586, 6, 0, 14384, 14389, 2803, 2797, 467.17, 1
2864, 11591, 3, 0, 14390, 14392, 2801, 2798, 933.67, 1
2865, 11594, 5, 0, 14393, 14397, 2803, 2798, 560.60, 1
2866, 11595, 3, 0, 14398, 14400, 2805, 2802, 935.00, 1
2867, 11599, 1, 0, 14401, 14401, 2802, 2801, 2802.00, 1
2868, 11600, 4, 0, 14402, 14405, 2805, 2801, 701.25, 1
2869, 11601, 12, 0, 14406, 14417, 2816, 2804, 234.67, 1
2870, 11608, 8, 0, 14418, 14425, 2817, 2809, 352.12, 1
2871, 11613, 5, 0, 14426, 14430, 2817, 2812, 563.40, 1
2872, 11619, 2, 0, 14431, 14432, 2813, 2811, 1406.50, 1
2873, 11631, 6, 0, 14433, 14438, 2807, 2801, 467.83, 1
2874, 11635, 10, 0, 14439, 14448, 2813, 2803, 281.30, 1
2875, 11643, 2, 0, 14449, 14450, 2807, 2805, 1403.50, 1
2876, 11645, 5, 0, 14451, 14455, 2810, 2805, 562.00, 1
2877, 11651, 1, 0, 14456, 14456, 2805, 2804, 2805.00, 1
2878, 11653, 2, 0, 14457, 14458, 2805, 2803, 1402.50, 1
2879, 11654, 8, 0, 14459, 14466, 2812, 2804, 351.50, 1
2880, 11656, 5, 0, 14467, 14471, 2815, 2810, 563.00, 1
2881, 11662, 4, 0, 14472, 14475, 2813, 2809, 703.25, 1
2882, 11666, 9, 0, 14476, 14484, 2818, 2809, 313.11, 1
2883, 11669, 3, 0, 14485, 14487, 2818, 2815, 939.33, 1
2884, 11671, 10, 0, 14488, 14497, 2826, 2816, 282.60, 1
2885, 11672, 8, 0, 14498, 14505, 2833, 2825, 354.12, 1
2886, 11674, 19, 0, 14506, 14524, 2850, 2831, 150.00, 1
2887, 11686, 1, 0, 14525, 14525, 2839, 2838, 2839.00, 1
2888, 11694, 6, 0, 14526, 14531, 2837, 2831, 472.83, 1
2889, 11695, 2, 0, 14532, 14533, 2838, 2836, 1419.00, 1
2890, 11697, 14, 0, 14534, 14547, 2850, 2836, 203.57, 1
2891, 11699, 4, 0, 14548, 14551, 2852, 2848, 713.00, 1
2892, 11702, 4, 0, 14552, 14555, 2853, 2849, 713.25, 1
2893, 11709, 4, 0, 14556, 14559, 2850, 2846, 712.50, 1
2894, 11723, 7, 0, 14560, 14566, 2843, 2836, 406.14, 1
2895, 11724, 8, 0, 14567, 14574, 2850, 2842, 356.25, 1
2896, 11727, 2, 0, 14575, 14576, 2849, 2847, 1424.50, 1
2897, 11730, 12, 0, 14577, 14588, 2858, 2846, 238.17, 1
2898, 11735, 2, 0, 14589, 14590, 2855, 2853, 1427.50, 1
2899, 11737, 5, 0, 14591, 14595, 2858, 2853, 571.60, 1
2900, 11740, 10, 0, 14596, 14605, 2865, 2855, 286.50, 1
2901, 11741, 6, 0, 14606, 14611, 2870, 2864, 478.33, 1
2902, 11743, 3, 0, 14612, 14614, 2871, 2868, 957.00, 1
2903, 11747, 7, 0, 14615, 14621, 2874, 2867, 410.57, 1
2904, 11749, 21, 0, 14622, 14642, 2893, 2872, 137.76, 1
2905, 11756, 6, 0, 14643, 14648, 2892, 2886, 482.00, 1
2906, 11761, 14, 0, 14649, 14662, 2901, 2887, 207.21, 1
2907, 11763, 2, 0, 14663, 14664, 2901, 2899, 1450.50, 1
2908, 11765, 1, 0, 14665, 14665, 2900, 2899, 2900.00, 1
2909, 11772, 6, 0, 14666, 14671, 2899, 2893, 483.17, 1
2910, 11774, 6, 0, 14672, 14677, 2903, 2897, 483.83, 1
2911, 11784, 5, 0, 14678, 14682, 2898, 2893, 579.60, 1
2912, 11787, 10, 0, 14683, 14692, 2905, 2895, 290.50, 1
2913, 11792, 1, 0, 14693, 14693, 2901, 2900, 2901.00, 1
2914, 11799, 10, 0, 14694, 14703, 2904, 2894, 290.40, 1
2915, 11800, 1, 0, 14704, 14704, 2904, 2903, 2904.00, 1
2916, 11802, 9, 0, 14705, 14713, 2911, 2902, 323.44, 1
2917, 11804, 3, 0, 14714, 14716, 2912, 2909, 970.67, 1
2918, 11808, 15, 0, 14717, 14731, 2923, 2908, 194.87, 1
2919, 11810, 6, 0, 14732, 14737, 2927, 2921, 487.83, 1
2920, 11811, 7, 0, 14738, 14744, 2933, 2926, 419.00, 1
2921, 11818, 7, 0, 14745, 14751, 2933, 2926, 419.00, 1
2922, 11819, 4, 0, 14752, 14755, 2936, 2932, 734.00, 1
2923, 11836, 5, 0, 14756, 14760, 2924, 2919, 584.80, 1
2924, 11840, 1, 0, 14761, 14761, 2921, 2920, 2921.00, 1
2925, 11858, 2, 0, 14762, 14763, 2905, 2903, 1452.50, 1
2926, 11865, 5, 0, 14764, 14768, 2903, 2898, 580.60, 1
2927, 11868, 7, 0, 14769, 14775, 2907, 2900, 415.29, 1
2928, 11871, 6, 0, 14776, 14781, 2910, 2904, 485.00, 1
2929, 11876, 2, 0, 14782, 14783, 2907, 2905, 1453.50, 1
2930, 11878, 9, 0, 14784, 14792, 2914, 2905, 323.78, 1
2931, 11879, 15, 0, 14793, 14807, 2928, 2913, 195.20, 1
2932, 11881, 4, 0, 14808, 14811, 2930, 2926, 732.50, 1
2933, 11884, 37, 0, 14812, 14848, 2964, 2927, 80.11, 1
2934, 11892, 3, 0, 14849, 14851, 2959, 2956, 986.33, 1
2935, 11894, 8, 0, 14852, 14859, 2965, 2957, 370.62, 1
2936, 11896, 1, 0, 14860, 14860, 2964, 2963, 2964.00, 1
2937, 11898, 10, 0, 14861, 14870, 2972, 2962, 297.20, 1
2938, 11902, 5, 0, 14871, 14875, 2973, 2968, 594.60, 1
2939, 11903, 2, 0, 14876, 14877, 2974, 2972, 1487.00, 1
2940, 11908, 19, 0, 14878, 14896, 2988, 2969, 157.26, 1
2941, 11911, 5, 0, 14897, 14901, 2990, 2985, 598.00, 1
2942, 11915, 1, 0, 14902, 14902, 2987, 2986, 2987.00, 1
2943, 11925, 1, 0, 14903, 14903, 2978, 2977, 2978.00, 1
2944, 11929, 7, 0, 14904, 14910, 2981, 2974, 425.86, 1
2945, 11930, 4, 0, 14911, 14914, 2984, 2980, 746.00, 1
2946, 11933, 1, 0, 14915, 14915, 2982, 2981, 2982.00, 1
2947, 11934, 2, 0, 14916, 14917, 2983, 2981, 1491.50, 1
2948, 11939, 1, 0, 14918, 14918, 2979, 2978, 2979.00, 1
2949, 11943, 5, 0, 14919, 14923, 2980, 2975, 596.00, 1
2950, 11944, 2, 0, 14924, 14925, 2981, 2979, 1490.50, 1
2951, 11948, 3, 0, 14926, 14928, 2980, 2977, 993.33, 1
2952, 11959, 3, 0, 14929, 14931, 2972, 2969, 990.67, 1
2953, 11962, 1, 0, 14932, 14932, 2970, 2969, 2970.00, 1
2954, 11964, 10, 0, 14933, 14942, 2978, 2968, 297.80, 1
2955, 11974, 1, 0, 14943, 14943, 2969, 2968, 2969.00, 1
2956, 11984, 3, 0, 14944, 14946, 2962, 2959, 987.33, 1
2957, 12009, 2, 0, 14947, 14948, 2939, 2937, 1469.50, 1
2958, 12011, 2, 0, 14949, 14950, 2939, 2937, 1469.50, 1
2959, 12012, 12, 0, 14951, 14962, 2950, 2938, 245.83, 1
2960, 12013, 1, 0, 14963, 14963, 2950, 2949, 2950.00, 1
2961, 12016, 8, 0, 14964, 14971, 2955, 2947, 369.38, 1
2962, 12017, 13, 0, 14972, 14984, 2967, 2954, 228.23, 1
2963, 12021, 15, 0, 14985, 14999, 2978, 2963, 198.53, 1
2964, 12025, 3, 0, 15000, 15002, 2977, 2974, 992.33, 1
2965, 12038, 6, 0, 15003, 15008, 2970, 2964, 495.00, 1
2966, 12042, 7, 0, 15009, 15015, 2973, 2966, 424.71, 1
2967, 12044, 3, 0, 15016, 15018, 2974, 2971, 991.33, 1
2968, 12046, 1, 0, 15019, 15019, 2973, 2972, 2973.00, 1
2969, 12047, 11, 0, 15020, 15030, 2983, 2972, 271.18, 1
2970, 12051, 15, 0, 15031, 15045, 2994, 2979, 199.60, 1
2971, 12053, 6, 0, 15046, 15051, 2998, 2992, 499.67, 1
2972, 12054, 3, 0, 15052, 15054, 3000, 2997, 1000.00, 1
2973, 12060, 3, 0, 15055, 15057, 2997, 2994, 999.00, 1
2974, 12063, 19, 0, 15058, 15076, 3013, 2994, 158.58, 1
2975, 12067, 5, 0, 15077, 15081, 3014, 3009, 602.80, 1
2976, 12069, 8, 0, 15082, 15089, 3020, 3012, 377.50, 1
2977, 12073, 7, 0, 15090, 15096, 3023, 3016, 431.86, 1
2978, 12092, 11, 0, 15097, 15107, 3015, 3004, 274.09, 1
2979, 12100, 2, 0, 15108, 15109, 3009, 3007, 1504.50, 1
2980, 12103, 1, 0, 15110, 15110, 3007, 3006, 3007.00, 1
2981, 12105, 12, 0, 15111, 15122, 3017, 3005, 251.42, 1
2982, 12109, 2, 0, 15123, 15124, 3015, 3013, 1507.50, 1
2983, 12114, 3, 0, 15125, 15127, 3013, 3010, 1004.33, 1
2984, 12116, 19, 0, 15128, 15146, 3030, 3011, 159.47, 1
2985, 12117, 7, 0, 15147, 15153, 3036, 3029, 433.71, 1
2986, 12125, 2, 0, 15154, 15155, 3030, 3028, 1515.00, 1
2987, 12128, 4, 0, 15156, 15159, 3031, 3027, 757.75, 1
2988, 12129, 4, 0, 15160, 15163, 3034, 3030, 758.50, 1
2989, 12134, 6, 0, 15164, 15169, 3035, 3029, 505.83, 1
2990, 12135, 5, 0, 15170, 15174, 3039, 3034, 607.80, 1
2991, 12136, 1, 0, 15175, 15175, 3039, 3038, 3039.00, 1
2992, 12137, 2, 0, 15176, 15177, 3040, 3038, 1520.00, 1
2993, 12144, 1, 0, 15178, 15178, 3034, 3033, 3034.00, 1
2994, 12151, 3, 0, 15179, 15181, 3030, 3027, 1010.00, 1
2995, 12154, 3, 0, 15182, 15184, 3030, 3027, 1010.00, 1
2996, 12157, 1, 0, 15185, 15185, 3028, 3027, 3028.00, 1
2997, 12165, 2, 0, 15186, 15187, 3022, 3020, 1511.00, 1
2998, 12166, 1, 0, 15188, 15188, 3022, 3021, 3022.00, 1
2999, 12167, 12, 0, 15189, 15200, 3033, 3021, 252.75, 1
3000, 12172, 9, 0, 15201, 15209, 3037, 3028, 337.44, 1
3001, 12176, 11, 0, 15210, 15220, 3044, 3033, 276.73, 1
3002, 12179, 8, 0, 15221, 15228, 3049, 3041, 381.12, 1
3003, 12183, 3, 0, 15229, 15231, 3048, 3045, 1016.00, 1
3004, 12184, 3, 0, 15232, 15234, 3050, 3047, 1016.67, 1
3005, 12188, 1, 0, 15235, 15235, 3047, 3046, 3047.00, 1
3006, 12195, 2, 0, 15236, 15237, 3042, 3040, 1521.00, 1
3007, 12197, 2, 0, 15238, 15239, 3042, 3040, 1521.00, 1
3008, 12198, 10, 0, 15240, 15249, 3051, 3041, 305.10, 1
3009, 12200, 2, 0, 15250, 15251, 3051, 3049, 1525.50, 1
3010, 12201, 8, 0, 15252, 15259, 3058, 3050, 382.25, 1
3011, 12204, 6, 0, 15260, 15265, 3061, 3055, 510.17, 1
3012, 12206, 2, 0, 15266, 15267, 3061, 3059, 1530.50, 1
3013, 12207, 3, 0, 15268, 15270, 3063, 3060, 1021.00, 1
3014, 12208, 10, 0, 15271, 15280, 3072, 3062, 307.20, 1
3015, 12210, 5, 0, 15281, 15285, 3075, 3070, 615.00, 1
3016, 12211, 4, 0, 15286, 15289, 3078, 3074, 769.50, 1
3017, 12223, 3, 0, 15290, 15292, 3069, 3066, 1023.00, 1
3018, 12226, 4, 0, 15293, 15296, 3070, 3066, 767.50, 1
3019, 12228, 7, 0, 15297, 15303, 3075, 3068, 439.29, 1
3020, 12229, 1, 0, 15304, 15304, 3075, 3074, 3075.00, 1
3021, 12232, 1, 0, 15305, 15305, 3073, 3072, 3073.00, 1
3022, 12235, 2, 0, 15306, 15307, 3072, 3070, 1536.00, 1
3023, 12238, 9, 0, 15308, 15316, 3078, 3069, 342.00, 1
3024, 12241, 6, 0, 15317, 15322, 3081, 3075, 513.50, 1
3025, 12250, 4, 0, 15323, 15326, 3076, 3072, 769.00, 1
3026, 12253, 1, 0, 15327, 15327, 3074, 3073, 3074.00, 1
3027, 12254, 4, 0, 15328, 15331, 3077, 3073, 769.25, 1
3028, 12266, 5, 0, 15332, 15336, 3070, 3065, 614.00, 1
3029, 12271, 8, 0, 15337, 15344, 3073, 3065, 384.12, 1
3030, 12272, 2, 0, 15345, 15346, 3074, 3072, 1537.00, 1
3031, 12278, 15, 0, 15347, 15361, 3083, 3068, 205.53, 1
3032, 12279, 3, 0, 15362, 15364, 3085, 3082, 1028.33, 1
3033, 12282, 6, 0, 15365, 15370, 3088, 3082, 514.67, 1
3034, 12283, 1, 0, 15371, 15371, 3088, 3087, 3088.00, 1
3035, 12284, 1, 0, 15372, 15372, 3088, 3087, 3088.00, 1
3036, 12290, 13, 0, 15373, 15385, 3095, 3082, 238.08, 1
3037, 12292, 1, 0, 15386, 15386, 3094, 3093, 3094.00, 1
3038, 12296, 7, 0, 15387, 15393, 3097, 3090, 442.43, 1
3039, 12300, 1, 0, 15394, 15394, 3094, 3093, 3094.00, 1
3040, 12311, 6, 0, 15395, 15400, 3089, 3083, 514.83, 1
3041, 12317, 2, 0, 15401, 15402, 3085, 3083, 1542.50, 1
3042, 12320, 2, 0, 15403, 15404, 3084, 3082, 1542.00, 1
3043, 12327, 6, 0, 15405, 15410, 3083, 3077, 513.83, 1
3044, 12329, 3, 0, 15411, 15413, 3084, 3081, 1028.00, 1
3045, 12330, 11, 0, 15414, 15424, 3094, 3083, 281.27, 1
3046, 12332, 7, 0, 15425, 15431, 3099, 3092, 442.71, 1
3047, 12335, 2, 0, 15432, 15433, 3098, 3096, 1549.00, 1
3048, 12349, 8, 0, 15434, 15441, 3092, 3084, 386.50, 1
3049, 12372, 2, 0, 15442, 15443, 3071, 3069, 1535.50, 1
3050, 12376, 7, 0, 15444, 15450, 3074, 3067, 439.14, 1
3051, 12377, 2, 0, 15451, 15452, 3075, 3073, 1537.50, 1
3052, 12383, 5, 0, 15453, 15457, 3074, 3069, 614.80, 1
3053, 12390, 2, 0, 15458, 15459, 3069, 3067, 1534.50, 1
3054, 12394, 4, 0, 15460, 15463, 3069, 3065, 767.25, 1
3055, 12397, 3, 0, 15464, 15466, 3069, 3066, 1023.00, 1
3056, 12403, 1, 0, 15467, 15467, 3064, 3063, 3064.00, 1
3057, 12404, 2, 0, 15468, 15469, 3065, 3063, 1532.50, 1
3058, 12410, 17, 0, 15470, 15486, 3076, 3059, 180.94, 1
3059, 12413, 10, 0, 15487, 15496, 3083, 3073, 308.30, 1
3060, 12424, 7, 0, 15497, 15503, 3079, 3072, 439.86, 1
3061, 12433, 1, 0, 15504, 15504, 3071, 3070, 3071.00, 1
3062, 12437, 5, 0, 15505, 15509, 3072, 3067, 614.40, 1
3063, 12438, 4, 0, 15510, 15513, 3075, 3071, 768.75, 1
3064, 12441, 3, 0, 15514, 15516, 3075, 3072, 1025.00, 1
3065, 12442, 15, 0, 15517, 15531, 3089, 3074, 205.93, 1
3066, 12443, 4, 0, 15532, 15535, 3092, 3088, 773.00, 1
3067, 12446, 1, 0, 15536, 15536, 3090, 3089, 3090.00, 1
3068, 12452, 11, 0, 15537, 15547, 3095, 3084, 281.36, 1
3069, 12465, 12, 0, 15548, 15559, 3094, 3082, 257.83, 1
3070, 12469, 5, 0, 15560, 15564, 3095, 3090, 619.00, 1
3071, 12480, 7, 0, 15565, 15571, 3091, 3084, 441.57, 1
3072, 12481, 1, 0, 15572, 15572, 3091, 3090, 3091.00, 1
3073, 12483, 14, 0, 15573, 15586, 3103, 3089, 221.64, 1
3074, 12485, 3, 0, 15587, 15589, 3104, 3101, 1034.67, 1
3075, 12487, 2, 0, 15590, 15591, 3104, 3102, 1552.00, 1
3076, 12490, 6, 0, 15592, 15597, 3107, 3101, 517.83, 1
3077, 12501, 2, 0, 15598, 15599, 3098, 3096, 1549.00, 1
3078, 12505, 3, 0, 15600, 15602, 3097, 3094, 1032.33, 1
3079, 12511, 4, 0, 15603, 15606, 3095, 3091, 773.75, 1
3080, 12512, 1, 0, 15607, 15607, 3095, 3094, 3095.00, 1
3081, 12514, 6, 0, 15608, 15613, 3099, 3093, 516.50, 1
3082, 12520, 2, 0, 15614, 15615, 3095, 3093, 1547.50, 1
3083, 12524, 1, 0, 15616, 15616, 3092, 3091, 3092.00, 1
3084, 12525, 1, 0, 15617, 15617, 3092, 3091, 3092.00, 1
3085, 12528, 1, 0, 15618, 15618, 3090, 3089, 3090.00, 1
3086, 12531, 1, 0, 15619, 15619, 3088, 3087, 3088.00, 1
3087, 12537, 3, 0, 15620, 15622, 3085, 3082, 1028.33, 1
3088, 12539, 4, 0, 15623, 15626, 3087, 3083, 771.75, 1
3089, 12540, 1, 0, 15627, 15627, 3087, 3086, 3087.00, 1
3090, 12541, 2, 0, 15628, 15629, 3088, 3086, 1544.00, 1
3091, 12542, 1, 0, 15630, 15630, 3088, 3087, 3088.00, 1
3092, 12545, 5, 0, 15631, 15635, 3090, 3085, 618.00, 1
3093, 12546, 6, 0, 15636, 15641, 3095, 3089, 515.83, 1
3094, 12547, 8, 0, 15642, 15649, 3102, 3094, 387.75, 1
3095, 12550, 2, 0, 15650, 15651, 3101, 3099, 1550.50, 1
3096, 12557, 3, 0, 15652, 15654, 3097, 3094, 1032.33, 1
3097, 12568, 8, 0, 15655, 15662, 3094, 3086, 386.75, 1
3098, 12569, 2, 0, 15663, 15664, 3095, 3093, 1547.50, 1
3099, 12571, 5, 0, 15665, 15669, 3098, 3093, 619.60, 1
3100, 12572, 1, 0, 15670, 15670, 3098, 3097, 3098.00, 1
3101, 12577, 2, 0, 15671, 15672, 3095, 3093, 1547.50, 1
3102, 12587, 6, 0, 15673, 15678, 3091, 3085, 515.17, 1
3103, 12589, 9, 0, 15679, 15687, 3098, 3089, 344.22, 1
3104, 12599, 14, 0, 15688, 15701, 3102, 3088, 221.57, 1
3105, 12601, 2, 0, 15702, 15703, 3102, 3100, 1551.00, 1
3106, 12604, 9, 0, 15704, 15712, 3108, 3099, 345.33, 1
3107, 12609, 5, 0, 15713, 15717, 3108, 3103, 621.60, 1
3108, 12618, 12, 0, 15718, 15729, 3111, 3099, 259.25, 1
3109, 12620, 5, 0, 15730, 15734, 3114, 3109, 622.80, 1
3110, 12621, 1, 0, 15735, 15735, 3114, 3113, 3114.00, 1
3111, 12628, 3, 0, 15736, 15738, 3110, 3107, 1036.67, 1
3112, 12633, 5, 0, 15739, 15743, 3110, 3105, 622.00, 1
3113, 12634, 5, 0, 15744, 15748, 3114, 3109, 622.80, 1
3114, 12643, 8, 0, 15749, 15756, 3113, 3105, 389.12, 1
3115, 12644, 3, 0, 15757, 15759, 3115, 3112, 1038.33, 1
3116, 12646, 9, 0, 15760, 15768, 3122, 3113, 346.89, 1
3117, 12648, 5, 0, 15769, 15773, 3125, 3120, 625.00, 1
3118, 12650, 15, 0, 15774, 15788, 3138, 3123, 209.20, 1
3119, 12660, 9, 0, 15789, 15797, 3137, 3128, 348.56, 1
3120, 12663, 10, 0, 15798, 15807, 3144, 3134, 314.40, 1
3121, 12666, 6, 0, 15808, 15813, 3147, 3141, 524.50, 1
3122, 12668, 5, 0, 15814, 15818, 3150, 3145, 630.00, 1
3123, 12671, 10, 0, 15819, 15828, 3157, 3147, 315.70, 1
3124, 12676, 3, 0, 15829, 15831, 3155, 3152, 1051.67, 1
3125, 12679, 3, 0, 15832, 15834, 3155, 3152, 1051.67, 1
3126, 12682, 11, 0, 15835, 15845, 3163, 3152, 287.55, 1
3127, 12684, 3, 0, 15846, 15848, 3164, 3161, 1054.67, 1
3128, 12691, 2, 0, 15849, 15850, 3159, 3157, 1579.50, 1
3129, 12692, 2, 0, 15851, 15852, 3160, 3158, 1580.00, 1
3130, 12699, 6, 0, 15853, 15858, 3159, 3153, 526.50, 1
3131, 12708, 6, 0, 15859, 15864, 3156, 3150, 526.00, 1
3132, 12710, 11, 0, 15865, 15875, 3165, 3154, 287.73, 1
3133, 12719, 18, 0, 15876, 15893, 3174, 3156, 176.33, 1
3134, 12720, 1, 0, 15894, 15894, 3174, 3173, 3174.00, 1
3135, 12723, 1, 0, 15895, 15895, 3172, 3171, 3172.00, 1
3136, 12724, 5, 0, 15896, 15900, 3176, 3171, 635.20, 1
3137, 12725, 5, 0, 15901, 15905, 3180, 3175, 636.00, 1
3138, 12726, 13, 0, 15906, 15918, 3192, 3179, 245.54, 1
3139, 12740, 12, 0, 15919, 15930, 3190, 3178, 265.83, 1
3140, 12753, 3, 0, 15931, 15933, 3180, 3177, 1060.00, 1
3141, 12757, 8, 0, 15934, 15941, 3184, 3176, 398.00, 1
3142, 12763, 1, 0, 15942, 15942, 3179, 3178, 3179.00, 1
3143, 12772, 2, 0, 15943, 15944, 3172, 3170, 1586.00, 1
3144, 12780, 6, 0, 15945, 15950, 3170, 3164, 528.33, 1
3145, 12781, 1, 0, 15951, 15951, 3170, 3169, 3170.00, 1
3146, 12786, 2, 0, 15952, 15953, 3167, 3165, 1583.50, 1
3147, 12789, 2, 0, 15954, 15955, 3166, 3164, 1583.00, 1
3148, 12790, 13, 0, 15956, 15968, 3178, 3165, 244.46, 1
3149, 12794, 2, 0, 15969, 15970, 3176, 3174, 1588.00, 1
3150, 12796, 13, 0, 15971, 15983, 3187, 3174, 245.15, 1
3151, 12800, 11, 0, 15984, 15994, 3194, 3183, 290.36, 1
3152, 12803, 5, 0, 15995, 15999, 3196, 3191, 639.20, 1
3153, 12804, 8, 0, 16000, 16007, 3203, 3195, 400.38, 1
3154, 12809, 1, 0, 16008, 16008, 3199, 3198, 3199.00, 1
3155, 12811, 22, 0, 16009, 16030, 3219, 3197, 146.32, 1
3156, 12813, 2, 0, 16031, 16032, 3219, 3217, 1609.50, 1
3157, 12814, 5, 0, 16033, 16037, 3223, 3218, 644.60, 1
3158, 12818, 9, 0, 16038, 16046, 3228, 3219, 358.67, 1
3159, 12819, 1, 0, 16047, 16047, 3228, 3227, 3228.00, 1
3160, 12820, 7, 0, 16048, 16054, 3234, 3227, 462.00, 1
3161, 12823, 5, 0, 16055, 16059, 3236, 3231, 647.20, 1
3162, 12833, 1, 0, 16060, 16060, 3227, 3226, 3227.00, 1
3163, 12834, 18, 0, 16061, 16078, 3244, 3226, 180.22, 1
3164, 12838, 6, 0, 16079, 16084, 3246, 3240, 541.00, 1
3165, 12840, 15, 0, 16085, 16099, 3259, 3244, 217.27, 1
3166, 12841, 3, 0, 16100, 16102, 3261, 3258, 1087.00, 1
3167, 12842, 2, 0, 16103, 16104, 3262, 3260, 1631.00, 1
3168, 12848, 1, 0, 16105, 16105, 3257, 3256, 3257.00, 1
3169, 12849, 4, 0, 16106, 16109, 3260, 3256, 815.00, 1
3170, 12851, 3, 0, 16110, 16112, 3261, 3258, 1087.00, 1
3171, 12860, 2, 0, 16113, 16114, 3254, 3252, 1627.00, 1
3172, 12863, 24, 0, 16115, 16138, 3275, 3251, 136.46, 1
3173, 12865, 1, 0, 16139, 16139, 3274, 3273, 3274.00, 1
3174, 12866, 24, 0, 16140, 16163, 3297, 3273, 137.38, 1
3175, 12875, 1, 0, 16164, 16164, 3289, 3288, 3289.00, 1
3176, 12876, 4, 0, 16165, 16168, 3292, 3288, 823.00, 1
3177, 12880, 7, 0, 16169, 16175, 3295, 3288, 470.71, 1
3178, 12888, 8, 0, 16176, 16183, 3295, 3287, 411.88, 1
3179, 12891, 3, 0, 16184, 16186, 3295, 3292, 1098.33, 1
3180, 12892, 2, 0, 16187, 16188, 3296, 3294, 1648.00, 1
3181, 12897, 5, 0, 16189, 16193, 3296, 3291, 659.20, 1
3182, 12903, 1, 0, 16194, 16194, 3291, 3290, 3291.00, 1
3183, 12905, 2, 0, 16195, 16196, 3291, 3289, 1645.50, 1
3184, 12908, 5, 0, 16197, 16201, 3293, 3288, 658.60, 1
3185, 12917, 6, 0, 16202, 16207, 3290, 3284, 548.33, 1
3186, 12918, 1, 0, 16208, 16208, 3290, 3289, 3290.00, 1
3187, 12923, 11, 0, 16209, 16219, 3296, 3285, 299.64, 1
3188, 12925, 1, 0, 16220, 16220, 3295, 3294, 3295.00, 1
3189, 12926, 5, 0, 16221, 16225, 3299, 3294, 659.80, 1
3190, 12930, 13, 0, 16226, 16238, 3308, 3295, 254.46, 1
3191, 12932, 12, 0, 16239, 16250, 3318, 3306, 276.50, 1
3192, 12937, 8, 0, 16251, 16258, 3321, 3313, 415.12, 1
3193, 12940, 9, 0, 16259, 16267, 3327, 3318, 369.67, 1
3194, 12947, 1, 0, 16268, 16268, 3321, 3320, 3321.00, 1
3195, 12949, 4, 0, 16269, 16272, 3323, 3319, 830.75, 1
3196, 12952, 4, 0, 16273, 16276, 3324, 3320, 831.00, 1
3197, 12953, 13, 0, 16277, 16289, 3336, 3323, 256.62, 1
3198, 12957, 1, 0, 16290, 16290, 3333, 3332, 3333.00, 1
3199, 12958, 8, 0, 16291, 16298, 3340, 3332, 417.50, 1
3200, 12962, 2, 0, 16299, 16300, 3338, 3336, 1669.00, 1
3201, 12963, 5, 0, 16301, 16305, 3342, 3337, 668.40, 1
3202, 12964, 1, 0, 16306, 16306, 3342, 3341, 3342.00, 1
3203, 12966, 8, 0, 16307, 16314, 3348, 3340, 418.50, 1
3204, 12970, 13, 0, 16315, 16327, 3357, 3344, 258.23, 1
3205, 12974, 13, 0, 16328, 16340, 3366, 3353, 258.92, 1
3206, 12979, 14, 0, 16341, 16354, 3375, 3361, 241.07, 1
3207, 12981, 4, 0, 16355, 16358, 3377, 3373, 844.25, 1
3208, 12983, 7, 0, 16359, 16365, 3382, 3375, 483.14, 1
3209, 12987, 8, 0, 16366, 16373, 3386, 3378, 423.25, 1
3210, 12989, 2, 0, 16374, 16375, 3386, 3384, 1693.00, 1
3211, 12991, 3, 0, 16376, 16378, 3387, 3384, 1129.00, 1
3212, 12992, 10, 0, 16379, 16388, 3396, 3386, 339.60, 1
3213, 12994, 2, 0, 16389, 16390, 3396, 3394, 1698.00, 1
3214, 12995, 1, 0, 16391, 16391, 3396, 3395, 3396.00, 1
3215, 12997, 7, 0, 16392, 16398, 3401, 3394, 485.86, 1
3216, 12998, 3, 0, 16399, 16401, 3403, 3400, 1134.33, 1
3217, 13008, 4, 0, 16402, 16405, 3397, 3393, 849.25, 1
3218, 13010, 2, 0, 16406, 16407, 3397, 3395, 1698.50, 1
3219, 13018, 1, 0, 16408, 16408, 3390, 3389, 3390.00, 1
3220, 13022, 4, 0, 16409, 16412, 3390, 3386, 847.50, 1
3221, 13024, 19, 0, 16413, 16431, 3407, 3388, 179.32, 1
3222, 13042, 2, 0, 16432, 16433, 3391, 3389, 1695.50, 1
3223, 13045, 13, 0, 16434, 16446, 3401, 3388, 261.62, 1
3224, 13055, 6, 0, 16447, 16452, 3397, 3391, 566.17, 1
3225, 13057, 8, 0, 16453, 16460, 3403, 3395, 425.38, 1
3226, 13059, 1, 0, 16461, 16461, 3402, 3401, 3402.00, 1
3227, 13060, 3, 0, 16462, 16464, 3404, 3401, 1134.67, 1
3228, 13067, 5, 0, 16465, 16469, 3402, 3397, 680.40, 1
3229, 13074, 5, 0, 16470, 16474, 3400, 3395, 680.00, 1
3230, 13079, 3, 0, 16475, 16477, 3398, 3395, 1132.67, 1
3231, 13082, 2, 0, 16478, 16479, 3397, 3395, 1698.50, 1
3232, 13085, 2, 0, 16480, 16481, 3396, 3394, 1698.00, 1
3233, 13087, 2, 0, 16482, 16483, 3396, 3394, 1698.00, 1
3234, 13104, 4, 0, 16484, 16487, 3383, 3379, 845.75, 1
3235, 13114, 4, 0, 16488, 16491, 3377, 3373, 844.25, 1
3236, 13118, 1, 0, 16492, 16492, 3374, 3373, 3374.00, 1
3237, 13121, 5, 0, 16493, 16497, 3376, 3371, 675.20, 1
3238, 13122, 7, 0, 16498, 16504, 3382, 3375, 483.14, 1
3239, 13125, 2, 0, 16505, 16506, 3381, 3379, 1690.50, 1
3240, 13128, 1, 0, 16507, 16507, 3379, 3378, 3379.00, 1
3241, 13140, 4, 0, 16508, 16511, 3371, 3367, 842.75, 1
3242, 13141, 3, 0, 16512, 16514, 3373, 3370, 1124.33, 1
3243, 13153, 2, 0, 16515, 16516, 3363, 3361, 1681.50, 1
3244, 13158, 3, 0, 16517, 16519, 3361, 3358, 1120.33, 1
3245, 13162, 3, 0, 16520, 16522, 3360, 3357, 1120.00, 1
3246, 13163, 8, 0, 16523, 16530, 3367, 3359, 420.88, 1
3247, 13167, 9, 0, 16531, 16539, 3372, 3363, 374.67, 1
3248, 13174, 1, 0, 16540, 16540, 3366, 3365, 3366.00, 1
3249, 13185, 2, 0, 16541, 16542, 3357, 3355, 1678.50, 1
3250, 13187, 4, 0, 16543, 16546, 3359, 3355, 839.75, 1
3251, 13188, 4, 0, 16547, 16550, 3362, 3358, 840.50, 1
3252, 13195, 1, 0, 16551, 16551, 3356, 3355, 3356.00, 1
3253, 13201, 1, 0, 16552, 16552, 3351, 3350, 3351.00, 1
3254, 13207, 1, 0, 16553, 16553, 3346, 3345, 3346.00, 1
3255, 13208, 7, 0, 16554, 16560, 3352, 3345, 478.86, 1
3256, 13209, 5, 0, 16561, 16565, 3356, 3351, 671.20, 1
3257, 13212, 10, 0, 16566, 16575, 3363, 3353, 336.30, 1
3258, 13226, 8, 0, 16576, 16583, 3357, 3349, 419.62, 1
3259, 13234, 8, 0, 16584, 16591, 3357, 3349, 419.62, 1
3260, 13237, 2, 0, 16592, 16593, 3356, 3354, 1678.00, 1
3261, 13241, 1, 0, 16594, 16594, 3353, 3352, 3353.00, 1
3262, 13244, 3, 0, 16595, 16597, 3353, 3350, 1117.67, 1
3263, 13245, 2, 0, 16598, 16599, 3354, 3352, 1677.00, 1
3264, 13251, 1, 0, 16600, 16600, 3349, 3348, 3349.00, 1
3265, 13261, 3, 0, 16601, 16603, 3342, 3339, 1114.00, 1
3266, 13264, 2, 0, 16604, 16605, 3341, 3339, 1670.50, 1
3267, 13265, 2, 0, 16606, 16607, 3342, 3340, 1671.00, 1
3268, 13266, 12, 0, 16608, 16619, 3353, 3341, 279.42, 1
3269, 13268, 3, 0, 16620, 16622, 3354, 3351, 1118.00, 1
3270, 13269, 1, 0, 16623, 16623, 3354, 3353, 3354.00, 1
3271, 13282, 5, 0, 16624, 16628, 3346, 3341, 669.20, 1
3272, 13283, 4, 0, 16629, 16632, 3349, 3345, 837.25, 1
3273, 13285, 3, 0, 16633, 16635, 3350, 3347, 1116.67, 1
3274, 13291, 4, 0, 16636, 16639, 3348, 3344, 837.00, 1
3275, 13304, 3, 0, 16640, 16642, 3338, 3335, 1112.67, 1
3276, 13306, 23, 0, 16643, 16665, 3359, 3336, 146.04, 1
3277, 13314, 9, 0, 16666, 16674, 3360, 3351, 373.33, 1
3278, 13318, 7, 0, 16675, 16681, 3363, 3356, 480.43, 1
3279, 13322, 4, 0, 16682, 16685, 3363, 3359, 840.75, 1
3280, 13325, 3, 0, 16686, 16688, 3363, 3360, 1121.00, 1
3281, 13330, 6, 0, 16689, 16694, 3364, 3358, 560.67, 1
3282, 13342, 12, 0, 16695, 16706, 3364, 3352, 280.33, 1
3283, 13343, 7, 0, 16707, 16713, 3370, 3363, 481.43, 1
3284, 13344, 4, 0, 16714, 16717, 3373, 3369, 843.25, 1
3285, 13346, 1, 0, 16718, 16718, 3372, 3371, 3372.00, 1
3286, 13347, 5, 0, 16719, 16723, 3376, 3371, 675.20, 1
3287, 13348, 5, 0, 16724, 16728, 3380, 3375, 676.00, 1
3288, 13352, 5, 0, 16729, 16733, 3381, 3376, 676.20, 1
3289, 13356, 6, 0, 16734, 16739, 3383, 3377, 563.83, 1
3290, 13357, 4, 0, 16740, 16743, 3386, 3382, 846.50, 1
3291, 13360, 2, 0, 16744, 16745, 3385, 3383, 1692.50, 1
3292, 13363, 5, 0, 16746, 16750, 3387, 3382, 677.40, 1
3293, 13364, 3, 0, 16751, 16753, 3389, 3386, 1129.67, 1
3294, 13366, 2, 0, 16754, 16755, 3389, 3387, 1694.50, 1
3295, 13369, 14, 0, 16756, 16769, 3400, 3386, 242.86, 1
3296, 13373, 4, 0, 16770, 16773, 3400, 3396, 850.00, 1
3297, 13374, 7, 0, 16774, 16780, 3406, 3399, 486.57, 1
3298, 13379, 2, 0, 16781, 16782, 3403, 3401, 1701.50, 1
3299, 13381, 5, 0, 16783, 16787, 3406, 3401, 681.20, 1
3300, 13387, 6, 0, 16788, 16793, 3406, 3400, 567.67, 1
3301, 13388, 4, 0, 16794, 16797, 3409, 3405, 852.25, 1
3302, 13389, 2, 0, 16798, 16799, 3410, 3408, 1705.00, 1
3303, 13393, 3, 0, 16800, 16802, 3409, 3406, 1136.33, 1
3304, 13395, 1, 0, 16803, 16803, 3408, 3407, 3408.00, 1
3305, 13396, 6, 0, 16804, 16809, 3413, 3407, 568.83, 1
3306, 13397, 10, 0, 16810, 16819, 3422, 3412, 342.20, 1
3307, 13399, 5, 0, 16820, 16824, 3425, 3420, 685.00, 1
3308, 13402, 2, 0, 16825, 16826, 3424, 3422, 1712.00, 1
3309, 13403, 7, 0, 16827, 16833, 3430, 3423, 490.00, 1
3310, 13405, 3, 0, 16834, 16836, 3431, 3428, 1143.67, 1
3311, 13410, 4, 0, 16837, 16840, 3430, 3426, 857.50, 1
3312, 13411, 9, 0, 16841, 16849, 3438, 3429, 382.00, 1
3313, 13412, 4, 0, 16850, 16853, 3441, 3437, 860.25, 1
3314, 13414, 1, 0, 16854, 16854, 3440, 3439, 3440.00, 1
3315, 13415, 13, 0, 16855, 16867, 3452, 3439, 265.54, 1
3316, 13416, 8, 0, 16868, 16875, 3459, 3451, 432.38, 1
3317, 13418, 18, 0, 16876, 16893, 3475, 3457, 193.06, 1
3318, 13419, 5, 0, 16894, 16898, 3479, 3474, 695.80, 1
3319, 13423, 3, 0, 16899, 16901, 3478, 3475, 1159.33, 1
3320, 13427, 5, 0, 16902, 16906, 3479, 3474, 695.80, 1
3321, 13437, 13, 0, 16907, 16919, 3482, 3469, 267.85, 1
3322, 13438, 7, 0, 16920, 16926, 3488, 3481, 498.29, 1
3323, 13439, 8, 0, 16927, 16934, 3495, 3487, 436.88, 1
3324, 13448, 5, 0, 16935, 16939, 3491, 3486, 698.20, 1
3325, 13449, 3, 0, 16940, 16942, 3493, 3490, 1164.33, 1
3326, 13451, 6, 0, 16943, 16948, 3497, 3491, 582.83, 1
3327, 13452, 4, 0, 16949, 16952, 3500, 3496, 875.00, 1
3328, 13453, 2, 0, 16953, 16954, 3501, 3499, 1750.50, 1
3329, 13456, 4, 0, 16955, 16958, 3502, 3498, 875.50, 1
3330, 13471, 1, 0, 16959, 16959, 3488, 3487, 3488.00, 1
3331, 13472, 7, 0, 16960, 16966, 3494, 3487, 499.14, 1
3332, 13473, 2, 0, 16967, 16968, 3495, 3493, 1747.50, 1
3333, 13474, 9, 0, 16969, 16977, 3503, 3494, 389.22, 1
3334, 13480, 1, 0, 16978, 16978, 3498, 3497, 3498.00, 1
3335, 13483, 2, 0, 16979, 16980, 3497, 3495, 1748.50, 1
3336, 13490, 21, 0, 16981, 17001, 3511, 3490, 167.19, 1
3337, 13491, 6, 0, 17002, 17007, 3516, 3510, 586.00, 1
3338, 13494, 4, 0, 17008, 17011, 3517, 3513, 879.25, 1
3339, 13498, 15, 0, 17012, 17026, 3528, 3513, 235.20, 1
3340, 13500, 6, 0, 17027, 17032, 3532, 3526, 588.67, 1
3341, 13501, 16, 0, 17033, 17048, 3547, 3531, 221.69, 1
3342, 13502, 6, 0, 17049, 17054, 3552, 3546, 592.00, 1
3343, 13503, 3, 0, 17055, 17057, 3554, 3551, 1184.67, 1
3344, 13506, 2, 0, 17058, 17059, 3553, 3551, 1776.50, 1
3345, 13507, 6, 0, 17060, 17065, 3558, 3552, 593.00, 1
3346, 13508, 7, 0, 17066, 17072, 3564, 3557, 509.14, 1
3347, 13509, 2, 0, 17073, 17074, 3565, 3563, 1782.50, 1
3348, 13513, 7, 0, 17075, 17081, 3568, 3561, 509.71, 1
3349, 13520, 8, 0, 17082, 17089, 3569, 3561, 446.12, 1
3350, 13523, 24, 0, 17090, 17113, 3590, 3566, 149.58, 1
3351, 13524, 3, 0, 17114, 17116, 3592, 3589, 1197.33, 1
3352, 13526, 7, 0, 17117, 17123, 3597, 3590, 513.86, 1
3353, 13527, 18, 0, 17124, 17141, 3614, 3596, 200.78, 1
3354, 13535, 2, 0, 17142, 17143, 3608, 3606, 1804.00, 1
3355, 13543, 3, 0, 17144, 17146, 3603, 3600, 1201.00, 1
3356, 13544, 5, 0, 17147, 17151, 3607, 3602, 721.40, 1
3357, 13553, 2, 0, 17152, 17153, 3600, 3598, 1800.00, 1
3358, 13554, 2, 0, 17154, 17155, 3601, 3599, 1800.50, 1
3359, 13559, 4, 0, 17156, 17159, 3600, 3596, 900.00, 1
3360, 13566, 3, 0, 17160, 17162, 3596, 3593, 1198.67, 1
3361, 13573, 10, 0, 17163, 17172, 3599, 3589, 359.90, 1
3362, 13575, 13, 0, 17173, 17185, 3610, 3597, 277.69, 1
3363, 13577, 2, 0, 17186, 17187, 3610, 3608, 1805.00, 1
3364, 13578, 8, 0, 17188, 17195, 3617, 3609, 452.12, 1
3365, 13580, 1, 0, 17196, 17196, 3616, 3615, 3616.00, 1
3366, 13582, 4, 0, 17197, 17200, 3618, 3614, 904.50, 1
3367, 13585, 4, 0, 17201, 17204, 3619, 3615, 904.75, 1
3368, 13586, 1, 0, 17205, 17205, 3619, 3618, 3619.00, 1
3369, 13588, 2, 0, 17206, 17207, 3619, 3617, 1809.50, 1
3370, 13604, 3, 0, 17208, 17210, 3606, 3603, 1202.00, 1
3371, 13606, 8, 0, 17211, 17218, 3612, 3604, 451.50, 1
3372, 13608, 6, 0, 17219, 17224, 3616, 3610, 602.67, 1
3373, 13610, 2, 0, 17225, 17226, 3616, 3614, 1808.00, 1
3374, 13622, 3, 0, 17227, 17229, 3607, 3604, 1202.33, 1
3375, 13624, 7, 0, 17230, 17236, 3612, 3605, 516.00, 1
3376, 13625, 1, 0, 17237, 17237, 3612, 3611, 3612.00, 1
3377, 13631, 3, 0, 17238, 17240, 3609, 3606, 1203.00, 1
3378, 13633, 3, 0, 17241, 17243, 3610, 3607, 1203.33, 1
3379, 13639, 7, 0, 17244, 17250, 3611, 3604, 515.86, 1
3380, 13642, 10, 0, 17251, 17260, 3618, 3608, 361.80, 1
3381, 13643, 4, 0, 17261, 17264, 3621, 3617, 905.25, 1
3382, 13644, 2, 0, 17265, 17266, 3622, 3620, 1811.00, 1
3383, 13647, 6, 0, 17267, 17272, 3625, 3619, 604.17, 1
3384, 13652, 2, 0, 17273, 17274, 3622, 3620, 1811.00, 1
3385, 13653, 2, 0, 17275, 17276, 3623, 3621, 1811.50, 1
3386, 13662, 4, 0, 17277, 17280, 3618, 3614, 904.50, 1
3387, 13665, 4, 0, 17281, 17284, 3619, 3615, 904.75, 1
3388, 13666, 10, 0, 17285, 17294, 3628, 3618, 362.80, 1
3389, 13672, 4, 0, 17295, 17298, 3626, 3622, 906.50, 1
3390, 13674, 4, 0, 17299, 17302, 3628, 3624, 907.00, 1
3391, 13675, 10, 0, 17303, 17312, 3637, 3627, 363.70, 1
3392, 13676, 2, 0, 17313, 17314, 3638, 3636, 1819.00, 1
3393, 13678, 1, 0, 17315, 17315, 3637, 3636, 3637.00, 1
3394, 13685, 3, 0, 17316, 17318, 3633, 3630, 1211.00, 1
3395, 13693, 2, 0, 17319, 17320, 3627, 3625, 1813.50, 1
3396, 13707, 1, 0, 17321, 17321, 3614, 3613, 3614.00, 1
3397, 13708, 3, 0, 17322, 17324, 3616, 3613, 1205.33, 1
3398, 13710, 9, 0, 17325, 17333, 3623, 3614, 402.56, 1
3399, 13716, 1, 0, 17334, 17334, 3618, 3617, 3618.00, 1
3400, 13721, 11, 0, 17335, 17345, 3624, 3613, 329.45, 1
3401, 13725, 6, 0, 17346, 17351, 3626, 3620, 604.33, 1
3402, 13726, 2, 0, 17352, 17353, 3627, 3625, 1813.50, 1
3403, 13730, 5, 0, 17354, 17358, 3628, 3623, 725.60, 1
3404, 13731, 4, 0, 17359, 17362, 3631, 3627, 907.75, 1
3405, 13733, 1, 0, 17363, 17363, 3630, 3629, 3630.00, 1
3406, 13738, 5, 0, 17364, 17368, 3630, 3625, 726.00, 1
3407, 13739, 12, 0, 17369, 17380, 3641, 3629, 303.42, 1
3408, 13740, 7, 0, 17381, 17387, 3647, 3640, 521.00, 1
3409, 13743, 2, 0, 17388, 17389, 3646, 3644, 1823.00, 1
3410, 13749, 7, 0, 17390, 17396, 3647, 3640, 521.00, 1
3411, 13754, 4, 0, 17397, 17400, 3646, 3642, 911.50, 1
3412, 13762, 6, 0, 17401, 17406, 3644, 3638, 607.33, 1
3413, 13763, 5, 0, 17407, 17411, 3648, 3643, 729.60, 1
3414, 13764, 4, 0, 17412, 17415, 3651, 3647, 912.75, 1
3415, 13767, 2, 0, 17416, 17417, 3650, 3648, 1825.00, 1
3416, 13768, 1, 0, 17418, 17418, 3650, 3649, 3650.00, 1
3417, 13773, 7, 0, 17419, 17425, 3652, 3645, 521.71, 1
3418, 13776, 6, 0, 17426, 17431, 3655, 3649, 609.17, 1
3419, 13781, 2, 0, 17432, 17433, 3652, 3650, 1826.00, 1
3420, 13784, 3, 0, 17434, 17436, 3652, 3649, 1217.33, 1
3421, 13788, 6, 0, 17437, 17442, 3654, 3648, 609.00, 1
3422, 13790, 3, 0, 17443, 17445, 3655, 3652, 1218.33, 1
3423, 13792, 2, 0, 17446, 17447, 3655, 3653, 1827.50, 1
3424, 13796, 4, 0, 17448, 17451, 3655, 3651, 913.75, 1
3425, 13802, 4, 0, 17452, 17455, 3653, 3649, 913.25, 1
3426, 13803, 2, 0, 17456, 17457, 3654, 3652, 1827.00, 1
3427, 13810, 5, 0, 17458, 17462, 3652, 3647, 730.40, 1
3428, 13811, 1, 0, 17463, 17463, 3652, 3651, 3652.00, 1
3429, 13812, 5, 0, 17464, 17468, 3656, 3651, 731.20, 1
3430, 13817, 7, 0, 17469, 17475, 3658, 3651, 522.57, 1
3431, 13819, 10, 0, 17476, 17485, 3666, 3656, 366.60, 1
3432, 13820, 15, 0, 17486, 17500, 3680, 3665, 245.33, 1
3433, 13821, 1, 0, 17501, 17501, 3680, 3679, 3680.00, 1
3434, 13824, 4, 0, 17502, 17505, 3681, 3677, 920.25, 1
3435, 13828, 1, 0, 17506, 17506, 3678, 3677, 3678.00, 1
3436, 13829, 3, 0, 17507, 17509, 3680, 3677, 1226.67, 1
3437, 13839, 1, 0, 17510, 17510, 3671, 3670, 3671.00, 1
3438, 13845, 6, 0, 17511, 17516, 3671, 3665, 611.83, 1
3439, 13846, 7, 0, 17517, 17523, 3677, 3670, 525.29, 1
3440, 13851, 4, 0, 17524, 17527, 3676, 3672, 919.00, 1
3441, 13854, 4, 0, 17528, 17531, 3677, 3673, 919.25, 1
3442, 13859, 9, 0, 17532, 17540, 3681, 3672, 409.00, 1
3443, 13874, 3, 0, 17541, 17543, 3669, 3666, 1223.00, 1
3444, 13881, 9, 0, 17544, 17552, 3671, 3662, 407.89, 1
3445, 13883, 7, 0, 17553, 17559, 3676, 3669, 525.14, 1
3446, 13885, 2, 0, 17560, 17561, 3676, 3674, 1838.00, 1
3447, 13903, 4, 0, 17562, 17565, 3662, 3658, 915.50, 1
3448, 13904, 3, 0, 17566, 17568, 3664, 3661, 1221.33, 1
3449, 13912, 10, 0, 17569, 17578, 3666, 3656, 366.60, 1
3450, 13913, 6, 0, 17579, 17584, 3671, 3665, 611.83, 1
3451, 13917, 2, 0, 17585, 17586, 3669, 3667, 1834.50, 1
3452, 13919, 13, 0, 17587, 17599, 3680, 3667, 283.08, 1
3453, 13922, 1, 0, 17600, 17600, 3678, 3677, 3678.00, 1
3454, 13924, 3, 0, 17601, 17603, 3679, 3676, 1226.33, 1
3455, 13930, 3, 0, 17604, 17606, 3676, 3673, 1225.33, 1
3456, 13932, 13, 0, 17607, 17619, 3687, 3674, 283.62, 1
3457, 13933, 2, 0, 17620, 17621, 3688, 3686, 1844.00, 1
3458, 13936, 4, 0, 17622, 17625, 3689, 3685, 922.25, 1
3459, 13938, 2, 0, 17626, 17627, 3689, 3687, 1844.50, 1
3460, 13949, 3, 0, 17628, 17630, 3681, 3678, 1227.00, 1
3461, 13952, 2, 0, 17631, 17632, 3680, 3678, 1840.00, 1
3462, 13953, 7, 0, 17633, 17639, 3686, 3679, 526.57, 1
3463, 13961, 1, 0, 17640, 17640, 3679, 3678, 3679.00, 1
3464, 13965, 2, 0, 17641, 17642, 3677, 3675, 1838.50, 1
3465, 13968, 1, 0, 17643, 17643, 3675, 3674, 3675.00, 1
3466, 13972, 1, 0, 17644, 17644, 3672, 3671, 3672.00, 1
3467, 13974, 1, 0, 17645, 17645, 3671, 3670, 3671.00, 1
3468, 13975, 1, 0, 17646, 17646, 3671, 3670, 3671.00, 1
3469, 13979, 1, 0, 17647, 17647, 3668, 3667, 3668.00, 1
3470, 13984, 8, 0, 17648, 17655, 3671, 3663, 458.88, 1
3471, 13994, 6, 0, 17656, 17661, 3667, 3661, 611.17, 1
3472, 13995, 3, 0, 17662, 17664, 3669, 3666, 1223.00, 1
3473, 14006, 8, 0, 17665, 17672, 3666, 3658, 458.25, 1
3474, 14011, 2, 0, 17673, 17674, 3663, 3661, 1831.50, 1
3475, 14016, 12, 0, 17675, 17686, 3670, 3658, 305.83, 1
3476, 14020, 6, 0, 17687, 17692, 3672, 3666, 612.00, 1
3477, 14024, 3, 0, 17693, 17695, 3671, 3668, 1223.67, 1
3478, 14025, 25, 0, 17696, 17720, 3695, 3670, 147.80, 1
3479, 14026, 3, 0, 17721, 17723, 3697, 3694, 1232.33, 1
3480, 14029, 6, 0, 17724, 17729, 3700, 3694, 616.67, 1
3481, 14031, 3, 0, 17730, 17732, 3701, 3698, 1233.67, 1
3482, 14034, 4, 0, 17733, 17736, 3702, 3698, 925.50, 1
3483, 14038, 1, 0, 17737, 17737, 3699, 3698, 3699.00, 1
3484, 14041, 11, 0, 17738, 17748, 3707, 3696, 337.00, 1
3485, 14042, 2, 0, 17749, 17750, 3708, 3706, 1854.00, 1
3486, 14043, 8, 0, 17751, 17758, 3715, 3707, 464.38, 1
3487, 14048, 3, 0, 17759, 17761, 3713, 3710, 1237.67, 1
3488, 14049, 4, 0, 17762, 17765, 3716, 3712, 929.00, 1
3489, 14059, 5, 0, 17766, 17770, 3711, 3706, 742.20, 1
3490, 14061, 1, 0, 17771, 17771, 3710, 3709, 3710.00, 1
3491, 14063, 7, 0, 17772, 17778, 3715, 3708, 530.71, 1
3492, 14080, 1, 0, 17779, 17779, 3699, 3698, 3699.00, 1
3493, 14084, 5, 0, 17780, 17784, 3700, 3695, 740.00, 1
3494, 14089, 7, 0, 17785, 17791, 3702, 3695, 528.86, 1
3495, 14090, 8, 0, 17792, 17799, 3709, 3701, 463.62, 1
3496, 14092, 2, 0, 17800, 17801, 3709, 3707, 1854.50, 1
3497, 14095, 1, 0, 17802, 17802, 3707, 3706, 3707.00, 1
3498, 14097, 3, 0, 17803, 17805, 3708, 3705, 1236.00, 1
3499, 14107, 6, 0, 17806, 17811, 3704, 3698, 617.33, 1
3500, 14108, 1, 0, 17812, 17812, 3704, 3703, 3704.00, 1
3501, 14114, 9, 0, 17813, 17821, 3707, 3698, 411.89, 1
3502, 14118, 3, 0, 17822, 17824, 3706, 3703, 1235.33, 1
3503, 14120, 4, 0, 17825, 17828, 3708, 3704, 927.00, 1
3504, 14126, 2, 0, 17829, 17830, 3704, 3702, 1852.00, 1
3505, 14146, 6, 0, 17831, 17836, 3690, 3684, 615.00, 1
3506, 14153, 2, 0, 17837, 17838, 3685, 3683, 1842.50, 1
3507, 14159, 11, 0, 17839, 17849, 3690, 3679, 335.45, 1
3508, 14167, 1, 0, 17850, 17850, 3683, 3682, 3683.00, 1
3509, 14173, 4, 0, 17851, 17854, 3681, 3677, 920.25, 1
3510, 14177, 1, 0, 17855, 17855, 3678, 3677, 3678.00, 1
3511, 14178, 1, 0, 17856, 17856, 3678, 3677, 3678.00, 1
3512, 14179, 16, 0, 17857, 17872, 3693, 3677, 230.81, 1
3513, 14181, 5, 0, 17873, 17877, 3696, 3691, 739.20, 1
3514, 14189, 1, 0, 17878, 17878, 3689, 3688, 3689.00, 1
3515, 14191, 2, 0, 17879, 17880, 3689, 3687, 1844.50, 1
3516, 14194, 1, 0, 17881, 17881, 3687, 3686, 3687.00, 1
3517, 14195, 27, 0, 17882, 17908, 3713, 3686, 137.52, 1
3518, 14199, 6, 0, 17909, 17914, 3715, 3709, 619.17, 1
3519, 14200, 3, 0, 17915, 17917, 3717, 3714, 1239.00, 1
3520, 14202, 1, 0, 17918, 17918, 3716, 3715, 3716.00, 1
3521, 14206, 17, 0, 17919, 17935, 3729, 3712, 219.35, 1
3522, 14209, 5, 0, 17936, 17940, 3731, 3726, 746.20, 1
3523, 14214, 1, 0, 17941, 17941, 3727, 3726, 3727.00, 1
3524, 14216, 1, 0, 17942, 17942, 3726, 3725, 3726.00, 1
3525, 14219, 14, 0, 17943, 17956, 3737, 3723, 266.93, 1
3526, 14220, 4, 0, 17957, 17960, 3740, 3736, 935.00, 1
3527, 14222, 4, 0, 17961, 17964, 3742, 3738, 935.50, 1
3528, 14229, 1, 0, 17965, 17965, 3736, 3735, 3736.00, 1
3529, 14234, 1, 0, 17966, 17966, 3732, 3731, 3732.00, 1
3530, 14239, 1, 0, 17967, 17967, 3728, 3727, 3728.00, 1
3531, 14241, 3, 0, 17968, 17970, 3729, 3726, 1243.00, 1
3532, 14247, 19, 0, 17971, 17989, 3742, 3723, 196.95, 1
3533, 14249, 6, 0, 17990, 17995, 3746, 3740, 624.33, 1
3534, 14251, 2, 0, 17996, 17997, 3746, 3744, 1873.00, 1
3535, 14257, 2, 0, 17998, 17999, 3742, 3740, 1871.00, 1
3536, 14258, 1, 0, 18000, 18000, 3742, 3741, 3742.00, 1
3537, 14266, 1, 0, 18001, 18001, 3735, 3734, 3735.00, 1
3538, 14271, 4, 0, 18002, 18005, 3734, 3730, 933.50, 1
3539, 14274, 5, 0, 18006, 18010, 3736, 3731, 747.20, 1
3540, 14275, 4, 0, 18011, 18014, 3739, 3735, 934.75, 1
3541, 14277, 2, 0, 18015, 18016, 3739, 3737, 1869.50, 1
3542, 14281, 2, 0, 18017, 18018, 3737, 3735, 1868.50, 1
3543, 14282, 3, 0, 18019, 18021, 3739, 3736, 1246.33, 1
3544, 14284, 2, 0, 18022, 18023, 3739, 3737, 1869.50, 1
3545, 14285, 1, 0, 18024, 18024, 3739, 3738, 3739.00, 1
3546, 14286, 1, 0, 18025, 18025, 3739, 3738, 3739.00, 1
3547, 14288, 14, 0, 18026, 18039, 3751, 3737, 267.93, 1
3548, 14291, 3, 0, 18040, 18042, 3751, 3748, 1250.33, 1
3549, 14295, 4, 0, 18043, 18046, 3751, 3747, 937.75, 1
3550, 14297, 13, 0, 18047, 18059, 3762, 3749, 289.38, 1
3551, 14298, 13, 0, 18060, 18072, 3774, 3761, 290.31, 1
3552, 14299, 7, 0, 18073, 18079, 3780, 3773, 540.00, 1
3553, 14302, 6, 0, 18080, 18085, 3783, 3777, 630.50, 1
3554, 14311, 5, 0, 18086, 18090, 3779, 3774, 755.80, 1
3555, 14313, 3, 0, 18091, 18093, 3780, 3777, 1260.00, 1
3556, 14314, 2, 0, 18094, 18095, 3781, 3779, 1890.50, 1
3557, 14325, 2, 0, 18096, 18097, 3772, 3770, 1886.00, 1
3558, 14326, 2, 0, 18098, 18099, 3773, 3771, 1886.50, 1
3559, 14328, 1, 0, 18100, 18100, 3772, 3771, 3772.00, 1
3560, 14332, 2, 0, 18101, 18102, 3770, 3768, 1885.00, 1
3561, 14335, 4, 0, 18103, 18106, 3771, 3767, 942.75, 1
3562, 14340, 2, 0, 18107, 18108, 3768, 3766, 1884.00, 1
3563, 14342, 6, 0, 18109, 18114, 3772, 3766, 628.67, 1
3564, 14345, 3, 0, 18115, 18117, 3772, 3769, 1257.33, 1
3565, 14347, 4, 0, 18118, 18121, 3774, 3770, 943.50, 1
3566, 14351, 3, 0, 18122, 18124, 3773, 3770, 1257.67, 1
3567, 14353, 4, 0, 18125, 18128, 3775, 3771, 943.75, 1
3568, 14356, 5, 0, 18129, 18133, 3777, 3772, 755.40, 1
3569, 14358, 4, 0, 18134, 18137, 3779, 3775, 944.75, 1
3570, 14360, 2, 0, 18138, 18139, 3779, 3777, 1889.50, 1
3571, 14361, 2, 0, 18140, 18141, 3780, 3778, 1890.00, 1
3572, 14363, 9, 0, 18142, 18150, 3787, 3778, 420.78, 1
3573, 14368, 1, 0, 18151, 18151, 3783, 3782, 3783.00, 1
3574, 14370, 5, 0, 18152, 18156, 3786, 3781, 757.20, 1
3575, 14374, 4, 0, 18157, 18160, 3786, 3782, 946.50, 1
3576, 14378, 8, 0, 18161, 18168, 3790, 3782, 473.75, 1
3577, 14384, 1, 0, 18169, 18169, 3785, 3784, 3785.00, 1
3578, 14386, 3, 0, 18170, 18172, 3786, 3783, 1262.00, 1
3579, 14395, 1, 0, 18173, 18173, 3778, 3777, 3778.00, 1
3580, 14404, 1, 0, 18174, 18174, 3770, 3769, 3770.00, 1
3581, 14407, 14, 0, 18175, 18188, 3781, 3767, 270.07, 1
3582, 14414, 2, 0, 18189, 18190, 3776, 3774, 1888.00, 1
3583, 14416, 8, 0, 18191, 18198, 3782, 3774, 472.75, 1
3584, 14420, 4, 0, 18199, 18202, 3782, 3778, 945.50, 1
3585, 14422, 1, 0, 18203, 18203, 3781, 3780, 3781.00, 1
3586, 14427, 12, 0, 18204, 18215, 3788, 3776, 315.67, 1
3587, 14428, 16, 0, 18216, 18231, 3803, 3787, 237.69, 1
3588, 14430, 2, 0, 18232, 18233, 3803, 3801, 1901.50, 1
3589, 14439, 5, 0, 18234, 18238, 3799, 3794, 759.80, 1
3590, 14452, 2, 0, 18239, 18240, 3788, 3786, 1894.00, 1
3591, 14455, 1, 0, 18241, 18241, 3786, 3785, 3786.00, 1
3592, 14457, 6, 0, 18242, 18247, 3790, 3784, 631.67, 1
3593, 14459, 1, 0, 18248, 18248, 3789, 3788, 3789.00, 1
3594, 14463, 2, 0, 18249, 18250, 3787, 3785, 1893.50, 1
3595, 14466, 2, 0, 18251, 18252, 3786, 3784, 1893.00, 1
3596, 14471, 16, 0, 18253, 18268, 3797, 3781, 237.31, 1
3597, 14478, 1, 0, 18269, 18269, 3791, 3790, 3791.00, 1
3598, 14479, 1, 0, 18270, 18270, 3791, 3790, 3791.00, 1
3599, 14481, 7, 0, 18271, 18277, 3796, 3789, 542.29, 1
3600, 14489, 7, 0, 18278, 18284, 3795, 3788, 542.14, 1
3601, 14490, 3, 0, 18285, 18287, 3797, 3794, 1265.67, 1
3602, 14494, 2, 0, 18288, 18289, 3795, 3793, 1897.50, 1
3603, 14498, 3, 0, 18290, 18292, 3794, 3791, 1264.67, 1
3604, 14500, 1, 0, 18293, 18293, 3793, 3792, 3793.00, 1
3605, 14502, 3, 0, 18294, 18296, 3794, 3791, 1264.67, 1
3606, 14503, 1, 0, 18297, 18297, 3794, 3793, 3794.00, 1
3607, 14507, 5, 0, 18298, 18302, 3795, 3790, 759.00, 1
3608, 14510, 2, 0, 18303, 18304, 3794, 3792, 1897.00, 1
3609, 14519, 7, 0, 18305, 18311, 3792, 3785, 541.71, 1
3610, 14520, 6, 0, 18312, 18317, 3797, 3791, 632.83, 1
3611, 14523, 8, 0, 18318, 18325, 3802, 3794, 475.25, 1
3612, 14526, 2, 0, 18326, 18327, 3801, 3799, 1900.50, 1
3613, 14527, 12, 0, 18328, 18339, 3812, 3800, 317.67, 1
3614, 14530, 5, 0, 18340, 18344, 3814, 3809, 762.80, 1
3615, 14531, 2, 0, 18345, 18346, 3815, 3813, 1907.50, 1
3616, 14537, 2, 0, 18347, 18348, 3811, 3809, 1905.50, 1
3617, 14540, 6, 0, 18349, 18354, 3814, 3808, 635.67, 1
3618, 14541, 1, 0, 18355, 18355, 3814, 3813, 3814.00, 1
3619, 14547, 5, 0, 18356, 18360, 3813, 3808, 762.60, 1
3620, 14548, 1, 0, 18361, 18361, 3813, 3812, 3813.00, 1
3621, 14550, 4, 0, 18362, 18365, 3815, 3811, 953.75, 1
3622, 14553, 1, 0, 18366, 18366, 3813, 3812, 3813.00, 1
3623, 14556, 6, 0, 18367, 18372, 3816, 3810, 636.00, 1
3624, 14559, 1, 0, 18373, 18373, 3814, 3813, 3814.00, 1
3625, 14563, 1, 0, 18374, 18374, 3811, 3810, 3811.00, 1
3626, 14566, 3, 0, 18375, 18377, 3811, 3808, 1270.33, 1
3627, 14568, 16, 0, 18378, 18393, 3825, 3809, 239.06, 1
3628, 14578, 4, 0, 18394, 18397, 3819, 3815, 954.75, 1
3629, 14580, 3, 0, 18398, 18400, 3820, 3817, 1273.33, 1
3630, 14584, 2, 0, 18401, 18402, 3818, 3816, 1909.00, 1
3631, 14587, 21, 0, 18403, 18423, 3836, 3815, 182.67, 1
3632, 14589, 5, 0, 18424, 18428, 3839, 3834, 767.80, 1
3633, 14590, 16, 0, 18429, 18444, 3854, 3838, 240.88, 1
3634, 14599, 15, 0, 18445, 18459, 3860, 3845, 257.33, 1
3635, 14600, 3, 0, 18460, 18462, 3862, 3859, 1287.33, 1
3636, 14608, 33, 0, 18463, 18495, 3887, 3854, 117.79, 1
3637, 14617, 5, 0, 18496, 18500, 3883, 3878, 776.60, 1
3638, 14621, 3, 0, 18501, 18503, 3882, 3879, 1294.00, 1
3639, 14622, 4, 0, 18504, 18507, 3885, 3881, 971.25, 1
3640, 14640, 1, 0, 18508, 18508, 3868, 3867, 3868.00, 1
3641, 14642, 10, 0, 18509, 18518, 3876, 3866, 387.60, 1
3642, 14644, 4, 0, 18519, 18522, 3878, 3874, 969.50, 1
3643, 14645, 2, 0, 18523, 18524, 3879, 3877, 1939.50, 1
3644, 14647, 1, 0, 18525, 18525, 3878, 3877, 3878.00, 1
3645, 14649, 9, 0, 18526, 18534, 3885, 3876, 431.67, 1
3646, 14666, 21, 0, 18535, 18555, 3889, 3868, 185.19, 1
3647, 14667, 7, 0, 18556, 18562, 3895, 3888, 556.43, 1
3648, 14669, 7, 0, 18563, 18569, 3900, 3893, 557.14, 1
3649, 14670, 4, 0, 18570, 18573, 3903, 3899, 975.75, 1
3650, 14679, 6, 0, 18574, 18579, 3900, 3894, 650.00, 1
3651, 14692, 1, 0, 18580, 18580, 3888, 3887, 3888.00, 1
3652, 14694, 2, 0, 18581, 18582, 3888, 3886, 1944.00, 1
3653, 14701, 19, 0, 18583, 18601, 3900, 3881, 205.26, 1
3654, 14702, 3, 0, 18602, 18604, 3902, 3899, 1300.67, 1
3655, 14705, 23, 0, 18605, 18627, 3922, 3899, 170.52, 1
3656, 14708, 6, 0, 18628, 18633, 3925, 3919, 654.17, 1
3657, 14713, 2, 0, 18634, 18635, 3922, 3920, 1961.00, 1
3658, 14724, 1, 0, 18636, 18636, 3912, 3911, 3912.00, 1
3659, 14734, 3, 0, 18637, 18639, 3905, 3902, 1301.67, 1
3660, 14735, 12, 0, 18640, 18651, 3916, 3904, 326.33, 1
3661, 14736, 1, 0, 18652, 18652, 3916, 3915, 3916.00, 1
3662, 14741, 1, 0, 18653, 18653, 3912, 3911, 3912.00, 1
3663, 14742, 6, 0, 18654, 18659, 3917, 3911, 652.83, 1
3664, 14751, 2, 0, 18660, 18661, 3910, 3908, 1955.00, 1
3665, 14768, 6, 0, 18662, 18667, 3899, 3893, 649.83, 1
3666, 14771, 1, 0, 18668, 18668, 3897, 3896, 3897.00, 1
3667, 14772, 2, 0, 18669, 18670, 3898, 3896, 1949.00, 1
3668, 14776, 6, 0, 18671, 18676, 3900, 3894, 650.00, 1
3669, 14778, 1, 0, 18677, 18677, 3899, 3898, 3899.00, 1
3670, 14781, 3, 0, 18678, 18680, 3899, 3896, 1299.67, 1
3671, 14784, 1, 0, 18681, 18681, 3897, 3896, 3897.00, 1
3672, 14789, 11, 0, 18682, 18692, 3903, 3892, 354.82, 1
3673, 14792, 8, 0, 18693, 18700, 3908, 3900, 488.50, 1
3674, 14796, 7, 0, 18701, 18707, 3911, 3904, 558.71, 1
3675, 14800, 11, 0, 18708, 18718, 3918, 3907, 356.18, 1
3676, 14809, 5, 0, 18719, 18723, 3914, 3909, 782.80, 1
3677, 14817, 8, 0, 18724, 18731, 3914, 3906, 489.25, 1
3678, 14821, 10, 0, 18732, 18741, 3920, 3910, 392.00, 1
3679, 14826, 5, 0, 18742, 18746, 3920, 3915, 784.00, 1
3680, 14827, 1, 0, 18747, 18747, 3920, 3919, 3920.00, 1
3681, 14829, 1, 0, 18748, 18748, 3919, 3918, 3919.00, 1
3682, 14832, 2, 0, 18749, 18750, 3918, 3916, 1959.00, 1
3683, 14838, 5, 0, 18751, 18755, 3917, 3912, 783.40, 1
3684, 14839, 4, 0, 18756, 18759, 3920, 3916, 980.00, 1
3685, 14843, 5, 0, 18760, 18764, 3921, 3916, 784.20, 1
3686, 14849, 12, 0, 18765, 18776, 3927, 3915, 327.25, 1
3687, 14853, 5, 0, 18777, 18781, 3928, 3923, 785.60, 1
3688, 14868, 11, 0, 18782, 18792, 3924, 3913, 356.73, 1
3689, 14872, 2, 0, 18793, 18794, 3922, 3920, 1961.00, 1
3690, 14874, 4, 0, 18795, 18798, 3924, 3920, 981.00, 1
3691, 14875, 1, 0, 18799, 18799, 3924, 3923, 3924.00, 1
3692, 14881, 6, 0, 18800, 18805, 3924, 3918, 654.00, 1
3693, 14891, 6, 0, 18806, 18811, 3920, 3914, 653.33, 1
3694, 14893, 8, 0, 18812, 18819, 3926, 3918, 490.75, 1
3695, 14898, 2, 0, 18820, 18821, 3923, 3921, 1961.50, 1
3696, 14910, 4, 0, 18822, 18825, 3915, 3911, 978.75, 1
3697, 14915, 2, 0, 18826, 18827, 3912, 3910, 1956.00, 1
3698, 14918, 4, 0, 18828, 18831, 3913, 3909, 978.25, 1
3699, 14930, 7, 0, 18832, 18838, 3908, 3901, 558.29, 1
3700, 14931, 13, 0, 18839, 18851, 3920, 3907, 301.54, 1
3701, 14936, 1, 0, 18852, 18852, 3916, 3915, 3916.00, 1
3702, 14938, 22, 0, 18853, 18874, 3936, 3914, 178.91, 1
3703, 14944, 3, 0, 18875, 18877, 3933, 3930, 1311.00, 1
3704, 14946, 1, 0, 18878, 18878, 3932, 3931, 3932.00, 1
3705, 14950, 3, 0, 18879, 18881, 3931, 3928, 1310.33, 1
3706, 14954, 2, 0, 18882, 18883, 3929, 3927, 1964.50, 1
3707, 14956, 4, 0, 18884, 18887, 3931, 3927, 982.75, 1
3708, 14969, 1, 0, 18888, 18888, 3919, 3918, 3919.00, 1
3709, 14977, 1, 0, 18889, 18889, 3912, 3911, 3912.00, 1
3710, 14979, 3, 0, 18890, 18892, 3913, 3910, 1304.33, 1
3711, 14982, 3, 0, 18893, 18895, 3913, 3910, 1304.33, 1
3712, 14984, 14, 0, 18896, 18909, 3925, 3911, 280.36, 1
3713, 14987, 1, 0, 18910, 18910, 3923, 3922, 3923.00, 1
3714, 14988, 9, 0, 18911, 18919, 3931, 3922, 436.78, 1
3715, 14990, 10, 0, 18920, 18929, 3939, 3929, 393.90, 1
3716, 14992, 2, 0, 18930, 18931, 3939, 3937, 1969.50, 1
3717, 14993, 21, 0, 18932, 18952, 3959, 3938, 188.52, 1
3718, 14997, 2, 0, 18953, 18954, 3957, 3955, 1978.50, 1
3719, 15001, 6, 0, 18955, 18960, 3959, 3953, 659.83, 1
3720, 15005, 8, 0, 18961, 18968, 3963, 3955, 495.38, 1
3721, 15008, 18, 0, 18969, 18986, 3978, 3960, 221.00, 1
3722, 15009, 2, 0, 18987, 18988, 3979, 3977, 1989.50, 1
3723, 15011, 2, 0, 18989, 18990, 3979, 3977, 1989.50, 1
3724, 15015, 2, 0, 18991, 18992, 3977, 3975, 1988.50, 1
3725, 15017, 4, 0, 18993, 18996, 3979, 3975, 994.75, 1
3726, 15019, 22, 0, 18997, 19018, 3999, 3977, 181.77, 1
3727, 15024, 2, 0, 19019, 19020, 3996, 3994, 1998.00, 1
3728, 15027, 13, 0, 19021, 19033, 4006, 3993, 308.15, 1
3729, 15039, 1, 0, 19034, 19034, 3995, 3994, 3995.00, 1
3730, 15041, 11, 0, 19035, 19045, 4004, 3993, 364.00, 1
3731, 15043, 7, 0, 19046, 19052, 4009, 4002, 572.71, 1
3732, 15045, 1, 0, 19053, 19053, 4008, 4007, 4008.00, 1
3733, 15048, 3, 0, 19054, 19056, 4008, 4005, 1336.00, 1
3734, 15050, 4, 0, 19057, 19060, 4010, 4006, 1002.50, 1
3735, 15053, 16, 0, 19061, 19076, 4023, 4007, 251.44, 1
3736, 15054, 1, 0, 19077, 19077, 4023, 4022, 4023.00, 1
3737, 15056, 5, 0, 19078, 19082, 4026, 4021, 805.20, 1
3738, 15064, 3, 0, 19083, 19085, 4021, 4018, 1340.33, 1
3739, 15069, 1, 0, 19086, 19086, 4017, 4016, 4017.00, 1
3740, 15072, 3, 0, 19087, 19089, 4017, 4014, 1339.00, 1
3741, 15076, 1, 0, 19090, 19090, 4014, 4013, 4014.00, 1
3742, 15083, 1, 0, 19091, 19091, 4008, 4007, 4008.00, 1
3743, 15086, 5, 0, 19092, 19096, 4010, 4005, 802.00, 1
3744, 15092, 3, 0, 19097, 19099, 4007, 4004, 1335.67, 1
3745, 15094, 6, 0, 19100, 19105, 4011, 4005, 668.50, 1
3746, 15096, 7, 0, 19106, 19112, 4016, 4009, 573.71, 1
3747, 15100, 8, 0, 19113, 19120, 4020, 4012, 502.50, 1
3748, 15101, 1, 0, 19121, 19121, 4020, 4019, 4020.00, 1
3749, 15102, 1, 0, 19122, 19122, 4020, 4019, 4020.00, 1
3750, 15109, 6, 0, 19123, 19128, 4019, 4013, 669.83, 1
3751, 15113, 7, 0, 19129, 19135, 4022, 4015, 574.57, 1
3752, 15114, 7, 0, 19136, 19142, 4028, 4021, 575.43, 1
3753, 15119, 1, 0, 19143, 19143, 4024, 4023, 4024.00, 1
3754, 15129, 4, 0, 19144, 19147, 4018, 4014, 1004.50, 1
3755, 15135, 1, 0, 19148, 19148, 4013, 4012, 4013.00, 1
3756, 15137, 2, 0, 19149, 19150, 4013, 4011, 2006.50, 1
3757, 15140, 5, 0, 19151, 19155, 4015, 4010, 803.00, 1
3758, 15142, 3, 0, 19156, 19158, 4016, 4013, 1338.67, 1
3759, 15143, 12, 0, 19159, 19170, 4027, 4015, 335.58, 1
3760, 15148, 5, 0, 19171, 19175, 4027, 4022, 805.40, 1
3761, 15149, 17, 0, 19176, 19192, 4043, 4026, 237.82, 1
3762, 15150, 5, 0, 19193, 19197, 4047, 4042, 809.40, 1
3763, 15151, 4, 0, 19198, 19201, 4050, 4046, 1012.50, 1
3764, 15152, 6, 0, 19202, 19207, 4055, 4049, 675.83, 1
3765, 15163, 7, 0, 19208, 19214, 4051, 4044, 578.71, 1
3766, 15175, 8, 0, 19215, 19222, 4047, 4039, 505.88, 1
3767, 15176, 4, 0, 19223, 19226, 4050, 4046, 1012.50, 1
3768, 15177, 1, 0, 19227, 19227, 4050, 4049, 4050.00, 1
3769, 15184, 5, 0, 19228, 19232, 4048, 4043, 809.60, 1
3770, 15185, 7, 0, 19233, 19239, 4054, 4047, 579.14, 1
3771, 15186, 3, 0, 19240, 19242, 4056, 4053, 1352.00, 1
3772, 15188, 5, 0, 19243, 19247, 4059, 4054, 811.80, 1
3773, 15191, 10, 0, 19248, 19257, 4066, 4056, 406.60, 1
3774, 15193, 2, 0, 19258, 19259, 4066, 4064, 2033.00, 1
3775, 15201, 5, 0, 19260, 19264, 4063, 4058, 812.60, 1
3776, 15213, 2, 0, 19265, 19266, 4053, 4051, 2026.50, 1
3777, 15215, 2, 0, 19267, 19268, 4053, 4051, 2026.50, 1
3778, 15216, 4, 0, 19269, 19272, 4056, 4052, 1014.00, 1
3779, 15219, 4, 0, 19273, 19276, 4057, 4053, 1014.25, 1
3780, 15220, 24, 0, 19277, 19300, 4080, 4056, 170.00, 1
3781, 15225, 14, 0, 19301, 19314, 4089, 4075, 292.07, 1
3782, 15228, 5, 0, 19315, 19319, 4091, 4086, 818.20, 1
3783, 15233, 1, 0, 19320, 19320, 4087, 4086, 4087.00, 1
3784, 15238, 1, 0, 19321, 19321, 4083, 4082, 4083.00, 1
3785, 15240, 7, 0, 19322, 19328, 4088, 4081, 584.00, 1
3786, 15244, 4, 0, 19329, 19332, 4088, 4084, 1022.00, 1
3787, 15265, 7, 0, 19333, 19339, 4074, 4067, 582.00, 1
3788, 15272, 1, 0, 19340, 19340, 4068, 4067, 4068.00, 1
3789, 15273, 1, 0, 19341, 19341, 4068, 4067, 4068.00, 1
3790, 15277, 1, 0, 19342, 19342, 4065, 4064, 4065.00, 1
3791, 15278, 5, 0, 19343, 19347, 4069, 4064, 813.80, 1
3792, 15281, 1, 0, 19348, 19348, 4067, 4066, 4067.00, 1
3793, 15289, 1, 0, 19349, 19349, 4060, 4059, 4060.00, 1
3794, 15291, 1, 0, 19350, 19350, 4059, 4058, 4059.00, 1
3795, 15304, 5, 0, 19351, 19355, 4051, 4046, 810.20, 1
3796, 15308, 3, 0, 19356, 19358, 4050, 4047, 1350.00, 1
3797, 15312, 1, 0, 19359, 19359, 4047, 4046, 4047.00, 1
3798, 15314, 5, 0, 19360, 19364, 4050, 4045, 810.00, 1
3799, 15317, 2, 0, 19365, 19366, 4049, 4047, 2024.50, 1
3800, 15321, 2, 0, 19367, 19368, 4047, 4045, 2023.50, 1
3801, 15322, 1, 0, 19369, 19369, 4047, 4046, 4047.00, 1
3802, 15326, 2, 0, 19370, 19371, 4045, 4043, 2022.50, 1
3803, 15328, 2, 0, 19372, 19373, 4045, 4043, 2022.50, 1
3804, 15329, 3, 0, 19374, 19376, 4047, 4044, 1349.00, 1
3805, 15331, 1, 0, 19377, 19377, 4046, 4045, 4046.00, 1
3806, 15345, 3, 0, 19378, 19380, 4035, 4032, 1345.00, 1
3807, 15346, 5, 0, 19381, 19385, 4039, 4034, 807.80, 1
3808, 15349, 5, 0, 19386, 19390, 4041, 4036, 808.20, 1
3809, 15356, 13, 0, 19391, 19403, 4047, 4034, 311.31, 1
3810, 15358, 13, 0, 19404, 19416, 4058, 4045, 312.15, 1
3811, 15360, 1, 0, 19417, 19417, 4057, 4056, 4057.00, 1
3812, 15366, 1, 0, 19418, 19418, 4052, 4051, 4052.00, 1
3813, 15372, 11, 0, 19419, 19429, 4057, 4046, 368.82, 1
3814, 15374, 3, 0, 19430, 19432, 4058, 4055, 1352.67, 1
3815, 15377, 4, 0, 19433, 19436, 4059, 4055, 1014.75, 1
3816, 15383, 2, 0, 19437, 19438, 4055, 4053, 2027.50, 1
3817, 15385, 1, 0, 19439, 19439, 4054, 4053, 4054.00, 1
3818, 15389, 4, 0, 19440, 19443, 4054, 4050, 1013.50, 1
3819, 15391, 9, 0, 19444, 19452, 4061, 4052, 451.22, 1
3820, 15393, 4, 0, 19453, 19456, 4063, 4059, 1015.75, 1
3821, 15396, 1, 0, 19457, 19457, 4061, 4060, 4061.00, 1
3822, 15400, 3, 0, 19458, 19460, 4060, 4057, 1353.33, 1
3823, 15404, 2, 0, 19461, 19462, 4058, 4056, 2029.00, 1
3824, 15405, 14, 0, 19463, 19476, 4071, 4057, 290.79, 1
3825, 15408, 2, 0, 19477, 19478, 4070, 4068, 2035.00, 1
3826, 15411, 5, 0, 19479, 19483, 4072, 4067, 814.40, 1
3827, 15414, 3, 0, 19484, 19486, 4072, 4069, 1357.33, 1
3828, 15418, 3, 0, 19487, 19489, 4071, 4068, 1357.00, 1
3829, 15429, 1, 0, 19490, 19490, 4061, 4060, 4061.00, 1
3830, 15432, 4, 0, 19491, 19494, 4062, 4058, 1015.50, 1
3831, 15437, 1, 0, 19495, 19495, 4058, 4057, 4058.00, 1
3832, 15439, 5, 0, 19496, 19500, 4061, 4056, 812.20, 1
3833, 15441, 1, 0, 19501, 19501, 4060, 4059, 4060.00, 1
3834, 15442, 5, 0, 19502, 19506, 4064, 4059, 812.80, 1
3835, 15445, 4, 0, 19507, 19510, 4065, 4061, 1016.25, 1
3836, 15449, 11, 0, 19511, 19521, 4072, 4061, 370.18, 1
3837, 15457, 2, 0, 19522, 19523, 4066, 4064, 2033.00, 1
3838, 15461, 6, 0, 19524, 19529, 4068, 4062, 678.00, 1
3839, 15467, 3, 0, 19530, 19532, 4065, 4062, 1355.00, 1
3840, 15472, 4, 0, 19533, 19536, 4064, 4060, 1016.00, 1
3841, 15474, 2, 0, 19537, 19538, 4064, 4062, 2032.00, 1
3842, 15476, 3, 0, 19539, 19541, 4065, 4062, 1355.00, 1
3843, 15477, 1, 0, 19542, 19542, 4065, 4064, 4065.00, 1
3844, 15478, 4, 0, 19543, 19546, 4068, 4064, 1017.00, 1
3845, 15479, 7, 0, 19547, 19553, 4074, 4067, 582.00, 1
3846, 15483, 2, 0, 19554, 19555, 4072, 4070, 2036.00, 1
3847, 15488, 4, 0, 19556, 19559, 4071, 4067, 1017.75, 1
3848, 15491, 1, 0, 19560, 19560, 4069, 4068, 4069.00, 1
3849, 15492, 2, 0, 19561, 19562, 4070, 4068, 2035.00, 1
3850, 15495, 5, 0, 19563, 19567, 4072, 4067, 814.40, 1
3851, 15505, 4, 0, 19568, 19571, 4066, 4062, 1016.50, 1
3852, 15506, 6, 0, 19572, 19577, 4071, 4065, 678.50, 1
3853, 15514, 15, 0, 19578, 19592, 4078, 4063, 271.87, 1
3854, 15518, 2, 0, 19593, 19594, 4076, 4074, 2038.00, 1
3855, 15527, 2, 0, 19595, 19596, 4069, 4067, 2034.50, 1
3856, 15532, 1, 0, 19597, 19597, 4065, 4064, 4065.00, 1
3857, 15536, 3, 0, 19598, 19600, 4064, 4061, 1354.67, 1
3858, 15537, 5, 0, 19601, 19605, 4068, 4063, 813.60, 1
3859, 15538, 1, 0, 19606, 19606, 4068, 4067, 4068.00, 1
3860, 15540, 3, 0, 19607, 19609, 4069, 4066, 1356.33, 1
3861, 15550, 2, 0, 19610, 19611, 4061, 4059, 2030.50, 1
3862, 15552, 3, 0, 19612, 19614, 4062, 4059, 1354.00, 1
3863, 15554, 4, 0, 19615, 19618, 4064, 4060, 1016.00, 1
3864, 15556, 1, 0, 19619, 19619, 4063, 4062, 4063.00, 1
3865, 15559, 1, 0, 19620, 19620, 4061, 4060, 4061.00, 1
3866, 15562, 3, 0, 19621, 19623, 4061, 4058, 1353.67, 1
3867, 15563, 5, 0, 19624, 19628, 4065, 4060, 813.00, 1
3868, 15567, 3, 0, 19629, 19631, 4064, 4061, 1354.67, 1
3869, 15569, 3, 0, 19632, 19634, 4065, 4062, 1355.00, 1
3870, 15571, 9, 0, 19635, 19643, 4072, 4063, 452.44, 1
3871, 15578, 5, 0, 19644, 19648, 4070, 4065, 814.00, 1
3872, 15583, 7, 0, 19649, 19655, 4072, 4065, 581.71, 1
3873, 15584, 1, 0, 19656, 19656, 4072, 4071, 4072.00, 1
3874, 15592, 7, 0, 19657, 19663, 4071, 4064, 581.57, 1
3875, 15595, 8, 0, 19664, 19671, 4076, 4068, 509.50, 1
3876, 15596, 1, 0, 19672, 19672, 4076, 4075, 4076.00, 1
3877, 15597, 2, 0, 19673, 19674, 4077, 4075, 2038.50, 1
3878, 15600, 27, 0, 19675, 19701, 4101, 4074, 151.89, 1
3879, 15607, 8, 0, 19702, 19709, 4102, 4094, 512.75, 1
3880, 15617, 2, 0, 19710, 19711, 4094, 4092, 2047.00, 1
3881, 15622, 2, 0, 19712, 19713, 4091, 4089, 2045.50, 1
3882, 15629, 1, 0, 19714, 19714, 4085, 4084, 4085.00, 1
3883, 15638, 4, 0, 19715, 19718, 4080, 4076, 1020.00, 1
3884, 15641, 3, 0, 19719, 19721, 4080, 4077, 1360.00, 1
3885, 15642, 12, 0, 19722, 19733, 4091, 4079, 340.92, 1
3886, 15643, 6, 0, 19734, 19739, 4096, 4090, 682.67, 1
3887, 15645, 6, 0, 19740, 19745, 4100, 4094, 683.33, 1
3888, 15648, 15, 0, 19746, 19760, 4112, 4097, 274.13, 1
3889, 15664, 6, 0, 19761, 19766, 4102, 4096, 683.67, 1
3890, 15669, 3, 0, 19767, 19769, 4100, 4097, 1366.67, 1
3891, 15674, 11, 0, 19770, 19780, 4106, 4095, 373.27, 1
3892, 15678, 5, 0, 19781, 19785, 4107, 4102, 821.40, 1
3893, 15679, 8, 0, 19786, 19793, 4114, 4106, 514.25, 1
3894, 15682, 1, 0, 19794, 19794, 4112, 4111, 4112.00, 1
3895, 15684, 1, 0, 19795, 19795, 4111, 4110, 4111.00, 1
3896, 15692, 1, 0, 19796, 19796, 4104, 4103, 4104.00, 1
3897, 15703, 4, 0, 19797, 19800, 4097, 4093, 1024.25, 1
3898, 15704, 11, 0, 19801, 19811, 4107, 4096, 373.36, 1
3899, 15713, 2, 0, 19812, 19813, 4100, 4098, 2050.00, 1
3900, 15715, 1, 0, 19814, 19814, 4099, 4098, 4099.00, 1
3901, 15717, 2, 0, 19815, 19816, 4099, 4097, 2049.50, 1
3902, 15720, 4, 0, 19817, 19820, 4100, 4096, 1025.00, 1
3903, 15728, 3, 0, 19821, 19823, 4095, 4092, 1365.00, 1
3904, 15729, 5, 0, 19824, 19828, 4099, 4094, 819.80, 1
3905, 15732, 10, 0, 19829, 19838, 4106, 4096, 410.60, 1
3906, 15737, 3, 0, 19839, 19841, 4104, 4101, 1368.00, 1
3907, 15750, 3, 0, 19842, 19844, 4094, 4091, 1364.67, 1
3908, 15758, 4, 0, 19845, 19848, 4090, 4086, 1022.50, 1
3909, 15764, 8, 0, 19849, 19856, 4092, 4084, 511.50, 1
3910, 15765, 3, 0, 19857, 19859, 4094, 4091, 1364.67, 1
3911, 15768, 12, 0, 19860, 19871, 4103, 4091, 341.92, 1
3912, 15769, 1, 0, 19872, 19872, 4103, 4102, 4103.00, 1
3913, 15770, 6, 0, 19873, 19878, 4108, 4102, 684.67, 1
3914, 15785, 6, 0, 19879, 19884, 4099, 4093, 683.17, 1
3915, 15791, 18, 0, 19885, 19902, 4111, 4093, 228.39, 1
3916, 15794, 9, 0, 19903, 19911, 4117, 4108, 457.44, 1
3917, 15798, 8, 0, 19912, 19919, 4121, 4113, 515.12, 1
3918, 15799, 5, 0, 19920, 19924, 4125, 4120, 825.00, 1
3919, 15810, 1, 0, 19925, 19925, 4115, 4114, 4115.00, 1
3920, 15816, 5, 0, 19926, 19930, 4114, 4109, 822.80, 1
3921, 15817, 7, 0, 19931, 19937, 4120, 4113, 588.57, 1
3922, 15834, 2, 0, 19938, 19939, 4105, 4103, 2052.50, 1
3923, 15839, 2, 0, 19940, 19941, 4102, 4100, 2051.00, 1
3924, 15842, 10, 0, 19942, 19951, 4109, 4099, 410.90, 1
3925, 15843, 2, 0, 19952, 19953, 4110, 4108, 2055.00, 1
3926, 15848, 15, 0, 19954, 19968, 4120, 4105, 274.67, 1
3927, 15849, 13, 0, 19969, 19981, 4132, 4119, 317.85, 1
3928, 15850, 5, 0, 19982, 19986, 4136, 4131, 827.20, 1
3929, 15855, 5, 0, 19987, 19991, 4136, 4131, 827.20, 1
3930, 15858, 6, 0, 19992, 19997, 4139, 4133, 689.83, 1
3931, 15862, 2, 0, 19998, 19999, 4137, 4135, 2068.50, 1
3932, 15863, 3, 0, 20000, 20002, 4139, 4136, 1379.67, 1
3933, 15869, 8, 0, 20003, 20010, 4141, 4133, 517.62, 1
3934, 15870, 1, 0, 20011, 20011, 4141, 4140, 4141.00, 1
3935, 15874, 6, 0, 20012, 20017, 4143, 4137, 690.50, 1
3936, 15879, 4, 0, 20018, 20021, 4142, 4138, 1035.50, 1
3937, 15880, 8, 0, 20022, 20029, 4149, 4141, 518.62, 1
3938, 15882, 2, 0, 20030, 20031, 4149, 4147, 2074.50, 1
3939, 15886, 6, 0, 20032, 20037, 4151, 4145, 691.83, 1
3940, 15888, 3, 0, 20038, 20040, 4152, 4149, 1384.00, 1
3941, 15891, 1, 0, 20041, 20041, 4150, 4149, 4150.00, 1
3942, 15892, 6, 0, 20042, 20047, 4155, 4149, 692.50, 1
3943, 15896, 1, 0, 20048, 20048, 4152, 4151, 4152.00, 1
3944, 15897, 4, 0, 20049, 20052, 4155, 4151, 1038.75, 1
3945, 15898, 2, 0, 20053, 20054, 4156, 4154, 2078.00, 1
3946, 15901, 10, 0, 20055, 20064, 4163, 4153, 416.30, 1
3947, 15902, 1, 0, 20065, 20065, 4163, 4162, 4163.00, 1
3948, 15903, 6, 0, 20066, 20071, 4168, 4162, 694.67, 1
3949, 15904, 1, 0, 20072, 20072, 4168, 4167, 4168.00, 1
3950, 15912, 5, 0, 20073, 20077, 4165, 4160, 833.00, 1
3951, 15922, 6, 0, 20078, 20083, 4161, 4155, 693.50, 1
3952, 15931, 1, 0, 20084, 20084, 4153, 4152, 4153.00, 1
3953, 15932, 4, 0, 20085, 20088, 4156, 4152, 1039.00, 1
3954, 15934, 1, 0, 20089, 20089, 4155, 4154, 4155.00, 1
3955, 15940, 1, 0, 20090, 20090, 4150, 4149, 4150.00, 1
3956, 15950, 2, 0, 20091, 20092, 4142, 4140, 2071.00, 1
3957, 15953, 3, 0, 20093, 20095, 4142, 4139, 1380.67, 1
3958, 15954, 3, 0, 20096, 20098, 4144, 4141, 1381.33, 1
3959, 15957, 7, 0, 20099, 20105, 4148, 4141, 592.57, 1
3960, 15961, 2, 0, 20106, 20107, 4146, 4144, 2073.00, 1
3961, 15963, 3, 0, 20108, 20110, 4147, 4144, 1382.33, 1
3962, 15964, 3, 0, 20111, 20113, 4149, 4146, 1383.00, 1
3963, 15966, 7, 0, 20114, 20120, 4154, 4147, 593.43, 1
3964, 15974, 12, 0, 20121, 20132, 4158, 4146, 346.50, 1
3965, 15977, 3, 0, 20133, 20135, 4158, 4155, 1386.00, 1
3966, 15979, 6, 0, 20136, 20141, 4162, 4156, 693.67, 1
3967, 15981, 7, 0, 20142, 20148, 4167, 4160, 595.29, 1
3968, 15982, 9, 0, 20149, 20157, 4175, 4166, 463.89, 1
3969, 15987, 1, 0, 20158, 20158, 4171, 4170, 4171.00, 1
3970, 15989, 3, 0, 20159, 20161, 4172, 4169, 1390.67, 1
3971, 15990, 6, 0, 20162, 20167, 4177, 4171, 696.17, 1
3972, 15995, 6, 0, 20168, 20173, 4178, 4172, 696.33, 1
3973, 16001, 3, 0, 20174, 20176, 4175, 4172, 1391.67, 1
3974, 16002, 8, 0, 20177, 20184, 4182, 4174, 522.75, 1
3975, 16007, 5, 0, 20185, 20189, 4182, 4177, 836.40, 1
3976, 16008, 6, 0, 20190, 20195, 4187, 4181, 697.83, 1
3977, 16009, 6, 0, 20196, 20201, 4192, 4186, 698.67, 1
3978, 16020, 8, 0, 20202, 20209, 4189, 4181, 523.62, 1
3979, 16022, 1, 0, 20210, 20210, 4188, 4187, 4188.00, 1
3980, 16023, 4, 0, 20211, 20214, 4191, 4187, 1047.75, 1
3981, 16024, 7, 0, 20215, 20221, 4197, 4190, 599.57, 1
3982, 16036, 3, 0, 20222, 20224, 4188, 4185, 1396.00, 1
3983, 16037, 8, 0, 20225, 20232, 4195, 4187, 524.38, 1
3984, 16038, 10, 0, 20233, 20242, 4204, 4194, 420.40, 1
3985, 16041, 4, 0, 20243, 20246, 4205, 4201, 1051.25, 1
3986, 16043, 2, 0, 20247, 20248, 4205, 4203, 2102.50, 1
3987, 16045, 8, 0, 20249, 20256, 4211, 4203, 526.38, 1
3988, 16048, 3, 0, 20257, 20259, 4211, 4208, 1403.67, 1
3989, 16049, 4, 0, 20260, 20263, 4214, 4210, 1053.50, 1
3990, 16050, 2, 0, 20264, 20265, 4215, 4213, 2107.50, 1
3991, 16053, 2, 0, 20266, 20267, 4214, 4212, 2107.00, 1
3992, 16057, 2, 0, 20268, 20269, 4212, 4210, 2106.00, 1
3993, 16058, 4, 0, 20270, 20273, 4215, 4211, 1053.75, 1
3994, 16062, 1, 0, 20274, 20274, 4212, 4211, 4212.00, 1
3995, 16064, 5, 0, 20275, 20279, 4215, 4210, 843.00, 1
3996, 16065, 1, 0, 20280, 20280, 4215, 4214, 4215.00, 1
3997, 16066, 1, 0, 20281, 20281, 4215, 4214, 4215.00, 1
3998, 16067, 3, 0, 20282, 20284, 4217, 4214, 1405.67, 1
3999, 16071, 9, 0, 20285, 20293, 4222, 4213, 469.11, 1
4000, 16077, 5, 0, 20294, 20298, 4221, 4216, 844.20, 1
4001, 16080, 3, 0, 20299, 20301, 4221, 4218, 1407.00, 1
4002, 16083, 8, 0, 20302, 20309, 4226, 4218, 528.25, 1
4003, 16087, 1, 0, 20310, 20310, 4223, 4222, 4223.00, 1
4004, 16088, 5, 0, 20311, 20315, 4227, 4222, 845.40, 1
4005, 16090, 1, 0, 20316, 20316, 4226, 4225, 4226.00, 1
4006, 16092, 3, 0, 20317, 20319, 4227, 4224, 1409.00, 1
4007, 16097, 1, 0, 20320, 20320, 4223, 4222, 4223.00, 1
4008, 16109, 9, 0, 20321, 20329, 4220, 4211, 468.89, 1
4009, 16110, 18, 0, 20330, 20347, 4237, 4219, 235.39, 1
4010, 16111, 5, 0, 20348, 20352, 4241, 4236, 848.20, 1
4011, 16116, 1, 0, 20353, 20353, 4237, 4236, 4237.00, 1
4012, 16118, 1, 0, 20354, 20354, 4236, 4235, 4236.00, 1
4013, 16120, 7, 0, 20355, 20361, 4241, 4234, 605.86, 1
4014, 16129, 3, 0, 20362, 20364, 4235, 4232, 1411.67, 1
4015, 16141, 3, 0, 20365, 20367, 4226, 4223, 1408.67, 1
4016, 16144, 2, 0, 20368, 20369, 4225, 4223, 2112.50, 1
4017, 16148, 13, 0, 20370, 20382, 4234, 4221, 325.69, 1
4018, 16156, 11, 0, 20383, 20393, 4237, 4226, 385.18, 1
4019, 16157, 5, 0, 20394, 20398, 4241, 4236, 848.20, 1
4020, 16159, 11, 0, 20399, 20409, 4250, 4239, 386.36, 1
4021, 16160, 3, 0, 20410, 20412, 4252, 4249, 1417.33, 1
4022, 16162, 2, 0, 20413, 20414, 4252, 4250, 2126.00, 1
4023, 16167, 3, 0, 20415, 20417, 4250, 4247, 1416.67, 1
4024, 16175, 7, 0, 20418, 20424, 4249, 4242, 607.00, 1
4025, 16176, 13, 0, 20425, 20437, 4261, 4248, 327.77, 1
4026, 16178, 6, 0, 20438, 20443, 4265, 4259, 710.83, 1
4027, 16184, 5, 0, 20444, 20448, 4264, 4259, 852.80, 1
4028, 16193, 4, 0, 20449, 20452, 4259, 4255, 1064.75, 1
4029, 16198, 8, 0, 20453, 20460, 4262, 4254, 532.75, 1
4030, 16202, 5, 0, 20461, 20465, 4263, 4258, 852.60, 1
4031, 16209, 4, 0, 20466, 20469, 4260, 4256, 1065.00, 1
4032, 16211, 3, 0, 20470, 20472, 4261, 4258, 1420.33, 1
4033, 16215, 1, 0, 20473, 20473, 4258, 4257, 4258.00, 1
4034, 16224, 6, 0, 20474, 20479, 4255, 4249, 709.17, 1
4035, 16232, 2, 0, 20480, 20481, 4249, 4247, 2124.50, 1
4036, 16234, 4, 0, 20482, 20485, 4251, 4247, 1062.75, 1
4037, 16241, 3, 0, 20486, 20488, 4247, 4244, 1415.67, 1
4038, 16243, 11, 0, 20489, 20499, 4256, 4245, 386.91, 1
4039, 16247, 2, 0, 20500, 20501, 4254, 4252, 2127.00, 1
4040, 16248, 1, 0, 20502, 20502, 4254, 4253, 4254.00, 1
4041, 16251, 3, 0, 20503, 20505, 4254, 4251, 1418.00, 1
4042, 16260, 5, 0, 20506, 20510, 4250, 4245, 850.00, 1
4043, 16263, 3, 0, 20511, 20513, 4250, 4247, 1416.67, 1
4044, 16264, 1, 0, 20514, 20514, 4250, 4249, 4250.00, 1
4045, 16268, 16, 0, 20515, 20530, 4262, 4246, 266.38, 1
4046, 16271, 1, 0, 20531, 20531, 4260, 4259, 4260.00, 1
4047, 16278, 1, 0, 20532, 20532, 4254, 4253, 4254.00, 1
4048, 16292, 6, 0, 20533, 20538, 4246, 4240, 707.67, 1
4049, 16330, 3, 0, 20539, 20541, 4211, 4208, 1403.67, 1
4050, 16338, 1, 0, 20542, 20542, 4204, 4203, 4204.00, 1
4051, 16340, 12, 0, 20543, 20554, 4214, 4202, 351.17, 1
4052, 16345, 9, 0, 20555, 20563, 4218, 4209, 468.67, 1
4053, 16348, 2, 0, 20564, 20565, 4217, 4215, 2108.50, 1
4054, 16366, 1, 0, 20566, 20566, 4200, 4199, 4200.00, 1
4055, 16370, 3, 0, 20567, 20569, 4199, 4196, 1399.67, 1
4056, 16375, 2, 0, 20570, 20571, 4196, 4194, 2098.00, 1
4057, 16377, 7, 0, 20572, 20578, 4201, 4194, 600.14, 1
4058, 16384, 2, 0, 20579, 20580, 4196, 4194, 2098.00, 1
4059, 16386, 1, 0, 20581, 20581, 4195, 4194, 4195.00, 1
4060, 16388, 4, 0, 20582, 20585, 4197, 4193, 1049.25, 1
4061, 16391, 1, 0, 20586, 20586, 4195, 4194, 4195.00, 1
4062, 16405, 3, 0, 20587, 20589, 4184, 4181, 1394.67, 1
4063, 16406, 1, 0, 20590, 20590, 4184, 4183, 4184.00, 1
4064, 16407, 7, 0, 20591, 20597, 4190, 4183, 598.57, 1
4065, 16409, 9, 0, 20598, 20606, 4197, 4188, 466.33, 1
4066, 16410, 6, 0, 20607, 20612, 4202, 4196, 700.33, 1
4067, 16412, 1, 0, 20613, 20613, 4201, 4200, 4201.00, 1
4068, 16414, 2, 0, 20614, 20615, 4201, 4199, 2100.50, 1
4069, 16415, 4, 0, 20616, 20619, 4204, 4200, 1051.00, 1
4070, 16417, 5, 0, 20620, 20624, 4207, 4202, 841.40, 1
4071, 16421, 4, 0, 20625, 20628, 4207, 4203, 1051.75, 1
4072, 16426, 2, 0, 20629, 20630, 4204, 4202, 2102.00, 1
4073, 16427, 8, 0, 20631, 20638, 4211, 4203, 526.38, 1
4074, 16429, 6, 0, 20639, 20644, 4215, 4209, 702.50, 1
4075, 16432, 7, 0, 20645, 20651, 4219, 4212, 602.71, 1
4076, 16437, 2, 0, 20652, 20653, 4216, 4214, 2108.00, 1
4077, 16442, 8, 0, 20654, 20661, 4219, 4211, 527.38, 1
4078, 16446, 5, 0, 20662, 20666, 4220, 4215, 844.00, 1
4079, 16448, 6, 0, 20667, 20672, 4224, 4218, 704.00, 1
4080, 16449, 6, 0, 20673, 20678, 4229, 4223, 704.83, 1
4081, 16451, 3, 0, 20679, 20681, 4230, 4227, 1410.00, 1
4082, 16452, 5, 0, 20682, 20686, 4234, 4229, 846.80, 1
4083, 16456, 6, 0, 20687, 20692, 4236, 4230, 706.00, 1
4084, 16461, 5, 0, 20693, 20697, 4236, 4231, 847.20, 1
4085, 16465, 3, 0, 20698, 20700, 4235, 4232, 1411.67, 1
4086, 16468, 3, 0, 20701, 20703, 4235, 4232, 1411.67, 1
4087, 16474, 6, 0, 20704, 20709, 4235, 4229, 705.83, 1
4088, 16475, 2, 0, 20710, 20711, 4236, 4234, 2118.00, 1
4089, 16480, 2, 0, 20712, 20713, 4233, 4231, 2116.50, 1
4090, 16488, 2, 0, 20714, 20715, 4227, 4225, 2113.50, 1
4091, 16496, 2, 0, 20716, 20717, 4221, 4219, 2110.50, 1
4092, 16499, 11, 0, 20718, 20728, 4229, 4218, 384.45, 1
4093, 16500, 9, 0, 20729, 20737, 4237, 4228, 470.78, 1
4094, 16510, 7, 0, 20738, 20744, 4234, 4227, 604.86, 1
4095, 16512, 14, 0, 20745, 20758, 4246, 4232, 303.29, 1
4096, 16513, 4, 0, 20759, 20762, 4249, 4245, 1062.25, 1
4097, 16516, 3, 0, 20763, 20765, 4249, 4246, 1416.33, 1
4098, 16518, 15, 0, 20766, 20780, 4262, 4247, 284.13, 1
4099, 16519, 10, 0, 20781, 20790, 4271, 4261, 427.10, 1
4100, 16520, 1, 0, 20791, 20791, 4271, 4270, 4271.00, 1
4101, 16521, 12, 0, 20792, 20803, 4282, 4270, 356.83, 1
4102, 16522, 3, 0, 20804, 20806, 4284, 4281, 1428.00, 1
4103, 16538, 1, 0, 20807, 20807, 4269, 4268, 4269.00, 1
4104, 16541, 4, 0, 20808, 20811, 4270, 4266, 1067.50, 1
4105, 16544, 4, 0, 20812, 20815, 4271, 4267, 1067.75, 1
4106, 16549, 2, 0, 20816, 20817, 4268, 4266, 2134.00, 1
4107, 16554, 8, 0, 20818, 20825, 4271, 4263, 533.88, 1
4108, 16557, 13, 0, 20826, 20838, 4281, 4268, 329.31, 1
4109, 16567, 2, 0, 20839, 20840, 4273, 4271, 2136.50, 1
4110, 16570, 14, 0, 20841, 20854, 4284, 4270, 306.00, 1
4111, 16571, 1, 0, 20855, 20855, 4284, 4283, 4284.00, 1
4112, 16573, 2, 0, 20856, 20857, 4284, 4282, 2142.00, 1
4113, 16577, 3, 0, 20858, 20860, 4283, 4280, 1427.67, 1
4114, 16580, 17, 0, 20861, 20877, 4297, 4280, 252.76, 1
4115, 16581, 4, 0, 20878, 20881, 4300, 4296, 1075.00, 1
4116, 16585, 11, 0, 20882, 20892, 4307, 4296, 391.55, 1
4117, 16587, 13, 0, 20893, 20905, 4318, 4305, 332.15, 1
4118, 16589, 8, 0, 20906, 20913, 4324, 4316, 540.50, 1
4119, 16590, 1, 0, 20914, 20914, 4324, 4323, 4324.00, 1
4120, 16592, 1, 0, 20915, 20915, 4323, 4322, 4323.00, 1
4121, 16594, 5, 0, 20916, 20920, 4326, 4321, 865.20, 1
4122, 16595, 7, 0, 20921, 20927, 4332, 4325, 618.86, 1
4123, 16597, 6, 0, 20928, 20933, 4336, 4330, 722.67, 1
4124, 16598, 6, 0, 20934, 20939, 4341, 4335, 723.50, 1
4125, 16600, 7, 0, 20940, 20946, 4346, 4339, 620.86, 1
4126, 16604, 1, 0, 20947, 20947, 4343, 4342, 4343.00, 1
4127, 16606, 6, 0, 20948, 20953, 4347, 4341, 724.50, 1
4128, 16614, 10, 0, 20954, 20963, 4349, 4339, 434.90, 1
4129, 16621, 12, 0, 20964, 20975, 4354, 4342, 362.83, 1
4130, 16622, 3, 0, 20976, 20978, 4356, 4353, 1452.00, 1
4131, 16626, 24, 0, 20979, 21002, 4376, 4352, 182.33, 1
4132, 16627, 1, 0, 21003, 21003, 4376, 4375, 4376.00, 1
4133, 16629, 1, 0, 21004, 21004, 4375, 4374, 4375.00, 1
4134, 16635, 4, 0, 21005, 21008, 4373, 4369, 1093.25, 1
4135, 16639, 7, 0, 21009, 21015, 4376, 4369, 625.14, 1
4136, 16644, 1, 0, 21016, 21016, 4372, 4371, 4372.00, 1
4137, 16649, 1, 0, 21017, 21017, 4368, 4367, 4368.00, 1
4138, 16650, 9, 0, 21018, 21026, 4376, 4367, 486.22, 1
4139, 16652, 4, 0, 21027, 21030, 4378, 4374, 1094.50, 1
4140, 16654, 3, 0, 21031, 21033, 4379, 4376, 1459.67, 1
4141, 16657, 2, 0, 21034, 21035, 4378, 4376, 2189.00, 1
4142, 16658, 8, 0, 21036, 21043, 4385, 4377, 548.12, 1
4143, 16659, 3, 0, 21044, 21046, 4387, 4384, 1462.33, 1
4144, 16661, 17, 0, 21047, 21063, 4402, 4385, 258.94, 1
4145, 16662, 1, 0, 21064, 21064, 4402, 4401, 4402.00, 1
4146, 16668, 3, 0, 21065, 21067, 4399, 4396, 1466.33, 1
4147, 16669, 11, 0, 21068, 21078, 4409, 4398, 400.82, 1
4148, 16673, 2, 0, 21079, 21080, 4407, 4405, 2203.50, 1
4149, 16676, 3, 0, 21081, 21083, 4407, 4404, 1469.00, 1
4150, 16683, 2, 0, 21084, 21085, 4402, 4400, 2201.00, 1
4151, 16695, 3, 0, 21086, 21088, 4393, 4390, 1464.33, 1
4152, 16698, 3, 0, 21089, 21091, 4393, 4390, 1464.33, 1
4153, 16699, 3, 0, 21092, 21094, 4395, 4392, 1465.00, 1
4154, 16700, 5, 0, 21095, 21099, 4399, 4394, 879.80, 1
4155, 16702, 1, 0, 21100, 21100, 4398, 4397, 4398.00, 1
4156, 16706, 4, 0, 21101, 21104, 4398, 4394, 1099.50, 1
4157, 16709, 9, 0, 21105, 21113, 4404, 4395, 489.33, 1
4158, 16710, 3, 0, 21114, 21116, 4406, 4403, 1468.67, 1
4159, 16717, 15, 0, 21117, 21131, 4414, 4399, 294.27, 1
4160, 16718, 18, 0, 21132, 21149, 4431, 4413, 246.17, 1
4161, 16720, 4, 0, 21150, 21153, 4433, 4429, 1108.25, 1
4162, 16723, 5, 0, 21154, 21158, 4435, 4430, 887.00, 1
4163, 16725, 1, 0, 21159, 21159, 4434, 4433, 4434.00, 1
4164, 16727, 1, 0, 21160, 21160, 4433, 4432, 4433.00, 1
4165, 16731, 4, 0, 21161, 21164, 4433, 4429, 1108.25, 1
4166, 16740, 5, 0, 21165, 21169, 4429, 4424, 885.80, 1
4167, 16752, 2, 0, 21170, 21171, 4419, 4417, 2209.50, 1
4168, 16755, 9, 0, 21172, 21180, 4425, 4416, 491.67, 1
4169, 16762, 5, 0, 21181, 21185, 4423, 4418, 884.60, 1
4170, 16771, 5, 0, 21186, 21190, 4419, 4414, 883.80, 1
4171, 16773, 1, 0, 21191, 21191, 4418, 4417, 4418.00, 1
4172, 16776, 4, 0, 21192, 21195, 4419, 4415, 1104.75, 1
4173, 16778, 4, 0, 21196, 21199, 4421, 4417, 1105.25, 1
4174, 16780, 12, 0, 21200, 21211, 4431, 4419, 369.25, 1
4175, 16786, 1, 0, 21212, 21212, 4426, 4425, 4426.00, 1
4176, 16789, 1, 0, 21213, 21213, 4424, 4423, 4424.00, 1
4177, 16790, 1, 0, 21214, 21214, 4424, 4423, 4424.00, 1
4178, 16794, 7, 0, 21215, 21221, 4427, 4420, 632.43, 1
4179, 16806, 3, 0, 21222, 21224, 4418, 4415, 1472.67, 1
4180, 16807, 1, 0, 21225, 21225, 4418, 4417, 4418.00, 1
4181, 16808, 3, 0, 21226, 21228, 4420, 4417, 1473.33, 1
4182, 16817, 1, 0, 21229, 21229, 4412, 4411, 4412.00, 1
4183, 16819, 6, 0, 21230, 21235, 4416, 4410, 736.00, 1
4184, 16821, 13, 0, 21236, 21248, 4427, 4414, 340.54, 1
4185, 16825, 7, 0, 21249, 21255, 4430, 4423, 632.86, 1
4186, 16830, 3, 0, 21256, 21258, 4428, 4425, 1476.00, 1
4187, 16833, 2, 0, 21259, 21260, 4427, 4425, 2213.50, 1
4188, 16835, 5, 0, 21261, 21265, 4430, 4425, 886.00, 1
4189, 16839, 14, 0, 21266, 21279, 4440, 4426, 317.14, 1
4190, 16842, 2, 0, 21280, 21281, 4439, 4437, 2219.50, 1
4191, 16848, 3, 0, 21282, 21284, 4436, 4433, 1478.67, 1
4192, 16849, 4, 0, 21285, 21288, 4439, 4435, 1109.75, 1
4193, 16850, 1, 0, 21289, 21289, 4439, 4438, 4439.00, 1
4194, 16854, 2, 0, 21290, 21291, 4437, 4435, 2218.50, 1
4195, 16864, 1, 0, 21292, 21292, 4428, 4427, 4428.00, 1
4196, 16870, 4, 0, 21293, 21296, 4426, 4422, 1106.50, 1
4197, 16876, 1, 0, 21297, 21297, 4421, 4420, 4421.00, 1
4198, 16879, 1, 0, 21298, 21298, 4419, 4418, 4419.00, 1
4199, 16883, 5, 0, 21299, 21303, 4420, 4415, 884.00, 1
4200, 16888, 1, 0, 21304, 21304, 4416, 4415, 4416.00, 1
4201, 16889, 6, 0, 21305, 21310, 4421, 4415, 736.83, 1
4202, 16893, 1, 0, 21311, 21311, 4418, 4417, 4418.00, 1
4203, 16895, 8, 0, 21312, 21319, 4424, 4416, 553.00, 1
4204, 16905, 1, 0, 21320, 21320, 4415, 4414, 4415.00, 1
4205, 16907, 11, 0, 21321, 21331, 4424, 4413, 402.18, 1
4206, 16908, 1, 0, 21332, 21332, 4424, 4423, 4424.00, 1
4207, 16909, 3, 0, 21333, 21335, 4426, 4423, 1475.33, 1
4208, 16910, 2, 0, 21336, 21337, 4427, 4425, 2213.50, 1
4209, 16917, 8, 0, 21338, 21345, 4428, 4420, 553.50, 1
4210, 16918, 1, 0, 21346, 21346, 4428, 4427, 4428.00, 1
4211, 16924, 10, 0, 21347, 21356, 4432, 4422, 443.20, 1
4212, 16932, 3, 0, 21357, 21359, 4427, 4424, 1475.67, 1
4213, 16935, 4, 0, 21360, 21363, 4428, 4424, 1107.00, 1
4214, 16944, 4, 0, 21364, 21367, 4423, 4419, 1105.75, 1
4215, 16947, 4, 0, 21368, 21371, 4424, 4420, 1106.00, 1
4216, 16949, 9, 0, 21372, 21380, 4431, 4422, 492.33, 1
4217, 16950, 15, 0, 21381, 21395, 4445, 4430, 296.33, 1
4218, 16963, 4, 0, 21396, 21399, 4436, 4432, 1109.00, 1
4219, 16964, 1, 0, 21400, 21400, 4436, 4435, 4436.00, 1
4220, 16972, 5, 0, 21401, 21405, 4433, 4428, 886.60, 1
4221, 16978, 2, 0, 21406, 21407, 4429, 4427, 2214.50, 1
4222, 16985, 2, 0, 21408, 21409, 4424, 4422, 2212.00, 1
4223, 16988, 6, 0, 21410, 21415, 4427, 4421, 737.83, 1
4224, 16993, 4, 0, 21416, 21419, 4426, 4422, 1106.50, 1
4225, 16995, 7, 0, 21420, 21426, 4431, 4424, 633.00, 1
4226, 17001, 2, 0, 21427, 21428, 4427, 4425, 2213.50, 1
4227, 17003, 4, 0, 21429, 21432, 4429, 4425, 1107.25, 1
4228, 17007, 2, 0, 21433, 21434, 4427, 4425, 2213.50, 1
4229, 17011, 9, 0, 21435, 21443, 4432, 4423, 492.44, 1
4230, 17013, 4, 0, 21444, 21447, 4434, 4430, 1108.50, 1
4231, 17014, 2, 0, 21448, 21449, 4435, 4433, 2217.50, 1
4232, 17015, 2, 0, 21450, 21451, 4436, 4434, 2218.00, 1
4233, 17016, 1, 0, 21452, 21452, 4436, 4435, 4436.00, 1
4234, 17017, 12, 0, 21453, 21464, 4447, 4435, 370.58, 1
4235, 17019, 4, 0, 21465, 21468, 4449, 4445, 1112.25, 1
4236, 17022, 4, 0, 21469, 21472, 4450, 4446, 1112.50, 1
4237, 17024, 11, 0, 21473, 21483, 4459, 4448, 405.36, 1
4238, 17031, 1, 0, 21484, 21484, 4453, 4452, 4453.00, 1
4239, 17032, 1, 0, 21485, 21485, 4453, 4452, 4453.00, 1
4240, 17033, 8, 0, 21486, 21493, 4460, 4452, 557.50, 1
4241, 17034, 10, 0, 21494, 21503, 4469, 4459, 446.90, 1
4242, 17048, 1, 0, 21504, 21504, 4456, 4455, 4456.00, 1
4243, 17049, 2, 0, 21505, 21506, 4457, 4455, 2228.50, 1
4244, 17056, 9, 0, 21507, 21515, 4459, 4450, 495.44, 1
4245, 17060, 6, 0, 21516, 21521, 4461, 4455, 743.50, 1
4246, 17063, 2, 0, 21522, 21523, 4460, 4458, 2230.00, 1
4247, 17064, 1, 0, 21524, 21524, 4460, 4459, 4460.00, 1
4248, 17067, 4, 0, 21525, 21528, 4461, 4457, 1115.25, 1
4249, 17068, 4, 0, 21529, 21532, 4464, 4460, 1116.00, 1
4250, 17073, 5, 0, 21533, 21537, 4464, 4459, 892.80, 1
4251, 17074, 2, 0, 21538, 21539, 4465, 4463, 2232.50, 1
4252, 17076, 2, 0, 21540, 21541, 4465, 4463, 2232.50, 1
4253, 17082, 6, 0, 21542, 21547, 4465, 4459, 744.17, 1
4254, 17086, 3, 0, 21548, 21550, 4464, 4461, 1488.00, 1
4255, 17091, 4, 0, 21551, 21554, 4463, 4459, 1115.75, 1
4256, 17093, 13, 0, 21555, 21567, 4474, 4461, 344.15, 1
4257, 17095, 1, 0, 21568, 21568, 4473, 4472, 4473.00, 1
4258, 17098, 6, 0, 21569, 21574, 4476, 4470, 746.00, 1
4259, 17104, 9, 0, 21575, 21583, 4479, 4470, 497.67, 1
4260, 17111, 4, 0, 21584, 21587, 4476, 4472, 1119.00, 1
4261, 17113, 7, 0, 21588, 21594, 4481, 4474, 640.14, 1
4262, 17122, 22, 0, 21595, 21616, 4494, 4472, 204.27, 1
4263, 17124, 5, 0, 21617, 21621, 4497, 4492, 899.40, 1
4264, 17125, 2, 0, 21622, 21623, 4498, 4496, 2249.00, 1
4265, 17126, 6, 0, 21624, 21629, 4503, 4497, 750.50, 1
4266, 17127, 7, 0, 21630, 21636, 4509, 4502, 644.14, 1
4267, 17132, 7, 0, 21637, 21643, 4511, 4504, 644.43, 1
4268, 17135, 2, 0, 21644, 21645, 4510, 4508, 2255.00, 1
4269, 17138, 3, 0, 21646, 21648, 4510, 4507, 1503.33, 1
4270, 17140, 1, 0, 21649, 21649, 4509, 4508, 4509.00, 1
4271, 17141, 3, 0, 21650, 21652, 4511, 4508, 1503.67, 1
4272, 17143, 1, 0, 21653, 21653, 4510, 4509, 4510.00, 1
4273, 17144, 8, 0, 21654, 21661, 4517, 4509, 564.62, 1
4274, 17149, 19, 0, 21662, 21680, 4531, 4512, 238.47, 1
4275, 17162, 21, 0, 21681, 21701, 4539, 4518, 216.14, 1
4276, 17163, 10, 0, 21702, 21711, 4548, 4538, 454.80, 1
4277, 17164, 9, 0, 21712, 21720, 4556, 4547, 506.22, 1
4278, 17173, 7, 0, 21721, 21727, 4554, 4547, 650.57, 1
4279, 17175, 1, 0, 21728, 21728, 4553, 4552, 4553.00, 1
4280, 17178, 5, 0, 21729, 21733, 4555, 4550, 911.00, 1
4281, 17182, 10, 0, 21734, 21743, 4561, 4551, 456.10, 1
4282, 17183, 5, 0, 21744, 21748, 4565, 4560, 913.00, 1
4283, 17186, 5, 0, 21749, 21753, 4567, 4562, 913.40, 1
4284, 17200, 6, 0, 21754, 21759, 4559, 4553, 759.83, 1
4285, 17203, 12, 0, 21760, 21771, 4568, 4556, 380.67, 1
4286, 17205, 2, 0, 21772, 21773, 4568, 4566, 2284.00, 1
4287, 17206, 4, 0, 21774, 21777, 4571, 4567, 1142.75, 1
4288, 17207, 2, 0, 21778, 21779, 4572, 4570, 2286.00, 1
4289, 17211, 5, 0, 21780, 21784, 4573, 4568, 914.60, 1
4290, 17213, 4, 0, 21785, 21788, 4575, 4571, 1143.75, 1
4291, 17221, 1, 0, 21789, 21789, 4568, 4567, 4568.00, 1
4292, 17222, 10, 0, 21790, 21799, 4577, 4567, 457.70, 1
4293, 17224, 7, 0, 21800, 21806, 4582, 4575, 654.57, 1
4294, 17233, 1, 0, 21807, 21807, 4574, 4573, 4574.00, 1
4295, 17239, 3, 0, 21808, 21810, 4571, 4568, 1523.67, 1
4296, 17242, 3, 0, 21811, 21813, 4571, 4568, 1523.67, 1
4297, 17244, 10, 0, 21814, 21823, 4579, 4569, 457.90, 1
4298, 17248, 2, 0, 21824, 21825, 4577, 4575, 2288.50, 1
4299, 17256, 5, 0, 21826, 21830, 4574, 4569, 914.80, 1
4300, 17260, 3, 0, 21831, 21833, 4573, 4570, 1524.33, 1
4301, 17262, 9, 0, 21834, 21842, 4580, 4571, 508.89, 1
4302, 17270, 8, 0, 21843, 21850, 4580, 4572, 572.50, 1
4303, 17271, 6, 0, 21851, 21856, 4585, 4579, 764.17, 1
4304, 17275, 3, 0, 21857, 21859, 4584, 4581, 1528.00, 1
4305, 17278, 2, 0, 21860, 21861, 4583, 4581, 2291.50, 1
4306, 17279, 5, 0, 21862, 21866, 4587, 4582, 917.40, 1
4307, 17285, 14, 0, 21867, 21880, 4595, 4581, 328.21, 1
4308, 17286, 7, 0, 21881, 21887, 4601, 4594, 657.29, 1
4309, 17288, 4, 0, 21888, 21891, 4603, 4599, 1150.75, 1
4310, 17289, 1, 0, 21892, 21892, 4603, 4602, 4603.00, 1
4311, 17296, 2, 0, 21893, 21894, 4598, 4596, 2299.00, 1
4312, 17299, 5, 0, 21895, 21899, 4600, 4595, 920.00, 1
4313, 17301, 14, 0, 21900, 21913, 4612, 4598, 329.43, 1
4314, 17303, 3, 0, 21914, 21916, 4613, 4610, 1537.67, 1
4315, 17312, 1, 0, 21917, 21917, 4605, 4604, 4605.00, 1
4316, 17316, 1, 0, 21918, 21918, 4602, 4601, 4602.00, 1
4317, 17318, 13, 0, 21919, 21931, 4613, 4600, 354.85, 1
4318, 17319, 5, 0, 21932, 21936, 4617, 4612, 923.40, 1
4319, 17323, 5, 0, 21937, 21941, 4618, 4613, 923.60, 1
4320, 17325, 8, 0, 21942, 21949, 4624, 4616, 578.00, 1
4321, 17329, 3, 0, 21950, 21952, 4623, 4620, 1541.00, 1
4322, 17332, 2, 0, 21953, 21954, 4622, 4620, 2311.00, 1
4323, 17333, 1, 0, 21955, 21955, 4622, 4621, 4622.00, 1
4324, 17337, 2, 0, 21956, 21957, 4620, 4618, 2310.00, 1
4325, 17344, 1, 0, 21958, 21958, 4614, 4613, 4614.00, 1
4326, 17355, 2, 0, 21959, 21960, 4605, 4603, 2302.50, 1
4327, 17361, 13, 0, 21961, 21973, 4612, 4599, 354.77, 1
4328, 17363, 32, 0, 21974, 22005, 4642, 4610, 145.06, 1
4329, 17365, 2, 0, 22006, 22007, 4642, 4640, 2321.00, 1
4330, 17367, 1, 0, 22008, 22008, 4641, 4640, 4641.00, 1
4331, 17372, 8, 0, 22009, 22016, 4644, 4636, 580.50, 1
4332, 17374, 5, 0, 22017, 22021, 4647, 4642, 929.40, 1
4333, 17376, 5, 0, 22022, 22026, 4650, 4645, 930.00, 1
4334, 17377, 5, 0, 22027, 22031, 4654, 4649, 930.80, 1
4335, 17380, 10, 0, 22032, 22041, 4661, 4651, 466.10, 1
4336, 17388, 3, 0, 22042, 22044, 4656, 4653, 1552.00, 1
4337, 17393, 2, 0, 22045, 22046, 4653, 4651, 2326.50, 1
4338, 17396, 9, 0, 22047, 22055, 4659, 4650, 517.67, 1
4339, 17398, 4, 0, 22056, 22059, 4661, 4657, 1165.25, 1
4340, 17401, 1, 0, 22060, 22060, 4659, 4658, 4659.00, 1
4341, 17404, 16, 0, 22061, 22076, 4672, 4656, 292.00, 1
4342, 17408, 9, 0, 22077, 22085, 4677, 4668, 519.67, 1
4343, 17421, 7, 0, 22086, 22092, 4671, 4664, 667.29, 1
4344, 17423, 3, 0, 22093, 22095, 4672, 4669, 1557.33, 1
4345, 17425, 2, 0, 22096, 22097, 4672, 4670, 2336.00, 1
4346, 17430, 5, 0, 22098, 22102, 4672, 4667, 934.40, 1
4347, 17437, 7, 0, 22103, 22109, 4672, 4665, 667.43, 1
4348, 17438, 10, 0, 22110, 22119, 4681, 4671, 468.10, 1
4349, 17440, 7, 0, 22120, 22126, 4686, 4679, 669.43, 1
4350, 17445, 3, 0, 22127, 22129, 4684, 4681, 1561.33, 1
4351, 17447, 4, 0, 22130, 22133, 4686, 4682, 1171.50, 1
4352, 17448, 5, 0, 22134, 22138, 4690, 4685, 938.00, 1
4353, 17455, 6, 0, 22139, 22144, 4689, 4683, 781.50, 1
4354, 17462, 4, 0, 22145, 22148, 4686, 4682, 1171.50, 1
4355, 17463, 2, 0, 22149, 22150, 4687, 4685, 2343.50, 1
4356, 17469, 2, 0, 22151, 22152, 4683, 4681, 2341.50, 1
4357, 17470, 17, 0, 22153, 22169, 4699, 4682, 276.41, 1
4358, 17477, 3, 0, 22170, 22172, 4695, 4692, 1565.00, 1
4359, 17478, 5, 0, 22173, 22177, 4699, 4694, 939.80, 1
4360, 17484, 2, 0, 22178, 22179, 4695, 4693, 2347.50, 1
4361, 17486, 2, 0, 22180, 22181, 4695, 4693, 2347.50, 1
4362, 17491, 17, 0, 22182, 22198, 4707, 4690, 276.88, 1
4363, 17497, 6, 0, 22199, 22204, 4707, 4701, 784.50, 1
4364, 17505, 7, 0, 22205, 22211, 4706, 4699, 672.29, 1
4365, 17506, 1, 0, 22212, 22212, 4706, 4705, 4706.00, 1
4366, 17510, 1, 0, 22213, 22213, 4703, 4702, 4703.00, 1
4367, 17515, 10, 0, 22214, 22223, 4708, 4698, 470.80, 1
4368, 17519, 4, 0, 22224, 22227, 4708, 4704, 1177.00, 1
4369, 17524, 4, 0, 22228, 22231, 4707, 4703, 1176.75, 1
4370, 17525, 9, 0, 22232, 22240, 4715, 4706, 523.89, 1
4371, 17527, 13, 0, 22241, 22253, 4726, 4713, 363.54, 1
4372, 17531, 13, 0, 22254, 22266, 4735, 4722, 364.23, 1
4373, 17534, 1, 0, 22267, 22267, 4733, 4732, 4733.00, 1
4374, 17536, 5, 0, 22268, 22272, 4736, 4731, 947.20, 1
4375, 17537, 5, 0, 22273, 22277, 4740, 4735, 948.00, 1
4376, 17538, 2, 0, 22278, 22279, 4741, 4739, 2370.50, 1
4377, 17543, 10, 0, 22280, 22289, 4746, 4736, 474.60, 1
4378, 17558, 2, 0, 22290, 22291, 4733, 4731, 2366.50, 1
4379, 17564, 1, 0, 22292, 22292, 4728, 4727, 4728.00, 1
4380, 17570, 4, 0, 22293, 22296, 4726, 4722, 1181.50, 1
4381, 17571, 1, 0, 22297, 22297, 4726, 4725, 4726.00, 1
4382, 17583, 1, 0, 22298, 22298, 4715, 4714, 4715.00, 1
4383, 17587, 1, 0, 22299, 22299, 4712, 4711, 4712.00, 1
4384, 17594, 1, 0, 22300, 22300, 4706, 4705, 4706.00, 1
4385, 17603, 1, 0, 22301, 22301, 4698, 4697, 4698.00, 1
4386, 17620, 2, 0, 22302, 22303, 4683, 4681, 2341.50, 1
4387, 17626, 4, 0, 22304, 22307, 4681, 4677, 1170.25, 1
4388, 17634, 1, 0, 22308, 22308, 4674, 4673, 4674.00, 1
4389, 17649, 2, 0, 22309, 22310, 4661, 4659, 2330.50, 1
4390, 17650, 10, 0, 22311, 22320, 4670, 4660, 467.00, 1
4391, 17654, 7, 0, 22321, 22327, 4673, 4666, 667.57, 1
4392, 17655, 6, 0, 22328, 22333, 4678, 4672, 779.67, 1
4393, 17656, 3, 0, 22334, 22336, 4680, 4677, 1560.00, 1
4394, 17658, 4, 0, 22337, 22340, 4682, 4678, 1170.50, 1
4395, 17659, 10, 0, 22341, 22350, 4691, 4681, 469.10, 1
4396, 17661, 1, 0, 22351, 22351, 4690, 4689, 4690.00, 1
4397, 17666, 5, 0, 22352, 22356, 4690, 4685, 938.00, 1
4398, 17672, 4, 0, 22357, 22360, 4688, 4684, 1172.00, 1
4399, 17673, 2, 0, 22361, 22362, 4689, 4687, 2344.50, 1
4400, 17676, 22, 0, 22363, 22384, 4708, 4686, 214.00, 1
4401, 17678, 2, 0, 22385, 22386, 4708, 4706, 2354.00, 1
4402, 17684, 1, 0, 22387, 22387, 4703, 4702, 4703.00, 1
4403, 17691, 5, 0, 22388, 22392, 4701, 4696, 940.20, 1
4404, 17692, 1, 0, 22393, 22393, 4701, 4700, 4701.00, 1
4405, 17703, 1, 0, 22394, 22394, 4691, 4690, 4691.00, 1
4406, 17706, 4, 0, 22395, 22398, 4692, 4688, 1173.00, 1
4407, 17711, 1, 0, 22399, 22399, 4688, 4687, 4688.00, 1
4408, 17713, 1, 0, 22400, 22400, 4687, 4686, 4687.00, 1
4409, 17716, 5, 0, 22401, 22405, 4689, 4684, 937.80, 1
4410, 17719, 9, 0, 22406, 22414, 4695, 4686, 521.67, 1
4411, 17720, 3, 0, 22415, 22417, 4697, 4694, 1565.67, 1
4412, 17721, 4, 0, 22418, 22421, 4700, 4696, 1175.00, 1
4413, 17724, 3, 0, 22422, 22424, 4700, 4697, 1566.67, 1
4414, 17725, 8, 0, 22425, 22432, 4707, 4699, 588.38, 1
4415, 17731, 2, 0, 22433, 22434, 4703, 4701, 2351.50, 1
4416, 17737, 1, 0, 22435, 22435, 4698, 4697, 4698.00, 1
4417, 17739, 9, 0, 22436, 22444, 4705, 4696, 522.78, 1
4418, 17741, 9, 0, 22445, 22453, 4712, 4703, 523.56, 1
4419, 17742, 3, 0, 22454, 22456, 4714, 4711, 1571.33, 1
4420, 17746, 4, 0, 22457, 22460, 4714, 4710, 1178.50, 1
4421, 17750, 1, 0, 22461, 22461, 4711, 4710, 4711.00, 1
4422, 17760, 4, 0, 22462, 22465, 4705, 4701, 1176.25, 1
4423, 17762, 1, 0, 22466, 22466, 4704, 4703, 4704.00, 1
4424, 17772, 1, 0, 22467, 22467, 4695, 4694, 4695.00, 1
4425, 17774, 11, 0, 22468, 22478, 4704, 4693, 427.64, 1
4426, 17775, 9, 0, 22479, 22487, 4712, 4703, 523.56, 1
4427, 17776, 12, 0, 22488, 22499, 4723, 4711, 393.58, 1
4428, 17779, 2, 0, 22500, 22501, 4722, 4720, 2361.00, 1
4429, 17781, 1, 0, 22502, 22502, 4721, 4720, 4721.00, 1
4430, 17795, 4, 0, 22503, 22506, 4711, 4707, 1177.75, 1
4431, 17797, 3, 0, 22507, 22509, 4712, 4709, 1570.67, 1
4432, 17799, 4, 0, 22510, 22513, 4714, 4710, 1178.50, 1
4433, 17801, 4, 0, 22514, 22517, 4716, 4712, 1179.00, 1
4434, 17808, 4, 0, 22518, 22521, 4713, 4709, 1178.25, 1
4435, 17811, 4, 0, 22522, 22525, 4714, 4710, 1178.50, 1
4436, 17821, 12, 0, 22526, 22537, 4716, 4704, 393.00, 1
4437, 17822, 1, 0, 22538, 22538, 4716, 4715, 4716.00, 1
4438, 17825, 9, 0, 22539, 22547, 4722, 4713, 524.67, 1
4439, 17826, 9, 0, 22548, 22556, 4730, 4721, 525.56, 1
4440, 17828, 5, 0, 22557, 22561, 4733, 4728, 946.60, 1
4441, 17834, 10, 0, 22562, 22571, 4737, 4727, 473.70, 1
4442, 17837, 1, 0, 22572, 22572, 4735, 4734, 4735.00, 1
4443, 17844, 6, 0, 22573, 22578, 4734, 4728, 789.00, 1
4444, 17845, 4, 0, 22579, 22582, 4737, 4733, 1184.25, 1
4445, 17848, 3, 0, 22583, 22585, 4737, 4734, 1579.00, 1
4446, 17851, 10, 0, 22586, 22595, 4744, 4734, 474.40, 1
4447, 17857, 2, 0, 22596, 22597, 4740, 4738, 2370.00, 1
4448, 17859, 5, 0, 22598, 22602, 4743, 4738, 948.60, 1
4449, 17873, 2, 0, 22603, 22604, 4731, 4729, 2365.50, 1
4450, 17877, 34, 0, 22605, 22638, 4761, 4727, 140.03, 1
4451, 17889, 3, 0, 22639, 22641, 4752, 4749, 1584.00, 1
4452, 17898, 3, 0, 22642, 22644, 4746, 4743, 1582.00, 1
4453, 17904, 1, 0, 22645, 22645, 4741, 4740, 4741.00, 1
4454, 17907, 4, 0, 22646, 22649, 4742, 4738, 1185.50, 1
4455, 17908, 1, 0, 22650, 22650, 4742, 4741, 4742.00, 1
4456, 17909, 2, 0, 22651, 22652, 4743, 4741, 2371.50, 1
4457, 17910, 10, 0, 22653, 22662, 4752, 4742, 475.20, 1
4458, 17918, 2, 0, 22663, 22664, 4746, 4744, 2373.00, 1
4459, 17919, 3, 0, 22665, 22667, 4748, 4745, 1582.67, 1
4460, 17924, 5, 0, 22668, 22672, 4748, 4743, 949.60, 1
4461, 17925, 17, 0, 22673, 22689, 4764, 4747, 280.24, 1
4462, 17930, 6, 0, 22690, 22695, 4765, 4759, 794.17, 1
4463, 17933, 4, 0, 22696, 22699, 4766, 4762, 1191.50, 1
4464, 17934, 3, 0, 22700, 22702, 4768, 4765, 1589.33, 1
4465, 17936, 11, 0, 22703, 22713, 4777, 4766, 434.27, 1
4466, 17942, 11, 0, 22714, 22724, 4782, 4771, 434.73, 1
4467, 17953, 1, 0, 22725, 22725, 4772, 4771, 4772.00, 1
4468, 17954, 6, 0, 22726, 22731, 4777, 4771, 796.17, 1
4469, 17964, 1, 0, 22732, 22732, 4768, 4767, 4768.00, 1
4470, 17966, 14, 0, 22733, 22746, 4780, 4766, 341.43, 1
4471, 17968, 1, 0, 22747, 22747, 4779, 4778, 4779.00, 1
4472, 17971, 1, 0, 22748, 22748, 4777, 4776, 4777.00, 1
4473, 17977, 1, 0, 22749, 22749, 4772, 4771, 4772.00, 1
4474, 17983, 7, 0, 22750, 22756, 4773, 4766, 681.86, 1
4475, 17985, 7, 0, 22757, 22763, 4778, 4771, 682.57, 1
4476, 17991, 1, 0, 22764, 22764, 4773, 4772, 4773.00, 1
4477, 17999, 3, 0, 22765, 22767, 4768, 4765, 1589.33, 1
4478, 18005, 2, 0, 22768, 22769, 4764, 4762, 2382.00, 1
4479, 18011, 4, 0, 22770, 22773, 4762, 4758, 1190.50, 1
4480, 18017, 6, 0, 22774, 22779, 4762, 4756, 793.67, 1
4481, 18023, 1, 0, 22780, 22780, 4757, 4756, 4757.00, 1
4482, 18029, 1, 0, 22781, 22781, 4752, 4751, 4752.00, 1
4483, 18034, 8, 0, 22782, 22789, 4755, 4747, 594.38, 1
4484, 18039, 2, 0, 22790, 22791, 4752, 4750, 2376.00, 1
4485, 18041, 4, 0, 22792, 22795, 4754, 4750, 1188.50, 1
4486, 18045, 3, 0, 22796, 22798, 4753, 4750, 1584.33, 1
4487, 18051, 2, 0, 22799, 22800, 4749, 4747, 2374.50, 1
4488, 18054, 1, 0, 22801, 22801, 4747, 4746, 4747.00, 1
4489, 18055, 3, 0, 22802, 22804, 4749, 4746, 1583.00, 1
4490, 18058, 1, 0, 22805, 22805, 4747, 4746, 4747.00, 1
4491, 18059, 2, 0, 22806, 22807, 4748, 4746, 2374.00, 1
4492, 18060, 2, 0, 22808, 22809, 4749, 4747, 2374.50, 1
4493, 18066, 4, 0, 22810, 22813, 4747, 4743, 1186.75, 1
4494, 18072, 1, 0, 22814, 22814, 4742, 4741, 4742.00, 1
4495, 18083, 1, 0, 22815, 22815, 4732, 4731, 4732.00, 1
4496, 18088, 1, 0, 22816, 22816, 4728, 4727, 4728.00, 1
4497, 18093, 6, 0, 22817, 22822, 4729, 4723, 788.17, 1
4498, 18099, 1, 0, 22823, 22823, 4724, 4723, 4724.00, 1
4499, 18102, 8, 0, 22824, 22831, 4729, 4721, 591.12, 1
4500, 18112, 1, 0, 22832, 22832, 4720, 4719, 4720.00, 1
4501, 18115, 1, 0, 22833, 22833, 4718, 4717, 4718.00, 1
4502, 18118, 6, 0, 22834, 22839, 4721, 4715, 786.83, 1
4503, 18124, 3, 0, 22840, 22842, 4718, 4715, 1572.67, 1
4504, 18126, 7, 0, 22843, 22849, 4723, 4716, 674.71, 1
4505, 18127, 3, 0, 22850, 22852, 4725, 4722, 1575.00, 1
4506, 18129, 14, 0, 22853, 22866, 4737, 4723, 338.36, 1
4507, 18130, 2, 0, 22867, 22868, 4738, 4736, 2369.00, 1
4508, 18131, 6, 0, 22869, 22874, 4743, 4737, 790.50, 1
4509, 18137, 1, 0, 22875, 22875, 4738, 4737, 4738.00, 1
4510, 18144, 4, 0, 22876, 22879, 4735, 4731, 1183.75, 1
4511, 18146, 10, 0, 22880, 22889, 4743, 4733, 474.30, 1
4512, 18149, 2, 0, 22890, 22891, 4742, 4740, 2371.00, 1
4513, 18151, 3, 0, 22892, 22894, 4743, 4740, 1581.00, 1
4514, 18160, 4, 0, 22895, 22898, 4738, 4734, 1184.50, 1
4515, 18164, 1, 0, 22899, 22899, 4735, 4734, 4735.00, 1
4516, 18167, 9, 0, 22900, 22908, 4741, 4732, 526.78, 1
4517, 18176, 4, 0, 22909, 22912, 4736, 4732, 1184.00, 1
4518, 18180, 1, 0, 22913, 22913, 4733, 4732, 4733.00, 1
4519, 18190, 2, 0, 22914, 22915, 4725, 4723, 2362.50, 1
4520, 18193, 8, 0, 22916, 22923, 4730, 4722, 591.25, 1
4521, 18196, 2, 0, 22924, 22925, 4729, 4727, 2364.50, 1
4522, 18205, 13, 0, 22926, 22938, 4733, 4720, 364.08, 1
4523, 18212, 1, 0, 22939, 22939, 4727, 4726, 4727.00, 1
4524, 18216, 1, 0, 22940, 22940, 4724, 4723, 4724.00, 1
4525, 18219, 2, 0, 22941, 22942, 4723, 4721, 2361.50, 1
4526, 18220, 10, 0, 22943, 22952, 4732, 4722, 473.20, 1
4527, 18224, 4, 0, 22953, 22956, 4732, 4728, 1183.00, 1
4528, 18228, 7, 0, 22957, 22963, 4735, 4728, 676.43, 1
4529, 18238, 7, 0, 22964, 22970, 4732, 4725, 676.00, 1
4530, 18241, 4, 0, 22971, 22974, 4733, 4729, 1183.25, 1
4531, 18245, 7, 0, 22975, 22981, 4736, 4729, 676.57, 1
4532, 18250, 1, 0, 22982, 22982, 4732, 4731, 4732.00, 1
4533, 18251, 9, 0, 22983, 22991, 4740, 4731, 526.67, 1
4534, 18255, 1, 0, 22992, 22992, 4737, 4736, 4737.00, 1
4535, 18259, 8, 0, 22993, 23000, 4741, 4733, 592.62, 1
4536, 18277, 9, 0, 23001, 23009, 4732, 4723, 525.78, 1
4537, 18280, 9, 0, 23010, 23018, 4738, 4729, 526.44, 1
4538, 18283, 1, 0, 23019, 23019, 4736, 4735, 4736.00, 1
4539, 18285, 16, 0, 23020, 23035, 4750, 4734, 296.88, 1
4540, 18292, 2, 0, 23036, 23037, 4745, 4743, 2372.50, 1
4541, 18295, 3, 0, 23038, 23040, 4745, 4742, 1581.67, 1
4542, 18298, 4, 0, 23041, 23044, 4746, 4742, 1186.50, 1
4543, 18302, 7, 0, 23045, 23051, 4749, 4742, 678.43, 1
4544, 18304, 4, 0, 23052, 23055, 4751, 4747, 1187.75, 1
4545, 18306, 5, 0, 23056, 23060, 4754, 4749, 950.80, 1
4546, 18317, 1, 0, 23061, 23061, 4744, 4743, 4744.00, 1
4547, 18320, 7, 0, 23062, 23068, 4748, 4741, 678.29, 1
4548, 18321, 10, 0, 23069, 23078, 4757, 4747, 475.70, 1
4549, 18329, 2, 0, 23079, 23080, 4751, 4749, 2375.50, 1
4550, 18332, 2, 0, 23081, 23082, 4750, 4748, 2375.00, 1
4551, 18340, 1, 0, 23083, 23083, 4743, 4742, 4743.00, 1
4552, 18344, 2, 0, 23084, 23085, 4741, 4739, 2370.50, 1
4553, 18345, 4, 0, 23086, 23089, 4744, 4740, 1186.00, 1
4554, 18346, 2, 0, 23090, 23091, 4745, 4743, 2372.50, 1
4555, 18348, 4, 0, 23092, 23095, 4747, 4743, 1186.75, 1
4556, 18355, 2, 0, 23096, 23097, 4742, 4740, 2371.00, 1
4557, 18356, 3, 0, 23098, 23100, 4744, 4741, 1581.33, 1
4558, 18357, 18, 0, 23101, 23118, 4761, 4743, 264.50, 1
4559, 18360, 3, 0, 23119, 23121, 4761, 4758, 1587.00, 1
4560, 18361, 5, 0, 23122, 23126, 4765, 4760, 953.00, 1
4561, 18365, 1, 0, 23127, 23127, 4762, 4761, 4762.00, 1
4562, 18369, 1, 0, 23128, 23128, 4759, 4758, 4759.00, 1
4563, 18378, 1, 0, 23129, 23129, 4751, 4750, 4751.00, 1
4564, 18385, 7, 0, 23130, 23136, 4751, 4744, 678.71, 1
4565, 18386, 2, 0, 23137, 23138, 4752, 4750, 2376.00, 1
4566, 18388, 3, 0, 23139, 23141, 4753, 4750, 1584.33, 1
4567, 18390, 1, 0, 23142, 23142, 4752, 4751, 4752.00, 1
4568, 18397, 5, 0, 23143, 23147, 4750, 4745, 950.00, 1
4569, 18400, 2, 0, 23148, 23149, 4749, 4747, 2374.50, 1
4570, 18402, 4, 0, 23150, 23153, 4751, 4747, 1187.75, 1
4571, 18406, 2, 0, 23154, 23155, 4749, 4747, 2374.50, 1
4572, 18409, 1, 0, 23156, 23156, 4747, 4746, 4747.00, 1
4573, 18412, 1, 0, 23157, 23157, 4745, 4744, 4745.00, 1
4574, 18414, 7, 0, 23158, 23164, 4750, 4743, 678.57, 1
4575, 18415, 5, 0, 23165, 23169, 4754, 4749, 950.80, 1
4576, 18421, 6, 0, 23170, 23175, 4754, 4748, 792.33, 1
4577, 18424, 10, 0, 23176, 23185, 4761, 4751, 476.10, 1
4578, 18432, 21, 0, 23186, 23206, 4774, 4753, 227.33, 1
4579, 18433, 4, 0, 23207, 23210, 4777, 4773, 1194.25, 1
4580, 18436, 15, 0, 23211, 23225, 4789, 4774, 319.27, 1
4581, 18438, 3, 0, 23226, 23228, 4790, 4787, 1596.67, 1
4582, 18441, 3, 0, 23229, 23231, 4790, 4787, 1596.67, 1
4583, 18452, 2, 0, 23232, 23233, 4781, 4779, 2390.50, 1
4584, 18456, 11, 0, 23234, 23244, 4788, 4777, 435.27, 1
4585, 18458, 2, 0, 23245, 23246, 4788, 4786, 2394.00, 1
4586, 18459, 9, 0, 23247, 23255, 4796, 4787, 532.89, 1
4587, 18460, 4, 0, 23256, 23259, 4799, 4795, 1199.75, 1
4588, 18463, 1, 0, 23260, 23260, 4797, 4796, 4797.00, 1
4589, 18469, 4, 0, 23261, 23264, 4795, 4791, 1198.75, 1
4590, 18472, 1, 0, 23265, 23265, 4793, 4792, 4793.00, 1
4591, 18473, 5, 0, 23266, 23270, 4797, 4792, 959.40, 1
4592, 18477, 2, 0, 23271, 23272, 4795, 4793, 2397.50, 1
4593, 18484, 3, 0, 23273, 23275, 4791, 4788, 1597.00, 1
4594, 18486, 3, 0, 23276, 23278, 4792, 4789, 1597.33, 1
4595, 18490, 1, 0, 23279, 23279, 4789, 4788, 4789.00, 1
4596, 18491, 2, 0, 23280, 23281, 4790, 4788, 2395.00, 1
4597, 18497, 3, 0, 23282, 23284, 4787, 4784, 1595.67, 1
4598, 18499, 7, 0, 23285, 23291, 4792, 4785, 684.57, 1
4599, 18507, 6, 0, 23292, 23297, 4790, 4784, 798.33, 1
4600, 18510, 5, 0, 23298, 23302, 4792, 4787, 958.40, 1
4601, 18512, 4, 0, 23303, 23306, 4794, 4790, 1198.50, 1
4602, 18515, 12, 0, 23307, 23318, 4803, 4791, 400.25, 1
4603, 18526, 9, 0, 23319, 23327, 4801, 4792, 533.44, 1
4604, 18528, 2, 0, 23328, 23329, 4801, 4799, 2400.50, 1
4605, 18535, 1, 0, 23330, 23330, 4795, 4794, 4795.00, 1
4606, 18545, 4, 0, 23331, 23334, 4789, 4785, 1197.25, 1
4607, 18553, 2, 0, 23335, 23336, 4783, 4781, 2391.50, 1
4608, 18556, 8, 0, 23337, 23344, 4788, 4780, 598.50, 1
4609, 18559, 7, 0, 23345, 23351, 4792, 4785, 684.57, 1
4610, 18560, 4, 0, 23352, 23355, 4795, 4791, 1198.75, 1
4611, 18563, 2, 0, 23356, 23357, 4794, 4792, 2397.00, 1
4612, 18566, 14, 0, 23358, 23371, 4805, 4791, 343.21, 1
4613, 18577, 1, 0, 23372, 23372, 4795, 4794, 4795.00, 1
4614, 18579, 1, 0, 23373, 23373, 4794, 4793, 4794.00, 1
4615, 18583, 2, 0, 23374, 23375, 4792, 4790, 2396.00, 1
4616, 18586, 3, 0, 23376, 23378, 4792, 4789, 1597.33, 1
4617, 18588, 10, 0, 23379, 23388, 4800, 4790, 480.00, 1
4618, 18596, 13, 0, 23389, 23401, 4805, 4792, 369.62, 1
4619, 18601, 2, 0, 23402, 23403, 4802, 4800, 2401.00, 1
4620, 18607, 1, 0, 23404, 23404, 4797, 4796, 4797.00, 1
4621, 18610, 3, 0, 23405, 23407, 4797, 4794, 1599.00, 1
4622, 18622, 2, 0, 23408, 23409, 4787, 4785, 2393.50, 1
4623, 18623, 1, 0, 23410, 23410, 4787, 4786, 4787.00, 1
4624, 18626, 2, 0, 23411, 23412, 4786, 4784, 2393.00, 1
4625, 18631, 1, 0, 23413, 23413, 4782, 4781, 4782.00, 1
4626, 18636, 4, 0, 23414, 23417, 4781, 4777, 1195.25, 1
4627, 18643, 7, 0, 23418, 23424, 4781, 4774, 683.00, 1
4628, 18653, 2, 0, 23425, 23426, 4773, 4771, 2386.50, 1
4629, 18660, 7, 0, 23427, 23433, 4773, 4766, 681.86, 1
4630, 18661, 13, 0, 23434, 23446, 4785, 4772, 368.08, 1
4631, 18666, 3, 0, 23447, 23449, 4783, 4780, 1594.33, 1
4632, 18680, 18, 0, 23450, 23467, 4787, 4769, 265.94, 1
4633, 18681, 1, 0, 23468, 23468, 4787, 4786, 4787.00, 1
4634, 18686, 1, 0, 23469, 23469, 4783, 4782, 4783.00, 1
4635, 18687, 3, 0, 23470, 23472, 4785, 4782, 1595.00, 1
4636, 18688, 2, 0, 23473, 23474, 4786, 4784, 2393.00, 1
4637, 18689, 3, 0, 23475, 23477, 4788, 4785, 1596.00, 1
4638, 18693, 1, 0, 23478, 23478, 4785, 4784, 4785.00, 1
4639, 18694, 8, 0, 23479, 23486, 4792, 4784, 599.00, 1
4640, 18695, 7, 0, 23487, 23493, 4798, 4791, 685.43, 1
4641, 18697, 5, 0, 23494, 23498, 4801, 4796, 960.20, 1
4642, 18698, 6, 0, 23499, 23504, 4806, 4800, 801.00, 1
4643, 18706, 9, 0, 23505, 23513, 4807, 4798, 534.11, 1
4644, 18721, 1, 0, 23514, 23514, 4793, 4792, 4793.00, 1
4645, 18724, 6, 0, 23515, 23520, 4796, 4790, 799.33, 1
4646, 18726, 1, 0, 23521, 23521, 4795, 4794, 4795.00, 1
4647, 18732, 1, 0, 23522, 23522, 4790, 4789, 4790.00, 1
4648, 18733, 6, 0, 23523, 23528, 4795, 4789, 799.17, 1
4649, 18734, 3, 0, 23529, 23531, 4797, 4794, 1599.00, 1
4650, 18743, 2, 0, 23532, 23533, 4790, 4788, 2395.00, 1
4651, 18746, 1, 0, 23534, 23534, 4788, 4787, 4788.00, 1
4652, 18747, 1, 0, 23535, 23535, 4788, 4787, 4788.00, 1
4653, 18748, 11, 0, 23536, 23546, 4798, 4787, 436.18, 1
4654, 18752, 2, 0, 23547, 23548, 4796, 4794, 2398.00, 1
4655, 18756, 18, 0, 23549, 23566, 4810, 4792, 267.22, 1
4656, 18757, 7, 0, 23567, 23573, 4816, 4809, 688.00, 1
4657, 18758, 11, 0, 23574, 23584, 4826, 4815, 438.73, 1
4658, 18760, 3, 0, 23585, 23587, 4827, 4824, 1609.00, 1
4659, 18765, 1, 0, 23588, 23588, 4823, 4822, 4823.00, 1
4660, 18766, 4, 0, 23589, 23592, 4826, 4822, 1206.50, 1
4661, 18773, 24, 0, 23593, 23616, 4843, 4819, 201.79, 1
4662, 18778, 6, 0, 23617, 23622, 4844, 4838, 807.33, 1
4663, 18784, 6, 0, 23623, 23628, 4844, 4838, 807.33, 1
4664, 18793, 1, 0, 23629, 23629, 4836, 4835, 4836.00, 1
4665, 18798, 10, 0, 23630, 23639, 4841, 4831, 484.10, 1
4666, 18802, 3, 0, 23640, 23642, 4840, 4837, 1613.33, 1
4667, 18812, 2, 0, 23643, 23644, 4832, 4830, 2416.00, 1
4668, 18816, 1, 0, 23645, 23645, 4829, 4828, 4829.00, 1
4669, 18817, 5, 0, 23646, 23650, 4833, 4828, 966.60, 1
4670, 18818, 2, 0, 23651, 23652, 4834, 4832, 2417.00, 1
4671, 18829, 4, 0, 23653, 23656, 4827, 4823, 1206.75, 1
4672, 18830, 6, 0, 23657, 23662, 4832, 4826, 805.33, 1
4673, 18834, 9, 0, 23663, 23671, 4837, 4828, 537.44, 1
4674, 18838, 2, 0, 23672, 23673, 4835, 4833, 2417.50, 1
4675, 18839, 6, 0, 23674, 23679, 4840, 4834, 806.67, 1
4676, 18840, 5, 0, 23680, 23684, 4844, 4839, 968.80, 1
4677, 18842, 5, 0, 23685, 23689, 4847, 4842, 969.40, 1
4678, 18853, 1, 0, 23690, 23690, 4837, 4836, 4837.00, 1
4679, 18856, 2, 0, 23691, 23692, 4836, 4834, 2418.00, 1
4680, 18857, 3, 0, 23693, 23695, 4838, 4835, 1612.67, 1
4681, 18858, 1, 0, 23696, 23696, 4838, 4837, 4838.00, 1
4682, 18859, 4, 0, 23697, 23700, 4841, 4837, 1210.25, 1
4683, 18865, 1, 0, 23701, 23701, 4836, 4835, 4836.00, 1
4684, 18867, 2, 0, 23702, 23703, 4836, 4834, 2418.00, 1
4685, 18878, 1, 0, 23704, 23704, 4826, 4825, 4826.00, 1
4686, 18881, 1, 0, 23705, 23705, 4824, 4823, 4824.00, 1
4687, 18883, 3, 0, 23706, 23708, 4825, 4822, 1608.33, 1
4688, 18894, 2, 0, 23709, 23710, 4816, 4814, 2408.00, 1
4689, 18895, 2, 0, 23711, 23712, 4817, 4815, 2408.50, 1
4690, 18903, 4, 0, 23713, 23716, 4813, 4809, 1203.25, 1
4691, 18908, 8, 0, 23717, 23724, 4816, 4808, 602.00, 1
4692, 18915, 2, 0, 23725, 23726, 4811, 4809, 2405.50, 1
4693, 18917, 2, 0, 23727, 23728, 4811, 4809, 2405.50, 1
4694, 18920, 2, 0, 23729, 23730, 4810, 4808, 2405.00, 1
4695, 18921, 3, 0, 23731, 23733, 4812, 4809, 1604.00, 1
4696, 18923, 10, 0, 23734, 23743, 4820, 4810, 482.00, 1
4697, 18933, 4, 0, 23744, 23747, 4814, 4810, 1203.50, 1
4698, 18940, 7, 0, 23748, 23754, 4814, 4807, 687.71, 1
4699, 18941, 4, 0, 23755, 23758, 4817, 4813, 1204.25, 1
4700, 18948, 2, 0, 23759, 23760, 4812, 4810, 2406.00, 1
4701, 18950, 8, 0, 23761, 23768, 4818, 4810, 602.25, 1
4702, 18962, 7, 0, 23769, 23775, 4813, 4806, 687.57, 1
4703, 18966, 1, 0, 23776, 23776, 4810, 4809, 4810.00, 1
4704, 18968, 1, 0, 23777, 23777, 4809, 4808, 4809.00, 1
4705, 18973, 6, 0, 23778, 23783, 4810, 4804, 801.67, 1
4706, 18978, 7, 0, 23784, 23790, 4812, 4805, 687.43, 1
4707, 18982, 2, 0, 23791, 23792, 4810, 4808, 2405.00, 1
4708, 18989, 6, 0, 23793, 23798, 4809, 4803, 801.50, 1
4709, 18999, 3, 0, 23799, 23801, 4802, 4799, 1600.67, 1
4710, 19000, 21, 0, 23802, 23822, 4822, 4801, 229.62, 1
4711, 19001, 1, 0, 23823, 23823, 4822, 4821, 4822.00, 1
4712, 19002, 5, 0, 23824, 23828, 4826, 4821, 965.20, 1
4713, 19004, 3, 0, 23829, 23831, 4827, 4824, 1609.00, 1
4714, 19008, 3, 0, 23832, 23834, 4826, 4823, 1608.67, 1
4715, 19010, 1, 0, 23835, 23835, 4825, 4824, 4825.00, 1
4716, 19014, 5, 0, 23836, 23840, 4826, 4821, 965.20, 1
4717, 19018, 8, 0, 23841, 23848, 4830, 4822, 603.75, 1
4718, 19019, 1, 0, 23849, 23849, 4830, 4829, 4830.00, 1
4719, 19020, 7, 0, 23850, 23856, 4836, 4829, 690.86, 1
4720, 19022, 10, 0, 23857, 23866, 4844, 4834, 484.40, 1
4721, 19023, 5, 0, 23867, 23871, 4848, 4843, 969.60, 1
4722, 19027, 8, 0, 23872, 23879, 4852, 4844, 606.50, 1
4723, 19031, 2, 0, 23880, 23881, 4850, 4848, 2425.00, 1
4724, 19039, 7, 0, 23882, 23888, 4849, 4842, 692.71, 1
4725, 19041, 3, 0, 23889, 23891, 4850, 4847, 1616.67, 1
4726, 19042, 1, 0, 23892, 23892, 4850, 4849, 4850.00, 1
4727, 19043, 3, 0, 23893, 23895, 4852, 4849, 1617.33, 1
4728, 19045, 1, 0, 23896, 23896, 4851, 4850, 4851.00, 1
4729, 19048, 7, 0, 23897, 23903, 4855, 4848, 693.57, 1
4730, 19050, 5, 0, 23904, 23908, 4858, 4853, 971.60, 1
4731, 19054, 1, 0, 23909, 23909, 4855, 4854, 4855.00, 1
4732, 19075, 7, 0, 23910, 23916, 4841, 4834, 691.57, 1
4733, 19082, 3, 0, 23917, 23919, 4837, 4834, 1612.33, 1
4734, 19084, 7, 0, 23920, 23926, 4842, 4835, 691.71, 1
4735, 19085, 2, 0, 23927, 23928, 4843, 4841, 2421.50, 1
4736, 19092, 4, 0, 23929, 23932, 4840, 4836, 1210.00, 1
4737, 19093, 5, 0, 23933, 23937, 4844, 4839, 968.80, 1
4738, 19099, 1, 0, 23938, 23938, 4839, 4838, 4839.00, 1
4739, 19104, 3, 0, 23939, 23941, 4837, 4834, 1612.33, 1
4740, 19106, 2, 0, 23942, 23943, 4837, 4835, 2418.50, 1
4741, 19108, 6, 0, 23944, 23949, 4841, 4835, 806.83, 1
4742, 19109, 1, 0, 23950, 23950, 4841, 4840, 4841.00, 1
4743, 19110, 24, 0, 23951, 23974, 4864, 4840, 202.67, 1
4744, 19112, 9, 0, 23975, 23983, 4871, 4862, 541.22, 1
4745, 19113, 5, 0, 23984, 23988, 4875, 4870, 975.00, 1
4746, 19114, 1, 0, 23989, 23989, 4875, 4874, 4875.00, 1
4747, 19119, 4, 0, 23990, 23993, 4874, 4870, 1218.50, 1
4748, 19123, 6, 0, 23994, 23999, 4876, 4870, 812.67, 1
4749, 19124, 3, 0, 24000, 24002, 4878, 4875, 1626.00, 1
4750, 19126, 8, 0, 24003, 24010, 4884, 4876, 610.50, 1
4751, 19128, 2, 0, 24011, 24012, 4884, 4882, 2442.00, 1
4752, 19130, 10, 0, 24013, 24022, 4892, 4882, 489.20, 1
4753, 19138, 2, 0, 24023, 24024, 4886, 4884, 2443.00, 1
4754, 19140, 3, 0, 24025, 24027, 4887, 4884, 1629.00, 1
4755, 19147, 1, 0, 24028, 24028, 4881, 4880, 4881.00, 1
4756, 19148, 3, 0, 24029, 24031, 4883, 4880, 1627.67, 1
4757, 19149, 8, 0, 24032, 24039, 4890, 4882, 611.25, 1
4758, 19153, 11, 0, 24040, 24050, 4897, 4886, 445.18, 1
4759, 19166, 1, 0, 24051, 24051, 4885, 4884, 4885.00, 1
4760, 19170, 2, 0, 24052, 24053, 4883, 4881, 2441.50, 1
4761, 19171, 12, 0, 24054, 24065, 4894, 4882, 407.83, 1
4762, 19182, 9, 0, 24066, 24074, 4892, 4883, 543.56, 1
4763, 19183, 1, 0, 24075, 24075, 4892, 4891, 4892.00, 1
4764, 19188, 7, 0, 24076, 24082, 4894, 4887, 699.14, 1
4765, 19196, 4, 0, 24083, 24086, 4890, 4886, 1222.50, 1
4766, 19199, 2, 0, 24087, 24088, 4889, 4887, 2444.50, 1
4767, 19200, 1, 0, 24089, 24089, 4889, 4888, 4889.00, 1
4768, 19202, 15, 0, 24090, 24104, 4902, 4887, 326.80, 1
4769, 19205, 3, 0, 24105, 24107, 4902, 4899, 1634.00, 1
4770, 19208, 7, 0, 24108, 24114, 4906, 4899, 700.86, 1
4771, 19215, 4, 0, 24115, 24118, 4903, 4899, 1225.75, 1
4772, 19216, 3, 0, 24119, 24121, 4905, 4902, 1635.00, 1
4773, 19217, 1, 0, 24122, 24122, 4905, 4904, 4905.00, 1
4774, 19221, 2, 0, 24123, 24124, 4903, 4901, 2451.50, 1
4775, 19224, 10, 0, 24125, 24134, 4910, 4900, 491.00, 1
4776, 19234, 2, 0, 24135, 24136, 4902, 4900, 2451.00, 1
4777, 19235, 2, 0, 24137, 24138, 4903, 4901, 2451.50, 1
4778, 19236, 6, 0, 24139, 24144, 4908, 4902, 818.00, 1
4779, 19240, 3, 0, 24145, 24147, 4907, 4904, 1635.67, 1
4780, 19242, 9, 0, 24148, 24156, 4914, 4905, 546.00, 1
4781, 19244, 6, 0, 24157, 24162, 4918, 4912, 819.67, 1
4782, 19247, 5, 0, 24163, 24167, 4920, 4915, 984.00, 1
4783, 19248, 5, 0, 24168, 24172, 4924, 4919, 984.80, 1
4784, 19252, 1, 0, 24173, 24173, 4921, 4920, 4921.00, 1
4785, 19256, 9, 0, 24174, 24182, 4926, 4917, 547.33, 1
4786, 19257, 2, 0, 24183, 24184, 4927, 4925, 2463.50, 1
4787, 19260, 2, 0, 24185, 24186, 4926, 4924, 2463.00, 1
4788, 19264, 14, 0, 24187, 24200, 4936, 4922, 352.57, 1
4789, 19265, 1, 0, 24201, 24201, 4936, 4935, 4936.00, 1
4790, 19271, 5, 0, 24202, 24206, 4935, 4930, 987.00, 1
4791, 19274, 8, 0, 24207, 24214, 4940, 4932, 617.50, 1
4792, 19275, 2, 0, 24215, 24216, 4941, 4939, 2470.50, 1
4793, 19276, 1, 0, 24217, 24217, 4941, 4940, 4941.00, 1
4794, 19278, 1, 0, 24218, 24218, 4940, 4939, 4940.00, 1
4795, 19279, 1, 0, 24219, 24219, 4940, 4939, 4940.00, 1
4796, 19284, 4, 0, 24220, 24223, 4939, 4935, 1234.75, 1
4797, 19289, 4, 0, 24224, 24227, 4938, 4934, 1234.50, 1
4798, 19292, 2, 0, 24228, 24229, 4937, 4935, 2468.50, 1
4799, 19295, 9, 0, 24230, 24238, 4943, 4934, 549.22, 1
4800, 19304, 1, 0, 24239, 24239, 4935, 4934, 4935.00, 1
4801, 19305, 3, 0, 24240, 24242, 4937, 4934, 1645.67, 1
4802, 19306, 1, 0, 24243, 24243, 4937, 4936, 4937.00, 1
4803, 19313, 2, 0, 24244, 24245, 4932, 4930, 2466.00, 1
4804, 19315, 1, 0, 24246, 24246, 4931, 4930, 4931.00, 1
4805, 19319, 2, 0, 24247, 24248, 4929, 4927, 2464.50, 1
4806, 19325, 5, 0, 24249, 24253, 4928, 4923, 985.60, 1
4807, 19327, 2, 0, 24254, 24255, 4928, 4926, 2464.00, 1
4808, 19334, 7, 0, 24256, 24262, 4928, 4921, 704.00, 1
4809, 19348, 5, 0, 24263, 24267, 4919, 4914, 983.80, 1
4810, 19349, 3, 0, 24268, 24270, 4921, 4918, 1640.33, 1
4811, 19351, 3, 0, 24271, 24273, 4922, 4919, 1640.67, 1
4812, 19358, 4, 0, 24274, 24277, 4919, 4915, 1229.75, 1
4813, 19362, 2, 0, 24278, 24279, 4917, 4915, 2458.50, 1
4814, 19363, 8, 0, 24280, 24287, 4924, 4916, 615.50, 1
4815, 19365, 9, 0, 24288, 24296, 4931, 4922, 547.89, 1
4816, 19367, 2, 0, 24297, 24298, 4931, 4929, 2465.50, 1
4817, 19375, 4, 0, 24299, 24302, 4927, 4923, 1231.75, 1
4818, 19378, 6, 0, 24303, 24308, 4930, 4924, 821.67, 1
4819, 19380, 18, 0, 24309, 24326, 4946, 4928, 274.78, 1
4820, 19381, 1, 0, 24327, 24327, 4946, 4945, 4946.00, 1
4821, 19384, 11, 0, 24328, 24338, 4954, 4943, 450.36, 1
4822, 19385, 1, 0, 24339, 24339, 4954, 4953, 4954.00, 1
4823, 19387, 7, 0, 24340, 24346, 4959, 4952, 708.43, 1
4824, 19388, 1, 0, 24347, 24347, 4959, 4958, 4959.00, 1
4825, 19394, 7, 0, 24348, 24354, 4960, 4953, 708.57, 1
4826, 19397, 2, 0, 24355, 24356, 4959, 4957, 2479.50, 1
4827, 19398, 4, 0, 24357, 24360, 4962, 4958, 1240.50, 1
4828, 19406, 5, 0, 24361, 24365, 4959, 4954, 991.80, 1
4829, 19407, 7, 0, 24366, 24372, 4965, 4958, 709.29, 1
4830, 19408, 9, 0, 24373, 24381, 4973, 4964, 552.56, 1
4831, 19409, 1, 0, 24382, 24382, 4973, 4972, 4973.00, 1
4832, 19412, 3, 0, 24383, 24385, 4973, 4970, 1657.67, 1
4833, 19417, 4, 0, 24386, 24389, 4972, 4968, 1243.00, 1
4834, 19418, 5, 0, 24390, 24394, 4976, 4971, 995.20, 1
4835, 19419, 3, 0, 24395, 24397, 4978, 4975, 1659.33, 1
4836, 19425, 3, 0, 24398, 24400, 4975, 4972, 1658.33, 1
4837, 19426, 9, 0, 24401, 24409, 4983, 4974, 553.67, 1
4838, 19430, 2, 0, 24410, 24411, 4981, 4979, 2490.50, 1
4839, 19431, 6, 0, 24412, 24417, 4986, 4980, 831.00, 1
4840, 19432, 3, 0, 24418, 24420, 4988, 4985, 1662.67, 1
4841, 19439, 4, 0, 24421, 24424, 4985, 4981, 1246.25, 1
4842, 19442, 7, 0, 24425, 24431, 4989, 4982, 712.71, 1
4843, 19443, 6, 0, 24432, 24437, 4994, 4988, 832.33, 1
4844, 19444, 2, 0, 24438, 24439, 4995, 4993, 2497.50, 1
4845, 19445, 3, 0, 24440, 24442, 4997, 4994, 1665.67, 1
4846, 19447, 2, 0, 24443, 24444, 4997, 4995, 2498.50, 1
4847, 19452, 1, 0, 24445, 24445, 4993, 4992, 4993.00, 1
4848, 19454, 11, 0, 24446, 24456, 5002, 4991, 454.73, 1
4849, 19465, 1, 0, 24457, 24457, 4992, 4991, 4992.00, 1
4850, 19477, 2, 0, 24458, 24459, 4982, 4980, 2491.00, 1
4851, 19481, 1, 0, 24460, 24460, 4979, 4978, 4979.00, 1
4852, 19487, 3, 0, 24461, 24463, 4976, 4973, 1658.67, 1
4853, 19494, 4, 0, 24464, 24467, 4973, 4969, 1243.25, 1
4854, 19501, 3, 0, 24468, 24470, 4969, 4966, 1656.33, 1
4855, 19502, 10, 0, 24471, 24480, 4978, 4968, 497.80, 1
4856, 19526, 5, 0, 24481, 24485, 4959, 4954, 991.80, 1
4857, 19530, 3, 0, 24486, 24488, 4958, 4955, 1652.67, 1
4858, 19533, 4, 0, 24489, 24492, 4959, 4955, 1239.75, 1
4859, 19538, 4, 0, 24493, 24496, 4958, 4954, 1239.50, 1
4860, 19539, 4, 0, 24497, 24500, 4961, 4957, 1240.25, 1
4861, 19541, 4, 0, 24501, 24504, 4963, 4959, 1240.75, 1
4862, 19543, 4, 0, 24505, 24508, 4965, 4961, 1241.25, 1
4863, 19547, 3, 0, 24509, 24511, 4964, 4961, 1654.67, 1
4864, 19549, 12, 0, 24512, 24523, 4974, 4962, 414.50, 1
4865, 19553, 1, 0, 24524, 24524, 4971, 4970, 4971.00, 1
4866, 19568, 2, 0, 24525, 24526, 4958, 4956, 2479.00, 1
4867, 19573, 11, 0, 24527, 24537, 4964, 4953, 451.27, 1
4868, 19579, 1, 0, 24538, 24538, 4959, 4958, 4959.00, 1
4869, 19583, 18, 0, 24539, 24556, 4973, 4955, 276.28, 1
4870, 19599, 4, 0, 24557, 24560, 4961, 4957, 1240.25, 1
4871, 19604, 2, 0, 24561, 24562, 4958, 4956, 2479.00, 1
4872, 19605, 1, 0, 24563, 24563, 4958, 4957, 4958.00, 1
4873, 19611, 2, 0, 24564, 24565, 4954, 4952, 2477.00, 1
4874, 19612, 1, 0, 24566, 24566, 4954, 4953, 4954.00, 1
4875, 19613, 5, 0, 24567, 24571, 4958, 4953, 991.60, 1
4876, 19617, 2, 0, 24572, 24573, 4956, 4954, 2478.00, 1
4877, 19633, 5, 0, 24574, 24578, 4945, 4940, 989.00, 1
4878, 19635, 3, 0, 24579, 24581, 4946, 4943, 1648.67, 1
4879, 19643, 8, 0, 24582, 24589, 4946, 4938, 618.25, 1
4880, 19644, 1, 0, 24590, 24590, 4946, 4945, 4946.00, 1
4881, 19647, 4, 0, 24591, 24594, 4947, 4943, 1236.75, 1
4882, 19653, 5, 0, 24595, 24599, 4946, 4941, 989.20, 1
4883, 19657, 2, 0, 24600, 24601, 4944, 4942, 2472.00, 1
4884, 19661, 1, 0, 24602, 24602, 4941, 4940, 4941.00, 1
4885, 19663, 4, 0, 24603, 24606, 4943, 4939, 1235.75, 1
4886, 19664, 2, 0, 24607, 24608, 4944, 4942, 2472.00, 1
4887, 19665, 2, 0, 24609, 24610, 4945, 4943, 2472.50, 1
4888, 19668, 1, 0, 24611, 24611, 4943, 4942, 4943.00, 1
4889, 19669, 1, 0, 24612, 24612, 4943, 4942, 4943.00, 1
4890, 19670, 2, 0, 24613, 24614, 4944, 4942, 2472.00, 1
4891, 19674, 3, 0, 24615, 24617, 4943, 4940, 1647.67, 1
4892, 19676, 1, 0, 24618, 24618, 4942, 4941, 4942.00, 1
4893, 19685, 31, 0, 24619, 24649, 4964, 4933, 160.13, 1
4894, 19686, 27, 0, 24650, 24676, 4990, 4963, 184.81, 1
4895, 19688, 4, 0, 24677, 24680, 4992, 4988, 1248.00, 1
4896, 19690, 4, 0, 24681, 24684, 4994, 4990, 1248.50, 1
4897, 19693, 9, 0, 24685, 24693, 5000, 4991, 555.56, 1
4898, 19695, 2, 0, 24694, 24695, 5000, 4998, 2500.00, 1
4899, 19697, 8, 0, 24696, 24703, 5006, 4998, 625.75, 1
4900, 19703, 1, 0, 24704, 24704, 5001, 5000, 5001.00, 1
4901, 19704, 19, 0, 24705, 24723, 5019, 5000, 264.16, 1
4902, 19708, 4, 0, 24724, 24727, 5019, 5015, 1254.75, 1
4903, 19709, 1, 0, 24728, 24728, 5019, 5018, 5019.00, 1
4904, 19710, 1, 0, 24729, 24729, 5019, 5018, 5019.00, 1
4905, 19713, 2, 0, 24730, 24731, 5018, 5016, 2509.00, 1
4906, 19719, 8, 0, 24732, 24739, 5020, 5012, 627.50, 1
4907, 19722, 2, 0, 24740, 24741, 5019, 5017, 2509.50, 1
4908, 19726, 14, 0, 24742, 24755, 5029, 5015, 359.21, 1
4909, 19733, 29, 0, 24756, 24784, 5051, 5022, 174.17, 1
4910, 19738, 8, 0, 24785, 24792, 5054, 5046, 631.75, 1
4911, 19740, 9, 0, 24793, 24801, 5061, 5052, 562.33, 1
4912, 19742, 9, 0, 24802, 24810, 5068, 5059, 563.11, 1
4913, 19744, 3, 0, 24811, 24813, 5069, 5066, 1689.67, 1
4914, 19745, 5, 0, 24814, 24818, 5073, 5068, 1014.60, 1
4915, 19749, 2, 0, 24819, 24820, 5071, 5069, 2535.50, 1
4916, 19750, 4, 0, 24821, 24824, 5074, 5070, 1268.50, 1
4917, 19761, 1, 0, 24825, 24825, 5064, 5063, 5064.00, 1
4918, 19763, 4, 0, 24826, 24829, 5066, 5062, 1266.50, 1
4919, 19768, 1, 0, 24830, 24830, 5062, 5061, 5062.00, 1
4920, 19769, 12, 0, 24831, 24842, 5073, 5061, 422.75, 1
4921, 19775, 4, 0, 24843, 24846, 5071, 5067, 1267.75, 1
4922, 19776, 1, 0, 24847, 24847, 5071, 5070, 5071.00, 1
4923, 19778, 4, 0, 24848, 24851, 5073, 5069, 1268.25, 1
4924, 19779, 4, 0, 24852, 24855, 5076, 5072, 1269.00, 1
4925, 19780, 14, 0, 24856, 24869, 5089, 5075, 363.50, 1
4926, 19783, 8, 0, 24870, 24877, 5094, 5086, 636.75, 1
4927, 19791, 8, 0, 24878, 24885, 5094, 5086, 636.75, 1
4928, 19794, 1, 0, 24886, 24886, 5092, 5091, 5092.00, 1
4929, 19795, 7, 0, 24887, 24893, 5098, 5091, 728.29, 1
4930, 19796, 7, 0, 24894, 24900, 5104, 5097, 729.14, 1
4931, 19799, 14, 0, 24901, 24914, 5115, 5101, 365.36, 1
4932, 19800, 10, 0, 24915, 24924, 5124, 5114, 512.40, 1
4933, 19801, 9, 0, 24925, 24933, 5132, 5123, 570.22, 1
4934, 19802, 2, 0, 24934, 24935, 5133, 5131, 2566.50, 1
4935, 19810, 1, 0, 24936, 24936, 5126, 5125, 5126.00, 1
4936, 19811, 5, 0, 24937, 24941, 5130, 5125, 1026.00, 1
4937, 19817, 1, 0, 24942, 24942, 5125, 5124, 5125.00, 1
4938, 19820, 1, 0, 24943, 24943, 5123, 5122, 5123.00, 1
4939, 19821, 13, 0, 24944, 24956, 5135, 5122, 395.00, 1
4940, 19823, 19, 0, 24957, 24975, 5152, 5133, 271.16, 1
4941, 19836, 4, 0, 24976, 24979, 5143, 5139, 1285.75, 1
4942, 19841, 4, 0, 24980, 24983, 5142, 5138, 1285.50, 1
4943, 19847, 6, 0, 24984, 24989, 5142, 5136, 857.00, 1
4944, 19850, 4, 0, 24990, 24993, 5143, 5139, 1285.75, 1
4945, 19856, 3, 0, 24994, 24996, 5140, 5137, 1713.33, 1
4946, 19862, 1, 0, 24997, 24997, 5135, 5134, 5135.00, 1
4947, 19864, 10, 0, 24998, 25007, 5143, 5133, 514.30, 1
4948, 19871, 3, 0, 25008, 25010, 5139, 5136, 1713.00, 1
4949, 19873, 7, 0, 25011, 25017, 5144, 5137, 734.86, 1
4950, 19879, 1, 0, 25018, 25018, 5139, 5138, 5139.00, 1
4951, 19887, 3, 0, 25019, 25021, 5134, 5131, 1711.33, 1
4952, 19888, 25, 0, 25022, 25046, 5158, 5133, 206.32, 1
4953, 19889, 6, 0, 25047, 25052, 5163, 5157, 860.50, 1
4954, 19893, 9, 0, 25053, 25061, 5168, 5159, 574.22, 1
4955, 19903, 5, 0, 25062, 25066, 5163, 5158, 1032.60, 1
4956, 19905, 2, 0, 25067, 25068, 5163, 5161, 2581.50, 1
4957, 19910, 4, 0, 25069, 25072, 5162, 5158, 1290.50, 1
4958, 19913, 3, 0, 25073, 25075, 5162, 5159, 1720.67, 1
4959, 19917, 3, 0, 25076, 25078, 5161, 5158, 1720.33, 1
4960, 19919, 2, 0, 25079, 25080, 5161, 5159, 2580.50, 1
4961, 19924, 1, 0, 25081, 25081, 5157, 5156, 5157.00, 1
4962, 19927, 2, 0, 25082, 25083, 5156, 5154, 2578.00, 1
4963, 19929, 2, 0, 25084, 25085, 5156, 5154, 2578.00, 1
4964, 19930, 1, 0, 25086, 25086, 5156, 5155, 5156.00, 1
4965, 19933, 29, 0, 25087, 25115, 5182, 5153, 178.69, 1
4966, 19934, 5, 0, 25116, 25120, 5186, 5181, 1037.20, 1
4967, 19941, 10, 0, 25121, 25130, 5189, 5179, 518.90, 1
4968, 19943, 6, 0, 25131, 25136, 5193, 5187, 865.50, 1
4969, 19944, 8, 0, 25137, 25144, 5200, 5192, 650.00, 1
4970, 19945, 4, 0, 25145, 25148, 5203, 5199, 1300.75, 1
4971, 19948, 1, 0, 25149, 25149, 5201, 5200, 5201.00, 1
4972, 19950, 16, 0, 25150, 25165, 5215, 5199, 325.94, 1
4973, 19952, 2, 0, 25166, 25167, 5215, 5213, 2607.50, 1
4974, 19956, 2, 0, 25168, 25169, 5213, 5211, 2606.50, 1
4975, 19967, 2, 0, 25170, 25171, 5204, 5202, 2602.00, 1
4976, 19970, 3, 0, 25172, 25174, 5204, 5201, 1734.67, 1
4977, 19975, 11, 0, 25175, 25185, 5210, 5199, 473.64, 1
4978, 19979, 5, 0, 25186, 25190, 5211, 5206, 1042.20, 1
4979, 19986, 2, 0, 25191, 25192, 5206, 5204, 2603.00, 1
4980, 19988, 7, 0, 25193, 25199, 5211, 5204, 744.43, 1
4981, 19990, 15, 0, 25200, 25214, 5224, 5209, 348.27, 1
4982, 19993, 2, 0, 25215, 25216, 5223, 5221, 2611.50, 1
4983, 19996, 4, 0, 25217, 25220, 5224, 5220, 1306.00, 1
4984, 19999, 4, 0, 25221, 25224, 5225, 5221, 1306.25, 1
4985, 20003, 2, 0, 25225, 25226, 5223, 5221, 2611.50, 1
4986, 20007, 1, 0, 25227, 25227, 5220, 5219, 5220.00, 1
4987, 20009, 2, 0, 25228, 25229, 5220, 5218, 2610.00, 1
4988, 20010, 2, 0, 25230, 25231, 5221, 5219, 2610.50, 1
4989, 20013, 4, 0, 25232, 25235, 5222, 5218, 1305.50, 1
4990, 20014, 10, 0, 25236, 25245, 5231, 5221, 523.10, 1
4991, 20018, 3, 0, 25246, 25248, 5230, 5227, 1743.33, 1
4992, 20021, 8, 0, 25249, 25256, 5235, 5227, 654.38, 1
4993, 20026, 10, 0, 25257, 25266, 5240, 5230, 524.00, 1
4994, 20029, 10, 0, 25267, 25276, 5247, 5237, 524.70, 1
4995, 20031, 2, 0, 25277, 25278, 5247, 5245, 2623.50, 1
4996, 20036, 6, 0, 25279, 25284, 5248, 5242, 874.67, 1
4997, 20040, 5, 0, 25285, 25289, 5249, 5244, 1049.80, 1
4998, 20046, 7, 0, 25290, 25296, 5250, 5243, 750.00, 1
4999, 20050, 2, 0, 25297, 25298, 5248, 5246, 2624.00, 1
5000, 20051, 6, 0, 25299, 25304, 5253, 5247, 875.50, 1
5001, 20056, 6, 0, 25305, 25310, 5254, 5248, 875.67, 1
5002, 20058, 9, 0, 25311, 25319, 5261, 5252, 584.56, 1
5003, 20060, 1, 0, 25320, 25320, 5260, 5259, 5260.00, 1
5004, 20063, 1, 0, 25321, 25321, 5258, 5257, 5258.00, 1
5005, 20065, 4, 0, 25322, 25325, 5260, 5256, 1315.00, 1
5006, 20070, 14, 0, 25326, 25339, 5269, 5255, 376.36, 1
5007, 20071, 1, 0, 25340, 25340, 5269, 5268, 5269.00, 1
5008, 20073, 4, 0, 25341, 25344, 5271, 5267, 1317.75, 1
5009, 20077, 3, 0, 25345, 25347, 5270, 5267, 1756.67, 1
5010, 20080, 1, 0, 25348, 25348, 5268, 5267, 5268.00, 1
5011, 20083, 2, 0, 25349, 25350, 5267, 5265, 2633.50, 1
5012, 20084, 3, 0, 25351, 25353, 5269, 5266, 1756.33, 1
5013, 20106, 1, 0, 25354, 25354, 5248, 5247, 5248.00, 1
5014, 20112, 4, 0, 25355, 25358, 5246, 5242, 1311.50, 1
5015, 20118, 2, 0, 25359, 25360, 5242, 5240, 2621.00, 1
5016, 20121, 2, 0, 25361, 25362, 5241, 5239, 2620.50, 1
5017, 20122, 4, 0, 25363, 25366, 5244, 5240, 1311.00, 1
5018, 20126, 5, 0, 25367, 25371, 5245, 5240, 1049.00, 1
5019, 20142, 8, 0, 25372, 25379, 5237, 5229, 654.62, 1
5020, 20145, 5, 0, 25380, 25384, 5239, 5234, 1047.80, 1
5021, 20150, 2, 0, 25385, 25386, 5236, 5234, 2618.00, 1
5022, 20151, 1, 0, 25387, 25387, 5236, 5235, 5236.00, 1
5023, 20158, 4, 0, 25388, 25391, 5233, 5229, 1308.25, 1
5024, 20165, 1, 0, 25392, 25392, 5227, 5226, 5227.00, 1
5025, 20168, 5, 0, 25393, 25397, 5229, 5224, 1045.80, 1
5026, 20172, 8, 0, 25398, 25405, 5233, 5225, 654.12, 1
5027, 20173, 1, 0, 25406, 25406, 5233, 5232, 5233.00, 1
5028, 20180, 1, 0, 25407, 25407, 5227, 5226, 5227.00, 1
5029, 20184, 1, 0, 25408, 25408, 5224, 5223, 5224.00, 1
5030, 20191, 7, 0, 25409, 25415, 5224, 5217, 746.29, 1
5031, 20195, 2, 0, 25416, 25417, 5222, 5220, 2611.00, 1
5032, 20199, 2, 0, 25418, 25419, 5220, 5218, 2610.00, 1
5033, 20205, 4, 0, 25420, 25423, 5218, 5214, 1304.50, 1
5034, 20221, 2, 0, 25424, 25425, 5204, 5202, 2602.00, 1
5035, 20224, 3, 0, 25426, 25428, 5204, 5201, 1734.67, 1
5036, 20227, 5, 0, 25429, 25433, 5206, 5201, 1041.20, 1
5037, 20228, 2, 0, 25434, 25435, 5207, 5205, 2603.50, 1
5038, 20229, 6, 0, 25436, 25441, 5212, 5206, 868.67, 1
5039, 20232, 10, 0, 25442, 25451, 5219, 5209, 521.90, 1
5040, 20237, 4, 0, 25452, 25455, 5218, 5214, 1304.50, 1
5041, 20238, 13, 0, 25456, 25468, 5230, 5217, 402.31, 1
5042, 20242, 1, 0, 25469, 25469, 5227, 5226, 5227.00, 1
5043, 20255, 3, 0, 25470, 25472, 5217, 5214, 1739.00, 1
5044, 20260, 5, 0, 25473, 25477, 5217, 5212, 1043.40, 1
5045, 20261, 4, 0, 25478, 25481, 5220, 5216, 1305.00, 1
5046, 20262, 2, 0, 25482, 25483, 5221, 5219, 2610.50, 1
5047, 20274, 10, 0, 25484, 25493, 5219, 5209, 521.90, 1
5048, 20289, 8, 0, 25494, 25501, 5212, 5204, 651.50, 1
5049, 20294, 5, 0, 25502, 25506, 5212, 5207, 1042.40, 1
5050, 20296, 24, 0, 25507, 25530, 5234, 5210, 218.08, 1
5051, 20306, 3, 0, 25531, 25533, 5227, 5224, 1742.33, 1
5052, 20310, 6, 0, 25534, 25539, 5229, 5223, 871.50, 1
5053, 20311, 9, 0, 25540, 25548, 5237, 5228, 581.89, 1
5054, 20313, 9, 0, 25549, 25557, 5244, 5235, 582.67, 1
5055, 20316, 4, 0, 25558, 25561, 5245, 5241, 1311.25, 1
5056, 20317, 9, 0, 25562, 25570, 5253, 5244, 583.67, 1
5057, 20319, 4, 0, 25571, 25574, 5255, 5251, 1313.75, 1
5058, 20321, 2, 0, 25575, 25576, 5255, 5253, 2627.50, 1
5059, 20323, 7, 0, 25577, 25583, 5260, 5253, 751.43, 1
5060, 20327, 1, 0, 25584, 25584, 5257, 5256, 5257.00, 1
5061, 20332, 13, 0, 25585, 25597, 5265, 5252, 405.00, 1
5062, 20333, 4, 0, 25598, 25601, 5268, 5264, 1317.00, 1
5063, 20336, 4, 0, 25602, 25605, 5269, 5265, 1317.25, 1
5064, 20337, 1, 0, 25606, 25606, 5269, 5268, 5269.00, 1
5065, 20340, 4, 0, 25607, 25610, 5270, 5266, 1317.50, 1
5066, 20342, 1, 0, 25611, 25611, 5269, 5268, 5269.00, 1
5067, 20344, 9, 0, 25612, 25620, 5276, 5267, 586.22, 1
5068, 20349, 3, 0, 25621, 25623, 5274, 5271, 1758.00, 1
5069, 20350, 9, 0, 25624, 25632, 5282, 5273, 586.89, 1
5070, 20357, 2, 0, 25633, 25634, 5277, 5275, 2638.50, 1
5071, 20359, 5, 0, 25635, 25639, 5280, 5275, 1056.00, 1
5072, 20362, 4, 0, 25640, 25643, 5281, 5277, 1320.25, 1
5073, 20372, 3, 0, 25644, 25646, 5274, 5271, 1758.00, 1
5074, 20378, 1, 0, 25647, 25647, 5269, 5268, 5269.00, 1
5075, 20380, 4, 0, 25648, 25651, 5271, 5267, 1317.75, 1
5076, 20382, 3, 0, 25652, 25654, 5272, 5269, 1757.33, 1
5077, 20387, 2, 0, 25655, 25656, 5269, 5267, 2634.50, 1
5078, 20395, 9, 0, 25657, 25665, 5270, 5261, 585.56, 1
5079, 20402, 1, 0, 25666, 25666, 5264, 5263, 5264.00, 1
5080, 20406, 2, 0, 25667, 25668, 5262, 5260, 2631.00, 1
5081, 20408, 3, 0, 25669, 25671, 5263, 5260, 1754.33, 1
5082, 20409, 6, 0, 25672, 25677, 5268, 5262, 878.00, 1
5083, 20410, 4, 0, 25678, 25681, 5271, 5267, 1317.75, 1
5084, 20415, 2, 0, 25682, 25683, 5268, 5266, 2634.00, 1
5085, 20416, 1, 0, 25684, 25684, 5268, 5267, 5268.00, 1
5086, 20417, 4, 0, 25685, 25688, 5271, 5267, 1317.75, 1
5087, 20421, 9, 0, 25689, 25697, 5276, 5267, 586.22, 1
5088, 20422, 1, 0, 25698, 25698, 5276, 5275, 5276.00, 1
5089, 20426, 1, 0, 25699, 25699, 5273, 5272, 5273.00, 1
5090, 20432, 4, 0, 25700, 25703, 5271, 5267, 1317.75, 1
5091, 20436, 4, 0, 25704, 25707, 5271, 5267, 1317.75, 1
5092, 20439, 3, 0, 25708, 25710, 5271, 5268, 1757.00, 1
5093, 20440, 10, 0, 25711, 25720, 5280, 5270, 528.00, 1
5094, 20441, 4, 0, 25721, 25724, 5283, 5279, 1320.75, 1
5095, 20446, 2, 0, 25725, 25726, 5280, 5278, 2640.00, 1
5096, 20453, 18, 0, 25727, 25744, 5291, 5273, 293.94, 1
5097, 20459, 6, 0, 25745, 25750, 5291, 5285, 881.83, 1
5098, 20460, 18, 0, 25751, 25768, 5308, 5290, 294.89, 1
5099, 20461, 4, 0, 25769, 25772, 5311, 5307, 1327.75, 1
5100, 20463, 1, 0, 25773, 25773, 5310, 5309, 5310.00, 1
5101, 20464, 1, 0, 25774, 25774, 5310, 5309, 5310.00, 1
5102, 20469, 2, 0, 25775, 25776, 5307, 5305, 2653.50, 1
5103, 20471, 2, 0, 25777, 25778, 5307, 5305, 2653.50, 1
5104, 20472, 1, 0, 25779, 25779, 5307, 5306, 5307.00, 1
5105, 20479, 1, 0, 25780, 25780, 5301, 5300, 5301.00, 1
5106, 20489, 3, 0, 25781, 25783, 5294, 5291, 1764.67, 1
5107, 20494, 6, 0, 25784, 25789, 5295, 5289, 882.50, 1
5108, 20496, 6, 0, 25790, 25795, 5299, 5293, 883.17, 1
5109, 20505, 2, 0, 25796, 25797, 5292, 5290, 2646.00, 1
5110, 20506, 4, 0, 25798, 25801, 5295, 5291, 1323.75, 1
5111, 20517, 10, 0, 25802, 25811, 5294, 5284, 529.40, 1
5112, 20520, 9, 0, 25812, 25820, 5300, 5291, 588.89, 1
5113, 20521, 9, 0, 25821, 25829, 5308, 5299, 589.78, 1
5114, 20526, 7, 0, 25830, 25836, 5310, 5303, 758.57, 1
5115, 20530, 7, 0, 25837, 25843, 5313, 5306, 759.00, 1
5116, 20531, 1, 0, 25844, 25844, 5313, 5312, 5313.00, 1
5117, 20532, 2, 0, 25845, 25846, 5314, 5312, 2657.00, 1
5118, 20540, 1, 0, 25847, 25847, 5307, 5306, 5307.00, 1
5119, 20542, 1, 0, 25848, 25848, 5306, 5305, 5306.00, 1
5120, 20543, 7, 0, 25849, 25855, 5312, 5305, 758.86, 1
5121, 20548, 2, 0, 25856, 25857, 5309, 5307, 2654.50, 1
5122, 20559, 3, 0, 25858, 25860, 5301, 5298, 1767.00, 1
5123, 20563, 2, 0, 25861, 25862, 5299, 5297, 2649.50, 1
5124, 20564, 1, 0, 25863, 25863, 5299, 5298, 5299.00, 1
5125, 20567, 7, 0, 25864, 25870, 5303, 5296, 757.57, 1
5126, 20584, 30, 0, 25871, 25900, 5316, 5286, 177.20, 1
5127, 20596, 9, 0, 25901, 25909, 5313, 5304, 590.33, 1
5128, 20608, 2, 0, 25910, 25911, 5303, 5301, 2651.50, 1
5129, 20611, 5, 0, 25912, 25916, 5305, 5300, 1061.00, 1
5130, 20614, 2, 0, 25917, 25918, 5304, 5302, 2652.00, 1
5131, 20618, 8, 0, 25919, 25926, 5308, 5300, 663.50, 1
5132, 20619, 5, 0, 25927, 25931, 5312, 5307, 1062.40, 1
5133, 20624, 1, 0, 25932, 25932, 5308, 5307, 5308.00, 1
5134, 20636, 1, 0, 25933, 25933, 5297, 5296, 5297.00, 1
5135, 20646, 2, 0, 25934, 25935, 5289, 5287, 2644.50, 1
5136, 20653, 6, 0, 25936, 25941, 5288, 5282, 881.33, 1
5137, 20657, 18, 0, 25942, 25959, 5302, 5284, 294.56, 1
5138, 20659, 4, 0, 25960, 25963, 5304, 5300, 1326.00, 1
5139, 20668, 4, 0, 25964, 25967, 5299, 5295, 1324.75, 1
5140, 20670, 2, 0, 25968, 25969, 5299, 5297, 2649.50, 1
5141, 20671, 4, 0, 25970, 25973, 5302, 5298, 1325.50, 1
5142, 20677, 2, 0, 25974, 25975, 5298, 5296, 2649.00, 1
5143, 20678, 4, 0, 25976, 25979, 5301, 5297, 1325.25, 1
5144, 20682, 1, 0, 25980, 25980, 5298, 5297, 5298.00, 1
5145, 20696, 6, 0, 25981, 25986, 5290, 5284, 881.67, 1
5146, 20701, 2, 0, 25987, 25988, 5287, 5285, 2643.50, 1
5147, 20708, 8, 0, 25989, 25996, 5288, 5280, 661.00, 1
5148, 20717, 1, 0, 25997, 25997, 5280, 5279, 5280.00, 1
5149, 20721, 3, 0, 25998, 26000, 5279, 5276, 1759.67, 1
5150, 20725, 1, 0, 26001, 26001, 5276, 5275, 5276.00, 1
5151, 20729, 13, 0, 26002, 26014, 5285, 5272, 406.54, 1
5152, 20736, 6, 0, 26015, 26020, 5284, 5278, 880.67, 1
5153, 20737, 4, 0, 26021, 26024, 5287, 5283, 1321.75, 1
5154, 20738, 3, 0, 26025, 26027, 5289, 5286, 1763.00, 1
5155, 20739, 2, 0, 26028, 26029, 5290, 5288, 2645.00, 1
5156, 20743, 2, 0, 26030, 26031, 5288, 5286, 2644.00, 1
5157, 20744, 3, 0, 26032, 26034, 5290, 5287, 1763.33, 1
5158, 20745, 1, 0, 26035, 26035, 5290, 5289, 5290.00, 1
5159, 20746, 1, 0, 26036, 26036, 5290, 5289, 5290.00, 1
5160, 20747, 1, 0, 26037, 26037, 5290, 5289, 5290.00, 1
5161, 20748, 1, 0, 26038, 26038, 5290, 5289, 5290.00, 1
5162, 20749, 9, 0, 26039, 26047, 5298, 5289, 588.67, 1
5163, 20752, 5, 0, 26048, 26052, 5300, 5295, 1060.00, 1
5164, 20753, 5, 0, 26053, 26057, 5304, 5299, 1060.80, 1
5165, 20755, 1, 0, 26058, 26058, 5303, 5302, 5303.00, 1
5166, 20758, 7, 0, 26059, 26065, 5307, 5300, 758.14, 1
5167, 20774, 2, 0, 26066, 26067, 5293, 5291, 2646.50, 1
5168, 20778, 2, 0, 26068, 26069, 5291, 5289, 2645.50, 1
5169, 20780, 4, 0, 26070, 26073, 5293, 5289, 1323.25, 1
5170, 20783, 10, 0, 26074, 26083, 5300, 5290, 530.00, 1
5171, 20784, 3, 0, 26084, 26086, 5302, 5299, 1767.33, 1
5172, 20791, 1, 0, 26087, 26087, 5296, 5295, 5296.00, 1
5173, 20795, 4, 0, 26088, 26091, 5296, 5292, 1324.00, 1
5174, 20807, 14, 0, 26092, 26105, 5298, 5284, 378.43, 1
5175, 20808, 11, 0, 26106, 26116, 5308, 5297, 482.55, 1
5176, 20809, 4, 0, 26117, 26120, 5311, 5307, 1327.75, 1
5177, 20812, 6, 0, 26121, 26126, 5314, 5308, 885.67, 1
5178, 20817, 7, 0, 26127, 26133, 5316, 5309, 759.43, 1
5179, 20831, 3, 0, 26134, 26136, 5305, 5302, 1768.33, 1
5180, 20833, 15, 0, 26137, 26151, 5318, 5303, 354.53, 1
5181, 20841, 1, 0, 26152, 26152, 5311, 5310, 5311.00, 1
5182, 20848, 9, 0, 26153, 26161, 5313, 5304, 590.33, 1
5183, 20850, 12, 0, 26162, 26173, 5323, 5311, 443.58, 1
5184, 20858, 1, 0, 26174, 26174, 5316, 5315, 5316.00, 1
5185, 20863, 3, 0, 26175, 26177, 5314, 5311, 1771.33, 1
5186, 20869, 2, 0, 26178, 26179, 5310, 5308, 2655.00, 1
5187, 20872, 2, 0, 26180, 26181, 5309, 5307, 2654.50, 1
5188, 20873, 2, 0, 26182, 26183, 5310, 5308, 2655.00, 1
5189, 20878, 4, 0, 26184, 26187, 5309, 5305, 1327.25, 1
5190, 20883, 19, 0, 26188, 26206, 5323, 5304, 280.16, 1
5191, 20896, 5, 0, 26207, 26211, 5315, 5310, 1063.00, 1
5192, 20900, 2, 0, 26212, 26213, 5313, 5311, 2656.50, 1
5193, 20901, 1, 0, 26214, 26214, 5313, 5312, 5313.00, 1
5194, 20908, 1, 0, 26215, 26215, 5307, 5306, 5307.00, 1
5195, 20924, 1, 0, 26216, 26216, 5292, 5291, 5292.00, 1
5196, 20930, 2, 0, 26217, 26218, 5288, 5286, 2644.00, 1
5197, 20931, 8, 0, 26219, 26226, 5295, 5287, 661.88, 1
5198, 20939, 4, 0, 26227, 26230, 5291, 5287, 1322.75, 1
5199, 20941, 6, 0, 26231, 26236, 5295, 5289, 882.50, 1
5200, 20945, 2, 0, 26237, 26238, 5293, 5291, 2646.50, 1
5201, 20954, 1, 0, 26239, 26239, 5285, 5284, 5285.00, 1
5202, 20959, 2, 0, 26240, 26241, 5282, 5280, 2641.00, 1
5203, 20961, 1, 0, 26242, 26242, 5281, 5280, 5281.00, 1
5204, 20962, 1, 0, 26243, 26243, 5281, 5280, 5281.00, 1
5205, 20966, 5, 0, 26244, 26248, 5282, 5277, 1056.40, 1
5206, 20983, 3, 0, 26249, 26251, 5268, 5265, 1756.00, 1
5207, 20988, 1, 0, 26252, 26252, 5264, 5263, 5264.00, 1
5208, 20993, 7, 0, 26253, 26259, 5266, 5259, 752.29, 1
5209, 20995, 1, 0, 26260, 26260, 5265, 5264, 5265.00, 1
5210, 20996, 3, 0, 26261, 26263, 5267, 5264, 1755.67, 1
5211, 20999, 4, 0, 26264, 26267, 5268, 5264, 1317.00, 1
5212, 21009, 2, 0, 26268, 26269, 5260, 5258, 2630.00, 1
5213, 21010, 3, 0, 26270, 26272, 5262, 5259, 1754.00, 1
5214, 21014, 9, 0, 26273, 26281, 5267, 5258, 585.22, 1
5215, 21015, 24, 0, 26282, 26305, 5290, 5266, 220.42, 1
5216, 21022, 3, 0, 26306, 26308, 5286, 5283, 1762.00, 1
5217, 21024, 1, 0, 26309, 26309, 5285, 5284, 5285.00, 1
5218, 21027, 9, 0, 26310, 26318, 5291, 5282, 587.89, 1
5219, 21028, 4, 0, 26319, 26322, 5294, 5290, 1323.50, 1
5220, 21032, 4, 0, 26323, 26326, 5294, 5290, 1323.50, 1
5221, 21033, 1, 0, 26327, 26327, 5294, 5293, 5294.00, 1
5222, 21034, 7, 0, 26328, 26334, 5300, 5293, 757.14, 1
5223, 21035, 3, 0, 26335, 26337, 5302, 5299, 1767.33, 1
5224, 21036, 3, 0, 26338, 26340, 5304, 5301, 1768.00, 1
5225, 21038, 6, 0, 26341, 26346, 5308, 5302, 884.67, 1
5226, 21052, 4, 0, 26347, 26350, 5298, 5294, 1324.50, 1
5227, 21057, 12, 0, 26351, 26362, 5305, 5293, 442.08, 1
5228, 21059, 15, 0, 26363, 26377, 5318, 5303, 354.53, 1
5229, 21060, 3, 0, 26378, 26380, 5320, 5317, 1773.33, 1
5230, 21062, 3, 0, 26381, 26383, 5321, 5318, 1773.67, 1
5231, 21063, 1, 0, 26384, 26384, 5321, 5320, 5321.00, 1
5232, 21065, 1, 0, 26385, 26385, 5320, 5319, 5320.00, 1
5233, 21072, 5, 0, 26386, 26390, 5318, 5313, 1063.60, 1
5234, 21074, 10, 0, 26391, 26400, 5326, 5316, 532.60, 1
5235, 21082, 1, 0, 26401, 26401, 5319, 5318, 5319.00, 1
5236, 21083, 15, 0, 26402, 26416, 5333, 5318, 355.53, 1
5237, 21085, 2, 0, 26417, 26418, 5333, 5331, 2666.50, 1
5238, 21086, 1, 0, 26419, 26419, 5333, 5332, 5333.00, 1
5239, 21093, 5, 0, 26420, 26424, 5331, 5326, 1066.20, 1
5240, 21094, 2, 0, 26425, 26426, 5332, 5330, 2666.00, 1
5241, 21104, 17, 0, 26427, 26443, 5339, 5322, 314.06, 1
5242, 21105, 5, 0, 26444, 26448, 5343, 5338, 1068.60, 1
5243, 21107, 2, 0, 26449, 26450, 5343, 5341, 2671.50, 1
5244, 21108, 5, 0, 26451, 26455, 5347, 5342, 1069.40, 1
5245, 21109, 6, 0, 26456, 26461, 5352, 5346, 892.00, 1
5246, 21112, 2, 0, 26462, 26463, 5351, 5349, 2675.50, 1
5247, 21113, 12, 0, 26464, 26475, 5362, 5350, 446.83, 1
5248, 21114, 7, 0, 26476, 26482, 5368, 5361, 766.86, 1
5249, 21116, 5, 0, 26483, 26487, 5371, 5366, 1074.20, 1
5250, 21125, 2, 0, 26488, 26489, 5364, 5362, 2682.00, 1
5251, 21128, 7, 0, 26490, 26496, 5368, 5361, 766.86, 1
5252, 21129, 11, 0, 26497, 26507, 5378, 5367, 488.91, 1
5253, 21133, 1, 0, 26508, 26508, 5375, 5374, 5375.00, 1
5254, 21138, 1, 0, 26509, 26509, 5371, 5370, 5371.00, 1
5255, 21142, 7, 0, 26510, 26516, 5374, 5367, 767.71, 1
5256, 21143, 6, 0, 26517, 26522, 5379, 5373, 896.50, 1
5257, 21144, 10, 0, 26523, 26532, 5388, 5378, 538.80, 1
5258, 21146, 1, 0, 26533, 26533, 5387, 5386, 5387.00, 1
5259, 21148, 1, 0, 26534, 26534, 5386, 5385, 5386.00, 1
5260, 21149, 12, 0, 26535, 26546, 5397, 5385, 449.75, 1
5261, 21152, 3, 0, 26547, 26549, 5397, 5394, 1799.00, 1
5262, 21154, 3, 0, 26550, 26552, 5398, 5395, 1799.33, 1
5263, 21156, 6, 0, 26553, 26558, 5402, 5396, 900.33, 1
5264, 21160, 2, 0, 26559, 26560, 5400, 5398, 2700.00, 1
5265, 21164, 3, 0, 26561, 26563, 5399, 5396, 1799.67, 1
5266, 21165, 2, 0, 26564, 26565, 5400, 5398, 2700.00, 1
5267, 21167, 1, 0, 26566, 26566, 5399, 5398, 5399.00, 1
5268, 21169, 5, 0, 26567, 26571, 5402, 5397, 1080.40, 1
5269, 21170, 2, 0, 26572, 26573, 5403, 5401, 2701.50, 1
5270, 21176, 2, 0, 26574, 26575, 5399, 5397, 2699.50, 1
5271, 21178, 1, 0, 26576, 26576, 5398, 5397, 5398.00, 1
5272, 21187, 6, 0, 26577, 26582, 5395, 5389, 899.17, 1
5273, 21188, 15, 0, 26583, 26597, 5409, 5394, 360.60, 1
5274, 21189, 2, 0, 26598, 26599, 5410, 5408, 2705.00, 1
5275, 21192, 3, 0, 26600, 26602, 5410, 5407, 1803.33, 1
5276, 21193, 4, 0, 26603, 26606, 5413, 5409, 1353.25, 1
5277, 21200, 4, 0, 26607, 26610, 5410, 5406, 1352.50, 1
5278, 21203, 3, 0, 26611, 26613, 5410, 5407, 1803.33, 1
5279, 21205, 6, 0, 26614, 26619, 5414, 5408, 902.33, 1
5280, 21207, 10, 0, 26620, 26629, 5422, 5412, 542.20, 1
5281, 21215, 2, 0, 26630, 26631, 5416, 5414, 2708.00, 1
5282, 21219, 3, 0, 26632, 26634, 5415, 5412, 1805.00, 1
5283, 21223, 3, 0, 26635, 26637, 5414, 5411, 1804.67, 1
5284, 21226, 1, 0, 26638, 26638, 5412, 5411, 5412.00, 1
5285, 21228, 8, 0, 26639, 26646, 5418, 5410, 677.25, 1
5286, 21229, 4, 0, 26647, 26650, 5421, 5417, 1355.25, 1
5287, 21231, 2, 0, 26651, 26652, 5421, 5419, 2710.50, 1
5288, 21239, 1, 0, 26653, 26653, 5414, 5413, 5414.00, 1
5289, 21241, 7, 0, 26654, 26660, 5419, 5412, 774.14, 1
5290, 21242, 6, 0, 26661, 26666, 5424, 5418, 904.00, 1
5291, 21246, 5, 0, 26667, 26671, 5425, 5420, 1085.00, 1
5292, 21248, 4, 0, 26672, 26675, 5427, 5423, 1356.75, 1
5293, 21249, 2, 0, 26676, 26677, 5428, 5426, 2714.00, 1
5294, 21251, 4, 0, 26678, 26681, 5430, 5426, 1357.50, 1
5295, 21253, 4, 0, 26682, 26685, 5432, 5428, 1358.00, 1
5296, 21262, 7, 0, 26686, 26692, 5430, 5423, 775.71, 1
5297, 21263, 4, 0, 26693, 26696, 5433, 5429, 1358.25, 1
5298, 21266, 9, 0, 26697, 26705, 5439, 5430, 604.33, 1
5299, 21271, 1, 0, 26706, 26706, 5435, 5434, 5435.00, 1
5300, 21272, 4, 0, 26707, 26710, 5438, 5434, 1359.50, 1
5301, 21273, 1, 0, 26711, 26711, 5438, 5437, 5438.00, 1
5302, 21276, 1, 0, 26712, 26712, 5436, 5435, 5436.00, 1
5303, 21279, 3, 0, 26713, 26715, 5436, 5433, 1812.00, 1
5304, 21280, 3, 0, 26716, 26718, 5438, 5435, 1812.67, 1
5305, 21288, 3, 0, 26719, 26721, 5433, 5430, 1811.00, 1
5306, 21290, 6, 0, 26722, 26727, 5437, 5431, 906.17, 1
5307, 21293, 6, 0, 26728, 26733, 5440, 5434, 906.67, 1
5308, 21296, 14, 0, 26734, 26747, 5451, 5437, 389.36, 1
5309, 21298, 2, 0, 26748, 26749, 5451, 5449, 2725.50, 1
5310, 21301, 3, 0, 26750, 26752, 5451, 5448, 1817.00, 1
5311, 21303, 3, 0, 26753, 26755, 5452, 5449, 1817.33, 1
5312, 21310, 4, 0, 26756, 26759, 5449, 5445, 1362.25, 1
5313, 21313, 1, 0, 26760, 26760, 5447, 5446, 5447.00, 1
5314, 21314, 4, 0, 26761, 26764, 5450, 5446, 1362.50, 1
5315, 21325, 1, 0, 26765, 26765, 5440, 5439, 5440.00, 1
5316, 21327, 4, 0, 26766, 26769, 5442, 5438, 1360.50, 1
5317, 21332, 2, 0, 26770, 26771, 5439, 5437, 2719.50, 1
5318, 21334, 3, 0, 26772, 26774, 5440, 5437, 1813.33, 1
5319, 21336, 1, 0, 26775, 26775, 5439, 5438, 5439.00, 1
5320, 21348, 1, 0, 26776, 26776, 5428, 5427, 5428.00, 1
5321, 21351, 2, 0, 26777, 26778, 5427, 5425, 2713.50, 1
5322, 21357, 2, 0, 26779, 26780, 5423, 5421, 2711.50, 1
5323, 21359, 2, 0, 26781, 26782, 5423, 5421, 2711.50, 1
5324, 21373, 4, 0, 26783, 26786, 5413, 5409, 1353.25, 1
5325, 21378, 10, 0, 26787, 26796, 5418, 5408, 541.80, 1
5326, 21391, 4, 0, 26797, 26800, 5409, 5405, 1352.25, 1
5327, 21394, 2, 0, 26801, 26802, 5408, 5406, 2704.00, 1
5328, 21398, 3, 0, 26803, 26805, 5407, 5404, 1802.33, 1
5329, 21402, 6, 0, 26806, 26811, 5409, 5403, 901.50, 1
5330, 21404, 5, 0, 26812, 26816, 5412, 5407, 1082.40, 1
5331, 21405, 4, 0, 26817, 26820, 5415, 5411, 1353.75, 1
5332, 21413, 10, 0, 26821, 26830, 5417, 5407, 541.70, 1
5333, 21423, 11, 0, 26831, 26841, 5418, 5407, 492.55, 1
5334, 21428, 2, 0, 26842, 26843, 5415, 5413, 2707.50, 1
5335, 21437, 7, 0, 26844, 26850, 5413, 5406, 773.29, 1
5336, 21441, 1, 0, 26851, 26851, 5410, 5409, 5410.00, 1
5337, 21443, 2, 0, 26852, 26853, 5410, 5408, 2705.00, 1
5338, 21445, 14, 0, 26854, 26867, 5422, 5408, 387.29, 1
5339, 21456, 10, 0, 26868, 26877, 5421, 5411, 542.10, 1
5340, 21457, 5, 0, 26878, 26882, 5425, 5420, 1085.00, 1
5341, 21458, 1, 0, 26883, 26883, 5425, 5424, 5425.00, 1
5342, 21466, 1, 0, 26884, 26884, 5418, 5417, 5418.00, 1
5343, 21470, 4, 0, 26885, 26888, 5418, 5414, 1354.50, 1
5344, 21476, 7, 0, 26889, 26895, 5419, 5412, 774.14, 1
5345, 21482, 1, 0, 26896, 26896, 5414, 5413, 5414.00, 1
5346, 21485, 5, 0, 26897, 26901, 5416, 5411, 1083.20, 1
5347, 21495, 19, 0, 26902, 26920, 5425, 5406, 285.53, 1
5348, 21500, 16, 0, 26921, 26936, 5436, 5420, 339.75, 1
5349, 21507, 4, 0, 26937, 26940, 5433, 5429, 1358.25, 1
5350, 21508, 1, 0, 26941, 26941, 5433, 5432, 5433.00, 1
5351, 21510, 1, 0, 26942, 26942, 5432, 5431, 5432.00, 1
5352, 21511, 1, 0, 26943, 26943, 5432, 5431, 5432.00, 1
5353, 21516, 4, 0, 26944, 26947, 5431, 5427, 1357.75, 1
5354, 21518, 33, 0, 26948, 26980, 5462, 5429, 165.52, 1
5355, 21529, 1, 0, 26981, 26981, 5452, 5451, 5452.00, 1
5356, 21535, 2, 0, 26982, 26983, 5448, 5446, 2724.00, 1
5357, 21536, 2, 0, 26984, 26985, 5449, 5447, 2724.50, 1
5358, 21538, 2, 0, 26986, 26987, 5449, 5447, 2724.50, 1
5359, 21559, 1, 0, 26988, 26988, 5429, 5428, 5429.00, 1
5360, 21565, 8, 0, 26989, 26996, 5431, 5423, 678.88, 1
5361, 21566, 5, 0, 26997, 27001, 5435, 5430, 1087.00, 1
5362, 21575, 2, 0, 27002, 27003, 5428, 5426, 2714.00, 1
5363, 21576, 11, 0, 27004, 27014, 5438, 5427, 494.36, 1
5364, 21577, 12, 0, 27015, 27026, 5449, 5437, 454.08, 1
5365, 21580, 11, 0, 27027, 27037, 5457, 5446, 496.09, 1
5366, 21584, 3, 0, 27038, 27040, 5456, 5453, 1818.67, 1
5367, 21610, 7, 0, 27041, 27047, 5437, 5430, 776.71, 1
5368, 21613, 7, 0, 27048, 27054, 5441, 5434, 777.29, 1
5369, 21616, 12, 0, 27055, 27066, 5450, 5438, 454.17, 1
5370, 21618, 11, 0, 27067, 27077, 5459, 5448, 496.27, 1
5371, 21622, 2, 0, 27078, 27079, 5457, 5455, 2728.50, 1
5372, 21623, 3, 0, 27080, 27082, 5459, 5456, 1819.67, 1
5373, 21630, 1, 0, 27083, 27083, 5453, 5452, 5453.00, 1
5374, 21633, 1, 0, 27084, 27084, 5451, 5450, 5451.00, 1
5375, 21634, 3, 0, 27085, 27087, 5453, 5450, 1817.67, 1
5376, 21639, 8, 0, 27088, 27095, 5456, 5448, 682.00, 1
5377, 21646, 3, 0, 27096, 27098, 5452, 5449, 1817.33, 1
5378, 21652, 3, 0, 27099, 27101, 5449, 5446, 1816.33, 1
5379, 21653, 2, 0, 27102, 27103, 5450, 5448, 2725.00, 1
5380, 21656, 2, 0, 27104, 27105, 5449, 5447, 2724.50, 1
5381, 21658, 1, 0, 27106, 27106, 5448, 5447, 5448.00, 1
5382, 21659, 11, 0, 27107, 27117, 5458, 5447, 496.18, 1
5383, 21661, 9, 0, 27118, 27126, 5465, 5456, 607.22, 1
5384, 21663, 1, 0, 27127, 27127, 5464, 5463, 5464.00, 1
5385, 21665, 1, 0, 27128, 27128, 5463, 5462, 5463.00, 1
5386, 21668, 3, 0, 27129, 27131, 5463, 5460, 1821.00, 1
5387, 21669, 1, 0, 27132, 27132, 5463, 5462, 5463.00, 1
5388, 21672, 10, 0, 27133, 27142, 5470, 5460, 547.00, 1
5389, 21679, 6, 0, 27143, 27148, 5469, 5463, 911.50, 1
5390, 21682, 3, 0, 27149, 27151, 5469, 5466, 1823.00, 1
5391, 21686, 1, 0, 27152, 27152, 5466, 5465, 5466.00, 1
5392, 21692, 3, 0, 27153, 27155, 5463, 5460, 1821.00, 1
5393, 21695, 1, 0, 27156, 27156, 5461, 5460, 5461.00, 1
5394, 21698, 7, 0, 27157, 27163, 5465, 5458, 780.71, 1
5395, 21699, 3, 0, 27164, 27166, 5467, 5464, 1822.33, 1
5396, 21703, 3, 0, 27167, 27169, 5466, 5463, 1822.00, 1
5397, 21708, 9, 0, 27170, 27178, 5470, 5461, 607.78, 1
5398, 21711, 5, 0, 27179, 27183, 5472, 5467, 1094.40, 1
5399, 21714, 7, 0, 27184, 27190, 5476, 5469, 782.29, 1
5400, 21716, 2, 0, 27191, 27192, 5476, 5474, 2738.00, 1
5401, 21725, 3, 0, 27193, 27195, 5470, 5467, 1823.33, 1
5402, 21731, 7, 0, 27196, 27202, 5471, 5464, 781.57, 1
5403, 21732, 1, 0, 27203, 27203, 5471, 5470, 5471.00, 1
5404, 21743, 5, 0, 27204, 27208, 5465, 5460, 1093.00, 1
5405, 21751, 3, 0, 27209, 27211, 5460, 5457, 1820.00, 1
5406, 21756, 5, 0, 27212, 27216, 5460, 5455, 1092.00, 1
5407, 21758, 7, 0, 27217, 27223, 5465, 5458, 780.71, 1
5408, 21763, 1, 0, 27224, 27224, 5461, 5460, 5461.00, 1
5409, 21768, 16, 0, 27225, 27240, 5472, 5456, 342.00, 1
5410, 21769, 13, 0, 27241, 27253, 5484, 5471, 421.85, 1
5411, 21773, 1, 0, 27254, 27254, 5481, 5480, 5481.00, 1
5412, 21781, 3, 0, 27255, 27257, 5476, 5473, 1825.33, 1
5413, 21789, 5, 0, 27258, 27262, 5473, 5468, 1094.60, 1
5414, 21790, 11, 0, 27263, 27273, 5483, 5472, 498.45, 1
5415, 21797, 5, 0, 27274, 27278, 5481, 5476, 1096.20, 1
5416, 21804, 4, 0, 27279, 27282, 5478, 5474, 1369.50, 1
5417, 21805, 3, 0, 27283, 27285, 5480, 5477, 1826.67, 1
5418, 21808, 2, 0, 27286, 27287, 5479, 5477, 2739.50, 1
5419, 21811, 6, 0, 27288, 27293, 5482, 5476, 913.67, 1
5420, 21813, 1, 0, 27294, 27294, 5481, 5480, 5481.00, 1
5421, 21816, 13, 0, 27295, 27307, 5491, 5478, 422.38, 1
5422, 21821, 3, 0, 27308, 27310, 5489, 5486, 1829.67, 1
5423, 21825, 2, 0, 27311, 27312, 5487, 5485, 2743.50, 1
5424, 21827, 3, 0, 27313, 27315, 5488, 5485, 1829.33, 1
5425, 21831, 2, 0, 27316, 27317, 5486, 5484, 2743.00, 1
5426, 21839, 2, 0, 27318, 27319, 5480, 5478, 2740.00, 1
5427, 21842, 7, 0, 27320, 27326, 5484, 5477, 783.43, 1
5428, 21849, 7, 0, 27327, 27333, 5484, 5477, 783.43, 1
5429, 21850, 2, 0, 27334, 27335, 5485, 5483, 2742.50, 1
5430, 21854, 3, 0, 27336, 27338, 5484, 5481, 1828.00, 1
5431, 21858, 3, 0, 27339, 27341, 5483, 5480, 1827.67, 1
5432, 21859, 1, 0, 27342, 27342, 5483, 5482, 5483.00, 1
5433, 21868, 1, 0, 27343, 27343, 5475, 5474, 5475.00, 1
5434, 21869, 2, 0, 27344, 27345, 5476, 5474, 2738.00, 1
5435, 21870, 2, 0, 27346, 27347, 5477, 5475, 2738.50, 1
5436, 21874, 1, 0, 27348, 27348, 5474, 5473, 5474.00, 1
5437, 21881, 7, 0, 27349, 27355, 5474, 5467, 782.00, 1
5438, 21897, 11, 0, 27356, 27366, 5469, 5458, 497.18, 1
5439, 21909, 13, 0, 27367, 27379, 5470, 5457, 420.77, 1
5440, 21912, 1, 0, 27380, 27380, 5468, 5467, 5468.00, 1
5441, 21915, 8, 0, 27381, 27388, 5473, 5465, 684.12, 1
5442, 21924, 3, 0, 27389, 27391, 5467, 5464, 1822.33, 1
5443, 21925, 2, 0, 27392, 27393, 5468, 5466, 2734.00, 1
5444, 21926, 1, 0, 27394, 27394, 5468, 5467, 5468.00, 1
5445, 21932, 5, 0, 27395, 27399, 5467, 5462, 1093.40, 1
5446, 21933, 1, 0, 27400, 27400, 5467, 5466, 5467.00, 1
5447, 21937, 1, 0, 27401, 27401, 5464, 5463, 5464.00, 1
5448, 21940, 1, 0, 27402, 27402, 5462, 5461, 5462.00, 1
5449, 21951, 1, 0, 27403, 27403, 5452, 5451, 5452.00, 1
5450, 21953, 5, 0, 27404, 27408, 5455, 5450, 1091.00, 1
5451, 21955, 1, 0, 27409, 27409, 5454, 5453, 5454.00, 1
5452, 21963, 2, 0, 27410, 27411, 5448, 5446, 2724.00, 1
5453, 21967, 5, 0, 27412, 27416, 5449, 5444, 1089.80, 1
5454, 21968, 4, 0, 27417, 27420, 5452, 5448, 1363.00, 1
5455, 21970, 4, 0, 27421, 27424, 5454, 5450, 1363.50, 1
5456, 21974, 4, 0, 27425, 27428, 5454, 5450, 1363.50, 1
5457, 21980, 5, 0, 27429, 27433, 5453, 5448, 1090.60, 1
5458, 21985, 1, 0, 27434, 27434, 5449, 5448, 5449.00, 1
5459, 21988, 4, 0, 27435, 27438, 5450, 5446, 1362.50, 1
5460, 22003, 1, 0, 27439, 27439, 5436, 5435, 5436.00, 1
5461, 22005, 3, 0, 27440, 27442, 5437, 5434, 1812.33, 1
5462, 22006, 1, 0, 27443, 27443, 5437, 5436, 5437.00, 1
5463, 22014, 5, 0, 27444, 27448, 5434, 5429, 1086.80, 1
5464, 22017, 14, 0, 27449, 27462, 5445, 5431, 388.93, 1
5465, 22019, 5, 0, 27463, 27467, 5448, 5443, 1089.60, 1
5466, 22020, 12, 0, 27468, 27479, 5459, 5447, 454.92, 1
5467, 22022, 3, 0, 27480, 27482, 5460, 5457, 1820.00, 1
5468, 22025, 3, 0, 27483, 27485, 5460, 5457, 1820.00, 1
5469, 22027, 1, 0, 27486, 27486, 5459, 5458, 5459.00, 1
5470, 22028, 3, 0, 27487, 27489, 5461, 5458, 1820.33, 1
5471, 22031, 8, 0, 27490, 27497, 5466, 5458, 683.25, 1
5472, 22037, 3, 0, 27498, 27500, 5463, 5460, 1821.00, 1
5473, 22038, 3, 0, 27501, 27503, 5465, 5462, 1821.67, 1
5474, 22042, 5, 0, 27504, 27508, 5466, 5461, 1093.20, 1
5475, 22043, 22, 0, 27509, 27530, 5487, 5465, 249.41, 1
5476, 22046, 2, 0, 27531, 27532, 5486, 5484, 2743.00, 1
5477, 22047, 3, 0, 27533, 27535, 5488, 5485, 1829.33, 1
5478, 22052, 2, 0, 27536, 27537, 5485, 5483, 2742.50, 1
5479, 22054, 1, 0, 27538, 27538, 5484, 5483, 5484.00, 1
5480, 22056, 4, 0, 27539, 27542, 5486, 5482, 1371.50, 1
5481, 22058, 1, 0, 27543, 27543, 5485, 5484, 5485.00, 1
5482, 22059, 10, 0, 27544, 27553, 5494, 5484, 549.40, 1
5483, 22064, 1, 0, 27554, 27554, 5490, 5489, 5490.00, 1
5484, 22071, 4, 0, 27555, 27558, 5487, 5483, 1371.75, 1
5485, 22072, 4, 0, 27559, 27562, 5490, 5486, 1372.50, 1
5486, 22077, 3, 0, 27563, 27565, 5488, 5485, 1829.33, 1
5487, 22085, 24, 0, 27566, 27589, 5504, 5480, 229.33, 1
5488, 22086, 6, 0, 27590, 27595, 5509, 5503, 918.17, 1
5489, 22088, 10, 0, 27596, 27605, 5517, 5507, 551.70, 1
5490, 22090, 1, 0, 27606, 27606, 5516, 5515, 5516.00, 1
5491, 22093, 2, 0, 27607, 27608, 5515, 5513, 2757.50, 1
5492, 22094, 5, 0, 27609, 27613, 5519, 5514, 1103.80, 1
5493, 22098, 11, 0, 27614, 27624, 5526, 5515, 502.36, 1
5494, 22100, 4, 0, 27625, 27628, 5528, 5524, 1382.00, 1
5495, 22101, 4, 0, 27629, 27632, 5531, 5527, 1382.75, 1
5496, 22104, 4, 0, 27633, 27636, 5532, 5528, 1383.00, 1
5497, 22106, 13, 0, 27637, 27649, 5543, 5530, 426.38, 1
5498, 22109, 1, 0, 27650, 27650, 5541, 5540, 5541.00, 1
5499, 22114, 2, 0, 27651, 27652, 5538, 5536, 2769.00, 1
5500, 22116, 11, 0, 27653, 27663, 5547, 5536, 504.27, 1
5501, 22131, 4, 0, 27664, 27667, 5536, 5532, 1384.00, 1
5502, 22136, 3, 0, 27668, 27670, 5534, 5531, 1844.67, 1
5503, 22138, 4, 0, 27671, 27674, 5536, 5532, 1384.00, 1
5504, 22141, 1, 0, 27675, 27675, 5534, 5533, 5534.00, 1
5505, 22143, 1, 0, 27676, 27676, 5533, 5532, 5533.00, 1
5506, 22147, 6, 0, 27677, 27682, 5535, 5529, 922.50, 1
5507, 22150, 19, 0, 27683, 27701, 5551, 5532, 292.16, 1
5508, 22152, 5, 0, 27702, 27706, 5554, 5549, 1110.80, 1
5509, 22157, 4, 0, 27707, 27710, 5553, 5549, 1388.25, 1
5510, 22158, 4, 0, 27711, 27714, 5556, 5552, 1389.00, 1
5511, 22169, 5, 0, 27715, 27719, 5550, 5545, 1110.00, 1
5512, 22170, 5, 0, 27720, 27724, 5554, 5549, 1110.80, 1
5513, 22176, 3, 0, 27725, 27727, 5551, 5548, 1850.33, 1
5514, 22177, 5, 0, 27728, 27732, 5555, 5550, 1111.00, 1
5515, 22178, 7, 0, 27733, 27739, 5561, 5554, 794.43, 1
5516, 22182, 15, 0, 27740, 27754, 5572, 5557, 371.47, 1
5517, 22184, 7, 0, 27755, 27761, 5577, 5570, 796.71, 1
5518, 22185, 5, 0, 27762, 27766, 5581, 5576, 1116.20, 1
5519, 22188, 2, 0, 27767, 27768, 5580, 5578, 2790.00, 1
5520, 22190, 3, 0, 27769, 27771, 5581, 5578, 1860.33, 1
5521, 22194, 6, 0, 27772, 27777, 5583, 5577, 930.50, 1
5522, 22201, 5, 0, 27778, 27782, 5581, 5576, 1116.20, 1
5523, 22205, 1, 0, 27783, 27783, 5578, 5577, 5578.00, 1
5524, 22206, 3, 0, 27784, 27786, 5580, 5577, 1860.00, 1
5525, 22209, 1, 0, 27787, 27787, 5578, 5577, 5578.00, 1
5526, 22220, 1, 0, 27788, 27788, 5568, 5567, 5568.00, 1
5527, 22226, 1, 0, 27789, 27789, 5563, 5562, 5563.00, 1
5528, 22227, 7, 0, 27790, 27796, 5569, 5562, 795.57, 1
5529, 22230, 1, 0, 27797, 27797, 5567, 5566, 5567.00, 1
5530, 22235, 4, 0, 27798, 27801, 5566, 5562, 1391.50, 1
5531, 22239, 5, 0, 27802, 27806, 5567, 5562, 1113.40, 1
5532, 22251, 1, 0, 27807, 27807, 5556, 5555, 5556.00, 1
5533, 22256, 4, 0, 27808, 27811, 5555, 5551, 1388.75, 1
5534, 22260, 6, 0, 27812, 27817, 5557, 5551, 926.17, 1
5535, 22264, 3, 0, 27818, 27820, 5556, 5553, 1852.00, 1
5536, 22267, 2, 0, 27821, 27822, 5555, 5553, 2777.50, 1
5537, 22273, 10, 0, 27823, 27832, 5559, 5549, 555.90, 1
5538, 22276, 1, 0, 27833, 27833, 5557, 5556, 5557.00, 1
5539, 22277, 6, 0, 27834, 27839, 5562, 5556, 927.00, 1
5540, 22278, 5, 0, 27840, 27844, 5566, 5561, 1113.20, 1
5541, 22281, 1, 0, 27845, 27845, 5564, 5563, 5564.00, 1
5542, 22283, 1, 0, 27846, 27846, 5563, 5562, 5563.00, 1
5543, 22288, 3, 0, 27847, 27849, 5561, 5558, 1853.67, 1
5544, 22289, 2, 0, 27850, 27851, 5562, 5560, 2781.00, 1
5545, 22296, 4, 0, 27852, 27855, 5559, 5555, 1389.75, 1
5546, 22298, 1, 0, 27856, 27856, 5558, 5557, 5558.00, 1
5547, 22301, 5, 0, 27857, 27861, 5560, 5555, 1112.00, 1
5548, 22305, 6, 0, 27862, 27867, 5562, 5556, 927.00, 1
5549, 22309, 10, 0, 27868, 27877, 5568, 5558, 556.80, 1
5550, 22310, 1, 0, 27878, 27878, 5568, 5567, 5568.00, 1
5551, 22320, 2, 0, 27879, 27880, 5560, 5558, 2780.00, 1
5552, 22323, 9, 0, 27881, 27889, 5566, 5557, 618.44, 1
5553, 22332, 1, 0, 27890, 27890, 5558, 5557, 5558.00, 1
5554, 22334, 13, 0, 27891, 27903, 5569, 5556, 428.38, 1
5555, 22338, 3, 0, 27904, 27906, 5568, 5565, 1856.00, 1
5556, 22339, 1, 0, 27907, 27907, 5568, 5567, 5568.00, 1
5557, 22343, 1, 0, 27908, 27908, 5565, 5564, 5565.00, 1
5558, 22353, 5, 0, 27909, 27913, 5560, 5555, 1112.00, 1
5559, 22354, 6, 0, 27914, 27919, 5565, 5559, 927.50, 1
5560, 22355, 7, 0, 27920, 27926, 5571, 5564, 795.86, 1
5561, 22362, 3, 0, 27927, 27929, 5567, 5564, 1855.67, 1
5562, 22367, 7, 0, 27930, 27936, 5569, 5562, 795.57, 1
5563, 22370, 1, 0, 27937, 27937, 5567, 5566, 5567.00, 1
5564, 22372, 4, 0, 27938, 27941, 5569, 5565, 1392.25, 1
5565, 22375, 2, 0, 27942, 27943, 5568, 5566, 2784.00, 1
5566, 22381, 2, 0, 27944, 27945, 5564, 5562, 2782.00, 1
5567, 22383, 3, 0, 27946, 27948, 5565, 5562, 1855.00, 1
5568, 22391, 3, 0, 27949, 27951, 5560, 5557, 1853.33, 1
5569, 22396, 8, 0, 27952, 27959, 5563, 5555, 695.38, 1
5570, 22398, 6, 0, 27960, 27965, 5567, 5561, 927.83, 1
5571, 22400, 4, 0, 27966, 27969, 5569, 5565, 1392.25, 1
5572, 22402, 17, 0, 27970, 27986, 5584, 5567, 328.47, 1
5573, 22403, 17, 0, 27987, 28003, 5600, 5583, 329.41, 1
5574, 22407, 1, 0, 28004, 28004, 5597, 5596, 5597.00, 1
5575, 22408, 1, 0, 28005, 28005, 5597, 5596, 5597.00, 1
5576, 22411, 2, 0, 28006, 28007, 5596, 5594, 2798.00, 1
5577, 22412, 4, 0, 28008, 28011, 5599, 5595, 1399.75, 1
5578, 22414, 6, 0, 28012, 28017, 5603, 5597, 933.83, 1
5579, 22415, 6, 0, 28018, 28023, 5608, 5602, 934.67, 1
5580, 22416, 3, 0, 28024, 28026, 5610, 5607, 1870.00, 1
5581, 22421, 2, 0, 28027, 28028, 5607, 5605, 2803.50, 1
5582, 22423, 2, 0, 28029, 28030, 5607, 5605, 2803.50, 1
5583, 22425, 2, 0, 28031, 28032, 5607, 5605, 2803.50, 1
5584, 22429, 2, 0, 28033, 28034, 5605, 5603, 2802.50, 1
5585, 22431, 2, 0, 28035, 28036, 5605, 5603, 2802.50, 1
5586, 22434, 1, 0, 28037, 28037, 5603, 5602, 5603.00, 1
5587, 22438, 4, 0, 28038, 28041, 5603, 5599, 1400.75, 1
5588, 22443, 1, 0, 28042, 28042, 5599, 5598, 5599.00, 1
5589, 22445, 24, 0, 28043, 28066, 5621, 5597, 234.21, 1
5590, 22447, 2, 0, 28067, 28068, 5621, 5619, 2810.50, 1
5591, 22449, 15, 0, 28069, 28083, 5634, 5619, 375.60, 1
5592, 22454, 4, 0, 28084, 28087, 5633, 5629, 1408.25, 1
5593, 22460, 2, 0, 28088, 28089, 5629, 5627, 2814.50, 1
5594, 22470, 2, 0, 28090, 28091, 5621, 5619, 2810.50, 1
5595, 22476, 4, 0, 28092, 28095, 5619, 5615, 1404.75, 1
5596, 22477, 1, 0, 28096, 28096, 5619, 5618, 5619.00, 1
5597, 22482, 2, 0, 28097, 28098, 5616, 5614, 2808.00, 1
5598, 22484, 1, 0, 28099, 28099, 5615, 5614, 5615.00, 1
5599, 22487, 4, 0, 28100, 28103, 5616, 5612, 1404.00, 1
5600, 22489, 6, 0, 28104, 28109, 5620, 5614, 936.67, 1
5601, 22491, 5, 0, 28110, 28114, 5623, 5618, 1124.60, 1
5602, 22492, 4, 0, 28115, 28118, 5626, 5622, 1406.50, 1
5603, 22494, 8, 0, 28119, 28126, 5632, 5624, 704.00, 1
5604, 22499, 11, 0, 28127, 28137, 5638, 5627, 512.55, 1
5605, 22503, 1, 0, 28138, 28138, 5635, 5634, 5635.00, 1
5606, 22510, 8, 0, 28139, 28146, 5636, 5628, 704.50, 1
5607, 22514, 22, 0, 28147, 28168, 5654, 5632, 257.00, 1
5608, 22517, 7, 0, 28169, 28175, 5658, 5651, 808.29, 1
5609, 22521, 2, 0, 28176, 28177, 5656, 5654, 2828.00, 1
5610, 22525, 9, 0, 28178, 28186, 5661, 5652, 629.00, 1
5611, 22528, 9, 0, 28187, 28195, 5667, 5658, 629.67, 1
5612, 22531, 2, 0, 28196, 28197, 5666, 5664, 2833.00, 1
5613, 22532, 3, 0, 28198, 28200, 5668, 5665, 1889.33, 1
5614, 22536, 2, 0, 28201, 28202, 5666, 5664, 2833.00, 1
5615, 22541, 8, 0, 28203, 28210, 5669, 5661, 708.62, 1
5616, 22543, 2, 0, 28211, 28212, 5669, 5667, 2834.50, 1
5617, 22547, 1, 0, 28213, 28213, 5666, 5665, 5666.00, 1
5618, 22549, 1, 0, 28214, 28214, 5665, 5664, 5665.00, 1
5619, 22555, 10, 0, 28215, 28224, 5669, 5659, 566.90, 1
5620, 22561, 4, 0, 28225, 28228, 5667, 5663, 1416.75, 1
5621, 22563, 5, 0, 28229, 28233, 5670, 5665, 1134.00, 1
5622, 22569, 3, 0, 28234, 28236, 5667, 5664, 1889.00, 1
5623, 22572, 7, 0, 28237, 28243, 5671, 5664, 810.14, 1
5624, 22575, 6, 0, 28244, 28249, 5674, 5668, 945.67, 1
5625, 22577, 9, 0, 28250, 28258, 5681, 5672, 631.22, 1
5626, 22580, 1, 0, 28259, 28259, 5679, 5678, 5679.00, 1
5627, 22582, 1, 0, 28260, 28260, 5678, 5677, 5678.00, 1
5628, 22592, 1, 0, 28261, 28261, 5669, 5668, 5669.00, 1
5629, 22593, 3, 0, 28262, 28264, 5671, 5668, 1890.33, 1
5630, 22594, 7, 0, 28265, 28271, 5677, 5670, 811.00, 1
5631, 22602, 14, 0, 28272, 28285, 5683, 5669, 405.93, 1
5632, 22609, 13, 0, 28286, 28298, 5689, 5676, 437.62, 1
5633, 22614, 3, 0, 28299, 28301, 5687, 5684, 1895.67, 1
5634, 22616, 3, 0, 28302, 28304, 5688, 5685, 1896.00, 1
5635, 22621, 6, 0, 28305, 28310, 5689, 5683, 948.17, 1
5636, 22622, 6, 0, 28311, 28316, 5694, 5688, 949.00, 1
5637, 22624, 4, 0, 28317, 28320, 5696, 5692, 1424.00, 1
5638, 22625, 2, 0, 28321, 28322, 5697, 5695, 2848.50, 1
5639, 22628, 3, 0, 28323, 28325, 5697, 5694, 1899.00, 1
5640, 22632, 6, 0, 28326, 28331, 5699, 5693, 949.83, 1
5641, 22634, 7, 0, 28332, 28338, 5704, 5697, 814.86, 1
5642, 22643, 6, 0, 28339, 28344, 5701, 5695, 950.17, 1
5643, 22644, 2, 0, 28345, 28346, 5702, 5700, 2851.00, 1
5644, 22645, 13, 0, 28347, 28359, 5714, 5701, 439.54, 1
5645, 22657, 4, 0, 28360, 28363, 5706, 5702, 1426.50, 1
5646, 22666, 4, 0, 28364, 28367, 5701, 5697, 1425.25, 1
5647, 22667, 9, 0, 28368, 28376, 5709, 5700, 634.33, 1
5648, 22670, 2, 0, 28377, 28378, 5708, 5706, 2854.00, 1
5649, 22673, 4, 0, 28379, 28382, 5709, 5705, 1427.25, 1
5650, 22678, 1, 0, 28383, 28383, 5705, 5704, 5705.00, 1
5651, 22681, 6, 0, 28384, 28389, 5708, 5702, 951.33, 1
5652, 22683, 5, 0, 28390, 28394, 5711, 5706, 1142.20, 1
5653, 22684, 1, 0, 28395, 28395, 5711, 5710, 5711.00, 1
5654, 22685, 4, 0, 28396, 28399, 5714, 5710, 1428.50, 1
5655, 22687, 1, 0, 28400, 28400, 5713, 5712, 5713.00, 1
5656, 22698, 3, 0, 28401, 28403, 5705, 5702, 1901.67, 1
5657, 22705, 11, 0, 28404, 28414, 5709, 5698, 519.00, 1
5658, 22708, 2, 0, 28415, 28416, 5708, 5706, 2854.00, 1
5659, 22715, 16, 0, 28417, 28432, 5717, 5701, 357.31, 1
5660, 22718, 2, 0, 28433, 28434, 5716, 5714, 2858.00, 1
5661, 22725, 8, 0, 28435, 28442, 5717, 5709, 714.62, 1
5662, 22729, 2, 0, 28443, 28444, 5715, 5713, 2857.50, 1
5663, 22730, 5, 0, 28445, 28449, 5719, 5714, 1143.80, 1
5664, 22732, 2, 0, 28450, 28451, 5719, 5717, 2859.50, 1
5665, 22733, 8, 0, 28452, 28459, 5726, 5718, 715.75, 1
5666, 22734, 5, 0, 28460, 28464, 5730, 5725, 1146.00, 1
5667, 22745, 1, 0, 28465, 28465, 5720, 5719, 5720.00, 1
5668, 22748, 5, 0, 28466, 28470, 5722, 5717, 1144.40, 1
5669, 22749, 12, 0, 28471, 28482, 5733, 5721, 477.75, 1
5670, 22756, 3, 0, 28483, 28485, 5729, 5726, 1909.67, 1
5671, 22757, 1, 0, 28486, 28486, 5729, 5728, 5729.00, 1
5672, 22758, 6, 0, 28487, 28492, 5734, 5728, 955.67, 1
5673, 22759, 7, 0, 28493, 28499, 5740, 5733, 820.00, 1
5674, 22764, 1, 0, 28500, 28500, 5736, 5735, 5736.00, 1
5675, 22769, 1, 0, 28501, 28501, 5732, 5731, 5732.00, 1
5676, 22770, 1, 0, 28502, 28502, 5732, 5731, 5732.00, 1
5677, 22781, 6, 0, 28503, 28508, 5727, 5721, 954.50, 1
5678, 22786, 4, 0, 28509, 28512, 5726, 5722, 1431.50, 1
5679, 22790, 2, 0, 28513, 28514, 5724, 5722, 2862.00, 1
5680, 22795, 2, 0, 28515, 28516, 5721, 5719, 2860.50, 1
5681, 22797, 1, 0, 28517, 28517, 5720, 5719, 5720.00, 1
5682, 22808, 6, 0, 28518, 28523, 5715, 5709, 952.50, 1
5683, 22809, 3, 0, 28524, 28526, 5717, 5714, 1905.67, 1
5684, 22815, 5, 0, 28527, 28531, 5716, 5711, 1143.20, 1
5685, 22816, 2, 0, 28532, 28533, 5717, 5715, 2858.50, 1
5686, 22819, 3, 0, 28534, 28536, 5717, 5714, 1905.67, 1
5687, 22821, 1, 0, 28537, 28537, 5716, 5715, 5716.00, 1
5688, 22825, 1, 0, 28538, 28538, 5713, 5712, 5713.00, 1
5689, 22830, 2, 0, 28539, 28540, 5710, 5708, 2855.00, 1
5690, 22834, 1, 0, 28541, 28541, 5707, 5706, 5707.00, 1
5691, 22836, 3, 0, 28542, 28544, 5708, 5705, 1902.67, 1
5692, 22837, 8, 0, 28545, 28552, 5715, 5707, 714.38, 1
5693, 22839, 1, 0, 28553, 28553, 5714, 5713, 5714.00, 1
5694, 22842, 2, 0, 28554, 28555, 5713, 5711, 2856.50, 1
5695, 22846, 1, 0, 28556, 28556, 5710, 5709, 5710.00, 1
5696, 22848, 3, 0, 28557, 28559, 5711, 5708, 1903.67, 1
5697, 22850, 2, 0, 28560, 28561, 5711, 5709, 2855.50, 1
5698, 22854, 4, 0, 28562, 28565, 5711, 5707, 1427.75, 1
5699, 22860, 9, 0, 28566, 28574, 5714, 5705, 634.89, 1
5700, 22866, 11, 0, 28575, 28585, 5719, 5708, 519.91, 1
5701, 22872, 2, 0, 28586, 28587, 5715, 5713, 2857.50, 1
5702, 22877, 2, 0, 28588, 28589, 5712, 5710, 2856.00, 1
5703, 22878, 4, 0, 28590, 28593, 5715, 5711, 1428.75, 1
5704, 22879, 10, 0, 28594, 28603, 5724, 5714, 572.40, 1
5705, 22883, 6, 0, 28604, 28609, 5726, 5720, 954.33, 1
5706, 22887, 3, 0, 28610, 28612, 5725, 5722, 1908.33, 1
5707, 22888, 8, 0, 28613, 28620, 5732, 5724, 716.50, 1
5708, 22890, 1, 0, 28621, 28621, 5731, 5730, 5731.00, 1
5709, 22891, 6, 0, 28622, 28627, 5736, 5730, 956.00, 1
5710, 22894, 4, 0, 28628, 28631, 5737, 5733, 1434.25, 1
5711, 22897, 3, 0, 28632, 28634, 5737, 5734, 1912.33, 1
5712, 22898, 7, 0, 28635, 28641, 5743, 5736, 820.43, 1
5713, 22902, 3, 0, 28642, 28644, 5742, 5739, 1914.00, 1
5714, 22912, 3, 0, 28645, 28647, 5735, 5732, 1911.67, 1
5715, 22919, 2, 0, 28648, 28649, 5730, 5728, 2865.00, 1
5716, 22925, 6, 0, 28650, 28655, 5730, 5724, 955.00, 1
5717, 22927, 1, 0, 28656, 28656, 5729, 5728, 5729.00, 1
5718, 22930, 3, 0, 28657, 28659, 5729, 5726, 1909.67, 1
5719, 22932, 3, 0, 28660, 28662, 5730, 5727, 1910.00, 1
5720, 22936, 3, 0, 28663, 28665, 5729, 5726, 1909.67, 1
5721, 22945, 6, 0, 28666, 28671, 5726, 5720, 954.33, 1
5722, 22946, 22, 0, 28672, 28693, 5747, 5725, 261.23, 1
5723, 22950, 7, 0, 28694, 28700, 5750, 5743, 821.43, 1
5724, 22961, 4, 0, 28701, 28704, 5743, 5739, 1435.75, 1
5725, 22962, 5, 0, 28705, 28709, 5747, 5742, 1149.40, 1
5726, 22963, 2, 0, 28710, 28711, 5748, 5746, 2874.00, 1
5727, 22969, 4, 0, 28712, 28715, 5746, 5742, 1436.50, 1
5728, 22974, 2, 0, 28716, 28717, 5743, 5741, 2871.50, 1
5729, 22981, 7, 0, 28718, 28724, 5743, 5736, 820.43, 1
5730, 22987, 4, 0, 28725, 28728, 5741, 5737, 1435.25, 1
5731, 22990, 9, 0, 28729, 28737, 5747, 5738, 638.56, 1
5732, 22991, 5, 0, 28738, 28742, 5751, 5746, 1150.20, 1
5733, 22994, 2, 0, 28743, 28744, 5750, 5748, 2875.00, 1
5734, 22995, 1, 0, 28745, 28745, 5750, 5749, 5750.00, 1
5735, 22998, 4, 0, 28746, 28749, 5751, 5747, 1437.75, 1
5736, 22999, 2, 0, 28750, 28751, 5752, 5750, 2876.00, 1
5737, 23003, 1, 0, 28752, 28752, 5749, 5748, 5749.00, 1
5738, 23004, 13, 0, 28753, 28765, 5761, 5748, 443.15, 1
5739, 23011, 5, 0, 28766, 28770, 5759, 5754, 1151.80, 1
5740, 23013, 10, 0, 28771, 28780, 5767, 5757, 576.70, 1
5741, 23019, 6, 0, 28781, 28786, 5767, 5761, 961.17, 1
5742, 23021, 9, 0, 28787, 28795, 5774, 5765, 641.56, 1
5743, 23022, 2, 0, 28796, 28797, 5775, 5773, 2887.50, 1
5744, 23026, 2, 0, 28798, 28799, 5773, 5771, 2886.50, 1
5745, 23030, 13, 0, 28800, 28812, 5782, 5769, 444.77, 1
5746, 23031, 8, 0, 28813, 28820, 5789, 5781, 723.62, 1
5747, 23036, 3, 0, 28821, 28823, 5787, 5784, 1929.00, 1
5748, 23039, 1, 0, 28824, 28824, 5785, 5784, 5785.00, 1
5749, 23041, 4, 0, 28825, 28828, 5787, 5783, 1446.75, 1
5750, 23043, 1, 0, 28829, 28829, 5786, 5785, 5786.00, 1
5751, 23048, 18, 0, 28830, 28847, 5799, 5781, 322.17, 1
5752, 23058, 1, 0, 28848, 28848, 5790, 5789, 5790.00, 1
5753, 23063, 2, 0, 28849, 28850, 5787, 5785, 2893.50, 1
5754, 23072, 6, 0, 28851, 28856, 5784, 5778, 964.00, 1
5755, 23079, 9, 0, 28857, 28865, 5786, 5777, 642.89, 1
5756, 23083, 2, 0, 28866, 28867, 5784, 5782, 2892.00, 1
5757, 23084, 7, 0, 28868, 28874, 5790, 5783, 827.14, 1
5758, 23088, 12, 0, 28875, 28886, 5798, 5786, 483.17, 1
5759, 23090, 1, 0, 28887, 28887, 5797, 5796, 5797.00, 1
5760, 23093, 6, 0, 28888, 28893, 5800, 5794, 966.67, 1
5761, 23096, 14, 0, 28894, 28907, 5811, 5797, 415.07, 1
5762, 23097, 6, 0, 28908, 28913, 5816, 5810, 969.33, 1
5763, 23102, 2, 0, 28914, 28915, 5813, 5811, 2906.50, 1
5764, 23112, 1, 0, 28916, 28916, 5804, 5803, 5804.00, 1
5765, 23118, 13, 0, 28917, 28929, 5811, 5798, 447.00, 1
5766, 23122, 6, 0, 28930, 28935, 5813, 5807, 968.83, 1
5767, 23131, 7, 0, 28936, 28942, 5811, 5804, 830.14, 1
5768, 23135, 4, 0, 28943, 28946, 5811, 5807, 1452.75, 1
5769, 23141, 1, 0, 28947, 28947, 5806, 5805, 5806.00, 1
5770, 23142, 5, 0, 28948, 28952, 5810, 5805, 1162.00, 1
5771, 23148, 1, 0, 28953, 28953, 5805, 5804, 5805.00, 1
5772, 23151, 6, 0, 28954, 28959, 5808, 5802, 968.00, 1
5773, 23157, 6, 0, 28960, 28965, 5808, 5802, 968.00, 1
5774, 23160, 1, 0, 28966, 28966, 5806, 5805, 5806.00, 1
5775, 23163, 8, 0, 28967, 28974, 5811, 5803, 726.38, 1
5776, 23164, 8, 0, 28975, 28982, 5818, 5810, 727.25, 1
5777, 23175, 5, 0, 28983, 28987, 5812, 5807, 1162.40, 1
5778, 23176, 2, 0, 28988, 28989, 5813, 5811, 2906.50, 1
5779, 23186, 13, 0, 28990, 29002, 5816, 5803, 447.38, 1
5780, 23192, 1, 0, 29003, 29003, 5811, 5810, 5811.00, 1
5781, 23194, 7, 0, 29004, 29010, 5816, 5809, 830.86, 1
5782, 23200, 2, 0, 29011, 29012, 5812, 5810, 2906.00, 1
5783, 23201, 3, 0, 29013, 29015, 5814, 5811, 1938.00, 1
5784, 23209, 3, 0, 29016, 29018, 5809, 5806, 1936.33, 1
5785, 23211, 2, 0, 29019, 29020, 5809, 5807, 2904.50, 1
5786, 23213, 3, 0, 29021, 29023, 5810, 5807, 1936.67, 1
5787, 23214, 2, 0, 29024, 29025, 5811, 5809, 2905.50, 1
5788, 23219, 7, 0, 29026, 29032, 5813, 5806, 830.43, 1
5789, 23220, 16, 0, 29033, 29048, 5828, 5812, 364.25, 1
5790, 23221, 2, 0, 29049, 29050, 5829, 5827, 2914.50, 1
5791, 23224, 11, 0, 29051, 29061, 5837, 5826, 530.64, 1
5792, 23229, 2, 0, 29062, 29063, 5834, 5832, 2917.00, 1
5793, 23233, 1, 0, 29064, 29064, 5831, 5830, 5831.00, 1
5794, 23235, 6, 0, 29065, 29070, 5835, 5829, 972.50, 1
5795, 23236, 7, 0, 29071, 29077, 5841, 5834, 834.43, 1
5796, 23239, 9, 0, 29078, 29086, 5847, 5838, 649.67, 1
5797, 23248, 1, 0, 29087, 29087, 5839, 5838, 5839.00, 1
5798, 23249, 3, 0, 29088, 29090, 5841, 5838, 1947.00, 1
5799, 23250, 14, 0, 29091, 29104, 5854, 5840, 418.14, 1
5800, 23252, 7, 0, 29105, 29111, 5859, 5852, 837.00, 1
5801, 23254, 6, 0, 29112, 29117, 5863, 5857, 977.17, 1
5802, 23259, 6, 0, 29118, 29123, 5864, 5858, 977.33, 1
5803, 23268, 5, 0, 29124, 29128, 5860, 5855, 1172.00, 1
5804, 23272, 2, 0, 29129, 29130, 5858, 5856, 2929.00, 1
5805, 23273, 6, 0, 29131, 29136, 5863, 5857, 977.17, 1
5806, 23275, 2, 0, 29137, 29138, 5863, 5861, 2931.50, 1
5807, 23280, 4, 0, 29139, 29142, 5862, 5858, 1465.50, 1
5808, 23281, 5, 0, 29143, 29147, 5866, 5861, 1173.20, 1
5809, 23284, 7, 0, 29148, 29154, 5870, 5863, 838.57, 1
5810, 23291, 3, 0, 29155, 29157, 5866, 5863, 1955.33, 1
5811, 23294, 3, 0, 29158, 29160, 5866, 5863, 1955.33, 1
5812, 23297, 3, 0, 29161, 29163, 5866, 5863, 1955.33, 1
5813, 23299, 17, 0, 29164, 29180, 5881, 5864, 345.94, 1
5814, 23300, 2, 0, 29181, 29182, 5882, 5880, 2941.00, 1
5815, 23303, 1, 0, 29183, 29183, 5880, 5879, 5880.00, 1
5816, 23306, 6, 0, 29184, 29189, 5883, 5877, 980.50, 1
5817, 23307, 2, 0, 29190, 29191, 5884, 5882, 2942.00, 1
5818, 23316, 11, 0, 29192, 29202, 5886, 5875, 535.09, 1
5819, 23322, 2, 0, 29203, 29204, 5882, 5880, 2941.00, 1
5820, 23325, 2, 0, 29205, 29206, 5881, 5879, 2940.50, 1
5821, 23328, 5, 0, 29207, 29211, 5883, 5878, 1176.60, 1
5822, 23330, 2, 0, 29212, 29213, 5883, 5881, 2941.50, 1
5823, 23335, 1, 0, 29214, 29214, 5879, 5878, 5879.00, 1
5824, 23339, 13, 0, 29215, 29227, 5888, 5875, 452.92, 1
5825, 23340, 6, 0, 29228, 29233, 5893, 5887, 982.17, 1
5826, 23348, 2, 0, 29234, 29235, 5887, 5885, 2943.50, 1
5827, 23351, 5, 0, 29236, 29240, 5889, 5884, 1177.80, 1
5828, 23352, 6, 0, 29241, 29246, 5894, 5888, 982.33, 1
5829, 23366, 5, 0, 29247, 29251, 5885, 5880, 1177.00, 1
5830, 23368, 4, 0, 29252, 29255, 5887, 5883, 1471.75, 1
5831, 23384, 2, 0, 29256, 29257, 5873, 5871, 2936.50, 1
5832, 23390, 6, 0, 29258, 29263, 5873, 5867, 978.83, 1
5833, 23398, 11, 0, 29264, 29274, 5876, 5865, 534.18, 1
5834, 23403, 6, 0, 29275, 29280, 5877, 5871, 979.50, 1
5835, 23405, 3, 0, 29281, 29283, 5878, 5875, 1959.33, 1
5836, 23409, 1, 0, 29284, 29284, 5875, 5874, 5875.00, 1
5837, 23411, 2, 0, 29285, 29286, 5875, 5873, 2937.50, 1
5838, 23415, 1, 0, 29287, 29287, 5872, 5871, 5872.00, 1
5839, 23416, 3, 0, 29288, 29290, 5874, 5871, 1958.00, 1
5840, 23419, 5, 0, 29291, 29295, 5876, 5871, 1175.20, 1
5841, 23423, 8, 0, 29296, 29303, 5880, 5872, 735.00, 1
5842, 23436, 3, 0, 29304, 29306, 5870, 5867, 1956.67, 1
5843, 23439, 6, 0, 29307, 29312, 5873, 5867, 978.83, 1
5844, 23440, 2, 0, 29313, 29314, 5874, 5872, 2937.00, 1
5845, 23445, 12, 0, 29315, 29326, 5881, 5869, 490.08, 1
5846, 23450, 1, 0, 29327, 29327, 5877, 5876, 5877.00, 1
5847, 23462, 8, 0, 29328, 29335, 5873, 5865, 734.12, 1
5848, 23464, 3, 0, 29336, 29338, 5874, 5871, 1958.00, 1
5849, 23466, 2, 0, 29339, 29340, 5874, 5872, 2937.00, 1
5850, 23471, 9, 0, 29341, 29349, 5878, 5869, 653.11, 1
5851, 23475, 2, 0, 29350, 29351, 5876, 5874, 2938.00, 1
5852, 23476, 1, 0, 29352, 29352, 5876, 5875, 5876.00, 1
5853, 23482, 11, 0, 29353, 29363, 5881, 5870, 534.64, 1
5854, 23483, 14, 0, 29364, 29377, 5894, 5880, 421.00, 1
5855, 23485, 6, 0, 29378, 29383, 5898, 5892, 983.00, 1
5856, 23490, 10, 0, 29384, 29393, 5903, 5893, 590.30, 1
5857, 23492, 5, 0, 29394, 29398, 5906, 5901, 1181.20, 1
5858, 23495, 2, 0, 29399, 29400, 5905, 5903, 2952.50, 1
5859, 23499, 4, 0, 29401, 29404, 5905, 5901, 1476.25, 1
5860, 23502, 1, 0, 29405, 29405, 5903, 5902, 5903.00, 1
5861, 23503, 5, 0, 29406, 29410, 5907, 5902, 1181.40, 1
5862, 23506, 2, 0, 29411, 29412, 5906, 5904, 2953.00, 1
5863, 23509, 4, 0, 29413, 29416, 5907, 5903, 1476.75, 1
5864, 23510, 2, 0, 29417, 29418, 5908, 5906, 2954.00, 1
5865, 23513, 4, 0, 29419, 29422, 5909, 5905, 1477.25, 1
5866, 23519, 1, 0, 29423, 29423, 5904, 5903, 5904.00, 1
5867, 23521, 18, 0, 29424, 29441, 5920, 5902, 328.89, 1
5868, 23523, 11, 0, 29442, 29452, 5929, 5918, 539.00, 1
5869, 23524, 5, 0, 29453, 29457, 5933, 5928, 1186.60, 1
5870, 23526, 3, 0, 29458, 29460, 5934, 5931, 1978.00, 1
5871, 23528, 22, 0, 29461, 29482, 5954, 5932, 270.64, 1
5872, 23529, 4, 0, 29483, 29486, 5957, 5953, 1489.25, 1
5873, 23530, 10, 0, 29487, 29496, 5966, 5956, 596.60, 1
5874, 23533, 3, 0, 29497, 29499, 5966, 5963, 1988.67, 1
5875, 23539, 2, 0, 29500, 29501, 5962, 5960, 2981.00, 1
5876, 23544, 5, 0, 29502, 29506, 5962, 5957, 1192.40, 1
5877, 23549, 9, 0, 29507, 29515, 5966, 5957, 662.89, 1
5878, 23557, 4, 0, 29516, 29519, 5962, 5958, 1490.50, 1
5879, 23566, 14, 0, 29520, 29533, 5967, 5953, 426.21, 1
5880, 23573, 2, 0, 29534, 29535, 5962, 5960, 2981.00, 1
5881, 23574, 8, 0, 29536, 29543, 5969, 5961, 746.12, 1
5882, 23575, 3, 0, 29544, 29546, 5971, 5968, 1990.33, 1
5883, 23582, 10, 0, 29547, 29556, 5974, 5964, 597.40, 1
5884, 23594, 1, 0, 29557, 29557, 5963, 5962, 5963.00, 1
5885, 23595, 1, 0, 29558, 29558, 5963, 5962, 5963.00, 1
5886, 23597, 8, 0, 29559, 29566, 5969, 5961, 746.12, 1
5887, 23598, 6, 0, 29567, 29572, 5974, 5968, 995.67, 1
5888, 23601, 1, 0, 29573, 29573, 5972, 5971, 5972.00, 1
5889, 23605, 1, 0, 29574, 29574, 5969, 5968, 5969.00, 1
5890, 23608, 4, 0, 29575, 29578, 5970, 5966, 1492.50, 1
5891, 23615, 8, 0, 29579, 29586, 5971, 5963, 746.38, 1
5892, 23617, 1, 0, 29587, 29587, 5970, 5969, 5970.00, 1
5893, 23620, 2, 0, 29588, 29589, 5969, 5967, 2984.50, 1
5894, 23621, 1, 0, 29590, 29590, 5969, 5968, 5969.00, 1
5895, 23624, 1, 0, 29591, 29591, 5967, 5966, 5967.00, 1
5896, 23625, 1, 0, 29592, 29592, 5967, 5966, 5967.00, 1
5897, 23627, 1, 0, 29593, 29593, 5966, 5965, 5966.00, 1
5898, 23631, 9, 0, 29594, 29602, 5971, 5962, 663.44, 1
5899, 23638, 2, 0, 29603, 29604, 5966, 5964, 2983.00, 1
5900, 23643, 6, 0, 29605, 29610, 5967, 5961, 994.50, 1
5901, 23647, 2, 0, 29611, 29612, 5965, 5963, 2982.50, 1
5902, 23653, 3, 0, 29613, 29615, 5962, 5959, 1987.33, 1
5903, 23662, 8, 0, 29616, 29623, 5961, 5953, 745.12, 1
5904, 23663, 5, 0, 29624, 29628, 5965, 5960, 1193.00, 1
5905, 23666, 3, 0, 29629, 29631, 5965, 5962, 1988.33, 1
5906, 23671, 11, 0, 29632, 29642, 5971, 5960, 542.82, 1
5907, 23672, 1, 0, 29643, 29643, 5971, 5970, 5971.00, 1
5908, 23676, 1, 0, 29644, 29644, 5968, 5967, 5968.00, 1
5909, 23678, 1, 0, 29645, 29645, 5967, 5966, 5967.00, 1
5910, 23693, 8, 0, 29646, 29653, 5960, 5952, 745.00, 1
5911, 23694, 7, 0, 29654, 29660, 5966, 5959, 852.29, 1
5912, 23696, 6, 0, 29661, 29666, 5970, 5964, 995.00, 1
5913, 23702, 1, 0, 29667, 29667, 5965, 5964, 5965.00, 1
5914, 23706, 4, 0, 29668, 29671, 5965, 5961, 1491.25, 1
5915, 23709, 1, 0, 29672, 29672, 5963, 5962, 5963.00, 1
5916, 23712, 7, 0, 29673, 29679, 5967, 5960, 852.43, 1
5917, 23713, 7, 0, 29680, 29686, 5973, 5966, 853.29, 1
5918, 23720, 3, 0, 29687, 29689, 5969, 5966, 1989.67, 1
5919, 23724, 6, 0, 29690, 29695, 5971, 5965, 995.17, 1
5920, 23728, 2, 0, 29696, 29697, 5969, 5967, 2984.50, 1
5921, 23732, 2, 0, 29698, 29699, 5967, 5965, 2983.50, 1
5922, 23738, 1, 0, 29700, 29700, 5962, 5961, 5962.00, 1
5923, 23739, 2, 0, 29701, 29702, 5963, 5961, 2981.50, 1
5924, 23740, 5, 0, 29703, 29707, 5967, 5962, 1193.40, 1
5925, 23741, 13, 0, 29708, 29720, 5979, 5966, 459.92, 1
5926, 23751, 1, 0, 29721, 29721, 5970, 5969, 5970.00, 1
5927, 23761, 1, 0, 29722, 29722, 5961, 5960, 5961.00, 1
5928, 23762, 1, 0, 29723, 29723, 5961, 5960, 5961.00, 1
5929, 23766, 4, 0, 29724, 29727, 5961, 5957, 1490.25, 1
5930, 23774, 12, 0, 29728, 29739, 5965, 5953, 497.08, 1
5931, 23781, 12, 0, 29740, 29751, 5970, 5958, 497.50, 1
5932, 23782, 3, 0, 29752, 29754, 5972, 5969, 1990.67, 1
5933, 23785, 6, 0, 29755, 29760, 5975, 5969, 995.83, 1
5934, 23788, 2, 0, 29761, 29762, 5974, 5972, 2987.00, 1
5935, 23794, 1, 0, 29763, 29763, 5969, 5968, 5969.00, 1
5936, 23796, 4, 0, 29764, 29767, 5971, 5967, 1492.75, 1
5937, 23800, 7, 0, 29768, 29774, 5974, 5967, 853.43, 1
5938, 23803, 5, 0, 29775, 29779, 5976, 5971, 1195.20, 1
5939, 23813, 3, 0, 29780, 29782, 5969, 5966, 1989.67, 1
5940, 23815, 2, 0, 29783, 29784, 5969, 5967, 2984.50, 1
5941, 23817, 5, 0, 29785, 29789, 5972, 5967, 1194.40, 1
5942, 23819, 2, 0, 29790, 29791, 5972, 5970, 2986.00, 1
5943, 23832, 1, 0, 29792, 29792, 5960, 5959, 5960.00, 1
5944, 23834, 2, 0, 29793, 29794, 5960, 5958, 2980.00, 1
5945, 23835, 7, 0, 29795, 29801, 5966, 5959, 852.29, 1
5946, 23838, 11, 0, 29802, 29812, 5974, 5963, 543.09, 1
5947, 23839, 1, 0, 29813, 29813, 5974, 5973, 5974.00, 1
5948, 23840, 2, 0, 29814, 29815, 5975, 5973, 2987.50, 1
5949, 23841, 14, 0, 29816, 29829, 5988, 5974, 427.71, 1
5950, 23842, 3, 0, 29830, 29832, 5990, 5987, 1996.67, 1
5951, 23845, 4, 0, 29833, 29836, 5991, 5987, 1497.75, 1
5952, 23846, 7, 0, 29837, 29843, 5997, 5990, 856.71, 1
5953, 23851, 2, 0, 29844, 29845, 5994, 5992, 2997.00, 1
5954, 23858, 20, 0, 29846, 29865, 6007, 5987, 300.35, 1
5955, 23867, 2, 0, 29866, 29867, 6000, 5998, 3000.00, 1
5956, 23868, 1, 0, 29868, 29868, 6000, 5999, 6000.00, 1
5957, 23877, 4, 0, 29869, 29872, 5995, 5991, 1498.75, 1
5958, 23878, 3, 0, 29873, 29875, 5997, 5994, 1999.00, 1
5959, 23881, 3, 0, 29876, 29878, 5997, 5994, 1999.00, 1
5960, 23891, 1, 0, 29879, 29879, 5988, 5987, 5988.00, 1
5961, 23893, 4, 0, 29880, 29883, 5990, 5986, 1497.50, 1
5962, 23894, 9, 0, 29884, 29892, 5998, 5989, 666.44, 1
5963, 23896, 4, 0, 29893, 29896, 6000, 5996, 1500.00, 1
5964, 23898, 2, 0, 29897, 29898, 6000, 5998, 3000.00, 1
5965, 23899, 6, 0, 29899, 29904, 6005, 5999, 1000.83, 1
5966, 23904, 4, 0, 29905, 29908, 6004, 6000, 1501.00, 1
5967, 23910, 4, 0, 29909, 29912, 6002, 5998, 1500.50, 1
5968, 23913, 1, 0, 29913, 29913, 6000, 5999, 6000.00, 1
5969, 23922, 9, 0, 29914, 29922, 6000, 5991, 666.67, 1
5970, 23934, 1, 0, 29923, 29923, 5989, 5988, 5989.00, 1
5971, 23945, 10, 0, 29924, 29933, 5988, 5978, 598.80, 1
5972, 23946, 1, 0, 29934, 29934, 5988, 5987, 5988.00, 1
5973, 23947, 6, 0, 29935, 29940, 5993, 5987, 998.83, 1
5974, 23951, 3, 0, 29941, 29943, 5992, 5989, 1997.33, 1
5975, 23953, 6, 0, 29944, 29949, 5996, 5990, 999.33, 1
5976, 23954, 6, 0, 29950, 29955, 6001, 5995, 1000.17, 1
5977, 23957, 3, 0, 29956, 29958, 6001, 5998, 2000.33, 1
5978, 23965, 3, 0, 29959, 29961, 5996, 5993, 1998.67, 1
5979, 23967, 2, 0, 29962, 29963, 5996, 5994, 2998.00, 1
5980, 23968, 1, 0, 29964, 29964, 5996, 5995, 5996.00, 1
5981, 23971, 13, 0, 29965, 29977, 6006, 5993, 462.00, 1
5982, 23973, 3, 0, 29978, 29980, 6007, 6004, 2002.33, 1
5983, 23978, 1, 0, 29981, 29981, 6003, 6002, 6003.00, 1
5984, 23981, 4, 0, 29982, 29985, 6004, 6000, 1501.00, 1
5985, 23993, 5, 0, 29986, 29990, 5997, 5992, 1199.40, 1
5986, 24001, 2, 0, 29991, 29992, 5991, 5989, 2995.50, 1
5987, 24002, 5, 0, 29993, 29997, 5995, 5990, 1199.00, 1
5988, 24003, 9, 0, 29998, 30006, 6003, 5994, 667.00, 1
5989, 24005, 6, 0, 30007, 30012, 6007, 6001, 1001.17, 1
5990, 24008, 3, 0, 30013, 30015, 6007, 6004, 2002.33, 1
5991, 24016, 3, 0, 30016, 30018, 6002, 5999, 2000.67, 1
5992, 24017, 2, 0, 30019, 30020, 6003, 6001, 3001.50, 1
5993, 24025, 5, 0, 30021, 30025, 6000, 5995, 1200.00, 1
5994, 24034, 2, 0, 30026, 30027, 5993, 5991, 2996.50, 1
5995, 24036, 5, 0, 30028, 30032, 5996, 5991, 1199.20, 1
5996, 24039, 2, 0, 30033, 30034, 5995, 5993, 2997.50, 1
5997, 24041, 4, 0, 30035, 30038, 5997, 5993, 1499.25, 1
5998, 24042, 3, 0, 30039, 30041, 5999, 5996, 1999.67, 1
5999, 24046, 4, 0, 30042, 30045, 5999, 5995, 1499.75, 1
6000, 24055, 14, 0, 30046, 30059, 6004, 5990, 428.86, 1
6001, 24058, 3, 0, 30060, 30062, 6004, 6001, 2001.33, 1
6002, 24063, 11, 0, 30063, 30073, 6010, 5999, 546.36, 1
6003, 24065, 3, 0, 30074, 30076, 6011, 6008, 2003.67, 1
6004, 24069, 8, 0, 30077, 30084, 6015, 6007, 751.88, 1
6005, 24080, 2, 0, 30085, 30086, 6006, 6004, 3003.00, 1
6006, 24082, 12, 0, 30087, 30098, 6016, 6004, 501.33, 1
6007, 24088, 2, 0, 30099, 30100, 6012, 6010, 3006.00, 1
6008, 24090, 4, 0, 30101, 30104, 6014, 6010, 1503.50, 1
6009, 24100, 5, 0, 30105, 30109, 6009, 6004, 1201.80, 1
6010, 24101, 1, 0, 30110, 30110, 6009, 6008, 6009.00, 1
6011, 24109, 2, 0, 30111, 30112, 6003, 6001, 3001.50, 1
6012, 24111, 1, 0, 30113, 30113, 6002, 6001, 6002.00, 1
6013, 24115, 2, 0, 30114, 30115, 6000, 5998, 3000.00, 1
6014, 24116, 1, 0, 30116, 30116, 6000, 5999, 6000.00, 1
6015, 24122, 3, 0, 30117, 30119, 5997, 5994, 1999.00, 1
6016, 24124, 3, 0, 30120, 30122, 5998, 5995, 1999.33, 1
6017, 24127, 3, 0, 30123, 30125, 5998, 5995, 1999.33, 1
6018, 24134, 1, 0, 30126, 30126, 5992, 5991, 5992.00, 1
6019, 24140, 3, 0, 30127, 30129, 5989, 5986, 1996.33, 1
6020, 24147, 3, 0, 30130, 30132, 5985, 5982, 1995.00, 1
6021, 24155, 6, 0, 30133, 30138, 5983, 5977, 997.17, 1
6022, 24164, 8, 0, 30139, 30146, 5982, 5974, 747.75, 1
6023, 24172, 4, 0, 30147, 30150, 5978, 5974, 1494.50, 1
6024, 24179, 4, 0, 30151, 30154, 5975, 5971, 1493.75, 1
6025, 24185, 2, 0, 30155, 30156, 5971, 5969, 2985.50, 1
6026, 24188, 6, 0, 30157, 30162, 5974, 5968, 995.67, 1
6027, 24197, 6, 0, 30163, 30168, 5971, 5965, 995.17, 1
6028, 24199, 8, 0, 30169, 30176, 5977, 5969, 747.12, 1
6029, 24211, 1, 0, 30177, 30177, 5966, 5965, 5966.00, 1
6030, 24216, 2, 0, 30178, 30179, 5963, 5961, 2981.50, 1
6031, 24221, 1, 0, 30180, 30180, 5959, 5958, 5959.00, 1
6032, 24225, 5, 0, 30181, 30185, 5960, 5955, 1192.00, 1
6033, 24230, 6, 0, 30186, 30191, 5961, 5955, 993.50, 1
6034, 24237, 4, 0, 30192, 30195, 5958, 5954, 1489.50, 1
6035, 24242, 5, 0, 30196, 30200, 5958, 5953, 1191.60, 1
6036, 24244, 13, 0, 30201, 30213, 5969, 5956, 459.15, 1
6037, 24246, 1, 0, 30214, 30214, 5968, 5967, 5968.00, 1
6038, 24247, 2, 0, 30215, 30216, 5969, 5967, 2984.50, 1
6039, 24249, 2, 0, 30217, 30218, 5969, 5967, 2984.50, 1
6040, 24255, 11, 0, 30219, 30229, 5974, 5963, 543.09, 1
6041, 24258, 2, 0, 30230, 30231, 5973, 5971, 2986.50, 1
6042, 24265, 4, 0, 30232, 30235, 5970, 5966, 1492.50, 1
6043, 24266, 3, 0, 30236, 30238, 5972, 5969, 1990.67, 1
6044, 24267, 1, 0, 30239, 30239, 5972, 5971, 5972.00, 1
6045, 24273, 1, 0, 30240, 30240, 5967, 5966, 5967.00, 1
6046, 24277, 4, 0, 30241, 30244, 5967, 5963, 1491.75, 1
6047, 24284, 1, 0, 30245, 30245, 5961, 5960, 5961.00, 1
6048, 24285, 2, 0, 30246, 30247, 5962, 5960, 2981.00, 1
6049, 24287, 9, 0, 30248, 30256, 5969, 5960, 663.22, 1
6050, 24301, 1, 0, 30257, 30257, 5956, 5955, 5956.00, 1
6051, 24303, 4, 0, 30258, 30261, 5958, 5954, 1489.50, 1
6052, 24305, 3, 0, 30262, 30264, 5959, 5956, 1986.33, 1
6053, 24311, 3, 0, 30265, 30267, 5956, 5953, 1985.33, 1
6054, 24322, 3, 0, 30268, 30270, 5948, 5945, 1982.67, 1
6055, 24325, 6, 0, 30271, 30276, 5951, 5945, 991.83, 1
6056, 24332, 1, 0, 30277, 30277, 5945, 5944, 5945.00, 1
6057, 24342, 5, 0, 30278, 30282, 5940, 5935, 1188.00, 1
6058, 24344, 2, 0, 30283, 30284, 5940, 5938, 2970.00, 1
6059, 24345, 2, 0, 30285, 30286, 5941, 5939, 2970.50, 1
6060, 24353, 3, 0, 30287, 30289, 5936, 5933, 1978.67, 1
6061, 24356, 1, 0, 30290, 30290, 5934, 5933, 5934.00, 1
6062, 24357, 1, 0, 30291, 30291, 5934, 5933, 5934.00, 1
6063, 24366, 3, 0, 30292, 30294, 5928, 5925, 1976.00, 1
6064, 24367, 9, 0, 30295, 30303, 5936, 5927, 659.56, 1
6065, 24370, 2, 0, 30304, 30305, 5935, 5933, 2967.50, 1
6066, 24374, 1, 0, 30306, 30306, 5932, 5931, 5932.00, 1
6067, 24375, 7, 0, 30307, 30313, 5938, 5931, 848.29, 1
6068, 24378, 2, 0, 30314, 30315, 5937, 5935, 2968.50, 1
6069, 24379, 5, 0, 30316, 30320, 5941, 5936, 1188.20, 1
6070, 24386, 1, 0, 30321, 30321, 5935, 5934, 5935.00, 1
6071, 24388, 1, 0, 30322, 30322, 5934, 5933, 5934.00, 1
6072, 24391, 3, 0, 30323, 30325, 5934, 5931, 1978.00, 1
6073, 24394, 5, 0, 30326, 30330, 5936, 5931, 1187.20, 1
6074, 24396, 3, 0, 30331, 30333, 5937, 5934, 1979.00, 1
6075, 24400, 1, 0, 30334, 30334, 5934, 5933, 5934.00, 1
6076, 24402, 8, 0, 30335, 30342, 5940, 5932, 742.50, 1
6077, 24406, 6, 0, 30343, 30348, 5942, 5936, 990.33, 1
6078, 24412, 1, 0, 30349, 30349, 5937, 5936, 5937.00, 1
6079, 24413, 7, 0, 30350, 30356, 5943, 5936, 849.00, 1
6080, 24416, 4, 0, 30357, 30360, 5944, 5940, 1486.00, 1
6081, 24418, 3, 0, 30361, 30363, 5945, 5942, 1981.67, 1
6082, 24419, 18, 0, 30364, 30381, 5962, 5944, 331.22, 1
6083, 24425, 6, 0, 30382, 30387, 5962, 5956, 993.67, 1
6084, 24428, 1, 0, 30388, 30388, 5960, 5959, 5960.00, 1
6085, 24429, 3, 0, 30389, 30391, 5962, 5959, 1987.33, 1
6086, 24430, 1, 0, 30392, 30392, 5962, 5961, 5962.00, 1
6087, 24434, 3, 0, 30393, 30395, 5961, 5958, 1987.00, 1
6088, 24441, 1, 0, 30396, 30396, 5955, 5954, 5955.00, 1
6089, 24443, 1, 0, 30397, 30397, 5954, 5953, 5954.00, 1
6090, 24457, 2, 0, 30398, 30399, 5942, 5940, 2971.00, 1
6091, 24460, 3, 0, 30400, 30402, 5942, 5939, 1980.67, 1
6092, 24464, 5, 0, 30403, 30407, 5943, 5938, 1188.60, 1
6093, 24465, 7, 0, 30408, 30414, 5949, 5942, 849.86, 1
6094, 24466, 2, 0, 30415, 30416, 5950, 5948, 2975.00, 1
6095, 24468, 2, 0, 30417, 30418, 5950, 5948, 2975.00, 1
6096, 24473, 13, 0, 30419, 30431, 5958, 5945, 458.31, 1
6097, 24481, 10, 0, 30432, 30441, 5960, 5950, 596.00, 1
6098, 24483, 2, 0, 30442, 30443, 5960, 5958, 2980.00, 1
6099, 24492, 2, 0, 30444, 30445, 5953, 5951, 2976.50, 1
6100, 24499, 2, 0, 30446, 30447, 5948, 5946, 2974.00, 1
6101, 24502, 2, 0, 30448, 30449, 5947, 5945, 2973.50, 1
6102, 24506, 6, 0, 30450, 30455, 5949, 5943, 991.50, 1
6103, 24509, 1, 0, 30456, 30456, 5947, 5946, 5947.00, 1
6104, 24519, 12, 0, 30457, 30468, 5949, 5937, 495.75, 1
6105, 24522, 12, 0, 30469, 30480, 5958, 5946, 496.50, 1
6106, 24525, 1, 0, 30481, 30481, 5956, 5955, 5956.00, 1
6107, 24527, 7, 0, 30482, 30488, 5961, 5954, 851.57, 1
6108, 24543, 2, 0, 30489, 30490, 5947, 5945, 2973.50, 1
6109, 24544, 1, 0, 30491, 30491, 5947, 5946, 5947.00, 1
6110, 24545, 1, 0, 30492, 30492, 5947, 5946, 5947.00, 1
6111, 24546, 3, 0, 30493, 30495, 5949, 5946, 1983.00, 1
6112, 24548, 6, 0, 30496, 30501, 5953, 5947, 992.17, 1
6113, 24550, 7, 0, 30502, 30508, 5958, 5951, 851.14, 1
6114, 24554, 3, 0, 30509, 30511, 5957, 5954, 1985.67, 1
6115, 24558, 10, 0, 30512, 30521, 5963, 5953, 596.30, 1
6116, 24566, 6, 0, 30522, 30527, 5961, 5955, 993.50, 1
6117, 24568, 1, 0, 30528, 30528, 5960, 5959, 5960.00, 1
6118, 24575, 11, 0, 30529, 30539, 5964, 5953, 542.18, 1
6119, 24577, 1, 0, 30540, 30540, 5963, 5962, 5963.00, 1
6120, 24578, 1, 0, 30541, 30541, 5963, 5962, 5963.00, 1
6121, 24580, 2, 0, 30542, 30543, 5963, 5961, 2981.50, 1
6122, 24581, 2, 0, 30544, 30545, 5964, 5962, 2982.00, 1
6123, 24587, 11, 0, 30546, 30556, 5969, 5958, 542.64, 1
6124, 24594, 5, 0, 30557, 30561, 5967, 5962, 1193.40, 1
6125, 24595, 2, 0, 30562, 30563, 5968, 5966, 2984.00, 1
6126, 24604, 11, 0, 30564, 30574, 5970, 5959, 542.73, 1
6127, 24612, 1, 0, 30575, 30575, 5963, 5962, 5963.00, 1
6128, 24614, 4, 0, 30576, 30579, 5965, 5961, 1491.25, 1
6129, 24616, 4, 0, 30580, 30583, 5967, 5963, 1491.75, 1
6130, 24617, 1, 0, 30584, 30584, 5967, 5966, 5967.00, 1
6131, 24621, 6, 0, 30585, 30590, 5969, 5963, 994.83, 1
6132, 24624, 5, 0, 30591, 30595, 5971, 5966, 1194.20, 1
6133, 24640, 13, 0, 30596, 30608, 5968, 5955, 459.08, 1
6134, 24646, 12, 0, 30609, 30620, 5974, 5962, 497.83, 1
6135, 24648, 2, 0, 30621, 30622, 5974, 5972, 2987.00, 1
6136, 24650, 3, 0, 30623, 30625, 5975, 5972, 1991.67, 1
6137, 24652, 9, 0, 30626, 30634, 5982, 5973, 664.67, 1
6138, 24653, 6, 0, 30635, 30640, 5987, 5981, 997.83, 1
6139, 24666, 3, 0, 30641, 30643, 5977, 5974, 1992.33, 1
6140, 24668, 4, 0, 30644, 30647, 5979, 5975, 1494.75, 1
6141, 24674, 7, 0, 30648, 30654, 5980, 5973, 854.29, 1
6142, 24676, 13, 0, 30655, 30667, 5991, 5978, 460.85, 1
6143, 24680, 21, 0, 30668, 30688, 6008, 5987, 286.10, 1
6144, 24681, 4, 0, 30689, 30692, 6011, 6007, 1502.75, 1
6145, 24685, 2, 0, 30693, 30694, 6009, 6007, 3004.50, 1
6146, 24687, 9, 0, 30695, 30703, 6016, 6007, 668.44, 1
6147, 24688, 16, 0, 30704, 30719, 6031, 6015, 376.94, 1
6148, 24700, 1, 0, 30720, 30720, 6020, 6019, 6020.00, 1
6149, 24708, 5, 0, 30721, 30725, 6017, 6012, 1203.40, 1
6150, 24709, 2, 0, 30726, 30727, 6018, 6016, 3009.00, 1
6151, 24721, 7, 0, 30728, 30734, 6013, 6006, 859.00, 1
6152, 24730, 2, 0, 30735, 30736, 6006, 6004, 3003.00, 1
6153, 24732, 2, 0, 30737, 30738, 6006, 6004, 3003.00, 1
6154, 24733, 4, 0, 30739, 30742, 6009, 6005, 1502.25, 1
6155, 24738, 4, 0, 30743, 30746, 6008, 6004, 1502.00, 1
6156, 24743, 5, 0, 30747, 30751, 6008, 6003, 1201.60, 1
6157, 24744, 6, 0, 30752, 30757, 6013, 6007, 1002.17, 1
6158, 24749, 5, 0, 30758, 30762, 6013, 6008, 1202.60, 1
6159, 24754, 1, 0, 30763, 30763, 6009, 6008, 6009.00, 1
6160, 24757, 5, 0, 30764, 30768, 6011, 6006, 1202.20, 1
6161, 24762, 7, 0, 30769, 30775, 6013, 6006, 859.00, 1
6162, 24763, 29, 0, 30776, 30804, 6041, 6012, 208.31, 1
6163, 24765, 2, 0, 30805, 30806, 6041, 6039, 3020.50, 1
6164, 24770, 4, 0, 30807, 30810, 6040, 6036, 1510.00, 1
6165, 24779, 1, 0, 30811, 30811, 6032, 6031, 6032.00, 1
6166, 24788, 1, 0, 30812, 30812, 6024, 6023, 6024.00, 1
6167, 24789, 4, 0, 30813, 30816, 6027, 6023, 1506.75, 1
6168, 24792, 3, 0, 30817, 30819, 6027, 6024, 2009.00, 1
6169, 24801, 6, 0, 30820, 30825, 6024, 6018, 1004.00, 1
6170, 24805, 7, 0, 30826, 30832, 6027, 6020, 861.00, 1
6171, 24818, 9, 0, 30833, 30841, 6023, 6014, 669.22, 1
6172, 24822, 4, 0, 30842, 30845, 6023, 6019, 1505.75, 1
6173, 24825, 8, 0, 30846, 30853, 6028, 6020, 753.50, 1
6174, 24826, 4, 0, 30854, 30857, 6031, 6027, 1507.75, 1
6175, 24834, 23, 0, 30858, 30880, 6046, 6023, 262.87, 1
6176, 24842, 2, 0, 30881, 30882, 6040, 6038, 3020.00, 1
6177, 24855, 5, 0, 30883, 30887, 6032, 6027, 1206.40, 1
6178, 24858, 3, 0, 30888, 30890, 6032, 6029, 2010.67, 1
6179, 24860, 2, 0, 30891, 30892, 6032, 6030, 3016.00, 1
6180, 24862, 5, 0, 30893, 30897, 6035, 6030, 1207.00, 1
6181, 24865, 3, 0, 30898, 30900, 6035, 6032, 2011.67, 1
6182, 24867, 5, 0, 30901, 30905, 6038, 6033, 1207.60, 1
6183, 24874, 8, 0, 30906, 30913, 6039, 6031, 754.88, 1
6184, 24877, 7, 0, 30914, 30920, 6043, 6036, 863.29, 1
6185, 24879, 3, 0, 30921, 30923, 6044, 6041, 2014.67, 1
6186, 24881, 1, 0, 30924, 30924, 6043, 6042, 6043.00, 1
6187, 24883, 7, 0, 30925, 30931, 6048, 6041, 864.00, 1
6188, 24884, 1, 0, 30932, 30932, 6048, 6047, 6048.00, 1
6189, 24886, 6, 0, 30933, 30938, 6052, 6046, 1008.67, 1
6190, 24887, 1, 0, 30939, 30939, 6052, 6051, 6052.00, 1
6191, 24888, 5, 0, 30940, 30944, 6056, 6051, 1211.20, 1
6192, 24891, 1, 0, 30945, 30945, 6054, 6053, 6054.00, 1
6193, 24892, 2, 0, 30946, 30947, 6055, 6053, 3027.50, 1
6194, 24897, 1, 0, 30948, 30948, 6051, 6050, 6051.00, 1
6195, 24899, 7, 0, 30949, 30955, 6056, 6049, 865.14, 1
6196, 24901, 3, 0, 30956, 30958, 6057, 6054, 2019.00, 1
6197, 24908, 3, 0, 30959, 30961, 6053, 6050, 2017.67, 1
6198, 24909, 12, 0, 30962, 30973, 6064, 6052, 505.33, 1
6199, 24910, 3, 0, 30974, 30976, 6066, 6063, 2022.00, 1
6200, 24911, 1, 0, 30977, 30977, 6066, 6065, 6066.00, 1
6201, 24922, 4, 0, 30978, 30981, 6059, 6055, 1514.75, 1
6202, 24923, 9, 0, 30982, 30990, 6067, 6058, 674.11, 1
6203, 24927, 13, 0, 30991, 31003, 6076, 6063, 467.38, 1
6204, 24928, 3, 0, 31004, 31006, 6078, 6075, 2026.00, 1
6205, 24929, 2, 0, 31007, 31008, 6079, 6077, 3039.50, 1
6206, 24934, 3, 0, 31009, 31011, 6077, 6074, 2025.67, 1
6207, 24937, 3, 0, 31012, 31014, 6077, 6074, 2025.67, 1
6208, 24945, 6, 0, 31015, 31020, 6075, 6069, 1012.50, 1
6209, 24949, 3, 0, 31021, 31023, 6074, 6071, 2024.67, 1
6210, 24952, 2, 0, 31024, 31025, 6073, 6071, 3036.50, 1
6211, 24955, 1, 0, 31026, 31026, 6071, 6070, 6071.00, 1
6212, 24957, 5, 0, 31027, 31031, 6074, 6069, 1214.80, 1
6213, 24959, 2, 0, 31032, 31033, 6074, 6072, 3037.00, 1
6214, 24960, 3, 0, 31034, 31036, 6076, 6073, 2025.33, 1
6215, 24965, 1, 0, 31037, 31037, 6072, 6071, 6072.00, 1
6216, 24966, 3, 0, 31038, 31040, 6074, 6071, 2024.67, 1
6217, 24968, 1, 0, 31041, 31041, 6073, 6072, 6073.00, 1
6218, 24969, 1, 0, 31042, 31042, 6073, 6072, 6073.00, 1
6219, 24970, 5, 0, 31043, 31047, 6077, 6072, 1215.40, 1
6220, 24976, 4, 0, 31048, 31051, 6075, 6071, 1518.75, 1
6221, 24978, 1, 0, 31052, 31052, 6074, 6073, 6074.00, 1
6222, 24984, 1, 0, 31053, 31053, 6069, 6068, 6069.00, 1
6223, 24987, 4, 0, 31054, 31057, 6070, 6066, 1517.50, 1
6224, 24989, 8, 0, 31058, 31065, 6076, 6068, 759.50, 1
6225, 24991, 2, 0, 31066, 31067, 6076, 6074, 3038.00, 1
6226, 24994, 1, 0, 31068, 31068, 6074, 6073, 6074.00, 1
6227, 24999, 2, 0, 31069, 31070, 6071, 6069, 3035.50, 1
6228, 25001, 1, 0, 31071, 31071, 6070, 6069, 6070.00, 1
6229, 25009, 3, 0, 31072, 31074, 6065, 6062, 2021.67, 1
6230, 25010, 2, 0, 31075, 31076, 6066, 6064, 3033.00, 1
6231, 25014, 11, 0, 31077, 31087, 6073, 6062, 552.09, 1
6232, 25017, 2, 0, 31088, 31089, 6072, 6070, 3036.00, 1
6233, 25020, 2, 0, 31090, 31091, 6071, 6069, 3035.50, 1
6234, 25026, 2, 0, 31092, 31093, 6067, 6065, 3033.50, 1
6235, 25037, 6, 0, 31094, 31099, 6062, 6056, 1010.33, 1
6236, 25053, 6, 0, 31100, 31105, 6052, 6046, 1008.67, 1
6237, 25058, 8, 0, 31106, 31113, 6055, 6047, 756.88, 1
6238, 25059, 3, 0, 31114, 31116, 6057, 6054, 2019.00, 1
6239, 25062, 3, 0, 31117, 31119, 6057, 6054, 2019.00, 1
6240, 25065, 11, 0, 31120, 31130, 6065, 6054, 551.36, 1
6241, 25067, 5, 0, 31131, 31135, 6068, 6063, 1213.60, 1
6242, 25069, 21, 0, 31136, 31156, 6087, 6066, 289.86, 1
6243, 25070, 1, 0, 31157, 31157, 6087, 6086, 6087.00, 1
6244, 25081, 5, 0, 31158, 31162, 6081, 6076, 1216.20, 1
6245, 25089, 3, 0, 31163, 31165, 6076, 6073, 2025.33, 1
6246, 25090, 2, 0, 31166, 31167, 6077, 6075, 3038.50, 1
6247, 25092, 1, 0, 31168, 31168, 6076, 6075, 6076.00, 1
6248, 25095, 2, 0, 31169, 31170, 6075, 6073, 3037.50, 1
6249, 25099, 22, 0, 31171, 31192, 6093, 6071, 276.95, 1
6250, 25109, 1, 0, 31193, 31193, 6084, 6083, 6084.00, 1
6251, 25116, 1, 0, 31194, 31194, 6078, 6077, 6078.00, 1
6252, 25120, 12, 0, 31195, 31206, 6086, 6074, 507.17, 1
6253, 25126, 2, 0, 31207, 31208, 6082, 6080, 3041.00, 1
6254, 25132, 1, 0, 31209, 31209, 6077, 6076, 6077.00, 1
6255, 25137, 3, 0, 31210, 31212, 6075, 6072, 2025.00, 1
6256, 25144, 2, 0, 31213, 31214, 6070, 6068, 3035.00, 1
6257, 25147, 1, 0, 31215, 31215, 6068, 6067, 6068.00, 1
6258, 25148, 4, 0, 31216, 31219, 6071, 6067, 1517.75, 1
6259, 25153, 7, 0, 31220, 31226, 6073, 6066, 867.57, 1
6260, 25162, 6, 0, 31227, 31232, 6070, 6064, 1011.67, 1
6261, 25165, 4, 0, 31233, 31236, 6071, 6067, 1517.75, 1
6262, 25179, 4, 0, 31237, 31240, 6061, 6057, 1515.25, 1
6263, 25190, 1, 0, 31241, 31241, 6051, 6050, 6051.00, 1
6264, 25194, 11, 0, 31242, 31252, 6058, 6047, 550.73, 1
6265, 25198, 1, 0, 31253, 31253, 6055, 6054, 6055.00, 1
6266, 25199, 2, 0, 31254, 31255, 6056, 6054, 3028.00, 1
6267, 25200, 9, 0, 31256, 31264, 6064, 6055, 673.78, 1
6268, 25206, 2, 0, 31265, 31266, 6060, 6058, 3030.00, 1
6269, 25217, 2, 0, 31267, 31268, 6051, 6049, 3025.50, 1
6270, 25223, 6, 0, 31269, 31274, 6051, 6045, 1008.50, 1
6271, 25231, 12, 0, 31275, 31286, 6055, 6043, 504.58, 1
6272, 25232, 8, 0, 31287, 31294, 6062, 6054, 757.75, 1
6273, 25233, 3, 0, 31295, 31297, 6064, 6061, 2021.33, 1
6274, 25234, 1, 0, 31298, 31298, 6064, 6063, 6064.00, 1
6275, 25235, 5, 0, 31299, 31303, 6068, 6063, 1213.60, 1
6276, 25236, 1, 0, 31304, 31304, 6068, 6067, 6068.00, 1
6277, 25237, 7, 0, 31305, 31311, 6074, 6067, 867.71, 1
6278, 25249, 1, 0, 31312, 31312, 6063, 6062, 6063.00, 1
6279, 25250, 2, 0, 31313, 31314, 6064, 6062, 3032.00, 1
6280, 25252, 3, 0, 31315, 31317, 6065, 6062, 2021.67, 1
6281, 25256, 3, 0, 31318, 31320, 6064, 6061, 2021.33, 1
6282, 25261, 1, 0, 31321, 31321, 6060, 6059, 6060.00, 1
6283, 25278, 1, 0, 31322, 31322, 6044, 6043, 6044.00, 1
6284, 25285, 5, 0, 31323, 31327, 6042, 6037, 1208.40, 1
6285, 25286, 8, 0, 31328, 31335, 6049, 6041, 756.12, 1
6286, 25293, 11, 0, 31336, 31346, 6053, 6042, 550.27, 1
6287, 25304, 10, 0, 31347, 31356, 6052, 6042, 605.20, 1
6288, 25308, 1, 0, 31357, 31357, 6049, 6048, 6049.00, 1
6289, 25314, 5, 0, 31358, 31362, 6048, 6043, 1209.60, 1
6290, 25327, 3, 0, 31363, 31365, 6038, 6035, 2012.67, 1
6291, 25333, 12, 0, 31366, 31377, 6044, 6032, 503.67, 1
6292, 25335, 1, 0, 31378, 31378, 6043, 6042, 6043.00, 1
6293, 25339, 13, 0, 31379, 31391, 6052, 6039, 465.54, 1
6294, 25342, 9, 0, 31392, 31400, 6058, 6049, 673.11, 1
6295, 25352, 1, 0, 31401, 31401, 6049, 6048, 6049.00, 1
6296, 25356, 2, 0, 31402, 31403, 6047, 6045, 3023.50, 1
6297, 25357, 3, 0, 31404, 31406, 6049, 6046, 2016.33, 1
6298, 25360, 2, 0, 31407, 31408, 6048, 6046, 3024.00, 1
6299, 25362, 15, 0, 31409, 31423, 6061, 6046, 404.07, 1
6300, 25364, 2, 0, 31424, 31425, 6061, 6059, 3030.50, 1
6301, 25367, 2, 0, 31426, 31427, 6060, 6058, 3030.00, 1
6302, 25370, 2, 0, 31428, 31429, 6059, 6057, 3029.50, 1
6303, 25372, 5, 0, 31430, 31434, 6062, 6057, 1212.40, 1
6304, 25375, 2, 0, 31435, 31436, 6061, 6059, 3030.50, 1
6305, 25377, 3, 0, 31437, 31439, 6062, 6059, 2020.67, 1
6306, 25387, 4, 0, 31440, 31443, 6056, 6052, 1514.00, 1
6307, 25390, 2, 0, 31444, 31445, 6055, 6053, 3027.50, 1
6308, 25392, 1, 0, 31446, 31446, 6054, 6053, 6054.00, 1
6309, 25396, 4, 0, 31447, 31450, 6054, 6050, 1513.50, 1
6310, 25402, 1, 0, 31451, 31451, 6049, 6048, 6049.00, 1
6311, 25404, 9, 0, 31452, 31460, 6056, 6047, 672.89, 1
6312, 25409, 13, 0, 31461, 31473, 6064, 6051, 466.46, 1
6313, 25411, 1, 0, 31474, 31474, 6063, 6062, 6063.00, 1
6314, 25413, 8, 0, 31475, 31482, 6069, 6061, 758.62, 1
6315, 25415, 1, 0, 31483, 31483, 6068, 6067, 6068.00, 1
6316, 25416, 4, 0, 31484, 31487, 6071, 6067, 1517.75, 1
6317, 25417, 2, 0, 31488, 31489, 6072, 6070, 3036.00, 1
6318, 25420, 6, 0, 31490, 31495, 6075, 6069, 1012.50, 1
6319, 25434, 11, 0, 31496, 31506, 6072, 6061, 552.00, 1
6320, 25438, 5, 0, 31507, 31511, 6073, 6068, 1214.60, 1
6321, 25447, 1, 0, 31512, 31512, 6065, 6064, 6065.00, 1
6322, 25455, 2, 0, 31513, 31514, 6059, 6057, 3029.50, 1
6323, 25462, 10, 0, 31515, 31524, 6062, 6052, 606.20, 1
6324, 25469, 4, 0, 31525, 31528, 6059, 6055, 1514.75, 1
6325, 25478, 2, 0, 31529, 31530, 6052, 6050, 3026.00, 1
6326, 25479, 5, 0, 31531, 31535, 6056, 6051, 1211.20, 1
6327, 25485, 3, 0, 31536, 31538, 6053, 6050, 2017.67, 1
6328, 25487, 3, 0, 31539, 31541, 6054, 6051, 2018.00, 1
6329, 25491, 1, 0, 31542, 31542, 6051, 6050, 6051.00, 1
6330, 25493, 4, 0, 31543, 31546, 6053, 6049, 1513.25, 1
6331, 25497, 5, 0, 31547, 31551, 6054, 6049, 1210.80, 1
6332, 25503, 1, 0, 31552, 31552, 6049, 6048, 6049.00, 1
6333, 25508, 5, 0, 31553, 31557, 6049, 6044, 1209.80, 1
6334, 25514, 2, 0, 31558, 31559, 6045, 6043, 3022.50, 1
6335, 25516, 4, 0, 31560, 31563, 6047, 6043, 1511.75, 1
6336, 25524, 2, 0, 31564, 31565, 6041, 6039, 3020.50, 1
6337, 25528, 3, 0, 31566, 31568, 6040, 6037, 2013.33, 1
6338, 25532, 17, 0, 31569, 31585, 6053, 6036, 356.06, 1
6339, 25542, 1, 0, 31586, 31586, 6044, 6043, 6044.00, 1
6340, 25543, 8, 0, 31587, 31594, 6051, 6043, 756.38, 1
6341, 25544, 3, 0, 31595, 31597, 6053, 6050, 2017.67, 1
6342, 25548, 2, 0, 31598, 31599, 6051, 6049, 3025.50, 1
6343, 25551, 5, 0, 31600, 31604, 6053, 6048, 1210.60, 1
6344, 25556, 6, 0, 31605, 31610, 6054, 6048, 1009.00, 1
6345, 25557, 3, 0, 31611, 31613, 6056, 6053, 2018.67, 1
6346, 25561, 3, 0, 31614, 31616, 6055, 6052, 2018.33, 1
6347, 25571, 2, 0, 31617, 31618, 6047, 6045, 3023.50, 1
6348, 25575, 3, 0, 31619, 31621, 6046, 6043, 2015.33, 1
6349, 25579, 1, 0, 31622, 31622, 6043, 6042, 6043.00, 1
6350, 25580, 4, 0, 31623, 31626, 6046, 6042, 1511.50, 1
6351, 25588, 6, 0, 31627, 31632, 6044, 6038, 1007.33, 1
6352, 25589, 1, 0, 31633, 31633, 6044, 6043, 6044.00, 1
6353, 25603, 11, 0, 31634, 31644, 6041, 6030, 549.18, 1
6354, 25610, 3, 0, 31645, 31647, 6037, 6034, 2012.33, 1
6355, 25614, 1, 0, 31648, 31648, 6034, 6033, 6034.00, 1
6356, 25619, 8, 0, 31649, 31656, 6037, 6029, 754.62, 1
6357, 25628, 6, 0, 31657, 31662, 6034, 6028, 1005.67, 1
6358, 25630, 1, 0, 31663, 31663, 6033, 6032, 6033.00, 1
6359, 25638, 1, 0, 31664, 31664, 6026, 6025, 6026.00, 1
6360, 25639, 2, 0, 31665, 31666, 6027, 6025, 3013.50, 1
6361, 25650, 2, 0, 31667, 31668, 6018, 6016, 3009.00, 1
6362, 25653, 2, 0, 31669, 31670, 6017, 6015, 3008.50, 1
6363, 25655, 6, 0, 31671, 31676, 6021, 6015, 1003.50, 1
6364, 25657, 2, 0, 31677, 31678, 6021, 6019, 3010.50, 1
6365, 25663, 5, 0, 31679, 31683, 6020, 6015, 1204.00, 1
6366, 25665, 5, 0, 31684, 31688, 6023, 6018, 1204.60, 1
6367, 25669, 7, 0, 31689, 31695, 6026, 6019, 860.86, 1
6368, 25674, 3, 0, 31696, 31698, 6024, 6021, 2008.00, 1
6369, 25681, 2, 0, 31699, 31700, 6019, 6017, 3009.50, 1
6370, 25682, 7, 0, 31701, 31707, 6025, 6018, 860.71, 1
6371, 25686, 4, 0, 31708, 31711, 6025, 6021, 1506.25, 1
6372, 25689, 2, 0, 31712, 31713, 6024, 6022, 3012.00, 1
6373, 25691, 1, 0, 31714, 31714, 6023, 6022, 6023.00, 1
6374, 25695, 1, 0, 31715, 31715, 6020, 6019, 6020.00, 1
6375, 25704, 6, 0, 31716, 31721, 6017, 6011, 1002.83, 1
6376, 25707, 4, 0, 31722, 31725, 6018, 6014, 1504.50, 1
6377, 25714, 12, 0, 31726, 31737, 6023, 6011, 501.92, 1
6378, 25718, 18, 0, 31738, 31755, 6037, 6019, 335.39, 1
6379, 25721, 10, 0, 31756, 31765, 6044, 6034, 604.40, 1
6380, 25722, 14, 0, 31766, 31779, 6057, 6043, 432.64, 1
6381, 25724, 1, 0, 31780, 31780, 6056, 6055, 6056.00, 1
6382, 25725, 1, 0, 31781, 31781, 6056, 6055, 6056.00, 1
6383, 25729, 4, 0, 31782, 31785, 6056, 6052, 1514.00, 1
6384, 25731, 3, 0, 31786, 31788, 6057, 6054, 2019.00, 1
6385, 25732, 1, 0, 31789, 31789, 6057, 6056, 6057.00, 1
6386, 25733, 13, 0, 31790, 31802, 6069, 6056, 466.85, 1
6387, 25735, 8, 0, 31803, 31810, 6075, 6067, 759.38, 1
6388, 25739, 3, 0, 31811, 31813, 6074, 6071, 2024.67, 1
6389, 25743, 10, 0, 31814, 31823, 6080, 6070, 608.00, 1
6390, 25744, 5, 0, 31824, 31828, 6084, 6079, 1216.80, 1
6391, 25746, 2, 0, 31829, 31830, 6084, 6082, 3042.00, 1
6392, 25753, 10, 0, 31831, 31840, 6087, 6077, 608.70, 1
6393, 25757, 10, 0, 31841, 31850, 6093, 6083, 609.30, 1
6394, 25759, 3, 0, 31851, 31853, 6094, 6091, 2031.33, 1
6395, 25767, 6, 0, 31854, 31859, 6092, 6086, 1015.33, 1
6396, 25768, 5, 0, 31860, 31864, 6096, 6091, 1219.20, 1
6397, 25771, 1, 0, 31865, 31865, 6094, 6093, 6094.00, 1
6398, 25772, 5, 0, 31866, 31870, 6098, 6093, 1219.60, 1
6399, 25776, 3, 0, 31871, 31873, 6097, 6094, 2032.33, 1
6400, 25781, 1, 0, 31874, 31874, 6093, 6092, 6093.00, 1
6401, 25784, 10, 0, 31875, 31884, 6100, 6090, 610.00, 1
6402, 25795, 2, 0, 31885, 31886, 6091, 6089, 3045.50, 1
6403, 25796, 9, 0, 31887, 31895, 6099, 6090, 677.67, 1
6404, 25805, 1, 0, 31896, 31896, 6091, 6090, 6091.00, 1
6405, 25806, 1, 0, 31897, 31897, 6091, 6090, 6091.00, 1
6406, 25807, 6, 0, 31898, 31903, 6096, 6090, 1016.00, 1
6407, 25811, 7, 0, 31904, 31910, 6099, 6092, 871.29, 1
6408, 25812, 3, 0, 31911, 31913, 6101, 6098, 2033.67, 1
6409, 25813, 1, 0, 31914, 31914, 6101, 6100, 6101.00, 1
6410, 25826, 4, 0, 31915, 31918, 6092, 6088, 1523.00, 1
6411, 25839, 9, 0, 31919, 31927, 6088, 6079, 676.44, 1
6412, 25843, 1, 0, 31928, 31928, 6085, 6084, 6085.00, 1
6413, 25856, 2, 0, 31929, 31930, 6074, 6072, 3037.00, 1
6414, 25857, 8, 0, 31931, 31938, 6081, 6073, 760.12, 1
6415, 25858, 14, 0, 31939, 31952, 6094, 6080, 435.29, 1
6416, 25861, 5, 0, 31953, 31957, 6096, 6091, 1219.20, 1
6417, 25866, 7, 0, 31958, 31964, 6098, 6091, 871.14, 1
6418, 25870, 2, 0, 31965, 31966, 6096, 6094, 3048.00, 1
6419, 25873, 7, 0, 31967, 31973, 6100, 6093, 871.43, 1
6420, 25879, 6, 0, 31974, 31979, 6100, 6094, 1016.67, 1
6421, 25883, 12, 0, 31980, 31991, 6108, 6096, 509.00, 1
6422, 25901, 1, 0, 31992, 31992, 6091, 6090, 6091.00, 1
6423, 25902, 8, 0, 31993, 32000, 6098, 6090, 762.25, 1
6424, 25903, 4, 0, 32001, 32004, 6101, 6097, 1525.25, 1
6425, 25905, 7, 0, 32005, 32011, 6106, 6099, 872.29, 1
6426, 25906, 4, 0, 32012, 32015, 6109, 6105, 1527.25, 1
6427, 25908, 3, 0, 32016, 32018, 6110, 6107, 2036.67, 1
6428, 25913, 3, 0, 32019, 32021, 6108, 6105, 2036.00, 1
6429, 25914, 1, 0, 32022, 32022, 6108, 6107, 6108.00, 1
6430, 25918, 9, 0, 32023, 32031, 6113, 6104, 679.22, 1
6431, 25919, 12, 0, 32032, 32043, 6124, 6112, 510.33, 1
6432, 25922, 8, 0, 32044, 32051, 6129, 6121, 766.12, 1
6433, 25926, 5, 0, 32052, 32056, 6130, 6125, 1226.00, 1
6434, 25930, 4, 0, 32057, 32060, 6130, 6126, 1532.50, 1
6435, 25932, 1, 0, 32061, 32061, 6129, 6128, 6129.00, 1
6436, 25933, 5, 0, 32062, 32066, 6133, 6128, 1226.60, 1
6437, 25937, 1, 0, 32067, 32067, 6130, 6129, 6130.00, 1
6438, 25938, 5, 0, 32068, 32072, 6134, 6129, 1226.80, 1
6439, 25940, 1, 0, 32073, 32073, 6133, 6132, 6133.00, 1
6440, 25946, 8, 0, 32074, 32081, 6135, 6127, 766.88, 1
6441, 25949, 3, 0, 32082, 32084, 6135, 6132, 2045.00, 1
6442, 25951, 2, 0, 32085, 32086, 6135, 6133, 3067.50, 1
6443, 25957, 4, 0, 32087, 32090, 6133, 6129, 1533.25, 1
6444, 25958, 5, 0, 32091, 32095, 6137, 6132, 1227.40, 1
6445, 25974, 3, 0, 32096, 32098, 6124, 6121, 2041.33, 1
6446, 25977, 2, 0, 32099, 32100, 6123, 6121, 3061.50, 1
6447, 25979, 1, 0, 32101, 32101, 6122, 6121, 6122.00, 1
6448, 25984, 1, 0, 32102, 32102, 6118, 6117, 6118.00, 1
6449, 25992, 9, 0, 32103, 32111, 6119, 6110, 679.89, 1
6450, 25995, 2, 0, 32112, 32113, 6118, 6116, 3059.00, 1
6451, 25998, 3, 0, 32114, 32116, 6118, 6115, 2039.33, 1
6452, 26000, 4, 0, 32117, 32120, 6120, 6116, 1530.00, 1
6453, 26010, 2, 0, 32121, 32122, 6112, 6110, 3056.00, 1
6454, 26013, 3, 0, 32123, 32125, 6112, 6109, 2037.33, 1
6455, 26016, 2, 0, 32126, 32127, 6111, 6109, 3055.50, 1
6456, 26018, 7, 0, 32128, 32134, 6116, 6109, 873.71, 1
6457, 26024, 6, 0, 32135, 32140, 6116, 6110, 1019.33, 1
6458, 26025, 13, 0, 32141, 32153, 6128, 6115, 471.38, 1
6459, 26028, 11, 0, 32154, 32164, 6136, 6125, 557.82, 1
6460, 26034, 2, 0, 32165, 32166, 6132, 6130, 3066.00, 1
6461, 26040, 2, 0, 32167, 32168, 6128, 6126, 3064.00, 1
6462, 26042, 3, 0, 32169, 32171, 6129, 6126, 2043.00, 1
6463, 26045, 2, 0, 32172, 32173, 6128, 6126, 3064.00, 1
6464, 26048, 9, 0, 32174, 32182, 6134, 6125, 681.56, 1
6465, 26052, 4, 0, 32183, 32186, 6134, 6130, 1533.50, 1
6466, 26056, 2, 0, 32187, 32188, 6132, 6130, 3066.00, 1
6467, 26060, 6, 0, 32189, 32194, 6134, 6128, 1022.33, 1
6468, 26076, 8, 0, 32195, 32202, 6126, 6118, 765.75, 1
6469, 26078, 2, 0, 32203, 32204, 6126, 6124, 3063.00, 1
6470, 26079, 4, 0, 32205, 32208, 6129, 6125, 1532.25, 1
6471, 26081, 1, 0, 32209, 32209, 6128, 6127, 6128.00, 1
6472, 26084, 10, 0, 32210, 32219, 6135, 6125, 613.50, 1
6473, 26090, 6, 0, 32220, 32225, 6135, 6129, 1022.50, 1
6474, 26095, 5, 0, 32226, 32230, 6135, 6130, 1227.00, 1
6475, 26099, 10, 0, 32231, 32240, 6141, 6131, 614.10, 1
6476, 26101, 4, 0, 32241, 32244, 6143, 6139, 1535.75, 1
6477, 26102, 7, 0, 32245, 32251, 6149, 6142, 878.43, 1
6478, 26103, 2, 0, 32252, 32253, 6150, 6148, 3075.00, 1
6479, 26107, 8, 0, 32254, 32261, 6154, 6146, 769.25, 1
6480, 26112, 1, 0, 32262, 32262, 6150, 6149, 6150.00, 1
6481, 26118, 2, 0, 32263, 32264, 6146, 6144, 3073.00, 1
6482, 26121, 1, 0, 32265, 32265, 6144, 6143, 6144.00, 1
6483, 26123, 3, 0, 32266, 32268, 6145, 6142, 2048.33, 1
6484, 26124, 6, 0, 32269, 32274, 6150, 6144, 1025.00, 1
6485, 26127, 7, 0, 32275, 32281, 6154, 6147, 879.14, 1
6486, 26130, 2, 0, 32282, 32283, 6153, 6151, 3076.50, 1
6487, 26131, 2, 0, 32284, 32285, 6154, 6152, 3077.00, 1
6488, 26134, 8, 0, 32286, 32293, 6159, 6151, 769.88, 1
6489, 26136, 19, 0, 32294, 32312, 6176, 6157, 325.05, 1
6490, 26138, 2, 0, 32313, 32314, 6176, 6174, 3088.00, 1
6491, 26146, 1, 0, 32315, 32315, 6169, 6168, 6169.00, 1
6492, 26151, 8, 0, 32316, 32323, 6172, 6164, 771.50, 1
6493, 26156, 6, 0, 32324, 32329, 6173, 6167, 1028.83, 1
6494, 26157, 1, 0, 32330, 32330, 6173, 6172, 6173.00, 1
6495, 26165, 3, 0, 32331, 32333, 6168, 6165, 2056.00, 1
6496, 26169, 7, 0, 32334, 32340, 6171, 6164, 881.57, 1
6497, 26170, 5, 0, 32341, 32345, 6175, 6170, 1235.00, 1
6498, 26180, 2, 0, 32346, 32347, 6167, 6165, 3083.50, 1
6499, 26182, 4, 0, 32348, 32351, 6169, 6165, 1542.25, 1
6500, 26184, 3, 0, 32352, 32354, 6170, 6167, 2056.67, 1
6501, 26198, 16, 0, 32355, 32370, 6172, 6156, 385.75, 1
6502, 26199, 1, 0, 32371, 32371, 6172, 6171, 6172.00, 1
6503, 26200, 1, 0, 32372, 32372, 6172, 6171, 6172.00, 1
6504, 26201, 8, 0, 32373, 32380, 6179, 6171, 772.38, 1
6505, 26202, 1, 0, 32381, 32381, 6179, 6178, 6179.00, 1
6506, 26221, 2, 0, 32382, 32383, 6162, 6160, 3081.00, 1
6507, 26232, 5, 0, 32384, 32388, 6156, 6151, 1231.20, 1
6508, 26236, 5, 0, 32389, 32393, 6157, 6152, 1231.40, 1
6509, 26242, 1, 0, 32394, 32394, 6152, 6151, 6152.00, 1
6510, 26244, 6, 0, 32395, 32400, 6156, 6150, 1026.00, 1
6511, 26246, 4, 0, 32401, 32404, 6158, 6154, 1539.50, 1
6512, 26247, 1, 0, 32405, 32405, 6158, 6157, 6158.00, 1
6513, 26248, 4, 0, 32406, 32409, 6161, 6157, 1540.25, 1
6514, 26259, 1, 0, 32410, 32410, 6151, 6150, 6151.00, 1
6515, 26266, 15, 0, 32411, 32425, 6159, 6144, 410.60, 1
6516, 26278, 6, 0, 32426, 32431, 6153, 6147, 1025.50, 1
6517, 26279, 8, 0, 32432, 32439, 6160, 6152, 770.00, 1
6518, 26281, 3, 0, 32440, 32442, 6161, 6158, 2053.67, 1
6519, 26282, 8, 0, 32443, 32450, 6168, 6160, 771.00, 1
6520, 26284, 1, 0, 32451, 32451, 6167, 6166, 6167.00, 1
6521, 26286, 6, 0, 32452, 32457, 6171, 6165, 1028.50, 1
6522, 26291, 1, 0, 32458, 32458, 6167, 6166, 6167.00, 1
6523, 26293, 4, 0, 32459, 32462, 6169, 6165, 1542.25, 1
6524, 26294, 3, 0, 32463, 32465, 6171, 6168, 2057.00, 1
6525, 26297, 3, 0, 32466, 32468, 6171, 6168, 2057.00, 1
6526, 26305, 3, 0, 32469, 32471, 6166, 6163, 2055.33, 1
6527, 26306, 2, 0, 32472, 32473, 6167, 6165, 3083.50, 1
6528, 26321, 1, 0, 32474, 32474, 6153, 6152, 6153.00, 1
6529, 26322, 5, 0, 32475, 32479, 6157, 6152, 1231.40, 1
6530, 26324, 5, 0, 32480, 32484, 6160, 6155, 1232.00, 1
6531, 26325, 6, 0, 32485, 32490, 6165, 6159, 1027.50, 1
6532, 26336, 1, 0, 32491, 32491, 6155, 6154, 6155.00, 1
6533, 26338, 1, 0, 32492, 32492, 6154, 6153, 6154.00, 1
6534, 26339, 1, 0, 32493, 32493, 6154, 6153, 6154.00, 1
6535, 26341, 1, 0, 32494, 32494, 6153, 6152, 6153.00, 1
6536, 26344, 4, 0, 32495, 32498, 6154, 6150, 1538.50, 1
6537, 26352, 13, 0, 32499, 32511, 6159, 6146, 473.77, 1
6538, 26355, 1, 0, 32512, 32512, 6157, 6156, 6157.00, 1
6539, 26359, 3, 0, 32513, 32515, 6156, 6153, 2052.00, 1
6540, 26361, 9, 0, 32516, 32524, 6163, 6154, 684.78, 1
6541, 26363, 6, 0, 32525, 32530, 6167, 6161, 1027.83, 1
6542, 26366, 1, 0, 32531, 32531, 6165, 6164, 6165.00, 1
6543, 26377, 6, 0, 32532, 32537, 6160, 6154, 1026.67, 1
6544, 26383, 4, 0, 32538, 32541, 6158, 6154, 1539.50, 1
6545, 26385, 2, 0, 32542, 32543, 6158, 6156, 3079.00, 1
6546, 26387, 14, 0, 32544, 32557, 6170, 6156, 440.71, 1
6547, 26390, 1, 0, 32558, 32558, 6168, 6167, 6168.00, 1
6548, 26391, 1, 0, 32559, 32559, 6168, 6167, 6168.00, 1
6549, 26393, 3, 0, 32560, 32562, 6169, 6166, 2056.33, 1
6550, 26402, 5, 0, 32563, 32567, 6165, 6160, 1233.00, 1
6551, 26408, 10, 0, 32568, 32577, 6169, 6159, 616.90, 1
6552, 26414, 1, 0, 32578, 32578, 6164, 6163, 6164.00, 1
6553, 26416, 1, 0, 32579, 32579, 6163, 6162, 6163.00, 1
6554, 26418, 1, 0, 32580, 32580, 6162, 6161, 6162.00, 1
6555, 26424, 1, 0, 32581, 32581, 6157, 6156, 6157.00, 1
6556, 26427, 5, 0, 32582, 32586, 6159, 6154, 1231.80, 1
6557, 26438, 7, 0, 32587, 32593, 6155, 6148, 879.29, 1
6558, 26439, 1, 0, 32594, 32594, 6155, 6154, 6155.00, 1
6559, 26449, 3, 0, 32595, 32597, 6148, 6145, 2049.33, 1
6560, 26452, 6, 0, 32598, 32603, 6151, 6145, 1025.17, 1
6561, 26455, 1, 0, 32604, 32604, 6149, 6148, 6149.00, 1
6562, 26465, 2, 0, 32605, 32606, 6141, 6139, 3070.50, 1
6563, 26467, 1, 0, 32607, 32607, 6140, 6139, 6140.00, 1
6564, 26474, 5, 0, 32608, 32612, 6138, 6133, 1227.60, 1
6565, 26475, 9, 0, 32613, 32621, 6146, 6137, 682.89, 1
6566, 26479, 22, 0, 32622, 32643, 6164, 6142, 280.18, 1
6567, 26481, 6, 0, 32644, 32649, 6168, 6162, 1028.00, 1
6568, 26490, 1, 0, 32650, 32650, 6160, 6159, 6160.00, 1
6569, 26491, 3, 0, 32651, 32653, 6162, 6159, 2054.00, 1
6570, 26493, 4, 0, 32654, 32657, 6164, 6160, 1541.00, 1
6571, 26495, 3, 0, 32658, 32660, 6165, 6162, 2055.00, 1
6572, 26497, 2, 0, 32661, 32662, 6165, 6163, 3082.50, 1
6573, 26499, 4, 0, 32663, 32666, 6167, 6163, 1541.75, 1
6574, 26500, 11, 0, 32667, 32677, 6177, 6166, 561.55, 1
6575, 26502, 3, 0, 32678, 32680, 6178, 6175, 2059.33, 1
6576, 26504, 7, 0, 32681, 32687, 6183, 6176, 883.29, 1
6577, 26505, 2, 0, 32688, 32689, 6184, 6182, 3092.00, 1
6578, 26509, 16, 0, 32690, 32705, 6196, 6180, 387.25, 1
6579, 26521, 1, 0, 32706, 32706, 6185, 6184, 6185.00, 1
6580, 26525, 2, 0, 32707, 32708, 6183, 6181, 3091.50, 1
6581, 26530, 3, 0, 32709, 32711, 6181, 6178, 2060.33, 1
6582, 26535, 6, 0, 32712, 32717, 6182, 6176, 1030.33, 1
6583, 26536, 4, 0, 32718, 32721, 6185, 6181, 1546.25, 1
6584, 26544, 4, 0, 32722, 32725, 6181, 6177, 1545.25, 1
6585, 26545, 1, 0, 32726, 32726, 6181, 6180, 6181.00, 1
6586, 26546, 2, 0, 32727, 32728, 6182, 6180, 3091.00, 1
6587, 26550, 2, 0, 32729, 32730, 6180, 6178, 3090.00, 1
6588, 26554, 2, 0, 32731, 32732, 6178, 6176, 3089.00, 1
6589, 26557, 2, 0, 32733, 32734, 6177, 6175, 3088.50, 1
6590, 26560, 2, 0, 32735, 32736, 6176, 6174, 3088.00, 1
6591, 26561, 8, 0, 32737, 32744, 6183, 6175, 772.88, 1
6592, 26563, 4, 0, 32745, 32748, 6185, 6181, 1546.25, 1
6593, 26564, 6, 0, 32749, 32754, 6190, 6184, 1031.67, 1
6594, 26568, 16, 0, 32755, 32770, 6202, 6186, 387.62, 1
6595, 26569, 2, 0, 32771, 32772, 6203, 6201, 3101.50, 1
6596, 26573, 4, 0, 32773, 32776, 6203, 6199, 1550.75, 1
6597, 26579, 6, 0, 32777, 32782, 6203, 6197, 1033.83, 1
6598, 26581, 9, 0, 32783, 32791, 6210, 6201, 690.00, 1
6599, 26585, 3, 0, 32792, 32794, 6209, 6206, 2069.67, 1
6600, 26587, 1, 0, 32795, 32795, 6208, 6207, 6208.00, 1
6601, 26589, 2, 0, 32796, 32797, 6208, 6206, 3104.00, 1
6602, 26598, 5, 0, 32798, 32802, 6204, 6199, 1240.80, 1
6603, 26600, 1, 0, 32803, 32803, 6203, 6202, 6203.00, 1
6604, 26603, 5, 0, 32804, 32808, 6205, 6200, 1241.00, 1
6605, 26606, 1, 0, 32809, 32809, 6203, 6202, 6203.00, 1
6606, 26607, 13, 0, 32810, 32822, 6215, 6202, 478.08, 1
6607, 26608, 3, 0, 32823, 32825, 6217, 6214, 2072.33, 1
6608, 26612, 1, 0, 32826, 32826, 6214, 6213, 6214.00, 1
6609, 26616, 3, 0, 32827, 32829, 6213, 6210, 2071.00, 1
6610, 26619, 6, 0, 32830, 32835, 6216, 6210, 1036.00, 1
6611, 26620, 3, 0, 32836, 32838, 6218, 6215, 2072.67, 1
6612, 26624, 7, 0, 32839, 32845, 6221, 6214, 888.71, 1
6613, 26627, 4, 0, 32846, 32849, 6222, 6218, 1555.50, 1
6614, 26630, 2, 0, 32850, 32851, 6221, 6219, 3110.50, 1
6615, 26632, 7, 0, 32852, 32858, 6226, 6219, 889.43, 1
6616, 26633, 10, 0, 32859, 32868, 6235, 6225, 623.50, 1
6617, 26636, 1, 0, 32869, 32869, 6233, 6232, 6233.00, 1
6618, 26638, 4, 0, 32870, 32873, 6235, 6231, 1558.75, 1
6619, 26639, 1, 0, 32874, 32874, 6235, 6234, 6235.00, 1
6620, 26645, 7, 0, 32875, 32881, 6236, 6229, 890.86, 1
6621, 26651, 1, 0, 32882, 32882, 6231, 6230, 6231.00, 1
6622, 26652, 1, 0, 32883, 32883, 6231, 6230, 6231.00, 1
6623, 26654, 5, 0, 32884, 32888, 6234, 6229, 1246.80, 1
6624, 26658, 11, 0, 32889, 32899, 6241, 6230, 567.36, 1
6625, 26662, 2, 0, 32900, 32901, 6239, 6237, 3119.50, 1
6626, 26668, 5, 0, 32902, 32906, 6238, 6233, 1247.60, 1
6627, 26672, 1, 0, 32907, 32907, 6235, 6234, 6235.00, 1
6628, 26674, 10, 0, 32908, 32917, 6243, 6233, 624.30, 1
6629, 26676, 1, 0, 32918, 32918, 6242, 6241, 6242.00, 1
6630, 26685, 1, 0, 32919, 32919, 6234, 6233, 6234.00, 1
6631, 26687, 6, 0, 32920, 32925, 6238, 6232, 1039.67, 1
6632, 26688, 3, 0, 32926, 32928, 6240, 6237, 2080.00, 1
6633, 26691, 2, 0, 32929, 32930, 6239, 6237, 3119.50, 1
6634, 26696, 1, 0, 32931, 32931, 6235, 6234, 6235.00, 1
6635, 26698, 4, 0, 32932, 32935, 6237, 6233, 1559.25, 1
6636, 26704, 7, 0, 32936, 32942, 6238, 6231, 891.14, 1
6637, 26708, 5, 0, 32943, 32947, 6239, 6234, 1247.80, 1
6638, 26713, 1, 0, 32948, 32948, 6235, 6234, 6235.00, 1
6639, 26715, 10, 0, 32949, 32958, 6243, 6233, 624.30, 1
6640, 26717, 14, 0, 32959, 32972, 6255, 6241, 446.79, 1
6641, 26722, 6, 0, 32973, 32978, 6256, 6250, 1042.67, 1
6642, 26726, 16, 0, 32979, 32994, 6268, 6252, 391.75, 1
6643, 26737, 7, 0, 32995, 33001, 6264, 6257, 894.86, 1
6644, 26742, 7, 0, 33002, 33008, 6266, 6259, 895.14, 1
6645, 26746, 1, 0, 33009, 33009, 6263, 6262, 6263.00, 1
6646, 26748, 11, 0, 33010, 33020, 6272, 6261, 570.18, 1
6647, 26753, 7, 0, 33021, 33027, 6274, 6267, 896.29, 1
6648, 26758, 25, 0, 33028, 33052, 6294, 6269, 251.76, 1
6649, 26761, 6, 0, 33053, 33058, 6297, 6291, 1049.50, 1
6650, 26773, 5, 0, 33059, 33063, 6290, 6285, 1258.00, 1
6651, 26775, 1, 0, 33064, 33064, 6289, 6288, 6289.00, 1
6652, 26780, 4, 0, 33065, 33068, 6288, 6284, 1572.00, 1
6653, 26781, 1, 0, 33069, 33069, 6288, 6287, 6288.00, 1
6654, 26783, 2, 0, 33070, 33071, 6288, 6286, 3144.00, 1
6655, 26785, 1, 0, 33072, 33072, 6287, 6286, 6287.00, 1
6656, 26790, 7, 0, 33073, 33079, 6289, 6282, 898.43, 1
6657, 26794, 12, 0, 33080, 33091, 6297, 6285, 524.75, 1
6658, 26797, 4, 0, 33092, 33095, 6298, 6294, 1574.50, 1
6659, 26801, 2, 0, 33096, 33097, 6296, 6294, 3148.00, 1
6660, 26806, 3, 0, 33098, 33100, 6294, 6291, 2098.00, 1
6661, 26809, 2, 0, 33101, 33102, 6293, 6291, 3146.50, 1
6662, 26811, 2, 0, 33103, 33104, 6293, 6291, 3146.50, 1
6663, 26817, 8, 0, 33105, 33112, 6295, 6287, 786.88, 1
6664, 26819, 4, 0, 33113, 33116, 6297, 6293, 1574.25, 1
6665, 26824, 1, 0, 33117, 33117, 6293, 6292, 6293.00, 1
6666, 26825, 2, 0, 33118, 33119, 6294, 6292, 3147.00, 1
6667, 26830, 5, 0, 33120, 33124, 6294, 6289, 1258.80, 1
6668, 26833, 4, 0, 33125, 33128, 6295, 6291, 1573.75, 1
6669, 26835, 2, 0, 33129, 33130, 6295, 6293, 3147.50, 1
6670, 26844, 5, 0, 33131, 33135, 6291, 6286, 1258.20, 1
6671, 26846, 9, 0, 33136, 33144, 6298, 6289, 699.78, 1
6672, 26848, 1, 0, 33145, 33145, 6297, 6296, 6297.00, 1
6673, 26857, 7, 0, 33146, 33152, 6295, 6288, 899.29, 1
6674, 26867, 21, 0, 33153, 33173, 6306, 6285, 300.29, 1
6675, 26876, 3, 0, 33174, 33176, 6300, 6297, 2100.00, 1
6676, 26879, 4, 0, 33177, 33180, 6301, 6297, 1575.25, 1
6677, 26898, 12, 0, 33181, 33192, 6294, 6282, 524.50, 1
6678, 26905, 2, 0, 33193, 33194, 6289, 6287, 3144.50, 1
6679, 26915, 3, 0, 33195, 33197, 6282, 6279, 2094.00, 1
6680, 26920, 9, 0, 33198, 33206, 6286, 6277, 698.44, 1
6681, 26921, 20, 0, 33207, 33226, 6305, 6285, 315.25, 1
6682, 26924, 6, 0, 33227, 33232, 6308, 6302, 1051.33, 1
6683, 26935, 1, 0, 33233, 33233, 6298, 6297, 6298.00, 1
6684, 26940, 6, 0, 33234, 33239, 6299, 6293, 1049.83, 1
6685, 26941, 6, 0, 33240, 33245, 6304, 6298, 1050.67, 1
6686, 26947, 1, 0, 33246, 33246, 6299, 6298, 6299.00, 1
6687, 26950, 5, 0, 33247, 33251, 6301, 6296, 1260.20, 1
6688, 26951, 7, 0, 33252, 33258, 6307, 6300, 901.00, 1
6689, 26957, 2, 0, 33259, 33260, 6303, 6301, 3151.50, 1
6690, 26959, 1, 0, 33261, 33261, 6302, 6301, 6302.00, 1
6691, 26960, 3, 0, 33262, 33264, 6304, 6301, 2101.33, 1
6692, 26961, 10, 0, 33265, 33274, 6313, 6303, 631.30, 1
6693, 26965, 2, 0, 33275, 33276, 6311, 6309, 3155.50, 1
6694, 26967, 2, 0, 33277, 33278, 6311, 6309, 3155.50, 1
6695, 26974, 4, 0, 33279, 33282, 6308, 6304, 1577.00, 1
6696, 26976, 1, 0, 33283, 33283, 6307, 6306, 6307.00, 1
6697, 26979, 7, 0, 33284, 33290, 6311, 6304, 901.57, 1
6698, 26982, 11, 0, 33291, 33301, 6319, 6308, 574.45, 1
6699, 26983, 1, 0, 33302, 33302, 6319, 6318, 6319.00, 1
6700, 26986, 5, 0, 33303, 33307, 6321, 6316, 1264.20, 1
6701, 26989, 2, 0, 33308, 33309, 6320, 6318, 3160.00, 1
6702, 26990, 1, 0, 33310, 33310, 6320, 6319, 6320.00, 1
6703, 26995, 2, 0, 33311, 33312, 6317, 6315, 3158.50, 1
6704, 27001, 7, 0, 33313, 33319, 6318, 6311, 902.57, 1
6705, 27004, 14, 0, 33320, 33333, 6329, 6315, 452.07, 1
6706, 27005, 2, 0, 33334, 33335, 6330, 6328, 3165.00, 1
6707, 27009, 1, 0, 33336, 33336, 6327, 6326, 6327.00, 1
6708, 27013, 2, 0, 33337, 33338, 6325, 6323, 3162.50, 1
6709, 27015, 1, 0, 33339, 33339, 6324, 6323, 6324.00, 1
6710, 27023, 5, 0, 33340, 33344, 6321, 6316, 1264.20, 1
6711, 27026, 2, 0, 33345, 33346, 6320, 6318, 3160.00, 1
6712, 27029, 1, 0, 33347, 33347, 6318, 6317, 6318.00, 1
6713, 27032, 6, 0, 33348, 33353, 6321, 6315, 1053.50, 1
6714, 27036, 1, 0, 33354, 33354, 6318, 6317, 6318.00, 1
6715, 27039, 3, 0, 33355, 33357, 6318, 6315, 2106.00, 1
6716, 27041, 3, 0, 33358, 33360, 6319, 6316, 2106.33, 1
6717, 27044, 1, 0, 33361, 33361, 6317, 6316, 6317.00, 1
6718, 27046, 1, 0, 33362, 33362, 6316, 6315, 6316.00, 1
6719, 27050, 3, 0, 33363, 33365, 6315, 6312, 2105.00, 1
6720, 27054, 2, 0, 33366, 33367, 6313, 6311, 3156.50, 1
6721, 27055, 6, 0, 33368, 33373, 6318, 6312, 1053.00, 1
6722, 27063, 1, 0, 33374, 33374, 6311, 6310, 6311.00, 1
6723, 27071, 3, 0, 33375, 33377, 6306, 6303, 2102.00, 1
6724, 27073, 2, 0, 33378, 33379, 6306, 6304, 3153.00, 1
6725, 27075, 2, 0, 33380, 33381, 6306, 6304, 3153.00, 1
6726, 27077, 1, 0, 33382, 33382, 6305, 6304, 6305.00, 1
6727, 27079, 5, 0, 33383, 33387, 6308, 6303, 1261.60, 1
6728, 27082, 3, 0, 33388, 33390, 6308, 6305, 2102.67, 1
6729, 27084, 4, 0, 33391, 33394, 6310, 6306, 1577.50, 1
6730, 27089, 8, 0, 33395, 33402, 6313, 6305, 789.12, 1
6731, 27096, 3, 0, 33403, 33405, 6309, 6306, 2103.00, 1
6732, 27100, 2, 0, 33406, 33407, 6307, 6305, 3153.50, 1
6733, 27101, 1, 0, 33408, 33408, 6307, 6306, 6307.00, 1
6734, 27103, 1, 0, 33409, 33409, 6306, 6305, 6306.00, 1
6735, 27104, 4, 0, 33410, 33413, 6309, 6305, 1577.25, 1
6736, 27107, 7, 0, 33414, 33420, 6313, 6306, 901.86, 1
6737, 27112, 1, 0, 33421, 33421, 6309, 6308, 6309.00, 1
6738, 27115, 6, 0, 33422, 33427, 6312, 6306, 1052.00, 1
6739, 27120, 1, 0, 33428, 33428, 6308, 6307, 6308.00, 1
6740, 27121, 1, 0, 33429, 33429, 6308, 6307, 6308.00, 1
6741, 27127, 6, 0, 33430, 33435, 6308, 6302, 1051.33, 1
6742, 27135, 1, 0, 33436, 33436, 6301, 6300, 6301.00, 1
6743, 27137, 3, 0, 33437, 33439, 6302, 6299, 2100.67, 1
6744, 27141, 7, 0, 33440, 33446, 6305, 6298, 900.71, 1
6745, 27146, 5, 0, 33447, 33451, 6305, 6300, 1261.00, 1
6746, 27147, 9, 0, 33452, 33460, 6313, 6304, 701.44, 1
6747, 27159, 12, 0, 33461, 33472, 6313, 6301, 526.08, 1
6748, 27169, 9, 0, 33473, 33481, 6312, 6303, 701.33, 1
6749, 27173, 1, 0, 33482, 33482, 6309, 6308, 6309.00, 1
6750, 27176, 8, 0, 33483, 33490, 6314, 6306, 789.25, 1
6751, 27181, 8, 0, 33491, 33498, 6317, 6309, 789.62, 1
6752, 27182, 5, 0, 33499, 33503, 6321, 6316, 1264.20, 1
6753, 27187, 3, 0, 33504, 33506, 6319, 6316, 2106.33, 1
6754, 27192, 4, 0, 33507, 33510, 6318, 6314, 1579.50, 1
6755, 27195, 2, 0, 33511, 33512, 6317, 6315, 3158.50, 1
6756, 27196, 4, 0, 33513, 33516, 6320, 6316, 1580.00, 1
6757, 27197, 18, 0, 33517, 33534, 6337, 6319, 352.06, 1
6758, 27199, 8, 0, 33535, 33542, 6343, 6335, 792.88, 1
6759, 27202, 1, 0, 33543, 33543, 6341, 6340, 6341.00, 1
6760, 27206, 1, 0, 33544, 33544, 6338, 6337, 6338.00, 1
6761, 27210, 4, 0, 33545, 33548, 6338, 6334, 1584.50, 1
6762, 27212, 7, 0, 33549, 33555, 6343, 6336, 906.14, 1
6763, 27214, 5, 0, 33556, 33560, 6346, 6341, 1269.20, 1
6764, 27219, 3, 0, 33561, 33563, 6344, 6341, 2114.67, 1
6765, 27223, 1, 0, 33564, 33564, 6341, 6340, 6341.00, 1
6766, 27224, 1, 0, 33565, 33565, 6341, 6340, 6341.00, 1
6767, 27226, 7, 0, 33566, 33572, 6346, 6339, 906.57, 1
6768, 27227, 7, 0, 33573, 33579, 6352, 6345, 907.43, 1
6769, 27228, 13, 0, 33580, 33592, 6364, 6351, 489.54, 1
6770, 27232, 4, 0, 33593, 33596, 6364, 6360, 1591.00, 1
6771, 27234, 11, 0, 33597, 33607, 6373, 6362, 579.36, 1
6772, 27237, 3, 0, 33608, 33610, 6373, 6370, 2124.33, 1
6773, 27239, 5, 0, 33611, 33615, 6376, 6371, 1275.20, 1
6774, 27240, 2, 0, 33616, 33617, 6377, 6375, 3188.50, 1
6775, 27241, 1, 0, 33618, 33618, 6377, 6376, 6377.00, 1
6776, 27243, 4, 0, 33619, 33622, 6379, 6375, 1594.75, 1
6777, 27245, 2, 0, 33623, 33624, 6379, 6377, 3189.50, 1
6778, 27248, 13, 0, 33625, 33637, 6389, 6376, 491.46, 1
6779, 27250, 1, 0, 33638, 33638, 6388, 6387, 6388.00, 1
6780, 27252, 2, 0, 33639, 33640, 6388, 6386, 3194.00, 1
6781, 27254, 1, 0, 33641, 33641, 6387, 6386, 6387.00, 1
6782, 27258, 4, 0, 33642, 33645, 6387, 6383, 1596.75, 1
6783, 27259, 11, 0, 33646, 33656, 6397, 6386, 581.55, 1
6784, 27266, 1, 0, 33657, 33657, 6391, 6390, 6391.00, 1
6785, 27268, 1, 0, 33658, 33658, 6390, 6389, 6390.00, 1
6786, 27271, 11, 0, 33659, 33669, 6398, 6387, 581.64, 1
6787, 27278, 4, 0, 33670, 33673, 6395, 6391, 1598.75, 1
6788, 27287, 1, 0, 33674, 33674, 6387, 6386, 6387.00, 1
6789, 27291, 5, 0, 33675, 33679, 6388, 6383, 1277.60, 1
6790, 27297, 1, 0, 33680, 33680, 6383, 6382, 6383.00, 1
6791, 27304, 8, 0, 33681, 33688, 6384, 6376, 798.00, 1
6792, 27306, 2, 0, 33689, 33690, 6384, 6382, 3192.00, 1
6793, 27313, 3, 0, 33691, 33693, 6380, 6377, 2126.67, 1
6794, 27323, 1, 0, 33694, 33694, 6371, 6370, 6371.00, 1
6795, 27326, 12, 0, 33695, 33706, 6380, 6368, 531.67, 1
6796, 27327, 7, 0, 33707, 33713, 6386, 6379, 912.29, 1
6797, 27328, 10, 0, 33714, 33723, 6395, 6385, 639.50, 1
6798, 27332, 2, 0, 33724, 33725, 6393, 6391, 3196.50, 1
6799, 27335, 17, 0, 33726, 33742, 6407, 6390, 376.88, 1
6800, 27339, 3, 0, 33743, 33745, 6406, 6403, 2135.33, 1
6801, 27340, 3, 0, 33746, 33748, 6408, 6405, 2136.00, 1
6802, 27344, 3, 0, 33749, 33751, 6407, 6404, 2135.67, 1
6803, 27345, 1, 0, 33752, 33752, 6407, 6406, 6407.00, 1
6804, 27350, 5, 0, 33753, 33757, 6407, 6402, 1281.40, 1
6805, 27351, 5, 0, 33758, 33762, 6411, 6406, 1282.20, 1
6806, 27359, 2, 0, 33763, 33764, 6405, 6403, 3202.50, 1
6807, 27362, 7, 0, 33765, 33771, 6409, 6402, 915.57, 1
6808, 27365, 7, 0, 33772, 33778, 6413, 6406, 916.14, 1
6809, 27366, 2, 0, 33779, 33780, 6414, 6412, 3207.00, 1
6810, 27380, 17, 0, 33781, 33797, 6417, 6400, 377.47, 1
6811, 27381, 3, 0, 33798, 33800, 6419, 6416, 2139.67, 1
6812, 27382, 16, 0, 33801, 33816, 6434, 6418, 402.12, 1
6813, 27384, 9, 0, 33817, 33825, 6441, 6432, 715.67, 1
6814, 27395, 1, 0, 33826, 33826, 6431, 6430, 6431.00, 1
6815, 27400, 4, 0, 33827, 33830, 6430, 6426, 1607.50, 1
6816, 27402, 6, 0, 33831, 33836, 6434, 6428, 1072.33, 1
6817, 27403, 1, 0, 33837, 33837, 6434, 6433, 6434.00, 1
6818, 27409, 2, 0, 33838, 33839, 6430, 6428, 3215.00, 1
6819, 27414, 8, 0, 33840, 33847, 6433, 6425, 804.12, 1
6820, 27416, 3, 0, 33848, 33850, 6434, 6431, 2144.67, 1
6821, 27423, 5, 0, 33851, 33855, 6432, 6427, 1286.40, 1
6822, 27425, 3, 0, 33856, 33858, 6433, 6430, 2144.33, 1
6823, 27426, 4, 0, 33859, 33862, 6436, 6432, 1609.00, 1
6824, 27427, 12, 0, 33863, 33874, 6447, 6435, 537.25, 1
6825, 27429, 4, 0, 33875, 33878, 6449, 6445, 1612.25, 1
6826, 27430, 2, 0, 33879, 33880, 6450, 6448, 3225.00, 1
6827, 27431, 8, 0, 33881, 33888, 6457, 6449, 807.12, 1
6828, 27437, 5, 0, 33889, 33893, 6456, 6451, 1291.20, 1
6829, 27439, 11, 0, 33894, 33904, 6465, 6454, 587.73, 1
6830, 27449, 2, 0, 33905, 33906, 6457, 6455, 3228.50, 1
6831, 27453, 8, 0, 33907, 33914, 6461, 6453, 807.62, 1
6832, 27458, 6, 0, 33915, 33920, 6462, 6456, 1077.00, 1
6833, 27463, 1, 0, 33921, 33921, 6458, 6457, 6458.00, 1
6834, 27465, 3, 0, 33922, 33924, 6459, 6456, 2153.00, 1
6835, 27469, 6, 0, 33925, 33930, 6461, 6455, 1076.83, 1
6836, 27473, 4, 0, 33931, 33934, 6461, 6457, 1615.25, 1
6837, 27492, 4, 0, 33935, 33938, 6446, 6442, 1611.50, 1
6838, 27497, 5, 0, 33939, 33943, 6446, 6441, 1289.20, 1
6839, 27512, 3, 0, 33944, 33946, 6434, 6431, 2144.67, 1
6840, 27514, 2, 0, 33947, 33948, 6434, 6432, 3217.00, 1
6841, 27518, 11, 0, 33949, 33959, 6441, 6430, 585.55, 1
6842, 27520, 11, 0, 33960, 33970, 6450, 6439, 586.36, 1
6843, 27534, 7, 0, 33971, 33977, 6443, 6436, 920.43, 1
6844, 27539, 3, 0, 33978, 33980, 6441, 6438, 2147.00, 1
6845, 27540, 20, 0, 33981, 34000, 6460, 6440, 323.00, 1
6846, 27541, 1, 0, 34001, 34001, 6460, 6459, 6460.00, 1
6847, 27546, 1, 0, 34002, 34002, 6456, 6455, 6456.00, 1
6848, 27548, 2, 0, 34003, 34004, 6456, 6454, 3228.00, 1
6849, 27549, 3, 0, 34005, 34007, 6458, 6455, 2152.67, 1
6850, 27550, 5, 0, 34008, 34012, 6462, 6457, 1292.40, 1
6851, 27568, 7, 0, 34013, 34019, 6451, 6444, 921.57, 1
6852, 27572, 1, 0, 34020, 34020, 6448, 6447, 6448.00, 1
6853, 27580, 1, 0, 34021, 34021, 6441, 6440, 6441.00, 1
6854, 27581, 1, 0, 34022, 34022, 6441, 6440, 6441.00, 1
6855, 27583, 2, 0, 34023, 34024, 6441, 6439, 3220.50, 1
6856, 27593, 1, 0, 34025, 34025, 6432, 6431, 6432.00, 1
6857, 27600, 1, 0, 34026, 34026, 6426, 6425, 6426.00, 1
6858, 27610, 8, 0, 34027, 34034, 6424, 6416, 803.00, 1
6859, 27617, 2, 0, 34035, 34036, 6419, 6417, 3209.50, 1
6860, 27621, 12, 0, 34037, 34048, 6427, 6415, 535.58, 1
6861, 27623, 3, 0, 34049, 34051, 6428, 6425, 2142.67, 1
6862, 27630, 3, 0, 34052, 34054, 6424, 6421, 2141.33, 1
6863, 27634, 17, 0, 34055, 34071, 6437, 6420, 378.65, 1
6864, 27640, 7, 0, 34072, 34078, 6438, 6431, 919.71, 1
6865, 27643, 2, 0, 34079, 34080, 6437, 6435, 3218.50, 1
6866, 27645, 2, 0, 34081, 34082, 6437, 6435, 3218.50, 1
6867, 27647, 13, 0, 34083, 34095, 6448, 6435, 496.00, 1
6868, 27655, 5, 0, 34096, 34100, 6445, 6440, 1289.00, 1
6869, 27658, 2, 0, 34101, 34102, 6444, 6442, 3222.00, 1
6870, 27660, 1, 0, 34103, 34103, 6443, 6442, 6443.00, 1
6871, 27665, 2, 0, 34104, 34105, 6440, 6438, 3220.00, 1
6872, 27667, 4, 0, 34106, 34109, 6442, 6438, 1610.50, 1
6873, 27669, 6, 0, 34110, 34115, 6446, 6440, 1074.33, 1
6874, 27674, 12, 0, 34116, 34127, 6453, 6441, 537.75, 1
6875, 27678, 9, 0, 34128, 34136, 6458, 6449, 717.56, 1
6876, 27683, 1, 0, 34137, 34137, 6454, 6453, 6454.00, 1
6877, 27688, 2, 0, 34138, 34139, 6451, 6449, 3225.50, 1
6878, 27695, 6, 0, 34140, 34145, 6450, 6444, 1075.00, 1
6879, 27704, 7, 0, 34146, 34152, 6448, 6441, 921.14, 1
6880, 27705, 1, 0, 34153, 34153, 6448, 6447, 6448.00, 1
6881, 27709, 6, 0, 34154, 34159, 6450, 6444, 1075.00, 1
6882, 27710, 1, 0, 34160, 34160, 6450, 6449, 6450.00, 1
6883, 27716, 1, 0, 34161, 34161, 6445, 6444, 6445.00, 1
6884, 27718, 1, 0, 34162, 34162, 6444, 6443, 6444.00, 1
6885, 27721, 2, 0, 34163, 34164, 6443, 6441, 3221.50, 1
6886, 27724, 3, 0, 34165, 34167, 6443, 6440, 2147.67, 1
6887, 27725, 1, 0, 34168, 34168, 6443, 6442, 6443.00, 1
6888, 27726, 1, 0, 34169, 34169, 6443, 6442, 6443.00, 1
6889, 27728, 3, 0, 34170, 34172, 6444, 6441, 2148.00, 1
6890, 27739, 2, 0, 34173, 34174, 6435, 6433, 3217.50, 1
6891, 27741, 1, 0, 34175, 34175, 6434, 6433, 6434.00, 1
6892, 27747, 9, 0, 34176, 34184, 6437, 6428, 715.22, 1
6893, 27752, 3, 0, 34185, 34187, 6435, 6432, 2145.00, 1
6894, 27760, 1, 0, 34188, 34188, 6428, 6427, 6428.00, 1
6895, 27765, 5, 0, 34189, 34193, 6428, 6423, 1285.60, 1
6896, 27767, 13, 0, 34194, 34206, 6439, 6426, 495.31, 1
6897, 27771, 4, 0, 34207, 34210, 6439, 6435, 1609.75, 1
6898, 27775, 2, 0, 34211, 34212, 6437, 6435, 3218.50, 1
6899, 27776, 3, 0, 34213, 34215, 6439, 6436, 2146.33, 1
6900, 27777, 2, 0, 34216, 34217, 6440, 6438, 3220.00, 1
6901, 27779, 2, 0, 34218, 34219, 6440, 6438, 3220.00, 1
6902, 27780, 4, 0, 34220, 34223, 6443, 6439, 1610.75, 1
6903, 27784, 1, 0, 34224, 34224, 6440, 6439, 6440.00, 1
6904, 27786, 14, 0, 34225, 34238, 6452, 6438, 460.86, 1
6905, 27787, 1, 0, 34239, 34239, 6452, 6451, 6452.00, 1
6906, 27795, 6, 0, 34240, 34245, 6450, 6444, 1075.00, 1
6907, 27797, 5, 0, 34246, 34250, 6453, 6448, 1290.60, 1
6908, 27798, 1, 0, 34251, 34251, 6453, 6452, 6453.00, 1
6909, 27801, 4, 0, 34252, 34255, 6454, 6450, 1613.50, 1
6910, 27802, 1, 0, 34256, 34256, 6454, 6453, 6454.00, 1
6911, 27803, 1, 0, 34257, 34257, 6454, 6453, 6454.00, 1
6912, 27806, 3, 0, 34258, 34260, 6454, 6451, 2151.33, 1
6913, 27808, 6, 0, 34261, 34266, 6458, 6452, 1076.33, 1
6914, 27810, 2, 0, 34267, 34268, 6458, 6456, 3229.00, 1
6915, 27811, 7, 0, 34269, 34275, 6464, 6457, 923.43, 1
6916, 27813, 4, 0, 34276, 34279, 6466, 6462, 1616.50, 1
6917, 27816, 4, 0, 34280, 34283, 6467, 6463, 1616.75, 1
6918, 27817, 1, 0, 34284, 34284, 6467, 6466, 6467.00, 1
6919, 27821, 8, 0, 34285, 34292, 6471, 6463, 808.88, 1
6920, 27822, 1, 0, 34293, 34293, 6471, 6470, 6471.00, 1
6921, 27823, 4, 0, 34294, 34297, 6474, 6470, 1618.50, 1
6922, 27824, 3, 0, 34298, 34300, 6476, 6473, 2158.67, 1
6923, 27825, 2, 0, 34301, 34302, 6477, 6475, 3238.50, 1
6924, 27831, 2, 0, 34303, 34304, 6473, 6471, 3236.50, 1
6925, 27837, 8, 0, 34305, 34312, 6475, 6467, 809.38, 1
6926, 27842, 1, 0, 34313, 34313, 6471, 6470, 6471.00, 1
6927, 27846, 1, 0, 34314, 34314, 6468, 6467, 6468.00, 1
6928, 27847, 1, 0, 34315, 34315, 6468, 6467, 6468.00, 1
6929, 27850, 6, 0, 34316, 34321, 6471, 6465, 1078.50, 1
6930, 27851, 10, 0, 34322, 34331, 6480, 6470, 648.00, 1
6931, 27853, 2, 0, 34332, 34333, 6480, 6478, 3240.00, 1
6932, 27861, 15, 0, 34334, 34348, 6487, 6472, 432.47, 1
6933, 27864, 3, 0, 34349, 34351, 6487, 6484, 2162.33, 1
6934, 27866, 1, 0, 34352, 34352, 6486, 6485, 6486.00, 1
6935, 27872, 1, 0, 34353, 34353, 6481, 6480, 6481.00, 1
6936, 27874, 12, 0, 34354, 34365, 6491, 6479, 540.92, 1
6937, 27875, 3, 0, 34366, 34368, 6493, 6490, 2164.33, 1
6938, 27887, 9, 0, 34369, 34377, 6490, 6481, 721.11, 1
6939, 27896, 2, 0, 34378, 34379, 6483, 6481, 3241.50, 1
6940, 27898, 9, 0, 34380, 34388, 6490, 6481, 721.11, 1
6941, 27902, 1, 0, 34389, 34389, 6487, 6486, 6487.00, 1
6942, 27908, 4, 0, 34390, 34393, 6485, 6481, 1621.25, 1
6943, 27911, 2, 0, 34394, 34395, 6484, 6482, 3242.00, 1
6944, 27912, 8, 0, 34396, 34403, 6491, 6483, 811.38, 1
6945, 27924, 2, 0, 34404, 34405, 6481, 6479, 3240.50, 1
6946, 27926, 1, 0, 34406, 34406, 6480, 6479, 6480.00, 1
6947, 27931, 2, 0, 34407, 34408, 6477, 6475, 3238.50, 1
6948, 27936, 3, 0, 34409, 34411, 6475, 6472, 2158.33, 1
6949, 27947, 9, 0, 34412, 34420, 6473, 6464, 719.22, 1
6950, 27951, 14, 0, 34421, 34434, 6483, 6469, 463.07, 1
6951, 27953, 5, 0, 34435, 34439, 6486, 6481, 1297.20, 1
6952, 27955, 10, 0, 34440, 34449, 6494, 6484, 649.40, 1
6953, 27957, 4, 0, 34450, 34453, 6496, 6492, 1624.00, 1
6954, 27963, 2, 0, 34454, 34455, 6492, 6490, 3246.00, 1
6955, 27964, 5, 0, 34456, 34460, 6496, 6491, 1299.20, 1
6956, 27977, 8, 0, 34461, 34468, 6491, 6483, 811.38, 1
6957, 27979, 8, 0, 34469, 34476, 6497, 6489, 812.12, 1
6958, 27980, 15, 0, 34477, 34491, 6511, 6496, 434.07, 1
6959, 27984, 1, 0, 34492, 34492, 6508, 6507, 6508.00, 1
6960, 27995, 7, 0, 34493, 34499, 6504, 6497, 929.14, 1
6961, 27996, 5, 0, 34500, 34504, 6508, 6503, 1301.60, 1
6962, 27998, 3, 0, 34505, 34507, 6509, 6506, 2169.67, 1
6963, 28003, 1, 0, 34508, 34508, 6505, 6504, 6505.00, 1
6964, 28006, 10, 0, 34509, 34518, 6512, 6502, 651.20, 1
6965, 28010, 2, 0, 34519, 34520, 6510, 6508, 3255.00, 1
6966, 28021, 4, 0, 34521, 34524, 6503, 6499, 1625.75, 1
6967, 28023, 8, 0, 34525, 34532, 6509, 6501, 813.62, 1
6968, 28024, 6, 0, 34533, 34538, 6514, 6508, 1085.67, 1
6969, 28026, 11, 0, 34539, 34549, 6523, 6512, 593.00, 1
6970, 28030, 16, 0, 34550, 34565, 6535, 6519, 408.44, 1
6971, 28032, 1, 0, 34566, 34566, 6534, 6533, 6534.00, 1
6972, 28046, 2, 0, 34567, 34568, 6522, 6520, 3261.00, 1
6973, 28062, 4, 0, 34569, 34572, 6510, 6506, 1627.50, 1
6974, 28063, 5, 0, 34573, 34577, 6514, 6509, 1302.80, 1
6975, 28068, 2, 0, 34578, 34579, 6511, 6509, 3255.50, 1
6976, 28070, 3, 0, 34580, 34582, 6512, 6509, 2170.67, 1
6977, 28071, 2, 0, 34583, 34584, 6513, 6511, 3256.50, 1
6978, 28093, 4, 0, 34585, 34588, 6495, 6491, 1623.75, 1
6979, 28096, 15, 0, 34589, 34603, 6507, 6492, 433.80, 1
6980, 28101, 3, 0, 34604, 34606, 6505, 6502, 2168.33, 1
6981, 28107, 1, 0, 34607, 34607, 6500, 6499, 6500.00, 1
6982, 28108, 2, 0, 34608, 34609, 6501, 6499, 3250.50, 1
6983, 28109, 22, 0, 34610, 34631, 6522, 6500, 296.45, 1
6984, 28111, 1, 0, 34632, 34632, 6521, 6520, 6521.00, 1
6985, 28113, 7, 0, 34633, 34639, 6526, 6519, 932.29, 1
6986, 28115, 13, 0, 34640, 34652, 6537, 6524, 502.85, 1
6987, 28117, 7, 0, 34653, 34659, 6542, 6535, 934.57, 1
6988, 28123, 1, 0, 34660, 34660, 6537, 6536, 6537.00, 1
6989, 28128, 7, 0, 34661, 34667, 6539, 6532, 934.14, 1
6990, 28130, 1, 0, 34668, 34668, 6538, 6537, 6538.00, 1
6991, 28131, 10, 0, 34669, 34678, 6547, 6537, 654.70, 1
6992, 28140, 3, 0, 34679, 34681, 6541, 6538, 2180.33, 1
6993, 28142, 7, 0, 34682, 34688, 6546, 6539, 935.14, 1
6994, 28148, 19, 0, 34689, 34707, 6559, 6540, 345.21, 1
6995, 28149, 15, 0, 34708, 34722, 6573, 6558, 438.20, 1
6996, 28157, 2, 0, 34723, 34724, 6567, 6565, 3283.50, 1
6997, 28167, 2, 0, 34725, 34726, 6559, 6557, 3279.50, 1
6998, 28170, 12, 0, 34727, 34738, 6568, 6556, 547.33, 1
6999, 28174, 12, 0, 34739, 34750, 6576, 6564, 548.00, 1
7000, 28177, 1, 0, 34751, 34751, 6574, 6573, 6574.00, 1
7001, 28178, 3, 0, 34752, 34754, 6576, 6573, 2192.00, 1
7002, 28180, 6, 0, 34755, 34760, 6580, 6574, 1096.67, 1
7003, 28181, 1, 0, 34761, 34761, 6580, 6579, 6580.00, 1
7004, 28183, 1, 0, 34762, 34762, 6579, 6578, 6579.00, 1
7005, 28184, 5, 0, 34763, 34767, 6583, 6578, 1316.60, 1
7006, 28190, 3, 0, 34768, 34770, 6580, 6577, 2193.33, 1
7007, 28193, 3, 0, 34771, 34773, 6580, 6577, 2193.33, 1
7008, 28205, 14, 0, 34774, 34787, 6582, 6568, 470.14, 1
7009, 28213, 1, 0, 34788, 34788, 6575, 6574, 6575.00, 1
7010, 28219, 1, 0, 34789, 34789, 6570, 6569, 6570.00, 1
7011, 28223, 4, 0, 34790, 34793, 6570, 6566, 1642.50, 1
7012, 28226, 1, 0, 34794, 34794, 6568, 6567, 6568.00, 1
7013, 28229, 3, 0, 34795, 34797, 6568, 6565, 2189.33, 1
7014, 28235, 15, 0, 34798, 34812, 6577, 6562, 438.47, 1
7015, 28237, 3, 0, 34813, 34815, 6578, 6575, 2192.67, 1
7016, 28243, 9, 0, 34816, 34824, 6581, 6572, 731.22, 1
7017, 28250, 15, 0, 34825, 34839, 6589, 6574, 439.27, 1
7018, 28252, 6, 0, 34840, 34845, 6593, 6587, 1098.83, 1
7019, 28256, 3, 0, 34846, 34848, 6592, 6589, 2197.33, 1
7020, 28257, 1, 0, 34849, 34849, 6592, 6591, 6592.00, 1
7021, 28260, 4, 0, 34850, 34853, 6593, 6589, 1648.25, 1
7022, 28262, 3, 0, 34854, 34856, 6594, 6591, 2198.00, 1
7023, 28266, 4, 0, 34857, 34860, 6594, 6590, 1648.50, 1
7024, 28272, 7, 0, 34861, 34867, 6595, 6588, 942.14, 1
7025, 28275, 5, 0, 34868, 34872, 6597, 6592, 1319.40, 1
7026, 28276, 6, 0, 34873, 34878, 6602, 6596, 1100.33, 1
7027, 28278, 1, 0, 34879, 34879, 6601, 6600, 6601.00, 1
7028, 28283, 3, 0, 34880, 34882, 6599, 6596, 2199.67, 1
7029, 28285, 4, 0, 34883, 34886, 6601, 6597, 1650.25, 1
7030, 28293, 2, 0, 34887, 34888, 6595, 6593, 3297.50, 1
7031, 28299, 2, 0, 34889, 34890, 6591, 6589, 3295.50, 1
7032, 28301, 25, 0, 34891, 34915, 6614, 6589, 264.56, 1
7033, 28302, 1, 0, 34916, 34916, 6614, 6613, 6614.00, 1
7034, 28307, 5, 0, 34917, 34921, 6614, 6609, 1322.80, 1
7035, 28309, 6, 0, 34922, 34927, 6618, 6612, 1103.00, 1
7036, 28312, 7, 0, 34928, 34934, 6622, 6615, 946.00, 1
7037, 28313, 5, 0, 34935, 34939, 6626, 6621, 1325.20, 1
7038, 28336, 1, 0, 34940, 34940, 6604, 6603, 6604.00, 1
7039, 28337, 2, 0, 34941, 34942, 6605, 6603, 3302.50, 1
7040, 28339, 2, 0, 34943, 34944, 6605, 6603, 3302.50, 1
7041, 28347, 1, 0, 34945, 34945, 6598, 6597, 6598.00, 1
7042, 28348, 3, 0, 34946, 34948, 6600, 6597, 2200.00, 1
7043, 28349, 3, 0, 34949, 34951, 6602, 6599, 2200.67, 1
7044, 28353, 4, 0, 34952, 34955, 6602, 6598, 1650.50, 1
7045, 28354, 19, 0, 34956, 34974, 6620, 6601, 348.42, 1
7046, 28360, 2, 0, 34975, 34976, 6616, 6614, 3308.00, 1
7047, 28363, 4, 0, 34977, 34980, 6617, 6613, 1654.25, 1
7048, 28367, 4, 0, 34981, 34984, 6617, 6613, 1654.25, 1
7049, 28368, 3, 0, 34985, 34987, 6619, 6616, 2206.33, 1
7050, 28370, 1, 0, 34988, 34988, 6618, 6617, 6618.00, 1
7051, 28372, 9, 0, 34989, 34997, 6625, 6616, 736.11, 1
7052, 28373, 1, 0, 34998, 34998, 6625, 6624, 6625.00, 1
7053, 28379, 1, 0, 34999, 34999, 6620, 6619, 6620.00, 1
7054, 28381, 1, 0, 35000, 35000, 6619, 6618, 6619.00, 1
7055, 28382, 16, 0, 35001, 35016, 6634, 6618, 414.62, 1
7056, 28385, 5, 0, 35017, 35021, 6636, 6631, 1327.20, 1
7057, 28390, 2, 0, 35022, 35023, 6633, 6631, 3316.50, 1
7058, 28419, 3, 0, 35024, 35026, 6607, 6604, 2202.33, 1
7059, 28421, 8, 0, 35027, 35034, 6613, 6605, 826.62, 1
7060, 28424, 1, 0, 35035, 35035, 6611, 6610, 6611.00, 1
7061, 28429, 4, 0, 35036, 35039, 6610, 6606, 1652.50, 1
7062, 28433, 2, 0, 35040, 35041, 6608, 6606, 3304.00, 1
7063, 28438, 7, 0, 35042, 35048, 6610, 6603, 944.29, 1
7064, 28440, 1, 0, 35049, 35049, 6609, 6608, 6609.00, 1
7065, 28441, 4, 0, 35050, 35053, 6612, 6608, 1653.00, 1
7066, 28443, 8, 0, 35054, 35061, 6618, 6610, 827.25, 1
7067, 28447, 2, 0, 35062, 35063, 6616, 6614, 3308.00, 1
7068, 28450, 1, 0, 35064, 35064, 6614, 6613, 6614.00, 1
7069, 28451, 1, 0, 35065, 35065, 6614, 6613, 6614.00, 1
7070, 28452, 4, 0, 35066, 35069, 6617, 6613, 1654.25, 1
7071, 28455, 6, 0, 35070, 35075, 6620, 6614, 1103.33, 1
7072, 28456, 3, 0, 35076, 35078, 6622, 6619, 2207.33, 1
7073, 28464, 1, 0, 35079, 35079, 6615, 6614, 6615.00, 1
7074, 28466, 9, 0, 35080, 35088, 6622, 6613, 735.78, 1
7075, 28469, 4, 0, 35089, 35092, 6623, 6619, 1655.75, 1
7076, 28475, 4, 0, 35093, 35096, 6621, 6617, 1655.25, 1
7077, 28478, 2, 0, 35097, 35098, 6620, 6618, 3310.00, 1
7078, 28483, 2, 0, 35099, 35100, 6617, 6615, 3308.50, 1
7079, 28484, 10, 0, 35101, 35110, 6626, 6616, 662.60, 1
7080, 28496, 3, 0, 35111, 35113, 6617, 6614, 2205.67, 1
7081, 28499, 1, 0, 35114, 35114, 6615, 6614, 6615.00, 1
7082, 28507, 1, 0, 35115, 35115, 6608, 6607, 6608.00, 1
7083, 28513, 1, 0, 35116, 35116, 6603, 6602, 6603.00, 1
7084, 28514, 11, 0, 35117, 35127, 6613, 6602, 601.18, 1
7085, 28517, 8, 0, 35128, 35135, 6618, 6610, 827.25, 1
7086, 28519, 2, 0, 35136, 35137, 6618, 6616, 3309.00, 1
7087, 28521, 2, 0, 35138, 35139, 6618, 6616, 3309.00, 1
7088, 28523, 2, 0, 35140, 35141, 6618, 6616, 3309.00, 1
7089, 28527, 3, 0, 35142, 35144, 6617, 6614, 2205.67, 1
7090, 28529, 5, 0, 35145, 35149, 6620, 6615, 1324.00, 1
7091, 28532, 6, 0, 35150, 35155, 6623, 6617, 1103.83, 1
7092, 28533, 8, 0, 35156, 35163, 6630, 6622, 828.75, 1
7093, 28550, 4, 0, 35164, 35167, 6617, 6613, 1654.25, 1
7094, 28552, 13, 0, 35168, 35180, 6628, 6615, 509.85, 1
7095, 28560, 3, 0, 35181, 35183, 6623, 6620, 2207.67, 1
7096, 28561, 7, 0, 35184, 35190, 6629, 6622, 947.00, 1
7097, 28564, 1, 0, 35191, 35191, 6627, 6626, 6627.00, 1
7098, 28567, 2, 0, 35192, 35193, 6626, 6624, 3313.00, 1
7099, 28572, 2, 0, 35194, 35195, 6623, 6621, 3311.50, 1
7100, 28576, 2, 0, 35196, 35197, 6621, 6619, 3310.50, 1
7101, 28578, 22, 0, 35198, 35219, 6641, 6619, 301.86, 1
7102, 28581, 2, 0, 35220, 35221, 6640, 6638, 3320.00, 1
7103, 28592, 7, 0, 35222, 35228, 6636, 6629, 948.00, 1
7104, 28600, 3, 0, 35229, 35231, 6631, 6628, 2210.33, 1
7105, 28607, 6, 0, 35232, 35237, 6630, 6624, 1105.00, 1
7106, 28610, 1, 0, 35238, 35238, 6628, 6627, 6628.00, 1
7107, 28618, 4, 0, 35239, 35242, 6624, 6620, 1656.00, 1
7108, 28620, 6, 0, 35243, 35248, 6628, 6622, 1104.67, 1
7109, 28627, 3, 0, 35249, 35251, 6624, 6621, 2208.00, 1
7110, 28628, 4, 0, 35252, 35255, 6627, 6623, 1656.75, 1
7111, 28632, 1, 0, 35256, 35256, 6624, 6623, 6624.00, 1
7112, 28633, 2, 0, 35257, 35258, 6625, 6623, 3312.50, 1
7113, 28636, 4, 0, 35259, 35262, 6626, 6622, 1656.50, 1
7114, 28645, 3, 0, 35263, 35265, 6620, 6617, 2206.67, 1
7115, 28648, 10, 0, 35266, 35275, 6627, 6617, 662.70, 1
7116, 28649, 8, 0, 35276, 35283, 6634, 6626, 829.25, 1
7117, 28650, 2, 0, 35284, 35285, 6635, 6633, 3317.50, 1
7118, 28653, 1, 0, 35286, 35286, 6633, 6632, 6633.00, 1
7119, 28657, 2, 0, 35287, 35288, 6631, 6629, 3315.50, 1
7120, 28659, 5, 0, 35289, 35293, 6634, 6629, 1326.80, 1
7121, 28660, 1, 0, 35294, 35294, 6634, 6633, 6634.00, 1
7122, 28661, 4, 0, 35295, 35298, 6637, 6633, 1659.25, 1
7123, 28665, 3, 0, 35299, 35301, 6636, 6633, 2212.00, 1
7124, 28666, 1, 0, 35302, 35302, 6636, 6635, 6636.00, 1
7125, 28672, 3, 0, 35303, 35305, 6633, 6630, 2211.00, 1
7126, 28673, 5, 0, 35306, 35310, 6637, 6632, 1327.40, 1
7127, 28680, 7, 0, 35311, 35317, 6637, 6630, 948.14, 1
7128, 28683, 11, 0, 35318, 35328, 6645, 6634, 604.09, 1
7129, 28689, 2, 0, 35329, 35330, 6641, 6639, 3320.50, 1
7130, 28696, 3, 0, 35331, 35333, 6637, 6634, 2212.33, 1
7131, 28697, 3, 0, 35334, 35336, 6639, 6636, 2213.00, 1
7132, 28699, 2, 0, 35337, 35338, 6639, 6637, 3319.50, 1
7133, 28704, 1, 0, 35339, 35339, 6635, 6634, 6635.00, 1
7134, 28705, 1, 0, 35340, 35340, 6635, 6634, 6635.00, 1
7135, 28716, 26, 0, 35341, 35366, 6650, 6624, 255.77, 1
7136, 28718, 9, 0, 35367, 35375, 6657, 6648, 739.67, 1
7137, 28732, 6, 0, 35376, 35381, 6649, 6643, 1108.17, 1
7138, 28740, 1, 0, 35382, 35382, 6642, 6641, 6642.00, 1
7139, 28743, 1, 0, 35383, 35383, 6640, 6639, 6640.00, 1
7140, 28748, 2, 0, 35384, 35385, 6637, 6635, 3318.50, 1
7141, 28751, 5, 0, 35386, 35390, 6639, 6634, 1327.80, 1
7142, 28754, 4, 0, 35391, 35394, 6640, 6636, 1660.00, 1
7143, 28757, 10, 0, 35395, 35404, 6647, 6637, 664.70, 1
7144, 28766, 3, 0, 35405, 35407, 6641, 6638, 2213.67, 1
7145, 28770, 9, 0, 35408, 35416, 6646, 6637, 738.44, 1
7146, 28776, 5, 0, 35417, 35421, 6645, 6640, 1329.00, 1
7147, 28779, 4, 0, 35422, 35425, 6646, 6642, 1661.50, 1
7148, 28782, 2, 0, 35426, 35427, 6645, 6643, 3322.50, 1
7149, 28787, 1, 0, 35428, 35428, 6641, 6640, 6641.00, 1
7150, 28788, 4, 0, 35429, 35432, 6644, 6640, 1661.00, 1
7151, 28789, 2, 0, 35433, 35434, 6645, 6643, 3322.50, 1
7152, 28792, 3, 0, 35435, 35437, 6645, 6642, 2215.00, 1
7153, 28801, 2, 0, 35438, 35439, 6638, 6636, 3319.00, 1
7154, 28804, 2, 0, 35440, 35441, 6637, 6635, 3318.50, 1
7155, 28811, 1, 0, 35442, 35442, 6631, 6630, 6631.00, 1
7156, 28812, 4, 0, 35443, 35446, 6634, 6630, 1658.50, 1
7157, 28817, 4, 0, 35447, 35450, 6633, 6629, 1658.25, 1
7158, 28828, 17, 0, 35451, 35467, 6639, 6622, 390.53, 1
7159, 28830, 2, 0, 35468, 35469, 6639, 6637, 3319.50, 1
7160, 28835, 2, 0, 35470, 35471, 6636, 6634, 3318.00, 1
7161, 28836, 6, 0, 35472, 35477, 6641, 6635, 1106.83, 1
7162, 28842, 5, 0, 35478, 35482, 6640, 6635, 1328.00, 1
7163, 28843, 6, 0, 35483, 35488, 6645, 6639, 1107.50, 1
7164, 28844, 2, 0, 35489, 35490, 6646, 6644, 3323.00, 1
7165, 28847, 1, 0, 35491, 35491, 6644, 6643, 6644.00, 1
7166, 28853, 3, 0, 35492, 35494, 6641, 6638, 2213.67, 1
7167, 28855, 9, 0, 35495, 35503, 6648, 6639, 738.67, 1
7168, 28856, 4, 0, 35504, 35507, 6651, 6647, 1662.75, 1
7169, 28859, 2, 0, 35508, 35509, 6650, 6648, 3325.00, 1
7170, 28860, 1, 0, 35510, 35510, 6650, 6649, 6650.00, 1
7171, 28861, 11, 0, 35511, 35521, 6660, 6649, 605.45, 1
7172, 28872, 3, 0, 35522, 35524, 6652, 6649, 2217.33, 1
7173, 28875, 11, 0, 35525, 35535, 6660, 6649, 605.45, 1
7174, 28877, 6, 0, 35536, 35541, 6664, 6658, 1110.67, 1
7175, 28879, 11, 0, 35542, 35552, 6673, 6662, 606.64, 1
7176, 28881, 14, 0, 35553, 35566, 6685, 6671, 477.50, 1
7177, 28883, 6, 0, 35567, 35572, 6689, 6683, 1114.83, 1
7178, 28884, 3, 0, 35573, 35575, 6691, 6688, 2230.33, 1
7179, 28887, 3, 0, 35576, 35578, 6691, 6688, 2230.33, 1
7180, 28892, 3, 0, 35579, 35581, 6689, 6686, 2229.67, 1
7181, 28896, 1, 0, 35582, 35582, 6686, 6685, 6686.00, 1
7182, 28898, 2, 0, 35583, 35584, 6686, 6684, 3343.00, 1
7183, 28908, 5, 0, 35585, 35589, 6681, 6676, 1336.20, 1
7184, 28909, 2, 0, 35590, 35591, 6682, 6680, 3341.00, 1
7185, 28919, 4, 0, 35592, 35595, 6676, 6672, 1669.00, 1
7186, 28926, 5, 0, 35596, 35600, 6674, 6669, 1334.80, 1
7187, 28929, 1, 0, 35601, 35601, 6672, 6671, 6672.00, 1
7188, 28932, 4, 0, 35602, 35605, 6673, 6669, 1668.25, 1
7189, 28939, 9, 0, 35606, 35614, 6675, 6666, 741.67, 1
7190, 28951, 3, 0, 35615, 35617, 6666, 6663, 2222.00, 1
7191, 28955, 5, 0, 35618, 35622, 6667, 6662, 1333.40, 1
7192, 28963, 7, 0, 35623, 35629, 6666, 6659, 952.29, 1
7193, 28964, 20, 0, 35630, 35649, 6685, 6665, 334.25, 1
7194, 28968, 6, 0, 35650, 35655, 6687, 6681, 1114.50, 1
7195, 28970, 4, 0, 35656, 35659, 6689, 6685, 1672.25, 1
7196, 28977, 3, 0, 35660, 35662, 6685, 6682, 2228.33, 1
7197, 28979, 6, 0, 35663, 35668, 6689, 6683, 1114.83, 1
7198, 28981, 5, 0, 35669, 35673, 6692, 6687, 1338.40, 1
7199, 28984, 9, 0, 35674, 35682, 6698, 6689, 744.22, 1
7200, 28985, 4, 0, 35683, 35686, 6701, 6697, 1675.25, 1
7201, 28986, 3, 0, 35687, 35689, 6703, 6700, 2234.33, 1
7202, 28990, 2, 0, 35690, 35691, 6701, 6699, 3350.50, 1
7203, 28994, 6, 0, 35692, 35697, 6703, 6697, 1117.17, 1
7204, 28996, 6, 0, 35698, 35703, 6707, 6701, 1117.83, 1
7205, 29005, 4, 0, 35704, 35707, 6702, 6698, 1675.50, 1
7206, 29007, 3, 0, 35708, 35710, 6703, 6700, 2234.33, 1
7207, 29016, 8, 0, 35711, 35718, 6702, 6694, 837.75, 1
7208, 29021, 1, 0, 35719, 35719, 6698, 6697, 6698.00, 1
7209, 29022, 2, 0, 35720, 35721, 6699, 6697, 3349.50, 1
7210, 29023, 3, 0, 35722, 35724, 6701, 6698, 2233.67, 1
7211, 29036, 3, 0, 35725, 35727, 6691, 6688, 2230.33, 1
7212, 29039, 1, 0, 35728, 35728, 6689, 6688, 6689.00, 1
7213, 29042, 2, 0, 35729, 35730, 6688, 6686, 3344.00, 1
7214, 29045, 6, 0, 35731, 35736, 6691, 6685, 1115.17, 1
7215, 29048, 10, 0, 35737, 35746, 6698, 6688, 669.80, 1
7216, 29054, 4, 0, 35747, 35750, 6696, 6692, 1674.00, 1
7217, 29055, 1, 0, 35751, 35751, 6696, 6695, 6696.00, 1
7218, 29057, 5, 0, 35752, 35756, 6699, 6694, 1339.80, 1
7219, 29059, 5, 0, 35757, 35761, 6702, 6697, 1340.40, 1
7220, 29061, 5, 0, 35762, 35766, 6705, 6700, 1341.00, 1
7221, 29065, 3, 0, 35767, 35769, 6704, 6701, 2234.67, 1
7222, 29070, 1, 0, 35770, 35770, 6700, 6699, 6700.00, 1
7223, 29074, 1, 0, 35771, 35771, 6697, 6696, 6697.00, 1
7224, 29079, 2, 0, 35772, 35773, 6694, 6692, 3347.00, 1
7225, 29084, 17, 0, 35774, 35790, 6706, 6689, 394.47, 1
7226, 29089, 2, 0, 35791, 35792, 6703, 6701, 3351.50, 1
7227, 29095, 1, 0, 35793, 35793, 6698, 6697, 6698.00, 1
7228, 29098, 2, 0, 35794, 35795, 6697, 6695, 3348.50, 1
7229, 29099, 3, 0, 35796, 35798, 6699, 6696, 2233.00, 1
7230, 29103, 6, 0, 35799, 35804, 6701, 6695, 1116.83, 1
7231, 29104, 15, 0, 35805, 35819, 6715, 6700, 447.67, 1
7232, 29108, 9, 0, 35820, 35828, 6720, 6711, 746.67, 1
7233, 29110, 4, 0, 35829, 35832, 6722, 6718, 1680.50, 1
7234, 29114, 11, 0, 35833, 35843, 6729, 6718, 611.73, 1
7235, 29117, 8, 0, 35844, 35851, 6734, 6726, 841.75, 1
7236, 29118, 7, 0, 35852, 35858, 6740, 6733, 962.86, 1
7237, 29119, 4, 0, 35859, 35862, 6743, 6739, 1685.75, 1
7238, 29122, 2, 0, 35863, 35864, 6742, 6740, 3371.00, 1
7239, 29127, 3, 0, 35865, 35867, 6740, 6737, 2246.67, 1
7240, 29134, 4, 0, 35868, 35871, 6737, 6733, 1684.25, 1
7241, 29135, 3, 0, 35872, 35874, 6739, 6736, 2246.33, 1
7242, 29138, 4, 0, 35875, 35878, 6740, 6736, 1685.00, 1
7243, 29141, 5, 0, 35879, 35883, 6742, 6737, 1348.40, 1
7244, 29143, 6, 0, 35884, 35889, 6746, 6740, 1124.33, 1
7245, 29144, 9, 0, 35890, 35898, 6754, 6745, 750.44, 1
7246, 29145, 9, 0, 35899, 35907, 6762, 6753, 751.33, 1
7247, 29147, 10, 0, 35908, 35917, 6770, 6760, 677.00, 1
7248, 29153, 1, 0, 35918, 35918, 6765, 6764, 6765.00, 1
7249, 29156, 11, 0, 35919, 35929, 6773, 6762, 615.73, 1
7250, 29157, 7, 0, 35930, 35936, 6779, 6772, 968.43, 1
7251, 29163, 12, 0, 35937, 35948, 6785, 6773, 565.42, 1
7252, 29165, 12, 0, 35949, 35960, 6795, 6783, 566.25, 1
7253, 29166, 2, 0, 35961, 35962, 6796, 6794, 3398.00, 1
7254, 29167, 1, 0, 35963, 35963, 6796, 6795, 6796.00, 1
7255, 29171, 3, 0, 35964, 35966, 6795, 6792, 2265.00, 1
7256, 29176, 10, 0, 35967, 35976, 6800, 6790, 680.00, 1
7257, 29177, 21, 0, 35977, 35997, 6820, 6799, 324.76, 1
7258, 29179, 5, 0, 35998, 36002, 6823, 6818, 1364.60, 1
7259, 29186, 1, 0, 36003, 36003, 6817, 6816, 6817.00, 1
7260, 29188, 1, 0, 36004, 36004, 6816, 6815, 6816.00, 1
7261, 29192, 7, 0, 36005, 36011, 6819, 6812, 974.14, 1
7262, 29194, 2, 0, 36012, 36013, 6819, 6817, 3409.50, 1
7263, 29197, 1, 0, 36014, 36014, 6817, 6816, 6817.00, 1
7264, 29213, 2, 0, 36015, 36016, 6803, 6801, 3401.50, 1
7265, 29214, 3, 0, 36017, 36019, 6805, 6802, 2268.33, 1
7266, 29217, 1, 0, 36020, 36020, 6803, 6802, 6803.00, 1
7267, 29226, 2, 0, 36021, 36022, 6796, 6794, 3398.00, 1
7268, 29227, 6, 0, 36023, 36028, 6801, 6795, 1133.50, 1
7269, 29239, 2, 0, 36029, 36030, 6791, 6789, 3395.50, 1
7270, 29242, 4, 0, 36031, 36034, 6792, 6788, 1698.00, 1
7271, 29245, 1, 0, 36035, 36035, 6790, 6789, 6790.00, 1
7272, 29252, 3, 0, 36036, 36038, 6786, 6783, 2262.00, 1
7273, 29258, 4, 0, 36039, 36042, 6784, 6780, 1696.00, 1
7274, 29263, 1, 0, 36043, 36043, 6780, 6779, 6780.00, 1
7275, 29269, 7, 0, 36044, 36050, 6781, 6774, 968.71, 1
7276, 29272, 4, 0, 36051, 36054, 6782, 6778, 1695.50, 1
7277, 29273, 7, 0, 36055, 36061, 6788, 6781, 969.71, 1
7278, 29274, 1, 0, 36062, 36062, 6788, 6787, 6788.00, 1
7279, 29275, 2, 0, 36063, 36064, 6789, 6787, 3394.50, 1
7280, 29276, 7, 0, 36065, 36071, 6795, 6788, 970.71, 1
7281, 29278, 5, 0, 36072, 36076, 6798, 6793, 1359.60, 1
7282, 29280, 4, 0, 36077, 36080, 6800, 6796, 1700.00, 1
7283, 29292, 6, 0, 36081, 36086, 6794, 6788, 1132.33, 1
7284, 29299, 1, 0, 36087, 36087, 6788, 6787, 6788.00, 1
7285, 29303, 4, 0, 36088, 36091, 6788, 6784, 1697.00, 1
7286, 29304, 3, 0, 36092, 36094, 6790, 6787, 2263.33, 1
7287, 29305, 1, 0, 36095, 36095, 6790, 6789, 6790.00, 1
7288, 29319, 1, 0, 36096, 36096, 6777, 6776, 6777.00, 1
7289, 29327, 7, 0, 36097, 36103, 6776, 6769, 968.00, 1
7290, 29329, 1, 0, 36104, 36104, 6775, 6774, 6775.00, 1
7291, 29337, 4, 0, 36105, 36108, 6771, 6767, 1692.75, 1
7292, 29339, 6, 0, 36109, 36114, 6775, 6769, 1129.17, 1
7293, 29342, 1, 0, 36115, 36115, 6773, 6772, 6773.00, 1
7294, 29349, 3, 0, 36116, 36118, 6769, 6766, 2256.33, 1
7295, 29350, 6, 0, 36119, 36124, 6774, 6768, 1129.00, 1
7296, 29351, 2, 0, 36125, 36126, 6775, 6773, 3387.50, 1
7297, 29354, 6, 0, 36127, 36132, 6778, 6772, 1129.67, 1
7298, 29361, 2, 0, 36133, 36134, 6773, 6771, 3386.50, 1
7299, 29362, 2, 0, 36135, 36136, 6774, 6772, 3387.00, 1
7300, 29365, 20, 0, 36137, 36156, 6791, 6771, 339.55, 1
7301, 29366, 4, 0, 36157, 36160, 6794, 6790, 1698.50, 1
7302, 29376, 2, 0, 36161, 36162, 6786, 6784, 3393.00, 1
7303, 29378, 2, 0, 36163, 36164, 6786, 6784, 3393.00, 1
7304, 29379, 3, 0, 36165, 36167, 6788, 6785, 2262.67, 1
7305, 29380, 1, 0, 36168, 36168, 6788, 6787, 6788.00, 1
7306, 29383, 2, 0, 36169, 36170, 6787, 6785, 3393.50, 1
7307, 29384, 2, 0, 36171, 36172, 6788, 6786, 3394.00, 1
7308, 29385, 15, 0, 36173, 36187, 6802, 6787, 453.47, 1
7309, 29386, 2, 0, 36188, 36189, 6803, 6801, 3401.50, 1
7310, 29391, 2, 0, 36190, 36191, 6800, 6798, 3400.00, 1
7311, 29394, 4, 0, 36192, 36195, 6801, 6797, 1700.25, 1
7312, 29396, 2, 0, 36196, 36197, 6801, 6799, 3400.50, 1
7313, 29398, 4, 0, 36198, 36201, 6803, 6799, 1700.75, 1
7314, 29399, 5, 0, 36202, 36206, 6807, 6802, 1361.40, 1
7315, 29400, 5, 0, 36207, 36211, 6811, 6806, 1362.20, 1
7316, 29403, 3, 0, 36212, 36214, 6811, 6808, 2270.33, 1
7317, 29406, 5, 0, 36215, 36219, 6813, 6808, 1362.60, 1
7318, 29408, 10, 0, 36220, 36229, 6821, 6811, 682.10, 1
7319, 29411, 1, 0, 36230, 36230, 6819, 6818, 6819.00, 1
7320, 29422, 2, 0, 36231, 36232, 6810, 6808, 3405.00, 1
7321, 29429, 9, 0, 36233, 36241, 6812, 6803, 756.89, 1
7322, 29430, 4, 0, 36242, 36245, 6815, 6811, 1703.75, 1
7323, 29432, 2, 0, 36246, 36247, 6815, 6813, 3407.50, 1
7324, 29434, 2, 0, 36248, 36249, 6815, 6813, 3407.50, 1
7325, 29448, 14, 0, 36250, 36263, 6815, 6801, 486.79, 1
7326, 29451, 3, 0, 36264, 36266, 6815, 6812, 2271.67, 1
7327, 29457, 2, 0, 36267, 36268, 6811, 6809, 3405.50, 1
7328, 29460, 1, 0, 36269, 36269, 6809, 6808, 6809.00, 1
7329, 29461, 3, 0, 36270, 36272, 6811, 6808, 2270.33, 1
7330, 29465, 19, 0, 36273, 36291, 6826, 6807, 359.26, 1
7331, 29467, 7, 0, 36292, 36298, 6831, 6824, 975.86, 1
7332, 29468, 19, 0, 36299, 36317, 6849, 6830, 360.47, 1
7333, 29472, 4, 0, 36318, 36321, 6849, 6845, 1712.25, 1
7334, 29478, 11, 0, 36322, 36332, 6854, 6843, 623.09, 1
7335, 29483, 10, 0, 36333, 36342, 6859, 6849, 685.90, 1
7336, 29490, 3, 0, 36343, 36345, 6855, 6852, 2285.00, 1
7337, 29491, 5, 0, 36346, 36350, 6859, 6854, 1371.80, 1
7338, 29493, 5, 0, 36351, 36355, 6862, 6857, 1372.40, 1
7339, 29495, 1, 0, 36356, 36356, 6861, 6860, 6861.00, 1
7340, 29496, 10, 0, 36357, 36366, 6870, 6860, 687.00, 1
7341, 29500, 3, 0, 36367, 36369, 6869, 6866, 2289.67, 1
7342, 29502, 6, 0, 36370, 36375, 6873, 6867, 1145.50, 1
7343, 29508, 18, 0, 36376, 36393, 6885, 6867, 382.50, 1
7344, 29512, 1, 0, 36394, 36394, 6882, 6881, 6882.00, 1
7345, 29516, 3, 0, 36395, 36397, 6881, 6878, 2293.67, 1
7346, 29517, 1, 0, 36398, 36398, 6881, 6880, 6881.00, 1
7347, 29519, 3, 0, 36399, 36401, 6882, 6879, 2294.00, 1
7348, 29524, 2, 0, 36402, 36403, 6879, 6877, 3439.50, 1
7349, 29531, 7, 0, 36404, 36410, 6879, 6872, 982.71, 1
7350, 29538, 2, 0, 36411, 36412, 6874, 6872, 3437.00, 1
7351, 29540, 4, 0, 36413, 36416, 6876, 6872, 1719.00, 1
7352, 29541, 18, 0, 36417, 36434, 6893, 6875, 382.94, 1
7353, 29549, 11, 0, 36435, 36445, 6896, 6885, 626.91, 1
7354, 29553, 6, 0, 36446, 36451, 6898, 6892, 1149.67, 1
7355, 29555, 18, 0, 36452, 36469, 6914, 6896, 384.11, 1
7356, 29559, 1, 0, 36470, 36470, 6911, 6910, 6911.00, 1
7357, 29572, 3, 0, 36471, 36473, 6901, 6898, 2300.33, 1
7358, 29574, 6, 0, 36474, 36479, 6905, 6899, 1150.83, 1
7359, 29588, 7, 0, 36480, 36486, 6898, 6891, 985.43, 1
7360, 29589, 5, 0, 36487, 36491, 6902, 6897, 1380.40, 1
7361, 29599, 2, 0, 36492, 36493, 6894, 6892, 3447.00, 1
7362, 29607, 13, 0, 36494, 36506, 6899, 6886, 530.69, 1
7363, 29614, 4, 0, 36507, 36510, 6896, 6892, 1724.00, 1
7364, 29617, 9, 0, 36511, 36519, 6902, 6893, 766.89, 1
7365, 29618, 1, 0, 36520, 36520, 6902, 6901, 6902.00, 1
7366, 29622, 8, 0, 36521, 36528, 6906, 6898, 863.25, 1
7367, 29623, 6, 0, 36529, 36534, 6911, 6905, 1151.83, 1
7368, 29624, 1, 0, 36535, 36535, 6911, 6910, 6911.00, 1
7369, 29628, 3, 0, 36536, 36538, 6910, 6907, 2303.33, 1
7370, 29635, 6, 0, 36539, 36544, 6909, 6903, 1151.50, 1
7371, 29638, 7, 0, 36545, 36551, 6913, 6906, 987.57, 1
7372, 29642, 14, 0, 36552, 36565, 6923, 6909, 494.50, 1
7373, 29645, 14, 0, 36566, 36579, 6934, 6920, 495.29, 1
7374, 29648, 3, 0, 36580, 36582, 6934, 6931, 2311.33, 1
7375, 29654, 2, 0, 36583, 36584, 6930, 6928, 3465.00, 1
7376, 29658, 7, 0, 36585, 36591, 6933, 6926, 990.43, 1
7377, 29660, 6, 0, 36592, 36597, 6937, 6931, 1156.17, 1
7378, 29665, 1, 0, 36598, 36598, 6933, 6932, 6933.00, 1
7379, 29666, 8, 0, 36599, 36606, 6940, 6932, 867.50, 1
7380, 29673, 3, 0, 36607, 36609, 6936, 6933, 2312.00, 1
7381, 29677, 3, 0, 36610, 36612, 6935, 6932, 2311.67, 1
7382, 29684, 3, 0, 36613, 36615, 6931, 6928, 2310.33, 1
7383, 29685, 3, 0, 36616, 36618, 6933, 6930, 2311.00, 1
7384, 29688, 2, 0, 36619, 36620, 6932, 6930, 3466.00, 1
7385, 29691, 2, 0, 36621, 36622, 6931, 6929, 3465.50, 1
7386, 29693, 2, 0, 36623, 36624, 6931, 6929, 3465.50, 1
7387, 29694, 7, 0, 36625, 36631, 6937, 6930, 991.00, 1
7388, 29698, 2, 0, 36632, 36633, 6935, 6933, 3467.50, 1
7389, 29703, 7, 0, 36634, 36640, 6937, 6930, 991.00, 1
7390, 29707, 9, 0, 36641, 36649, 6942, 6933, 771.33, 1
7391, 29708, 1, 0, 36650, 36650, 6942, 6941, 6942.00, 1
7392, 29709, 21, 0, 36651, 36671, 6962, 6941, 331.52, 1
7393, 29710, 3, 0, 36672, 36674, 6964, 6961, 2321.33, 1
7394, 29712, 2, 0, 36675, 36676, 6964, 6962, 3482.00, 1
7395, 29717, 1, 0, 36677, 36677, 6960, 6959, 6960.00, 1
7396, 29719, 17, 0, 36678, 36694, 6975, 6958, 410.29, 1
7397, 29722, 18, 0, 36695, 36712, 6990, 6972, 388.33, 1
7398, 29724, 2, 0, 36713, 36714, 6990, 6988, 3495.00, 1
7399, 29726, 6, 0, 36715, 36720, 6994, 6988, 1165.67, 1
7400, 29728, 4, 0, 36721, 36724, 6996, 6992, 1749.00, 1
7401, 29729, 4, 0, 36725, 36728, 6999, 6995, 1749.75, 1
7402, 29732, 4, 0, 36729, 36732, 7000, 6996, 1750.00, 1
7403, 29754, 5, 0, 36733, 36737, 6983, 6978, 1396.60, 1
7404, 29756, 1, 0, 36738, 36738, 6982, 6981, 6982.00, 1
7405, 29758, 16, 0, 36739, 36754, 6996, 6980, 437.25, 1
7406, 29759, 2, 0, 36755, 36756, 6997, 6995, 3498.50, 1
7407, 29761, 3, 0, 36757, 36759, 6998, 6995, 2332.67, 1
7408, 29762, 10, 0, 36760, 36769, 7007, 6997, 700.70, 1
7409, 29768, 1, 0, 36770, 36770, 7002, 7001, 7002.00, 1
7410, 29774, 7, 0, 36771, 36777, 7003, 6996, 1000.43, 1
7411, 29779, 2, 0, 36778, 36779, 7000, 6998, 3500.00, 1
7412, 29783, 5, 0, 36780, 36784, 7001, 6996, 1400.20, 1
7413, 29786, 1, 0, 36785, 36785, 6999, 6998, 6999.00, 1
7414, 29791, 2, 0, 36786, 36787, 6996, 6994, 3498.00, 1
7415, 29793, 3, 0, 36788, 36790, 6997, 6994, 2332.33, 1
7416, 29795, 5, 0, 36791, 36795, 7000, 6995, 1400.00, 1
7417, 29797, 2, 0, 36796, 36797, 7000, 6998, 3500.00, 1
7418, 29801, 13, 0, 36798, 36810, 7009, 6996, 539.15, 1
7419, 29803, 1, 0, 36811, 36811, 7008, 7007, 7008.00, 1
7420, 29806, 7, 0, 36812, 36818, 7012, 7005, 1001.71, 1
7421, 29810, 1, 0, 36819, 36819, 7009, 7008, 7009.00, 1
7422, 29813, 9, 0, 36820, 36828, 7015, 7006, 779.44, 1
7423, 29814, 10, 0, 36829, 36838, 7024, 7014, 702.40, 1
7424, 29815, 2, 0, 36839, 36840, 7025, 7023, 3512.50, 1
7425, 29816, 2, 0, 36841, 36842, 7026, 7024, 3513.00, 1
7426, 29818, 4, 0, 36843, 36846, 7028, 7024, 1757.00, 1
7427, 29819, 4, 0, 36847, 36850, 7031, 7027, 1757.75, 1
7428, 29824, 1, 0, 36851, 36851, 7027, 7026, 7027.00, 1
7429, 29836, 2, 0, 36852, 36853, 7017, 7015, 3508.50, 1
7430, 29838, 4, 0, 36854, 36857, 7019, 7015, 1754.75, 1
7431, 29847, 4, 0, 36858, 36861, 7014, 7010, 1753.50, 1
7432, 29853, 3, 0, 36862, 36864, 7011, 7008, 2337.00, 1
7433, 29858, 8, 0, 36865, 36872, 7014, 7006, 876.75, 1
7434, 29865, 2, 0, 36873, 36874, 7009, 7007, 3504.50, 1
7435, 29881, 6, 0, 36875, 36880, 6999, 6993, 1166.50, 1
7436, 29883, 2, 0, 36881, 36882, 6999, 6997, 3499.50, 1
7437, 29886, 1, 0, 36883, 36883, 6997, 6996, 6997.00, 1
7438, 29895, 6, 0, 36884, 36889, 6994, 6988, 1165.67, 1
7439, 29896, 3, 0, 36890, 36892, 6996, 6993, 2332.00, 1
7440, 29905, 1, 0, 36893, 36893, 6988, 6987, 6988.00, 1
7441, 29919, 10, 0, 36894, 36903, 6984, 6974, 698.40, 1
7442, 29921, 3, 0, 36904, 36906, 6985, 6982, 2328.33, 1
7443, 29930, 4, 0, 36907, 36910, 6980, 6976, 1745.00, 1
7444, 29933, 2, 0, 36911, 36912, 6979, 6977, 3489.50, 1
7445, 29934, 2, 0, 36913, 36914, 6980, 6978, 3490.00, 1
7446, 29935, 10, 0, 36915, 36924, 6989, 6979, 698.90, 1
7447, 29937, 8, 0, 36925, 36932, 6995, 6987, 874.38, 1
7448, 29940, 2, 0, 36933, 36934, 6994, 6992, 3497.00, 1
7449, 29945, 2, 0, 36935, 36936, 6991, 6989, 3495.50, 1
7450, 29946, 5, 0, 36937, 36941, 6995, 6990, 1399.00, 1
7451, 29952, 1, 0, 36942, 36942, 6990, 6989, 6990.00, 1
7452, 29956, 8, 0, 36943, 36950, 6994, 6986, 874.25, 1
7453, 29961, 3, 0, 36951, 36953, 6992, 6989, 2330.67, 1
7454, 29962, 4, 0, 36954, 36957, 6995, 6991, 1748.75, 1
7455, 29968, 3, 0, 36958, 36960, 6992, 6989, 2330.67, 1
7456, 29970, 7, 0, 36961, 36967, 6997, 6990, 999.57, 1
7457, 29973, 1, 0, 36968, 36968, 6995, 6994, 6995.00, 1
7458, 29976, 1, 0, 36969, 36969, 6993, 6992, 6993.00, 1
7459, 29983, 3, 0, 36970, 36972, 6989, 6986, 2329.67, 1
7460, 29985, 10, 0, 36973, 36982, 6997, 6987, 699.70, 1
7461, 29989, 1, 0, 36983, 36983, 6994, 6993, 6994.00, 1
7462, 30000, 4, 0, 36984, 36987, 6987, 6983, 1746.75, 1
7463, 30001, 2, 0, 36988, 36989, 6988, 6986, 3494.00, 1
7464, 30003, 1, 0, 36990, 36990, 6987, 6986, 6987.00, 1
7465, 30010, 6, 0, 36991, 36996, 6986, 6980, 1164.33, 1
7466, 30012, 1, 0, 36997, 36997, 6985, 6984, 6985.00, 1
7467, 30015, 1, 0, 36998, 36998, 6983, 6982, 6983.00, 1
7468, 30018, 2, 0, 36999, 37000, 6982, 6980, 3491.00, 1
7469, 30021, 2, 0, 37001, 37002, 6981, 6979, 3490.50, 1
7470, 30026, 14, 0, 37003, 37016, 6990, 6976, 499.29, 1
7471, 30029, 5, 0, 37017, 37021, 6992, 6987, 1398.40, 1
7472, 30031, 2, 0, 37022, 37023, 6992, 6990, 3496.00, 1
7473, 30035, 13, 0, 37024, 37036, 7001, 6988, 538.54, 1
7474, 30036, 1, 0, 37037, 37037, 7001, 7000, 7001.00, 1
7475, 30037, 13, 0, 37038, 37050, 7013, 7000, 539.46, 1
7476, 30040, 4, 0, 37051, 37054, 7014, 7010, 1753.50, 1
7477, 30052, 3, 0, 37055, 37057, 7005, 7002, 2335.00, 1
7478, 30054, 2, 0, 37058, 37059, 7005, 7003, 3502.50, 1
7479, 30055, 15, 0, 37060, 37074, 7019, 7004, 467.93, 1
7480, 30057, 4, 0, 37075, 37078, 7021, 7017, 1755.25, 1
7481, 30071, 11, 0, 37079, 37089, 7018, 7007, 638.00, 1
7482, 30078, 2, 0, 37090, 37091, 7013, 7011, 3506.50, 1
7483, 30084, 2, 0, 37092, 37093, 7009, 7007, 3504.50, 1
7484, 30085, 3, 0, 37094, 37096, 7011, 7008, 2337.00, 1
7485, 30088, 3, 0, 37097, 37099, 7011, 7008, 2337.00, 1
7486, 30089, 4, 0, 37100, 37103, 7014, 7010, 1753.50, 1
7487, 30095, 6, 0, 37104, 37109, 7014, 7008, 1169.00, 1
7488, 30100, 1, 0, 37110, 37110, 7010, 7009, 7010.00, 1
7489, 30106, 16, 0, 37111, 37126, 7020, 7004, 438.75, 1
7490, 30109, 11, 0, 37127, 37137, 7028, 7017, 638.91, 1
7491, 30111, 6, 0, 37138, 37143, 7032, 7026, 1172.00, 1
7492, 30115, 3, 0, 37144, 37146, 7031, 7028, 2343.67, 1
7493, 30122, 2, 0, 37147, 37148, 7026, 7024, 3513.00, 1
7494, 30129, 1, 0, 37149, 37149, 7020, 7019, 7020.00, 1
7495, 30130, 13, 0, 37150, 37162, 7032, 7019, 540.92, 1
7496, 30131, 24, 0, 37163, 37186, 7055, 7031, 293.96, 1
7497, 30134, 3, 0, 37187, 37189, 7055, 7052, 2351.67, 1
7498, 30140, 14, 0, 37190, 37203, 7063, 7049, 504.50, 1
7499, 30142, 2, 0, 37204, 37205, 7063, 7061, 3531.50, 1
7500, 30150, 2, 0, 37206, 37207, 7057, 7055, 3528.50, 1
7501, 30151, 3, 0, 37208, 37210, 7059, 7056, 2353.00, 1
7502, 30154, 3, 0, 37211, 37213, 7059, 7056, 2353.00, 1
7503, 30155, 1, 0, 37214, 37214, 7059, 7058, 7059.00, 1
7504, 30156, 18, 0, 37215, 37232, 7076, 7058, 393.11, 1
7505, 30158, 6, 0, 37233, 37238, 7080, 7074, 1180.00, 1
7506, 30162, 6, 0, 37239, 37244, 7082, 7076, 1180.33, 1
7507, 30163, 6, 0, 37245, 37250, 7087, 7081, 1181.17, 1
7508, 30167, 1, 0, 37251, 37251, 7084, 7083, 7084.00, 1
7509, 30168, 1, 0, 37252, 37252, 7084, 7083, 7084.00, 1
7510, 30170, 6, 0, 37253, 37258, 7088, 7082, 1181.33, 1
7511, 30171, 3, 0, 37259, 37261, 7090, 7087, 2363.33, 1
7512, 30173, 9, 0, 37262, 37270, 7097, 7088, 788.56, 1
7513, 30180, 1, 0, 37271, 37271, 7091, 7090, 7091.00, 1
7514, 30182, 1, 0, 37272, 37272, 7090, 7089, 7090.00, 1
7515, 30186, 1, 0, 37273, 37273, 7087, 7086, 7087.00, 1
7516, 30187, 6, 0, 37274, 37279, 7092, 7086, 1182.00, 1
7517, 30190, 4, 0, 37280, 37283, 7093, 7089, 1773.25, 1
7518, 30192, 3, 0, 37284, 37286, 7094, 7091, 2364.67, 1
7519, 30194, 3, 0, 37287, 37289, 7095, 7092, 2365.00, 1
7520, 30195, 7, 0, 37290, 37296, 7101, 7094, 1014.43, 1
7521, 30197, 4, 0, 37297, 37300, 7103, 7099, 1775.75, 1
7522, 30198, 1, 0, 37301, 37301, 7103, 7102, 7103.00, 1
7523, 30199, 3, 0, 37302, 37304, 7105, 7102, 2368.33, 1
7524, 30201, 7, 0, 37305, 37311, 7110, 7103, 1015.71, 1
7525, 30204, 2, 0, 37312, 37313, 7109, 7107, 3554.50, 1
7526, 30205, 4, 0, 37314, 37317, 7112, 7108, 1778.00, 1
7527, 30209, 2, 0, 37318, 37319, 7110, 7108, 3555.00, 1
7528, 30216, 2, 0, 37320, 37321, 7105, 7103, 3552.50, 1
7529, 30217, 3, 0, 37322, 37324, 7107, 7104, 2369.00, 1
7530, 30218, 1, 0, 37325, 37325, 7107, 7106, 7107.00, 1
7531, 30224, 8, 0, 37326, 37333, 7109, 7101, 888.62, 1
7532, 30226, 5, 0, 37334, 37338, 7112, 7107, 1422.40, 1
7533, 30229, 6, 0, 37339, 37344, 7115, 7109, 1185.83, 1
7534, 30233, 12, 0, 37345, 37356, 7123, 7111, 593.58, 1
7535, 30236, 28, 0, 37357, 37384, 7148, 7120, 255.29, 1
7536, 30238, 4, 0, 37385, 37388, 7150, 7146, 1787.50, 1
7537, 30239, 6, 0, 37389, 37394, 7155, 7149, 1192.50, 1
7538, 30242, 4, 0, 37395, 37398, 7156, 7152, 1789.00, 1
7539, 30243, 3, 0, 37399, 37401, 7158, 7155, 2386.00, 1
7540, 30248, 1, 0, 37402, 37402, 7154, 7153, 7154.00, 1
7541, 30252, 3, 0, 37403, 37405, 7153, 7150, 2384.33, 1
7542, 30262, 5, 0, 37406, 37410, 7148, 7143, 1429.60, 1
7543, 30265, 7, 0, 37411, 37417, 7152, 7145, 1021.71, 1
7544, 30267, 2, 0, 37418, 37419, 7152, 7150, 3576.00, 1
7545, 30268, 4, 0, 37420, 37423, 7155, 7151, 1788.75, 1
7546, 30278, 7, 0, 37424, 37430, 7152, 7145, 1021.71, 1
7547, 30279, 4, 0, 37431, 37434, 7155, 7151, 1788.75, 1
7548, 30280, 8, 0, 37435, 37442, 7162, 7154, 895.25, 1
7549, 30283, 7, 0, 37443, 37449, 7166, 7159, 1023.71, 1
7550, 30289, 3, 0, 37450, 37452, 7163, 7160, 2387.67, 1
7551, 30294, 2, 0, 37453, 37454, 7160, 7158, 3580.00, 1
7552, 30295, 19, 0, 37455, 37473, 7178, 7159, 377.79, 1
7553, 30300, 3, 0, 37474, 37476, 7176, 7173, 2392.00, 1
7554, 30308, 6, 0, 37477, 37482, 7174, 7168, 1195.67, 1
7555, 30312, 8, 0, 37483, 37490, 7178, 7170, 897.25, 1
7556, 30314, 2, 0, 37491, 37492, 7178, 7176, 3589.00, 1
7557, 30317, 1, 0, 37493, 37493, 7176, 7175, 7176.00, 1
7558, 30318, 3, 0, 37494, 37496, 7178, 7175, 2392.67, 1
7559, 30319, 1, 0, 37497, 37497, 7178, 7177, 7178.00, 1
7560, 30326, 8, 0, 37498, 37505, 7179, 7171, 897.38, 1
7561, 30340, 2, 0, 37506, 37507, 7167, 7165, 3583.50, 1
7562, 30354, 3, 0, 37508, 37510, 7156, 7153, 2385.33, 1
7563, 30355, 3, 0, 37511, 37513, 7158, 7155, 2386.00, 1
7564, 30356, 2, 0, 37514, 37515, 7159, 7157, 3579.50, 1
7565, 30357, 22, 0, 37516, 37537, 7180, 7158, 326.36, 1
7566, 30361, 4, 0, 37538, 37541, 7180, 7176, 1795.00, 1
7567, 30362, 4, 0, 37542, 37545, 7183, 7179, 1795.75, 1
7568, 30369, 3, 0, 37546, 37548, 7179, 7176, 2393.00, 1
7569, 30370, 1, 0, 37549, 37549, 7179, 7178, 7179.00, 1
7570, 30373, 1, 0, 37550, 37550, 7177, 7176, 7177.00, 1
7571, 30374, 1, 0, 37551, 37551, 7177, 7176, 7177.00, 1
7572, 30376, 1, 0, 37552, 37552, 7176, 7175, 7176.00, 1
7573, 30381, 3, 0, 37553, 37555, 7174, 7171, 2391.33, 1
7574, 30385, 8, 0, 37556, 37563, 7178, 7170, 897.25, 1
7575, 30391, 1, 0, 37564, 37564, 7173, 7172, 7173.00, 1
7576, 30394, 3, 0, 37565, 37567, 7173, 7170, 2391.00, 1
7577, 30408, 1, 0, 37568, 37568, 7160, 7159, 7160.00, 1
7578, 30411, 10, 0, 37569, 37578, 7167, 7157, 716.70, 1
7579, 30412, 20, 0, 37579, 37598, 7186, 7166, 359.30, 1
7580, 30414, 3, 0, 37599, 37601, 7187, 7184, 2395.67, 1
7581, 30421, 5, 0, 37602, 37606, 7185, 7180, 1437.00, 1
7582, 30424, 3, 0, 37607, 37609, 7185, 7182, 2395.00, 1
7583, 30425, 5, 0, 37610, 37614, 7189, 7184, 1437.80, 1
7584, 30427, 12, 0, 37615, 37626, 7199, 7187, 599.92, 1
7585, 30428, 10, 0, 37627, 37636, 7208, 7198, 720.80, 1
7586, 30445, 3, 0, 37637, 37639, 7194, 7191, 2398.00, 1
7587, 30447, 2, 0, 37640, 37641, 7194, 7192, 3597.00, 1
7588, 30450, 1, 0, 37642, 37642, 7192, 7191, 7192.00, 1
7589, 30453, 1, 0, 37643, 37643, 7190, 7189, 7190.00, 1
7590, 30458, 4, 0, 37644, 37647, 7189, 7185, 1797.25, 1
7591, 30463, 1, 0, 37648, 37648, 7185, 7184, 7185.00, 1
7592, 30467, 1, 0, 37649, 37649, 7182, 7181, 7182.00, 1
7593, 30472, 4, 0, 37650, 37653, 7181, 7177, 1795.25, 1
7594, 30478, 3, 0, 37654, 37656, 7178, 7175, 2392.67, 1
7595, 30484, 4, 0, 37657, 37660, 7176, 7172, 1794.00, 1
7596, 30495, 2, 0, 37661, 37662, 7167, 7165, 3583.50, 1
7597, 30501, 4, 0, 37663, 37666, 7165, 7161, 1791.25, 1
7598, 30508, 2, 0, 37667, 37668, 7160, 7158, 3580.00, 1
7599, 30509, 4, 0, 37669, 37672, 7163, 7159, 1790.75, 1
7600, 30512, 2, 0, 37673, 37674, 7162, 7160, 3581.00, 1
7601, 30516, 5, 0, 37675, 37679, 7163, 7158, 1432.60, 1
7602, 30518, 1, 0, 37680, 37680, 7162, 7161, 7162.00, 1
7603, 30527, 2, 0, 37681, 37682, 7155, 7153, 3577.50, 1
7604, 30530, 4, 0, 37683, 37686, 7156, 7152, 1789.00, 1
7605, 30535, 1, 0, 37687, 37687, 7152, 7151, 7152.00, 1
7606, 30536, 2, 0, 37688, 37689, 7153, 7151, 3576.50, 1
7607, 30538, 3, 0, 37690, 37692, 7154, 7151, 2384.67, 1
7608, 30539, 1, 0, 37693, 37693, 7154, 7153, 7154.00, 1
7609, 30551, 4, 0, 37694, 37697, 7146, 7142, 1786.50, 1
7610, 30552, 8, 0, 37698, 37705, 7153, 7145, 894.12, 1
7611, 30556, 1, 0, 37706, 37706, 7150, 7149, 7150.00, 1
7612, 30559, 14, 0, 37707, 37720, 7161, 7147, 511.50, 1
7613, 30572, 4, 0, 37721, 37724, 7152, 7148, 1788.00, 1
7614, 30573, 5, 0, 37725, 37729, 7156, 7151, 1431.20, 1
7615, 30576, 10, 0, 37730, 37739, 7163, 7153, 716.30, 1
7616, 30582, 3, 0, 37740, 37742, 7160, 7157, 2386.67, 1
7617, 30585, 1, 0, 37743, 37743, 7158, 7157, 7158.00, 1
7618, 30592, 1, 0, 37744, 37744, 7152, 7151, 7152.00, 1
7619, 30595, 5, 0, 37745, 37749, 7154, 7149, 1430.80, 1
7620, 30600, 18, 0, 37750, 37767, 7167, 7149, 398.17, 1
7621, 30602, 1, 0, 37768, 37768, 7166, 7165, 7166.00, 1
7622, 30604, 3, 0, 37769, 37771, 7167, 7164, 2389.00, 1
7623, 30606, 2, 0, 37772, 37773, 7167, 7165, 3583.50, 1
7624, 30608, 2, 0, 37774, 37775, 7167, 7165, 3583.50, 1
7625, 30609, 12, 0, 37776, 37787, 7178, 7166, 598.17, 1
7626, 30610, 32, 0, 37788, 37819, 7209, 7177, 225.28, 1
7627, 30615, 9, 0, 37820, 37828, 7213, 7204, 801.44, 1
7628, 30620, 3, 0, 37829, 37831, 7211, 7208, 2403.67, 1
7629, 30624, 10, 0, 37832, 37841, 7217, 7207, 721.70, 1
7630, 30625, 3, 0, 37842, 37844, 7219, 7216, 2406.33, 1
7631, 30627, 5, 0, 37845, 37849, 7222, 7217, 1444.40, 1
7632, 30631, 1, 0, 37850, 37850, 7219, 7218, 7219.00, 1
7633, 30645, 8, 0, 37851, 37858, 7213, 7205, 901.62, 1
7634, 30650, 5, 0, 37859, 37863, 7213, 7208, 1442.60, 1
7635, 30664, 2, 0, 37864, 37865, 7201, 7199, 3600.50, 1
7636, 30665, 1, 0, 37866, 37866, 7201, 7200, 7201.00, 1
7637, 30667, 12, 0, 37867, 37878, 7211, 7199, 600.92, 1
7638, 30668, 8, 0, 37879, 37886, 7218, 7210, 902.25, 1
7639, 30676, 2, 0, 37887, 37888, 7212, 7210, 3606.00, 1
7640, 30679, 7, 0, 37889, 37895, 7216, 7209, 1030.86, 1
7641, 30683, 4, 0, 37896, 37899, 7216, 7212, 1804.00, 1
7642, 30686, 2, 0, 37900, 37901, 7215, 7213, 3607.50, 1
7643, 30694, 3, 0, 37902, 37904, 7210, 7207, 2403.33, 1
7644, 30695, 3, 0, 37905, 37907, 7212, 7209, 2404.00, 1
7645, 30696, 4, 0, 37908, 37911, 7215, 7211, 1803.75, 1
7646, 30697, 2, 0, 37912, 37913, 7216, 7214, 3608.00, 1
7647, 30699, 8, 0, 37914, 37921, 7222, 7214, 902.75, 1
7648, 30705, 11, 0, 37922, 37932, 7227, 7216, 657.00, 1
7649, 30707, 2, 0, 37933, 37934, 7227, 7225, 3613.50, 1
7650, 30708, 3, 0, 37935, 37937, 7229, 7226, 2409.67, 1
7651, 30709, 5, 0, 37938, 37942, 7233, 7228, 1446.60, 1
7652, 30719, 6, 0, 37943, 37948, 7229, 7223, 1204.83, 1
7653, 30725, 8, 0, 37949, 37956, 7231, 7223, 903.88, 1
7654, 30739, 2, 0, 37957, 37958, 7219, 7217, 3609.50, 1
7655, 30742, 5, 0, 37959, 37963, 7221, 7216, 1444.20, 1
7656, 30743, 1, 0, 37964, 37964, 7221, 7220, 7221.00, 1
7657, 30744, 10, 0, 37965, 37974, 7230, 7220, 723.00, 1
7658, 30747, 13, 0, 37975, 37987, 7240, 7227, 556.92, 1
7659, 30748, 3, 0, 37988, 37990, 7242, 7239, 2414.00, 1
7660, 30750, 3, 0, 37991, 37993, 7243, 7240, 2414.33, 1
7661, 30753, 1, 0, 37994, 37994, 7241, 7240, 7241.00, 1
7662, 30754, 1, 0, 37995, 37995, 7241, 7240, 7241.00, 1
7663, 30756, 6, 0, 37996, 38001, 7245, 7239, 1207.50, 1
7664, 30761, 7, 0, 38002, 38008, 7247, 7240, 1035.29, 1
7665, 30773, 4, 0, 38009, 38012, 7239, 7235, 1809.75, 1
7666, 30774, 5, 0, 38013, 38017, 7243, 7238, 1448.60, 1
7667, 30780, 2, 0, 38018, 38019, 7239, 7237, 3619.50, 1
7668, 30781, 10, 0, 38020, 38029, 7248, 7238, 724.80, 1
7669, 30782, 8, 0, 38030, 38037, 7255, 7247, 906.88, 1
7670, 30783, 11, 0, 38038, 38048, 7265, 7254, 660.45, 1
7671, 30787, 2, 0, 38049, 38050, 7263, 7261, 3631.50, 1
7672, 30789, 3, 0, 38051, 38053, 7264, 7261, 2421.33, 1
7673, 30791, 4, 0, 38054, 38057, 7266, 7262, 1816.50, 1
7674, 30792, 12, 0, 38058, 38069, 7277, 7265, 606.42, 1
7675, 30796, 1, 0, 38070, 38070, 7274, 7273, 7274.00, 1
7676, 30799, 3, 0, 38071, 38073, 7274, 7271, 2424.67, 1
7677, 30800, 3, 0, 38074, 38076, 7276, 7273, 2425.33, 1
7678, 30807, 4, 0, 38077, 38080, 7273, 7269, 1818.25, 1
7679, 30811, 1, 0, 38081, 38081, 7270, 7269, 7270.00, 1
7680, 30820, 12, 0, 38082, 38093, 7273, 7261, 606.08, 1
7681, 30823, 7, 0, 38094, 38100, 7277, 7270, 1039.57, 1
7682, 30824, 1, 0, 38101, 38101, 7277, 7276, 7277.00, 1
7683, 30826, 9, 0, 38102, 38110, 7284, 7275, 809.33, 1
7684, 30833, 2, 0, 38111, 38112, 7279, 7277, 3639.50, 1
7685, 30834, 4, 0, 38113, 38116, 7282, 7278, 1820.50, 1
7686, 30835, 2, 0, 38117, 38118, 7283, 7281, 3641.50, 1
7687, 30838, 1, 0, 38119, 38119, 7281, 7280, 7281.00, 1
7688, 30844, 1, 0, 38120, 38120, 7276, 7275, 7276.00, 1
7689, 30849, 9, 0, 38121, 38129, 7280, 7271, 808.89, 1
7690, 30850, 3, 0, 38130, 38132, 7282, 7279, 2427.33, 1
7691, 30854, 2, 0, 38133, 38134, 7280, 7278, 3640.00, 1
7692, 30862, 3, 0, 38135, 38137, 7275, 7272, 2425.00, 1
7693, 30864, 7, 0, 38138, 38144, 7280, 7273, 1040.00, 1
7694, 30884, 16, 0, 38145, 38160, 7276, 7260, 454.75, 1
7695, 30886, 4, 0, 38161, 38164, 7278, 7274, 1819.50, 1
7696, 30887, 12, 0, 38165, 38176, 7289, 7277, 607.42, 1
7697, 30888, 3, 0, 38177, 38179, 7291, 7288, 2430.33, 1
7698, 30894, 3, 0, 38180, 38182, 7288, 7285, 2429.33, 1
7699, 30896, 2, 0, 38183, 38184, 7288, 7286, 3644.00, 1
7700, 30901, 1, 0, 38185, 38185, 7284, 7283, 7284.00, 1
7701, 30905, 4, 0, 38186, 38189, 7284, 7280, 1821.00, 1
7702, 30917, 6, 0, 38190, 38195, 7278, 7272, 1213.00, 1
7703, 30919, 2, 0, 38196, 38197, 7278, 7276, 3639.00, 1
7704, 30920, 6, 0, 38198, 38203, 7283, 7277, 1213.83, 1
7705, 30925, 6, 0, 38204, 38209, 7284, 7278, 1214.00, 1
7706, 30931, 3, 0, 38210, 38212, 7281, 7278, 2427.00, 1
7707, 30937, 1, 0, 38213, 38213, 7276, 7275, 7276.00, 1
7708, 30943, 6, 0, 38214, 38219, 7276, 7270, 1212.67, 1
7709, 30950, 4, 0, 38220, 38223, 7273, 7269, 1818.25, 1
7710, 30952, 3, 0, 38224, 38226, 7274, 7271, 2424.67, 1
7711, 30955, 1, 0, 38227, 38227, 7272, 7271, 7272.00, 1
7712, 30962, 7, 0, 38228, 38234, 7272, 7265, 1038.86, 1
7713, 30963, 6, 0, 38235, 38240, 7277, 7271, 1212.83, 1
7714, 30972, 2, 0, 38241, 38242, 7270, 7268, 3635.00, 1
7715, 30976, 18, 0, 38243, 38260, 7284, 7266, 404.67, 1
7716, 30977, 3, 0, 38261, 38263, 7286, 7283, 2428.67, 1
7717, 30980, 10, 0, 38264, 38273, 7293, 7283, 729.30, 1
7718, 30983, 4, 0, 38274, 38277, 7294, 7290, 1823.50, 1
7719, 30986, 3, 0, 38278, 38280, 7294, 7291, 2431.33, 1
7720, 30992, 8, 0, 38281, 38288, 7296, 7288, 912.00, 1
7721, 30993, 1, 0, 38289, 38289, 7296, 7295, 7296.00, 1
7722, 30994, 2, 0, 38290, 38291, 7297, 7295, 3648.50, 1
7723, 30997, 2, 0, 38292, 38293, 7296, 7294, 3648.00, 1
7724, 31008, 2, 0, 38294, 38295, 7287, 7285, 3643.50, 1
7725, 31017, 4, 0, 38296, 38299, 7282, 7278, 1820.50, 1
7726, 31038, 2, 0, 38300, 38301, 7263, 7261, 3631.50, 1
7727, 31043, 1, 0, 38302, 38302, 7259, 7258, 7259.00, 1
7728, 31051, 3, 0, 38303, 38305, 7254, 7251, 2418.00, 1
7729, 31063, 9, 0, 38306, 38314, 7251, 7242, 805.67, 1
7730, 31090, 1, 0, 38315, 38315, 7225, 7224, 7225.00, 1
7731, 31094, 5, 0, 38316, 38320, 7226, 7221, 1445.20, 1
7732, 31101, 8, 0, 38321, 38328, 7227, 7219, 903.38, 1
7733, 31106, 2, 0, 38329, 38330, 7224, 7222, 3612.00, 1
7734, 31107, 6, 0, 38331, 38336, 7229, 7223, 1204.83, 1
7735, 31110, 6, 0, 38337, 38342, 7232, 7226, 1205.33, 1
7736, 31117, 14, 0, 38343, 38356, 7239, 7225, 517.07, 1
7737, 31119, 2, 0, 38357, 38358, 7239, 7237, 3619.50, 1
7738, 31139, 4, 0, 38359, 38362, 7223, 7219, 1805.75, 1
7739, 31140, 3, 0, 38363, 38365, 7225, 7222, 2408.33, 1
7740, 31141, 5, 0, 38366, 38370, 7229, 7224, 1445.80, 1
7741, 31143, 7, 0, 38371, 38377, 7234, 7227, 1033.43, 1
7742, 31146, 7, 0, 38378, 38384, 7238, 7231, 1034.00, 1
7743, 31149, 9, 0, 38385, 38393, 7244, 7235, 804.89, 1
7744, 31154, 8, 0, 38394, 38401, 7247, 7239, 905.88, 1
7745, 31155, 6, 0, 38402, 38407, 7252, 7246, 1208.67, 1
7746, 31156, 8, 0, 38408, 38415, 7259, 7251, 907.38, 1
7747, 31160, 11, 0, 38416, 38426, 7266, 7255, 660.55, 1
7748, 31166, 8, 0, 38427, 38434, 7268, 7260, 908.50, 1
7749, 31167, 5, 0, 38435, 38439, 7272, 7267, 1454.40, 1
7750, 31173, 18, 0, 38440, 38457, 7284, 7266, 404.67, 1
7751, 31176, 2, 0, 38458, 38459, 7283, 7281, 3641.50, 1
7752, 31177, 4, 0, 38460, 38463, 7286, 7282, 1821.50, 1
7753, 31179, 3, 0, 38464, 38466, 7287, 7284, 2429.00, 1
7754, 31181, 3, 0, 38467, 38469, 7288, 7285, 2429.33, 1
7755, 31182, 4, 0, 38470, 38473, 7291, 7287, 1822.75, 1
7756, 31187, 1, 0, 38474, 38474, 7287, 7286, 7287.00, 1
7757, 31189, 5, 0, 38475, 38479, 7290, 7285, 1458.00, 1
7758, 31191, 3, 0, 38480, 38482, 7291, 7288, 2430.33, 1
7759, 31195, 14, 0, 38483, 38496, 7301, 7287, 521.50, 1
7760, 31196, 5, 0, 38497, 38501, 7305, 7300, 1461.00, 1
7761, 31202, 8, 0, 38502, 38509, 7307, 7299, 913.38, 1
7762, 31209, 1, 0, 38510, 38510, 7301, 7300, 7301.00, 1
7763, 31211, 6, 0, 38511, 38516, 7305, 7299, 1217.50, 1
7764, 31214, 6, 0, 38517, 38522, 7308, 7302, 1218.00, 1
7765, 31219, 8, 0, 38523, 38530, 7311, 7303, 913.88, 1
7766, 31226, 3, 0, 38531, 38533, 7307, 7304, 2435.67, 1
7767, 31228, 1, 0, 38534, 38534, 7306, 7305, 7306.00, 1
7768, 31230, 1, 0, 38535, 38535, 7305, 7304, 7305.00, 1
7769, 31231, 5, 0, 38536, 38540, 7309, 7304, 1461.80, 1
7770, 31241, 4, 0, 38541, 38544, 7303, 7299, 1825.75, 1
7771, 31242, 1, 0, 38545, 38545, 7303, 7302, 7303.00, 1
7772, 31249, 2, 0, 38546, 38547, 7298, 7296, 3649.00, 1
7773, 31253, 2, 0, 38548, 38549, 7296, 7294, 3648.00, 1
7774, 31264, 1, 0, 38550, 38550, 7286, 7285, 7286.00, 1
7775, 31272, 14, 0, 38551, 38564, 7292, 7278, 520.86, 1
7776, 31275, 1, 0, 38565, 38565, 7290, 7289, 7290.00, 1
7777, 31278, 3, 0, 38566, 38568, 7290, 7287, 2430.00, 1
7778, 31280, 2, 0, 38569, 38570, 7290, 7288, 3645.00, 1
7779, 31281, 2, 0, 38571, 38572, 7291, 7289, 3645.50, 1
7780, 31282, 1, 0, 38573, 38573, 7291, 7290, 7291.00, 1
7781, 31291, 4, 0, 38574, 38577, 7286, 7282, 1821.50, 1
7782, 31293, 1, 0, 38578, 38578, 7285, 7284, 7285.00, 1
7783, 31301, 4, 0, 38579, 38582, 7281, 7277, 1820.25, 1
7784, 31304, 9, 0, 38583, 38591, 7287, 7278, 809.67, 1
7785, 31306, 6, 0, 38592, 38597, 7291, 7285, 1215.17, 1
7786, 31308, 1, 0, 38598, 38598, 7290, 7289, 7290.00, 1
7787, 31313, 2, 0, 38599, 38600, 7287, 7285, 3643.50, 1
7788, 31314, 5, 0, 38601, 38605, 7291, 7286, 1458.20, 1
7789, 31320, 3, 0, 38606, 38608, 7288, 7285, 2429.33, 1
7790, 31322, 6, 0, 38609, 38614, 7292, 7286, 1215.33, 1
7791, 31326, 4, 0, 38615, 38618, 7292, 7288, 1823.00, 1
7792, 31327, 3, 0, 38619, 38621, 7294, 7291, 2431.33, 1
7793, 31334, 4, 0, 38622, 38625, 7291, 7287, 1822.75, 1
7794, 31336, 3, 0, 38626, 38628, 7292, 7289, 2430.67, 1
7795, 31338, 6, 0, 38629, 38634, 7296, 7290, 1216.00, 1
7796, 31340, 1, 0, 38635, 38635, 7295, 7294, 7295.00, 1
7797, 31341, 3, 0, 38636, 38638, 7297, 7294, 2432.33, 1
7798, 31342, 1, 0, 38639, 38639, 7297, 7296, 7297.00, 1
7799, 31349, 4, 0, 38640, 38643, 7294, 7290, 1823.50, 1
7800, 31350, 13, 0, 38644, 38656, 7306, 7293, 562.00, 1
7801, 31351, 4, 0, 38657, 38660, 7309, 7305, 1827.25, 1
7802, 31355, 1, 0, 38661, 38661, 7306, 7305, 7306.00, 1
7803, 31362, 1, 0, 38662, 38662, 7300, 7299, 7300.00, 1
7804, 31363, 3, 0, 38663, 38665, 7302, 7299, 2434.00, 1
7805, 31364, 1, 0, 38666, 38666, 7302, 7301, 7302.00, 1
7806, 31365, 3, 0, 38667, 38669, 7304, 7301, 2434.67, 1
7807, 31368, 1, 0, 38670, 38670, 7302, 7301, 7302.00, 1
7808, 31372, 7, 0, 38671, 38677, 7305, 7298, 1043.57, 1
7809, 31373, 5, 0, 38678, 38682, 7309, 7304, 1461.80, 1
7810, 31374, 2, 0, 38683, 38684, 7310, 7308, 3655.00, 1
7811, 31377, 3, 0, 38685, 38687, 7310, 7307, 2436.67, 1
7812, 31378, 6, 0, 38688, 38693, 7315, 7309, 1219.17, 1
7813, 31383, 1, 0, 38694, 38694, 7311, 7310, 7311.00, 1
7814, 31384, 1, 0, 38695, 38695, 7311, 7310, 7311.00, 1
7815, 31385, 5, 0, 38696, 38700, 7315, 7310, 1463.00, 1
7816, 31391, 3, 0, 38701, 38703, 7312, 7309, 2437.33, 1
7817, 31395, 10, 0, 38704, 38713, 7318, 7308, 731.80, 1
7818, 31396, 6, 0, 38714, 38719, 7323, 7317, 1220.50, 1
7819, 31397, 2, 0, 38720, 38721, 7324, 7322, 3662.00, 1
7820, 31398, 8, 0, 38722, 38729, 7331, 7323, 916.38, 1
7821, 31405, 2, 0, 38730, 38731, 7326, 7324, 3663.00, 1
7822, 31406, 1, 0, 38732, 38732, 7326, 7325, 7326.00, 1
7823, 31408, 4, 0, 38733, 38736, 7328, 7324, 1832.00, 1
7824, 31409, 6, 0, 38737, 38742, 7333, 7327, 1222.17, 1
7825, 31410, 1, 0, 38743, 38743, 7333, 7332, 7333.00, 1
7826, 31414, 1, 0, 38744, 38744, 7330, 7329, 7330.00, 1
7827, 31418, 2, 0, 38745, 38746, 7328, 7326, 3664.00, 1
7828, 31420, 8, 0, 38747, 38754, 7334, 7326, 916.75, 1
7829, 31422, 2, 0, 38755, 38756, 7334, 7332, 3667.00, 1
7830, 31425, 1, 0, 38757, 38757, 7332, 7331, 7332.00, 1
7831, 31427, 13, 0, 38758, 38770, 7343, 7330, 564.85, 1
7832, 31431, 1, 0, 38771, 38771, 7340, 7339, 7340.00, 1
7833, 31432, 2, 0, 38772, 38773, 7341, 7339, 3670.50, 1
7834, 31437, 4, 0, 38774, 38777, 7340, 7336, 1835.00, 1
7835, 31451, 8, 0, 38778, 38785, 7334, 7326, 916.75, 1
7836, 31453, 1, 0, 38786, 38786, 7333, 7332, 7333.00, 1
7837, 31458, 11, 0, 38787, 38797, 7339, 7328, 667.18, 1
7838, 31464, 1, 0, 38798, 38798, 7334, 7333, 7334.00, 1
7839, 31471, 2, 0, 38799, 38800, 7329, 7327, 3664.50, 1
7840, 31472, 11, 0, 38801, 38811, 7339, 7328, 667.18, 1
7841, 31475, 2, 0, 38812, 38813, 7338, 7336, 3669.00, 1
7842, 31477, 1, 0, 38814, 38814, 7337, 7336, 7337.00, 1
7843, 31481, 12, 0, 38815, 38826, 7345, 7333, 612.08, 1
7844, 31482, 2, 0, 38827, 38828, 7346, 7344, 3673.00, 1
7845, 31489, 3, 0, 38829, 38831, 7342, 7339, 2447.33, 1
7846, 31490, 1, 0, 38832, 38832, 7342, 7341, 7342.00, 1
7847, 31494, 3, 0, 38833, 38835, 7341, 7338, 2447.00, 1
7848, 31502, 2, 0, 38836, 38837, 7335, 7333, 3667.50, 1
7849, 31503, 3, 0, 38838, 38840, 7337, 7334, 2445.67, 1
7850, 31507, 1, 0, 38841, 38841, 7334, 7333, 7334.00, 1
7851, 31509, 1, 0, 38842, 38842, 7333, 7332, 7333.00, 1
7852, 31511, 3, 0, 38843, 38845, 7334, 7331, 2444.67, 1
7853, 31517, 3, 0, 38846, 38848, 7331, 7328, 2443.67, 1
7854, 31518, 3, 0, 38849, 38851, 7333, 7330, 2444.33, 1
7855, 31520, 5, 0, 38852, 38856, 7336, 7331, 1467.20, 1
7856, 31531, 1, 0, 38857, 38857, 7326, 7325, 7326.00, 1
7857, 31534, 1, 0, 38858, 38858, 7324, 7323, 7324.00, 1
7858, 31539, 3, 0, 38859, 38861, 7322, 7319, 2440.67, 1
7859, 31540, 4, 0, 38862, 38865, 7325, 7321, 1831.25, 1
7860, 31550, 3, 0, 38866, 38868, 7318, 7315, 2439.33, 1
7861, 31554, 14, 0, 38869, 38882, 7328, 7314, 523.43, 1
7862, 31556, 13, 0, 38883, 38895, 7339, 7326, 564.54, 1
7863, 31559, 8, 0, 38896, 38903, 7344, 7336, 918.00, 1
7864, 31561, 6, 0, 38904, 38909, 7348, 7342, 1224.67, 1
7865, 31563, 12, 0, 38910, 38921, 7358, 7346, 613.17, 1
7866, 31569, 1, 0, 38922, 38922, 7353, 7352, 7353.00, 1
7867, 31573, 5, 0, 38923, 38927, 7354, 7349, 1470.80, 1
7868, 31576, 10, 0, 38928, 38937, 7361, 7351, 736.10, 1
7869, 31577, 23, 0, 38938, 38960, 7383, 7360, 321.00, 1
7870, 31582, 16, 0, 38961, 38976, 7394, 7378, 462.12, 1
7871, 31585, 4, 0, 38977, 38980, 7395, 7391, 1848.75, 1
7872, 31590, 2, 0, 38981, 38982, 7392, 7390, 3696.00, 1
7873, 31591, 5, 0, 38983, 38987, 7396, 7391, 1479.20, 1
7874, 31597, 6, 0, 38988, 38993, 7396, 7390, 1232.67, 1
7875, 31601, 5, 0, 38994, 38998, 7397, 7392, 1479.40, 1
7876, 31606, 1, 0, 38999, 38999, 7393, 7392, 7393.00, 1
7877, 31616, 1, 0, 39000, 39000, 7384, 7383, 7384.00, 1
7878, 31621, 1, 0, 39001, 39001, 7380, 7379, 7380.00, 1
7879, 31622, 3, 0, 39002, 39004, 7382, 7379, 2460.67, 1
7880, 31624, 15, 0, 39005, 39019, 7395, 7380, 493.00, 1
7881, 31625, 1, 0, 39020, 39020, 7395, 7394, 7395.00, 1
7882, 31628, 3, 0, 39021, 39023, 7395, 7392, 2465.00, 1
7883, 31631, 1, 0, 39024, 39024, 7393, 7392, 7393.00, 1
7884, 31632, 8, 0, 39025, 39032, 7400, 7392, 925.00, 1
7885, 31633, 4, 0, 39033, 39036, 7403, 7399, 1850.75, 1
7886, 31634, 1, 0, 39037, 39037, 7403, 7402, 7403.00, 1
7887, 31637, 1, 0, 39038, 39038, 7401, 7400, 7401.00, 1
7888, 31638, 10, 0, 39039, 39048, 7410, 7400, 741.00, 1
7889, 31641, 11, 0, 39049, 39059, 7418, 7407, 674.36, 1
7890, 31648, 8, 0, 39060, 39067, 7419, 7411, 927.38, 1
7891, 31650, 2, 0, 39068, 39069, 7419, 7417, 3709.50, 1
7892, 31651, 8, 0, 39070, 39077, 7426, 7418, 928.25, 1
7893, 31662, 2, 0, 39078, 39079, 7417, 7415, 3708.50, 1
7894, 31663, 2, 0, 39080, 39081, 7418, 7416, 3709.00, 1
7895, 31667, 1, 0, 39082, 39082, 7415, 7414, 7415.00, 1
7896, 31671, 2, 0, 39083, 39084, 7413, 7411, 3706.50, 1
7897, 31674, 1, 0, 39085, 39085, 7411, 7410, 7411.00, 1
7898, 31676, 3, 0, 39086, 39088, 7412, 7409, 2470.67, 1
7899, 31680, 6, 0, 39089, 39094, 7414, 7408, 1235.67, 1
7900, 31692, 10, 0, 39095, 39104, 7412, 7402, 741.20, 1
7901, 31704, 1, 0, 39105, 39105, 7401, 7400, 7401.00, 1
7902, 31716, 2, 0, 39106, 39107, 7391, 7389, 3695.50, 1
7903, 31724, 2, 0, 39108, 39109, 7385, 7383, 3692.50, 1
7904, 31737, 7, 0, 39110, 39116, 7379, 7372, 1054.14, 1
7905, 31745, 3, 0, 39117, 39119, 7374, 7371, 2458.00, 1
7906, 31750, 1, 0, 39120, 39120, 7370, 7369, 7370.00, 1
7907, 31752, 4, 0, 39121, 39124, 7372, 7368, 1843.00, 1
7908, 31754, 7, 0, 39125, 39131, 7377, 7370, 1053.86, 1
7909, 31756, 4, 0, 39132, 39135, 7379, 7375, 1844.75, 1
7910, 31759, 1, 0, 39136, 39136, 7377, 7376, 7377.00, 1
7911, 31761, 5, 0, 39137, 39141, 7380, 7375, 1476.00, 1
7912, 31763, 7, 0, 39142, 39148, 7385, 7378, 1055.00, 1
7913, 31767, 3, 0, 39149, 39151, 7384, 7381, 2461.33, 1
7914, 31774, 6, 0, 39152, 39157, 7383, 7377, 1230.50, 1
7915, 31775, 21, 0, 39158, 39178, 7403, 7382, 352.52, 1
7916, 31778, 5, 0, 39179, 39183, 7405, 7400, 1481.00, 1
7917, 31783, 1, 0, 39184, 39184, 7401, 7400, 7401.00, 1
7918, 31793, 8, 0, 39185, 39192, 7399, 7391, 924.88, 1
7919, 31796, 12, 0, 39193, 39204, 7408, 7396, 617.33, 1
7920, 31801, 4, 0, 39205, 39208, 7407, 7403, 1851.75, 1
7921, 31803, 9, 0, 39209, 39217, 7414, 7405, 823.78, 1
7922, 31805, 2, 0, 39218, 39219, 7414, 7412, 3707.00, 1
7923, 31809, 19, 0, 39220, 39238, 7429, 7410, 391.00, 1
7924, 31810, 3, 0, 39239, 39241, 7431, 7428, 2477.00, 1
7925, 31814, 6, 0, 39242, 39247, 7433, 7427, 1238.83, 1
7926, 31819, 4, 0, 39248, 39251, 7432, 7428, 1858.00, 1
7927, 31827, 3, 0, 39252, 39254, 7427, 7424, 2475.67, 1
7928, 31834, 1, 0, 39255, 39255, 7421, 7420, 7421.00, 1
7929, 31837, 25, 0, 39256, 39280, 7443, 7418, 297.72, 1
7930, 31839, 2, 0, 39281, 39282, 7443, 7441, 3721.50, 1
7931, 31848, 6, 0, 39283, 39288, 7440, 7434, 1240.00, 1
7932, 31851, 1, 0, 39289, 39289, 7438, 7437, 7438.00, 1
7933, 31852, 3, 0, 39290, 39292, 7440, 7437, 2480.00, 1
7934, 31853, 3, 0, 39293, 39295, 7442, 7439, 2480.67, 1
7935, 31854, 7, 0, 39296, 39302, 7448, 7441, 1064.00, 1
7936, 31855, 3, 0, 39303, 39305, 7450, 7447, 2483.33, 1
7937, 31856, 4, 0, 39306, 39309, 7453, 7449, 1863.25, 1
7938, 31858, 4, 0, 39310, 39313, 7455, 7451, 1863.75, 1
7939, 31877, 2, 0, 39314, 39315, 7438, 7436, 3719.00, 1
7940, 31880, 4, 0, 39316, 39319, 7439, 7435, 1859.75, 1
7941, 31881, 1, 0, 39320, 39320, 7439, 7438, 7439.00, 1
7942, 31886, 2, 0, 39321, 39322, 7436, 7434, 3718.00, 1
7943, 31896, 3, 0, 39323, 39325, 7429, 7426, 2476.33, 1
7944, 31901, 10, 0, 39326, 39335, 7434, 7424, 743.40, 1
7945, 31903, 4, 0, 39336, 39339, 7436, 7432, 1859.00, 1
7946, 31906, 27, 0, 39340, 39366, 7460, 7433, 276.30, 1
7947, 31914, 10, 0, 39367, 39376, 7462, 7452, 746.20, 1
7948, 31917, 2, 0, 39377, 39378, 7461, 7459, 3730.50, 1
7949, 31922, 2, 0, 39379, 39380, 7458, 7456, 3729.00, 1
7950, 31923, 1, 0, 39381, 39381, 7458, 7457, 7458.00, 1
7951, 31927, 4, 0, 39382, 39385, 7458, 7454, 1864.50, 1
7952, 31931, 6, 0, 39386, 39391, 7460, 7454, 1243.33, 1
7953, 31934, 2, 0, 39392, 39393, 7459, 7457, 3729.50, 1
7954, 31935, 5, 0, 39394, 39398, 7463, 7458, 1492.60, 1
7955, 31949, 2, 0, 39399, 39400, 7451, 7449, 3725.50, 1
7956, 31953, 4, 0, 39401, 39404, 7451, 7447, 1862.75, 1
7957, 31960, 7, 0, 39405, 39411, 7451, 7444, 1064.43, 1
7958, 31961, 1, 0, 39412, 39412, 7451, 7450, 7451.00, 1
7959, 31964, 3, 0, 39413, 39415, 7451, 7448, 2483.67, 1
7960, 31970, 2, 0, 39416, 39417, 7447, 7445, 3723.50, 1
7961, 31973, 7, 0, 39418, 39424, 7451, 7444, 1064.43, 1
7962, 31975, 10, 0, 39425, 39434, 7459, 7449, 745.90, 1
7963, 31986, 1, 0, 39435, 39435, 7449, 7448, 7449.00, 1
7964, 31992, 4, 0, 39436, 39439, 7447, 7443, 1861.75, 1
7965, 31997, 2, 0, 39440, 39441, 7444, 7442, 3722.00, 1
7966, 31998, 3, 0, 39442, 39444, 7446, 7443, 2482.00, 1
7967, 32001, 4, 0, 39445, 39448, 7447, 7443, 1861.75, 1
7968, 32004, 9, 0, 39449, 39457, 7453, 7444, 828.11, 1
7969, 32006, 5, 0, 39458, 39462, 7456, 7451, 1491.20, 1
7970, 32008, 2, 0, 39463, 39464, 7456, 7454, 3728.00, 1
7971, 32013, 2, 0, 39465, 39466, 7453, 7451, 3726.50, 1
7972, 32019, 8, 0, 39467, 39474, 7455, 7447, 931.88, 1
7973, 32020, 3, 0, 39475, 39477, 7457, 7454, 2485.67, 1
7974, 32022, 2, 0, 39478, 39479, 7457, 7455, 3728.50, 1
7975, 32028, 1, 0, 39480, 39480, 7452, 7451, 7452.00, 1
7976, 32032, 5, 0, 39481, 39485, 7453, 7448, 1490.60, 1
7977, 32033, 10, 0, 39486, 39495, 7462, 7452, 746.20, 1
7978, 32047, 8, 0, 39496, 39503, 7456, 7448, 932.00, 1
7979, 32058, 11, 0, 39504, 39514, 7456, 7445, 677.82, 1
7980, 32060, 11, 0, 39515, 39525, 7465, 7454, 678.64, 1
7981, 32062, 3, 0, 39526, 39528, 7466, 7463, 2488.67, 1
7982, 32064, 8, 0, 39529, 39536, 7472, 7464, 934.00, 1
7983, 32066, 3, 0, 39537, 39539, 7473, 7470, 2491.00, 1
7984, 32069, 5, 0, 39540, 39544, 7475, 7470, 1495.00, 1
7985, 32071, 1, 0, 39545, 39545, 7474, 7473, 7474.00, 1
7986, 32072, 2, 0, 39546, 39547, 7475, 7473, 3737.50, 1
7987, 32078, 1, 0, 39548, 39548, 7470, 7469, 7470.00, 1
7988, 32079, 2, 0, 39549, 39550, 7471, 7469, 3735.50, 1
7989, 32082, 1, 0, 39551, 39551, 7469, 7468, 7469.00, 1
7990, 32083, 6, 0, 39552, 39557, 7474, 7468, 1245.67, 1
7991, 32085, 3, 0, 39558, 39560, 7475, 7472, 2491.67, 1
7992, 32086, 7, 0, 39561, 39567, 7481, 7474, 1068.71, 1
7993, 32089, 4, 0, 39568, 39571, 7482, 7478, 1870.50, 1
7994, 32092, 4, 0, 39572, 39575, 7483, 7479, 1870.75, 1
7995, 32094, 2, 0, 39576, 39577, 7483, 7481, 3741.50, 1
7996, 32095, 1, 0, 39578, 39578, 7483, 7482, 7483.00, 1
7997, 32096, 1, 0, 39579, 39579, 7483, 7482, 7483.00, 1
7998, 32100, 1, 0, 39580, 39580, 7480, 7479, 7480.00, 1
7999, 32104, 1, 0, 39581, 39581, 7477, 7476, 7477.00, 1
8000, 32107, 3, 0, 39582, 39584, 7477, 7474, 2492.33, 1
8001, 32132, 3, 0, 39585, 39587, 7455, 7452, 2485.00, 1
8002, 32138, 11, 0, 39588, 39598, 7460, 7449, 678.18, 1
8003, 32139, 1, 0, 39599, 39599, 7460, 7459, 7460.00, 1
8004, 32141, 9, 0, 39600, 39608, 7467, 7458, 829.67, 1
8005, 32144, 3, 0, 39609, 39611, 7467, 7464, 2489.00, 1
8006, 32146, 3, 0, 39612, 39614, 7468, 7465, 2489.33, 1
8007, 32147, 17, 0, 39615, 39631, 7484, 7467, 440.24, 1
8008, 32151, 1, 0, 39632, 39632, 7481, 7480, 7481.00, 1
8009, 32158, 8, 0, 39633, 39640, 7482, 7474, 935.25, 1
8010, 32159, 4, 0, 39641, 39644, 7485, 7481, 1871.25, 1
8011, 32172, 2, 0, 39645, 39646, 7474, 7472, 3737.00, 1
8012, 32173, 2, 0, 39647, 39648, 7475, 7473, 3737.50, 1
8013, 32175, 9, 0, 39649, 39657, 7482, 7473, 831.33, 1
8014, 32177, 3, 0, 39658, 39660, 7483, 7480, 2494.33, 1
8015, 32179, 9, 0, 39661, 39669, 7490, 7481, 832.22, 1
8016, 32183, 3, 0, 39670, 39672, 7489, 7486, 2496.33, 1
8017, 32188, 16, 0, 39673, 39688, 7500, 7484, 468.75, 1
8018, 32203, 2, 0, 39689, 39690, 7487, 7485, 3743.50, 1
8019, 32213, 15, 0, 39691, 39705, 7492, 7477, 499.47, 1
8020, 32220, 9, 0, 39706, 39714, 7494, 7485, 832.67, 1
8021, 32226, 3, 0, 39715, 39717, 7491, 7488, 2497.00, 1
8022, 32227, 6, 0, 39718, 39723, 7496, 7490, 1249.33, 1
8023, 32229, 2, 0, 39724, 39725, 7496, 7494, 3748.00, 1
8024, 32234, 3, 0, 39726, 39728, 7494, 7491, 2498.00, 1
8025, 32237, 9, 0, 39729, 39737, 7500, 7491, 833.33, 1
8026, 32240, 4, 0, 39738, 39741, 7501, 7497, 1875.25, 1
8027, 32241, 6, 0, 39742, 39747, 7506, 7500, 1251.00, 1
8028, 32242, 2, 0, 39748, 39749, 7507, 7505, 3753.50, 1
8029, 32243, 3, 0, 39750, 39752, 7509, 7506, 2503.00, 1
8030, 32247, 7, 0, 39753, 39759, 7512, 7505, 1073.14, 1
8031, 32248, 8, 0, 39760, 39767, 7519, 7511, 939.88, 1
8032, 32253, 1, 0, 39768, 39768, 7515, 7514, 7515.00, 1
8033, 32254, 3, 0, 39769, 39771, 7517, 7514, 2505.67, 1
8034, 32256, 7, 0, 39772, 39778, 7522, 7515, 1074.57, 1
8035, 32259, 1, 0, 39779, 39779, 7520, 7519, 7520.00, 1
8036, 32270, 5, 0, 39780, 39784, 7514, 7509, 1502.80, 1
8037, 32273, 5, 0, 39785, 39789, 7516, 7511, 1503.20, 1
8038, 32274, 5, 0, 39790, 39794, 7520, 7515, 1504.00, 1
8039, 32275, 5, 0, 39795, 39799, 7524, 7519, 1504.80, 1
8040, 32280, 5, 0, 39800, 39804, 7524, 7519, 1504.80, 1
8041, 32282, 4, 0, 39805, 39808, 7526, 7522, 1881.50, 1
8042, 32288, 5, 0, 39809, 39813, 7525, 7520, 1505.00, 1
8043, 32291, 9, 0, 39814, 39822, 7531, 7522, 836.78, 1
8044, 32292, 4, 0, 39823, 39826, 7534, 7530, 1883.50, 1
8045, 32295, 2, 0, 39827, 39828, 7533, 7531, 3766.50, 1
8046, 32299, 15, 0, 39829, 39843, 7544, 7529, 502.93, 1
8047, 32303, 4, 0, 39844, 39847, 7544, 7540, 1886.00, 1
8048, 32305, 3, 0, 39848, 39850, 7545, 7542, 2515.00, 1
8049, 32332, 2, 0, 39851, 39852, 7520, 7518, 3760.00, 1
8050, 32342, 6, 0, 39853, 39858, 7516, 7510, 1252.67, 1
8051, 32344, 19, 0, 39859, 39877, 7533, 7514, 396.47, 1
8052, 32346, 5, 0, 39878, 39882, 7536, 7531, 1507.20, 1
8053, 32347, 8, 0, 39883, 39890, 7543, 7535, 942.88, 1
8054, 32355, 5, 0, 39891, 39895, 7540, 7535, 1508.00, 1
8055, 32357, 4, 0, 39896, 39899, 7542, 7538, 1885.50, 1
8056, 32360, 1, 0, 39900, 39900, 7540, 7539, 7540.00, 1
8057, 32361, 4, 0, 39901, 39904, 7543, 7539, 1885.75, 1
8058, 32370, 3, 0, 39905, 39907, 7537, 7534, 2512.33, 1
8059, 32371, 5, 0, 39908, 39912, 7541, 7536, 1508.20, 1
8060, 32374, 4, 0, 39913, 39916, 7542, 7538, 1885.50, 1
8061, 32375, 2, 0, 39917, 39918, 7543, 7541, 3771.50, 1
8062, 32378, 6, 0, 39919, 39924, 7546, 7540, 1257.67, 1
8063, 32379, 1, 0, 39925, 39925, 7546, 7545, 7546.00, 1
8064, 32380, 1, 0, 39926, 39926, 7546, 7545, 7546.00, 1
8065, 32381, 3, 0, 39927, 39929, 7548, 7545, 2516.00, 1
8066, 32382, 2, 0, 39930, 39931, 7549, 7547, 3774.50, 1
8067, 32392, 8, 0, 39932, 39939, 7547, 7539, 943.38, 1
8068, 32394, 10, 0, 39940, 39949, 7555, 7545, 755.50, 1
8069, 32395, 1, 0, 39950, 39950, 7555, 7554, 7555.00, 1
8070, 32397, 7, 0, 39951, 39957, 7560, 7553, 1080.00, 1
8071, 32399, 8, 0, 39958, 39965, 7566, 7558, 945.75, 1
8072, 32409, 3, 0, 39966, 39968, 7559, 7556, 2519.67, 1
8073, 32416, 20, 0, 39969, 39988, 7572, 7552, 378.60, 1
8074, 32418, 5, 0, 39989, 39993, 7575, 7570, 1515.00, 1
8075, 32425, 4, 0, 39994, 39997, 7572, 7568, 1893.00, 1
8076, 32429, 12, 0, 39998, 40009, 7580, 7568, 631.67, 1
8077, 32432, 9, 0, 40010, 40018, 7586, 7577, 842.89, 1
8078, 32435, 3, 0, 40019, 40021, 7586, 7583, 2528.67, 1
8079, 32436, 4, 0, 40022, 40025, 7589, 7585, 1897.25, 1
8080, 32447, 1, 0, 40026, 40026, 7579, 7578, 7579.00, 1
8081, 32451, 5, 0, 40027, 40031, 7580, 7575, 1516.00, 1
8082, 32454, 1, 0, 40032, 40032, 7578, 7577, 7578.00, 1
8083, 32460, 2, 0, 40033, 40034, 7574, 7572, 3787.00, 1
8084, 32461, 2, 0, 40035, 40036, 7575, 7573, 3787.50, 1
8085, 32464, 9, 0, 40037, 40045, 7581, 7572, 842.33, 1
8086, 32467, 12, 0, 40046, 40057, 7590, 7578, 632.50, 1
8087, 32468, 3, 0, 40058, 40060, 7592, 7589, 2530.67, 1
8088, 32469, 3, 0, 40061, 40063, 7594, 7591, 2531.33, 1
8089, 32472, 1, 0, 40064, 40064, 7592, 7591, 7592.00, 1
8090, 32477, 2, 0, 40065, 40066, 7589, 7587, 3794.50, 1
8091, 32479, 11, 0, 40067, 40077, 7598, 7587, 690.73, 1
8092, 32485, 6, 0, 40078, 40083, 7598, 7592, 1266.33, 1
8093, 32486, 2, 0, 40084, 40085, 7599, 7597, 3799.50, 1
8094, 32488, 5, 0, 40086, 40090, 7602, 7597, 1520.40, 1
8095, 32491, 13, 0, 40091, 40103, 7612, 7599, 585.54, 1
8096, 32493, 8, 0, 40104, 40111, 7618, 7610, 952.25, 1
8097, 32500, 2, 0, 40112, 40113, 7613, 7611, 3806.50, 1
8098, 32503, 5, 0, 40114, 40118, 7615, 7610, 1523.00, 1
8099, 32517, 1, 0, 40119, 40119, 7602, 7601, 7602.00, 1
8100, 32522, 9, 0, 40120, 40128, 7606, 7597, 845.11, 1
8101, 32535, 2, 0, 40129, 40130, 7595, 7593, 3797.50, 1
8102, 32538, 3, 0, 40131, 40133, 7595, 7592, 2531.67, 1
8103, 32541, 10, 0, 40134, 40143, 7602, 7592, 760.20, 1
8104, 32566, 5, 0, 40144, 40148, 7582, 7577, 1516.40, 1
8105, 32568, 17, 0, 40149, 40165, 7597, 7580, 446.88, 1
8106, 32575, 2, 0, 40166, 40167, 7592, 7590, 3796.00, 1
8107, 32579, 2, 0, 40168, 40169, 7590, 7588, 3795.00, 1
8108, 32585, 2, 0, 40170, 40171, 7586, 7584, 3793.00, 1
8109, 32588, 1, 0, 40172, 40172, 7584, 7583, 7584.00, 1
8110, 32592, 3, 0, 40173, 40175, 7583, 7580, 2527.67, 1
8111, 32598, 1, 0, 40176, 40176, 7578, 7577, 7578.00, 1
8112, 32608, 1, 0, 40177, 40177, 7569, 7568, 7569.00, 1
8113, 32618, 1, 0, 40178, 40178, 7560, 7559, 7560.00, 1
8114, 32625, 2, 0, 40179, 40180, 7555, 7553, 3777.50, 1
8115, 32629, 2, 0, 40181, 40182, 7553, 7551, 3776.50, 1
8116, 32630, 9, 0, 40183, 40191, 7561, 7552, 840.11, 1
8117, 32632, 2, 0, 40192, 40193, 7561, 7559, 3780.50, 1
8118, 32634, 2, 0, 40194, 40195, 7561, 7559, 3780.50, 1
8119, 32639, 3, 0, 40196, 40198, 7559, 7556, 2519.67, 1
8120, 32640, 11, 0, 40199, 40209, 7569, 7558, 688.09, 1
8121, 32645, 1, 0, 40210, 40210, 7565, 7564, 7565.00, 1
8122, 32649, 5, 0, 40211, 40215, 7566, 7561, 1513.20, 1
8123, 32652, 8, 0, 40216, 40223, 7571, 7563, 946.38, 1
8124, 32660, 4, 0, 40224, 40227, 7567, 7563, 1891.75, 1
8125, 32669, 5, 0, 40228, 40232, 7563, 7558, 1512.60, 1
8126, 32671, 2, 0, 40233, 40234, 7563, 7561, 3781.50, 1
8127, 32673, 4, 0, 40235, 40238, 7565, 7561, 1891.25, 1
8128, 32675, 3, 0, 40239, 40241, 7566, 7563, 2522.00, 1
8129, 32683, 11, 0, 40242, 40252, 7569, 7558, 688.09, 1
8130, 32687, 7, 0, 40253, 40259, 7572, 7565, 1081.71, 1
8131, 32689, 1, 0, 40260, 40260, 7571, 7570, 7571.00, 1
8132, 32690, 3, 0, 40261, 40263, 7573, 7570, 2524.33, 1
8133, 32692, 15, 0, 40264, 40278, 7586, 7571, 505.73, 1
8134, 32698, 3, 0, 40279, 40281, 7583, 7580, 2527.67, 1
8135, 32702, 6, 0, 40282, 40287, 7585, 7579, 1264.17, 1
8136, 32704, 5, 0, 40288, 40292, 7588, 7583, 1517.60, 1
8137, 32708, 2, 0, 40293, 40294, 7586, 7584, 3793.00, 1
8138, 32709, 3, 0, 40295, 40297, 7588, 7585, 2529.33, 1
8139, 32711, 4, 0, 40298, 40301, 7590, 7586, 1897.50, 1
8140, 32713, 6, 0, 40302, 40307, 7594, 7588, 1265.67, 1
8141, 32715, 3, 0, 40308, 40310, 7595, 7592, 2531.67, 1
8142, 32718, 4, 0, 40311, 40314, 7596, 7592, 1899.00, 1
8143, 32719, 1, 0, 40315, 40315, 7596, 7595, 7596.00, 1
8144, 32722, 8, 0, 40316, 40323, 7601, 7593, 950.12, 1
8145, 32724, 1, 0, 40324, 40324, 7600, 7599, 7600.00, 1
8146, 32725, 2, 0, 40325, 40326, 7601, 7599, 3800.50, 1
8147, 32726, 1, 0, 40327, 40327, 7601, 7600, 7601.00, 1
8148, 32731, 3, 0, 40328, 40330, 7599, 7596, 2533.00, 1
8149, 32734, 2, 0, 40331, 40332, 7598, 7596, 3799.00, 1
8150, 32741, 10, 0, 40333, 40342, 7601, 7591, 760.10, 1
8151, 32742, 5, 0, 40343, 40347, 7605, 7600, 1521.00, 1
8152, 32744, 12, 0, 40348, 40359, 7615, 7603, 634.58, 1
8153, 32745, 5, 0, 40360, 40364, 7619, 7614, 1523.80, 1
8154, 32747, 1, 0, 40365, 40365, 7618, 7617, 7618.00, 1
8155, 32751, 12, 0, 40366, 40377, 7626, 7614, 635.50, 1
8156, 32753, 4, 0, 40378, 40381, 7628, 7624, 1907.00, 1
8157, 32760, 1, 0, 40382, 40382, 7622, 7621, 7622.00, 1
8158, 32762, 8, 0, 40383, 40390, 7628, 7620, 953.50, 1
8159, 32763, 4, 0, 40391, 40394, 7631, 7627, 1907.75, 1
8160, 32767, 4, 0, 40395, 40398, 7631, 7627, 1907.75, 1
8161, 32774, 1, 0, 40399, 40399, 7625, 7624, 7625.00, 1
8162, 32775, 5, 0, 40400, 40404, 7629, 7624, 1525.80, 1
8163, 32776, 2, 0, 40405, 40406, 7630, 7628, 3815.00, 1
8164, 32791, 3, 0, 40407, 40409, 7618, 7615, 2539.33, 1
8165, 32795, 2, 0, 40410, 40411, 7616, 7614, 3808.00, 1
8166, 32798, 2, 0, 40412, 40413, 7615, 7613, 3807.50, 1
8167, 32800, 4, 0, 40414, 40417, 7617, 7613, 1904.25, 1
8168, 32801, 5, 0, 40418, 40422, 7621, 7616, 1524.20, 1
8169, 32805, 1, 0, 40423, 40423, 7618, 7617, 7618.00, 1
8170, 32806, 3, 0, 40424, 40426, 7620, 7617, 2540.00, 1
8171, 32808, 1, 0, 40427, 40427, 7619, 7618, 7619.00, 1
8172, 32810, 5, 0, 40428, 40432, 7622, 7617, 1524.40, 1
8173, 32812, 4, 0, 40433, 40436, 7624, 7620, 1906.00, 1
8174, 32813, 5, 0, 40437, 40441, 7628, 7623, 1525.60, 1
8175, 32817, 1, 0, 40442, 40442, 7625, 7624, 7625.00, 1
8176, 32826, 1, 0, 40443, 40443, 7617, 7616, 7617.00, 1
8177, 32828, 1, 0, 40444, 40444, 7616, 7615, 7616.00, 1
8178, 32838, 1, 0, 40445, 40445, 7607, 7606, 7607.00, 1
8179, 32840, 6, 0, 40446, 40451, 7611, 7605, 1268.50, 1
8180, 32841, 3, 0, 40452, 40454, 7613, 7610, 2537.67, 1
8181, 32852, 4, 0, 40455, 40458, 7606, 7602, 1901.50, 1
8182, 32859, 1, 0, 40459, 40459, 7600, 7599, 7600.00, 1
8183, 32864, 10, 0, 40460, 40469, 7605, 7595, 760.50, 1
8184, 32867, 1, 0, 40470, 40470, 7603, 7602, 7603.00, 1
8185, 32873, 1, 0, 40471, 40471, 7598, 7597, 7598.00, 1
8186, 32883, 6, 0, 40472, 40477, 7594, 7588, 1265.67, 1
8187, 32884, 4, 0, 40478, 40481, 7597, 7593, 1899.25, 1
8188, 32887, 8, 0, 40482, 40489, 7602, 7594, 950.25, 1
8189, 32888, 2, 0, 40490, 40491, 7603, 7601, 3801.50, 1
8190, 32889, 9, 0, 40492, 40500, 7611, 7602, 845.67, 1
8191, 32890, 1, 0, 40501, 40501, 7611, 7610, 7611.00, 1
8192, 32893, 2, 0, 40502, 40503, 7610, 7608, 3805.00, 1
8193, 32897, 4, 0, 40504, 40507, 7610, 7606, 1902.50, 1
8194, 32899, 8, 0, 40508, 40515, 7616, 7608, 952.00, 1
8195, 32900, 5, 0, 40516, 40520, 7620, 7615, 1524.00, 1
8196, 32901, 8, 0, 40521, 40528, 7627, 7619, 953.38, 1
8197, 32902, 4, 0, 40529, 40532, 7630, 7626, 1907.50, 1
8198, 32916, 4, 0, 40533, 40536, 7620, 7616, 1905.00, 1
8199, 32926, 10, 0, 40537, 40546, 7620, 7610, 762.00, 1
8200, 32927, 1, 0, 40547, 40547, 7620, 7619, 7620.00, 1
8201, 32933, 1, 0, 40548, 40548, 7615, 7614, 7615.00, 1
8202, 32938, 2, 0, 40549, 40550, 7612, 7610, 3806.00, 1
8203, 32941, 5, 0, 40551, 40555, 7614, 7609, 1522.80, 1
8204, 32955, 1, 0, 40556, 40556, 7601, 7600, 7601.00, 1
8205, 32969, 2, 0, 40557, 40558, 7589, 7587, 3794.50, 1
8206, 32974, 6, 0, 40559, 40564, 7590, 7584, 1265.00, 1
8207, 32984, 2, 0, 40565, 40566, 7582, 7580, 3791.00, 1
8208, 32986, 3, 0, 40567, 40569, 7583, 7580, 2527.67, 1
8209, 32992, 1, 0, 40570, 40570, 7578, 7577, 7578.00, 1
8210, 33013, 1, 0, 40571, 40571, 7558, 7557, 7558.00, 1
8211, 33014, 1, 0, 40572, 40572, 7558, 7557, 7558.00, 1
8212, 33020, 6, 0, 40573, 40578, 7558, 7552, 1259.67, 1
8213, 33021, 3, 0, 40579, 40581, 7560, 7557, 2520.00, 1
8214, 33023, 5, 0, 40582, 40586, 7563, 7558, 1512.60, 1
8215, 33024, 3, 0, 40587, 40589, 7565, 7562, 2521.67, 1
8216, 33030, 12, 0, 40590, 40601, 7571, 7559, 630.92, 1
8217, 33032, 1, 0, 40602, 40602, 7570, 7569, 7570.00, 1
8218, 33037, 2, 0, 40603, 40604, 7567, 7565, 3783.50, 1
8219, 33039, 9, 0, 40605, 40613, 7574, 7565, 841.56, 1
8220, 33040, 2, 0, 40614, 40615, 7575, 7573, 3787.50, 1
8221, 33043, 3, 0, 40616, 40618, 7575, 7572, 2525.00, 1
8222, 33045, 4, 0, 40619, 40622, 7577, 7573, 1894.25, 1
8223, 33048, 11, 0, 40623, 40633, 7585, 7574, 689.55, 1
8224, 33059, 4, 0, 40634, 40637, 7578, 7574, 1894.50, 1
8225, 33061, 12, 0, 40638, 40649, 7588, 7576, 632.33, 1
8226, 33063, 10, 0, 40650, 40659, 7596, 7586, 759.60, 1
8227, 33067, 6, 0, 40660, 40665, 7598, 7592, 1266.33, 1
8228, 33068, 2, 0, 40666, 40667, 7599, 7597, 3799.50, 1
8229, 33070, 3, 0, 40668, 40670, 7600, 7597, 2533.33, 1
8230, 33073, 1, 0, 40671, 40671, 7598, 7597, 7598.00, 1
8231, 33078, 1, 0, 40672, 40672, 7594, 7593, 7594.00, 1
8232, 33080, 6, 0, 40673, 40678, 7598, 7592, 1266.33, 1
8233, 33084, 4, 0, 40679, 40682, 7598, 7594, 1899.50, 1
8234, 33088, 2, 0, 40683, 40684, 7596, 7594, 3798.00, 1
8235, 33090, 2, 0, 40685, 40686, 7596, 7594, 3798.00, 1
8236, 33094, 4, 0, 40687, 40690, 7596, 7592, 1899.00, 1
8237, 33097, 10, 0, 40691, 40700, 7603, 7593, 760.30, 1
8238, 33098, 4, 0, 40701, 40704, 7606, 7602, 1901.50, 1
8239, 33101, 8, 0, 40705, 40712, 7611, 7603, 951.38, 1
8240, 33102, 3, 0, 40713, 40715, 7613, 7610, 2537.67, 1
8241, 33105, 1, 0, 40716, 40716, 7611, 7610, 7611.00, 1
8242, 33109, 4, 0, 40717, 40720, 7611, 7607, 1902.75, 1
8243, 33110, 3, 0, 40721, 40723, 7613, 7610, 2537.67, 1
8244, 33112, 2, 0, 40724, 40725, 7613, 7611, 3806.50, 1
8245, 33115, 3, 0, 40726, 40728, 7613, 7610, 2537.67, 1
8246, 33116, 2, 0, 40729, 40730, 7614, 7612, 3807.00, 1
8247, 33120, 2, 0, 40731, 40732, 7612, 7610, 3806.00, 1
8248, 33122, 2, 0, 40733, 40734, 7612, 7610, 3806.00, 1
8249, 33124, 6, 0, 40735, 40740, 7616, 7610, 1269.33, 1
8250, 33128, 17, 0, 40741, 40757, 7629, 7612, 448.76, 1
8251, 33129, 2, 0, 40758, 40759, 7630, 7628, 3815.00, 1
8252, 33135, 21, 0, 40760, 40780, 7645, 7624, 364.05, 1
8253, 33138, 3, 0, 40781, 40783, 7645, 7642, 2548.33, 1
8254, 33141, 2, 0, 40784, 40785, 7644, 7642, 3822.00, 1
8255, 33145, 6, 0, 40786, 40791, 7646, 7640, 1274.33, 1
8256, 33153, 4, 0, 40792, 40795, 7642, 7638, 1910.50, 1
8257, 33156, 2, 0, 40796, 40797, 7641, 7639, 3820.50, 1
8258, 33157, 3, 0, 40798, 40800, 7643, 7640, 2547.67, 1
8259, 33172, 10, 0, 40801, 40810, 7638, 7628, 763.80, 1
8260, 33174, 4, 0, 40811, 40814, 7640, 7636, 1910.00, 1
8261, 33175, 3, 0, 40815, 40817, 7642, 7639, 2547.33, 1
8262, 33183, 2, 0, 40818, 40819, 7636, 7634, 3818.00, 1
8263, 33190, 3, 0, 40820, 40822, 7632, 7629, 2544.00, 1
8264, 33192, 6, 0, 40823, 40828, 7636, 7630, 1272.67, 1
8265, 33194, 3, 0, 40829, 40831, 7637, 7634, 2545.67, 1
8266, 33199, 5, 0, 40832, 40836, 7637, 7632, 1527.40, 1
8267, 33200, 6, 0, 40837, 40842, 7642, 7636, 1273.67, 1
8268, 33210, 2, 0, 40843, 40844, 7634, 7632, 3817.00, 1
8269, 33211, 12, 0, 40845, 40856, 7645, 7633, 637.08, 1
8270, 33217, 5, 0, 40857, 40861, 7644, 7639, 1528.80, 1
8271, 33220, 2, 0, 40862, 40863, 7643, 7641, 3821.50, 1
8272, 33227, 2, 0, 40864, 40865, 7638, 7636, 3819.00, 1
8273, 33233, 6, 0, 40866, 40871, 7638, 7632, 1273.00, 1
8274, 33235, 3, 0, 40872, 40874, 7639, 7636, 2546.33, 1
8275, 33239, 6, 0, 40875, 40880, 7641, 7635, 1273.50, 1
8276, 33245, 7, 0, 40881, 40887, 7642, 7635, 1091.71, 1
8277, 33246, 1, 0, 40888, 40888, 7642, 7641, 7642.00, 1
8278, 33249, 6, 0, 40889, 40894, 7645, 7639, 1274.17, 1
8279, 33250, 1, 0, 40895, 40895, 7645, 7644, 7645.00, 1
8280, 33252, 5, 0, 40896, 40900, 7648, 7643, 1529.60, 1
8281, 33254, 1, 0, 40901, 40901, 7647, 7646, 7647.00, 1
8282, 33262, 10, 0, 40902, 40911, 7649, 7639, 764.90, 1
8283, 33264, 3, 0, 40912, 40914, 7650, 7647, 2550.00, 1
8284, 33265, 5, 0, 40915, 40919, 7654, 7649, 1530.80, 1
8285, 33274, 2, 0, 40920, 40921, 7647, 7645, 3823.50, 1
8286, 33276, 1, 0, 40922, 40922, 7646, 7645, 7646.00, 1
8287, 33280, 2, 0, 40923, 40924, 7644, 7642, 3822.00, 1
8288, 33287, 6, 0, 40925, 40930, 7643, 7637, 1273.83, 1
8289, 33288, 2, 0, 40931, 40932, 7644, 7642, 3822.00, 1
8290, 33290, 1, 0, 40933, 40933, 7643, 7642, 7643.00, 1
8291, 33292, 6, 0, 40934, 40939, 7647, 7641, 1274.50, 1
8292, 33303, 3, 0, 40940, 40942, 7639, 7636, 2546.33, 1
8293, 33305, 2, 0, 40943, 40944, 7639, 7637, 3819.50, 1
8294, 33306, 14, 0, 40945, 40958, 7652, 7638, 546.57, 1
8295, 33312, 3, 0, 40959, 40961, 7649, 7646, 2549.67, 1
8296, 33314, 10, 0, 40962, 40971, 7657, 7647, 765.70, 1
8297, 33316, 3, 0, 40972, 40974, 7658, 7655, 2552.67, 1
8298, 33320, 3, 0, 40975, 40977, 7657, 7654, 2552.33, 1
8299, 33325, 20, 0, 40978, 40997, 7672, 7652, 383.60, 1
8300, 33327, 2, 0, 40998, 40999, 7672, 7670, 3836.00, 1
8301, 33332, 5, 0, 41000, 41004, 7672, 7667, 1534.40, 1
8302, 33334, 6, 0, 41005, 41010, 7676, 7670, 1279.33, 1
8303, 33337, 9, 0, 41011, 41019, 7682, 7673, 853.56, 1
8304, 33340, 1, 0, 41020, 41020, 7680, 7679, 7680.00, 1
8305, 33343, 2, 0, 41021, 41022, 7679, 7677, 3839.50, 1
8306, 33346, 1, 0, 41023, 41023, 7677, 7676, 7677.00, 1
8307, 33351, 12, 0, 41024, 41035, 7684, 7672, 640.33, 1
8308, 33353, 7, 0, 41036, 41042, 7689, 7682, 1098.43, 1
8309, 33356, 2, 0, 41043, 41044, 7688, 7686, 3844.00, 1
8310, 33359, 8, 0, 41045, 41052, 7693, 7685, 961.62, 1
8311, 33361, 2, 0, 41053, 41054, 7693, 7691, 3846.50, 1
8312, 33362, 6, 0, 41055, 41060, 7698, 7692, 1283.00, 1
8313, 33365, 4, 0, 41061, 41064, 7699, 7695, 1924.75, 1
8314, 33369, 4, 0, 41065, 41068, 7699, 7695, 1924.75, 1
8315, 33383, 1, 0, 41069, 41069, 7686, 7685, 7686.00, 1
8316, 33390, 2, 0, 41070, 41071, 7681, 7679, 3840.50, 1
8317, 33395, 6, 0, 41072, 41077, 7682, 7676, 1280.33, 1
8318, 33397, 1, 0, 41078, 41078, 7681, 7680, 7681.00, 1
8319, 33407, 10, 0, 41079, 41088, 7681, 7671, 768.10, 1
8320, 33419, 1, 0, 41089, 41089, 7670, 7669, 7670.00, 1
8321, 33422, 9, 0, 41090, 41098, 7676, 7667, 852.89, 1
8322, 33423, 5, 0, 41099, 41103, 7680, 7675, 1536.00, 1
8323, 33424, 4, 0, 41104, 41107, 7683, 7679, 1920.75, 1
8324, 33426, 3, 0, 41108, 41110, 7684, 7681, 2561.33, 1
8325, 33429, 10, 0, 41111, 41120, 7691, 7681, 769.10, 1
8326, 33440, 1, 0, 41121, 41121, 7681, 7680, 7681.00, 1
8327, 33441, 1, 0, 41122, 41122, 7681, 7680, 7681.00, 1
8328, 33442, 12, 0, 41123, 41134, 7692, 7680, 641.00, 1
8329, 33443, 3, 0, 41135, 41137, 7694, 7691, 2564.67, 1
8330, 33446, 6, 0, 41138, 41143, 7697, 7691, 1282.83, 1
8331, 33450, 2, 0, 41144, 41145, 7695, 7693, 3847.50, 1
8332, 33451, 7, 0, 41146, 41152, 7701, 7694, 1100.14, 1
8333, 33453, 5, 0, 41153, 41157, 7704, 7699, 1540.80, 1
8334, 33457, 5, 0, 41158, 41162, 7705, 7700, 1541.00, 1
8335, 33465, 1, 0, 41163, 41163, 7698, 7697, 7698.00, 1
8336, 33477, 1, 0, 41164, 41164, 7687, 7686, 7687.00, 1
8337, 33479, 6, 0, 41165, 41170, 7691, 7685, 1281.83, 1
8338, 33480, 2, 0, 41171, 41172, 7692, 7690, 3846.00, 1
8339, 33481, 2, 0, 41173, 41174, 7693, 7691, 3846.50, 1
8340, 33482, 3, 0, 41175, 41177, 7695, 7692, 2565.00, 1
8341, 33484, 12, 0, 41178, 41189, 7705, 7693, 642.08, 1
8342, 33485, 8, 0, 41190, 41197, 7712, 7704, 964.00, 1
8343, 33487, 1, 0, 41198, 41198, 7711, 7710, 7711.00, 1
8344, 33494, 4, 0, 41199, 41202, 7708, 7704, 1927.00, 1
8345, 33498, 6, 0, 41203, 41208, 7710, 7704, 1285.00, 1
8346, 33499, 3, 0, 41209, 41211, 7712, 7709, 2570.67, 1
8347, 33501, 5, 0, 41212, 41216, 7715, 7710, 1543.00, 1
8348, 33507, 35, 0, 41217, 41251, 7744, 7709, 221.26, 1
8349, 33515, 10, 0, 41252, 41261, 7746, 7736, 774.60, 1
8350, 33532, 1, 0, 41262, 41262, 7730, 7729, 7730.00, 1
8351, 33535, 17, 0, 41263, 41279, 7744, 7727, 455.53, 1
8352, 33543, 2, 0, 41280, 41281, 7738, 7736, 3869.00, 1
8353, 33559, 2, 0, 41282, 41283, 7724, 7722, 3862.00, 1
8354, 33562, 1, 0, 41284, 41284, 7722, 7721, 7722.00, 1
8355, 33576, 7, 0, 41285, 41291, 7715, 7708, 1102.14, 1
8356, 33582, 4, 0, 41292, 41295, 7713, 7709, 1928.25, 1
8357, 33593, 3, 0, 41296, 41298, 7705, 7702, 2568.33, 1
8358, 33594, 6, 0, 41299, 41304, 7710, 7704, 1285.00, 1
8359, 33595, 4, 0, 41305, 41308, 7713, 7709, 1928.25, 1
8360, 33597, 1, 0, 41309, 41309, 7712, 7711, 7712.00, 1
8361, 33600, 6, 0, 41310, 41315, 7715, 7709, 1285.83, 1
8362, 33601, 1, 0, 41316, 41316, 7715, 7714, 7715.00, 1
8363, 33608, 7, 0, 41317, 41323, 7715, 7708, 1102.14, 1
8364, 33618, 8, 0, 41324, 41331, 7713, 7705, 964.12, 1
8365, 33622, 4, 0, 41332, 41335, 7713, 7709, 1928.25, 1
8366, 33632, 3, 0, 41336, 41338, 7706, 7703, 2568.67, 1
8367, 33640, 8, 0, 41339, 41346, 7706, 7698, 963.25, 1
8368, 33641, 16, 0, 41347, 41362, 7721, 7705, 482.56, 1
8369, 33642, 2, 0, 41363, 41364, 7722, 7720, 3861.00, 1
8370, 33643, 3, 0, 41365, 41367, 7724, 7721, 2574.67, 1
8371, 33649, 14, 0, 41368, 41381, 7732, 7718, 552.29, 1
8372, 33652, 2, 0, 41382, 41383, 7731, 7729, 3865.50, 1
8373, 33655, 4, 0, 41384, 41387, 7732, 7728, 1933.00, 1
8374, 33656, 2, 0, 41388, 41389, 7733, 7731, 3866.50, 1
8375, 33663, 3, 0, 41390, 41392, 7729, 7726, 2576.33, 1
8376, 33665, 4, 0, 41393, 41396, 7731, 7727, 1932.75, 1
8377, 33666, 3, 0, 41397, 41399, 7733, 7730, 2577.67, 1
8378, 33669, 2, 0, 41400, 41401, 7732, 7730, 3866.00, 1
8379, 33670, 1, 0, 41402, 41402, 7732, 7731, 7732.00, 1
8380, 33679, 2, 0, 41403, 41404, 7725, 7723, 3862.50, 1
8381, 33683, 11, 0, 41405, 41415, 7732, 7721, 702.91, 1
8382, 33688, 5, 0, 41416, 41420, 7732, 7727, 1546.40, 1
8383, 33690, 1, 0, 41421, 41421, 7731, 7730, 7731.00, 1
8384, 33691, 6, 0, 41422, 41427, 7736, 7730, 1289.33, 1
8385, 33692, 1, 0, 41428, 41428, 7736, 7735, 7736.00, 1
8386, 33696, 12, 0, 41429, 41440, 7744, 7732, 645.33, 1
8387, 33699, 5, 0, 41441, 41445, 7746, 7741, 1549.20, 1
8388, 33700, 15, 0, 41446, 41460, 7760, 7745, 517.33, 1
8389, 33701, 7, 0, 41461, 41467, 7766, 7759, 1109.43, 1
8390, 33706, 2, 0, 41468, 41469, 7763, 7761, 3881.50, 1
8391, 33708, 4, 0, 41470, 41473, 7765, 7761, 1941.25, 1
8392, 33714, 3, 0, 41474, 41476, 7762, 7759, 2587.33, 1
8393, 33721, 4, 0, 41477, 41480, 7759, 7755, 1939.75, 1
8394, 33723, 2, 0, 41481, 41482, 7759, 7757, 3879.50, 1
8395, 33729, 7, 0, 41483, 41489, 7760, 7753, 1108.57, 1
8396, 33736, 11, 0, 41490, 41500, 7764, 7753, 705.82, 1
8397, 33745, 4, 0, 41501, 41504, 7759, 7755, 1939.75, 1
8398, 33746, 2, 0, 41505, 41506, 7760, 7758, 3880.00, 1
8399, 33748, 5, 0, 41507, 41511, 7763, 7758, 1552.60, 1
8400, 33750, 1, 0, 41512, 41512, 7762, 7761, 7762.00, 1
8401, 33754, 9, 0, 41513, 41521, 7767, 7758, 863.00, 1
8402, 33756, 2, 0, 41522, 41523, 7767, 7765, 3883.50, 1
8403, 33768, 20, 0, 41524, 41543, 7775, 7755, 388.75, 1
8404, 33771, 4, 0, 41544, 41547, 7776, 7772, 1944.00, 1
8405, 33777, 4, 0, 41548, 41551, 7774, 7770, 1943.50, 1
8406, 33779, 7, 0, 41552, 41558, 7779, 7772, 1111.29, 1
8407, 33780, 12, 0, 41559, 41570, 7790, 7778, 649.17, 1
8408, 33782, 4, 0, 41571, 41574, 7792, 7788, 1948.00, 1
8409, 33789, 1, 0, 41575, 41575, 7786, 7785, 7786.00, 1
8410, 33790, 4, 0, 41576, 41579, 7789, 7785, 1947.25, 1
8411, 33798, 3, 0, 41580, 41582, 7784, 7781, 2594.67, 1
8412, 33804, 1, 0, 41583, 41583, 7779, 7778, 7779.00, 1
8413, 33808, 2, 0, 41584, 41585, 7777, 7775, 3888.50, 1
8414, 33810, 6, 0, 41586, 41591, 7781, 7775, 1296.83, 1
8415, 33811, 7, 0, 41592, 41598, 7787, 7780, 1112.43, 1
8416, 33814, 1, 0, 41599, 41599, 7785, 7784, 7785.00, 1
8417, 33816, 1, 0, 41600, 41600, 7784, 7783, 7784.00, 1
8418, 33817, 8, 0, 41601, 41608, 7791, 7783, 973.88, 1
8419, 33828, 3, 0, 41609, 41611, 7783, 7780, 2594.33, 1
8420, 33829, 2, 0, 41612, 41613, 7784, 7782, 3892.00, 1
8421, 33830, 1, 0, 41614, 41614, 7784, 7783, 7784.00, 1
8422, 33831, 4, 0, 41615, 41618, 7787, 7783, 1946.75, 1
8423, 33847, 2, 0, 41619, 41620, 7773, 7771, 3886.50, 1
8424, 33848, 2, 0, 41621, 41622, 7774, 7772, 3887.00, 1
8425, 33849, 1, 0, 41623, 41623, 7774, 7773, 7774.00, 1
8426, 33858, 2, 0, 41624, 41625, 7767, 7765, 3883.50, 1
8427, 33859, 7, 0, 41626, 41632, 7773, 7766, 1110.43, 1
8428, 33860, 3, 0, 41633, 41635, 7775, 7772, 2591.67, 1
8429, 33862, 1, 0, 41636, 41636, 7774, 7773, 7774.00, 1
8430, 33863, 11, 0, 41637, 41647, 7784, 7773, 707.64, 1
8431, 33865, 6, 0, 41648, 41653, 7788, 7782, 1298.00, 1
8432, 33873, 11, 0, 41654, 41664, 7791, 7780, 708.27, 1
8433, 33876, 2, 0, 41665, 41666, 7790, 7788, 3895.00, 1
8434, 33877, 17, 0, 41667, 41683, 7806, 7789, 459.18, 1
8435, 33889, 14, 0, 41684, 41697, 7808, 7794, 557.71, 1
8436, 33892, 4, 0, 41698, 41701, 7809, 7805, 1952.25, 1
8437, 33898, 10, 0, 41702, 41711, 7813, 7803, 781.30, 1
8438, 33902, 1, 0, 41712, 41712, 7810, 7809, 7810.00, 1
8439, 33907, 10, 0, 41713, 41722, 7815, 7805, 781.50, 1
8440, 33913, 2, 0, 41723, 41724, 7811, 7809, 3905.50, 1
8441, 33916, 4, 0, 41725, 41728, 7812, 7808, 1953.00, 1
8442, 33920, 11, 0, 41729, 41739, 7819, 7808, 710.82, 1
8443, 33928, 4, 0, 41740, 41743, 7815, 7811, 1953.75, 1
8444, 33931, 2, 0, 41744, 41745, 7814, 7812, 3907.00, 1
8445, 33938, 3, 0, 41746, 41748, 7810, 7807, 2603.33, 1
8446, 33942, 3, 0, 41749, 41751, 7809, 7806, 2603.00, 1
8447, 33944, 9, 0, 41752, 41760, 7816, 7807, 868.44, 1
8448, 33949, 9, 0, 41761, 41769, 7820, 7811, 868.89, 1
8449, 33957, 11, 0, 41770, 41780, 7823, 7812, 711.18, 1
8450, 33959, 1, 0, 41781, 41781, 7822, 7821, 7822.00, 1
8451, 33968, 6, 0, 41782, 41787, 7819, 7813, 1303.17, 1
8452, 33970, 13, 0, 41788, 41800, 7830, 7817, 602.31, 1
8453, 33971, 4, 0, 41801, 41804, 7833, 7829, 1958.25, 1
8454, 33975, 1, 0, 41805, 41805, 7830, 7829, 7830.00, 1
8455, 33976, 3, 0, 41806, 41808, 7832, 7829, 2610.67, 1
8456, 33977, 1, 0, 41809, 41809, 7832, 7831, 7832.00, 1
8457, 33980, 5, 0, 41810, 41814, 7834, 7829, 1566.80, 1
8458, 33983, 1, 0, 41815, 41815, 7832, 7831, 7832.00, 1
8459, 33987, 1, 0, 41816, 41816, 7829, 7828, 7829.00, 1
8460, 33989, 6, 0, 41817, 41822, 7833, 7827, 1305.50, 1
8461, 33990, 3, 0, 41823, 41825, 7835, 7832, 2611.67, 1
8462, 33996, 11, 0, 41826, 41836, 7840, 7829, 712.73, 1
8463, 34007, 2, 0, 41837, 41838, 7831, 7829, 3915.50, 1
8464, 34008, 1, 0, 41839, 41839, 7831, 7830, 7831.00, 1
8465, 34012, 26, 0, 41840, 41865, 7853, 7827, 302.04, 1
8466, 34018, 10, 0, 41866, 41875, 7857, 7847, 785.70, 1
8467, 34021, 6, 0, 41876, 41881, 7860, 7854, 1310.00, 1
8468, 34022, 2, 0, 41882, 41883, 7861, 7859, 3930.50, 1
8469, 34023, 3, 0, 41884, 41886, 7863, 7860, 2621.00, 1
8470, 34024, 7, 0, 41887, 41893, 7869, 7862, 1124.14, 1
8471, 34035, 5, 0, 41894, 41898, 7863, 7858, 1572.60, 1
8472, 34036, 3, 0, 41899, 41901, 7865, 7862, 2621.67, 1
8473, 34039, 12, 0, 41902, 41913, 7874, 7862, 656.17, 1
8474, 34044, 2, 0, 41914, 41915, 7871, 7869, 3935.50, 1
8475, 34045, 4, 0, 41916, 41919, 7874, 7870, 1968.50, 1
8476, 34047, 5, 0, 41920, 41924, 7877, 7872, 1575.40, 1
8477, 34050, 1, 0, 41925, 41925, 7875, 7874, 7875.00, 1
8478, 34052, 10, 0, 41926, 41935, 7883, 7873, 788.30, 1
8479, 34055, 5, 0, 41936, 41940, 7885, 7880, 1577.00, 1
8480, 34056, 1, 0, 41941, 41941, 7885, 7884, 7885.00, 1
8481, 34058, 3, 0, 41942, 41944, 7886, 7883, 2628.67, 1
8482, 34059, 5, 0, 41945, 41949, 7890, 7885, 1578.00, 1
8483, 34064, 1, 0, 41950, 41950, 7886, 7885, 7886.00, 1
8484, 34066, 5, 0, 41951, 41955, 7889, 7884, 1577.80, 1
8485, 34072, 2, 0, 41956, 41957, 7885, 7883, 3942.50, 1
8486, 34073, 15, 0, 41958, 41972, 7899, 7884, 526.60, 1
8487, 34078, 3, 0, 41973, 41975, 7897, 7894, 2632.33, 1
8488, 34079, 3, 0, 41976, 41978, 7899, 7896, 2633.00, 1
8489, 34082, 4, 0, 41979, 41982, 7900, 7896, 1975.00, 1
8490, 34089, 4, 0, 41983, 41986, 7897, 7893, 1974.25, 1
8491, 34091, 2, 0, 41987, 41988, 7897, 7895, 3948.50, 1
8492, 34096, 3, 0, 41989, 41991, 7895, 7892, 2631.67, 1
8493, 34100, 4, 0, 41992, 41995, 7895, 7891, 1973.75, 1
8494, 34104, 2, 0, 41996, 41997, 7893, 7891, 3946.50, 1
8495, 34105, 1, 0, 41998, 41998, 7893, 7892, 7893.00, 1
8496, 34112, 7, 0, 41999, 42005, 7893, 7886, 1127.57, 1
8497, 34125, 7, 0, 42006, 42012, 7887, 7880, 1126.71, 1
8498, 34127, 4, 0, 42013, 42016, 7889, 7885, 1972.25, 1
8499, 34132, 7, 0, 42017, 42023, 7891, 7884, 1127.29, 1
8500, 34133, 1, 0, 42024, 42024, 7891, 7890, 7891.00, 1
8501, 34145, 3, 0, 42025, 42027, 7882, 7879, 2627.33, 1
8502, 34150, 10, 0, 42028, 42037, 7887, 7877, 788.70, 1
8503, 34154, 6, 0, 42038, 42043, 7889, 7883, 1314.83, 1
8504, 34160, 3, 0, 42044, 42046, 7886, 7883, 2628.67, 1
8505, 34161, 2, 0, 42047, 42048, 7887, 7885, 3943.50, 1
8506, 34165, 1, 0, 42049, 42049, 7884, 7883, 7884.00, 1
8507, 34167, 1, 0, 42050, 42050, 7883, 7882, 7883.00, 1
8508, 34171, 3, 0, 42051, 42053, 7882, 7879, 2627.33, 1
8509, 34173, 6, 0, 42054, 42059, 7886, 7880, 1314.33, 1
8510, 34177, 2, 0, 42060, 42061, 7884, 7882, 3942.00, 1
8511, 34181, 11, 0, 42062, 42072, 7891, 7880, 717.36, 1
8512, 34188, 1, 0, 42073, 42073, 7885, 7884, 7885.00, 1
8513, 34193, 1, 0, 42074, 42074, 7881, 7880, 7881.00, 1
8514, 34201, 6, 0, 42075, 42080, 7879, 7873, 1313.17, 1
8515, 34211, 5, 0, 42081, 42085, 7874, 7869, 1574.80, 1
8516, 34212, 11, 0, 42086, 42096, 7884, 7873, 716.73, 1
8517, 34215, 1, 0, 42097, 42097, 7882, 7881, 7882.00, 1
8518, 34218, 4, 0, 42098, 42101, 7883, 7879, 1970.75, 1
8519, 34219, 2, 0, 42102, 42103, 7884, 7882, 3942.00, 1
8520, 34223, 1, 0, 42104, 42104, 7881, 7880, 7881.00, 1
8521, 34225, 1, 0, 42105, 42105, 7880, 7879, 7880.00, 1
8522, 34228, 5, 0, 42106, 42110, 7882, 7877, 1576.40, 1
8523, 34230, 1, 0, 42111, 42111, 7881, 7880, 7881.00, 1
8524, 34251, 4, 0, 42112, 42115, 7864, 7860, 1966.00, 1
8525, 34254, 7, 0, 42116, 42122, 7868, 7861, 1124.00, 1
8526, 34255, 5, 0, 42123, 42127, 7872, 7867, 1574.40, 1
8527, 34256, 10, 0, 42128, 42137, 7881, 7871, 788.10, 1
8528, 34257, 1, 0, 42138, 42138, 7881, 7880, 7881.00, 1
8529, 34258, 1, 0, 42139, 42139, 7881, 7880, 7881.00, 1
8530, 34259, 12, 0, 42140, 42151, 7892, 7880, 657.67, 1
8531, 34262, 4, 0, 42152, 42155, 7893, 7889, 1973.25, 1
8532, 34265, 3, 0, 42156, 42158, 7893, 7890, 2631.00, 1
8533, 34273, 4, 0, 42159, 42162, 7889, 7885, 1972.25, 1
8534, 34277, 10, 0, 42163, 42172, 7895, 7885, 789.50, 1
8535, 34278, 6, 0, 42173, 42178, 7900, 7894, 1316.67, 1
8536, 34280, 3, 0, 42179, 42181, 7901, 7898, 2633.67, 1
8537, 34283, 1, 0, 42182, 42182, 7899, 7898, 7899.00, 1
8538, 34285, 11, 0, 42183, 42193, 7908, 7897, 718.91, 1
8539, 34289, 4, 0, 42194, 42197, 7908, 7904, 1977.00, 1
8540, 34294, 2, 0, 42198, 42199, 7905, 7903, 3952.50, 1
8541, 34297, 2, 0, 42200, 42201, 7904, 7902, 3952.00, 1
8542, 34303, 4, 0, 42202, 42205, 7902, 7898, 1975.50, 1
8543, 34306, 3, 0, 42206, 42208, 7902, 7899, 2634.00, 1
8544, 34307, 7, 0, 42209, 42215, 7908, 7901, 1129.71, 1
8545, 34308, 7, 0, 42216, 42222, 7914, 7907, 1130.57, 1
8546, 34314, 1, 0, 42223, 42223, 7909, 7908, 7909.00, 1
8547, 34320, 1, 0, 42224, 42224, 7904, 7903, 7904.00, 1
8548, 34321, 2, 0, 42225, 42226, 7905, 7903, 3952.50, 1
8549, 34324, 4, 0, 42227, 42230, 7906, 7902, 1976.50, 1
8550, 34330, 1, 0, 42231, 42231, 7901, 7900, 7901.00, 1
8551, 34338, 5, 0, 42232, 42236, 7898, 7893, 1579.60, 1
8552, 34341, 2, 0, 42237, 42238, 7897, 7895, 3948.50, 1
8553, 34344, 8, 0, 42239, 42246, 7902, 7894, 987.75, 1
8554, 34345, 3, 0, 42247, 42249, 7904, 7901, 2634.67, 1
8555, 34349, 1, 0, 42250, 42250, 7901, 7900, 7901.00, 1
8556, 34350, 4, 0, 42251, 42254, 7904, 7900, 1976.00, 1
8557, 34355, 5, 0, 42255, 42259, 7904, 7899, 1580.80, 1
8558, 34356, 18, 0, 42260, 42277, 7921, 7903, 440.06, 1
8559, 34363, 15, 0, 42278, 42292, 7929, 7914, 528.60, 1
8560, 34367, 2, 0, 42293, 42294, 7927, 7925, 3963.50, 1
8561, 34370, 15, 0, 42295, 42309, 7939, 7924, 529.27, 1
8562, 34380, 1, 0, 42310, 42310, 7930, 7929, 7930.00, 1
8563, 34382, 4, 0, 42311, 42314, 7932, 7928, 1983.00, 1
8564, 34383, 6, 0, 42315, 42320, 7937, 7931, 1322.83, 1
8565, 34385, 1, 0, 42321, 42321, 7936, 7935, 7936.00, 1
8566, 34388, 2, 0, 42322, 42323, 7935, 7933, 3967.50, 1
8567, 34392, 16, 0, 42324, 42339, 7947, 7931, 496.69, 1
8568, 34399, 3, 0, 42340, 42342, 7943, 7940, 2647.67, 1
8569, 34403, 2, 0, 42343, 42344, 7941, 7939, 3970.50, 1
8570, 34411, 3, 0, 42345, 42347, 7936, 7933, 2645.33, 1
8571, 34416, 3, 0, 42348, 42350, 7934, 7931, 2644.67, 1
8572, 34420, 9, 0, 42351, 42359, 7939, 7930, 882.11, 1
8573, 34434, 16, 0, 42360, 42375, 7941, 7925, 496.31, 1
8574, 34435, 5, 0, 42376, 42380, 7945, 7940, 1589.00, 1
8575, 34436, 2, 0, 42381, 42382, 7946, 7944, 3973.00, 1
8576, 34438, 9, 0, 42383, 42391, 7953, 7944, 883.67, 1
8577, 34447, 13, 0, 42392, 42404, 7957, 7944, 612.08, 1
8578, 34448, 4, 0, 42405, 42408, 7960, 7956, 1990.00, 1
8579, 34452, 12, 0, 42409, 42420, 7968, 7956, 664.00, 1
8580, 34461, 2, 0, 42421, 42422, 7961, 7959, 3980.50, 1
8581, 34463, 2, 0, 42423, 42424, 7961, 7959, 3980.50, 1
8582, 34464, 6, 0, 42425, 42430, 7966, 7960, 1327.67, 1
8583, 34466, 1, 0, 42431, 42431, 7965, 7964, 7965.00, 1
8584, 34467, 6, 0, 42432, 42437, 7970, 7964, 1328.33, 1
8585, 34473, 1, 0, 42438, 42438, 7965, 7964, 7965.00, 1
8586, 34475, 7, 0, 42439, 42445, 7970, 7963, 1138.57, 1
8587, 34476, 7, 0, 42446, 42452, 7976, 7969, 1139.43, 1
8588, 34479, 5, 0, 42453, 42457, 7978, 7973, 1595.60, 1
8589, 34480, 4, 0, 42458, 42461, 7981, 7977, 1995.25, 1
8590, 34484, 1, 0, 42462, 42462, 7978, 7977, 7978.00, 1
8591, 34485, 1, 0, 42463, 42463, 7978, 7977, 7978.00, 1
8592, 34487, 4, 0, 42464, 42467, 7980, 7976, 1995.00, 1
8593, 34488, 10, 0, 42468, 42477, 7989, 7979, 798.90, 1
8594, 34490, 1, 0, 42478, 42478, 7988, 7987, 7988.00, 1
8595, 34491, 3, 0, 42479, 42481, 7990, 7987, 2663.33, 1
8596, 34497, 4, 0, 42482, 42485, 7988, 7984, 1997.00, 1
8597, 34500, 2, 0, 42486, 42487, 7987, 7985, 3993.50, 1
8598, 34503, 4, 0, 42488, 42491, 7988, 7984, 1997.00, 1
8599, 34507, 1, 0, 42492, 42492, 7985, 7984, 7985.00, 1
8600, 34512, 6, 0, 42493, 42498, 7986, 7980, 1331.00, 1
8601, 34515, 4, 0, 42499, 42502, 7987, 7983, 1996.75, 1
8602, 34522, 3, 0, 42503, 42505, 7983, 7980, 2661.00, 1
8603, 34523, 1, 0, 42506, 42506, 7983, 7982, 7983.00, 1
8604, 34532, 6, 0, 42507, 42512, 7980, 7974, 1330.00, 1
8605, 34536, 7, 0, 42513, 42519, 7983, 7976, 1140.43, 1
8606, 34538, 1, 0, 42520, 42520, 7982, 7981, 7982.00, 1
8607, 34540, 1, 0, 42521, 42521, 7981, 7980, 7981.00, 1
8608, 34541, 3, 0, 42522, 42524, 7983, 7980, 2661.00, 1
8609, 34542, 1, 0, 42525, 42525, 7983, 7982, 7983.00, 1
8610, 34547, 4, 0, 42526, 42529, 7982, 7978, 1995.50, 1
8611, 34548, 2, 0, 42530, 42531, 7983, 7981, 3991.50, 1
8612, 34552, 3, 0, 42532, 42534, 7982, 7979, 2660.67, 1
8613, 34553, 5, 0, 42535, 42539, 7986, 7981, 1597.20, 1
8614, 34554, 27, 0, 42540, 42566, 8012, 7985, 296.74, 1
8615, 34559, 5, 0, 42567, 42571, 8012, 8007, 1602.40, 1
8616, 34564, 3, 0, 42572, 42574, 8010, 8007, 2670.00, 1
8617, 34568, 8, 0, 42575, 42582, 8014, 8006, 1001.75, 1
8618, 34570, 2, 0, 42583, 42584, 8014, 8012, 4007.00, 1
8619, 34573, 2, 0, 42585, 42586, 8013, 8011, 4006.50, 1
8620, 34580, 3, 0, 42587, 42589, 8009, 8006, 2669.67, 1
8621, 34582, 8, 0, 42590, 42597, 8015, 8007, 1001.88, 1
8622, 34590, 3, 0, 42598, 42600, 8010, 8007, 2670.00, 1
8623, 34593, 10, 0, 42601, 42610, 8017, 8007, 801.70, 1
8624, 34594, 5, 0, 42611, 42615, 8021, 8016, 1604.20, 1
8625, 34595, 5, 0, 42616, 42620, 8025, 8020, 1605.00, 1
8626, 34601, 1, 0, 42621, 42621, 8020, 8019, 8020.00, 1
8627, 34603, 7, 0, 42622, 42628, 8025, 8018, 1146.43, 1
8628, 34607, 21, 0, 42629, 42649, 8042, 8021, 382.95, 1
8629, 34612, 16, 0, 42650, 42665, 8053, 8037, 503.31, 1
8630, 34614, 4, 0, 42666, 42669, 8055, 8051, 2013.75, 1
8631, 34617, 7, 0, 42670, 42676, 8059, 8052, 1151.29, 1
8632, 34618, 6, 0, 42677, 42682, 8064, 8058, 1344.00, 1
8633, 34622, 2, 0, 42683, 42684, 8062, 8060, 4031.00, 1
8634, 34630, 3, 0, 42685, 42687, 8057, 8054, 2685.67, 1
8635, 34631, 3, 0, 42688, 42690, 8059, 8056, 2686.33, 1
8636, 34633, 3, 0, 42691, 42693, 8060, 8057, 2686.67, 1
8637, 34634, 5, 0, 42694, 42698, 8064, 8059, 1612.80, 1
8638, 34638, 4, 0, 42699, 42702, 8064, 8060, 2016.00, 1
8639, 34643, 6, 0, 42703, 42708, 8065, 8059, 1344.17, 1
8640, 34656, 1, 0, 42709, 42709, 8053, 8052, 8053.00, 1
8641, 34658, 15, 0, 42710, 42724, 8066, 8051, 537.73, 1
8642, 34660, 1, 0, 42725, 42725, 8065, 8064, 8065.00, 1
8643, 34661, 3, 0, 42726, 42728, 8067, 8064, 2689.00, 1
8644, 34665, 5, 0, 42729, 42733, 8068, 8063, 1613.60, 1
8645, 34666, 5, 0, 42734, 42738, 8072, 8067, 1614.40, 1
8646, 34675, 4, 0, 42739, 42742, 8067, 8063, 2016.75, 1
8647, 34677, 1, 0, 42743, 42743, 8066, 8065, 8066.00, 1
8648, 34678, 7, 0, 42744, 42750, 8072, 8065, 1153.14, 1
8649, 34679, 4, 0, 42751, 42754, 8075, 8071, 2018.75, 1
8650, 34680, 1, 0, 42755, 42755, 8075, 8074, 8075.00, 1
8651, 34681, 1, 0, 42756, 42756, 8075, 8074, 8075.00, 1
8652, 34682, 6, 0, 42757, 42762, 8080, 8074, 1346.67, 1
8653, 34683, 4, 0, 42763, 42766, 8083, 8079, 2020.75, 1
8654, 34686, 6, 0, 42767, 42772, 8086, 8080, 1347.67, 1
8655, 34691, 3, 0, 42773, 42775, 8084, 8081, 2694.67, 1
8656, 34695, 6, 0, 42776, 42781, 8086, 8080, 1347.67, 1
8657, 34699, 2, 0, 42782, 42783, 8084, 8082, 4042.00, 1
8658, 34709, 15, 0, 42784, 42798, 8089, 8074, 539.27, 1
8659, 34711, 5, 0, 42799, 42803, 8092, 8087, 1618.40, 1
8660, 34712, 1, 0, 42804, 42804, 8092, 8091, 8092.00, 1
8661, 34715, 4, 0, 42805, 42808, 8093, 8089, 2023.25, 1
8662, 34719, 6, 0, 42809, 42814, 8095, 8089, 1349.17, 1
8663, 34722, 16, 0, 42815, 42830, 8108, 8092, 506.75, 1
8664, 34723, 4, 0, 42831, 42834, 8111, 8107, 2027.75, 1
8665, 34727, 2, 0, 42835, 42836, 8109, 8107, 4054.50, 1
8666, 34737, 4, 0, 42837, 42840, 8103, 8099, 2025.75, 1
8667, 34739, 8, 0, 42841, 42848, 8109, 8101, 1013.62, 1
8668, 34742, 5, 0, 42849, 42853, 8111, 8106, 1622.20, 1
8669, 34744, 5, 0, 42854, 42858, 8114, 8109, 1622.80, 1
8670, 34766, 7, 0, 42859, 42865, 8099, 8092, 1157.00, 1
8671, 34774, 5, 0, 42866, 42870, 8096, 8091, 1619.20, 1
8672, 34775, 1, 0, 42871, 42871, 8096, 8095, 8096.00, 1
8673, 34780, 2, 0, 42872, 42873, 8093, 8091, 4046.50, 1
8674, 34784, 2, 0, 42874, 42875, 8091, 8089, 4045.50, 1
8675, 34789, 4, 0, 42876, 42879, 8090, 8086, 2022.50, 1
8676, 34790, 10, 0, 42880, 42889, 8099, 8089, 809.90, 1
8677, 34794, 1, 0, 42890, 42890, 8096, 8095, 8096.00, 1
8678, 34796, 4, 0, 42891, 42894, 8098, 8094, 2024.50, 1
8679, 34797, 1, 0, 42895, 42895, 8098, 8097, 8098.00, 1
8680, 34801, 5, 0, 42896, 42900, 8099, 8094, 1619.80, 1
8681, 34803, 11, 0, 42901, 42911, 8108, 8097, 737.09, 1
8682, 34805, 6, 0, 42912, 42917, 8112, 8106, 1352.00, 1
8683, 34808, 13, 0, 42918, 42930, 8122, 8109, 624.77, 1
8684, 34811, 14, 0, 42931, 42944, 8133, 8119, 580.93, 1
8685, 34838, 1, 0, 42945, 42945, 8107, 8106, 8107.00, 1
8686, 34839, 6, 0, 42946, 42951, 8112, 8106, 1352.00, 1
8687, 34841, 4, 0, 42952, 42955, 8114, 8110, 2028.50, 1
8688, 34848, 8, 0, 42956, 42963, 8115, 8107, 1014.38, 1
8689, 34856, 5, 0, 42964, 42968, 8112, 8107, 1622.40, 1
8690, 34859, 3, 0, 42969, 42971, 8112, 8109, 2704.00, 1
8691, 34862, 1, 0, 42972, 42972, 8110, 8109, 8110.00, 1
8692, 34863, 2, 0, 42973, 42974, 8111, 8109, 4055.50, 1
8693, 34866, 7, 0, 42975, 42981, 8115, 8108, 1159.29, 1
8694, 34871, 17, 0, 42982, 42998, 8127, 8110, 478.06, 1
8695, 34872, 4, 0, 42999, 43002, 8130, 8126, 2032.50, 1
8696, 34874, 7, 0, 43003, 43009, 8135, 8128, 1162.14, 1
8697, 34884, 6, 0, 43010, 43015, 8131, 8125, 1355.17, 1
8698, 34890, 4, 0, 43016, 43019, 8129, 8125, 2032.25, 1
8699, 34893, 6, 0, 43020, 43025, 8132, 8126, 1355.33, 1
8700, 34897, 1, 0, 43026, 43026, 8129, 8128, 8129.00, 1
8701, 34901, 2, 0, 43027, 43028, 8127, 8125, 4063.50, 1
8702, 34903, 1, 0, 43029, 43029, 8126, 8125, 8126.00, 1
8703, 34904, 4, 0, 43030, 43033, 8129, 8125, 2032.25, 1
8704, 34905, 2, 0, 43034, 43035, 8130, 8128, 4065.00, 1
8705, 34908, 5, 0, 43036, 43040, 8132, 8127, 1626.40, 1
8706, 34911, 7, 0, 43041, 43047, 8136, 8129, 1162.29, 1
8707, 34912, 4, 0, 43048, 43051, 8139, 8135, 2034.75, 1
8708, 34924, 1, 0, 43052, 43052, 8128, 8127, 8128.00, 1
8709, 34925, 7, 0, 43053, 43059, 8134, 8127, 1162.00, 1
8710, 34931, 4, 0, 43060, 43063, 8132, 8128, 2033.00, 1
8711, 34940, 8, 0, 43064, 43071, 8131, 8123, 1016.38, 1
8712, 34946, 4, 0, 43072, 43075, 8129, 8125, 2032.25, 1
8713, 34948, 14, 0, 43076, 43089, 8141, 8127, 581.50, 1
8714, 34951, 7, 0, 43090, 43096, 8145, 8138, 1163.57, 1
8715, 34954, 17, 0, 43097, 43113, 8159, 8142, 479.94, 1
8716, 34957, 5, 0, 43114, 43118, 8161, 8156, 1632.20, 1
8717, 34958, 6, 0, 43119, 43124, 8166, 8160, 1361.00, 1
8718, 34968, 2, 0, 43125, 43126, 8158, 8156, 4079.00, 1
8719, 34970, 15, 0, 43127, 43141, 8171, 8156, 544.73, 1
8720, 34980, 4, 0, 43142, 43145, 8165, 8161, 2041.25, 1
8721, 34984, 11, 0, 43146, 43156, 8172, 8161, 742.91, 1
8722, 34985, 2, 0, 43157, 43158, 8173, 8171, 4086.50, 1
8723, 34993, 15, 0, 43159, 43173, 8180, 8165, 545.33, 1
8724, 34995, 3, 0, 43174, 43176, 8181, 8178, 2727.00, 1
8725, 34998, 6, 0, 43177, 43182, 8184, 8178, 1364.00, 1
8726, 35001, 3, 0, 43183, 43185, 8184, 8181, 2728.00, 1
8727, 35009, 3, 0, 43186, 43188, 8179, 8176, 2726.33, 1
8728, 35016, 1, 0, 43189, 43189, 8173, 8172, 8173.00, 1
8729, 35035, 9, 0, 43190, 43198, 8163, 8154, 907.00, 1
8730, 35037, 16, 0, 43199, 43214, 8177, 8161, 511.06, 1
8731, 35038, 1, 0, 43215, 43215, 8177, 8176, 8177.00, 1
8732, 35042, 1, 0, 43216, 43216, 8174, 8173, 8174.00, 1
8733, 35047, 1, 0, 43217, 43217, 8170, 8169, 8170.00, 1
8734, 35048, 3, 0, 43218, 43220, 8172, 8169, 2724.00, 1
8735, 35049, 8, 0, 43221, 43228, 8179, 8171, 1022.38, 1
8736, 35059, 3, 0, 43229, 43231, 8172, 8169, 2724.00, 1
8737, 35063, 8, 0, 43232, 43239, 8176, 8168, 1022.00, 1
8738, 35068, 2, 0, 43240, 43241, 8173, 8171, 4086.50, 1
8739, 35070, 4, 0, 43242, 43245, 8175, 8171, 2043.75, 1
8740, 35072, 2, 0, 43246, 43247, 8175, 8173, 4087.50, 1
8741, 35081, 4, 0, 43248, 43251, 8170, 8166, 2042.50, 1
8742, 35082, 1, 0, 43252, 43252, 8170, 8169, 8170.00, 1
8743, 35085, 5, 0, 43253, 43257, 8172, 8167, 1634.40, 1
8744, 35091, 2, 0, 43258, 43259, 8168, 8166, 4084.00, 1
8745, 35093, 5, 0, 43260, 43264, 8171, 8166, 1634.20, 1
8746, 35098, 1, 0, 43265, 43265, 8167, 8166, 8167.00, 1
8747, 35099, 3, 0, 43266, 43268, 8169, 8166, 2723.00, 1
8748, 35104, 5, 0, 43269, 43273, 8169, 8164, 1633.80, 1
8749, 35105, 5, 0, 43274, 43278, 8173, 8168, 1634.60, 1
8750, 35106, 1, 0, 43279, 43279, 8173, 8172, 8173.00, 1
8751, 35108, 2, 0, 43280, 43281, 8173, 8171, 4086.50, 1
8752, 35111, 5, 0, 43282, 43286, 8175, 8170, 1635.00, 1
8753, 35114, 4, 0, 43287, 43290, 8176, 8172, 2044.00, 1
8754, 35119, 1, 0, 43291, 43291, 8172, 8171, 8172.00, 1
8755, 35124, 5, 0, 43292, 43296, 8172, 8167, 1634.40, 1
8756, 35130, 37, 0, 43297, 43333, 8203, 8166, 221.70, 1
8757, 35136, 3, 0, 43334, 43336, 8200, 8197, 2733.33, 1
8758, 35141, 17, 0, 43337, 43353, 8212, 8195, 483.06, 1
8759, 35142, 6, 0, 43354, 43359, 8217, 8211, 1369.50, 1
8760, 35151, 2, 0, 43360, 43361, 8210, 8208, 4105.00, 1
8761, 35163, 21, 0, 43362, 43382, 8219, 8198, 391.38, 1
8762, 35165, 1, 0, 43383, 43383, 8218, 8217, 8218.00, 1
8763, 35166, 1, 0, 43384, 43384, 8218, 8217, 8218.00, 1
8764, 35168, 2, 0, 43385, 43386, 8218, 8216, 4109.00, 1
8765, 35170, 3, 0, 43387, 43389, 8219, 8216, 2739.67, 1
8766, 35175, 6, 0, 43390, 43395, 8220, 8214, 1370.00, 1
8767, 35183, 1, 0, 43396, 43396, 8213, 8212, 8213.00, 1
8768, 35187, 10, 0, 43397, 43406, 8219, 8209, 821.90, 1
8769, 35189, 16, 0, 43407, 43422, 8233, 8217, 514.56, 1
8770, 35193, 4, 0, 43423, 43426, 8233, 8229, 2058.25, 1
8771, 35198, 6, 0, 43427, 43432, 8234, 8228, 1372.33, 1
8772, 35199, 2, 0, 43433, 43434, 8235, 8233, 4117.50, 1
8773, 35204, 5, 0, 43435, 43439, 8235, 8230, 1647.00, 1
8774, 35211, 7, 0, 43440, 43446, 8235, 8228, 1176.43, 1
8775, 35213, 8, 0, 43447, 43454, 8241, 8233, 1030.12, 1
8776, 35216, 14, 0, 43455, 43468, 8252, 8238, 589.43, 1
8777, 35217, 4, 0, 43469, 43472, 8255, 8251, 2063.75, 1
8778, 35220, 8, 0, 43473, 43480, 8260, 8252, 1032.50, 1
8779, 35223, 10, 0, 43481, 43490, 8267, 8257, 826.70, 1
8780, 35228, 3, 0, 43491, 43493, 8265, 8262, 2755.00, 1
8781, 35229, 3, 0, 43494, 43496, 8267, 8264, 2755.67, 1
8782, 35230, 3, 0, 43497, 43499, 8269, 8266, 2756.33, 1
8783, 35233, 2, 0, 43500, 43501, 8268, 8266, 4134.00, 1
8784, 35237, 5, 0, 43502, 43506, 8269, 8264, 1653.80, 1
8785, 35240, 4, 0, 43507, 43510, 8270, 8266, 2067.50, 1
8786, 35243, 6, 0, 43511, 43516, 8273, 8267, 1378.83, 1
8787, 35244, 3, 0, 43517, 43519, 8275, 8272, 2758.33, 1
8788, 35250, 4, 0, 43520, 43523, 8273, 8269, 2068.25, 1
8789, 35254, 14, 0, 43524, 43537, 8283, 8269, 591.64, 1
8790, 35255, 13, 0, 43538, 43550, 8295, 8282, 638.08, 1
8791, 35257, 5, 0, 43551, 43555, 8298, 8293, 1659.60, 1
8792, 35258, 1, 0, 43556, 43556, 8298, 8297, 8298.00, 1
8793, 35264, 12, 0, 43557, 43568, 8304, 8292, 692.00, 1
8794, 35267, 5, 0, 43569, 43573, 8306, 8301, 1661.20, 1
8795, 35270, 1, 0, 43574, 43574, 8304, 8303, 8304.00, 1
8796, 35271, 3, 0, 43575, 43577, 8306, 8303, 2768.67, 1
8797, 35272, 9, 0, 43578, 43586, 8314, 8305, 923.78, 1
8798, 35273, 1, 0, 43587, 43587, 8314, 8313, 8314.00, 1
8799, 35275, 5, 0, 43588, 43592, 8317, 8312, 1663.40, 1
8800, 35287, 5, 0, 43593, 43597, 8310, 8305, 1662.00, 1
8801, 35288, 1, 0, 43598, 43598, 8310, 8309, 8310.00, 1
8802, 35289, 3, 0, 43599, 43601, 8312, 8309, 2770.67, 1
8803, 35293, 3, 0, 43602, 43604, 8311, 8308, 2770.33, 1
8804, 35302, 5, 0, 43605, 43609, 8307, 8302, 1661.40, 1
8805, 35325, 7, 0, 43610, 43616, 8291, 8284, 1184.43, 1
8806, 35329, 1, 0, 43617, 43617, 8288, 8287, 8288.00, 1
8807, 35334, 4, 0, 43618, 43621, 8287, 8283, 2071.75, 1
8808, 35336, 3, 0, 43622, 43624, 8288, 8285, 2762.67, 1
8809, 35337, 5, 0, 43625, 43629, 8292, 8287, 1658.40, 1
8810, 35342, 2, 0, 43630, 43631, 8289, 8287, 4144.50, 1
8811, 35350, 6, 0, 43632, 43637, 8287, 8281, 1381.17, 1
8812, 35351, 12, 0, 43638, 43649, 8298, 8286, 691.50, 1
8813, 35353, 1, 0, 43650, 43650, 8297, 8296, 8297.00, 1
8814, 35360, 4, 0, 43651, 43654, 8294, 8290, 2073.50, 1
8815, 35365, 5, 0, 43655, 43659, 8294, 8289, 1658.80, 1
8816, 35369, 1, 0, 43660, 43660, 8291, 8290, 8291.00, 1
8817, 35382, 1, 0, 43661, 43661, 8279, 8278, 8279.00, 1
8818, 35384, 10, 0, 43662, 43671, 8287, 8277, 828.70, 1
8819, 35389, 5, 0, 43672, 43676, 8287, 8282, 1657.40, 1
8820, 35391, 1, 0, 43677, 43677, 8286, 8285, 8286.00, 1
8821, 35396, 8, 0, 43678, 43685, 8289, 8281, 1036.12, 1
8822, 35400, 5, 0, 43686, 43690, 8290, 8285, 1658.00, 1
8823, 35402, 2, 0, 43691, 43692, 8290, 8288, 4145.00, 1
8824, 35404, 2, 0, 43693, 43694, 8290, 8288, 4145.00, 1
8825, 35406, 7, 0, 43695, 43701, 8295, 8288, 1185.00, 1
8826, 35409, 7, 0, 43702, 43708, 8299, 8292, 1185.57, 1
8827, 35410, 2, 0, 43709, 43710, 8300, 8298, 4150.00, 1
8828, 35411, 7, 0, 43711, 43717, 8306, 8299, 1186.57, 1
8829, 35413, 1, 0, 43718, 43718, 8305, 8304, 8305.00, 1
8830, 35414, 5, 0, 43719, 43723, 8309, 8304, 1661.80, 1
8831, 35415, 9, 0, 43724, 43732, 8317, 8308, 924.11, 1
8832, 35420, 15, 0, 43733, 43747, 8327, 8312, 555.13, 1
8833, 35421, 5, 0, 43748, 43752, 8331, 8326, 1666.20, 1
8834, 35425, 2, 0, 43753, 43754, 8329, 8327, 4164.50, 1
8835, 35429, 1, 0, 43755, 43755, 8326, 8325, 8326.00, 1
8836, 35433, 7, 0, 43756, 43762, 8329, 8322, 1189.86, 1
8837, 35437, 1, 0, 43763, 43763, 8326, 8325, 8326.00, 1
8838, 35444, 20, 0, 43764, 43783, 8339, 8319, 416.95, 1
8839, 35446, 2, 0, 43784, 43785, 8339, 8337, 4169.50, 1
8840, 35451, 1, 0, 43786, 43786, 8335, 8334, 8335.00, 1
8841, 35453, 9, 0, 43787, 43795, 8342, 8333, 926.89, 1
8842, 35459, 1, 0, 43796, 43796, 8337, 8336, 8337.00, 1
8843, 35460, 3, 0, 43797, 43799, 8339, 8336, 2779.67, 1
8844, 35461, 1, 0, 43800, 43800, 8339, 8338, 8339.00, 1
8845, 35463, 3, 0, 43801, 43803, 8340, 8337, 2780.00, 1
8846, 35472, 1, 0, 43804, 43804, 8332, 8331, 8332.00, 1
8847, 35473, 1, 0, 43805, 43805, 8332, 8331, 8332.00, 1
8848, 35476, 2, 0, 43806, 43807, 8331, 8329, 4165.50, 1
8849, 35481, 5, 0, 43808, 43812, 8331, 8326, 1666.20, 1
8850, 35483, 9, 0, 43813, 43821, 8338, 8329, 926.44, 1
8851, 35484, 5, 0, 43822, 43826, 8342, 8337, 1668.40, 1
8852, 35487, 2, 0, 43827, 43828, 8341, 8339, 4170.50, 1
8853, 35488, 4, 0, 43829, 43832, 8344, 8340, 2086.00, 1
8854, 35495, 4, 0, 43833, 43836, 8341, 8337, 2085.25, 1
8855, 35498, 4, 0, 43837, 43840, 8342, 8338, 2085.50, 1
8856, 35499, 9, 0, 43841, 43849, 8350, 8341, 927.78, 1
8857, 35510, 2, 0, 43850, 43851, 8341, 8339, 4170.50, 1
8858, 35512, 19, 0, 43852, 43870, 8358, 8339, 439.89, 1
8859, 35516, 2, 0, 43871, 43872, 8356, 8354, 4178.00, 1
8860, 35520, 4, 0, 43873, 43876, 8356, 8352, 2089.00, 1
8861, 35521, 3, 0, 43877, 43879, 8358, 8355, 2786.00, 1
8862, 35526, 1, 0, 43880, 43880, 8354, 8353, 8354.00, 1
8863, 35527, 4, 0, 43881, 43884, 8357, 8353, 2089.25, 1
8864, 35528, 3, 0, 43885, 43887, 8359, 8356, 2786.33, 1
8865, 35537, 8, 0, 43888, 43895, 8358, 8350, 1044.75, 1
8866, 35540, 1, 0, 43896, 43896, 8356, 8355, 8356.00, 1
8867, 35543, 4, 0, 43897, 43900, 8357, 8353, 2089.25, 1
8868, 35546, 3, 0, 43901, 43903, 8357, 8354, 2785.67, 1
8869, 35552, 1, 0, 43904, 43904, 8352, 8351, 8352.00, 1
8870, 35553, 7, 0, 43905, 43911, 8358, 8351, 1194.00, 1
8871, 35554, 1, 0, 43912, 43912, 8358, 8357, 8358.00, 1
8872, 35557, 2, 0, 43913, 43914, 8357, 8355, 4178.50, 1
8873, 35558, 2, 0, 43915, 43916, 8358, 8356, 4179.00, 1
8874, 35560, 8, 0, 43917, 43924, 8364, 8356, 1045.50, 1
8875, 35561, 2, 0, 43925, 43926, 8365, 8363, 4182.50, 1
8876, 35564, 5, 0, 43927, 43931, 8367, 8362, 1673.40, 1
8877, 35573, 1, 0, 43932, 43932, 8359, 8358, 8359.00, 1
8878, 35586, 6, 0, 43933, 43938, 8352, 8346, 1392.00, 1
8879, 35600, 2, 0, 43939, 43940, 8340, 8338, 4170.00, 1
8880, 35604, 4, 0, 43941, 43944, 8340, 8336, 2085.00, 1
8881, 35606, 4, 0, 43945, 43948, 8342, 8338, 2085.50, 1
8882, 35613, 5, 0, 43949, 43953, 8340, 8335, 1668.00, 1
8883, 35615, 5, 0, 43954, 43958, 8343, 8338, 1668.60, 1
8884, 35617, 2, 0, 43959, 43960, 8343, 8341, 4171.50, 1
8885, 35620, 1, 0, 43961, 43961, 8341, 8340, 8341.00, 1
8886, 35625, 2, 0, 43962, 43963, 8338, 8336, 4169.00, 1
8887, 35629, 4, 0, 43964, 43967, 8338, 8334, 2084.50, 1
8888, 35630, 1, 0, 43968, 43968, 8338, 8337, 8338.00, 1
8889, 35634, 2, 0, 43969, 43970, 8336, 8334, 4168.00, 1
8890, 35635, 7, 0, 43971, 43977, 8342, 8335, 1191.71, 1
8891, 35638, 6, 0, 43978, 43983, 8345, 8339, 1390.83, 1
8892, 35639, 4, 0, 43984, 43987, 8348, 8344, 2087.00, 1
8893, 35642, 3, 0, 43988, 43990, 8348, 8345, 2782.67, 1
8894, 35651, 3, 0, 43991, 43993, 8342, 8339, 2780.67, 1
8895, 35663, 3, 0, 43994, 43996, 8333, 8330, 2777.67, 1
8896, 35669, 11, 0, 43997, 44007, 8338, 8327, 758.00, 1
8897, 35674, 1, 0, 44008, 44008, 8334, 8333, 8334.00, 1
8898, 35681, 5, 0, 44009, 44013, 8332, 8327, 1666.40, 1
8899, 35684, 5, 0, 44014, 44018, 8334, 8329, 1666.80, 1
8900, 35687, 3, 0, 44019, 44021, 8334, 8331, 2778.00, 1
8901, 35689, 7, 0, 44022, 44028, 8339, 8332, 1191.29, 1
8902, 35699, 7, 0, 44029, 44035, 8336, 8329, 1190.86, 1
8903, 35705, 2, 0, 44036, 44037, 8332, 8330, 4166.00, 1
8904, 35706, 4, 0, 44038, 44041, 8335, 8331, 2083.75, 1
8905, 35712, 1, 0, 44042, 44042, 8330, 8329, 8330.00, 1
8906, 35720, 5, 0, 44043, 44047, 8327, 8322, 1665.40, 1
8907, 35724, 7, 0, 44048, 44054, 8330, 8323, 1190.00, 1
8908, 35725, 1, 0, 44055, 44055, 8330, 8329, 8330.00, 1
8909, 35729, 3, 0, 44056, 44058, 8329, 8326, 2776.33, 1
8910, 35733, 4, 0, 44059, 44062, 8329, 8325, 2082.25, 1
8911, 35737, 8, 0, 44063, 44070, 8333, 8325, 1041.62, 1
8912, 35741, 4, 0, 44071, 44074, 8333, 8329, 2083.25, 1
8913, 35743, 2, 0, 44075, 44076, 8333, 8331, 4166.50, 1
8914, 35745, 1, 0, 44077, 44077, 8332, 8331, 8332.00, 1
8915, 35747, 1, 0, 44078, 44078, 8331, 8330, 8331.00, 1
8916, 35752, 3, 0, 44079, 44081, 8329, 8326, 2776.33, 1
8917, 35755, 3, 0, 44082, 44084, 8329, 8326, 2776.33, 1
8918, 35760, 5, 0, 44085, 44089, 8329, 8324, 1665.80, 1
8919, 35772, 3, 0, 44090, 44092, 8320, 8317, 2773.33, 1
8920, 35773, 5, 0, 44093, 44097, 8324, 8319, 1664.80, 1
8921, 35775, 1, 0, 44098, 44098, 8323, 8322, 8323.00, 1
8922, 35777, 12, 0, 44099, 44110, 8333, 8321, 694.42, 1
8923, 35778, 1, 0, 44111, 44111, 8333, 8332, 8333.00, 1
8924, 35781, 1, 0, 44112, 44112, 8331, 8330, 8331.00, 1
8925, 35782, 1, 0, 44113, 44113, 8331, 8330, 8331.00, 1
8926, 35783, 9, 0, 44114, 44122, 8339, 8330, 926.56, 1
8927, 35785, 5, 0, 44123, 44127, 8342, 8337, 1668.40, 1
8928, 35791, 3, 0, 44128, 44130, 8339, 8336, 2779.67, 1
8929, 35794, 4, 0, 44131, 44134, 8340, 8336, 2085.00, 1
8930, 35798, 9, 0, 44135, 44143, 8345, 8336, 927.22, 1
8931, 35812, 11, 0, 44144, 44154, 8342, 8331, 758.36, 1
8932, 35815, 4, 0, 44155, 44158, 8343, 8339, 2085.75, 1
8933, 35818, 1, 0, 44159, 44159, 8341, 8340, 8341.00, 1
8934, 35820, 8, 0, 44160, 44167, 8347, 8339, 1043.38, 1
8935, 35825, 2, 0, 44168, 44169, 8344, 8342, 4172.00, 1
8936, 35826, 9, 0, 44170, 44178, 8352, 8343, 928.00, 1
8937, 35845, 4, 0, 44179, 44182, 8337, 8333, 2084.25, 1
8938, 35846, 8, 0, 44183, 44190, 8344, 8336, 1043.00, 1
8939, 35848, 1, 0, 44191, 44191, 8343, 8342, 8343.00, 1
8940, 35859, 9, 0, 44192, 44200, 8341, 8332, 926.78, 1
8941, 35860, 15, 0, 44201, 44215, 8355, 8340, 557.00, 1
8942, 35861, 4, 0, 44216, 44219, 8358, 8354, 2089.50, 1
8943, 35868, 11, 0, 44220, 44230, 8362, 8351, 760.18, 1
8944, 35874, 1, 0, 44231, 44231, 8357, 8356, 8357.00, 1
8945, 35876, 3, 0, 44232, 44234, 8358, 8355, 2786.00, 1
8946, 35877, 15, 0, 44235, 44249, 8372, 8357, 558.13, 1
8947, 35878, 2, 0, 44250, 44251, 8373, 8371, 4186.50, 1
8948, 35882, 1, 0, 44252, 44252, 8370, 8369, 8370.00, 1
8949, 35885, 4, 0, 44253, 44256, 8371, 8367, 2092.75, 1
8950, 35886, 8, 0, 44257, 44264, 8378, 8370, 1047.25, 1
8951, 35890, 1, 0, 44265, 44265, 8375, 8374, 8375.00, 1
8952, 35891, 3, 0, 44266, 44268, 8377, 8374, 2792.33, 1
8953, 35892, 4, 0, 44269, 44272, 8380, 8376, 2095.00, 1
8954, 35893, 3, 0, 44273, 44275, 8382, 8379, 2794.00, 1
8955, 35900, 10, 0, 44276, 44285, 8385, 8375, 838.50, 1
8956, 35903, 3, 0, 44286, 44288, 8385, 8382, 2795.00, 1
8957, 35904, 1, 0, 44289, 44289, 8385, 8384, 8385.00, 1
8958, 35907, 1, 0, 44290, 44290, 8383, 8382, 8383.00, 1
8959, 35918, 3, 0, 44291, 44293, 8375, 8372, 2791.67, 1
8960, 35925, 1, 0, 44294, 44294, 8369, 8368, 8369.00, 1
8961, 35926, 5, 0, 44295, 44299, 8373, 8368, 1674.60, 1
8962, 35936, 2, 0, 44300, 44301, 8365, 8363, 4182.50, 1
8963, 35937, 2, 0, 44302, 44303, 8366, 8364, 4183.00, 1
8964, 35940, 9, 0, 44304, 44312, 8372, 8363, 930.22, 1
8965, 35947, 2, 0, 44313, 44314, 8367, 8365, 4183.50, 1
8966, 35948, 3, 0, 44315, 44317, 8369, 8366, 2789.67, 1
8967, 35953, 6, 0, 44318, 44323, 8370, 8364, 1395.00, 1
8968, 35957, 6, 0, 44324, 44329, 8372, 8366, 1395.33, 1
8969, 35958, 10, 0, 44330, 44339, 8381, 8371, 838.10, 1
8970, 35961, 6, 0, 44340, 44345, 8384, 8378, 1397.33, 1
8971, 35963, 2, 0, 44346, 44347, 8384, 8382, 4192.00, 1
8972, 35965, 1, 0, 44348, 44348, 8383, 8382, 8383.00, 1
8973, 35967, 6, 0, 44349, 44354, 8387, 8381, 1397.83, 1
8974, 35969, 4, 0, 44355, 44358, 8389, 8385, 2097.25, 1
8975, 35974, 2, 0, 44359, 44360, 8386, 8384, 4193.00, 1
8976, 35976, 1, 0, 44361, 44361, 8385, 8384, 8385.00, 1
8977, 35977, 10, 0, 44362, 44371, 8394, 8384, 839.40, 1
8978, 35978, 8, 0, 44372, 44379, 8401, 8393, 1050.12, 1
8979, 35980, 9, 0, 44380, 44388, 8408, 8399, 934.22, 1
8980, 35989, 4, 0, 44389, 44392, 8403, 8399, 2100.75, 1
8981, 35991, 20, 0, 44393, 44412, 8421, 8401, 421.05, 1
8982, 35992, 5, 0, 44413, 44417, 8425, 8420, 1685.00, 1
8983, 35993, 3, 0, 44418, 44420, 8427, 8424, 2809.00, 1
8984, 35994, 3, 0, 44421, 44423, 8429, 8426, 2809.67, 1
8985, 36012, 3, 0, 44424, 44426, 8414, 8411, 2804.67, 1
8986, 36029, 5, 0, 44427, 44431, 8402, 8397, 1680.40, 1
8987, 36030, 2, 0, 44432, 44433, 8403, 8401, 4201.50, 1
8988, 36033, 5, 0, 44434, 44438, 8405, 8400, 1681.00, 1
8989, 36034, 6, 0, 44439, 44444, 8410, 8404, 1401.67, 1
8990, 36035, 1, 0, 44445, 44445, 8410, 8409, 8410.00, 1
8991, 36036, 4, 0, 44446, 44449, 8413, 8409, 2103.25, 1
8992, 36037, 6, 0, 44450, 44455, 8418, 8412, 1403.00, 1
8993, 36047, 4, 0, 44456, 44459, 8412, 8408, 2103.00, 1
8994, 36048, 5, 0, 44460, 44464, 8416, 8411, 1683.20, 1
8995, 36051, 2, 0, 44465, 44466, 8415, 8413, 4207.50, 1
8996, 36087, 1, 0, 44467, 44467, 8380, 8379, 8380.00, 1
8997, 36088, 3, 0, 44468, 44470, 8382, 8379, 2794.00, 1
8998, 36089, 1, 0, 44471, 44471, 8382, 8381, 8382.00, 1
8999, 36090, 1, 0, 44472, 44472, 8382, 8381, 8382.00, 1
9000, 36091, 24, 0, 44473, 44496, 8405, 8381, 350.21, 1
9001, 36096, 3, 0, 44497, 44499, 8403, 8400, 2801.00, 1
9002, 36102, 5, 0, 44500, 44504, 8402, 8397, 1680.40, 1
9003, 36110, 3, 0, 44505, 44507, 8397, 8394, 2799.00, 1
9004, 36115, 8, 0, 44508, 44515, 8400, 8392, 1050.00, 1
9005, 36117, 6, 0, 44516, 44521, 8404, 8398, 1400.67, 1
9006, 36125, 3, 0, 44522, 44524, 8399, 8396, 2799.67, 1
9007, 36129, 5, 0, 44525, 44529, 8400, 8395, 1680.00, 1
9008, 36133, 2, 0, 44530, 44531, 8398, 8396, 4199.00, 1
9009, 36136, 5, 0, 44532, 44536, 8400, 8395, 1680.00, 1
9010, 36141, 14, 0, 44537, 44550, 8409, 8395, 600.64, 1
9011, 36142, 2, 0, 44551, 44552, 8410, 8408, 4205.00, 1
9012, 36144, 4, 0, 44553, 44556, 8412, 8408, 2103.00, 1
9013, 36147, 3, 0, 44557, 44559, 8412, 8409, 2804.00, 1
9014, 36148, 27, 0, 44560, 44586, 8438, 8411, 312.52, 1
9015, 36150, 26, 0, 44587, 44612, 8462, 8436, 325.46, 1
9016, 36156, 1, 0, 44613, 44613, 8457, 8456, 8457.00, 1
9017, 36162, 2, 0, 44614, 44615, 8453, 8451, 4226.50, 1
9018, 36164, 1, 0, 44616, 44616, 8452, 8451, 8452.00, 1
9019, 36165, 8, 0, 44617, 44624, 8459, 8451, 1057.38, 1
9020, 36168, 4, 0, 44625, 44628, 8460, 8456, 2115.00, 1
9021, 36171, 3, 0, 44629, 44631, 8460, 8457, 2820.00, 1
9022, 36172, 7, 0, 44632, 44638, 8466, 8459, 1209.43, 1
9023, 36176, 14, 0, 44639, 44652, 8476, 8462, 605.43, 1
9024, 36177, 6, 0, 44653, 44658, 8481, 8475, 1413.50, 1
9025, 36179, 8, 0, 44659, 44666, 8487, 8479, 1060.88, 1
9026, 36180, 6, 0, 44667, 44672, 8492, 8486, 1415.33, 1
9027, 36184, 5, 0, 44673, 44677, 8493, 8488, 1698.60, 1
9028, 36188, 6, 0, 44678, 44683, 8495, 8489, 1415.83, 1
9029, 36193, 8, 0, 44684, 44691, 8498, 8490, 1062.25, 1
9030, 36194, 2, 0, 44692, 44693, 8499, 8497, 4249.50, 1
9031, 36200, 5, 0, 44694, 44698, 8498, 8493, 1699.60, 1
9032, 36202, 4, 0, 44699, 44702, 8500, 8496, 2125.00, 1
9033, 36209, 9, 0, 44703, 44711, 8502, 8493, 944.67, 1
9034, 36210, 2, 0, 44712, 44713, 8503, 8501, 4251.50, 1
9035, 36216, 1, 0, 44714, 44714, 8498, 8497, 8498.00, 1
9036, 36219, 26, 0, 44715, 44740, 8521, 8495, 327.73, 1
9037, 36223, 7, 0, 44741, 44747, 8524, 8517, 1217.71, 1
9038, 36224, 11, 0, 44748, 44758, 8534, 8523, 775.82, 1
9039, 36231, 18, 0, 44759, 44776, 8545, 8527, 474.72, 1
9040, 36232, 16, 0, 44777, 44792, 8560, 8544, 535.00, 1
9041, 36240, 2, 0, 44793, 44794, 8554, 8552, 4277.00, 1
9042, 36243, 3, 0, 44795, 44797, 8554, 8551, 2851.33, 1
9043, 36247, 3, 0, 44798, 44800, 8553, 8550, 2851.00, 1
9044, 36248, 11, 0, 44801, 44811, 8563, 8552, 778.45, 1
9045, 36254, 6, 0, 44812, 44817, 8563, 8557, 1427.17, 1
9046, 36256, 6, 0, 44818, 44823, 8567, 8561, 1427.83, 1
9047, 36264, 3, 0, 44824, 44826, 8562, 8559, 2854.00, 1
9048, 36265, 2, 0, 44827, 44828, 8563, 8561, 4281.50, 1
9049, 36267, 11, 0, 44829, 44839, 8572, 8561, 779.27, 1
9050, 36269, 5, 0, 44840, 44844, 8575, 8570, 1715.00, 1
9051, 36270, 11, 0, 44845, 44855, 8585, 8574, 780.45, 1
9052, 36276, 7, 0, 44856, 44862, 8586, 8579, 1226.57, 1
9053, 36290, 1, 0, 44863, 44863, 8573, 8572, 8573.00, 1
9054, 36291, 1, 0, 44864, 44864, 8573, 8572, 8573.00, 1
9055, 36293, 10, 0, 44865, 44874, 8581, 8571, 858.10, 1
9056, 36296, 2, 0, 44875, 44876, 8580, 8578, 4290.00, 1
9057, 36298, 5, 0, 44877, 44881, 8583, 8578, 1716.60, 1
9058, 36303, 9, 0, 44882, 44890, 8587, 8578, 954.11, 1
9059, 36305, 3, 0, 44891, 44893, 8588, 8585, 2862.67, 1
9060, 36310, 3, 0, 44894, 44896, 8586, 8583, 2862.00, 1
9061, 36317, 1, 0, 44897, 44897, 8580, 8579, 8580.00, 1
9062, 36320, 12, 0, 44898, 44909, 8589, 8577, 715.75, 1
9063, 36324, 3, 0, 44910, 44912, 8588, 8585, 2862.67, 1
9064, 36326, 2, 0, 44913, 44914, 8588, 8586, 4294.00, 1
9065, 36331, 2, 0, 44915, 44916, 8585, 8583, 4292.50, 1
9066, 36333, 3, 0, 44917, 44919, 8586, 8583, 2862.00, 1
9067, 36341, 2, 0, 44920, 44921, 8580, 8578, 4290.00, 1
9068, 36342, 3, 0, 44922, 44924, 8582, 8579, 2860.67, 1
9069, 36345, 2, 0, 44925, 44926, 8581, 8579, 4290.50, 1
9070, 36346, 2, 0, 44927, 44928, 8582, 8580, 4291.00, 1
9071, 36349, 5, 0, 44929, 44933, 8584, 8579, 1716.80, 1
9072, 36351, 1, 0, 44934, 44934, 8583, 8582, 8583.00, 1
9073, 36356, 8, 0, 44935, 44942, 8586, 8578, 1073.25, 1
9074, 36364, 14, 0, 44943, 44956, 8592, 8578, 613.71, 1
9075, 36370, 9, 0, 44957, 44965, 8595, 8586, 955.00, 1
9076, 36376, 1, 0, 44966, 44966, 8590, 8589, 8590.00, 1
9077, 36377, 1, 0, 44967, 44967, 8590, 8589, 8590.00, 1
9078, 36382, 2, 0, 44968, 44969, 8587, 8585, 4293.50, 1
9079, 36384, 4, 0, 44970, 44973, 8589, 8585, 2147.25, 1
9080, 36385, 8, 0, 44974, 44981, 8596, 8588, 1074.50, 1
9081, 36391, 2, 0, 44982, 44983, 8592, 8590, 4296.00, 1
9082, 36394, 6, 0, 44984, 44989, 8595, 8589, 1432.50, 1
9083, 36403, 1, 0, 44990, 44990, 8587, 8586, 8587.00, 1
9084, 36409, 2, 0, 44991, 44992, 8583, 8581, 4291.50, 1
9085, 36410, 3, 0, 44993, 44995, 8585, 8582, 2861.67, 1
9086, 36412, 2, 0, 44996, 44997, 8585, 8583, 4292.50, 1
9087, 36415, 1, 0, 44998, 44998, 8583, 8582, 8583.00, 1
9088, 36418, 4, 0, 44999, 45002, 8584, 8580, 2146.00, 1
9089, 36424, 16, 0, 45003, 45018, 8594, 8578, 537.12, 1
9090, 36429, 6, 0, 45019, 45024, 8595, 8589, 1432.50, 1
9091, 36434, 4, 0, 45025, 45028, 8594, 8590, 2148.50, 1
9092, 36439, 3, 0, 45029, 45031, 8592, 8589, 2864.00, 1
9093, 36443, 6, 0, 45032, 45037, 8594, 8588, 1432.33, 1
9094, 36449, 4, 0, 45038, 45041, 8592, 8588, 2148.00, 1
9095, 36453, 5, 0, 45042, 45046, 8593, 8588, 1718.60, 1
9096, 36455, 3, 0, 45047, 45049, 8594, 8591, 2864.67, 1
9097, 36466, 1, 0, 45050, 45050, 8584, 8583, 8584.00, 1
9098, 36468, 7, 0, 45051, 45057, 8589, 8582, 1227.00, 1
9099, 36475, 1, 0, 45058, 45058, 8583, 8582, 8583.00, 1
9100, 36476, 2, 0, 45059, 45060, 8584, 8582, 4292.00, 1
9101, 36478, 12, 0, 45061, 45072, 8594, 8582, 716.17, 1
9102, 36479, 6, 0, 45073, 45078, 8599, 8593, 1433.17, 1
9103, 36480, 8, 0, 45079, 45086, 8606, 8598, 1075.75, 1
9104, 36484, 5, 0, 45087, 45091, 8607, 8602, 1721.40, 1
9105, 36486, 7, 0, 45092, 45098, 8612, 8605, 1230.29, 1
9106, 36489, 1, 0, 45099, 45099, 8610, 8609, 8610.00, 1
9107, 36496, 1, 0, 45100, 45100, 8604, 8603, 8604.00, 1
9108, 36505, 7, 0, 45101, 45107, 8602, 8595, 1228.86, 1
9109, 36506, 1, 0, 45108, 45108, 8602, 8601, 8602.00, 1
9110, 36508, 6, 0, 45109, 45114, 8606, 8600, 1434.33, 1
9111, 36509, 8, 0, 45115, 45122, 8613, 8605, 1076.62, 1
9112, 36512, 2, 0, 45123, 45124, 8612, 8610, 4306.00, 1
9113, 36524, 9, 0, 45125, 45133, 8609, 8600, 956.56, 1
9114, 36532, 3, 0, 45134, 45136, 8604, 8601, 2868.00, 1
9115, 36534, 15, 0, 45137, 45151, 8617, 8602, 574.47, 1
9116, 36535, 10, 0, 45152, 45161, 8626, 8616, 862.60, 1
9117, 36536, 5, 0, 45162, 45166, 8630, 8625, 1726.00, 1
9118, 36542, 1, 0, 45167, 45167, 8625, 8624, 8625.00, 1
9119, 36544, 11, 0, 45168, 45178, 8634, 8623, 784.91, 1
9120, 36557, 3, 0, 45179, 45181, 8624, 8621, 2874.67, 1
9121, 36559, 21, 0, 45182, 45202, 8643, 8622, 411.57, 1
9122, 36560, 2, 0, 45203, 45204, 8644, 8642, 4322.00, 1
9123, 36566, 3, 0, 45205, 45207, 8641, 8638, 2880.33, 1
9124, 36570, 2, 0, 45208, 45209, 8639, 8637, 4319.50, 1
9125, 36572, 8, 0, 45210, 45217, 8645, 8637, 1080.62, 1
9126, 36576, 1, 0, 45218, 45218, 8642, 8641, 8642.00, 1
9127, 36578, 9, 0, 45219, 45227, 8649, 8640, 961.00, 1
9128, 36582, 8, 0, 45228, 45235, 8653, 8645, 1081.62, 1
9129, 36588, 9, 0, 45236, 45244, 8656, 8647, 961.78, 1
9130, 36599, 5, 0, 45245, 45249, 8650, 8645, 1730.00, 1
9131, 36606, 11, 0, 45250, 45260, 8654, 8643, 786.73, 1
9132, 36607, 5, 0, 45261, 45265, 8658, 8653, 1731.60, 1
9133, 36617, 11, 0, 45266, 45276, 8659, 8648, 787.18, 1
9134, 36618, 3, 0, 45277, 45279, 8661, 8658, 2887.00, 1
9135, 36621, 2, 0, 45280, 45281, 8660, 8658, 4330.00, 1
9136, 36623, 2, 0, 45282, 45283, 8660, 8658, 4330.00, 1
9137, 36626, 4, 0, 45284, 45287, 8661, 8657, 2165.25, 1
9138, 36630, 2, 0, 45288, 45289, 8659, 8657, 4329.50, 1
9139, 36632, 3, 0, 45290, 45292, 8660, 8657, 2886.67, 1
9140, 36643, 1, 0, 45293, 45293, 8650, 8649, 8650.00, 1
9141, 36646, 12, 0, 45294, 45305, 8659, 8647, 721.58, 1
9142, 36654, 7, 0, 45306, 45312, 8658, 8651, 1236.86, 1
9143, 36656, 2, 0, 45313, 45314, 8658, 8656, 4329.00, 1
9144, 36659, 2, 0, 45315, 45316, 8657, 8655, 4328.50, 1
9145, 36668, 5, 0, 45317, 45321, 8653, 8648, 1730.60, 1
9146, 36669, 1, 0, 45322, 45322, 8653, 8652, 8653.00, 1
9147, 36672, 3, 0, 45323, 45325, 8653, 8650, 2884.33, 1
9148, 36673, 2, 0, 45326, 45327, 8654, 8652, 4327.00, 1
9149, 36674, 13, 0, 45328, 45340, 8666, 8653, 666.62, 1
9150, 36675, 1, 0, 45341, 45341, 8666, 8665, 8666.00, 1
9151, 36688, 2, 0, 45342, 45343, 8655, 8653, 4327.50, 1
9152, 36690, 5, 0, 45344, 45348, 8658, 8653, 1731.60, 1
9153, 36695, 2, 0, 45349, 45350, 8655, 8653, 4327.50, 1
9154, 36700, 2, 0, 45351, 45352, 8652, 8650, 4326.00, 1
9155, 36703, 4, 0, 45353, 45356, 8653, 8649, 2163.25, 1
9156, 36704, 12, 0, 45357, 45368, 8664, 8652, 722.00, 1
9157, 36716, 2, 0, 45369, 45370, 8654, 8652, 4327.00, 1
9158, 36728, 4, 0, 45371, 45374, 8646, 8642, 2161.50, 1
9159, 36733, 5, 0, 45375, 45379, 8646, 8641, 1729.20, 1
9160, 36734, 1, 0, 45380, 45380, 8646, 8645, 8646.00, 1
9161, 36738, 1, 0, 45381, 45381, 8643, 8642, 8643.00, 1
9162, 36747, 4, 0, 45382, 45385, 8638, 8634, 2159.50, 1
9163, 36748, 12, 0, 45386, 45397, 8649, 8637, 720.75, 1
9164, 36750, 1, 0, 45398, 45398, 8648, 8647, 8648.00, 1
9165, 36754, 2, 0, 45399, 45400, 8646, 8644, 4323.00, 1
9166, 36758, 3, 0, 45401, 45403, 8645, 8642, 2881.67, 1
9167, 36761, 7, 0, 45404, 45410, 8649, 8642, 1235.57, 1
9168, 36764, 2, 0, 45411, 45412, 8648, 8646, 4324.00, 1
9169, 36767, 1, 0, 45413, 45413, 8646, 8645, 8646.00, 1
9170, 36770, 4, 0, 45414, 45417, 8647, 8643, 2161.75, 1
9171, 36780, 1, 0, 45418, 45418, 8638, 8637, 8638.00, 1
9172, 36783, 3, 0, 45419, 45421, 8638, 8635, 2879.33, 1
9173, 36784, 7, 0, 45422, 45428, 8644, 8637, 1234.86, 1
9174, 36786, 12, 0, 45429, 45440, 8654, 8642, 721.17, 1
9175, 36788, 3, 0, 45441, 45443, 8655, 8652, 2885.00, 1
9176, 36791, 1, 0, 45444, 45444, 8653, 8652, 8653.00, 1
9177, 36798, 4, 0, 45445, 45448, 8650, 8646, 2162.50, 1
9178, 36800, 3, 0, 45449, 45451, 8651, 8648, 2883.67, 1
9179, 36801, 14, 0, 45452, 45465, 8664, 8650, 618.86, 1
9180, 36809, 2, 0, 45466, 45467, 8658, 8656, 4329.00, 1
9181, 36810, 1, 0, 45468, 45468, 8658, 8657, 8658.00, 1
9182, 36816, 2, 0, 45469, 45470, 8654, 8652, 4327.00, 1
9183, 36818, 1, 0, 45471, 45471, 8653, 8652, 8653.00, 1
9184, 36820, 3, 0, 45472, 45474, 8654, 8651, 2884.67, 1
9185, 36822, 1, 0, 45475, 45475, 8653, 8652, 8653.00, 1
9186, 36829, 2, 0, 45476, 45477, 8648, 8646, 4324.00, 1
9187, 36830, 4, 0, 45478, 45481, 8651, 8647, 2162.75, 1
9188, 36832, 7, 0, 45482, 45488, 8656, 8649, 1236.57, 1
9189, 36834, 3, 0, 45489, 45491, 8657, 8654, 2885.67, 1
9190, 36839, 15, 0, 45492, 45506, 8667, 8652, 577.80, 1
9191, 36842, 1, 0, 45507, 45507, 8665, 8664, 8665.00, 1
9192, 36844, 5, 0, 45508, 45512, 8668, 8663, 1733.60, 1
9193, 36848, 2, 0, 45513, 45514, 8666, 8664, 4333.00, 1
9194, 36856, 3, 0, 45515, 45517, 8661, 8658, 2887.00, 1
9195, 36859, 7, 0, 45518, 45524, 8665, 8658, 1237.86, 1
9196, 36862, 2, 0, 45525, 45526, 8664, 8662, 4332.00, 1
9197, 36867, 1, 0, 45527, 45527, 8660, 8659, 8660.00, 1
9198, 36875, 1, 0, 45528, 45528, 8653, 8652, 8653.00, 1
9199, 36877, 9, 0, 45529, 45537, 8660, 8651, 962.22, 1
9200, 36880, 3, 0, 45538, 45540, 8660, 8657, 2886.67, 1
9201, 36882, 1, 0, 45541, 45541, 8659, 8658, 8659.00, 1
9202, 36883, 3, 0, 45542, 45544, 8661, 8658, 2887.00, 1
9203, 36888, 5, 0, 45545, 45549, 8661, 8656, 1732.20, 1
9204, 36893, 1, 0, 45550, 45550, 8657, 8656, 8657.00, 1
9205, 36896, 7, 0, 45551, 45557, 8661, 8654, 1237.29, 1
9206, 36900, 2, 0, 45558, 45559, 8659, 8657, 4329.50, 1
9207, 36905, 11, 0, 45560, 45570, 8665, 8654, 787.73, 1
9208, 36919, 6, 0, 45571, 45576, 8657, 8651, 1442.83, 1
9209, 36921, 12, 0, 45577, 45588, 8667, 8655, 722.25, 1
9210, 36925, 2, 0, 45589, 45590, 8665, 8663, 4332.50, 1
9211, 36934, 6, 0, 45591, 45596, 8662, 8656, 1443.67, 1
9212, 36935, 3, 0, 45597, 45599, 8664, 8661, 2888.00, 1
9213, 36936, 13, 0, 45600, 45612, 8676, 8663, 667.38, 1
9214, 36940, 15, 0, 45613, 45627, 8687, 8672, 579.13, 1
9215, 36947, 2, 0, 45628, 45629, 8682, 8680, 4341.00, 1
9216, 36949, 6, 0, 45630, 45635, 8686, 8680, 1447.67, 1
9217, 36950, 6, 0, 45636, 45641, 8691, 8685, 1448.50, 1
9218, 36954, 4, 0, 45642, 45645, 8691, 8687, 2172.75, 1
9219, 36957, 2, 0, 45646, 45647, 8690, 8688, 4345.00, 1
9220, 36961, 1, 0, 45648, 45648, 8687, 8686, 8687.00, 1
9221, 36965, 5, 0, 45649, 45653, 8688, 8683, 1737.60, 1
9222, 36967, 8, 0, 45654, 45661, 8694, 8686, 1086.75, 1
9223, 36978, 9, 0, 45662, 45670, 8692, 8683, 965.78, 1
9224, 36981, 1, 0, 45671, 45671, 8690, 8689, 8690.00, 1
9225, 36986, 6, 0, 45672, 45677, 8691, 8685, 1448.50, 1
9226, 36987, 4, 0, 45678, 45681, 8694, 8690, 2173.50, 1
9227, 36995, 3, 0, 45682, 45684, 8689, 8686, 2896.33, 1
9228, 36997, 2, 0, 45685, 45686, 8689, 8687, 4344.50, 1
9229, 37001, 1, 0, 45687, 45687, 8686, 8685, 8686.00, 1
9230, 37003, 3, 0, 45688, 45690, 8687, 8684, 2895.67, 1
9231, 37008, 6, 0, 45691, 45696, 8688, 8682, 1448.00, 1
9232, 37010, 2, 0, 45697, 45698, 8688, 8686, 4344.00, 1
9233, 37013, 12, 0, 45699, 45710, 8697, 8685, 724.75, 1
9234, 37017, 17, 0, 45711, 45727, 8710, 8693, 512.35, 1
9235, 37022, 2, 0, 45728, 45729, 8707, 8705, 4353.50, 1
9236, 37025, 8, 0, 45730, 45737, 8712, 8704, 1089.00, 1
9237, 37027, 6, 0, 45738, 45743, 8716, 8710, 1452.67, 1
9238, 37031, 9, 0, 45744, 45752, 8721, 8712, 969.00, 1
9239, 37032, 3, 0, 45753, 45755, 8723, 8720, 2907.67, 1
9240, 37034, 2, 0, 45756, 45757, 8723, 8721, 4361.50, 1
9241, 37044, 3, 0, 45758, 45760, 8716, 8713, 2905.33, 1
9242, 37050, 3, 0, 45761, 45763, 8713, 8710, 2904.33, 1
9243, 37061, 3, 0, 45764, 45766, 8705, 8702, 2901.67, 1
9244, 37063, 2, 0, 45767, 45768, 8705, 8703, 4352.50, 1
9245, 37065, 8, 0, 45769, 45776, 8711, 8703, 1088.88, 1
9246, 37070, 5, 0, 45777, 45781, 8711, 8706, 1742.20, 1
9247, 37071, 5, 0, 45782, 45786, 8715, 8710, 1743.00, 1
9248, 37073, 1, 0, 45787, 45787, 8714, 8713, 8714.00, 1
9249, 37075, 6, 0, 45788, 45793, 8718, 8712, 1453.00, 1
9250, 37077, 3, 0, 45794, 45796, 8719, 8716, 2906.33, 1
9251, 37082, 3, 0, 45797, 45799, 8717, 8714, 2905.67, 1
9252, 37093, 5, 0, 45800, 45804, 8711, 8706, 1742.20, 1
9253, 37095, 1, 0, 45805, 45805, 8710, 8709, 8710.00, 1
9254, 37098, 6, 0, 45806, 45811, 8713, 8707, 1452.17, 1
9255, 37099, 1, 0, 45812, 45812, 8713, 8712, 8713.00, 1
9256, 37113, 8, 0, 45813, 45820, 8707, 8699, 1088.38, 1
9257, 37125, 3, 0, 45821, 45823, 8698, 8695, 2899.33, 1
9258, 37157, 1, 0, 45824, 45824, 8667, 8666, 8667.00, 1
9259, 37163, 5, 0, 45825, 45829, 8666, 8661, 1733.20, 1
9260, 37168, 1, 0, 45830, 45830, 8662, 8661, 8662.00, 1
9261, 37171, 2, 0, 45831, 45832, 8661, 8659, 4330.50, 1
9262, 37180, 12, 0, 45833, 45844, 8664, 8652, 722.00, 1
9263, 37181, 2, 0, 45845, 45846, 8665, 8663, 4332.50, 1
9264, 37183, 10, 0, 45847, 45856, 8673, 8663, 867.30, 1
9265, 37184, 1, 0, 45857, 45857, 8673, 8672, 8673.00, 1
9266, 37191, 3, 0, 45858, 45860, 8669, 8666, 2889.67, 1
9267, 37192, 1, 0, 45861, 45861, 8669, 8668, 8669.00, 1
9268, 37201, 5, 0, 45862, 45866, 8665, 8660, 1733.00, 1
9269, 37207, 9, 0, 45867, 45875, 8668, 8659, 963.11, 1
9270, 37211, 8, 0, 45876, 45883, 8672, 8664, 1084.00, 1
9271, 37217, 9, 0, 45884, 45892, 8675, 8666, 963.89, 1
9272, 37219, 3, 0, 45893, 45895, 8676, 8673, 2892.00, 1
9273, 37222, 5, 0, 45896, 45900, 8678, 8673, 1735.60, 1
9274, 37223, 1, 0, 45901, 45901, 8678, 8677, 8678.00, 1
9275, 37224, 7, 0, 45902, 45908, 8684, 8677, 1240.57, 1
9276, 37226, 7, 0, 45909, 45915, 8689, 8682, 1241.29, 1
9277, 37228, 2, 0, 45916, 45917, 8689, 8687, 4344.50, 1
9278, 37229, 1, 0, 45918, 45918, 8689, 8688, 8689.00, 1
9279, 37238, 9, 0, 45919, 45927, 8689, 8680, 965.44, 1
9280, 37240, 4, 0, 45928, 45931, 8691, 8687, 2172.75, 1
9281, 37245, 17, 0, 45932, 45948, 8703, 8686, 511.94, 1
9282, 37246, 3, 0, 45949, 45951, 8705, 8702, 2901.67, 1
9283, 37251, 8, 0, 45952, 45959, 8708, 8700, 1088.50, 1
9284, 37254, 2, 0, 45960, 45961, 8707, 8705, 4353.50, 1
9285, 37258, 2, 0, 45962, 45963, 8705, 8703, 4352.50, 1
9286, 37259, 6, 0, 45964, 45969, 8710, 8704, 1451.67, 1
9287, 37262, 15, 0, 45970, 45984, 8722, 8707, 581.47, 1
9288, 37263, 4, 0, 45985, 45988, 8725, 8721, 2181.25, 1
9289, 37267, 2, 0, 45989, 45990, 8723, 8721, 4361.50, 1
9290, 37274, 14, 0, 45991, 46004, 8730, 8716, 623.57, 1
9291, 37276, 5, 0, 46005, 46009, 8733, 8728, 1746.60, 1
9292, 37283, 2, 0, 46010, 46011, 8728, 8726, 4364.00, 1
9293, 37290, 10, 0, 46012, 46021, 8731, 8721, 873.10, 1
9294, 37296, 5, 0, 46022, 46026, 8730, 8725, 1746.00, 1
9295, 37330, 1, 0, 46027, 46027, 8697, 8696, 8697.00, 1
9296, 37335, 2, 0, 46028, 46029, 8694, 8692, 4347.00, 1
9297, 37339, 1, 0, 46030, 46030, 8691, 8690, 8691.00, 1
9298, 37342, 1, 0, 46031, 46031, 8689, 8688, 8689.00, 1
9299, 37352, 2, 0, 46032, 46033, 8681, 8679, 4340.50, 1
9300, 37357, 16, 0, 46034, 46049, 8692, 8676, 543.25, 1
9301, 37363, 15, 0, 46050, 46064, 8701, 8686, 580.07, 1
9302, 37370, 4, 0, 46065, 46068, 8698, 8694, 2174.50, 1
9303, 37374, 2, 0, 46069, 46070, 8696, 8694, 4348.00, 1
9304, 37376, 1, 0, 46071, 46071, 8695, 8694, 8695.00, 1
9305, 37378, 2, 0, 46072, 46073, 8695, 8693, 4347.50, 1
9306, 37381, 1, 0, 46074, 46074, 8693, 8692, 8693.00, 1
9307, 37387, 2, 0, 46075, 46076, 8689, 8687, 4344.50, 1
9308, 37388, 4, 0, 46077, 46080, 8692, 8688, 2173.00, 1
9309, 37391, 6, 0, 46081, 46086, 8695, 8689, 1449.17, 1
9310, 37394, 18, 0, 46087, 46104, 8710, 8692, 483.89, 1
9311, 37405, 3, 0, 46105, 46107, 8702, 8699, 2900.67, 1
9312, 37406, 4, 0, 46108, 46111, 8705, 8701, 2176.25, 1
9313, 37409, 8, 0, 46112, 46119, 8710, 8702, 1088.75, 1
9314, 37415, 2, 0, 46120, 46121, 8706, 8704, 4353.00, 1
9315, 37417, 1, 0, 46122, 46122, 8705, 8704, 8705.00, 1
9316, 37418, 12, 0, 46123, 46134, 8716, 8704, 726.33, 1
9317, 37421, 1, 0, 46135, 46135, 8714, 8713, 8714.00, 1
9318, 37425, 3, 0, 46136, 46138, 8713, 8710, 2904.33, 1
9319, 37429, 2, 0, 46139, 46140, 8711, 8709, 4355.50, 1
9320, 37430, 4, 0, 46141, 46144, 8714, 8710, 2178.50, 1
9321, 37436, 1, 0, 46145, 46145, 8709, 8708, 8709.00, 1
9322, 37437, 9, 0, 46146, 46154, 8717, 8708, 968.56, 1
9323, 37445, 3, 0, 46155, 46157, 8712, 8709, 2904.00, 1
9324, 37449, 6, 0, 46158, 46163, 8714, 8708, 1452.33, 1
9325, 37451, 7, 0, 46164, 46170, 8719, 8712, 1245.57, 1
9326, 37458, 1, 0, 46171, 46171, 8713, 8712, 8713.00, 1
9327, 37459, 3, 0, 46172, 46174, 8715, 8712, 2905.00, 1
9328, 37461, 2, 0, 46175, 46176, 8715, 8713, 4357.50, 1
9329, 37464, 2, 0, 46177, 46178, 8714, 8712, 4357.00, 1
9330, 37471, 20, 0, 46179, 46198, 8727, 8707, 436.35, 1
9331, 37477, 3, 0, 46199, 46201, 8724, 8721, 2908.00, 1
9332, 37478, 2, 0, 46202, 46203, 8725, 8723, 4362.50, 1
9333, 37481, 2, 0, 46204, 46205, 8724, 8722, 4362.00, 1
9334, 37486, 2, 0, 46206, 46207, 8721, 8719, 4360.50, 1
9335, 37488, 6, 0, 46208, 46213, 8725, 8719, 1454.17, 1
9336, 37492, 4, 0, 46214, 46217, 8725, 8721, 2181.25, 1
9337, 37495, 1, 0, 46218, 46218, 8723, 8722, 8723.00, 1
9338, 37499, 3, 0, 46219, 46221, 8722, 8719, 2907.33, 1
9339, 37500, 1, 0, 46222, 46222, 8722, 8721, 8722.00, 1
9340, 37515, 2, 0, 46223, 46224, 8709, 8707, 4354.50, 1
9341, 37519, 9, 0, 46225, 46233, 8714, 8705, 968.22, 1
9342, 37520, 1, 0, 46234, 46234, 8714, 8713, 8714.00, 1
9343, 37524, 2, 0, 46235, 46236, 8712, 8710, 4356.00, 1
9344, 37540, 2, 0, 46237, 46238, 8698, 8696, 4349.00, 1
9345, 37543, 2, 0, 46239, 46240, 8697, 8695, 4348.50, 1
9346, 37544, 1, 0, 46241, 46241, 8697, 8696, 8697.00, 1
9347, 37549, 9, 0, 46242, 46250, 8701, 8692, 966.78, 1
9348, 37552, 1, 0, 46251, 46251, 8699, 8698, 8699.00, 1
9349, 37555, 5, 0, 46252, 46256, 8701, 8696, 1740.20, 1
9350, 37558, 1, 0, 46257, 46257, 8699, 8698, 8699.00, 1
9351, 37568, 2, 0, 46258, 46259, 8691, 8689, 4345.50, 1
9352, 37569, 1, 0, 46260, 46260, 8691, 8690, 8691.00, 1
9353, 37580, 5, 0, 46261, 46265, 8685, 8680, 1737.00, 1
9354, 37584, 4, 0, 46266, 46269, 8685, 8681, 2171.25, 1
9355, 37589, 2, 0, 46270, 46271, 8682, 8680, 4341.00, 1
9356, 37592, 3, 0, 46272, 46274, 8682, 8679, 2894.00, 1
9357, 37598, 9, 0, 46275, 46283, 8685, 8676, 965.00, 1
9358, 37601, 5, 0, 46284, 46288, 8687, 8682, 1737.40, 1
9359, 37603, 3, 0, 46289, 46291, 8688, 8685, 2896.00, 1
9360, 37613, 4, 0, 46292, 46295, 8682, 8678, 2170.50, 1
9361, 37615, 2, 0, 46296, 46297, 8682, 8680, 4341.00, 1
9362, 37616, 3, 0, 46298, 46300, 8684, 8681, 2894.67, 1
9363, 37617, 9, 0, 46301, 46309, 8692, 8683, 965.78, 1
9364, 37619, 5, 0, 46310, 46314, 8695, 8690, 1739.00, 1
9365, 37621, 2, 0, 46315, 46316, 8695, 8693, 4347.50, 1
9366, 37624, 2, 0, 46317, 46318, 8694, 8692, 4347.00, 1
9367, 37632, 1, 0, 46319, 46319, 8687, 8686, 8687.00, 1
9368, 37637, 5, 0, 46320, 46324, 8687, 8682, 1737.40, 1
9369, 37642, 1, 0, 46325, 46325, 8683, 8682, 8683.00, 1
9370, 37643, 6, 0, 46326, 46331, 8688, 8682, 1448.00, 1
9371, 37645, 2, 0, 46332, 46333, 8688, 8686, 4344.00, 1
9372, 37647, 9, 0, 46334, 46342, 8695, 8686, 966.11, 1
9373, 37650, 4, 0, 46343, 46346, 8696, 8692, 2174.00, 1
9374, 37652, 3, 0, 46347, 46349, 8697, 8694, 2899.00, 1
9375, 37670, 1, 0, 46350, 46350, 8680, 8679, 8680.00, 1
9376, 37682, 5, 0, 46351, 46355, 8673, 8668, 1734.60, 1
9377, 37684, 1, 0, 46356, 46356, 8672, 8671, 8672.00, 1
9378, 37692, 2, 0, 46357, 46358, 8666, 8664, 4333.00, 1
9379, 37707, 15, 0, 46359, 46373, 8666, 8651, 577.73, 1
9380, 37713, 12, 0, 46374, 46385, 8672, 8660, 722.67, 1
9381, 37717, 6, 0, 46386, 46391, 8674, 8668, 1445.67, 1
9382, 37718, 3, 0, 46392, 46394, 8676, 8673, 2892.00, 1
9383, 37730, 3, 0, 46395, 46397, 8667, 8664, 2889.00, 1
9384, 37740, 1, 0, 46398, 46398, 8658, 8657, 8658.00, 1
9385, 37744, 12, 0, 46399, 46410, 8666, 8654, 722.17, 1
9386, 37749, 3, 0, 46411, 46413, 8664, 8661, 2888.00, 1
9387, 37755, 10, 0, 46414, 46423, 8668, 8658, 866.80, 1
9388, 37760, 2, 0, 46424, 46425, 8665, 8663, 4332.50, 1
9389, 37766, 2, 0, 46426, 46427, 8661, 8659, 4330.50, 1
9390, 37769, 2, 0, 46428, 46429, 8660, 8658, 4330.00, 1
9391, 37777, 12, 0, 46430, 46441, 8664, 8652, 722.00, 1
9392, 37784, 5, 0, 46442, 46446, 8662, 8657, 1732.40, 1
9393, 37788, 1, 0, 46447, 46447, 8659, 8658, 8659.00, 1
9394, 37790, 6, 0, 46448, 46453, 8663, 8657, 1443.83, 1
9395, 37791, 3, 0, 46454, 46456, 8665, 8662, 2888.33, 1
9396, 37792, 4, 0, 46457, 46460, 8668, 8664, 2167.00, 1
9397, 37796, 1, 0, 46461, 46461, 8665, 8664, 8665.00, 1
9398, 37798, 5, 0, 46462, 46466, 8668, 8663, 1733.60, 1
9399, 37810, 2, 0, 46467, 46468, 8658, 8656, 4329.00, 1
9400, 37812, 3, 0, 46469, 46471, 8659, 8656, 2886.33, 1
9401, 37816, 5, 0, 46472, 46476, 8660, 8655, 1732.00, 1
9402, 37819, 8, 0, 46477, 46484, 8665, 8657, 1083.12, 1
9403, 37820, 2, 0, 46485, 46486, 8666, 8664, 4333.00, 1
9404, 37823, 2, 0, 46487, 46488, 8665, 8663, 4332.50, 1
9405, 37828, 4, 0, 46489, 46492, 8664, 8660, 2166.00, 1
9406, 37831, 8, 0, 46493, 46500, 8669, 8661, 1083.62, 1
9407, 37833, 3, 0, 46501, 46503, 8670, 8667, 2890.00, 1
9408, 37844, 10, 0, 46504, 46513, 8669, 8659, 866.90, 1
9409, 37846, 11, 0, 46514, 46524, 8678, 8667, 788.91, 1
9410, 37855, 6, 0, 46525, 46530, 8675, 8669, 1445.83, 1
9411, 37858, 4, 0, 46531, 46534, 8676, 8672, 2169.00, 1
9412, 37866, 4, 0, 46535, 46538, 8672, 8668, 2168.00, 1
9413, 37868, 2, 0, 46539, 46540, 8672, 8670, 4336.00, 1
9414, 37870, 1, 0, 46541, 46541, 8671, 8670, 8671.00, 1
9415, 37875, 7, 0, 46542, 46548, 8673, 8666, 1239.00, 1
9416, 37881, 20, 0, 46549, 46568, 8687, 8667, 434.35, 1
9417, 37884, 11, 0, 46569, 46579, 8695, 8684, 790.45, 1
9418, 37889, 2, 0, 46580, 46581, 8692, 8690, 4346.00, 1
9419, 37891, 4, 0, 46582, 46585, 8694, 8690, 2173.50, 1
9420, 37892, 2, 0, 46586, 46587, 8695, 8693, 4347.50, 1
9421, 37893, 4, 0, 46588, 46591, 8698, 8694, 2174.50, 1
9422, 37894, 12, 0, 46592, 46603, 8709, 8697, 725.75, 1
9423, 37895, 18, 0, 46604, 46621, 8726, 8708, 484.78, 1
9424, 37897, 2, 0, 46622, 46623, 8726, 8724, 4363.00, 1
9425, 37898, 7, 0, 46624, 46630, 8732, 8725, 1247.43, 1
9426, 37899, 14, 0, 46631, 46644, 8745, 8731, 624.64, 1
9427, 37910, 11, 0, 46645, 46655, 8745, 8734, 795.00, 1
9428, 37911, 2, 0, 46656, 46657, 8746, 8744, 4373.00, 1
9429, 37923, 8, 0, 46658, 46665, 8742, 8734, 1092.75, 1
9430, 37930, 5, 0, 46666, 46670, 8740, 8735, 1748.00, 1
9431, 37935, 1, 0, 46671, 46671, 8736, 8735, 8736.00, 1
9432, 37945, 2, 0, 46672, 46673, 8728, 8726, 4364.00, 1
9433, 37946, 2, 0, 46674, 46675, 8729, 8727, 4364.50, 1
9434, 37949, 1, 0, 46676, 46676, 8727, 8726, 8727.00, 1
9435, 37954, 6, 0, 46677, 46682, 8728, 8722, 1454.67, 1
9436, 37956, 8, 0, 46683, 46690, 8734, 8726, 1091.75, 1
9437, 37957, 5, 0, 46691, 46695, 8738, 8733, 1747.60, 1
9438, 37958, 10, 0, 46696, 46705, 8747, 8737, 874.70, 1
9439, 37963, 3, 0, 46706, 46708, 8745, 8742, 2915.00, 1
9440, 37966, 2, 0, 46709, 46710, 8744, 8742, 4372.00, 1
9441, 37969, 9, 0, 46711, 46719, 8750, 8741, 972.22, 1
9442, 37988, 2, 0, 46720, 46721, 8733, 8731, 4366.50, 1
9443, 38002, 1, 0, 46722, 46722, 8720, 8719, 8720.00, 1
9444, 38004, 2, 0, 46723, 46724, 8720, 8718, 4360.00, 1
9445, 38006, 8, 0, 46725, 46732, 8726, 8718, 1090.75, 1
9446, 38010, 5, 0, 46733, 46737, 8727, 8722, 1745.40, 1
9447, 38011, 6, 0, 46738, 46743, 8732, 8726, 1455.33, 1
9448, 38012, 10, 0, 46744, 46753, 8741, 8731, 874.10, 1
9449, 38021, 1, 0, 46754, 46754, 8733, 8732, 8733.00, 1
9450, 38024, 8, 0, 46755, 46762, 8738, 8730, 1092.25, 1
9451, 38030, 2, 0, 46763, 46764, 8734, 8732, 4367.00, 1
9452, 38031, 1, 0, 46765, 46765, 8734, 8733, 8734.00, 1
9453, 38037, 1, 0, 46766, 46766, 8729, 8728, 8729.00, 1
9454, 38039, 6, 0, 46767, 46772, 8733, 8727, 1455.50, 1
9455, 38043, 1, 0, 46773, 46773, 8730, 8729, 8730.00, 1
9456, 38044, 4, 0, 46774, 46777, 8733, 8729, 2183.25, 1
9457, 38046, 7, 0, 46778, 46784, 8738, 8731, 1248.29, 1
9458, 38049, 18, 0, 46785, 46802, 8753, 8735, 486.28, 1
9459, 38051, 4, 0, 46803, 46806, 8755, 8751, 2188.75, 1
9460, 38052, 1, 0, 46807, 46807, 8755, 8754, 8755.00, 1
9461, 38054, 2, 0, 46808, 46809, 8755, 8753, 4377.50, 1
9462, 38061, 9, 0, 46810, 46818, 8757, 8748, 973.00, 1
9463, 38062, 2, 0, 46819, 46820, 8758, 8756, 4379.00, 1
9464, 38063, 1, 0, 46821, 46821, 8758, 8757, 8758.00, 1
9465, 38067, 2, 0, 46822, 46823, 8756, 8754, 4378.00, 1
9466, 38071, 23, 0, 46824, 46846, 8775, 8752, 381.52, 1
9467, 38075, 2, 0, 46847, 46848, 8773, 8771, 4386.50, 1
9468, 38076, 5, 0, 46849, 46853, 8777, 8772, 1755.40, 1
9469, 38087, 8, 0, 46854, 46861, 8774, 8766, 1096.75, 1
9470, 38090, 3, 0, 46862, 46864, 8774, 8771, 2924.67, 1
9471, 38094, 7, 0, 46865, 46871, 8777, 8770, 1253.86, 1
9472, 38099, 3, 0, 46872, 46874, 8775, 8772, 2925.00, 1
9473, 38102, 2, 0, 46875, 46876, 8774, 8772, 4387.00, 1
9474, 38103, 4, 0, 46877, 46880, 8777, 8773, 2194.25, 1
9475, 38107, 5, 0, 46881, 46885, 8778, 8773, 1755.60, 1
9476, 38113, 1, 0, 46886, 46886, 8773, 8772, 8773.00, 1
9477, 38114, 5, 0, 46887, 46891, 8777, 8772, 1755.40, 1
9478, 38117, 2, 0, 46892, 46893, 8776, 8774, 4388.00, 1
9479, 38120, 6, 0, 46894, 46899, 8779, 8773, 1463.17, 1
9480, 38124, 4, 0, 46900, 46903, 8779, 8775, 2194.75, 1
9481, 38125, 2, 0, 46904, 46905, 8780, 8778, 4390.00, 1
9482, 38126, 3, 0, 46906, 46908, 8782, 8779, 2927.33, 1
9483, 38128, 3, 0, 46909, 46911, 8783, 8780, 2927.67, 1
9484, 38133, 8, 0, 46912, 46919, 8786, 8778, 1098.25, 1
9485, 38134, 2, 0, 46920, 46921, 8787, 8785, 4393.50, 1
9486, 38137, 24, 0, 46922, 46945, 8808, 8784, 367.00, 1
9487, 38146, 7, 0, 46946, 46952, 8806, 8799, 1258.00, 1
9488, 38150, 2, 0, 46953, 46954, 8804, 8802, 4402.00, 1
9489, 38152, 8, 0, 46955, 46962, 8810, 8802, 1101.25, 1
9490, 38153, 2, 0, 46963, 46964, 8811, 8809, 4405.50, 1
9491, 38154, 10, 0, 46965, 46974, 8820, 8810, 882.00, 1
9492, 38163, 6, 0, 46975, 46980, 8817, 8811, 1469.50, 1
9493, 38164, 3, 0, 46981, 46983, 8819, 8816, 2939.67, 1
9494, 38174, 2, 0, 46984, 46985, 8811, 8809, 4405.50, 1
9495, 38178, 16, 0, 46986, 47001, 8823, 8807, 551.44, 1
9496, 38179, 2, 0, 47002, 47003, 8824, 8822, 4412.00, 1
9497, 38184, 6, 0, 47004, 47009, 8825, 8819, 1470.83, 1
9498, 38194, 5, 0, 47010, 47014, 8820, 8815, 1764.00, 1
9499, 38197, 1, 0, 47015, 47015, 8818, 8817, 8818.00, 1
9500, 38202, 3, 0, 47016, 47018, 8816, 8813, 2938.67, 1
9501, 38209, 1, 0, 47019, 47019, 8810, 8809, 8810.00, 1
9502, 38213, 2, 0, 47020, 47021, 8808, 8806, 4404.00, 1
9503, 38215, 4, 0, 47022, 47025, 8810, 8806, 2202.50, 1
9504, 38221, 1, 0, 47026, 47026, 8805, 8804, 8805.00, 1
9505, 38222, 4, 0, 47027, 47030, 8808, 8804, 2202.00, 1
9506, 38229, 3, 0, 47031, 47033, 8804, 8801, 2934.67, 1
9507, 38231, 25, 0, 47034, 47058, 8827, 8802, 353.08, 1
9508, 38243, 2, 0, 47059, 47060, 8817, 8815, 4408.50, 1
9509, 38247, 2, 0, 47061, 47062, 8815, 8813, 4407.50, 1
9510, 38248, 11, 0, 47063, 47073, 8825, 8814, 802.27, 1
9511, 38249, 1, 0, 47074, 47074, 8825, 8824, 8825.00, 1
9512, 38251, 5, 0, 47075, 47079, 8828, 8823, 1765.60, 1
9513, 38254, 9, 0, 47080, 47088, 8834, 8825, 981.56, 1
9514, 38255, 1, 0, 47089, 47089, 8834, 8833, 8834.00, 1
9515, 38257, 4, 0, 47090, 47093, 8836, 8832, 2209.00, 1
9516, 38267, 2, 0, 47094, 47095, 8828, 8826, 4414.00, 1
9517, 38271, 6, 0, 47096, 47101, 8830, 8824, 1471.67, 1
9518, 38279, 13, 0, 47102, 47114, 8835, 8822, 679.62, 1
9519, 38286, 1, 0, 47115, 47115, 8829, 8828, 8829.00, 1
9520, 38287, 2, 0, 47116, 47117, 8830, 8828, 4415.00, 1
9521, 38293, 36, 0, 47118, 47153, 8860, 8824, 246.11, 1
9522, 38294, 5, 0, 47154, 47158, 8864, 8859, 1772.80, 1
9523, 38295, 5, 0, 47159, 47163, 8868, 8863, 1773.60, 1
9524, 38296, 4, 0, 47164, 47167, 8871, 8867, 2217.75, 1
9525, 38304, 4, 0, 47168, 47171, 8867, 8863, 2216.75, 1
9526, 38306, 6, 0, 47172, 47177, 8871, 8865, 1478.50, 1
9527, 38308, 12, 0, 47178, 47189, 8881, 8869, 740.08, 1
9528, 38309, 2, 0, 47190, 47191, 8882, 8880, 4441.00, 1
9529, 38327, 3, 0, 47192, 47194, 8867, 8864, 2955.67, 1
9530, 38336, 2, 0, 47195, 47196, 8860, 8858, 4430.00, 1
9531, 38338, 10, 0, 47197, 47206, 8868, 8858, 886.80, 1
9532, 38339, 17, 0, 47207, 47223, 8884, 8867, 522.59, 1
9533, 38345, 1, 0, 47224, 47224, 8879, 8878, 8879.00, 1
9534, 38346, 4, 0, 47225, 47228, 8882, 8878, 2220.50, 1
9535, 38359, 2, 0, 47229, 47230, 8871, 8869, 4435.50, 1
9536, 38367, 2, 0, 47231, 47232, 8865, 8863, 4432.50, 1
9537, 38377, 1, 0, 47233, 47233, 8856, 8855, 8856.00, 1
9538, 38379, 3, 0, 47234, 47236, 8857, 8854, 2952.33, 1
9539, 38381, 4, 0, 47237, 47240, 8859, 8855, 2214.75, 1
9540, 38385, 2, 0, 47241, 47242, 8857, 8855, 4428.50, 1
9541, 38388, 14, 0, 47243, 47256, 8868, 8854, 633.43, 1
9542, 38389, 7, 0, 47257, 47263, 8874, 8867, 1267.71, 1
9543, 38390, 3, 0, 47264, 47266, 8876, 8873, 2958.67, 1
9544, 38393, 1, 0, 47267, 47267, 8874, 8873, 8874.00, 1
9545, 38397, 1, 0, 47268, 47268, 8871, 8870, 8871.00, 1
9546, 38399, 5, 0, 47269, 47273, 8874, 8869, 1774.80, 1
9547, 38400, 1, 0, 47274, 47274, 8874, 8873, 8874.00, 1
9548, 38403, 1, 0, 47275, 47275, 8872, 8871, 8872.00, 1
9549, 38404, 1, 0, 47276, 47276, 8872, 8871, 8872.00, 1
9550, 38407, 5, 0, 47277, 47281, 8874, 8869, 1774.80, 1
9551, 38409, 11, 0, 47282, 47292, 8883, 8872, 807.55, 1
9552, 38416, 2, 0, 47293, 47294, 8878, 8876, 4439.00, 1
9553, 38417, 12, 0, 47295, 47306, 8889, 8877, 740.75, 1
9554, 38418, 5, 0, 47307, 47311, 8893, 8888, 1778.60, 1
9555, 38424, 3, 0, 47312, 47314, 8890, 8887, 2963.33, 1
9556, 38425, 1, 0, 47315, 47315, 8890, 8889, 8890.00, 1
9557, 38426, 4, 0, 47316, 47319, 8893, 8889, 2223.25, 1
9558, 38433, 8, 0, 47320, 47327, 8894, 8886, 1111.75, 1
9559, 38438, 5, 0, 47328, 47332, 8894, 8889, 1778.80, 1
9560, 38443, 1, 0, 47333, 47333, 8890, 8889, 8890.00, 1
9561, 38447, 11, 0, 47334, 47344, 8897, 8886, 808.82, 1
9562, 38449, 8, 0, 47345, 47352, 8903, 8895, 1112.88, 1
9563, 38452, 2, 0, 47353, 47354, 8902, 8900, 4451.00, 1
9564, 38453, 6, 0, 47355, 47360, 8907, 8901, 1484.50, 1
9565, 38454, 5, 0, 47361, 47365, 8911, 8906, 1782.20, 1
9566, 38455, 4, 0, 47366, 47369, 8914, 8910, 2228.50, 1
9567, 38462, 1, 0, 47370, 47370, 8908, 8907, 8908.00, 1
9568, 38465, 1, 0, 47371, 47371, 8906, 8905, 8906.00, 1
9569, 38472, 1, 0, 47372, 47372, 8900, 8899, 8900.00, 1
9570, 38473, 1, 0, 47373, 47373, 8900, 8899, 8900.00, 1
9571, 38475, 2, 0, 47374, 47375, 8900, 8898, 4450.00, 1
9572, 38477, 1, 0, 47376, 47376, 8899, 8898, 8899.00, 1
9573, 38479, 3, 0, 47377, 47379, 8900, 8897, 2966.67, 1
9574, 38480, 4, 0, 47380, 47383, 8903, 8899, 2225.75, 1
9575, 38481, 3, 0, 47384, 47386, 8905, 8902, 2968.33, 1
9576, 38482, 3, 0, 47387, 47389, 8907, 8904, 2969.00, 1
9577, 38484, 3, 0, 47390, 47392, 8908, 8905, 2969.33, 1
9578, 38488, 2, 0, 47393, 47394, 8906, 8904, 4453.00, 1
9579, 38489, 5, 0, 47395, 47399, 8910, 8905, 1782.00, 1
9580, 38490, 2, 0, 47400, 47401, 8911, 8909, 4455.50, 1
9581, 38491, 3, 0, 47402, 47404, 8913, 8910, 2971.00, 1
9582, 38497, 4, 0, 47405, 47408, 8911, 8907, 2227.75, 1
9583, 38499, 6, 0, 47409, 47414, 8915, 8909, 1485.83, 1
9584, 38502, 3, 0, 47415, 47417, 8915, 8912, 2971.67, 1
9585, 38505, 8, 0, 47418, 47425, 8920, 8912, 1115.00, 1
9586, 38508, 1, 0, 47426, 47426, 8918, 8917, 8918.00, 1
9587, 38511, 11, 0, 47427, 47437, 8926, 8915, 811.45, 1
9588, 38512, 6, 0, 47438, 47443, 8931, 8925, 1488.50, 1
9589, 38522, 4, 0, 47444, 47447, 8925, 8921, 2231.25, 1
9590, 38527, 5, 0, 47448, 47452, 8925, 8920, 1785.00, 1
9591, 38533, 7, 0, 47453, 47459, 8926, 8919, 1275.14, 1
9592, 38537, 8, 0, 47460, 47467, 8930, 8922, 1116.25, 1
9593, 38538, 2, 0, 47468, 47469, 8931, 8929, 4465.50, 1
9594, 38539, 10, 0, 47470, 47479, 8940, 8930, 894.00, 1
9595, 38541, 9, 0, 47480, 47488, 8947, 8938, 994.11, 1
9596, 38547, 1, 0, 47489, 47489, 8942, 8941, 8942.00, 1
9597, 38551, 7, 0, 47490, 47496, 8945, 8938, 1277.86, 1
9598, 38560, 32, 0, 47497, 47528, 8968, 8936, 280.25, 1
9599, 38564, 2, 0, 47529, 47530, 8966, 8964, 4483.00, 1
9600, 38580, 4, 0, 47531, 47534, 8954, 8950, 2238.50, 1
9601, 38582, 2, 0, 47535, 47536, 8954, 8952, 4477.00, 1
9602, 38584, 3, 0, 47537, 47539, 8955, 8952, 2985.00, 1
9603, 38588, 1, 0, 47540, 47540, 8952, 8951, 8952.00, 1
9604, 38595, 1, 0, 47541, 47541, 8946, 8945, 8946.00, 1
9605, 38599, 3, 0, 47542, 47544, 8945, 8942, 2981.67, 1
9606, 38602, 1, 0, 47545, 47545, 8943, 8942, 8943.00, 1
9607, 38604, 8, 0, 47546, 47553, 8949, 8941, 1118.62, 1
9608, 38610, 1, 0, 47554, 47554, 8944, 8943, 8944.00, 1
9609, 38611, 7, 0, 47555, 47561, 8950, 8943, 1278.57, 1
9610, 38615, 7, 0, 47562, 47568, 8953, 8946, 1279.00, 1
9611, 38616, 1, 0, 47569, 47569, 8953, 8952, 8953.00, 1
9612, 38617, 3, 0, 47570, 47572, 8955, 8952, 2985.00, 1
9613, 38619, 2, 0, 47573, 47574, 8955, 8953, 4477.50, 1
9614, 38631, 7, 0, 47575, 47581, 8950, 8943, 1278.57, 1
9615, 38632, 3, 0, 47582, 47584, 8952, 8949, 2984.00, 1
9616, 38633, 1, 0, 47585, 47585, 8952, 8951, 8952.00, 1
9617, 38635, 5, 0, 47586, 47590, 8955, 8950, 1791.00, 1
9618, 38650, 3, 0, 47591, 47593, 8943, 8940, 2981.00, 1
9619, 38657, 2, 0, 47594, 47595, 8938, 8936, 4469.00, 1
9620, 38661, 8, 0, 47596, 47603, 8942, 8934, 1117.75, 1
9621, 38673, 2, 0, 47604, 47605, 8932, 8930, 4466.00, 1
9622, 38680, 1, 0, 47606, 47606, 8926, 8925, 8926.00, 1
9623, 38686, 1, 0, 47607, 47607, 8921, 8920, 8921.00, 1
9624, 38687, 17, 0, 47608, 47624, 8937, 8920, 525.71, 1
9625, 38689, 2, 0, 47625, 47626, 8937, 8935, 4468.50, 1
9626, 38691, 1, 0, 47627, 47627, 8936, 8935, 8936.00, 1
9627, 38693, 9, 0, 47628, 47636, 8943, 8934, 993.67, 1
9628, 38694, 5, 0, 47637, 47641, 8947, 8942, 1789.40, 1
9629, 38696, 3, 0, 47642, 47644, 8948, 8945, 2982.67, 1
9630, 38698, 2, 0, 47645, 47646, 8948, 8946, 4474.00, 1
9631, 38699, 10, 0, 47647, 47656, 8957, 8947, 895.70, 1
9632, 38701, 1, 0, 47657, 47657, 8956, 8955, 8956.00, 1
9633, 38702, 1, 0, 47658, 47658, 8956, 8955, 8956.00, 1
9634, 38703, 2, 0, 47659, 47660, 8957, 8955, 4478.50, 1
9635, 38706, 2, 0, 47661, 47662, 8956, 8954, 4478.00, 1
9636, 38714, 5, 0, 47663, 47667, 8953, 8948, 1790.60, 1
9637, 38715, 4, 0, 47668, 47671, 8956, 8952, 2239.00, 1
9638, 38718, 3, 0, 47672, 47674, 8956, 8953, 2985.33, 1
9639, 38722, 1, 0, 47675, 47675, 8953, 8952, 8953.00, 1
9640, 38731, 1, 0, 47676, 47676, 8945, 8944, 8945.00, 1
9641, 38737, 1, 0, 47677, 47677, 8940, 8939, 8940.00, 1
9642, 38738, 2, 0, 47678, 47679, 8941, 8939, 4470.50, 1
9643, 38744, 13, 0, 47680, 47692, 8948, 8935, 688.31, 1
9644, 38746, 3, 0, 47693, 47695, 8949, 8946, 2983.00, 1
9645, 38747, 5, 0, 47696, 47700, 8953, 8948, 1790.60, 1
9646, 38748, 1, 0, 47701, 47701, 8953, 8952, 8953.00, 1
9647, 38751, 3, 0, 47702, 47704, 8953, 8950, 2984.33, 1
9648, 38753, 5, 0, 47705, 47709, 8956, 8951, 1791.20, 1
9649, 38759, 4, 0, 47710, 47713, 8954, 8950, 2238.50, 1
9650, 38762, 17, 0, 47714, 47730, 8968, 8951, 527.53, 1
9651, 38766, 2, 0, 47731, 47732, 8966, 8964, 4483.00, 1
9652, 38767, 3, 0, 47733, 47735, 8968, 8965, 2989.33, 1
9653, 38773, 5, 0, 47736, 47740, 8967, 8962, 1793.40, 1
9654, 38775, 2, 0, 47741, 47742, 8967, 8965, 4483.50, 1
9655, 38791, 4, 0, 47743, 47746, 8955, 8951, 2238.75, 1
9656, 38794, 4, 0, 47747, 47750, 8956, 8952, 2239.00, 1
9657, 38796, 5, 0, 47751, 47755, 8959, 8954, 1791.80, 1
9658, 38799, 19, 0, 47756, 47774, 8975, 8956, 472.37, 1
9659, 38803, 3, 0, 47775, 47777, 8974, 8971, 2991.33, 1
9660, 38809, 1, 0, 47778, 47778, 8969, 8968, 8969.00, 1
9661, 38811, 14, 0, 47779, 47792, 8981, 8967, 641.50, 1
9662, 38818, 5, 0, 47793, 47797, 8979, 8974, 1795.80, 1
9663, 38823, 4, 0, 47798, 47801, 8978, 8974, 2244.50, 1
9664, 38825, 5, 0, 47802, 47806, 8981, 8976, 1796.20, 1
9665, 38826, 3, 0, 47807, 47809, 8983, 8980, 2994.33, 1
9666, 38832, 6, 0, 47810, 47815, 8983, 8977, 1497.17, 1
9667, 38834, 4, 0, 47816, 47819, 8985, 8981, 2246.25, 1
9668, 38836, 29, 0, 47820, 47848, 9012, 8983, 310.76, 1
9669, 38837, 5, 0, 47849, 47853, 9016, 9011, 1803.20, 1
9670, 38838, 19, 0, 47854, 47872, 9034, 9015, 475.47, 1
9671, 38842, 6, 0, 47873, 47878, 9036, 9030, 1506.00, 1
9672, 38849, 2, 0, 47879, 47880, 9031, 9029, 4515.50, 1
9673, 38855, 4, 0, 47881, 47884, 9029, 9025, 2257.25, 1
9674, 38857, 1, 0, 47885, 47885, 9028, 9027, 9028.00, 1
9675, 38871, 10, 0, 47886, 47895, 9024, 9014, 902.40, 1
9676, 38873, 1, 0, 47896, 47896, 9023, 9022, 9023.00, 1
9677, 38882, 1, 0, 47897, 47897, 9015, 9014, 9015.00, 1
9678, 38883, 6, 0, 47898, 47903, 9020, 9014, 1503.33, 1
9679, 38890, 1, 0, 47904, 47904, 9014, 9013, 9014.00, 1
9680, 38891, 2, 0, 47905, 47906, 9015, 9013, 4507.50, 1
9681, 38893, 2, 0, 47907, 47908, 9015, 9013, 4507.50, 1
9682, 38894, 3, 0, 47909, 47911, 9017, 9014, 3005.67, 1
9683, 38898, 6, 0, 47912, 47917, 9019, 9013, 1503.17, 1
9684, 38904, 2, 0, 47918, 47919, 9015, 9013, 4507.50, 1
9685, 38905, 3, 0, 47920, 47922, 9017, 9014, 3005.67, 1
9686, 38914, 4, 0, 47923, 47926, 9012, 9008, 2253.00, 1
9687, 38915, 11, 0, 47927, 47937, 9022, 9011, 820.18, 1
9688, 38919, 3, 0, 47938, 47940, 9021, 9018, 3007.00, 1
9689, 38920, 13, 0, 47941, 47953, 9033, 9020, 694.85, 1
9690, 38921, 2, 0, 47954, 47955, 9034, 9032, 4517.00, 1
9691, 38927, 8, 0, 47956, 47963, 9036, 9028, 1129.50, 1
9692, 38931, 11, 0, 47964, 47974, 9043, 9032, 822.09, 1
9693, 38932, 3, 0, 47975, 47977, 9045, 9042, 3015.00, 1
9694, 38933, 2, 0, 47978, 47979, 9046, 9044, 4523.00, 1
9695, 38943, 4, 0, 47980, 47983, 9040, 9036, 2260.00, 1
9696, 38945, 14, 0, 47984, 47997, 9052, 9038, 646.57, 1
9697, 38950, 11, 0, 47998, 48008, 9058, 9047, 823.45, 1
9698, 38959, 7, 0, 48009, 48015, 9056, 9049, 1293.71, 1
9699, 38960, 14, 0, 48016, 48029, 9069, 9055, 647.79, 1
9700, 38961, 7, 0, 48030, 48036, 9075, 9068, 1296.43, 1
9701, 38962, 4, 0, 48037, 48040, 9078, 9074, 2269.50, 1
9702, 38974, 6, 0, 48041, 48046, 9072, 9066, 1512.00, 1
9703, 38982, 1, 0, 48047, 48047, 9065, 9064, 9065.00, 1
9704, 38984, 1, 0, 48048, 48048, 9064, 9063, 9064.00, 1
9705, 38985, 5, 0, 48049, 48053, 9068, 9063, 1813.60, 1
9706, 38989, 14, 0, 48054, 48067, 9078, 9064, 648.43, 1
9707, 38990, 18, 0, 48068, 48085, 9095, 9077, 505.28, 1
9708, 38994, 3, 0, 48086, 48088, 9094, 9091, 3031.33, 1
9709, 38995, 4, 0, 48089, 48092, 9097, 9093, 2274.25, 1
9710, 39001, 1, 0, 48093, 48093, 9092, 9091, 9092.00, 1
9711, 39004, 10, 0, 48094, 48103, 9099, 9089, 909.90, 1
9712, 39008, 8, 0, 48104, 48111, 9103, 9095, 1137.88, 1
9713, 39011, 1, 0, 48112, 48112, 9101, 9100, 9101.00, 1
9714, 39013, 1, 0, 48113, 48113, 9100, 9099, 9100.00, 1
9715, 39014, 8, 0, 48114, 48121, 9107, 9099, 1138.38, 1
9716, 39016, 10, 0, 48122, 48131, 9115, 9105, 911.50, 1
9717, 39017, 2, 0, 48132, 48133, 9116, 9114, 4558.00, 1
9718, 39019, 2, 0, 48134, 48135, 9116, 9114, 4558.00, 1
9719, 39021, 2, 0, 48136, 48137, 9116, 9114, 4558.00, 1
9720, 39031, 1, 0, 48138, 48138, 9107, 9106, 9107.00, 1
9721, 39033, 3, 0, 48139, 48141, 9108, 9105, 3036.00, 1
9722, 39035, 4, 0, 48142, 48145, 9110, 9106, 2277.50, 1
9723, 39038, 5, 0, 48146, 48150, 9112, 9107, 1822.40, 1
9724, 39042, 8, 0, 48151, 48158, 9116, 9108, 1139.50, 1
9725, 39050, 17, 0, 48159, 48175, 9125, 9108, 536.76, 1
9726, 39053, 4, 0, 48176, 48179, 9126, 9122, 2281.50, 1
9727, 39059, 10, 0, 48180, 48189, 9130, 9120, 913.00, 1
9728, 39060, 7, 0, 48190, 48196, 9136, 9129, 1305.14, 1
9729, 39065, 17, 0, 48197, 48213, 9148, 9131, 538.12, 1
9730, 39075, 3, 0, 48214, 48216, 9141, 9138, 3047.00, 1
9731, 39077, 4, 0, 48217, 48220, 9143, 9139, 2285.75, 1
9732, 39079, 9, 0, 48221, 48229, 9150, 9141, 1016.67, 1
9733, 39082, 2, 0, 48230, 48231, 9149, 9147, 4574.50, 1
9734, 39083, 1, 0, 48232, 48232, 9149, 9148, 9149.00, 1
9735, 39091, 3, 0, 48233, 48235, 9144, 9141, 3048.00, 1
9736, 39092, 2, 0, 48236, 48237, 9145, 9143, 4572.50, 1
9737, 39095, 1, 0, 48238, 48238, 9143, 9142, 9143.00, 1
9738, 39099, 2, 0, 48239, 48240, 9141, 9139, 4570.50, 1
9739, 39100, 5, 0, 48241, 48245, 9145, 9140, 1829.00, 1
9740, 39103, 5, 0, 48246, 48250, 9147, 9142, 1829.40, 1
9741, 39109, 3, 0, 48251, 48253, 9144, 9141, 3048.00, 1
9742, 39113, 3, 0, 48254, 48256, 9143, 9140, 3047.67, 1
9743, 39114, 1, 0, 48257, 48257, 9143, 9142, 9143.00, 1
9744, 39116, 2, 0, 48258, 48259, 9143, 9141, 4571.50, 1
9745, 39119, 10, 0, 48260, 48269, 9150, 9140, 915.00, 1
9746, 39121, 1, 0, 48270, 48270, 9149, 9148, 9149.00, 1
9747, 39126, 2, 0, 48271, 48272, 9146, 9144, 4573.00, 1
9748, 39128, 3, 0, 48273, 48275, 9147, 9144, 3049.00, 1
9749, 39131, 6, 0, 48276, 48281, 9150, 9144, 1525.00, 1
9750, 39133, 2, 0, 48282, 48283, 9150, 9148, 4575.00, 1
9751, 39135, 6, 0, 48284, 48289, 9154, 9148, 1525.67, 1
9752, 39138, 1, 0, 48290, 48290, 9152, 9151, 9152.00, 1
9753, 39140, 8, 0, 48291, 48298, 9158, 9150, 1144.75, 1
9754, 39147, 4, 0, 48299, 48302, 9155, 9151, 2288.75, 1
9755, 39148, 3, 0, 48303, 48305, 9157, 9154, 3052.33, 1
9756, 39153, 5, 0, 48306, 48310, 9157, 9152, 1831.40, 1
9757, 39154, 6, 0, 48311, 48316, 9162, 9156, 1527.00, 1
9758, 39162, 1, 0, 48317, 48317, 9155, 9154, 9155.00, 1
9759, 39164, 2, 0, 48318, 48319, 9155, 9153, 4577.50, 1
9760, 39167, 1, 0, 48320, 48320, 9153, 9152, 9153.00, 1
9761, 39168, 5, 0, 48321, 48325, 9157, 9152, 1831.40, 1
9762, 39171, 2, 0, 48326, 48327, 9156, 9154, 4578.00, 1
9763, 39172, 5, 0, 48328, 48332, 9160, 9155, 1832.00, 1
9764, 39173, 1, 0, 48333, 48333, 9160, 9159, 9160.00, 1
9765, 39176, 11, 0, 48334, 48344, 9168, 9157, 833.45, 1
9766, 39184, 5, 0, 48345, 48349, 9165, 9160, 1833.00, 1
9767, 39188, 11, 0, 48350, 48360, 9172, 9161, 833.82, 1
9768, 39193, 1, 0, 48361, 48361, 9168, 9167, 9168.00, 1
9769, 39202, 4, 0, 48362, 48365, 9163, 9159, 2290.75, 1
9770, 39203, 4, 0, 48366, 48369, 9166, 9162, 2291.50, 1
9771, 39205, 1, 0, 48370, 48370, 9165, 9164, 9165.00, 1
9772, 39207, 13, 0, 48371, 48383, 9176, 9163, 705.85, 1
9773, 39209, 5, 0, 48384, 48388, 9179, 9174, 1835.80, 1
9774, 39210, 10, 0, 48389, 48398, 9188, 9178, 918.80, 1
9775, 39214, 4, 0, 48399, 48402, 9188, 9184, 2297.00, 1
9776, 39215, 6, 0, 48403, 48408, 9193, 9187, 1532.17, 1
9777, 39216, 2, 0, 48409, 48410, 9194, 9192, 4597.00, 1
9778, 39224, 8, 0, 48411, 48418, 9194, 9186, 1149.25, 1
9779, 39228, 1, 0, 48419, 48419, 9191, 9190, 9191.00, 1
9780, 39233, 7, 0, 48420, 48426, 9193, 9186, 1313.29, 1
9781, 39236, 1, 0, 48427, 48427, 9191, 9190, 9191.00, 1
9782, 39237, 7, 0, 48428, 48434, 9197, 9190, 1313.86, 1
9783, 39246, 2, 0, 48435, 48436, 9190, 9188, 4595.00, 1
9784, 39248, 7, 0, 48437, 48443, 9195, 9188, 1313.57, 1
9785, 39257, 3, 0, 48444, 48446, 9189, 9186, 3063.00, 1
9786, 39259, 2, 0, 48447, 48448, 9189, 9187, 4594.50, 1
9787, 39264, 18, 0, 48449, 48466, 9202, 9184, 511.22, 1
9788, 39266, 5, 0, 48467, 48471, 9205, 9200, 1841.00, 1
9789, 39269, 1, 0, 48472, 48472, 9203, 9202, 9203.00, 1
9790, 39270, 2, 0, 48473, 48474, 9204, 9202, 4602.00, 1
9791, 39271, 4, 0, 48475, 48478, 9207, 9203, 2301.75, 1
9792, 39288, 1, 0, 48479, 48479, 9191, 9190, 9191.00, 1
9793, 39291, 8, 0, 48480, 48487, 9196, 9188, 1149.50, 1
9794, 39299, 1, 0, 48488, 48488, 9189, 9188, 9189.00, 1
9795, 39301, 3, 0, 48489, 48491, 9190, 9187, 3063.33, 1
9796, 39303, 5, 0, 48492, 48496, 9193, 9188, 1838.60, 1
9797, 39304, 2, 0, 48497, 48498, 9194, 9192, 4597.00, 1
9798, 39308, 2, 0, 48499, 48500, 9192, 9190, 4596.00, 1
9799, 39309, 1, 0, 48501, 48501, 9192, 9191, 9192.00, 1
9800, 39311, 1, 0, 48502, 48502, 9191, 9190, 9191.00, 1
9801, 39315, 1, 0, 48503, 48503, 9188, 9187, 9188.00, 1
9802, 39320, 9, 0, 48504, 48512, 9192, 9183, 1021.33, 1
9803, 39326, 5, 0, 48513, 48517, 9191, 9186, 1838.20, 1
9804, 39332, 23, 0, 48518, 48540, 9208, 9185, 400.35, 1
9805, 39335, 6, 0, 48541, 48546, 9211, 9205, 1535.17, 1
9806, 39345, 1, 0, 48547, 48547, 9202, 9201, 9202.00, 1
9807, 39350, 9, 0, 48548, 48556, 9206, 9197, 1022.89, 1
9808, 39355, 1, 0, 48557, 48557, 9202, 9201, 9202.00, 1
9809, 39357, 9, 0, 48558, 48566, 9209, 9200, 1023.22, 1
9810, 39360, 5, 0, 48567, 48571, 9211, 9206, 1842.20, 1
9811, 39368, 9, 0, 48572, 48580, 9212, 9203, 1023.56, 1
9812, 39369, 7, 0, 48581, 48587, 9218, 9211, 1316.86, 1
9813, 39376, 1, 0, 48588, 48588, 9212, 9211, 9212.00, 1
9814, 39381, 1, 0, 48589, 48589, 9208, 9207, 9208.00, 1
9815, 39383, 6, 0, 48590, 48595, 9212, 9206, 1535.33, 1
9816, 39386, 1, 0, 48596, 48596, 9210, 9209, 9210.00, 1
9817, 39395, 2, 0, 48597, 48598, 9203, 9201, 4601.50, 1
9818, 39396, 1, 0, 48599, 48599, 9203, 9202, 9203.00, 1
9819, 39401, 1, 0, 48600, 48600, 9199, 9198, 9199.00, 1
9820, 39406, 12, 0, 48601, 48612, 9206, 9194, 767.17, 1
9821, 39408, 11, 0, 48613, 48623, 9215, 9204, 837.73, 1
9822, 39409, 1, 0, 48624, 48624, 9215, 9214, 9215.00, 1
9823, 39415, 2, 0, 48625, 48626, 9211, 9209, 4605.50, 1
9824, 39417, 18, 0, 48627, 48644, 9227, 9209, 512.61, 1
9825, 39419, 1, 0, 48645, 48645, 9226, 9225, 9226.00, 1
9826, 39420, 15, 0, 48646, 48660, 9240, 9225, 616.00, 1
9827, 39422, 15, 0, 48661, 48675, 9253, 9238, 616.87, 1
9828, 39423, 1, 0, 48676, 48676, 9253, 9252, 9253.00, 1
9829, 39428, 3, 0, 48677, 48679, 9251, 9248, 3083.67, 1
9830, 39433, 5, 0, 48680, 48684, 9251, 9246, 1850.20, 1
9831, 39438, 2, 0, 48685, 48686, 9248, 9246, 4624.00, 1
9832, 39442, 7, 0, 48687, 48693, 9251, 9244, 1321.57, 1
9833, 39443, 2, 0, 48694, 48695, 9252, 9250, 4626.00, 1
9834, 39444, 3, 0, 48696, 48698, 9254, 9251, 3084.67, 1
9835, 39449, 1, 0, 48699, 48699, 9250, 9249, 9250.00, 1
9836, 39455, 4, 0, 48700, 48703, 9248, 9244, 2312.00, 1
9837, 39468, 1, 0, 48704, 48704, 9236, 9235, 9236.00, 1
9838, 39470, 8, 0, 48705, 48712, 9242, 9234, 1155.25, 1
9839, 39471, 15, 0, 48713, 48727, 9256, 9241, 617.07, 1
9840, 39472, 4, 0, 48728, 48731, 9259, 9255, 2314.75, 1
9841, 39478, 1, 0, 48732, 48732, 9254, 9253, 9254.00, 1
9842, 39484, 4, 0, 48733, 48736, 9252, 9248, 2313.00, 1
9843, 39488, 4, 0, 48737, 48740, 9252, 9248, 2313.00, 1
9844, 39491, 7, 0, 48741, 48747, 9256, 9249, 1322.29, 1
9845, 39494, 5, 0, 48748, 48752, 9258, 9253, 1851.60, 1
9846, 39495, 1, 0, 48753, 48753, 9258, 9257, 9258.00, 1
9847, 39497, 3, 0, 48754, 48756, 9259, 9256, 3086.33, 1
9848, 39501, 3, 0, 48757, 48759, 9258, 9255, 3086.00, 1
9849, 39503, 4, 0, 48760, 48763, 9260, 9256, 2315.00, 1
9850, 39515, 1, 0, 48764, 48764, 9249, 9248, 9249.00, 1
9851, 39521, 7, 0, 48765, 48771, 9250, 9243, 1321.43, 1
9852, 39530, 1, 0, 48772, 48772, 9242, 9241, 9242.00, 1
9853, 39536, 3, 0, 48773, 48775, 9239, 9236, 3079.67, 1
9854, 39537, 9, 0, 48776, 48784, 9247, 9238, 1027.44, 1
9855, 39553, 2, 0, 48785, 48786, 9233, 9231, 4616.50, 1
9856, 39556, 3, 0, 48787, 48789, 9233, 9230, 3077.67, 1
9857, 39560, 8, 0, 48790, 48797, 9237, 9229, 1154.62, 1
9858, 39561, 5, 0, 48798, 48802, 9241, 9236, 1848.20, 1
9859, 39572, 1, 0, 48803, 48803, 9231, 9230, 9231.00, 1
9860, 39573, 3, 0, 48804, 48806, 9233, 9230, 3077.67, 1
9861, 39577, 6, 0, 48807, 48812, 9235, 9229, 1539.17, 1
9862, 39578, 12, 0, 48813, 48824, 9246, 9234, 770.50, 1
9863, 39580, 2, 0, 48825, 48826, 9246, 9244, 4623.00, 1
9864, 39583, 2, 0, 48827, 48828, 9245, 9243, 4622.50, 1
9865, 39584, 20, 0, 48829, 48848, 9264, 9244, 463.20, 1
9866, 39590, 4, 0, 48849, 48852, 9262, 9258, 2315.50, 1
9867, 39608, 1, 0, 48853, 48853, 9245, 9244, 9245.00, 1
9868, 39611, 2, 0, 48854, 48855, 9244, 9242, 4622.00, 1
9869, 39616, 3, 0, 48856, 48858, 9242, 9239, 3080.67, 1
9870, 39618, 2, 0, 48859, 48860, 9242, 9240, 4621.00, 1
9871, 39619, 9, 0, 48861, 48869, 9250, 9241, 1027.78, 1
9872, 39637, 9, 0, 48870, 48878, 9241, 9232, 1026.78, 1
9873, 39638, 2, 0, 48879, 48880, 9242, 9240, 4621.00, 1
9874, 39642, 11, 0, 48881, 48891, 9249, 9238, 840.82, 1
9875, 39648, 2, 0, 48892, 48893, 9245, 9243, 4622.50, 1
9876, 39653, 5, 0, 48894, 48898, 9245, 9240, 1849.00, 1
9877, 39655, 8, 0, 48899, 48906, 9251, 9243, 1156.38, 1
9878, 39659, 5, 0, 48907, 48911, 9252, 9247, 1850.40, 1
9879, 39660, 8, 0, 48912, 48919, 9259, 9251, 1157.38, 1
9880, 39664, 3, 0, 48920, 48922, 9258, 9255, 3086.00, 1
9881, 39671, 3, 0, 48923, 48925, 9254, 9251, 3084.67, 1
9882, 39678, 1, 0, 48926, 48926, 9248, 9247, 9248.00, 1
9883, 39693, 2, 0, 48927, 48928, 9235, 9233, 4617.50, 1
9884, 39694, 1, 0, 48929, 48929, 9235, 9234, 9235.00, 1
9885, 39695, 1, 0, 48930, 48930, 9235, 9234, 9235.00, 1
9886, 39699, 2, 0, 48931, 48932, 9233, 9231, 4616.50, 1
9887, 39709, 19, 0, 48933, 48951, 9242, 9223, 486.42, 1
9888, 39711, 9, 0, 48952, 48960, 9249, 9240, 1027.67, 1
9889, 39723, 4, 0, 48961, 48964, 9241, 9237, 2310.25, 1
9890, 39725, 1, 0, 48965, 48965, 9240, 9239, 9240.00, 1
9891, 39728, 1, 0, 48966, 48966, 9238, 9237, 9238.00, 1
9892, 39732, 7, 0, 48967, 48973, 9241, 9234, 1320.14, 1
9893, 39733, 7, 0, 48974, 48980, 9247, 9240, 1321.00, 1
9894, 39734, 1, 0, 48981, 48981, 9247, 9246, 9247.00, 1
9895, 39750, 3, 0, 48982, 48984, 9234, 9231, 3078.00, 1
9896, 39753, 5, 0, 48985, 48989, 9236, 9231, 1847.20, 1
9897, 39754, 3, 0, 48990, 48992, 9238, 9235, 3079.33, 1
9898, 39755, 1, 0, 48993, 48993, 9238, 9237, 9238.00, 1
9899, 39757, 1, 0, 48994, 48994, 9237, 9236, 9237.00, 1
9900, 39763, 6, 0, 48995, 49000, 9237, 9231, 1539.50, 1
9901, 39778, 1, 0, 49001, 49001, 9223, 9222, 9223.00, 1
9902, 39788, 8, 0, 49002, 49009, 9221, 9213, 1152.62, 1
9903, 39790, 19, 0, 49010, 49028, 9238, 9219, 486.21, 1
9904, 39791, 2, 0, 49029, 49030, 9239, 9237, 4619.50, 1
9905, 39796, 4, 0, 49031, 49034, 9238, 9234, 2309.50, 1
9906, 39799, 6, 0, 49035, 49040, 9241, 9235, 1540.17, 1
9907, 39802, 2, 0, 49041, 49042, 9240, 9238, 4620.00, 1
9908, 39820, 4, 0, 49043, 49046, 9226, 9222, 2306.50, 1
9909, 39822, 3, 0, 49047, 49049, 9227, 9224, 3075.67, 1
9910, 39824, 1, 0, 49050, 49050, 9226, 9225, 9226.00, 1
9911, 39830, 4, 0, 49051, 49054, 9224, 9220, 2306.00, 1
9912, 39834, 19, 0, 49055, 49073, 9239, 9220, 486.26, 1
9913, 39836, 15, 0, 49074, 49088, 9252, 9237, 616.80, 1
9914, 39837, 1, 0, 49089, 49089, 9252, 9251, 9252.00, 1
9915, 39841, 7, 0, 49090, 49096, 9255, 9248, 1322.14, 1
9916, 39844, 3, 0, 49097, 49099, 9255, 9252, 3085.00, 1
9917, 39852, 4, 0, 49100, 49103, 9251, 9247, 2312.75, 1
9918, 39861, 8, 0, 49104, 49111, 9250, 9242, 1156.25, 1
9919, 39864, 2, 0, 49112, 49113, 9249, 9247, 4624.50, 1
9920, 39865, 1, 0, 49114, 49114, 9249, 9248, 9249.00, 1
9921, 39875, 8, 0, 49115, 49122, 9247, 9239, 1155.88, 1
9922, 39877, 1, 0, 49123, 49123, 9246, 9245, 9246.00, 1
9923, 39878, 16, 0, 49124, 49139, 9261, 9245, 578.81, 1
9924, 39885, 2, 0, 49140, 49141, 9256, 9254, 4628.00, 1
9925, 39889, 3, 0, 49142, 49144, 9255, 9252, 3085.00, 1
9926, 39890, 7, 0, 49145, 49151, 9261, 9254, 1323.00, 1
9927, 39893, 2, 0, 49152, 49153, 9260, 9258, 4630.00, 1
9928, 39894, 1, 0, 49154, 49154, 9260, 9259, 9260.00, 1
9929, 39903, 3, 0, 49155, 49157, 9254, 9251, 3084.67, 1
9930, 39905, 1, 0, 49158, 49158, 9253, 9252, 9253.00, 1
9931, 39909, 14, 0, 49159, 49172, 9263, 9249, 661.64, 1
9932, 39914, 2, 0, 49173, 49174, 9260, 9258, 4630.00, 1
9933, 39917, 2, 0, 49175, 49176, 9259, 9257, 4629.50, 1
9934, 39920, 10, 0, 49177, 49186, 9266, 9256, 926.60, 1
9935, 39921, 1, 0, 49187, 49187, 9266, 9265, 9266.00, 1
9936, 39926, 1, 0, 49188, 49188, 9262, 9261, 9262.00, 1
9937, 39927, 4, 0, 49189, 49192, 9265, 9261, 2316.25, 1
9938, 39928, 7, 0, 49193, 49199, 9271, 9264, 1324.43, 1
9939, 39931, 11, 0, 49200, 49210, 9279, 9268, 843.55, 1
9940, 39935, 11, 0, 49211, 49221, 9286, 9275, 844.18, 1
9941, 39936, 2, 0, 49222, 49223, 9287, 9285, 4643.50, 1
9942, 39939, 12, 0, 49224, 49235, 9296, 9284, 774.67, 1
9943, 39948, 3, 0, 49236, 49238, 9290, 9287, 3096.67, 1
9944, 39951, 6, 0, 49239, 49244, 9293, 9287, 1548.83, 1
9945, 39952, 11, 0, 49245, 49255, 9303, 9292, 845.73, 1
9946, 39956, 12, 0, 49256, 49267, 9311, 9299, 775.92, 1
9947, 39960, 1, 0, 49268, 49268, 9308, 9307, 9308.00, 1
9948, 39961, 2, 0, 49269, 49270, 9309, 9307, 4654.50, 1
9949, 39962, 6, 0, 49271, 49276, 9314, 9308, 1552.33, 1
9950, 39967, 8, 0, 49277, 49284, 9317, 9309, 1164.62, 1
9951, 39972, 7, 0, 49285, 49291, 9319, 9312, 1331.29, 1
9952, 39973, 2, 0, 49292, 49293, 9320, 9318, 4660.00, 1
9953, 39974, 8, 0, 49294, 49301, 9327, 9319, 1165.88, 1
9954, 39975, 6, 0, 49302, 49307, 9332, 9326, 1555.33, 1
9955, 39976, 1, 0, 49308, 49308, 9332, 9331, 9332.00, 1
9956, 39980, 10, 0, 49309, 49318, 9338, 9328, 933.80, 1
9957, 39983, 2, 0, 49319, 49320, 9337, 9335, 4668.50, 1
9958, 39988, 4, 0, 49321, 49324, 9336, 9332, 2334.00, 1
9959, 39989, 1, 0, 49325, 49325, 9336, 9335, 9336.00, 1
9960, 39991, 1, 0, 49326, 49326, 9335, 9334, 9335.00, 1
9961, 39992, 6, 0, 49327, 49332, 9340, 9334, 1556.67, 1
9962, 39993, 1, 0, 49333, 49333, 9340, 9339, 9340.00, 1
9963, 39998, 6, 0, 49334, 49339, 9341, 9335, 1556.83, 1
9964, 40004, 4, 0, 49340, 49343, 9339, 9335, 2334.75, 1
9965, 40005, 1, 0, 49344, 49344, 9339, 9338, 9339.00, 1
9966, 40007, 2, 0, 49345, 49346, 9339, 9337, 4669.50, 1
9967, 40010, 12, 0, 49347, 49358, 9348, 9336, 779.00, 1
9968, 40011, 5, 0, 49359, 49363, 9352, 9347, 1870.40, 1
9969, 40014, 1, 0, 49364, 49364, 9350, 9349, 9350.00, 1
9970, 40018, 4, 0, 49365, 49368, 9350, 9346, 2337.50, 1
9971, 40023, 3, 0, 49369, 49371, 9348, 9345, 3116.00, 1
9972, 40029, 3, 0, 49372, 49374, 9345, 9342, 3115.00, 1
9973, 40031, 1, 0, 49375, 49375, 9344, 9343, 9344.00, 1
9974, 40035, 5, 0, 49376, 49380, 9345, 9340, 1869.00, 1
9975, 40036, 10, 0, 49381, 49390, 9354, 9344, 935.40, 1
9976, 40037, 9, 0, 49391, 49399, 9362, 9353, 1040.22, 1
9977, 40043, 13, 0, 49400, 49412, 9369, 9356, 720.69, 1
9978, 40050, 2, 0, 49413, 49414, 9364, 9362, 4682.00, 1
9979, 40067, 4, 0, 49415, 49418, 9351, 9347, 2337.75, 1
9980, 40072, 2, 0, 49419, 49420, 9348, 9346, 4674.00, 1
9981, 40080, 1, 0, 49421, 49421, 9341, 9340, 9341.00, 1
9982, 40084, 3, 0, 49422, 49424, 9340, 9337, 3113.33, 1
9983, 40089, 4, 0, 49425, 49428, 9339, 9335, 2334.75, 1
9984, 40093, 8, 0, 49429, 49436, 9343, 9335, 1167.88, 1
9985, 40094, 12, 0, 49437, 49448, 9354, 9342, 779.50, 1
9986, 40098, 5, 0, 49449, 49453, 9355, 9350, 1871.00, 1
9987, 40101, 3, 0, 49454, 49456, 9355, 9352, 3118.33, 1
9988, 40104, 7, 0, 49457, 49463, 9359, 9352, 1337.00, 1
9989, 40113, 5, 0, 49464, 49468, 9355, 9350, 1871.00, 1
9990, 40116, 6, 0, 49469, 49474, 9358, 9352, 1559.67, 1
9991, 40117, 4, 0, 49475, 49478, 9361, 9357, 2340.25, 1
9992, 40130, 5, 0, 49479, 49483, 9353, 9348, 1870.60, 1
9993, 40131, 1, 0, 49484, 49484, 9353, 9352, 9353.00, 1
9994, 40133, 8, 0, 49485, 49492, 9359, 9351, 1169.88, 1
9995, 40135, 1, 0, 49493, 49493, 9358, 9357, 9358.00, 1
9996, 40140, 1, 0, 49494, 49494, 9354, 9353, 9354.00, 1
9997, 40144, 2, 0, 49495, 49496, 9352, 9350, 4676.00, 1
9998, 40147, 8, 0, 49497, 49504, 9357, 9349, 1169.62, 1
9999, 40148, 7, 0, 49505, 49511, 9363, 9356, 1337.57, 1
10000, 40150, 11, 0, 49512, 49522, 9372, 9361, 852.00, 1
