pid, arrival, service, remaining, start, finish, turnaround, wait, normturnaround, complete
1, 0, 4, 0, 1, 4, 4, 0, 1.00, 1
2, 3, 5, 0, 5, 9, 6, 1, 1.20, 1
3, 8, 2, 0, 10, 11, 3, 1, 1.50, 1
4, 11, 2, 0, 12, 13, 2, 0, 1.00, 1
5, 13, 6, 0, 14, 19, 6, 0, 1.00, 1
6, 17, 7, 0, 23, 29, 12, 5, 1.71, 1
7, 18, 3, 0, 20, 22, 4, 1, 1.33, 1
8, 23, 7, 0, 34, 40, 17, 10, 2.43, 1
9, 28, 3, 0, 30, 32, 4, 1, 1.33, 1
10, 32, 1, 0, 33, 33, 1, 0, 1.00, 1
11, 33, 11, 0, 41, 51, 18, 7, 1.64, 1
12, 56, 6, 0, 56, 62, 6, 0, 1.00, 1
13, 60, 1, 0, 63, 63, 3, 2, 3.00, 1
14, 64, 2, 0, 64, 66, 2, 0, 1.00, 1
15, 67, 2, 0, 67, 69, 2, 0, 1.00, 1
16, 71, 7, 0, 71, 78, 7, 0, 1.00, 1
17, 77, 1, 0, 79, 79, 2, 1, 2.00, 1
18, 82, 4, 0, 82, 86, 4, 0, 1.00, 1
19, 90, 18, 0, 90, 108, 18, 0, 1.00, 1
20, 99, 1, 0, 134, 134, 35, 34, 35.00, 1
21, 102, 1, 0, 135, 135, 33, 32, 33.00, 1
22, 105, 4, 0, 109, 112, 7, 3, 1.75, 1
23, 110, 2, 0, 113, 114, 4, 2, 2.00, 1
24, 112, 8, 0, 116, 123, 11, 3, 1.38, 1
25, 113, 1, 0, 115, 115, 2, 1, 2.00, 1
26, 117, 6, 0, 125, 130, 13, 7, 2.17, 1
27, 119, 1, 0, 124, 124, 5, 4, 5.00, 1
28, 129, 3, 0, 131, 133, 4, 1, 1.33, 1
29, 140, 6, 0, 140, 146, 6, 0, 1.00, 1
30, 144, 7, 0, 147, 153, 9, 2, 1.29, 1
31, 150, 9, 0, 154, 162, 12, 3, 1.33, 1
32, 157, 1, 0, 163, 163, 6, 5, 6.00, 1
33, 161, 7, 0, 164, 170, 9, 2, 1.29, 1
34, 173, 18, 0, 173, 191, 18, 0, 1.00, 1
35, 174, 8, 0, 222, 229, 55, 47, 6.88, 1
36, 178, 5, 0, 209, 213, 35, 30, 7.00, 1
37, 183, 4, 0, 192, 195, 12, 8, 3.00, 1
38, 190, 6, 0, 215, 220, 30, 24, 5.00, 1
39, 192, 8, 0, 197, 204, 12, 4, 1.50, 1
40, 194, 1, 0, 196, 196, 2, 1, 2.00, 1
41, 202, 3, 0, 206, 208, 6, 3, 2.00, 1
42, 204, 1, 0, 205, 205, 1, 0, 1.00, 1
43, 211, 1, 0, 214, 214, 3, 2, 3.00, 1
44, 218, 1, 0, 221, 221, 3, 2, 3.00, 1
45, 222, 1, 0, 230, 230, 8, 7, 8.00, 1
46, 224, 10, 0, 231, 240, 16, 6, 1.60, 1
47, 232, 3, 0, 338, 340, 108, 105, 36.00, 1
48, 234, 2, 0, 241, 242, 8, 6, 4.00, 1
49, 238, 6, 0, 341, 346, 108, 102, 18.00, 1
50, 242, 23, 0, 243, 265, 23, 0, 1.00, 1
51, 243, 3, 0, 289, 291, 48, 45, 16.00, 1
52, 244, 21, 0, 297, 317, 73, 52, 3.48, 1
53, 246, 8, 0, 279, 286, 40, 32, 5.00, 1
54, 247, 1, 0, 276, 276, 29, 28, 29.00, 1
55, 254, 2, 0, 277, 278, 24, 22, 12.00, 1
56, 261, 2, 0, 266, 267, 6, 4, 3.00, 1
57, 267, 8, 0, 268, 275, 8, 0, 1.00, 1
58, 285, 2, 0, 287, 288, 3, 1, 1.50, 1
59, 291, 3, 0, 292, 294, 3, 0, 1.00, 1
60, 292, 2, 0, 295, 296, 4, 2, 2.00, 1
61, 300, 3, 0, 332, 334, 34, 31, 11.33, 1
62, 309, 3, 0, 335, 337, 28, 25, 9.33, 1
63, 311, 7, 0, 318, 324, 13, 6, 1.86, 1
64, 319, 3, 0, 327, 329, 10, 7, 3.33, 1
65, 320, 1, 0, 325, 325, 5, 4, 5.00, 1
66, 322, 1, 0, 326, 326, 4, 3, 4.00, 1
67, 328, 2, 0, 330, 331, 3, 1, 1.50, 1
68, 342, 4, 0, 347, 350, 8, 4, 2.00, 1
69, 345, 4, 0, 351, 354, 9, 5, 2.25, 1
70, 353, 3, 0, 355, 357, 4, 1, 1.33, 1
71, 354, 4, 0, 358, 361, 7, 3, 1.75, 1
72, 357, 6, 0, 368, 373, 16, 10, 2.67, 1
73, 359, 6, 0, 379, 384, 25, 19, 4.17, 1
74, 360, 5, 0, 363, 367, 7, 2, 1.40, 1
75, 361, 1, 0, 362, 362, 1, 0, 1.00, 1
76, 370, 2, 0, 375, 376, 6, 4, 3.00, 1
77, 371, 1, 0, 374, 374, 3, 2, 3.00, 1
78, 376, 2, 0, 377, 378, 2, 0, 1.00, 1
79, 390, 3, 0, 390, 393, 3, 0, 1.00, 1
80, 395, 2, 0, 395, 397, 2, 0, 1.00, 1
81, 397, 1, 0, 398, 398, 1, 0, 1.00, 1
82, 400, 1, 0, 400, 401, 1, 0, 1.00, 1
83, 401, 7, 0, 402, 408, 7, 0, 1.00, 1
84, 403, 4, 0, 412, 415, 12, 8, 3.00, 1
85, 405, 2, 0, 410, 411, 6, 4, 3.00, 1
86, 407, 1, 0, 409, 409, 2, 1, 2.00, 1
87, 424, 10, 0, 424, 434, 10, 0, 1.00, 1
88, 428, 1, 0, 436, 436, 8, 7, 8.00, 1
89, 432, 2, 0, 437, 438, 6, 4, 3.00, 1
90, 433, 1, 0, 435, 435, 2, 1, 2.00, 1
91, 436, 4, 0, 439, 442, 6, 2, 1.50, 1
92, 437, 4, 0, 458, 461, 24, 20, 6.00, 1
93, 442, 1, 0, 443, 443, 1, 0, 1.00, 1
94, 443, 3, 0, 444, 446, 3, 0, 1.00, 1
95, 446, 3, 0, 447, 449, 3, 0, 1.00, 1
96, 447, 12, 0, 472, 483, 36, 24, 3.00, 1
97, 449, 4, 0, 450, 453, 4, 0, 1.00, 1
98, 452, 4, 0, 454, 457, 5, 1, 1.25, 1
99, 461, 5, 0, 462, 466, 5, 0, 1.00, 1
100, 464, 5, 0, 467, 471, 7, 2, 1.40, 1
101, 475, 3, 0, 49511, 49513, 49038, 49035, 16346.00, 1
102, 476, 9, 0, 49514, 49522, 49046, 49037, 5449.56, 1
103, 477, 6, 0, 49498, 49503, 49026, 49020, 8171.00, 1
104, 479, 7, 0, 49504, 49510, 49031, 49024, 7004.43, 1
105, 480, 2, 0, 496, 497, 17, 15, 8.50, 1
106, 481, 15, 0, 498, 512, 31, 16, 2.07, 1
107, 482, 2, 0, 484, 485, 3, 1, 1.50, 1
108, 483, 6, 0, 490, 495, 12, 6, 2.00, 1
109, 484, 4, 0, 486, 489, 5, 1, 1.25, 1
110, 501, 6, 0, 669, 674, 173, 167, 28.83, 1
111, 509, 5, 0, 517, 521, 12, 7, 2.40, 1
112, 510, 4, 0, 513, 516, 6, 2, 1.50, 1
113, 516, 11, 0, 696, 706, 190, 179, 17.27, 1
114, 520, 1, 0, 522, 522, 2, 1, 2.00, 1
115, 521, 9, 0, 523, 531, 10, 1, 1.11, 1
116, 522, 11, 0, 532, 542, 20, 9, 1.82, 1
117, 534, 10, 0, 544, 553, 19, 9, 1.90, 1
118, 536, 13, 0, 582, 594, 58, 45, 4.46, 1
119, 540, 1, 0, 543, 543, 3, 2, 3.00, 1
120, 547, 2, 0, 554, 555, 8, 6, 4.00, 1
121, 549, 4, 0, 556, 559, 10, 6, 2.50, 1
122, 559, 3, 0, 560, 562, 3, 0, 1.00, 1
123, 561, 5, 0, 563, 567, 6, 1, 1.20, 1
124, 564, 3, 0, 568, 570, 6, 3, 2.00, 1
125, 569, 5, 0, 571, 575, 6, 1, 1.20, 1
126, 574, 5, 0, 576, 580, 6, 1, 1.20, 1
127, 579, 1, 0, 581, 581, 2, 1, 2.00, 1
128, 585, 6, 0, 643, 648, 63, 57, 10.50, 1
129, 589, 6, 0, 649, 654, 65, 59, 10.83, 1
130, 590, 2, 0, 595, 596, 6, 4, 3.00, 1
131, 594, 8, 0, 597, 604, 10, 2, 1.25, 1
132, 602, 8, 0, 605, 612, 10, 2, 1.25, 1
133, 606, 1, 0, 613, 613, 7, 6, 7.00, 1
134, 610, 5, 0, 614, 618, 8, 3, 1.60, 1
135, 617, 6, 0, 619, 624, 7, 1, 1.17, 1
136, 618, 8, 0, 635, 642, 24, 16, 3.00, 1
137, 624, 2, 0, 625, 626, 2, 0, 1.00, 1
138, 626, 4, 0, 627, 630, 4, 0, 1.00, 1
139, 628, 3, 0, 632, 634, 6, 3, 2.00, 1
140, 629, 1, 0, 631, 631, 2, 1, 2.00, 1
141, 645, 10, 0, 656, 665, 20, 10, 2.00, 1
142, 652, 1, 0, 655, 655, 3, 2, 3.00, 1
143, 664, 2, 0, 666, 667, 3, 1, 1.50, 1
144, 667, 1, 0, 668, 668, 1, 0, 1.00, 1
145, 669, 5, 0, 679, 683, 14, 9, 2.80, 1
146, 671, 3, 0, 675, 677, 6, 3, 2.00, 1
147, 674, 5, 0, 684, 688, 14, 9, 2.80, 1
148, 677, 1, 0, 678, 678, 1, 0, 1.00, 1
149, 686, 5, 0, 689, 693, 7, 2, 1.40, 1
150, 690, 1, 0, 694, 694, 4, 3, 4.00, 1
151, 694, 1, 0, 695, 695, 1, 0, 1.00, 1
152, 698, 16, 0, 723, 738, 40, 24, 2.50, 1
153, 701, 4, 0, 710, 713, 12, 8, 3.00, 1
154, 703, 2, 0, 707, 708, 5, 3, 2.50, 1
155, 707, 1, 0, 709, 709, 2, 1, 2.00, 1
156, 711, 3, 0, 715, 717, 6, 3, 2.00, 1
157, 712, 1, 0, 714, 714, 2, 1, 2.00, 1
158, 714, 5, 0, 718, 722, 8, 3, 1.60, 1
159, 723, 3, 0, 49492, 49494, 48771, 48768, 16257.00, 1
160, 726, 3, 0, 49495, 49497, 48771, 48768, 16257.00, 1
161, 729, 1, 0, 49489, 49489, 48760, 48759, 48760.00, 1
162, 732, 2, 0, 49490, 49491, 48759, 48757, 24379.50, 1
163, 735, 8, 0, 749, 756, 21, 13, 2.62, 1
164, 736, 5, 0, 739, 743, 7, 2, 1.40, 1
165, 739, 5, 0, 744, 748, 9, 4, 1.80, 1
166, 748, 14, 0, 778, 791, 43, 29, 3.07, 1
167, 751, 2, 0, 757, 758, 7, 5, 3.50, 1
168, 752, 5, 0, 759, 763, 11, 6, 2.20, 1
169, 760, 1, 0, 768, 768, 8, 7, 8.00, 1
170, 762, 7, 0, 769, 775, 13, 6, 1.86, 1
171, 763, 4, 0, 764, 767, 4, 0, 1.00, 1
172, 773, 2, 0, 776, 777, 4, 2, 2.00, 1
173, 781, 3, 0, 49483, 49485, 48704, 48701, 16234.67, 1
174, 782, 1, 0, 49482, 49482, 48700, 48699, 48700.00, 1
175, 784, 3, 0, 49486, 49488, 48704, 48701, 16234.67, 1
176, 787, 14, 0, 792, 805, 18, 4, 1.29, 1
177, 794, 3, 0, 49474, 49476, 48682, 48679, 16227.33, 1
178, 795, 5, 0, 49477, 49481, 48686, 48681, 9737.20, 1
179, 797, 15, 0, 807, 821, 24, 9, 1.60, 1
180, 804, 1, 0, 806, 806, 2, 1, 2.00, 1
181, 811, 9, 0, 49444, 49452, 48641, 48632, 5404.56, 1
182, 815, 6, 0, 49438, 49443, 48628, 48622, 8104.67, 1
183, 819, 1, 0, 822, 822, 3, 2, 3.00, 1
184, 820, 4, 0, 823, 826, 6, 2, 1.50, 1
185, 822, 21, 0, 49453, 49473, 48651, 48630, 2316.71, 1
186, 825, 6, 0, 827, 832, 7, 1, 1.17, 1
187, 827, 5, 0, 834, 838, 11, 6, 2.20, 1
188, 830, 1, 0, 833, 833, 3, 2, 3.00, 1
189, 834, 19, 0, 839, 857, 23, 4, 1.21, 1
190, 839, 3, 0, 917, 919, 80, 77, 26.67, 1
191, 841, 4, 0, 920, 923, 82, 78, 20.50, 1
192, 847, 5, 0, 867, 871, 24, 19, 4.80, 1
193, 849, 3, 0, 859, 861, 12, 9, 4.00, 1
194, 856, 1, 0, 858, 858, 2, 1, 2.00, 1
195, 858, 3, 0, 864, 866, 8, 5, 2.67, 1
196, 859, 1, 0, 862, 862, 3, 2, 3.00, 1
197, 861, 1, 0, 863, 863, 2, 1, 2.00, 1
198, 866, 5, 0, 872, 876, 10, 5, 2.00, 1
199, 869, 14, 0, 900, 913, 44, 30, 3.14, 1
200, 873, 4, 0, 877, 880, 7, 3, 1.75, 1
201, 875, 5, 0, 881, 885, 10, 5, 2.00, 1
202, 881, 7, 0, 890, 896, 15, 8, 2.14, 1
203, 884, 4, 0, 886, 889, 5, 1, 1.25, 1
204, 892, 2, 0, 898, 899, 7, 5, 3.50, 1
205, 896, 1, 0, 897, 897, 1, 0, 1.00, 1
206, 913, 1, 0, 914, 914, 1, 0, 1.00, 1
207, 914, 1, 0, 915, 915, 1, 0, 1.00, 1
208, 915, 1, 0, 916, 916, 1, 0, 1.00, 1
209, 918, 9, 0, 924, 932, 14, 5, 1.56, 1
210, 930, 3, 0, 933, 935, 5, 2, 1.67, 1
211, 934, 2, 0, 936, 937, 3, 1, 1.50, 1
212, 935, 2, 0, 938, 939, 4, 2, 2.00, 1
213, 937, 5, 0, 944, 948, 11, 6, 2.20, 1
214, 939, 4, 0, 940, 943, 4, 0, 1.00, 1
215, 948, 5, 0, 949, 953, 5, 0, 1.00, 1
216, 950, 2, 0, 954, 955, 5, 3, 2.50, 1
217, 952, 6, 0, 956, 961, 9, 3, 1.50, 1
218, 954, 9, 0, 964, 972, 18, 9, 2.00, 1
219, 960, 2, 0, 962, 963, 3, 1, 1.50, 1
220, 967, 6, 0, 978, 983, 16, 10, 2.67, 1
221, 972, 5, 0, 973, 977, 5, 0, 1.00, 1
222, 981, 4, 0, 984, 987, 6, 2, 1.50, 1
223, 982, 4, 0, 989, 992, 10, 6, 2.50, 1
224, 987, 1, 0, 988, 988, 1, 0, 1.00, 1
225, 991, 12, 0, 997, 1008, 17, 5, 1.42, 1
226, 992, 2, 0, 993, 994, 2, 0, 1.00, 1
227, 994, 2, 0, 995, 996, 2, 0, 1.00, 1
228, 999, 2, 0, 1010, 1011, 12, 10, 6.00, 1
229, 1002, 2, 0, 1012, 1013, 11, 9, 5.50, 1
230, 1005, 1, 0, 1009, 1009, 4, 3, 4.00, 1
231, 1012, 4, 0, 1014, 1017, 5, 1, 1.25, 1
232, 1013, 11, 0, 49414, 49424, 48411, 48400, 4401.00, 1
233, 1014, 13, 0, 49425, 49437, 48423, 48410, 3724.85, 1
234, 1017, 7, 0, 1018, 1024, 7, 0, 1.00, 1
235, 1023, 1, 0, 1025, 1025, 2, 1, 2.00, 1
236, 1025, 17, 0, 1026, 1042, 17, 0, 1.00, 1
237, 1029, 10, 0, 49404, 49413, 48384, 48374, 4838.40, 1
238, 1033, 1, 0, 49401, 49401, 48368, 48367, 48368.00, 1
239, 1034, 2, 0, 49402, 49403, 48369, 48367, 24184.50, 1
240, 1036, 4, 0, 1043, 1046, 10, 6, 2.50, 1
241, 1045, 15, 0, 1047, 1061, 16, 1, 1.07, 1
242, 1048, 2, 0, 49396, 49397, 48349, 48347, 24174.50, 1
243, 1052, 3, 0, 49398, 49400, 48348, 48345, 16116.00, 1
244, 1054, 1, 0, 49394, 49394, 48340, 48339, 48340.00, 1
245, 1055, 1, 0, 49395, 49395, 48340, 48339, 48340.00, 1
246, 1058, 5, 0, 1062, 1066, 8, 3, 1.60, 1
247, 1063, 7, 0, 1067, 1073, 10, 3, 1.43, 1
248, 1070, 2, 0, 1074, 1075, 5, 3, 2.50, 1
249, 1074, 4, 0, 1076, 1079, 5, 1, 1.25, 1
250, 1076, 5, 0, 1080, 1084, 8, 3, 1.60, 1
251, 1083, 5, 0, 1088, 1092, 9, 4, 1.80, 1
252, 1084, 3, 0, 1085, 1087, 3, 0, 1.00, 1
253, 1090, 2, 0, 1093, 1094, 4, 2, 2.00, 1
254, 1092, 2, 0, 1096, 1097, 5, 3, 2.50, 1
255, 1094, 1, 0, 1095, 1095, 1, 0, 1.00, 1
256, 1097, 4, 0, 1098, 1101, 4, 0, 1.00, 1
257, 1100, 3, 0, 1102, 1104, 4, 1, 1.33, 1
258, 1101, 3, 0, 49391, 49393, 48292, 48289, 16097.33, 1
259, 1102, 2, 0, 49387, 49388, 48286, 48284, 24143.00, 1
260, 1103, 2, 0, 49389, 49390, 48287, 48285, 24143.50, 1
261, 1104, 15, 0, 1105, 1119, 15, 0, 1.00, 1
262, 1105, 6, 0, 1124, 1129, 24, 18, 4.00, 1
263, 1113, 2, 0, 1122, 1123, 10, 8, 5.00, 1
264, 1116, 11, 0, 1130, 1140, 24, 13, 2.18, 1
265, 1119, 2, 0, 1120, 1121, 2, 0, 1.00, 1
266, 1130, 3, 0, 1142, 1144, 14, 11, 4.67, 1
267, 1133, 1, 0, 1141, 1141, 8, 7, 8.00, 1
268, 1134, 6, 0, 1146, 1151, 17, 11, 2.83, 1
269, 1143, 1, 0, 1145, 1145, 2, 1, 2.00, 1
270, 1148, 5, 0, 1152, 1156, 8, 3, 1.60, 1
271, 1154, 5, 0, 1161, 1165, 11, 6, 2.20, 1
272, 1155, 4, 0, 1157, 1160, 5, 1, 1.25, 1
273, 1157, 6, 0, 1207, 1212, 55, 49, 9.17, 1
274, 1161, 18, 0, 1213, 1230, 69, 51, 3.83, 1
275, 1164, 17, 0, 1168, 1184, 20, 3, 1.18, 1
276, 1165, 2, 0, 1166, 1167, 2, 0, 1.00, 1
277, 1169, 1, 0, 1201, 1201, 32, 31, 32.00, 1
278, 1171, 5, 0, 1202, 1206, 35, 30, 7.00, 1
279, 1179, 1, 0, 1185, 1185, 6, 5, 6.00, 1
280, 1183, 8, 0, 1186, 1193, 10, 2, 1.25, 1
281, 1186, 2, 0, 1195, 1196, 10, 8, 5.00, 1
282, 1189, 3, 0, 1197, 1199, 10, 7, 3.33, 1
283, 1192, 1, 0, 1194, 1194, 2, 1, 2.00, 1
284, 1198, 1, 0, 1200, 1200, 2, 1, 2.00, 1
285, 1215, 7, 0, 1232, 1238, 23, 16, 3.29, 1
286, 1216, 1, 0, 1231, 1231, 15, 14, 15.00, 1
287, 1224, 7, 0, 49371, 49377, 48153, 48146, 6879.00, 1
288, 1234, 5, 0, 1239, 1243, 9, 4, 1.80, 1
289, 1236, 9, 0, 49378, 49386, 48150, 48141, 5350.00, 1
290, 1239, 7, 0, 1254, 1260, 21, 14, 3.00, 1
291, 1241, 1, 0, 1244, 1244, 3, 2, 3.00, 1
292, 1242, 4, 0, 1245, 1248, 6, 2, 1.50, 1
293, 1246, 5, 0, 1249, 1253, 7, 2, 1.40, 1
294, 1251, 7, 0, 49364, 49370, 48119, 48112, 6874.14, 1
295, 1254, 1, 0, 49360, 49360, 48106, 48105, 48106.00, 1
296, 1259, 3, 0, 49361, 49363, 48104, 48101, 16034.67, 1
297, 1260, 6, 0, 1261, 1266, 6, 0, 1.00, 1
298, 1262, 17, 0, 49321, 49337, 48075, 48058, 2827.94, 1
299, 1263, 10, 0, 1267, 1276, 13, 3, 1.30, 1
300, 1267, 4, 0, 1280, 1283, 16, 12, 4.00, 1
301, 1268, 1, 0, 1279, 1279, 11, 10, 11.00, 1
302, 1273, 22, 0, 49338, 49359, 48086, 48064, 2185.73, 1
303, 1276, 2, 0, 1277, 1278, 2, 0, 1.00, 1
304, 1283, 6, 0, 1284, 1289, 6, 0, 1.00, 1
305, 1285, 5, 0, 1290, 1294, 9, 4, 1.80, 1
306, 1291, 22, 0, 1295, 1316, 25, 3, 1.14, 1
307, 1296, 2, 0, 49310, 49311, 48015, 48013, 24007.50, 1
308, 1298, 9, 0, 49312, 49320, 48022, 48013, 5335.78, 1
309, 1313, 22, 0, 1391, 1412, 99, 77, 4.50, 1
310, 1314, 3, 0, 1318, 1320, 6, 3, 2.00, 1
311, 1316, 1, 0, 1317, 1317, 1, 0, 1.00, 1
312, 1317, 4, 0, 1321, 1324, 7, 3, 1.75, 1
313, 1322, 7, 0, 1326, 1332, 10, 3, 1.43, 1
314, 1324, 1, 0, 1325, 1325, 1, 0, 1.00, 1
315, 1328, 8, 0, 1333, 1340, 12, 4, 1.50, 1
316, 1333, 3, 0, 1345, 1347, 14, 11, 4.67, 1
317, 1337, 14, 0, 1348, 1361, 24, 10, 1.71, 1
318, 1338, 3, 0, 1341, 1343, 5, 2, 1.67, 1
319, 1342, 1, 0, 1344, 1344, 2, 1, 2.00, 1
320, 1352, 2, 0, 1384, 1385, 33, 31, 16.50, 1
321, 1353, 1, 0, 1379, 1379, 26, 25, 26.00, 1
322, 1354, 2, 0, 1386, 1387, 33, 31, 16.50, 1
323, 1359, 1, 0, 1362, 1362, 3, 2, 3.00, 1
324, 1362, 12, 0, 1363, 1374, 12, 0, 1.00, 1
325, 1373, 4, 0, 1375, 1378, 5, 1, 1.25, 1
326, 1379, 4, 0, 1380, 1383, 4, 0, 1.00, 1
327, 1384, 3, 0, 1388, 1390, 6, 3, 2.00, 1
328, 1397, 1, 0, 49304, 49304, 47907, 47906, 47907.00, 1
329, 1398, 5, 0, 49305, 49309, 47911, 47906, 9582.20, 1
330, 1400, 1, 0, 49284, 49284, 47884, 47883, 47884.00, 1
331, 1401, 19, 0, 49285, 49303, 47902, 47883, 2521.16, 1
332, 1404, 2, 0, 49280, 49281, 47877, 47875, 23938.50, 1
333, 1405, 2, 0, 49282, 49283, 47878, 47876, 23939.00, 1
334, 1410, 17, 0, 1413, 1429, 19, 2, 1.12, 1
335, 1414, 6, 0, 49274, 49279, 47865, 47859, 7977.50, 1
336, 1418, 5, 0, 49264, 49268, 47850, 47845, 9570.00, 1
337, 1421, 5, 0, 49269, 49273, 47852, 47847, 9570.40, 1
338, 1423, 6, 0, 1430, 1435, 12, 6, 2.00, 1
339, 1424, 6, 0, 1436, 1441, 17, 11, 2.83, 1
340, 1434, 30, 0, 1469, 1498, 64, 34, 2.13, 1
341, 1436, 10, 0, 1443, 1452, 16, 6, 1.60, 1
342, 1437, 1, 0, 1442, 1442, 5, 4, 5.00, 1
343, 1446, 6, 0, 1462, 1467, 21, 15, 3.50, 1
344, 1451, 3, 0, 1453, 1455, 4, 1, 1.33, 1
345, 1453, 5, 0, 1456, 1460, 7, 2, 1.40, 1
346, 1457, 1, 0, 1461, 1461, 4, 3, 4.00, 1
347, 1466, 1, 0, 1468, 1468, 2, 1, 2.00, 1
348, 1470, 1, 0, 49258, 49258, 47788, 47787, 47788.00, 1
349, 1471, 5, 0, 49259, 49263, 47792, 47787, 9558.40, 1
350, 1477, 2, 0, 49254, 49255, 47778, 47776, 23889.00, 1
351, 1478, 2, 0, 49256, 49257, 47779, 47777, 23889.50, 1
352, 1479, 4, 0, 49250, 49253, 47774, 47770, 11943.50, 1
353, 1481, 1, 0, 49248, 49248, 47767, 47766, 47767.00, 1
354, 1484, 1, 0, 49249, 49249, 47765, 47764, 47765.00, 1
355, 1486, 17, 0, 49214, 49230, 47744, 47727, 2808.47, 1
356, 1488, 1, 0, 1514, 1514, 26, 25, 26.00, 1
357, 1492, 3, 0, 1515, 1517, 25, 22, 8.33, 1
358, 1493, 5, 0, 1499, 1503, 10, 5, 2.00, 1
359, 1502, 5, 0, 1504, 1508, 6, 1, 1.20, 1
360, 1507, 1, 0, 1509, 1509, 2, 1, 2.00, 1
361, 1508, 3, 0, 1510, 1512, 4, 1, 1.33, 1
362, 1510, 1, 0, 1513, 1513, 3, 2, 3.00, 1
363, 1514, 9, 0, 1518, 1526, 12, 3, 1.33, 1
364, 1520, 2, 0, 1528, 1529, 9, 7, 4.50, 1
365, 1523, 1, 0, 1527, 1527, 4, 3, 4.00, 1
366, 1524, 2, 0, 1531, 1532, 8, 6, 4.00, 1
367, 1528, 1, 0, 1530, 1530, 2, 1, 2.00, 1
368, 1530, 5, 0, 1534, 1538, 8, 3, 1.60, 1
369, 1531, 1, 0, 1533, 1533, 2, 1, 2.00, 1
370, 1533, 17, 0, 49231, 49247, 47714, 47697, 2806.71, 1
371, 1537, 5, 0, 1539, 1543, 6, 1, 1.20, 1
372, 1540, 3, 0, 1583, 1585, 45, 42, 15.00, 1
373, 1541, 8, 0, 1586, 1593, 52, 44, 6.50, 1
374, 1543, 5, 0, 1544, 1548, 5, 0, 1.00, 1
375, 1544, 7, 0, 1549, 1555, 11, 4, 1.57, 1
376, 1549, 4, 0, 1561, 1564, 15, 11, 3.75, 1
377, 1552, 3, 0, 1556, 1558, 6, 3, 2.00, 1
378, 1554, 4, 0, 1565, 1568, 14, 10, 3.50, 1
379, 1558, 2, 0, 1559, 1560, 2, 0, 1.00, 1
380, 1564, 6, 0, 1574, 1579, 15, 9, 2.50, 1
381, 1568, 5, 0, 1569, 1573, 5, 0, 1.00, 1
382, 1576, 2, 0, 1580, 1581, 5, 3, 2.50, 1
383, 1581, 1, 0, 1582, 1582, 1, 0, 1.00, 1
384, 1586, 17, 0, 49197, 49213, 47627, 47610, 2801.59, 1
385, 1589, 3, 0, 1594, 1596, 7, 4, 2.33, 1
386, 1591, 8, 0, 1597, 1604, 13, 5, 1.62, 1
387, 1597, 5, 0, 1618, 1622, 25, 20, 5.00, 1
388, 1600, 3, 0, 1612, 1614, 14, 11, 4.67, 1
389, 1602, 9, 0, 1625, 1633, 31, 22, 3.44, 1
390, 1603, 2, 0, 1605, 1606, 3, 1, 1.50, 1
391, 1605, 5, 0, 1607, 1611, 6, 1, 1.20, 1
392, 1612, 3, 0, 1615, 1617, 5, 2, 1.67, 1
393, 1618, 2, 0, 1623, 1624, 6, 4, 3.00, 1
394, 1622, 12, 0, 1637, 1648, 26, 14, 2.17, 1
395, 1629, 2, 0, 1635, 1636, 7, 5, 3.50, 1
396, 1631, 1, 0, 1634, 1634, 3, 2, 3.00, 1
397, 1637, 2, 0, 1862, 1863, 226, 224, 113.00, 1
398, 1640, 1, 0, 1852, 1852, 212, 211, 212.00, 1
399, 1642, 11, 0, 1864, 1874, 232, 221, 21.09, 1
400, 1646, 2, 0, 1649, 1650, 4, 2, 2.00, 1
401, 1647, 3, 0, 1655, 1657, 10, 7, 3.33, 1
402, 1649, 2, 0, 1651, 1652, 3, 1, 1.50, 1
403, 1652, 2, 0, 1653, 1654, 2, 0, 1.00, 1
404, 1656, 6, 0, 1658, 1663, 7, 1, 1.17, 1
405, 1657, 18, 0, 1685, 1702, 45, 27, 2.50, 1
406, 1660, 1, 0, 1683, 1683, 23, 22, 23.00, 1
407, 1662, 18, 0, 1791, 1808, 146, 128, 8.11, 1
408, 1663, 4, 0, 1664, 1667, 4, 0, 1.00, 1
409, 1666, 6, 0, 1668, 1673, 7, 1, 1.17, 1
410, 1671, 6, 0, 1674, 1679, 8, 2, 1.33, 1
411, 1676, 2, 0, 1681, 1682, 6, 4, 3.00, 1
412, 1679, 1, 0, 1680, 1680, 1, 0, 1.00, 1
413, 1683, 1, 0, 1684, 1684, 1, 0, 1.00, 1
414, 1686, 2, 0, 1768, 1769, 83, 81, 41.50, 1
415, 1688, 9, 0, 1771, 1779, 91, 82, 10.11, 1
416, 1691, 2, 0, 1708, 1709, 18, 16, 9.00, 1
417, 1692, 9, 0, 1718, 1726, 34, 25, 3.78, 1
418, 1693, 5, 0, 1703, 1707, 14, 9, 2.80, 1
419, 1709, 2, 0, 1710, 1711, 2, 0, 1.00, 1
420, 1711, 5, 0, 1712, 1716, 5, 0, 1.00, 1
421, 1713, 9, 0, 1737, 1745, 32, 23, 3.56, 1
422, 1715, 1, 0, 1717, 1717, 2, 1, 2.00, 1
423, 1718, 1, 0, 1727, 1727, 9, 8, 9.00, 1
424, 1727, 5, 0, 1728, 1732, 5, 0, 1.00, 1
425, 1729, 3, 0, 1734, 1736, 7, 4, 2.33, 1
426, 1730, 1, 0, 1733, 1733, 3, 2, 3.00, 1
427, 1737, 8, 0, 1747, 1754, 17, 9, 2.12, 1
428, 1740, 1, 0, 1746, 1746, 6, 5, 6.00, 1
429, 1749, 2, 0, 1756, 1757, 8, 6, 4.00, 1
430, 1752, 1, 0, 1755, 1755, 3, 2, 3.00, 1
431, 1753, 10, 0, 1758, 1767, 14, 4, 1.40, 1
432, 1769, 1, 0, 1770, 1770, 1, 0, 1.00, 1
433, 1775, 6, 0, 1781, 1786, 11, 5, 1.83, 1
434, 1779, 1, 0, 1780, 1780, 1, 0, 1.00, 1
435, 1785, 2, 0, 1787, 1788, 3, 1, 1.50, 1
436, 1787, 2, 0, 1789, 1790, 3, 1, 1.50, 1
437, 1800, 8, 0, 1827, 1834, 34, 26, 4.25, 1
438, 1803, 1, 0, 1823, 1823, 20, 19, 20.00, 1
439, 1805, 3, 0, 1824, 1826, 21, 18, 7.00, 1
440, 1807, 2, 0, 1809, 1810, 3, 1, 1.50, 1
441, 1810, 5, 0, 1811, 1815, 5, 0, 1.00, 1
442, 1811, 4, 0, 1816, 1819, 8, 4, 2.00, 1
443, 1816, 3, 0, 1820, 1822, 6, 3, 2.00, 1
444, 1827, 8, 0, 1837, 1844, 17, 9, 2.12, 1
445, 1831, 2, 0, 1835, 1836, 5, 3, 2.50, 1
446, 1841, 2, 0, 1845, 1846, 5, 3, 2.50, 1
447, 1844, 2, 0, 1847, 1848, 4, 2, 2.00, 1
448, 1846, 3, 0, 1849, 1851, 5, 2, 1.67, 1
449, 1852, 6, 0, 1853, 1858, 6, 0, 1.00, 1
450, 1854, 3, 0, 1859, 1861, 7, 4, 2.33, 1
451, 1871, 2, 0, 1875, 1876, 5, 3, 2.50, 1
452, 1872, 5, 0, 1877, 1881, 9, 4, 1.80, 1
453, 1877, 7, 0, 1882, 1888, 11, 4, 1.57, 1
454, 1882, 7, 0, 1889, 1895, 13, 6, 1.86, 1
455, 1889, 2, 0, 49186, 49187, 47298, 47296, 23649.00, 1
456, 1892, 9, 0, 49188, 49196, 47304, 47295, 5256.00, 1
457, 1893, 7, 0, 1897, 1903, 10, 3, 1.43, 1
458, 1894, 1, 0, 1896, 1896, 2, 1, 2.00, 1
459, 1897, 3, 0, 1906, 1908, 11, 8, 3.67, 1
460, 1900, 2, 0, 1904, 1905, 5, 3, 2.50, 1
461, 1906, 4, 0, 49178, 49181, 47275, 47271, 11818.75, 1
462, 1907, 4, 0, 49182, 49185, 47278, 47274, 11819.50, 1
463, 1908, 2, 0, 1909, 1910, 2, 0, 1.00, 1
464, 1909, 5, 0, 1911, 1915, 6, 1, 1.20, 1
465, 1913, 5, 0, 1918, 1922, 9, 4, 1.80, 1
466, 1914, 2, 0, 1916, 1917, 3, 1, 1.50, 1
467, 1919, 3, 0, 49172, 49174, 47255, 47252, 15751.67, 1
468, 1920, 3, 0, 49175, 49177, 47257, 47254, 15752.33, 1
469, 1921, 5, 0, 1923, 1927, 6, 1, 1.20, 1
470, 1922, 9, 0, 49150, 49158, 47236, 47227, 5248.44, 1
471, 1924, 7, 0, 1928, 1934, 10, 3, 1.43, 1
472, 1929, 4, 0, 1935, 1938, 9, 5, 2.25, 1
473, 1933, 8, 0, 1940, 1947, 14, 6, 1.75, 1
474, 1936, 1, 0, 1939, 1939, 3, 2, 3.00, 1
475, 1941, 4, 0, 1978, 1981, 40, 36, 10.00, 1
476, 1943, 3, 0, 1948, 1950, 7, 4, 2.33, 1
477, 1947, 13, 0, 49159, 49171, 47224, 47211, 3632.62, 1
478, 1949, 1, 0, 1951, 1951, 2, 1, 2.00, 1
479, 1950, 5, 0, 1955, 1959, 9, 4, 1.80, 1
480, 1951, 3, 0, 1952, 1954, 3, 0, 1.00, 1
481, 1957, 16, 0, 1962, 1977, 20, 4, 1.25, 1
482, 1958, 2, 0, 1960, 1961, 3, 1, 1.50, 1
483, 1980, 1, 0, 1982, 1982, 2, 1, 2.00, 1
484, 1982, 4, 0, 1983, 1986, 4, 0, 1.00, 1
485, 1983, 31, 0, 1987, 2017, 34, 3, 1.10, 1
486, 1988, 14, 0, 2053, 2066, 78, 64, 5.57, 1
487, 1989, 1, 0, 2051, 2051, 62, 61, 62.00, 1
488, 1991, 1, 0, 2052, 2052, 61, 60, 61.00, 1
489, 1993, 3, 0, 2039, 2041, 48, 45, 16.00, 1
490, 2001, 4, 0, 2047, 2050, 49, 45, 12.25, 1
491, 2009, 4, 0, 2020, 2023, 14, 10, 3.50, 1
492, 2014, 1, 0, 2018, 2018, 4, 3, 4.00, 1
493, 2016, 1, 0, 2019, 2019, 3, 2, 3.00, 1
494, 2023, 9, 0, 2024, 2032, 9, 0, 1.00, 1
495, 2027, 2, 0, 2033, 2034, 7, 5, 3.50, 1
496, 2033, 1, 0, 2035, 2035, 2, 1, 2.00, 1
497, 2035, 3, 0, 2036, 2038, 3, 0, 1.00, 1
498, 2041, 3, 0, 2042, 2044, 3, 0, 1.00, 1
499, 2043, 2, 0, 2045, 2046, 3, 1, 1.50, 1
500, 2055, 1, 0, 49147, 49147, 47092, 47091, 47092.00, 1
501, 2056, 2, 0, 49148, 49149, 47093, 47091, 23546.50, 1
502, 2060, 17, 0, 2096, 2112, 52, 35, 3.06, 1
503, 2063, 3, 0, 2067, 2069, 6, 3, 2.00, 1
504, 2068, 7, 0, 2070, 2076, 8, 1, 1.14, 1
505, 2069, 17, 0, 2172, 2188, 119, 102, 7.00, 1
506, 2075, 4, 0, 2081, 2084, 9, 5, 2.25, 1
507, 2076, 1, 0, 2077, 2077, 1, 0, 1.00, 1
508, 2077, 3, 0, 2078, 2080, 3, 0, 1.00, 1
509, 2079, 8, 0, 2085, 2092, 13, 5, 1.62, 1
510, 2086, 3, 0, 2093, 2095, 9, 6, 3.00, 1
511, 2096, 2, 0, 2113, 2114, 18, 16, 9.00, 1
512, 2106, 7, 0, 2115, 2121, 15, 8, 2.14, 1
513, 2116, 22, 0, 49125, 49146, 47030, 47008, 2137.73, 1
514, 2117, 5, 0, 2122, 2126, 9, 4, 1.80, 1
515, 2123, 3, 0, 2127, 2129, 6, 3, 2.00, 1
516, 2125, 18, 0, 2130, 2147, 22, 4, 1.22, 1
517, 2135, 12, 0, 2148, 2159, 24, 12, 2.00, 1
518, 2151, 1, 0, 2160, 2160, 9, 8, 9.00, 1
519, 2153, 1, 0, 2161, 2161, 8, 7, 8.00, 1
520, 2161, 3, 0, 2162, 2164, 3, 0, 1.00, 1
521, 2164, 7, 0, 2165, 2171, 7, 0, 1.00, 1
522, 2172, 4, 0, 49115, 49118, 46946, 46942, 11736.50, 1
523, 2174, 6, 0, 49119, 49124, 46950, 46944, 7825.00, 1
524, 2176, 14, 0, 49101, 49114, 46938, 46924, 3352.71, 1
525, 2179, 1, 0, 2281, 2281, 102, 101, 102.00, 1
526, 2180, 7, 0, 2282, 2288, 108, 101, 15.43, 1
527, 2182, 3, 0, 2190, 2192, 10, 7, 3.33, 1
528, 2183, 1, 0, 2189, 2189, 6, 5, 6.00, 1
529, 2184, 6, 0, 2196, 2201, 17, 11, 2.83, 1
530, 2192, 3, 0, 2193, 2195, 3, 0, 1.00, 1
531, 2194, 26, 0, 2217, 2242, 48, 22, 1.85, 1
532, 2199, 1, 0, 2202, 2202, 3, 2, 3.00, 1
533, 2202, 5, 0, 2203, 2207, 5, 0, 1.00, 1
534, 2203, 1, 0, 2209, 2209, 6, 5, 6.00, 1
535, 2205, 6, 0, 2210, 2215, 10, 4, 1.67, 1
536, 2206, 1, 0, 2208, 2208, 2, 1, 2.00, 1
537, 2211, 1, 0, 2216, 2216, 5, 4, 5.00, 1
538, 2219, 4, 0, 2251, 2254, 35, 31, 8.75, 1
539, 2225, 5, 0, 2260, 2264, 39, 34, 7.80, 1
540, 2226, 3, 0, 2243, 2245, 19, 16, 6.33, 1
541, 2244, 5, 0, 2246, 2250, 6, 1, 1.20, 1
542, 2254, 1, 0, 2255, 2255, 1, 0, 1.00, 1
543, 2255, 1, 0, 2256, 2256, 1, 0, 1.00, 1
544, 2256, 1, 0, 2257, 2257, 1, 0, 1.00, 1
545, 2257, 2, 0, 2258, 2259, 2, 0, 1.00, 1
546, 2262, 8, 0, 2265, 2272, 10, 2, 1.25, 1
547, 2269, 5, 0, 2273, 2277, 8, 3, 1.60, 1
548, 2274, 2, 0, 2278, 2279, 5, 3, 2.50, 1
549, 2278, 1, 0, 2280, 2280, 2, 1, 2.00, 1
550, 2282, 5, 0, 2296, 2300, 18, 13, 3.60, 1
551, 2284, 4, 0, 2291, 2294, 10, 6, 2.50, 1
552, 2286, 1, 0, 2289, 2289, 3, 2, 3.00, 1
553, 2289, 1, 0, 2290, 2290, 1, 0, 1.00, 1
554, 2292, 1, 0, 2295, 2295, 3, 2, 3.00, 1
555, 2294, 13, 0, 2317, 2329, 35, 22, 2.69, 1
556, 2297, 9, 0, 2301, 2309, 12, 3, 1.33, 1
557, 2306, 2, 0, 2310, 2311, 5, 3, 2.50, 1
558, 2310, 5, 0, 2312, 2316, 6, 1, 1.20, 1
559, 2317, 9, 0, 49092, 49100, 46783, 46774, 5198.11, 1
560, 2318, 3, 0, 49084, 49086, 46768, 46765, 15589.33, 1
561, 2320, 5, 0, 49087, 49091, 46771, 46766, 9354.20, 1
562, 2322, 11, 0, 2389, 2399, 77, 66, 7.00, 1
563, 2323, 8, 0, 2335, 2342, 19, 11, 2.38, 1
564, 2326, 2, 0, 2330, 2331, 5, 3, 2.50, 1
565, 2330, 2, 0, 2332, 2333, 3, 1, 1.50, 1
566, 2333, 1, 0, 2334, 2334, 1, 0, 1.00, 1
567, 2336, 6, 0, 2345, 2350, 14, 8, 2.33, 1
568, 2339, 7, 0, 2352, 2358, 19, 12, 2.71, 1
569, 2342, 2, 0, 2343, 2344, 2, 0, 1.00, 1
570, 2348, 1, 0, 2351, 2351, 3, 2, 3.00, 1
571, 2351, 7, 0, 2372, 2378, 27, 20, 3.86, 1
572, 2352, 1, 0, 2359, 2359, 7, 6, 7.00, 1
573, 2358, 2, 0, 2360, 2361, 3, 1, 1.50, 1
574, 2360, 5, 0, 2362, 2366, 6, 1, 1.20, 1
575, 2363, 5, 0, 2367, 2371, 8, 3, 1.60, 1
576, 2375, 3, 0, 2380, 2382, 7, 4, 2.33, 1
577, 2376, 3, 0, 2383, 2385, 9, 6, 3.00, 1
578, 2377, 1, 0, 2379, 2379, 2, 1, 2.00, 1
579, 2381, 11, 0, 2410, 2420, 39, 28, 3.55, 1
580, 2385, 3, 0, 2386, 2388, 3, 0, 1.00, 1
581, 2390, 12, 0, 49072, 49083, 46693, 46681, 3891.08, 1
582, 2394, 1, 0, 2400, 2400, 6, 5, 6.00, 1
583, 2398, 6, 0, 2404, 2409, 11, 5, 1.83, 1
584, 2400, 3, 0, 2401, 2403, 3, 0, 1.00, 1
585, 2412, 5, 0, 2430, 2434, 22, 17, 4.40, 1
586, 2416, 1, 0, 2421, 2421, 5, 4, 5.00, 1
587, 2417, 4, 0, 2422, 2425, 8, 4, 2.00, 1
588, 2421, 4, 0, 2426, 2429, 8, 4, 2.00, 1
589, 2428, 7, 0, 49058, 49064, 46636, 46629, 6662.29, 1
590, 2430, 7, 0, 49065, 49071, 46641, 46634, 6663.00, 1
591, 2432, 1, 0, 2435, 2435, 3, 2, 3.00, 1
592, 2435, 4, 0, 2436, 2439, 4, 0, 1.00, 1
593, 2436, 6, 0, 2440, 2445, 9, 3, 1.50, 1
594, 2440, 4, 0, 2446, 2449, 9, 5, 2.25, 1
595, 2443, 8, 0, 2450, 2457, 14, 6, 1.75, 1
596, 2448, 9, 0, 2500, 2508, 60, 51, 6.67, 1
597, 2453, 2, 0, 2458, 2459, 6, 4, 3.00, 1
598, 2455, 7, 0, 2460, 2466, 11, 4, 1.57, 1
599, 2461, 3, 0, 2492, 2494, 33, 30, 11.00, 1
600, 2462, 22, 0, 2520, 2541, 79, 57, 3.59, 1
601, 2465, 2, 0, 2467, 2468, 3, 1, 1.50, 1
602, 2467, 4, 0, 2469, 2472, 5, 1, 1.25, 1
603, 2469, 1, 0, 2476, 2476, 7, 6, 7.00, 1
604, 2470, 6, 0, 2477, 2482, 12, 6, 2.00, 1
605, 2471, 3, 0, 2473, 2475, 4, 1, 1.33, 1
606, 2477, 1, 0, 2489, 2489, 12, 11, 12.00, 1
607, 2479, 2, 0, 2490, 2491, 12, 10, 6.00, 1
608, 2481, 3, 0, 2483, 2485, 4, 1, 1.33, 1
609, 2483, 2, 0, 2486, 2487, 4, 2, 2.00, 1
610, 2486, 1, 0, 2488, 2488, 2, 1, 2.00, 1
611, 2492, 5, 0, 2495, 2499, 7, 2, 1.40, 1
612, 2500, 7, 0, 2513, 2519, 19, 12, 2.71, 1
613, 2506, 1, 0, 2511, 2511, 5, 4, 5.00, 1
614, 2507, 1, 0, 2512, 2512, 5, 4, 5.00, 1
615, 2508, 2, 0, 2509, 2510, 2, 0, 1.00, 1
616, 2523, 10, 0, 49048, 49057, 46534, 46524, 4653.40, 1
617, 2527, 4, 0, 49040, 49043, 46516, 46512, 11629.00, 1
618, 2531, 4, 0, 49044, 49047, 46516, 46512, 11629.00, 1
619, 2532, 2, 0, 2612, 2613, 81, 79, 40.50, 1
620, 2535, 2, 0, 2614, 2615, 80, 78, 40.00, 1
621, 2540, 7, 0, 2545, 2551, 11, 4, 1.57, 1
622, 2541, 3, 0, 2542, 2544, 3, 0, 1.00, 1
623, 2546, 10, 0, 2554, 2563, 17, 7, 1.70, 1
624, 2551, 2, 0, 2552, 2553, 2, 0, 1.00, 1
625, 2556, 19, 0, 2573, 2591, 35, 16, 1.84, 1
626, 2557, 7, 0, 2566, 2572, 15, 8, 2.14, 1
627, 2558, 1, 0, 2564, 2564, 6, 5, 6.00, 1
628, 2560, 1, 0, 2565, 2565, 5, 4, 5.00, 1
629, 2577, 2, 0, 2592, 2593, 16, 14, 8.00, 1
630, 2589, 3, 0, 2595, 2597, 8, 5, 2.67, 1
631, 2592, 1, 0, 2594, 2594, 2, 1, 2.00, 1
632, 2594, 6, 0, 2598, 2603, 9, 3, 1.50, 1
633, 2598, 5, 0, 2604, 2608, 10, 5, 2.00, 1
634, 2606, 1, 0, 2609, 2609, 3, 2, 3.00, 1
635, 2609, 2, 0, 2610, 2611, 2, 0, 1.00, 1
636, 2613, 2, 0, 2616, 2617, 4, 2, 2.00, 1
637, 2616, 7, 0, 2618, 2624, 8, 1, 1.14, 1
638, 2623, 3, 0, 2625, 2627, 4, 1, 1.33, 1
639, 2626, 4, 0, 2628, 2631, 5, 1, 1.25, 1
640, 2628, 2, 0, 2633, 2634, 6, 4, 3.00, 1
641, 2630, 1, 0, 2632, 2632, 2, 1, 2.00, 1
642, 2631, 7, 0, 2635, 2641, 10, 3, 1.43, 1
643, 2635, 8, 0, 2666, 2673, 38, 30, 4.75, 1
644, 2636, 2, 0, 2662, 2663, 27, 25, 13.50, 1
645, 2638, 8, 0, 2675, 2682, 44, 36, 5.50, 1
646, 2640, 3, 0, 2642, 2644, 4, 1, 1.33, 1
647, 2642, 5, 0, 2652, 2656, 14, 9, 2.80, 1
648, 2643, 4, 0, 2645, 2648, 5, 1, 1.25, 1
649, 2644, 5, 0, 2657, 2661, 17, 12, 3.40, 1
650, 2645, 3, 0, 2649, 2651, 6, 3, 2.00, 1
651, 2663, 2, 0, 2664, 2665, 2, 0, 1.00, 1
652, 2669, 9, 0, 2686, 2694, 25, 16, 2.78, 1
653, 2671, 1, 0, 2674, 2674, 3, 2, 3.00, 1
654, 2677, 11, 0, 2697, 2707, 30, 19, 2.73, 1
655, 2679, 1, 0, 2684, 2684, 5, 4, 5.00, 1
656, 2680, 1, 0, 2685, 2685, 5, 4, 5.00, 1
657, 2681, 1, 0, 2683, 2683, 2, 1, 2.00, 1
658, 2692, 2, 0, 2695, 2696, 4, 2, 2.00, 1
659, 2699, 1, 0, 2722, 2722, 23, 22, 23.00, 1
660, 2700, 6, 0, 2725, 2730, 30, 24, 5.00, 1
661, 2702, 3, 0, 2708, 2710, 8, 5, 2.67, 1
662, 2703, 4, 0, 2714, 2717, 14, 10, 3.50, 1
663, 2708, 3, 0, 2711, 2713, 5, 2, 1.67, 1
664, 2714, 4, 0, 2718, 2721, 7, 3, 1.75, 1
665, 2722, 2, 0, 2723, 2724, 2, 0, 1.00, 1
666, 2723, 9, 0, 2731, 2739, 16, 7, 1.78, 1
667, 2735, 14, 0, 2741, 2754, 19, 5, 1.36, 1
668, 2736, 1, 0, 2740, 2740, 4, 3, 4.00, 1
669, 2743, 5, 0, 2766, 2770, 27, 22, 5.40, 1
670, 2748, 2, 0, 2756, 2757, 9, 7, 4.50, 1
671, 2751, 4, 0, 2762, 2765, 14, 10, 3.50, 1
672, 2752, 1, 0, 2755, 2755, 3, 2, 3.00, 1
673, 2756, 3, 0, 2758, 2760, 4, 1, 1.33, 1
674, 2758, 1, 0, 2761, 2761, 3, 2, 3.00, 1
675, 2763, 10, 0, 2771, 2780, 17, 7, 1.70, 1
676, 2770, 11, 0, 2799, 2809, 39, 28, 3.55, 1
677, 2775, 2, 0, 2781, 2782, 7, 5, 3.50, 1
678, 2778, 8, 0, 2783, 2790, 12, 4, 1.50, 1
679, 2783, 11, 0, 3036, 3046, 263, 252, 23.91, 1
680, 2784, 1, 0, 2791, 2791, 7, 6, 7.00, 1
681, 2790, 6, 0, 2792, 2797, 7, 1, 1.17, 1
682, 2792, 1, 0, 2798, 2798, 6, 5, 6.00, 1
683, 2801, 5, 0, 3018, 3022, 221, 216, 44.20, 1
684, 2805, 4, 0, 2960, 2963, 158, 154, 39.50, 1
685, 2808, 9, 0, 3026, 3034, 226, 217, 25.11, 1
686, 2809, 6, 0, 2810, 2815, 6, 0, 1.00, 1
687, 2813, 3, 0, 2816, 2818, 5, 2, 1.67, 1
688, 2817, 3, 0, 2819, 2821, 4, 1, 1.33, 1
689, 2818, 18, 0, 2825, 2842, 24, 6, 1.33, 1
690, 2820, 3, 0, 2822, 2824, 4, 1, 1.33, 1
691, 2832, 1, 0, 2843, 2843, 11, 10, 11.00, 1
692, 2833, 5, 0, 2844, 2848, 15, 10, 3.00, 1
693, 2844, 10, 0, 2865, 2874, 30, 20, 3.00, 1
694, 2846, 2, 0, 2849, 2850, 4, 2, 2.00, 1
695, 2848, 9, 0, 2851, 2859, 11, 2, 1.22, 1
696, 2854, 3, 0, 2860, 2862, 8, 5, 2.67, 1
697, 2860, 2, 0, 2863, 2864, 4, 2, 2.00, 1
698, 2865, 1, 0, 2954, 2954, 89, 88, 89.00, 1
699, 2868, 5, 0, 2955, 2959, 91, 86, 18.20, 1
700, 2870, 12, 0, 2934, 2945, 75, 63, 6.25, 1
701, 2872, 4, 0, 2875, 2878, 6, 2, 1.50, 1
702, 2876, 8, 0, 2916, 2923, 47, 39, 5.88, 1
703, 2878, 6, 0, 2879, 2884, 6, 0, 1.00, 1
704, 2880, 6, 0, 2885, 2890, 10, 4, 1.67, 1
705, 2886, 10, 0, 2924, 2933, 47, 37, 4.70, 1
706, 2887, 4, 0, 2891, 2894, 7, 3, 1.75, 1
707, 2890, 11, 0, 2895, 2905, 15, 4, 1.36, 1
708, 2895, 7, 0, 2906, 2912, 17, 10, 2.43, 1
709, 2911, 1, 0, 2913, 2913, 2, 1, 2.00, 1
710, 2912, 1, 0, 2914, 2914, 2, 1, 2.00, 1
711, 2913, 1, 0, 2915, 2915, 2, 1, 2.00, 1
712, 2936, 1, 0, 2951, 2951, 15, 14, 15.00, 1
713, 2938, 2, 0, 2952, 2953, 15, 13, 7.50, 1
714, 2941, 1, 0, 2946, 2946, 5, 4, 5.00, 1
715, 2943, 4, 0, 2947, 2950, 7, 3, 1.75, 1
716, 2961, 6, 0, 2977, 2982, 21, 15, 3.50, 1
717, 2962, 4, 0, 2966, 2969, 7, 3, 1.75, 1
718, 2963, 2, 0, 2964, 2965, 2, 0, 1.00, 1
719, 2965, 6, 0, 2998, 3003, 38, 32, 6.33, 1
720, 2969, 7, 0, 2970, 2976, 7, 0, 1.00, 1
721, 2977, 4, 0, 2986, 2989, 12, 8, 3.00, 1
722, 2979, 4, 0, 2992, 2995, 16, 12, 4.00, 1
723, 2980, 3, 0, 2983, 2985, 5, 2, 1.67, 1
724, 2986, 2, 0, 2990, 2991, 5, 3, 2.50, 1
725, 2995, 2, 0, 2996, 2997, 2, 0, 1.00, 1
726, 3000, 8, 0, 3006, 3013, 13, 5, 1.62, 1
727, 3002, 2, 0, 3004, 3005, 3, 1, 1.50, 1
728, 3011, 1, 0, 3014, 3014, 3, 2, 3.00, 1
729, 3012, 3, 0, 3015, 3017, 5, 2, 1.67, 1
730, 3020, 3, 0, 3023, 3025, 5, 2, 1.67, 1
731, 3026, 1, 0, 3035, 3035, 9, 8, 9.00, 1
732, 3034, 21, 0, 48987, 49007, 45973, 45952, 2189.19, 1
733, 3038, 32, 0, 49008, 49039, 46001, 45969, 1437.53, 1
734, 3041, 6, 0, 3047, 3052, 11, 5, 1.83, 1
735, 3042, 6, 0, 3053, 3058, 16, 10, 2.67, 1
736, 3052, 19, 0, 3130, 3148, 96, 77, 5.05, 1
737, 3056, 5, 0, 3059, 3063, 7, 2, 1.40, 1
738, 3059, 8, 0, 3085, 3092, 33, 25, 4.12, 1
739, 3060, 5, 0, 3064, 3068, 8, 3, 1.60, 1
740, 3064, 1, 0, 3076, 3076, 12, 11, 12.00, 1
741, 3065, 3, 0, 3077, 3079, 14, 11, 4.67, 1
742, 3066, 1, 0, 3069, 3069, 3, 2, 3.00, 1
743, 3069, 6, 0, 3070, 3075, 6, 0, 1.00, 1
744, 3076, 3, 0, 3082, 3084, 8, 5, 2.67, 1
745, 3077, 2, 0, 3080, 3081, 4, 2, 2.00, 1
746, 3084, 8, 0, 3095, 3102, 18, 10, 2.25, 1
747, 3085, 1, 0, 3093, 3093, 8, 7, 8.00, 1
748, 3091, 1, 0, 3094, 3094, 3, 2, 3.00, 1
749, 3097, 6, 0, 3107, 3112, 15, 9, 2.50, 1
750, 3098, 4, 0, 3103, 3106, 8, 4, 2.00, 1
751, 3111, 6, 0, 3118, 3123, 12, 6, 2.00, 1
752, 3112, 5, 0, 3113, 3117, 5, 0, 1.00, 1
753, 3119, 3, 0, 3124, 3126, 7, 4, 2.33, 1
754, 3121, 3, 0, 3127, 3129, 8, 5, 2.67, 1
755, 3131, 8, 0, 48979, 48986, 45855, 45847, 5731.88, 1
756, 3132, 1, 0, 48974, 48974, 45842, 45841, 45842.00, 1
757, 3139, 4, 0, 48975, 48978, 45839, 45835, 11459.75, 1
758, 3145, 2, 0, 3149, 3150, 5, 3, 2.50, 1
759, 3148, 16, 0, 3154, 3169, 21, 5, 1.31, 1
760, 3149, 3, 0, 3151, 3153, 4, 1, 1.33, 1
761, 3157, 8, 0, 3233, 3240, 83, 75, 10.38, 1
762, 3161, 1, 0, 3229, 3229, 68, 67, 68.00, 1
763, 3165, 3, 0, 3230, 3232, 67, 64, 22.33, 1
764, 3166, 3, 0, 3170, 3172, 6, 3, 2.00, 1
765, 3167, 11, 0, 3173, 3183, 16, 5, 1.45, 1
766, 3173, 4, 0, 3185, 3188, 15, 11, 3.75, 1
767, 3177, 1, 0, 3184, 3184, 7, 6, 7.00, 1
768, 3180, 5, 0, 3189, 3193, 13, 8, 2.60, 1
769, 3190, 2, 0, 3194, 3195, 5, 3, 2.50, 1
770, 3191, 3, 0, 3196, 3198, 7, 4, 2.33, 1
771, 3195, 5, 0, 3199, 3203, 8, 3, 1.60, 1
772, 3200, 3, 0, 3204, 3206, 6, 3, 2.00, 1
773, 3202, 8, 0, 3209, 3216, 14, 6, 1.75, 1
774, 3204, 2, 0, 3207, 3208, 4, 2, 2.00, 1
775, 3209, 2, 0, 3217, 3218, 9, 7, 4.50, 1
776, 3213, 7, 0, 3222, 3228, 15, 8, 2.14, 1
777, 3217, 2, 0, 3219, 3220, 3, 1, 1.50, 1
778, 3219, 1, 0, 3221, 3221, 2, 1, 2.00, 1
779, 3234, 8, 0, 3264, 3271, 37, 29, 4.62, 1
780, 3239, 5, 0, 3241, 3245, 6, 1, 1.20, 1
781, 3241, 6, 0, 3246, 3251, 10, 4, 1.67, 1
782, 3246, 3, 0, 3254, 3256, 10, 7, 3.33, 1
783, 3248, 2, 0, 3252, 3253, 5, 3, 2.50, 1
784, 3252, 5, 0, 3257, 3261, 9, 4, 1.80, 1
785, 3261, 2, 0, 3262, 3263, 2, 0, 1.00, 1
786, 3265, 1, 0, 3333, 3333, 68, 67, 68.00, 1
787, 3266, 4, 0, 3335, 3338, 72, 68, 18.00, 1
788, 3267, 7, 0, 3272, 3278, 11, 4, 1.57, 1
789, 3273, 4, 0, 3279, 3282, 9, 5, 2.25, 1
790, 3277, 6, 0, 3291, 3296, 19, 13, 3.17, 1
791, 3280, 2, 0, 3283, 3284, 4, 2, 2.00, 1
792, 3281, 2, 0, 3285, 3286, 5, 3, 2.50, 1
793, 3284, 4, 0, 3287, 3290, 6, 2, 1.50, 1
794, 3293, 4, 0, 3301, 3304, 11, 7, 2.75, 1
795, 3295, 1, 0, 3297, 3297, 2, 1, 2.00, 1
796, 3296, 3, 0, 3298, 3300, 4, 1, 1.33, 1
797, 3303, 18, 0, 3305, 3322, 19, 1, 1.06, 1
798, 3308, 2, 0, 3324, 3325, 17, 15, 8.50, 1
799, 3310, 1, 0, 3323, 3323, 13, 12, 13.00, 1
800, 3325, 5, 0, 3326, 3330, 5, 0, 1.00, 1
801, 3329, 1, 0, 3331, 3331, 2, 1, 2.00, 1
802, 3330, 1, 0, 3332, 3332, 2, 1, 2.00, 1
803, 3333, 1, 0, 3334, 3334, 1, 0, 1.00, 1
804, 3335, 8, 0, 3341, 3348, 13, 5, 1.62, 1
805, 3337, 20, 0, 3360, 3379, 42, 22, 2.10, 1
806, 3338, 2, 0, 3339, 3340, 2, 0, 1.00, 1
807, 3341, 7, 0, 3349, 3355, 14, 7, 2.00, 1
808, 3352, 4, 0, 3356, 3359, 7, 3, 1.75, 1
809, 3360, 1, 0, 48970, 48970, 45610, 45609, 45610.00, 1
810, 3362, 3, 0, 48971, 48973, 45611, 45608, 15203.67, 1
811, 3365, 2, 0, 48966, 48967, 45602, 45600, 22801.00, 1
812, 3367, 1, 0, 48965, 48965, 45598, 45597, 45598.00, 1
813, 3370, 2, 0, 48968, 48969, 45599, 45597, 22799.50, 1
814, 3375, 6, 0, 3383, 3388, 13, 7, 2.17, 1
815, 3378, 1, 0, 3380, 3380, 2, 1, 2.00, 1
816, 3379, 2, 0, 3381, 3382, 3, 1, 1.50, 1
817, 3384, 3, 0, 3391, 3393, 9, 6, 3.00, 1
818, 3387, 2, 0, 3389, 3390, 3, 1, 1.50, 1
819, 3390, 6, 0, 3401, 3406, 16, 10, 2.67, 1
820, 3392, 5, 0, 3394, 3398, 6, 1, 1.20, 1
821, 3395, 2, 0, 3399, 3400, 5, 3, 2.50, 1
822, 3396, 11, 0, 48954, 48964, 45568, 45557, 4142.55, 1
823, 3401, 5, 0, 3412, 3416, 15, 10, 3.00, 1
824, 3402, 1, 0, 3408, 3408, 6, 5, 6.00, 1
825, 3405, 3, 0, 3409, 3411, 6, 3, 2.00, 1
826, 3406, 1, 0, 3407, 3407, 1, 0, 1.00, 1
827, 3410, 8, 0, 3428, 3435, 25, 17, 3.12, 1
828, 3414, 5, 0, 3421, 3425, 11, 6, 2.20, 1
829, 3415, 4, 0, 3417, 3420, 5, 1, 1.25, 1
830, 3425, 2, 0, 3426, 3427, 2, 0, 1.00, 1
831, 3428, 6, 0, 48938, 48943, 45515, 45509, 7585.83, 1
832, 3431, 10, 0, 48944, 48953, 45522, 45512, 4552.20, 1
833, 3433, 1, 0, 3436, 3436, 3, 2, 3.00, 1
834, 3434, 2, 0, 3437, 3438, 4, 2, 2.00, 1
835, 3437, 12, 0, 3439, 3450, 13, 1, 1.08, 1
836, 3442, 7, 0, 48922, 48928, 45486, 45479, 6498.00, 1
837, 3445, 9, 0, 48929, 48937, 45492, 45483, 5054.67, 1
838, 3447, 3, 0, 3451, 3453, 6, 3, 2.00, 1
839, 3451, 4, 0, 3454, 3457, 6, 2, 1.50, 1
840, 3455, 10, 0, 3465, 3474, 19, 9, 1.90, 1
841, 3456, 2, 0, 3458, 3459, 3, 1, 1.50, 1
842, 3459, 4, 0, 3460, 3463, 4, 0, 1.00, 1
843, 3460, 17, 0, 48905, 48921, 45461, 45444, 2674.18, 1
844, 3462, 1, 0, 3464, 3464, 2, 1, 2.00, 1
845, 3465, 1, 0, 48893, 48893, 45428, 45427, 45428.00, 1
846, 3466, 11, 0, 48894, 48904, 45438, 45427, 4130.73, 1
847, 3472, 2, 0, 3475, 3476, 4, 2, 2.00, 1
848, 3474, 8, 0, 3477, 3484, 10, 2, 1.25, 1
849, 3479, 5, 0, 3485, 3489, 10, 5, 2.00, 1
850, 3482, 13, 0, 3781, 3793, 311, 298, 23.92, 1
851, 3486, 5, 0, 3493, 3497, 11, 6, 2.20, 1
852, 3487, 3, 0, 3490, 3492, 5, 2, 1.67, 1
853, 3488, 9, 0, 3498, 3506, 18, 9, 2.00, 1
854, 3498, 2, 0, 3511, 3512, 14, 12, 7.00, 1
855, 3500, 4, 0, 3513, 3516, 16, 12, 4.00, 1
856, 3503, 1, 0, 3507, 3507, 4, 3, 4.00, 1
857, 3504, 3, 0, 3508, 3510, 6, 3, 2.00, 1
858, 3511, 8, 0, 3517, 3524, 13, 5, 1.62, 1
859, 3517, 4, 0, 3550, 3553, 36, 32, 9.00, 1
860, 3519, 11, 0, 3623, 3633, 114, 103, 10.36, 1
861, 3520, 1, 0, 3525, 3525, 5, 4, 5.00, 1
862, 3523, 12, 0, 3526, 3537, 14, 2, 1.17, 1
863, 3526, 7, 0, 3543, 3549, 23, 16, 3.29, 1
864, 3535, 2, 0, 3538, 3539, 4, 2, 2.00, 1
865, 3537, 3, 0, 3540, 3542, 5, 2, 1.67, 1
866, 3550, 4, 0, 3612, 3615, 65, 61, 16.25, 1
867, 3551, 3, 0, 3554, 3556, 5, 2, 1.67, 1
868, 3554, 3, 0, 3578, 3580, 26, 23, 8.67, 1
869, 3555, 3, 0, 3583, 3585, 30, 27, 10.00, 1
870, 3556, 8, 0, 3557, 3564, 8, 0, 1.00, 1
871, 3560, 10, 0, 3568, 3577, 17, 7, 1.70, 1
872, 3562, 2, 0, 3566, 3567, 5, 3, 2.50, 1
873, 3563, 1, 0, 3565, 3565, 2, 1, 2.00, 1
874, 3578, 2, 0, 3581, 3582, 4, 2, 2.00, 1
875, 3579, 3, 0, 3588, 3590, 11, 8, 3.67, 1
876, 3585, 2, 0, 3586, 3587, 2, 0, 1.00, 1
877, 3587, 6, 0, 3617, 3622, 35, 29, 5.83, 1
878, 3590, 8, 0, 3591, 3598, 8, 0, 1.00, 1
879, 3595, 1, 0, 3599, 3599, 4, 3, 4.00, 1
880, 3597, 10, 0, 3600, 3609, 12, 2, 1.20, 1
881, 3604, 2, 0, 3610, 3611, 7, 5, 3.50, 1
882, 3615, 1, 0, 3616, 3616, 1, 0, 1.00, 1
883, 3625, 2, 0, 3634, 3635, 10, 8, 5.00, 1
884, 3631, 11, 0, 3648, 3658, 27, 16, 2.45, 1
885, 3635, 8, 0, 3636, 3643, 8, 0, 1.00, 1
886, 3642, 3, 0, 3644, 3646, 4, 1, 1.33, 1
887, 3644, 1, 0, 3647, 3647, 3, 2, 3.00, 1
888, 3645, 16, 0, 3828, 3843, 198, 182, 12.38, 1
889, 3648, 3, 0, 3749, 3751, 103, 100, 34.33, 1
890, 3649, 3, 0, 3755, 3757, 108, 105, 36.00, 1
891, 3652, 1, 0, 3659, 3659, 7, 6, 7.00, 1
892, 3653, 14, 0, 3661, 3674, 21, 7, 1.50, 1
893, 3659, 1, 0, 3660, 3660, 1, 0, 1.00, 1
894, 3661, 4, 0, 3679, 3682, 21, 17, 5.25, 1
895, 3667, 5, 0, 3687, 3691, 24, 19, 4.80, 1
896, 3674, 3, 0, 3675, 3677, 3, 0, 1.00, 1
897, 3677, 1, 0, 3678, 3678, 1, 0, 1.00, 1
898, 3680, 3, 0, 3683, 3685, 5, 2, 1.67, 1
899, 3685, 1, 0, 3686, 3686, 1, 0, 1.00, 1
900, 3691, 7, 0, 3692, 3698, 7, 0, 1.00, 1
901, 3693, 6, 0, 3705, 3710, 17, 11, 2.83, 1
902, 3694, 1, 0, 3699, 3699, 5, 4, 5.00, 1
903, 3695, 4, 0, 3700, 3703, 8, 4, 2.00, 1
904, 3699, 7, 0, 3712, 3718, 19, 12, 2.71, 1
905, 3703, 1, 0, 3704, 3704, 1, 0, 1.00, 1
906, 3705, 1, 0, 3711, 3711, 6, 5, 6.00, 1
907, 3712, 4, 0, 3719, 3722, 10, 6, 2.50, 1
908, 3719, 3, 0, 3727, 3729, 10, 7, 3.33, 1
909, 3720, 4, 0, 3730, 3733, 13, 9, 3.25, 1
910, 3722, 3, 0, 3723, 3725, 3, 0, 1.00, 1
911, 3724, 1, 0, 3726, 3726, 2, 1, 2.00, 1
912, 3729, 4, 0, 3736, 3739, 10, 6, 2.50, 1
913, 3732, 8, 0, 3740, 3747, 15, 7, 1.88, 1
914, 3733, 2, 0, 3734, 3735, 2, 0, 1.00, 1
915, 3740, 1, 0, 3748, 3748, 8, 7, 8.00, 1
916, 3749, 5, 0, 3758, 3762, 13, 8, 2.60, 1
917, 3750, 2, 0, 3752, 3753, 3, 1, 1.50, 1
918, 3753, 1, 0, 3754, 3754, 1, 0, 1.00, 1
919, 3758, 5, 0, 3763, 3767, 9, 4, 1.80, 1
920, 3764, 4, 0, 3770, 3773, 9, 5, 2.25, 1
921, 3766, 2, 0, 3768, 3769, 3, 1, 1.50, 1
922, 3770, 4, 0, 3774, 3777, 7, 3, 1.75, 1
923, 3775, 3, 0, 3778, 3780, 5, 2, 1.67, 1
924, 3788, 5, 0, 3798, 3802, 14, 9, 2.80, 1
925, 3791, 2, 0, 3794, 3795, 4, 2, 2.00, 1
926, 3795, 2, 0, 3796, 3797, 2, 0, 1.00, 1
927, 3797, 7, 0, 3803, 3809, 12, 5, 1.71, 1
928, 3803, 2, 0, 3812, 3813, 10, 8, 5.00, 1
929, 3806, 8, 0, 3814, 3821, 15, 7, 1.88, 1
930, 3808, 2, 0, 3810, 3811, 3, 1, 1.50, 1
931, 3812, 16, 0, 48877, 48892, 45080, 45064, 2817.50, 1
932, 3814, 5, 0, 3823, 3827, 13, 8, 2.60, 1
933, 3819, 1, 0, 3822, 3822, 3, 2, 3.00, 1
934, 3835, 2, 0, 48872, 48873, 45038, 45036, 22519.00, 1
935, 3836, 3, 0, 48874, 48876, 45040, 45037, 15013.33, 1
936, 3837, 9, 0, 48863, 48871, 45034, 45025, 5003.78, 1
937, 3838, 3, 0, 48857, 48859, 45021, 45018, 15007.00, 1
938, 3840, 3, 0, 48860, 48862, 45022, 45019, 15007.33, 1
939, 3842, 1, 0, 3844, 3844, 2, 1, 2.00, 1
940, 3844, 6, 0, 3845, 3850, 6, 0, 1.00, 1
941, 3850, 6, 0, 3851, 3856, 6, 0, 1.00, 1
942, 3853, 5, 0, 3860, 3864, 11, 6, 2.20, 1
943, 3854, 1, 0, 3857, 3857, 3, 2, 3.00, 1
944, 3855, 2, 0, 3858, 3859, 4, 2, 2.00, 1
945, 3862, 14, 0, 3865, 3878, 16, 2, 1.14, 1
946, 3867, 3, 0, 48847, 48849, 44982, 44979, 14994.00, 1
947, 3868, 7, 0, 48850, 48856, 44988, 44981, 6426.86, 1
948, 3869, 3, 0, 3879, 3881, 12, 9, 4.00, 1
949, 3881, 6, 0, 3882, 3887, 6, 0, 1.00, 1
950, 3885, 3, 0, 3888, 3890, 5, 2, 1.67, 1
951, 3888, 3, 0, 3891, 3893, 5, 2, 1.67, 1
952, 3892, 5, 0, 3894, 3898, 6, 1, 1.20, 1
953, 3894, 13, 0, 3899, 3911, 17, 4, 1.31, 1
954, 3901, 16, 0, 48831, 48846, 44945, 44929, 2809.06, 1
955, 3902, 6, 0, 48825, 48830, 44928, 44922, 7488.00, 1
956, 3905, 2, 0, 48819, 48820, 44915, 44913, 22457.50, 1
957, 3906, 4, 0, 48821, 48824, 44918, 44914, 11229.50, 1
958, 3907, 5, 0, 48809, 48813, 44906, 44901, 8981.20, 1
959, 3908, 5, 0, 48814, 48818, 44910, 44905, 8982.00, 1
960, 3910, 15, 0, 3919, 3933, 23, 8, 1.53, 1
961, 3911, 7, 0, 3912, 3918, 7, 0, 1.00, 1
962, 3920, 15, 0, 48794, 48808, 44888, 44873, 2992.53, 1
963, 3922, 5, 0, 48779, 48783, 44861, 44856, 8972.20, 1
964, 3924, 10, 0, 48784, 48793, 44869, 44859, 4486.90, 1
965, 3931, 14, 0, 3934, 3947, 16, 2, 1.14, 1
966, 3934, 4, 0, 48775, 48778, 44844, 44840, 11211.00, 1
967, 3935, 1, 0, 48771, 48771, 44836, 44835, 44836.00, 1
968, 3937, 3, 0, 48772, 48774, 44837, 44834, 14945.67, 1
969, 3939, 4, 0, 48757, 48760, 44821, 44817, 11205.25, 1
970, 3943, 10, 0, 48761, 48770, 44827, 44817, 4482.70, 1
971, 3945, 6, 0, 3950, 3955, 10, 4, 1.67, 1
972, 3946, 2, 0, 3948, 3949, 3, 1, 1.50, 1
973, 3954, 1, 0, 3956, 3956, 2, 1, 2.00, 1
974, 3955, 3, 0, 3957, 3959, 4, 1, 1.33, 1
975, 3957, 19, 0, 3960, 3978, 21, 2, 1.11, 1
976, 3960, 24, 0, 48733, 48756, 44796, 44772, 1866.50, 1
977, 3961, 7, 0, 48726, 48732, 44771, 44764, 6395.86, 1
978, 3962, 4, 0, 48718, 48721, 44759, 44755, 11189.75, 1
979, 3966, 4, 0, 48722, 48725, 44759, 44755, 11189.75, 1
980, 3967, 1, 0, 48710, 48710, 44743, 44742, 44743.00, 1
981, 3969, 7, 0, 48711, 48717, 44748, 44741, 6392.57, 1
982, 3973, 17, 0, 3989, 4005, 32, 15, 1.88, 1
983, 3976, 4, 0, 3979, 3982, 6, 2, 1.50, 1
984, 3982, 4, 0, 3983, 3986, 4, 0, 1.00, 1
985, 3984, 2, 0, 3987, 3988, 4, 2, 2.00, 1
986, 3995, 7, 0, 4020, 4026, 31, 24, 4.43, 1
987, 3997, 1, 0, 4019, 4019, 22, 21, 22.00, 1
988, 4001, 7, 0, 4034, 4040, 39, 32, 5.57, 1
989, 4002, 5, 0, 4008, 4012, 10, 5, 2.00, 1
990, 4004, 1, 0, 4006, 4006, 2, 1, 2.00, 1
991, 4005, 1, 0, 4007, 4007, 2, 1, 2.00, 1
992, 4006, 5, 0, 4013, 4017, 11, 6, 2.20, 1
993, 4016, 1, 0, 4018, 4018, 2, 1, 2.00, 1
994, 4020, 5, 0, 4027, 4031, 11, 6, 2.20, 1
995, 4028, 2, 0, 4032, 4033, 5, 3, 2.50, 1
996, 4031, 7, 0, 4041, 4047, 16, 9, 2.29, 1
997, 4037, 10, 0, 48700, 48709, 44672, 44662, 4467.20, 1
998, 4044, 5, 0, 4051, 4055, 11, 6, 2.20, 1
999, 4047, 3, 0, 4048, 4050, 3, 0, 1.00, 1
1000, 4049, 5, 0, 48686, 48690, 44641, 44636, 8928.20, 1
1001, 4052, 9, 0, 48691, 48699, 44647, 44638, 4960.78, 1
1002, 4055, 2, 0, 4056, 4057, 2, 0, 1.00, 1
1003, 4056, 5, 0, 4058, 4062, 6, 1, 1.20, 1
1004, 4061, 1, 0, 4063, 4063, 2, 1, 2.00, 1
1005, 4062, 31, 0, 4064, 4094, 32, 1, 1.03, 1
1006, 4064, 2, 0, 48680, 48681, 44617, 44615, 22308.50, 1
1007, 4065, 4, 0, 48682, 48685, 44620, 44616, 11155.00, 1
1008, 4068, 3, 0, 4183, 4185, 117, 114, 39.00, 1
1009, 4071, 2, 0, 4181, 4182, 111, 109, 55.50, 1
1010, 4073, 3, 0, 4186, 4188, 115, 112, 38.33, 1
1011, 4075, 2, 0, 4176, 4177, 102, 100, 51.00, 1
1012, 4076, 1, 0, 4175, 4175, 99, 98, 99.00, 1
1013, 4080, 3, 0, 4178, 4180, 100, 97, 33.33, 1
1014, 4081, 4, 0, 4105, 4108, 27, 23, 6.75, 1
1015, 4084, 2, 0, 4101, 4102, 18, 16, 9.00, 1
1016, 4085, 2, 0, 4103, 4104, 19, 17, 9.50, 1
1017, 4086, 1, 0, 4095, 4095, 9, 8, 9.00, 1
1018, 4090, 1, 0, 4096, 4096, 6, 5, 6.00, 1
1019, 4095, 4, 0, 4097, 4100, 5, 1, 1.25, 1
1020, 4101, 4, 0, 4132, 4135, 34, 30, 8.50, 1
1021, 4106, 2, 0, 4129, 4130, 24, 22, 12.00, 1
1022, 4107, 9, 0, 4136, 4144, 37, 28, 4.11, 1
1023, 4108, 3, 0, 4109, 4111, 3, 0, 1.00, 1
1024, 4109, 11, 0, 4112, 4122, 13, 2, 1.18, 1
1025, 4117, 1, 0, 4125, 4125, 8, 7, 8.00, 1
1026, 4120, 3, 0, 4126, 4128, 8, 5, 2.67, 1
1027, 4121, 2, 0, 4123, 4124, 3, 1, 1.50, 1
1028, 4130, 1, 0, 4131, 4131, 1, 0, 1.00, 1
1029, 4139, 5, 0, 4146, 4150, 11, 6, 2.20, 1
1030, 4141, 7, 0, 4156, 4162, 21, 14, 3.00, 1
1031, 4142, 1, 0, 4145, 4145, 3, 2, 3.00, 1
1032, 4148, 3, 0, 4153, 4155, 7, 4, 2.33, 1
1033, 4150, 2, 0, 4151, 4152, 2, 0, 1.00, 1
1034, 4160, 4, 0, 4163, 4166, 6, 2, 1.50, 1
1035, 4163, 5, 0, 4170, 4174, 11, 6, 2.20, 1
1036, 4164, 1, 0, 4167, 4167, 3, 2, 3.00, 1
1037, 4167, 2, 0, 4168, 4169, 2, 0, 1.00, 1
1038, 4186, 3, 0, 4189, 4191, 5, 2, 1.67, 1
1039, 4189, 10, 0, 4192, 4201, 12, 2, 1.20, 1
1040, 4194, 3, 0, 4202, 4204, 10, 7, 3.33, 1
1041, 4195, 3, 0, 4205, 4207, 12, 9, 4.00, 1
1042, 4207, 8, 0, 4208, 4215, 8, 0, 1.00, 1
1043, 4212, 16, 0, 4216, 4231, 19, 3, 1.19, 1
1044, 4218, 1, 0, 48673, 48673, 44455, 44454, 44455.00, 1
1045, 4221, 6, 0, 48674, 48679, 44458, 44452, 7409.67, 1
1046, 4229, 2, 0, 4232, 4233, 4, 2, 2.00, 1
1047, 4233, 6, 0, 4234, 4239, 6, 0, 1.00, 1
1048, 4235, 4, 0, 48664, 48667, 44432, 44428, 11108.00, 1
1049, 4237, 5, 0, 48668, 48672, 44435, 44430, 8887.00, 1
1050, 4239, 6, 0, 4240, 4245, 6, 0, 1.00, 1
1051, 4242, 2, 0, 4250, 4251, 9, 7, 4.50, 1
1052, 4243, 5, 0, 4252, 4256, 13, 8, 2.60, 1
1053, 4245, 4, 0, 4246, 4249, 4, 0, 1.00, 1
1054, 4250, 10, 0, 4274, 4283, 33, 23, 3.30, 1
1055, 4256, 6, 0, 4257, 4262, 6, 0, 1.00, 1
1056, 4258, 14, 0, 48650, 48663, 44405, 44391, 3171.79, 1
1057, 4261, 9, 0, 4264, 4272, 11, 2, 1.22, 1
1058, 4262, 1, 0, 4263, 4263, 1, 0, 1.00, 1
1059, 4266, 1, 0, 4273, 4273, 7, 6, 7.00, 1
1060, 4274, 3, 0, 4302, 4304, 30, 27, 10.00, 1
1061, 4276, 9, 0, 4334, 4342, 66, 57, 7.33, 1
1062, 4277, 3, 0, 4286, 4288, 11, 8, 3.67, 1
1063, 4280, 2, 0, 4284, 4285, 5, 3, 2.50, 1
1064, 4282, 8, 0, 4294, 4301, 19, 11, 2.38, 1
1065, 4286, 3, 0, 4290, 4292, 6, 3, 2.00, 1
1066, 4287, 1, 0, 4289, 4289, 2, 1, 2.00, 1
1067, 4291, 1, 0, 4293, 4293, 2, 1, 2.00, 1
1068, 4303, 3, 0, 4305, 4307, 4, 1, 1.33, 1
1069, 4304, 3, 0, 4309, 4311, 7, 4, 2.33, 1
1070, 4305, 1, 0, 4308, 4308, 3, 2, 3.00, 1
1071, 4307, 5, 0, 4312, 4316, 9, 4, 1.80, 1
1072, 4309, 8, 0, 4320, 4327, 18, 10, 2.25, 1
1073, 4312, 9, 0, 48630, 48638, 44326, 44317, 4925.11, 1
1074, 4314, 1, 0, 4317, 4317, 3, 2, 3.00, 1
1075, 4316, 2, 0, 4318, 4319, 3, 1, 1.50, 1
1076, 4323, 5, 0, 4328, 4332, 9, 4, 1.80, 1
1077, 4328, 1, 0, 4333, 4333, 5, 4, 5.00, 1
1078, 4334, 7, 0, 4373, 4379, 45, 38, 6.43, 1
1079, 4335, 11, 0, 48639, 48649, 44314, 44303, 4028.55, 1
1080, 4340, 1, 0, 4343, 4343, 3, 2, 3.00, 1
1081, 4343, 4, 0, 4344, 4347, 4, 0, 1.00, 1
1082, 4344, 2, 0, 4348, 4349, 5, 3, 2.50, 1
1083, 4347, 6, 0, 4350, 4355, 8, 2, 1.33, 1
1084, 4351, 10, 0, 4356, 4365, 14, 4, 1.40, 1
1085, 4362, 1, 0, 4366, 4366, 4, 3, 4.00, 1
1086, 4366, 3, 0, 4367, 4369, 3, 0, 1.00, 1
1087, 4369, 3, 0, 4370, 4372, 3, 0, 1.00, 1
1088, 4374, 6, 0, 4380, 4385, 11, 5, 1.83, 1
1089, 4380, 5, 0, 4397, 4401, 21, 16, 4.20, 1
1090, 4384, 3, 0, 4386, 4388, 4, 1, 1.33, 1
1091, 4385, 4, 0, 4389, 4392, 7, 3, 1.75, 1
1092, 4392, 4, 0, 4393, 4396, 4, 0, 1.00, 1
1093, 4398, 15, 0, 4402, 4416, 18, 3, 1.20, 1
1094, 4402, 2, 0, 4768, 4769, 367, 365, 183.50, 1
1095, 4407, 11, 0, 48619, 48629, 44222, 44211, 4020.18, 1
1096, 4410, 2, 0, 4764, 4765, 355, 353, 177.50, 1
1097, 4413, 2, 0, 4766, 4767, 354, 352, 177.00, 1
1098, 4415, 9, 0, 4417, 4425, 10, 1, 1.11, 1
1099, 4420, 3, 0, 4426, 4428, 8, 5, 2.67, 1
1100, 4423, 5, 0, 4429, 4433, 10, 5, 2.00, 1
1101, 4433, 3, 0, 4434, 4436, 3, 0, 1.00, 1
1102, 4434, 5, 0, 4437, 4441, 7, 2, 1.40, 1
1103, 4440, 7, 0, 4442, 4448, 8, 1, 1.14, 1
1104, 4446, 4, 0, 4449, 4452, 6, 2, 1.50, 1
1105, 4449, 6, 0, 4453, 4458, 9, 3, 1.50, 1
1106, 4454, 15, 0, 4462, 4476, 22, 7, 1.47, 1
1107, 4457, 1, 0, 4459, 4459, 2, 1, 2.00, 1
1108, 4458, 2, 0, 4460, 4461, 3, 1, 1.50, 1
1109, 4469, 4, 0, 4477, 4480, 11, 7, 2.75, 1
1110, 4475, 7, 0, 4488, 4494, 19, 12, 2.71, 1
1111, 4478, 4, 0, 4484, 4487, 9, 5, 2.25, 1
1112, 4480, 3, 0, 4481, 4483, 3, 0, 1.00, 1
1113, 4489, 4, 0, 4498, 4501, 12, 8, 3.00, 1
1114, 4492, 1, 0, 4495, 4495, 3, 2, 3.00, 1
1115, 4495, 2, 0, 4496, 4497, 2, 0, 1.00, 1
1116, 4497, 7, 0, 4502, 4508, 11, 4, 1.57, 1
1117, 4498, 11, 0, 4516, 4526, 28, 17, 2.55, 1
1118, 4502, 5, 0, 4509, 4513, 11, 6, 2.20, 1
1119, 4512, 2, 0, 4514, 4515, 3, 1, 1.50, 1
1120, 4517, 11, 0, 4549, 4559, 42, 31, 3.82, 1
1121, 4520, 5, 0, 4528, 4532, 12, 7, 2.40, 1
1122, 4521, 1, 0, 4527, 4527, 6, 5, 6.00, 1
1123, 4528, 7, 0, 4536, 4542, 14, 7, 2.00, 1
1124, 4532, 3, 0, 4533, 4535, 3, 0, 1.00, 1
1125, 4540, 3, 0, 4545, 4547, 7, 4, 2.33, 1
1126, 4541, 2, 0, 4543, 4544, 3, 1, 1.50, 1
1127, 4546, 1, 0, 4548, 4548, 2, 1, 2.00, 1
1128, 4549, 1, 0, 4762, 4762, 213, 212, 213.00, 1
1129, 4554, 1, 0, 4763, 4763, 209, 208, 209.00, 1
1130, 4555, 5, 0, 4560, 4564, 9, 4, 1.80, 1
1131, 4563, 9, 0, 4565, 4573, 10, 1, 1.11, 1
1132, 4570, 3, 0, 4721, 4723, 153, 150, 51.00, 1
1133, 4572, 1, 0, 4574, 4574, 2, 1, 2.00, 1
1134, 4573, 5, 0, 4724, 4728, 155, 150, 31.00, 1
1135, 4574, 4, 0, 4575, 4578, 4, 0, 1.00, 1
1136, 4575, 15, 0, 4602, 4616, 41, 26, 2.73, 1
1137, 4576, 4, 0, 4579, 4582, 6, 2, 1.50, 1
1138, 4577, 9, 0, 4590, 4598, 21, 12, 2.33, 1
1139, 4581, 5, 0, 4583, 4587, 6, 1, 1.20, 1
1140, 4584, 17, 0, 4660, 4676, 92, 75, 5.41, 1
1141, 4587, 2, 0, 4588, 4589, 2, 0, 1.00, 1
1142, 4592, 1, 0, 4599, 4599, 7, 6, 7.00, 1
1143, 4598, 2, 0, 4600, 4601, 3, 1, 1.50, 1
1144, 4603, 4, 0, 4628, 4631, 28, 24, 7.00, 1
1145, 4608, 2, 0, 4623, 4624, 16, 14, 8.00, 1
1146, 4611, 3, 0, 4625, 4627, 16, 13, 5.33, 1
1147, 4613, 2, 0, 4618, 4619, 6, 4, 3.00, 1
1148, 4616, 1, 0, 4617, 4617, 1, 0, 1.00, 1
1149, 4618, 3, 0, 4620, 4622, 4, 1, 1.33, 1
1150, 4630, 7, 0, 4632, 4638, 8, 1, 1.14, 1
1151, 4635, 2, 0, 4639, 4640, 5, 3, 2.50, 1
1152, 4639, 11, 0, 4643, 4653, 14, 3, 1.27, 1
1153, 4640, 2, 0, 4641, 4642, 2, 0, 1.00, 1
1154, 4645, 5, 0, 4654, 4658, 13, 8, 2.60, 1
1155, 4656, 1, 0, 4659, 4659, 3, 2, 3.00, 1
1156, 4663, 3, 0, 4713, 4715, 52, 49, 17.33, 1
1157, 4668, 3, 0, 4718, 4720, 52, 49, 17.33, 1
1158, 4669, 4, 0, 4681, 4684, 15, 11, 3.75, 1
1159, 4674, 1, 0, 4677, 4677, 3, 2, 3.00, 1
1160, 4677, 3, 0, 4678, 4680, 3, 0, 1.00, 1
1161, 4681, 4, 0, 4685, 4688, 7, 3, 1.75, 1
1162, 4684, 7, 0, 4689, 4695, 11, 4, 1.57, 1
1163, 4691, 8, 0, 4699, 4706, 15, 7, 1.88, 1
1164, 4694, 3, 0, 4696, 4698, 4, 1, 1.33, 1
1165, 4699, 2, 0, 4708, 4709, 10, 8, 5.00, 1
1166, 4702, 3, 0, 4710, 4712, 10, 7, 3.33, 1
1167, 4704, 1, 0, 4707, 4707, 3, 2, 3.00, 1
1168, 4713, 2, 0, 4716, 4717, 4, 2, 2.00, 1
1169, 4723, 5, 0, 4736, 4740, 17, 12, 3.40, 1
1170, 4724, 3, 0, 4729, 4731, 7, 4, 2.33, 1
1171, 4730, 4, 0, 4732, 4735, 5, 1, 1.25, 1
1172, 4737, 2, 0, 4741, 4742, 5, 3, 2.50, 1
1173, 4742, 13, 0, 4743, 4755, 13, 0, 1.00, 1
1174, 4744, 2, 0, 4758, 4759, 15, 13, 7.50, 1
1175, 4752, 2, 0, 4760, 4761, 9, 7, 4.50, 1
1176, 4755, 2, 0, 4756, 4757, 2, 0, 1.00, 1
1177, 4768, 10, 0, 4811, 4820, 52, 42, 5.20, 1
1178, 4769, 3, 0, 4770, 4772, 3, 0, 1.00, 1
1179, 4771, 4, 0, 4773, 4776, 5, 1, 1.25, 1
1180, 4772, 5, 0, 4791, 4795, 23, 18, 4.60, 1
1181, 4773, 4, 0, 4787, 4790, 17, 13, 4.25, 1
1182, 4775, 7, 0, 4801, 4807, 32, 25, 4.57, 1
1183, 4776, 4, 0, 4777, 4780, 4, 0, 1.00, 1
1184, 4778, 6, 0, 4781, 4786, 8, 2, 1.33, 1
1185, 4793, 1, 0, 4796, 4796, 3, 2, 3.00, 1
1186, 4796, 3, 0, 4797, 4799, 3, 0, 1.00, 1
1187, 4798, 1, 0, 4800, 4800, 2, 1, 2.00, 1
1188, 4806, 2, 0, 4809, 4810, 4, 2, 2.00, 1
1189, 4807, 1, 0, 4808, 4808, 1, 0, 1.00, 1
1190, 4814, 2, 0, 48611, 48612, 43798, 43796, 21899.00, 1
1191, 4816, 1, 0, 4821, 4821, 5, 4, 5.00, 1
1192, 4820, 6, 0, 48613, 48618, 43798, 43792, 7299.67, 1
1193, 4821, 5, 0, 4822, 4826, 5, 0, 1.00, 1
1194, 4823, 17, 0, 4963, 4979, 156, 139, 9.18, 1
1195, 4824, 9, 0, 4827, 4835, 11, 2, 1.22, 1
1196, 4829, 11, 0, 4846, 4856, 27, 16, 2.45, 1
1197, 4833, 8, 0, 4838, 4845, 12, 4, 1.50, 1
1198, 4835, 2, 0, 4836, 4837, 2, 0, 1.00, 1
1199, 4846, 5, 0, 4857, 4861, 15, 10, 3.00, 1
1200, 4856, 6, 0, 4862, 4867, 11, 5, 1.83, 1
1201, 4867, 2, 0, 4868, 4869, 2, 0, 1.00, 1
1202, 4869, 1, 0, 4870, 4870, 1, 0, 1.00, 1
1203, 4870, 7, 0, 4871, 4877, 7, 0, 1.00, 1
1204, 4871, 7, 0, 4879, 4885, 14, 7, 2.00, 1
1205, 4873, 1, 0, 4878, 4878, 5, 4, 5.00, 1
1206, 4874, 9, 0, 4900, 4908, 34, 25, 3.78, 1
1207, 4880, 5, 0, 4886, 4890, 10, 5, 2.00, 1
1208, 4881, 7, 0, 4893, 4899, 18, 11, 2.57, 1
1209, 4889, 2, 0, 4891, 4892, 3, 1, 1.50, 1
1210, 4898, 12, 0, 4914, 4925, 27, 15, 2.25, 1
1211, 4900, 1, 0, 4910, 4910, 10, 9, 10.00, 1
1212, 4901, 2, 0, 4912, 4913, 12, 10, 6.00, 1
1213, 4906, 1, 0, 4909, 4909, 3, 2, 3.00, 1
1214, 4910, 1, 0, 4911, 4911, 1, 0, 1.00, 1
1215, 4917, 2, 0, 4948, 4949, 32, 30, 16.00, 1
1216, 4923, 5, 0, 4950, 4954, 31, 26, 6.20, 1
1217, 4925, 11, 0, 4926, 4936, 11, 0, 1.00, 1
1218, 4928, 2, 0, 4944, 4945, 17, 15, 8.50, 1
1219, 4930, 2, 0, 4946, 4947, 17, 15, 8.50, 1
1220, 4933, 5, 0, 4938, 4942, 9, 4, 1.80, 1
1221, 4936, 1, 0, 4937, 4937, 1, 0, 1.00, 1
1222, 4940, 1, 0, 4943, 4943, 3, 2, 3.00, 1
1223, 4953, 1, 0, 4955, 4955, 2, 1, 2.00, 1
1224, 4954, 2, 0, 4957, 4958, 4, 2, 2.00, 1
1225, 4955, 1, 0, 4956, 4956, 1, 0, 1.00, 1
1226, 4958, 4, 0, 4959, 4962, 4, 0, 1.00, 1
1227, 4968, 1, 0, 48605, 48605, 43637, 43636, 43637.00, 1
1228, 4970, 5, 0, 48606, 48610, 43640, 43635, 8728.00, 1
1229, 4972, 4, 0, 4980, 4983, 11, 7, 2.75, 1
1230, 4980, 8, 0, 4985, 4992, 12, 4, 1.50, 1
1231, 4982, 1, 0, 4984, 4984, 2, 1, 2.00, 1
1232, 4985, 3, 0, 48595, 48597, 43612, 43609, 14537.33, 1
1233, 4987, 7, 0, 48598, 48604, 43617, 43610, 6231.00, 1
1234, 4988, 1, 0, 4993, 4993, 5, 4, 5.00, 1
1235, 4990, 3, 0, 4994, 4996, 6, 3, 2.00, 1
1236, 4994, 16, 0, 4997, 5012, 18, 2, 1.12, 1
1237, 5006, 11, 0, 5028, 5038, 32, 21, 2.91, 1
1238, 5010, 29, 0, 48566, 48594, 43584, 43555, 1502.90, 1
1239, 5011, 2, 0, 5013, 5014, 3, 1, 1.50, 1
1240, 5014, 7, 0, 5015, 5021, 7, 0, 1.00, 1
1241, 5016, 3, 0, 5025, 5027, 11, 8, 3.67, 1
1242, 5018, 1, 0, 5022, 5022, 4, 3, 4.00, 1
1243, 5022, 2, 0, 5023, 5024, 2, 0, 1.00, 1
1244, 5030, 6, 0, 48554, 48559, 43529, 43523, 7254.83, 1
1245, 5031, 6, 0, 48560, 48565, 43534, 43528, 7255.67, 1
1246, 5032, 7, 0, 5060, 5066, 34, 27, 4.86, 1
1247, 5033, 4, 0, 5039, 5042, 9, 5, 2.25, 1
1248, 5036, 4, 0, 5043, 5046, 10, 6, 2.50, 1
1249, 5039, 4, 0, 5047, 5050, 11, 7, 2.75, 1
1250, 5047, 6, 0, 5051, 5056, 9, 3, 1.50, 1
1251, 5053, 3, 0, 5057, 5059, 6, 3, 2.00, 1
1252, 5060, 9, 0, 5095, 5103, 43, 34, 4.78, 1
1253, 5064, 3, 0, 5067, 5069, 5, 2, 1.67, 1
1254, 5068, 4, 0, 5070, 5073, 5, 1, 1.25, 1
1255, 5071, 3, 0, 5074, 5076, 5, 2, 1.67, 1
1256, 5076, 3, 0, 5077, 5079, 3, 0, 1.00, 1
1257, 5077, 7, 0, 5081, 5087, 10, 3, 1.43, 1
1258, 5079, 1, 0, 5080, 5080, 1, 0, 1.00, 1
1259, 5082, 9, 0, 48529, 48537, 43455, 43446, 4828.33, 1
1260, 5087, 6, 0, 5088, 5093, 6, 0, 1.00, 1
1261, 5091, 1, 0, 5094, 5094, 3, 2, 3.00, 1
1262, 5096, 16, 0, 48538, 48553, 43457, 43441, 2716.06, 1
1263, 5097, 5, 0, 5104, 5108, 11, 6, 2.20, 1
1264, 5103, 15, 0, 5109, 5123, 20, 5, 1.33, 1
1265, 5112, 3, 0, 48517, 48519, 43407, 43404, 14469.00, 1
1266, 5113, 9, 0, 48520, 48528, 43415, 43406, 4823.89, 1
1267, 5114, 8, 0, 48495, 48502, 43388, 43380, 5423.50, 1
1268, 5116, 4, 0, 5132, 5135, 19, 15, 4.75, 1
1269, 5118, 7, 0, 5154, 5160, 42, 35, 6.00, 1
1270, 5120, 8, 0, 5124, 5131, 11, 3, 1.38, 1
1271, 5132, 5, 0, 5136, 5140, 8, 3, 1.60, 1
1272, 5133, 6, 0, 5148, 5153, 20, 14, 3.33, 1
1273, 5139, 3, 0, 5141, 5143, 4, 1, 1.33, 1
1274, 5143, 3, 0, 5144, 5146, 3, 0, 1.00, 1
1275, 5145, 14, 0, 48503, 48516, 43371, 43357, 3097.93, 1
1276, 5146, 1, 0, 5147, 5147, 1, 0, 1.00, 1
1277, 5155, 5, 0, 5163, 5167, 12, 7, 2.40, 1
1278, 5159, 2, 0, 5161, 5162, 3, 1, 1.50, 1
1279, 5163, 6, 0, 5168, 5173, 10, 4, 1.67, 1
1280, 5165, 9, 0, 5174, 5182, 17, 8, 1.89, 1
1281, 5174, 4, 0, 5183, 5186, 12, 8, 3.00, 1
1282, 5175, 22, 0, 5187, 5208, 33, 11, 1.50, 1
1283, 5187, 1, 0, 48493, 48493, 43306, 43305, 43306.00, 1
1284, 5192, 1, 0, 48494, 48494, 43302, 43301, 43302.00, 1
1285, 5195, 4, 0, 48489, 48492, 43297, 43293, 10824.25, 1
1286, 5197, 1, 0, 48487, 48487, 43290, 43289, 43290.00, 1
1287, 5201, 1, 0, 48488, 48488, 43287, 43286, 43287.00, 1
1288, 5204, 22, 0, 48465, 48486, 43282, 43260, 1967.36, 1
1289, 5205, 3, 0, 5209, 5211, 6, 3, 2.00, 1
1290, 5207, 16, 0, 5215, 5230, 23, 7, 1.44, 1
1291, 5211, 3, 0, 5212, 5214, 3, 0, 1.00, 1
1292, 5216, 6, 0, 48448, 48453, 43237, 43231, 7206.17, 1
1293, 5218, 11, 0, 48454, 48464, 43246, 43235, 3931.45, 1
1294, 5222, 5, 0, 5231, 5235, 13, 8, 2.60, 1
1295, 5224, 8, 0, 5251, 5258, 34, 26, 4.25, 1
1296, 5232, 3, 0, 5236, 5238, 6, 3, 2.00, 1
1297, 5236, 6, 0, 5239, 5244, 8, 2, 1.33, 1
1298, 5242, 1, 0, 5245, 5245, 3, 2, 3.00, 1
1299, 5244, 5, 0, 5246, 5250, 6, 1, 1.20, 1
1300, 5251, 13, 0, 5354, 5366, 115, 102, 8.85, 1
1301, 5255, 7, 0, 5259, 5265, 10, 3, 1.43, 1
1302, 5259, 7, 0, 5328, 5334, 75, 68, 10.71, 1
1303, 5260, 1, 0, 5288, 5288, 28, 27, 28.00, 1
1304, 5261, 6, 0, 5289, 5294, 33, 27, 5.50, 1
1305, 5262, 12, 0, 5266, 5277, 15, 3, 1.25, 1
1306, 5268, 2, 0, 5280, 5281, 13, 11, 6.50, 1
1307, 5269, 1, 0, 5278, 5278, 9, 8, 9.00, 1
1308, 5272, 1, 0, 5279, 5279, 7, 6, 7.00, 1
1309, 5278, 3, 0, 5282, 5284, 6, 3, 2.00, 1
1310, 5282, 3, 0, 5285, 5287, 5, 2, 1.67, 1
1311, 5289, 5, 0, 5295, 5299, 10, 5, 2.00, 1
1312, 5296, 9, 0, 5335, 5343, 47, 38, 5.22, 1
1313, 5298, 13, 0, 5300, 5312, 14, 1, 1.08, 1
1314, 5304, 1, 0, 5318, 5318, 14, 13, 14.00, 1
1315, 5308, 3, 0, 5319, 5321, 13, 10, 4.33, 1
1316, 5309, 4, 0, 5314, 5317, 8, 4, 2.00, 1
1317, 5311, 1, 0, 5313, 5313, 2, 1, 2.00, 1
1318, 5319, 6, 0, 5322, 5327, 8, 2, 1.33, 1
1319, 5335, 1, 0, 5344, 5344, 9, 8, 9.00, 1
1320, 5342, 2, 0, 5345, 5346, 4, 2, 2.00, 1
1321, 5345, 6, 0, 5347, 5352, 7, 1, 1.17, 1
1322, 5348, 1, 0, 5353, 5353, 5, 4, 5.00, 1
1323, 5356, 1, 0, 48443, 48443, 43087, 43086, 43087.00, 1
1324, 5361, 4, 0, 48444, 48447, 43086, 43082, 10771.50, 1
1325, 5362, 3, 0, 5367, 5369, 7, 4, 2.33, 1
1326, 5368, 8, 0, 5370, 5377, 9, 1, 1.12, 1
1327, 5373, 3, 0, 5387, 5389, 16, 13, 5.33, 1
1328, 5376, 5, 0, 5393, 5397, 21, 16, 4.20, 1
1329, 5377, 3, 0, 5378, 5380, 3, 0, 1.00, 1
1330, 5378, 4, 0, 5381, 5384, 6, 2, 1.50, 1
1331, 5381, 2, 0, 5385, 5386, 5, 3, 2.50, 1
1332, 5387, 2, 0, 5390, 5391, 4, 2, 2.00, 1
1333, 5391, 1, 0, 5392, 5392, 1, 0, 1.00, 1
1334, 5394, 15, 0, 5398, 5412, 18, 3, 1.20, 1
1335, 5398, 14, 0, 5478, 5491, 93, 79, 6.64, 1
1336, 5409, 4, 0, 5413, 5416, 7, 3, 1.75, 1
1337, 5410, 4, 0, 5420, 5423, 13, 9, 3.25, 1
1338, 5413, 3, 0, 5417, 5419, 6, 3, 2.00, 1
1339, 5418, 5, 0, 5427, 5431, 13, 8, 2.60, 1
1340, 5420, 2, 0, 5425, 5426, 6, 4, 3.00, 1
1341, 5421, 5, 0, 5432, 5436, 15, 10, 3.00, 1
1342, 5422, 1, 0, 5424, 5424, 2, 1, 2.00, 1
1343, 5434, 13, 0, 5437, 5449, 15, 2, 1.15, 1
1344, 5438, 4, 0, 5462, 5465, 27, 23, 6.75, 1
1345, 5441, 4, 0, 5468, 5471, 30, 26, 7.50, 1
1346, 5444, 6, 0, 5454, 5459, 15, 9, 2.50, 1
1347, 5449, 2, 0, 5450, 5451, 2, 0, 1.00, 1
1348, 5450, 2, 0, 5452, 5453, 3, 1, 1.50, 1
1349, 5456, 2, 0, 5460, 5461, 5, 3, 2.50, 1
1350, 5465, 2, 0, 5466, 5467, 2, 0, 1.00, 1
1351, 5467, 6, 0, 5472, 5477, 10, 4, 1.67, 1
1352, 5482, 1, 0, 48440, 48440, 42958, 42957, 42958.00, 1
1353, 5485, 2, 0, 48441, 48442, 42957, 42955, 21478.50, 1
1354, 5486, 3, 0, 5496, 5498, 12, 9, 4.00, 1
1355, 5487, 25, 0, 5499, 5523, 36, 11, 1.44, 1
1356, 5490, 2, 0, 5492, 5493, 3, 1, 1.50, 1
1357, 5492, 2, 0, 5494, 5495, 3, 1, 1.50, 1
1358, 5499, 5, 0, 48435, 48439, 42940, 42935, 8588.00, 1
1359, 5501, 2, 0, 48430, 48431, 42930, 42928, 21465.00, 1
1360, 5505, 1, 0, 48429, 48429, 42924, 42923, 42924.00, 1
1361, 5510, 3, 0, 48432, 48434, 42924, 42921, 14308.00, 1
1362, 5513, 1, 0, 5529, 5529, 16, 15, 16.00, 1
1363, 5514, 6, 0, 5530, 5535, 21, 15, 3.50, 1
1364, 5520, 3, 0, 5526, 5528, 8, 5, 2.67, 1
1365, 5521, 2, 0, 5524, 5525, 4, 2, 2.00, 1
1366, 5532, 10, 0, 5565, 5574, 42, 32, 4.20, 1
1367, 5533, 8, 0, 5536, 5543, 10, 2, 1.25, 1
1368, 5539, 5, 0, 5545, 5549, 10, 5, 2.00, 1
1369, 5541, 1, 0, 5544, 5544, 3, 2, 3.00, 1
1370, 5545, 6, 0, 5554, 5559, 14, 8, 2.33, 1
1371, 5548, 4, 0, 5550, 5553, 5, 1, 1.25, 1
1372, 5557, 2, 0, 5560, 5561, 4, 2, 2.00, 1
1373, 5560, 2, 0, 5562, 5563, 3, 1, 1.50, 1
1374, 5562, 1, 0, 5564, 5564, 2, 1, 2.00, 1
1375, 5567, 5, 0, 5577, 5581, 14, 9, 2.80, 1
1376, 5574, 2, 0, 5575, 5576, 2, 0, 1.00, 1
1377, 5579, 1, 0, 5590, 5590, 11, 10, 11.00, 1
1378, 5580, 1, 0, 5591, 5591, 11, 10, 11.00, 1
1379, 5581, 8, 0, 5582, 5589, 8, 0, 1.00, 1
1380, 5590, 5, 0, 5592, 5596, 6, 1, 1.20, 1
1381, 5592, 7, 0, 5598, 5604, 12, 5, 1.71, 1
1382, 5596, 1, 0, 5597, 5597, 1, 0, 1.00, 1
1383, 5600, 21, 0, 5802, 5822, 222, 201, 10.57, 1
1384, 5602, 4, 0, 5605, 5608, 6, 2, 1.50, 1
1385, 5603, 12, 0, 5628, 5639, 36, 24, 3.00, 1
1386, 5606, 11, 0, 5609, 5619, 13, 2, 1.18, 1
1387, 5610, 1, 0, 5627, 5627, 17, 16, 17.00, 1
1388, 5612, 15, 0, 5641, 5655, 43, 28, 2.87, 1
1389, 5613, 1, 0, 5623, 5623, 10, 9, 10.00, 1
1390, 5615, 3, 0, 5624, 5626, 11, 8, 3.67, 1
1391, 5617, 3, 0, 5620, 5622, 5, 2, 1.67, 1
1392, 5635, 1, 0, 5640, 5640, 5, 4, 5.00, 1
1393, 5643, 12, 0, 5685, 5696, 53, 41, 4.42, 1
1394, 5645, 1, 0, 5684, 5684, 39, 38, 39.00, 1
1395, 5646, 19, 0, 5697, 5715, 69, 50, 3.63, 1
1396, 5649, 3, 0, 5656, 5658, 9, 6, 3.00, 1
1397, 5655, 3, 0, 5659, 5661, 6, 3, 2.00, 1
1398, 5659, 6, 0, 5662, 5667, 8, 2, 1.33, 1
1399, 5663, 9, 0, 5670, 5678, 15, 6, 1.67, 1
1400, 5664, 2, 0, 5668, 5669, 5, 3, 2.50, 1
1401, 5673, 3, 0, 5679, 5681, 8, 5, 2.67, 1
1402, 5680, 2, 0, 5682, 5683, 3, 1, 1.50, 1
1403, 5700, 2, 0, 5720, 5721, 21, 19, 10.50, 1
1404, 5701, 16, 0, 5722, 5737, 36, 20, 2.25, 1
1405, 5704, 4, 0, 5716, 5719, 15, 11, 3.75, 1
1406, 5723, 1, 0, 5748, 5748, 25, 24, 25.00, 1
1407, 5725, 6, 0, 5749, 5754, 29, 23, 4.83, 1
1408, 5732, 2, 0, 5738, 5739, 7, 5, 3.50, 1
1409, 5733, 2, 0, 5741, 5742, 9, 7, 4.50, 1
1410, 5738, 1, 0, 5740, 5740, 2, 1, 2.00, 1
1411, 5740, 3, 0, 5745, 5747, 7, 4, 2.33, 1
1412, 5742, 2, 0, 5743, 5744, 2, 0, 1.00, 1
1413, 5750, 4, 0, 5761, 5764, 14, 10, 3.50, 1
1414, 5751, 2, 0, 5755, 5756, 5, 3, 2.50, 1
1415, 5752, 7, 0, 5765, 5771, 19, 12, 2.71, 1
1416, 5756, 4, 0, 5757, 5760, 4, 0, 1.00, 1
1417, 5766, 5, 0, 5772, 5776, 10, 5, 2.00, 1
1418, 5769, 7, 0, 5780, 5786, 17, 10, 2.43, 1
1419, 5773, 3, 0, 5777, 5779, 6, 3, 2.00, 1
1420, 5780, 4, 0, 5787, 5790, 10, 6, 2.50, 1
1421, 5783, 4, 0, 5791, 5794, 11, 7, 2.75, 1
1422, 5789, 4, 0, 5795, 5798, 9, 5, 2.25, 1
1423, 5797, 3, 0, 5799, 5801, 4, 1, 1.33, 1
1424, 5807, 3, 0, 48422, 48424, 42617, 42614, 14205.67, 1
1425, 5808, 1, 0, 48421, 48421, 42613, 42612, 42613.00, 1
1426, 5809, 4, 0, 48425, 48428, 42619, 42615, 10654.75, 1
1427, 5810, 7, 0, 5827, 5833, 23, 16, 3.29, 1
1428, 5818, 4, 0, 5823, 5826, 8, 4, 2.00, 1
1429, 5826, 11, 0, 5834, 5844, 18, 7, 1.64, 1
1430, 5837, 4, 0, 5852, 5855, 18, 14, 4.50, 1
1431, 5838, 5, 0, 48411, 48415, 42577, 42572, 8515.40, 1
1432, 5844, 7, 0, 5845, 5851, 7, 0, 1.00, 1
1433, 5852, 4, 0, 5857, 5860, 8, 4, 2.00, 1
1434, 5854, 1, 0, 5856, 5856, 2, 1, 2.00, 1
1435, 5855, 4, 0, 5861, 5864, 9, 5, 2.25, 1
1436, 5858, 5, 0, 48416, 48420, 42562, 42557, 8512.40, 1
1437, 5861, 4, 0, 5868, 5871, 10, 6, 2.50, 1
1438, 5863, 1, 0, 5865, 5865, 2, 1, 2.00, 1
1439, 5865, 2, 0, 5866, 5867, 2, 0, 1.00, 1
1440, 5867, 6, 0, 5874, 5879, 12, 6, 2.00, 1
1441, 5869, 2, 0, 5872, 5873, 4, 2, 2.00, 1
1442, 5875, 2, 0, 5880, 5881, 6, 4, 3.00, 1
1443, 5879, 6, 0, 5882, 5887, 8, 2, 1.33, 1
1444, 5880, 11, 0, 5894, 5904, 24, 13, 2.18, 1
1445, 5883, 3, 0, 5888, 5890, 7, 4, 2.33, 1
1446, 5889, 2, 0, 5891, 5892, 3, 1, 1.50, 1
1447, 5892, 1, 0, 5893, 5893, 1, 0, 1.00, 1
1448, 5896, 4, 0, 48401, 48404, 42508, 42504, 10627.00, 1
1449, 5899, 6, 0, 48405, 48410, 42511, 42505, 7085.17, 1
1450, 5900, 9, 0, 5907, 5915, 15, 6, 1.67, 1
1451, 5901, 2, 0, 5905, 5906, 5, 3, 2.50, 1
1452, 5908, 8, 0, 5938, 5945, 37, 29, 4.62, 1
1453, 5909, 7, 0, 5917, 5923, 14, 7, 2.00, 1
1454, 5914, 1, 0, 5916, 5916, 2, 1, 2.00, 1
1455, 5918, 3, 0, 5924, 5926, 8, 5, 2.67, 1
1456, 5925, 6, 0, 5928, 5933, 8, 2, 1.33, 1
1457, 5926, 1, 0, 5927, 5927, 1, 0, 1.00, 1
1458, 5927, 25, 0, 5975, 5999, 72, 47, 2.88, 1
1459, 5933, 4, 0, 5934, 5937, 4, 0, 1.00, 1
1460, 5941, 7, 0, 5953, 5959, 18, 11, 2.57, 1
1461, 5942, 2, 0, 5951, 5952, 10, 8, 5.00, 1
1462, 5944, 9, 0, 5966, 5974, 30, 21, 3.33, 1
1463, 5945, 3, 0, 5946, 5948, 3, 0, 1.00, 1
1464, 5948, 2, 0, 5949, 5950, 2, 0, 1.00, 1
1465, 5956, 6, 0, 5960, 5965, 9, 3, 1.50, 1
1466, 5976, 4, 0, 48389, 48392, 42416, 42412, 10604.00, 1
1467, 5978, 8, 0, 48393, 48400, 42422, 42414, 5302.75, 1
1468, 5982, 9, 0, 6008, 6016, 34, 25, 3.78, 1
1469, 5992, 1, 0, 6000, 6000, 8, 7, 8.00, 1
1470, 5998, 2, 0, 6001, 6002, 4, 2, 2.00, 1
1471, 6002, 5, 0, 6003, 6007, 5, 0, 1.00, 1
1472, 6008, 7, 0, 48369, 48375, 42367, 42360, 6052.43, 1
1473, 6010, 2, 0, 6017, 6018, 8, 6, 4.00, 1
1474, 6015, 13, 0, 48376, 48388, 42373, 42360, 3259.46, 1
1475, 6017, 7, 0, 6019, 6025, 8, 1, 1.14, 1
1476, 6021, 4, 0, 6026, 6029, 8, 4, 2.00, 1
1477, 6028, 2, 0, 6030, 6031, 3, 1, 1.50, 1
1478, 6030, 11, 0, 6032, 6042, 12, 1, 1.09, 1
1479, 6034, 9, 0, 6119, 6127, 93, 84, 10.33, 1
1480, 6037, 16, 0, 48353, 48368, 42331, 42315, 2645.69, 1
1481, 6038, 1, 0, 6043, 6043, 5, 4, 5.00, 1
1482, 6040, 14, 0, 6044, 6057, 17, 3, 1.21, 1
1483, 6045, 6, 0, 6067, 6072, 27, 21, 4.50, 1
1484, 6052, 9, 0, 6080, 6088, 36, 27, 4.00, 1
1485, 6055, 7, 0, 6058, 6064, 9, 2, 1.29, 1
1486, 6061, 1, 0, 6065, 6065, 4, 3, 4.00, 1
1487, 6065, 1, 0, 6066, 6066, 1, 0, 1.00, 1
1488, 6071, 4, 0, 6076, 6079, 8, 4, 2.00, 1
1489, 6072, 3, 0, 6073, 6075, 3, 0, 1.00, 1
1490, 6075, 9, 0, 6110, 6118, 43, 34, 4.78, 1
1491, 6080, 1, 0, 6092, 6092, 12, 11, 12.00, 1
1492, 6083, 8, 0, 6093, 6100, 17, 9, 2.12, 1
1493, 6085, 3, 0, 6089, 6091, 6, 3, 2.00, 1
1494, 6093, 5, 0, 6105, 6109, 16, 11, 3.20, 1
1495, 6096, 4, 0, 6101, 6104, 8, 4, 2.00, 1
1496, 6121, 4, 0, 48345, 48348, 42227, 42223, 10556.75, 1
1497, 6122, 4, 0, 48349, 48352, 42230, 42226, 10557.50, 1
1498, 6123, 1, 0, 6128, 6128, 5, 4, 5.00, 1
1499, 6128, 9, 0, 6129, 6137, 9, 0, 1.00, 1
1500, 6132, 1, 0, 48335, 48335, 42203, 42202, 42203.00, 1
1501, 6136, 9, 0, 48336, 48344, 42208, 42199, 4689.78, 1
1502, 6137, 8, 0, 6138, 6145, 8, 0, 1.00, 1
1503, 6138, 1, 0, 48332, 48332, 42194, 42193, 42194.00, 1
1504, 6140, 2, 0, 48333, 48334, 42194, 42192, 21097.00, 1
1505, 6141, 2, 0, 6160, 6161, 20, 18, 10.00, 1
1506, 6142, 3, 0, 6162, 6164, 22, 19, 7.33, 1
1507, 6143, 5, 0, 6148, 6152, 9, 4, 1.80, 1
1508, 6144, 1, 0, 6146, 6146, 2, 1, 2.00, 1
1509, 6145, 1, 0, 6147, 6147, 2, 1, 2.00, 1
1510, 6150, 7, 0, 6153, 6159, 9, 2, 1.29, 1
1511, 6161, 11, 0, 6165, 6175, 14, 3, 1.27, 1
1512, 6166, 4, 0, 6178, 6181, 15, 11, 3.75, 1
1513, 6173, 2, 0, 6176, 6177, 4, 2, 2.00, 1
1514, 6177, 13, 0, 6182, 6194, 17, 4, 1.31, 1
1515, 6182, 1, 0, 48325, 48325, 42143, 42142, 42143.00, 1
1516, 6183, 6, 0, 48326, 48331, 42148, 42142, 7024.67, 1
1517, 6185, 1, 0, 6195, 6195, 10, 9, 10.00, 1
1518, 6186, 18, 0, 6196, 6213, 27, 9, 1.50, 1
1519, 6197, 26, 0, 48299, 48324, 42127, 42101, 1620.27, 1
1520, 6198, 6, 0, 6219, 6224, 26, 20, 4.33, 1
1521, 6199, 5, 0, 6214, 6218, 19, 14, 3.80, 1
1522, 6209, 6, 0, 6227, 6232, 23, 17, 3.83, 1
1523, 6220, 2, 0, 6225, 6226, 6, 4, 3.00, 1
1524, 6225, 11, 0, 6266, 6276, 51, 40, 4.64, 1
1525, 6227, 1, 0, 6238, 6238, 11, 10, 11.00, 1
1526, 6229, 5, 0, 6239, 6243, 14, 9, 2.80, 1
1527, 6232, 5, 0, 6233, 6237, 5, 0, 1.00, 1
1528, 6239, 4, 0, 6248, 6251, 12, 8, 3.00, 1
1529, 6240, 1, 0, 6244, 6244, 4, 3, 4.00, 1
1530, 6242, 1, 0, 6245, 6245, 3, 2, 3.00, 1
1531, 6245, 2, 0, 6246, 6247, 2, 0, 1.00, 1
1532, 6248, 2, 0, 6252, 6253, 5, 3, 2.50, 1
1533, 6252, 8, 0, 6254, 6261, 9, 1, 1.12, 1
1534, 6255, 4, 0, 6262, 6265, 10, 6, 2.50, 1
1535, 6274, 9, 0, 6277, 6285, 11, 2, 1.22, 1
1536, 6277, 4, 0, 48281, 48284, 42007, 42003, 10501.75, 1
1537, 6282, 3, 0, 48278, 48280, 41998, 41995, 13999.33, 1
1538, 6283, 1, 0, 6286, 6286, 3, 2, 3.00, 1
1539, 6284, 14, 0, 48285, 48298, 42014, 42000, 3001.00, 1
1540, 6286, 5, 0, 6287, 6291, 5, 0, 1.00, 1
1541, 6288, 13, 0, 6293, 6305, 17, 4, 1.31, 1
1542, 6290, 1, 0, 6292, 6292, 2, 1, 2.00, 1
1543, 6291, 13, 0, 48249, 48261, 41970, 41957, 3228.46, 1
1544, 6293, 12, 0, 6634, 6645, 352, 340, 29.33, 1
1545, 6295, 5, 0, 6629, 6633, 338, 333, 67.60, 1
1546, 6297, 3, 0, 6626, 6628, 331, 328, 110.33, 1
1547, 6302, 1, 0, 6623, 6623, 321, 320, 321.00, 1
1548, 6303, 2, 0, 6624, 6625, 322, 320, 161.00, 1
1549, 6305, 7, 0, 6306, 6312, 7, 0, 1.00, 1
1550, 6306, 3, 0, 6318, 6320, 14, 11, 4.67, 1
1551, 6309, 5, 0, 6324, 6328, 19, 14, 3.80, 1
1552, 6312, 4, 0, 6313, 6316, 4, 0, 1.00, 1
1553, 6314, 1, 0, 6317, 6317, 3, 2, 3.00, 1
1554, 6318, 2, 0, 6322, 6323, 5, 3, 2.50, 1
1555, 6319, 1, 0, 6321, 6321, 2, 1, 2.00, 1
1556, 6322, 13, 0, 6331, 6343, 21, 8, 1.62, 1
1557, 6326, 1, 0, 6329, 6329, 3, 2, 3.00, 1
1558, 6327, 1, 0, 6330, 6330, 3, 2, 3.00, 1
1559, 6330, 15, 0, 6517, 6531, 201, 186, 13.40, 1
1560, 6331, 2, 0, 6466, 6467, 136, 134, 68.00, 1
1561, 6332, 3, 0, 6468, 6470, 138, 135, 46.00, 1
1562, 6335, 7, 0, 6404, 6410, 75, 68, 10.71, 1
1563, 6336, 4, 0, 6347, 6350, 14, 10, 3.50, 1
1564, 6338, 1, 0, 6344, 6344, 6, 5, 6.00, 1
1565, 6340, 2, 0, 6345, 6346, 6, 4, 3.00, 1
1566, 6348, 9, 0, 6447, 6455, 107, 98, 11.89, 1
1567, 6350, 5, 0, 6351, 6355, 5, 0, 1.00, 1
1568, 6355, 9, 0, 6356, 6364, 9, 0, 1.00, 1
1569, 6358, 8, 0, 6374, 6381, 23, 15, 2.88, 1
1570, 6361, 1, 0, 6368, 6368, 7, 6, 7.00, 1
1571, 6362, 3, 0, 6371, 6373, 11, 8, 3.67, 1
1572, 6364, 3, 0, 6365, 6367, 3, 0, 1.00, 1
1573, 6368, 2, 0, 6369, 6370, 2, 0, 1.00, 1
1574, 6370, 12, 0, 6383, 6394, 24, 12, 2.00, 1
1575, 6380, 1, 0, 6382, 6382, 2, 1, 2.00, 1
1576, 6385, 4, 0, 6397, 6400, 15, 11, 3.75, 1
1577, 6388, 2, 0, 6395, 6396, 8, 6, 4.00, 1
1578, 6397, 3, 0, 6401, 6403, 6, 3, 2.00, 1
1579, 6404, 4, 0, 6420, 6423, 19, 15, 4.75, 1
1580, 6409, 2, 0, 6411, 6412, 3, 1, 1.50, 1
1581, 6410, 6, 0, 6424, 6429, 19, 13, 3.17, 1
1582, 6412, 2, 0, 6413, 6414, 2, 0, 1.00, 1
1583, 6413, 3, 0, 6415, 6417, 4, 1, 1.33, 1
1584, 6416, 2, 0, 6418, 6419, 3, 1, 1.50, 1
1585, 6428, 2, 0, 6430, 6431, 3, 1, 1.50, 1
1586, 6430, 4, 0, 6432, 6435, 5, 1, 1.25, 1
1587, 6431, 6, 0, 6438, 6443, 12, 6, 2.00, 1
1588, 6435, 2, 0, 6436, 6437, 2, 0, 1.00, 1
1589, 6443, 3, 0, 6444, 6446, 3, 0, 1.00, 1
1590, 6450, 10, 0, 6456, 6465, 15, 5, 1.50, 1
1591, 6466, 13, 0, 6501, 6513, 47, 34, 3.62, 1
1592, 6468, 4, 0, 6471, 6474, 6, 2, 1.50, 1
1593, 6469, 8, 0, 6475, 6482, 13, 5, 1.62, 1
1594, 6478, 12, 0, 6488, 6499, 21, 9, 1.75, 1
1595, 6479, 1, 0, 6483, 6483, 4, 3, 4.00, 1
1596, 6483, 3, 0, 6484, 6486, 3, 0, 1.00, 1
1597, 6485, 1, 0, 6487, 6487, 2, 1, 2.00, 1
1598, 6493, 1, 0, 6500, 6500, 7, 6, 7.00, 1
1599, 6508, 2, 0, 6515, 6516, 8, 6, 4.00, 1
1600, 6511, 1, 0, 6514, 6514, 3, 2, 3.00, 1
1601, 6513, 15, 0, 6541, 6555, 42, 27, 2.80, 1
1602, 6518, 1, 0, 6539, 6539, 21, 20, 21.00, 1
1603, 6523, 15, 0, 6597, 6611, 88, 73, 5.87, 1
1604, 6530, 4, 0, 6534, 6537, 7, 3, 1.75, 1
1605, 6531, 2, 0, 6532, 6533, 2, 0, 1.00, 1
1606, 6535, 1, 0, 6538, 6538, 3, 2, 3.00, 1
1607, 6539, 1, 0, 6540, 6540, 1, 0, 1.00, 1
1608, 6541, 2, 0, 6592, 6593, 52, 50, 26.00, 1
1609, 6547, 1, 0, 6590, 6590, 43, 42, 43.00, 1
1610, 6550, 3, 0, 6594, 6596, 46, 43, 15.33, 1
1611, 6554, 4, 0, 6556, 6559, 5, 1, 1.25, 1
1612, 6556, 15, 0, 6560, 6574, 18, 3, 1.20, 1
1613, 6566, 2, 0, 6579, 6580, 14, 12, 7.00, 1
1614, 6569, 1, 0, 6575, 6575, 6, 5, 6.00, 1
1615, 6574, 2, 0, 6581, 6582, 8, 6, 4.00, 1
1616, 6575, 3, 0, 6576, 6578, 3, 0, 1.00, 1
1617, 6579, 4, 0, 6583, 6586, 7, 3, 1.75, 1
1618, 6584, 2, 0, 6588, 6589, 5, 3, 2.50, 1
1619, 6585, 1, 0, 6587, 6587, 2, 1, 2.00, 1
1620, 6590, 1, 0, 6591, 6591, 1, 0, 1.00, 1
1621, 6598, 3, 0, 6615, 6617, 19, 16, 6.33, 1
1622, 6601, 5, 0, 6618, 6622, 21, 16, 4.20, 1
1623, 6606, 2, 0, 6613, 6614, 8, 6, 4.00, 1
1624, 6609, 1, 0, 6612, 6612, 3, 2, 3.00, 1
1625, 6630, 16, 0, 48262, 48277, 41647, 41631, 2602.94, 1
1626, 6636, 15, 0, 6725, 6739, 103, 88, 6.87, 1
1627, 6637, 2, 0, 6647, 6648, 11, 9, 5.50, 1
1628, 6645, 1, 0, 6646, 6646, 1, 0, 1.00, 1
1629, 6648, 11, 0, 6649, 6659, 11, 0, 1.00, 1
1630, 6650, 4, 0, 6712, 6715, 65, 61, 16.25, 1
1631, 6651, 3, 0, 6708, 6710, 59, 56, 19.67, 1
1632, 6654, 7, 0, 6716, 6722, 68, 61, 9.71, 1
1633, 6658, 14, 0, 6662, 6675, 17, 3, 1.21, 1
1634, 6659, 2, 0, 6660, 6661, 2, 0, 1.00, 1
1635, 6664, 5, 0, 6691, 6695, 31, 26, 6.20, 1
1636, 6667, 2, 0, 6687, 6688, 21, 19, 10.50, 1
1637, 6671, 2, 0, 6689, 6690, 19, 17, 9.50, 1
1638, 6675, 6, 0, 6676, 6681, 6, 0, 1.00, 1
1639, 6678, 4, 0, 6682, 6685, 7, 3, 1.75, 1
1640, 6685, 1, 0, 6686, 6686, 1, 0, 1.00, 1
1641, 6691, 1, 0, 6704, 6704, 13, 12, 13.00, 1
1642, 6692, 3, 0, 6705, 6707, 15, 12, 5.00, 1
1643, 6693, 3, 0, 6696, 6698, 5, 2, 1.67, 1
1644, 6695, 4, 0, 6699, 6702, 7, 3, 1.75, 1
1645, 6702, 1, 0, 6703, 6703, 1, 0, 1.00, 1
1646, 6710, 1, 0, 6711, 6711, 1, 0, 1.00, 1
1647, 6717, 1, 0, 6723, 6723, 6, 5, 6.00, 1
1648, 6718, 1, 0, 6724, 6724, 6, 5, 6.00, 1
1649, 6729, 7, 0, 48223, 48229, 41500, 41493, 5928.57, 1
1650, 6730, 2, 0, 6745, 6746, 16, 14, 8.00, 1
1651, 6733, 19, 0, 48230, 48248, 41515, 41496, 2185.00, 1
1652, 6737, 2, 0, 6741, 6742, 5, 3, 2.50, 1
1653, 6739, 1, 0, 6740, 6740, 1, 0, 1.00, 1
1654, 6742, 1, 0, 6743, 6743, 1, 0, 1.00, 1
1655, 6743, 1, 0, 6744, 6744, 1, 0, 1.00, 1
1656, 6745, 14, 0, 6747, 6760, 15, 1, 1.07, 1
1657, 6749, 5, 0, 48218, 48222, 41473, 41468, 8294.60, 1
1658, 6753, 1, 0, 48216, 48216, 41463, 41462, 41463.00, 1
1659, 6754, 1, 0, 48217, 48217, 41463, 41462, 41463.00, 1
1660, 6759, 4, 0, 6761, 6764, 5, 1, 1.25, 1
1661, 6762, 3, 0, 6767, 6769, 7, 4, 2.33, 1
1662, 6763, 1, 0, 6765, 6765, 2, 1, 2.00, 1
1663, 6764, 3, 0, 6770, 6772, 8, 5, 2.67, 1
1664, 6765, 1, 0, 6766, 6766, 1, 0, 1.00, 1
1665, 6767, 13, 0, 6791, 6803, 36, 23, 2.77, 1
1666, 6771, 6, 0, 6778, 6783, 12, 6, 2.00, 1
1667, 6772, 1, 0, 6773, 6773, 1, 0, 1.00, 1
1668, 6773, 4, 0, 6774, 6777, 4, 0, 1.00, 1
1669, 6781, 7, 0, 6784, 6790, 9, 2, 1.29, 1
1670, 6782, 16, 0, 6827, 6842, 60, 44, 3.75, 1
1671, 6794, 13, 0, 6804, 6816, 22, 9, 1.69, 1
1672, 6811, 3, 0, 6817, 6819, 8, 5, 2.67, 1
1673, 6813, 7, 0, 6820, 6826, 13, 6, 1.86, 1
1674, 6836, 2, 0, 6958, 6959, 123, 121, 61.50, 1
1675, 6838, 4, 0, 6963, 6966, 128, 124, 32.00, 1
1676, 6841, 5, 0, 6843, 6847, 6, 1, 1.20, 1
1677, 6843, 3, 0, 6850, 6852, 9, 6, 3.00, 1
1678, 6847, 2, 0, 6848, 6849, 2, 0, 1.00, 1
1679, 6851, 6, 0, 6858, 6863, 12, 6, 2.00, 1
1680, 6852, 5, 0, 6853, 6857, 5, 0, 1.00, 1
1681, 6858, 1, 0, 6956, 6956, 98, 97, 98.00, 1
1682, 6859, 1, 0, 6957, 6957, 98, 97, 98.00, 1
1683, 6860, 6, 0, 6867, 6872, 12, 6, 2.00, 1
1684, 6861, 10, 0, 6924, 6933, 72, 62, 7.20, 1
1685, 6863, 3, 0, 6864, 6866, 3, 0, 1.00, 1
1686, 6871, 5, 0, 6874, 6878, 7, 2, 1.40, 1
1687, 6872, 1, 0, 6873, 6873, 1, 0, 1.00, 1
1688, 6874, 2, 0, 6879, 6880, 6, 4, 3.00, 1
1689, 6878, 5, 0, 6882, 6886, 8, 3, 1.60, 1
1690, 6879, 1, 0, 6881, 6881, 2, 1, 2.00, 1
1691, 6880, 7, 0, 6887, 6893, 13, 6, 1.86, 1
1692, 6887, 1, 0, 6894, 6894, 7, 6, 7.00, 1
1693, 6889, 5, 0, 6895, 6899, 10, 5, 2.00, 1
1694, 6895, 3, 0, 6900, 6902, 7, 4, 2.33, 1
1695, 6897, 11, 0, 6934, 6944, 47, 36, 4.27, 1
1696, 6901, 14, 0, 6903, 6916, 15, 1, 1.07, 1
1697, 6910, 3, 0, 6918, 6920, 10, 7, 3.33, 1
1698, 6915, 1, 0, 6917, 6917, 2, 1, 2.00, 1
1699, 6920, 3, 0, 6921, 6923, 3, 0, 1.00, 1
1700, 6939, 6, 0, 6949, 6954, 15, 9, 2.50, 1
1701, 6940, 1, 0, 6945, 6945, 5, 4, 5.00, 1
1702, 6942, 3, 0, 6946, 6948, 6, 3, 2.00, 1
1703, 6950, 1, 0, 6955, 6955, 5, 4, 5.00, 1
1704, 6959, 1, 0, 6960, 6960, 1, 0, 1.00, 1
1705, 6960, 2, 0, 6961, 6962, 2, 0, 1.00, 1
1706, 6965, 6, 0, 6967, 6972, 7, 1, 1.17, 1
1707, 6967, 2, 0, 6980, 6981, 14, 12, 7.00, 1
1708, 6971, 18, 0, 6982, 6999, 28, 10, 1.56, 1
1709, 6972, 4, 0, 6973, 6976, 4, 0, 1.00, 1
1710, 6974, 3, 0, 6977, 6979, 5, 2, 1.67, 1
1711, 6982, 9, 0, 48195, 48203, 41221, 41212, 4580.11, 1
1712, 6985, 3, 0, 7019, 7021, 36, 33, 12.00, 1
1713, 6989, 6, 0, 7024, 7029, 40, 34, 6.67, 1
1714, 6993, 2, 0, 7000, 7001, 8, 6, 4.00, 1
1715, 6994, 15, 0, 7002, 7016, 22, 7, 1.47, 1
1716, 7005, 2, 0, 7017, 7018, 13, 11, 6.50, 1
1717, 7019, 2, 0, 7022, 7023, 4, 2, 2.00, 1
1718, 7029, 5, 0, 7030, 7034, 5, 0, 1.00, 1
1719, 7030, 3, 0, 7035, 7037, 7, 4, 2.33, 1
1720, 7033, 12, 0, 48204, 48215, 41182, 41170, 3431.83, 1
1721, 7036, 9, 0, 7038, 7046, 10, 1, 1.11, 1
1722, 7039, 20, 0, 7047, 7066, 27, 7, 1.35, 1
1723, 7047, 3, 0, 48184, 48186, 41139, 41136, 13713.00, 1
1724, 7050, 8, 0, 48187, 48194, 41144, 41136, 5143.00, 1
1725, 7057, 3, 0, 48178, 48180, 41123, 41120, 13707.67, 1
1726, 7058, 3, 0, 48181, 48183, 41125, 41122, 13708.33, 1
1727, 7060, 13, 0, 7067, 7079, 19, 6, 1.46, 1
1728, 7070, 9, 0, 48169, 48177, 41107, 41098, 4567.44, 1
1729, 7072, 2, 0, 48161, 48162, 41090, 41088, 20545.00, 1
1730, 7077, 6, 0, 48163, 48168, 41091, 41085, 6848.50, 1
1731, 7078, 7, 0, 7080, 7086, 8, 1, 1.14, 1
1732, 7080, 8, 0, 48153, 48160, 41080, 41072, 5135.00, 1
1733, 7085, 4, 0, 7088, 7091, 6, 2, 1.50, 1
1734, 7086, 1, 0, 7087, 7087, 1, 0, 1.00, 1
1735, 7089, 7, 0, 7092, 7098, 9, 2, 1.29, 1
1736, 7092, 2, 0, 48144, 48145, 41053, 41051, 20526.50, 1
1737, 7093, 7, 0, 48146, 48152, 41059, 41052, 5865.57, 1
1738, 7097, 9, 0, 7100, 7108, 11, 2, 1.22, 1
1739, 7098, 1, 0, 7099, 7099, 1, 0, 1.00, 1
1740, 7100, 3, 0, 48138, 48140, 41040, 41037, 13680.00, 1
1741, 7104, 2, 0, 7109, 7110, 6, 4, 3.00, 1
1742, 7105, 3, 0, 48141, 48143, 41038, 41035, 13679.33, 1
1743, 7110, 6, 0, 7111, 7116, 6, 0, 1.00, 1
1744, 7115, 1, 0, 7117, 7117, 2, 1, 2.00, 1
1745, 7116, 4, 0, 7118, 7121, 5, 1, 1.25, 1
1746, 7118, 2, 0, 7123, 7124, 6, 4, 3.00, 1
1747, 7119, 7, 0, 48113, 48119, 41000, 40993, 5857.14, 1
1748, 7120, 1, 0, 7122, 7122, 2, 1, 2.00, 1
1749, 7123, 4, 0, 7125, 7128, 5, 1, 1.25, 1
1750, 7127, 5, 0, 7130, 7134, 7, 2, 1.40, 1
1751, 7128, 1, 0, 7129, 7129, 1, 0, 1.00, 1
1752, 7129, 18, 0, 48120, 48137, 41008, 40990, 2278.22, 1
1753, 7130, 6, 0, 7135, 7140, 10, 4, 1.67, 1
1754, 7134, 8, 0, 48093, 48100, 40966, 40958, 5120.75, 1
1755, 7135, 12, 0, 48101, 48112, 40977, 40965, 3414.75, 1
1756, 7139, 6, 0, 7141, 7146, 7, 1, 1.17, 1
1757, 7140, 18, 0, 7147, 7164, 24, 6, 1.33, 1
1758, 7147, 6, 0, 48087, 48092, 40945, 40939, 6824.17, 1
1759, 7148, 2, 0, 48081, 48082, 40934, 40932, 20467.00, 1
1760, 7156, 4, 0, 48083, 48086, 40930, 40926, 10232.50, 1
1761, 7157, 7, 0, 48066, 48072, 40915, 40908, 5845.00, 1
1762, 7160, 4, 0, 7165, 7168, 8, 4, 2.00, 1
1763, 7165, 6, 0, 7174, 7179, 14, 8, 2.33, 1
1764, 7166, 4, 0, 7169, 7172, 6, 2, 1.50, 1
1765, 7170, 1, 0, 7173, 7173, 3, 2, 3.00, 1
1766, 7174, 8, 0, 48073, 48080, 40906, 40898, 5113.25, 1
1767, 7175, 8, 0, 7312, 7319, 144, 136, 18.00, 1
1768, 7177, 1, 0, 7180, 7180, 3, 2, 3.00, 1
1769, 7179, 7, 0, 7181, 7187, 8, 1, 1.14, 1
1770, 7180, 7, 0, 7275, 7281, 101, 94, 14.43, 1
1771, 7182, 8, 0, 7322, 7329, 147, 139, 18.38, 1
1772, 7186, 5, 0, 7188, 7192, 6, 1, 1.20, 1
1773, 7187, 7, 0, 7202, 7208, 21, 14, 3.00, 1
1774, 7189, 2, 0, 7193, 7194, 5, 3, 2.50, 1
1775, 7191, 3, 0, 7195, 7197, 6, 3, 2.00, 1
1776, 7195, 8, 0, 7213, 7220, 25, 17, 3.12, 1
1777, 7197, 4, 0, 7198, 7201, 4, 0, 1.00, 1
1778, 7203, 1, 0, 7209, 7209, 6, 5, 6.00, 1
1779, 7206, 3, 0, 7210, 7212, 6, 3, 2.00, 1
1780, 7209, 9, 0, 7234, 7242, 33, 24, 3.67, 1
1781, 7216, 6, 0, 7221, 7226, 10, 4, 1.67, 1
1782, 7225, 3, 0, 7229, 7231, 6, 3, 2.00, 1
1783, 7226, 2, 0, 7227, 7228, 2, 0, 1.00, 1
1784, 7230, 2, 0, 7232, 7233, 3, 1, 1.50, 1
1785, 7234, 7, 0, 7250, 7256, 22, 15, 3.14, 1
1786, 7237, 7, 0, 7261, 7267, 30, 23, 4.29, 1
1787, 7240, 2, 0, 7244, 7245, 5, 3, 2.50, 1
1788, 7241, 1, 0, 7243, 7243, 2, 1, 2.00, 1
1789, 7244, 3, 0, 7246, 7248, 4, 1, 1.33, 1
1790, 7246, 1, 0, 7249, 7249, 3, 2, 3.00, 1
1791, 7251, 2, 0, 7257, 7258, 7, 5, 3.50, 1
1792, 7255, 2, 0, 7259, 7260, 5, 3, 2.50, 1
1793, 7266, 4, 0, 7268, 7271, 5, 1, 1.25, 1
1794, 7269, 3, 0, 7272, 7274, 5, 2, 1.67, 1
1795, 7279, 4, 0, 7282, 7285, 6, 2, 1.50, 1
1796, 7282, 7, 0, 7286, 7292, 10, 3, 1.43, 1
1797, 7288, 6, 0, 7301, 7306, 18, 12, 3.00, 1
1798, 7291, 3, 0, 7293, 7295, 4, 1, 1.33, 1
1799, 7294, 5, 0, 7296, 7300, 6, 1, 1.20, 1
1800, 7304, 5, 0, 7307, 7311, 7, 2, 1.40, 1
1801, 7314, 1, 0, 7320, 7320, 6, 5, 6.00, 1
1802, 7316, 1, 0, 7321, 7321, 5, 4, 5.00, 1
1803, 7325, 5, 0, 7332, 7336, 11, 6, 2.20, 1
1804, 7326, 8, 0, 7349, 7356, 30, 22, 3.75, 1
1805, 7327, 1, 0, 7330, 7330, 3, 2, 3.00, 1
1806, 7329, 1, 0, 7331, 7331, 2, 1, 2.00, 1
1807, 7332, 7, 0, 7337, 7343, 11, 4, 1.57, 1
1808, 7338, 1, 0, 7344, 7344, 6, 5, 6.00, 1
1809, 7339, 4, 0, 7345, 7348, 9, 5, 2.25, 1
1810, 7347, 20, 0, 48026, 48045, 40698, 40678, 2034.90, 1
1811, 7354, 3, 0, 7357, 7359, 5, 2, 1.67, 1
1812, 7356, 5, 0, 7360, 7364, 8, 3, 1.60, 1
1813, 7357, 8, 0, 7373, 7380, 23, 15, 2.88, 1
1814, 7360, 3, 0, 7367, 7369, 9, 6, 3.00, 1
1815, 7364, 2, 0, 7365, 7366, 2, 0, 1.00, 1
1816, 7367, 3, 0, 7370, 7372, 5, 2, 1.67, 1
1817, 7375, 14, 0, 7381, 7394, 19, 5, 1.36, 1
1818, 7380, 20, 0, 48046, 48065, 40685, 40665, 2034.25, 1
1819, 7382, 5, 0, 48003, 48007, 40625, 40620, 8125.00, 1
1820, 7385, 1, 0, 48002, 48002, 40617, 40616, 40617.00, 1
1821, 7387, 18, 0, 48008, 48025, 40638, 40620, 2257.67, 1
1822, 7390, 3, 0, 7395, 7397, 7, 4, 2.33, 1
1823, 7393, 4, 0, 7398, 7401, 8, 4, 2.00, 1
1824, 7395, 4, 0, 47989, 47992, 40597, 40593, 10149.25, 1
1825, 7398, 9, 0, 47993, 48001, 40603, 40594, 4511.44, 1
1826, 7400, 3, 0, 7402, 7404, 4, 1, 1.33, 1
1827, 7402, 13, 0, 47963, 47975, 40573, 40560, 3121.00, 1
1828, 7403, 8, 0, 7405, 7412, 9, 1, 1.12, 1
1829, 7405, 10, 0, 47953, 47962, 40557, 40547, 4055.70, 1
1830, 7407, 2, 0, 7413, 7414, 7, 5, 3.50, 1
1831, 7412, 5, 0, 7421, 7425, 13, 8, 2.60, 1
1832, 7413, 1, 0, 7415, 7415, 2, 1, 2.00, 1
1833, 7415, 4, 0, 7416, 7419, 4, 0, 1.00, 1
1834, 7416, 13, 0, 47976, 47988, 40572, 40559, 3120.92, 1
1835, 7419, 1, 0, 7420, 7420, 1, 0, 1.00, 1
1836, 7421, 9, 0, 7444, 7452, 31, 22, 3.44, 1
1837, 7423, 4, 0, 7426, 7429, 6, 2, 1.50, 1
1838, 7425, 4, 0, 7440, 7443, 18, 14, 4.50, 1
1839, 7426, 3, 0, 7432, 7434, 8, 5, 2.67, 1
1840, 7427, 2, 0, 7430, 7431, 4, 2, 2.00, 1
1841, 7434, 2, 0, 7435, 7436, 2, 0, 1.00, 1
1842, 7435, 1, 0, 7437, 7437, 2, 1, 2.00, 1
1843, 7436, 2, 0, 7438, 7439, 3, 1, 1.50, 1
1844, 7439, 15, 0, 47938, 47952, 40513, 40498, 2700.87, 1
1845, 7446, 13, 0, 47925, 47937, 40491, 40478, 3114.69, 1
1846, 7450, 2, 0, 7455, 7456, 6, 4, 3.00, 1
1847, 7451, 10, 0, 7457, 7466, 15, 5, 1.50, 1
1848, 7452, 2, 0, 7453, 7454, 2, 0, 1.00, 1
1849, 7455, 10, 0, 47915, 47924, 40469, 40459, 4046.90, 1
1850, 7459, 2, 0, 47910, 47911, 40452, 40450, 20226.00, 1
1851, 7460, 3, 0, 47912, 47914, 40454, 40451, 13484.67, 1
1852, 7461, 3, 0, 7482, 7484, 23, 20, 7.67, 1
1853, 7462, 3, 0, 7485, 7487, 25, 22, 8.33, 1
1854, 7465, 14, 0, 7468, 7481, 16, 2, 1.14, 1
1855, 7466, 1, 0, 7467, 7467, 1, 0, 1.00, 1
1856, 7486, 2, 0, 7488, 7489, 3, 1, 1.50, 1
1857, 7487, 9, 0, 7490, 7498, 11, 2, 1.22, 1
1858, 7490, 3, 0, 47900, 47902, 40412, 40409, 13470.67, 1
1859, 7492, 7, 0, 47903, 47909, 40417, 40410, 5773.86, 1
1860, 7493, 1, 0, 7499, 7499, 6, 5, 6.00, 1
1861, 7496, 10, 0, 7503, 7512, 16, 6, 1.60, 1
1862, 7499, 3, 0, 7500, 7502, 3, 0, 1.00, 1
1863, 7507, 7, 0, 7525, 7531, 24, 17, 3.43, 1
1864, 7509, 2, 0, 7513, 7514, 5, 3, 2.50, 1
1865, 7511, 5, 0, 7515, 7519, 8, 3, 1.60, 1
1866, 7515, 10, 0, 7533, 7542, 27, 17, 2.70, 1
1867, 7518, 4, 0, 7520, 7523, 5, 1, 1.25, 1
1868, 7523, 1, 0, 7524, 7524, 1, 0, 1.00, 1
1869, 7527, 1, 0, 7532, 7532, 5, 4, 5.00, 1
1870, 7534, 9, 0, 47871, 47879, 40345, 40336, 4482.78, 1
1871, 7535, 6, 0, 47865, 47870, 40335, 40329, 6722.50, 1
1872, 7538, 20, 0, 47880, 47899, 40361, 40341, 2018.05, 1
1873, 7542, 10, 0, 7543, 7552, 10, 0, 1.00, 1
1874, 7544, 1, 0, 47862, 47862, 40318, 40317, 40318.00, 1
1875, 7545, 2, 0, 47863, 47864, 40319, 40317, 20159.50, 1
1876, 7547, 4, 0, 7606, 7609, 62, 58, 15.50, 1
1877, 7548, 9, 0, 7610, 7618, 70, 61, 7.78, 1
1878, 7550, 4, 0, 7556, 7559, 9, 5, 2.25, 1
1879, 7552, 3, 0, 7553, 7555, 3, 0, 1.00, 1
1880, 7556, 16, 0, 7562, 7577, 21, 5, 1.31, 1
1881, 7558, 2, 0, 7560, 7561, 3, 1, 1.50, 1
1882, 7563, 5, 0, 7578, 7582, 19, 14, 3.80, 1
1883, 7567, 5, 0, 7589, 7593, 26, 21, 5.20, 1
1884, 7580, 4, 0, 7583, 7586, 6, 2, 1.50, 1
1885, 7586, 2, 0, 7587, 7588, 2, 0, 1.00, 1
1886, 7590, 5, 0, 7599, 7603, 13, 8, 2.60, 1
1887, 7592, 3, 0, 7594, 7596, 4, 1, 1.33, 1
1888, 7594, 2, 0, 7597, 7598, 4, 2, 2.00, 1
1889, 7601, 2, 0, 7604, 7605, 4, 2, 2.00, 1
1890, 7610, 3, 0, 47852, 47854, 40244, 40241, 13414.67, 1
1891, 7611, 7, 0, 47855, 47861, 40250, 40243, 5750.00, 1
1892, 7612, 8, 0, 7619, 7626, 14, 6, 1.75, 1
1893, 7619, 10, 0, 7628, 7637, 18, 8, 1.80, 1
1894, 7623, 1, 0, 7627, 7627, 4, 3, 4.00, 1
1895, 7624, 39, 0, 7654, 7692, 68, 29, 1.74, 1
1896, 7634, 7, 0, 7639, 7645, 11, 4, 1.57, 1
1897, 7636, 1, 0, 7638, 7638, 2, 1, 2.00, 1
1898, 7643, 4, 0, 7646, 7649, 6, 2, 1.50, 1
1899, 7648, 4, 0, 7650, 7653, 5, 1, 1.25, 1
1900, 7654, 5, 0, 47835, 47839, 40185, 40180, 8037.00, 1
1901, 7658, 2, 0, 47833, 47834, 40176, 40174, 20088.00, 1
1902, 7663, 12, 0, 47840, 47851, 40188, 40176, 3349.00, 1
1903, 7665, 10, 0, 47823, 47832, 40167, 40157, 4016.70, 1
1904, 7668, 1, 0, 47816, 47816, 40148, 40147, 40148.00, 1
1905, 7671, 6, 0, 47817, 47822, 40151, 40145, 6691.83, 1
1906, 7681, 7, 0, 47800, 47806, 40125, 40118, 5732.14, 1
1907, 7682, 9, 0, 47807, 47815, 40133, 40124, 4459.22, 1
1908, 7684, 5, 0, 7718, 7722, 38, 33, 7.60, 1
1909, 7689, 17, 0, 47783, 47799, 40110, 40093, 2359.41, 1
1910, 7690, 8, 0, 7693, 7700, 10, 2, 1.25, 1
1911, 7699, 7, 0, 7701, 7707, 8, 1, 1.14, 1
1912, 7701, 1, 0, 7708, 7708, 7, 6, 7.00, 1
1913, 7707, 2, 0, 7709, 7710, 3, 1, 1.50, 1
1914, 7708, 3, 0, 7712, 7714, 6, 3, 2.00, 1
1915, 7710, 1, 0, 7711, 7711, 1, 0, 1.00, 1
1916, 7712, 3, 0, 7715, 7717, 5, 2, 1.67, 1
1917, 7721, 3, 0, 7723, 7725, 4, 1, 1.33, 1
1918, 7722, 9, 0, 7727, 7735, 13, 4, 1.44, 1
1919, 7723, 1, 0, 7726, 7726, 3, 2, 3.00, 1
1920, 7724, 11, 0, 7751, 7761, 37, 26, 3.36, 1
1921, 7734, 3, 0, 7738, 7740, 6, 3, 2.00, 1
1922, 7735, 2, 0, 7736, 7737, 2, 0, 1.00, 1
1923, 7736, 10, 0, 7741, 7750, 14, 4, 1.40, 1
1924, 7751, 7, 0, 47767, 47773, 40022, 40015, 5717.43, 1
1925, 7752, 9, 0, 47774, 47782, 40030, 40021, 4447.78, 1
1926, 7753, 5, 0, 47746, 47750, 39997, 39992, 7999.40, 1
1927, 7756, 2, 0, 47744, 47745, 39989, 39987, 19994.50, 1
1928, 7758, 16, 0, 47751, 47766, 40008, 39992, 2500.50, 1
1929, 7759, 2, 0, 7762, 7763, 4, 2, 2.00, 1
1930, 7761, 2, 0, 7764, 7765, 4, 2, 2.00, 1
1931, 7763, 16, 0, 7766, 7781, 18, 2, 1.12, 1
1932, 7767, 5, 0, 47739, 47743, 39976, 39971, 7995.20, 1
1933, 7770, 4, 0, 47731, 47734, 39964, 39960, 9991.00, 1
1934, 7773, 4, 0, 47735, 47738, 39965, 39961, 9991.25, 1
1935, 7776, 4, 0, 7783, 7786, 10, 6, 2.50, 1
1936, 7780, 1, 0, 7782, 7782, 2, 1, 2.00, 1
1937, 7782, 4, 0, 47707, 47710, 39928, 39924, 9982.00, 1
1938, 7783, 20, 0, 47711, 47730, 39947, 39927, 1997.35, 1
1939, 7784, 10, 0, 47697, 47706, 39922, 39912, 3992.20, 1
1940, 7785, 5, 0, 7787, 7791, 6, 1, 1.20, 1
1941, 7787, 1, 0, 47690, 47690, 39903, 39902, 39903.00, 1
1942, 7788, 6, 0, 47691, 47696, 39908, 39902, 6651.33, 1
1943, 7790, 8, 0, 7792, 7799, 9, 1, 1.12, 1
1944, 7791, 15, 0, 7800, 7814, 23, 8, 1.53, 1
1945, 7803, 2, 0, 47672, 47673, 39870, 39868, 19935.00, 1
1946, 7804, 16, 0, 47674, 47689, 39885, 39869, 2492.81, 1
1947, 7812, 7, 0, 7826, 7832, 20, 13, 2.86, 1
1948, 7814, 6, 0, 7815, 7820, 6, 0, 1.00, 1
1949, 7815, 2, 0, 7824, 7825, 10, 8, 5.00, 1
1950, 7816, 10, 0, 47652, 47661, 39845, 39835, 3984.50, 1
1951, 7820, 3, 0, 7821, 7823, 3, 0, 1.00, 1
1952, 7826, 6, 0, 47646, 47651, 39825, 39819, 6637.50, 1
1953, 7827, 10, 0, 47662, 47671, 39844, 39834, 3984.40, 1
1954, 7830, 6, 0, 7833, 7838, 8, 2, 1.33, 1
1955, 7835, 5, 0, 7839, 7843, 8, 3, 1.60, 1
1956, 7836, 8, 0, 7844, 7851, 15, 7, 1.88, 1
1957, 7844, 1, 0, 47642, 47642, 39798, 39797, 39798.00, 1
1958, 7846, 3, 0, 47643, 47645, 39799, 39796, 13266.33, 1
1959, 7851, 5, 0, 7852, 7856, 5, 0, 1.00, 1
1960, 7852, 3, 0, 7857, 7859, 7, 4, 2.33, 1
1961, 7857, 5, 0, 7860, 7864, 7, 2, 1.40, 1
1962, 7861, 9, 0, 7870, 7878, 17, 8, 1.89, 1
1963, 7862, 5, 0, 7865, 7869, 7, 2, 1.40, 1
1964, 7870, 5, 0, 47628, 47632, 39762, 39757, 7952.40, 1
1965, 7871, 9, 0, 47633, 47641, 39770, 39761, 4418.89, 1
1966, 7876, 5, 0, 7879, 7883, 7, 2, 1.40, 1
1967, 7879, 4, 0, 7885, 7888, 9, 5, 2.25, 1
1968, 7881, 1, 0, 7884, 7884, 3, 2, 3.00, 1
1969, 7882, 7, 0, 7890, 7896, 14, 7, 2.00, 1
1970, 7886, 1, 0, 7889, 7889, 3, 2, 3.00, 1
1971, 7889, 8, 0, 7897, 7904, 15, 7, 1.88, 1
1972, 7893, 8, 0, 47620, 47627, 39734, 39726, 4966.75, 1
1973, 7897, 2, 0, 47618, 47619, 39722, 39720, 19861.00, 1
1974, 7898, 1, 0, 47616, 47616, 39718, 39717, 39718.00, 1
1975, 7900, 1, 0, 47617, 47617, 39717, 39716, 39717.00, 1
1976, 7903, 11, 0, 7905, 7915, 12, 1, 1.09, 1
1977, 7905, 2, 0, 47600, 47601, 39696, 39694, 19848.00, 1
1978, 7911, 14, 0, 47602, 47615, 39704, 39690, 2836.00, 1
1979, 7914, 11, 0, 7916, 7926, 12, 1, 1.09, 1
1980, 7916, 2, 0, 47585, 47586, 39670, 39668, 19835.00, 1
1981, 7919, 13, 0, 47587, 47599, 39680, 39667, 3052.31, 1
1982, 7921, 8, 0, 7941, 7948, 27, 19, 3.38, 1
1983, 7925, 4, 0, 7927, 7930, 5, 1, 1.25, 1
1984, 7929, 7, 0, 7931, 7937, 8, 1, 1.14, 1
1985, 7933, 2, 0, 7939, 7940, 7, 5, 3.50, 1
1986, 7934, 10, 0, 47565, 47574, 39640, 39630, 3964.00, 1
1987, 7936, 1, 0, 7938, 7938, 2, 1, 2.00, 1
1988, 7946, 3, 0, 7950, 7952, 6, 3, 2.00, 1
1989, 7948, 1, 0, 7949, 7949, 1, 0, 1.00, 1
1990, 7950, 6, 0, 7953, 7958, 8, 2, 1.33, 1
1991, 7958, 2, 0, 7959, 7960, 2, 0, 1.00, 1
1992, 7960, 5, 0, 7961, 7965, 5, 0, 1.00, 1
1993, 7962, 10, 0, 47575, 47584, 39622, 39612, 3962.20, 1
1994, 7963, 5, 0, 7966, 7970, 7, 2, 1.40, 1
1995, 7965, 10, 0, 8015, 8024, 59, 49, 5.90, 1
1996, 7966, 5, 0, 7976, 7980, 14, 9, 2.80, 1
1997, 7969, 4, 0, 7971, 7974, 5, 1, 1.25, 1
1998, 7974, 1, 0, 7975, 7975, 1, 0, 1.00, 1
1999, 7976, 3, 0, 7981, 7983, 7, 4, 2.33, 1
2000, 7978, 4, 0, 7987, 7990, 12, 8, 3.00, 1
2001, 7983, 2, 0, 7984, 7985, 2, 0, 1.00, 1
2002, 7985, 1, 0, 7986, 7986, 1, 0, 1.00, 1
2003, 7988, 4, 0, 7993, 7996, 8, 4, 2.00, 1
2004, 7990, 2, 0, 7991, 7992, 2, 0, 1.00, 1
2005, 7992, 4, 0, 7997, 8000, 8, 4, 2.00, 1
2006, 7999, 4, 0, 8001, 8004, 5, 1, 1.25, 1
2007, 8000, 6, 0, 8006, 8011, 11, 5, 1.83, 1
2008, 8003, 1, 0, 8005, 8005, 2, 1, 2.00, 1
2009, 8008, 1, 0, 8012, 8012, 4, 3, 4.00, 1
2010, 8010, 2, 0, 8013, 8014, 4, 2, 2.00, 1
2011, 8015, 1, 0, 8025, 8025, 10, 9, 10.00, 1
2012, 8023, 5, 0, 8026, 8030, 7, 2, 1.40, 1
2013, 8026, 2, 0, 8032, 8033, 7, 5, 3.50, 1
2014, 8030, 1, 0, 8031, 8031, 1, 0, 1.00, 1
2015, 8031, 9, 0, 8034, 8042, 11, 2, 1.22, 1
2016, 8040, 7, 0, 8043, 8049, 9, 2, 1.29, 1
2017, 8046, 4, 0, 8053, 8056, 10, 6, 2.50, 1
2018, 8048, 2, 0, 8050, 8051, 3, 1, 1.50, 1
2019, 8049, 11, 0, 8093, 8103, 54, 43, 4.91, 1
2020, 8051, 1, 0, 8052, 8052, 1, 0, 1.00, 1
2021, 8053, 2, 0, 8057, 8058, 5, 3, 2.50, 1
2022, 8054, 8, 0, 8064, 8071, 17, 9, 2.12, 1
2023, 8057, 4, 0, 8059, 8062, 5, 1, 1.25, 1
2024, 8062, 1, 0, 8063, 8063, 1, 0, 1.00, 1
2025, 8065, 10, 0, 8077, 8086, 21, 11, 2.10, 1
2026, 8066, 4, 0, 8073, 8076, 10, 6, 2.50, 1
2027, 8070, 1, 0, 8072, 8072, 2, 1, 2.00, 1
2028, 8077, 4, 0, 8087, 8090, 13, 9, 3.25, 1
2029, 8088, 12, 0, 47537, 47548, 39460, 39448, 3288.33, 1
2030, 8089, 2, 0, 8091, 8092, 3, 1, 1.50, 1
2031, 8093, 2, 0, 8104, 8105, 12, 10, 6.00, 1
2032, 8099, 6, 0, 8106, 8111, 12, 6, 2.00, 1
2033, 8104, 6, 0, 8112, 8117, 13, 7, 2.17, 1
2034, 8113, 10, 0, 8118, 8127, 14, 4, 1.40, 1
2035, 8115, 16, 0, 47549, 47564, 39449, 39433, 2465.56, 1
2036, 8120, 4, 0, 8131, 8134, 14, 10, 3.50, 1
2037, 8121, 7, 0, 8144, 8150, 29, 22, 4.14, 1
2038, 8125, 2, 0, 8128, 8129, 4, 2, 2.00, 1
2039, 8129, 1, 0, 8130, 8130, 1, 0, 1.00, 1
2040, 8134, 4, 0, 8135, 8138, 4, 0, 1.00, 1
2041, 8136, 4, 0, 8139, 8142, 6, 2, 1.50, 1
2042, 8140, 13, 0, 47510, 47522, 39382, 39369, 3029.38, 1
2043, 8141, 1, 0, 8143, 8143, 2, 1, 2.00, 1
2044, 8148, 10, 0, 8166, 8175, 27, 17, 2.70, 1
2045, 8149, 2, 0, 8151, 8152, 3, 1, 1.50, 1
2046, 8151, 9, 0, 8156, 8164, 13, 4, 1.44, 1
2047, 8152, 3, 0, 8153, 8155, 3, 0, 1.00, 1
2048, 8164, 1, 0, 8165, 8165, 1, 0, 1.00, 1
2049, 8166, 1, 0, 8176, 8176, 10, 9, 10.00, 1
2050, 8171, 8, 0, 8177, 8184, 13, 5, 1.62, 1
2051, 8177, 6, 0, 8191, 8196, 19, 13, 3.17, 1
2052, 8178, 3, 0, 8185, 8187, 9, 6, 3.00, 1
2053, 8184, 3, 0, 8188, 8190, 6, 3, 2.00, 1
2054, 8185, 14, 0, 47523, 47536, 39351, 39337, 2810.79, 1
2055, 8192, 12, 0, 47498, 47509, 39317, 39305, 3276.42, 1
2056, 8193, 1, 0, 47495, 47495, 39302, 39301, 39302.00, 1
2057, 8194, 2, 0, 47496, 47497, 39303, 39301, 19651.50, 1
2058, 8195, 3, 0, 8197, 8199, 4, 1, 1.33, 1
2059, 8197, 4, 0, 8200, 8203, 6, 2, 1.50, 1
2060, 8199, 8, 0, 8204, 8211, 12, 4, 1.50, 1
2061, 8200, 10, 0, 47471, 47480, 39280, 39270, 3928.00, 1
2062, 8204, 5, 0, 47466, 47470, 39266, 39261, 7853.20, 1
2063, 8205, 14, 0, 47481, 47494, 39289, 39275, 2806.36, 1
2064, 8207, 8, 0, 8233, 8240, 33, 25, 4.12, 1
2065, 8211, 2, 0, 8212, 8213, 2, 0, 1.00, 1
2066, 8212, 3, 0, 8214, 8216, 4, 1, 1.33, 1
2067, 8213, 4, 0, 8217, 8220, 7, 3, 1.75, 1
2068, 8214, 5, 0, 8221, 8225, 11, 6, 2.20, 1
2069, 8220, 7, 0, 8226, 8232, 12, 5, 1.71, 1
2070, 8233, 1, 0, 8251, 8251, 18, 17, 18.00, 1
2071, 8234, 10, 0, 8252, 8261, 27, 17, 2.70, 1
2072, 8236, 3, 0, 8242, 8244, 8, 5, 2.67, 1
2073, 8240, 1, 0, 8241, 8241, 1, 0, 1.00, 1
2074, 8243, 5, 0, 8245, 8249, 6, 1, 1.20, 1
2075, 8248, 1, 0, 8250, 8250, 2, 1, 2.00, 1
2076, 8254, 2, 0, 8271, 8272, 18, 16, 9.00, 1
2077, 8259, 5, 0, 8273, 8277, 18, 13, 3.60, 1
2078, 8260, 4, 0, 8262, 8265, 5, 1, 1.25, 1
2079, 8262, 5, 0, 8266, 8270, 8, 3, 1.60, 1
2080, 8275, 18, 0, 8278, 8295, 20, 2, 1.11, 1
2081, 8278, 1, 0, 47464, 47464, 39186, 39185, 39186.00, 1
2082, 8279, 1, 0, 47465, 47465, 39186, 39185, 39186.00, 1
2083, 8282, 2, 0, 8310, 8311, 29, 27, 14.50, 1
2084, 8283, 11, 0, 8319, 8329, 46, 35, 4.18, 1
2085, 8286, 1, 0, 8302, 8302, 16, 15, 16.00, 1
2086, 8292, 5, 0, 8303, 8307, 15, 10, 3.00, 1
2087, 8295, 1, 0, 8296, 8296, 1, 0, 1.00, 1
2088, 8296, 5, 0, 8297, 8301, 5, 0, 1.00, 1
2089, 8304, 1, 0, 8308, 8308, 4, 3, 4.00, 1
2090, 8305, 1, 0, 8309, 8309, 4, 3, 4.00, 1
2091, 8310, 3, 0, 8312, 8314, 4, 1, 1.33, 1
2092, 8313, 4, 0, 8315, 8318, 5, 1, 1.25, 1
2093, 8326, 7, 0, 8331, 8337, 11, 4, 1.57, 1
2094, 8327, 8, 0, 8338, 8345, 18, 10, 2.25, 1
2095, 8328, 1, 0, 8330, 8330, 2, 1, 2.00, 1
2096, 8341, 9, 0, 8347, 8355, 14, 5, 1.56, 1
2097, 8343, 1, 0, 8346, 8346, 3, 2, 3.00, 1
2098, 8350, 8, 0, 47448, 47455, 39105, 39097, 4888.12, 1
2099, 8351, 3, 0, 8356, 8358, 7, 4, 2.33, 1
2100, 8352, 8, 0, 47456, 47463, 39111, 39103, 4888.88, 1
2101, 8357, 11, 0, 8359, 8369, 12, 1, 1.09, 1
2102, 8359, 2, 0, 47435, 47436, 39077, 39075, 19538.50, 1
2103, 8362, 11, 0, 47437, 47447, 39085, 39074, 3553.18, 1
2104, 8366, 4, 0, 8370, 8373, 7, 3, 1.75, 1
2105, 8370, 2, 0, 8374, 8375, 5, 3, 2.50, 1
2106, 8373, 4, 0, 8376, 8379, 6, 2, 1.50, 1
2107, 8374, 10, 0, 47395, 47404, 39030, 39020, 3903.00, 1
2108, 8378, 9, 0, 8380, 8388, 10, 1, 1.11, 1
2109, 8386, 5, 0, 8392, 8396, 10, 5, 2.00, 1
2110, 8387, 3, 0, 8389, 8391, 4, 1, 1.33, 1
2111, 8391, 6, 0, 8397, 8402, 11, 5, 1.83, 1
2112, 8397, 9, 0, 47386, 47394, 38997, 38988, 4333.00, 1
2113, 8399, 3, 0, 8403, 8405, 6, 3, 2.00, 1
2114, 8400, 30, 0, 47405, 47434, 39034, 39004, 1301.13, 1
2115, 8405, 15, 0, 8406, 8420, 15, 0, 1.00, 1
2116, 8409, 12, 0, 8421, 8432, 23, 11, 1.92, 1
2117, 8411, 16, 0, 47370, 47385, 38974, 38958, 2435.88, 1
2118, 8428, 2, 0, 8433, 8434, 6, 4, 3.00, 1
2119, 8429, 4, 0, 8435, 8438, 9, 5, 2.25, 1
2120, 8433, 5, 0, 8443, 8447, 14, 9, 2.80, 1
2121, 8435, 4, 0, 8439, 8442, 7, 3, 1.75, 1
2122, 8442, 6, 0, 8561, 8566, 124, 118, 20.67, 1
2123, 8444, 3, 0, 8538, 8540, 96, 93, 32.00, 1
2124, 8445, 2, 0, 8449, 8450, 5, 3, 2.50, 1
2125, 8446, 1, 0, 8448, 8448, 2, 1, 2.00, 1
2126, 8447, 2, 0, 8451, 8452, 5, 3, 2.50, 1
2127, 8449, 5, 0, 8541, 8545, 96, 91, 19.20, 1
2128, 8451, 7, 0, 8453, 8459, 8, 1, 1.14, 1
2129, 8454, 2, 0, 8460, 8461, 7, 5, 3.50, 1
2130, 8456, 4, 0, 8462, 8465, 9, 5, 2.25, 1
2131, 8460, 4, 0, 8466, 8469, 9, 5, 2.25, 1
2132, 8463, 7, 0, 8470, 8476, 13, 6, 1.86, 1
2133, 8469, 15, 0, 8484, 8498, 29, 14, 1.93, 1
2134, 8475, 2, 0, 8477, 8478, 3, 1, 1.50, 1
2135, 8476, 3, 0, 8481, 8483, 7, 4, 2.33, 1
2136, 8478, 2, 0, 8479, 8480, 2, 0, 1.00, 1
2137, 8484, 4, 0, 8530, 8533, 49, 45, 12.25, 1
2138, 8485, 4, 0, 8534, 8537, 52, 48, 13.00, 1
2139, 8487, 2, 0, 8499, 8500, 13, 11, 6.50, 1
2140, 8489, 5, 0, 8503, 8507, 18, 13, 3.60, 1
2141, 8500, 2, 0, 8501, 8502, 2, 0, 1.00, 1
2142, 8504, 1, 0, 8510, 8510, 6, 5, 6.00, 1
2143, 8505, 5, 0, 8511, 8515, 10, 5, 2.00, 1
2144, 8507, 2, 0, 8508, 8509, 2, 0, 1.00, 1
2145, 8510, 13, 0, 8517, 8529, 19, 6, 1.46, 1
2146, 8511, 1, 0, 8516, 8516, 5, 4, 5.00, 1
2147, 8539, 7, 0, 8613, 8619, 80, 73, 11.43, 1
2148, 8543, 5, 0, 8546, 8550, 7, 2, 1.40, 1
2149, 8544, 5, 0, 8553, 8557, 13, 8, 2.60, 1
2150, 8547, 2, 0, 8551, 8552, 5, 3, 2.50, 1
2151, 8554, 3, 0, 8558, 8560, 6, 3, 2.00, 1
2152, 8563, 6, 0, 8567, 8572, 9, 3, 1.50, 1
2153, 8567, 2, 0, 8580, 8581, 14, 12, 7.00, 1
2154, 8568, 1, 0, 8578, 8578, 10, 9, 10.00, 1
2155, 8569, 15, 0, 47355, 47369, 38800, 38785, 2586.67, 1
2156, 8570, 5, 0, 8573, 8577, 7, 2, 1.40, 1
2157, 8578, 1, 0, 8579, 8579, 1, 0, 1.00, 1
2158, 8581, 4, 0, 8582, 8585, 4, 0, 1.00, 1
2159, 8583, 3, 0, 8590, 8592, 9, 6, 3.00, 1
2160, 8584, 2, 0, 8586, 8587, 3, 1, 1.50, 1
2161, 8587, 2, 0, 8588, 8589, 2, 0, 1.00, 1
2162, 8592, 2, 0, 8593, 8594, 2, 0, 1.00, 1
2163, 8593, 1, 0, 8595, 8595, 2, 1, 2.00, 1
2164, 8594, 8, 0, 8596, 8603, 9, 1, 1.12, 1
2165, 8602, 2, 0, 8604, 8605, 3, 1, 1.50, 1
2166, 8604, 3, 0, 8606, 8608, 4, 1, 1.33, 1
2167, 8606, 3, 0, 8609, 8611, 5, 2, 1.67, 1
2168, 8611, 1, 0, 8612, 8612, 1, 0, 1.00, 1
2169, 8613, 2, 0, 47345, 47346, 38733, 38731, 19366.50, 1
2170, 8614, 8, 0, 47347, 47354, 38740, 38732, 4842.50, 1
2171, 8619, 2, 0, 8620, 8621, 2, 0, 1.00, 1
2172, 8620, 6, 0, 8622, 8627, 7, 1, 1.17, 1
2173, 8622, 5, 0, 47332, 47336, 38714, 38709, 7742.80, 1
2174, 8623, 4, 0, 8628, 8631, 8, 4, 2.00, 1
2175, 8624, 8, 0, 47337, 47344, 38720, 38712, 4840.00, 1
2176, 8629, 3, 0, 8637, 8639, 10, 7, 3.33, 1
2177, 8630, 5, 0, 8640, 8644, 14, 9, 2.80, 1
2178, 8631, 4, 0, 8632, 8635, 4, 0, 1.00, 1
2179, 8633, 1, 0, 8636, 8636, 3, 2, 3.00, 1
2180, 8640, 13, 0, 8647, 8659, 19, 6, 1.46, 1
2181, 8644, 2, 0, 8645, 8646, 2, 0, 1.00, 1
2182, 8653, 3, 0, 47321, 47323, 38670, 38667, 12890.00, 1
2183, 8654, 8, 0, 47324, 47331, 38677, 38669, 4834.62, 1
2184, 8655, 1, 0, 8660, 8660, 5, 4, 5.00, 1
2185, 8656, 5, 0, 8661, 8665, 9, 4, 1.80, 1
2186, 8662, 6, 0, 8670, 8675, 13, 7, 2.17, 1
2187, 8663, 4, 0, 8666, 8669, 6, 2, 1.50, 1
2188, 8675, 6, 0, 8676, 8681, 6, 0, 1.00, 1
2189, 8677, 1, 0, 8682, 8682, 5, 4, 5.00, 1
2190, 8679, 2, 0, 8683, 8684, 5, 3, 2.50, 1
2191, 8683, 3, 0, 8688, 8690, 7, 4, 2.33, 1
2192, 8684, 1, 0, 8685, 8685, 1, 0, 1.00, 1
2193, 8685, 2, 0, 8686, 8687, 2, 0, 1.00, 1
2194, 8686, 20, 0, 8691, 8710, 24, 4, 1.20, 1
2195, 8693, 3, 0, 8714, 8716, 23, 20, 7.67, 1
2196, 8694, 5, 0, 8719, 8723, 29, 24, 5.80, 1
2197, 8701, 1, 0, 8712, 8712, 11, 10, 11.00, 1
2198, 8702, 1, 0, 8713, 8713, 11, 10, 11.00, 1
2199, 8704, 1, 0, 8711, 8711, 7, 6, 7.00, 1
2200, 8714, 8, 0, 8724, 8731, 17, 9, 2.12, 1
2201, 8716, 1, 0, 8717, 8717, 1, 0, 1.00, 1
2202, 8717, 1, 0, 8718, 8718, 1, 0, 1.00, 1
2203, 8724, 10, 0, 8735, 8744, 20, 10, 2.00, 1
2204, 8729, 13, 0, 8760, 8772, 43, 30, 3.31, 1
2205, 8731, 3, 0, 8732, 8734, 3, 0, 1.00, 1
2206, 8736, 5, 0, 8746, 8750, 14, 9, 2.80, 1
2207, 8739, 1, 0, 8745, 8745, 6, 5, 6.00, 1
2208, 8746, 4, 0, 8751, 8754, 8, 4, 2.00, 1
2209, 8752, 5, 0, 8755, 8759, 7, 2, 1.40, 1
2210, 8761, 9, 0, 47312, 47320, 38559, 38550, 4284.33, 1
2211, 8762, 3, 0, 47306, 47308, 38546, 38543, 12848.67, 1
2212, 8763, 3, 0, 47309, 47311, 38548, 38545, 12849.33, 1
2213, 8770, 2, 0, 8773, 8774, 4, 2, 2.00, 1
2214, 8773, 8, 0, 8775, 8782, 9, 1, 1.12, 1
2215, 8777, 1, 0, 47304, 47304, 38527, 38526, 38527.00, 1
2216, 8779, 1, 0, 47305, 47305, 38526, 38525, 38526.00, 1
2217, 8780, 5, 0, 8783, 8787, 7, 2, 1.40, 1
2218, 8783, 13, 0, 8788, 8800, 17, 4, 1.31, 1
2219, 8790, 5, 0, 8806, 8810, 20, 15, 4.00, 1
2220, 8793, 1, 0, 8801, 8801, 8, 7, 8.00, 1
2221, 8796, 4, 0, 8802, 8805, 9, 5, 2.25, 1
2222, 8804, 26, 0, 8933, 8958, 154, 128, 5.92, 1
2223, 8806, 12, 0, 8816, 8827, 21, 9, 1.75, 1
2224, 8808, 5, 0, 8811, 8815, 7, 2, 1.40, 1
2225, 8816, 2, 0, 8895, 8896, 80, 78, 40.00, 1
2226, 8819, 8, 0, 8912, 8919, 100, 92, 12.50, 1
2227, 8822, 2, 0, 8828, 8829, 7, 5, 3.50, 1
2228, 8824, 10, 0, 8830, 8839, 15, 5, 1.50, 1
2229, 8831, 1, 0, 8840, 8840, 9, 8, 9.00, 1
2230, 8838, 6, 0, 8841, 8846, 8, 2, 1.33, 1
2231, 8842, 3, 0, 8871, 8873, 31, 28, 10.33, 1
2232, 8843, 4, 0, 8875, 8878, 35, 31, 8.75, 1
2233, 8844, 7, 0, 8847, 8853, 9, 2, 1.29, 1
2234, 8849, 4, 0, 8854, 8857, 8, 4, 2.00, 1
2235, 8854, 6, 0, 8858, 8863, 9, 3, 1.50, 1
2236, 8862, 3, 0, 8864, 8866, 4, 1, 1.33, 1
2237, 8865, 4, 0, 8867, 8870, 5, 1, 1.25, 1
2238, 8871, 1, 0, 8874, 8874, 3, 2, 3.00, 1
2239, 8877, 6, 0, 8879, 8884, 7, 1, 1.17, 1
2240, 8883, 9, 0, 8885, 8893, 10, 1, 1.11, 1
2241, 8885, 1, 0, 8894, 8894, 9, 8, 9.00, 1
2242, 8895, 4, 0, 8897, 8900, 5, 1, 1.25, 1
2243, 8897, 4, 0, 8903, 8906, 9, 5, 2.25, 1
2244, 8898, 2, 0, 8901, 8902, 4, 2, 2.00, 1
2245, 8905, 5, 0, 8907, 8911, 6, 1, 1.20, 1
2246, 8907, 8, 0, 8920, 8927, 20, 12, 2.50, 1
2247, 8923, 2, 0, 8928, 8929, 6, 4, 3.00, 1
2248, 8925, 3, 0, 8930, 8932, 7, 4, 2.33, 1
2249, 8934, 4, 0, 47285, 47288, 38354, 38350, 9588.50, 1
2250, 8936, 3, 0, 47282, 47284, 38348, 38345, 12782.67, 1
2251, 8942, 15, 0, 47289, 47303, 38361, 38346, 2557.40, 1
2252, 8952, 1, 0, 8959, 8959, 7, 6, 7.00, 1
2253, 8958, 7, 0, 8960, 8966, 8, 1, 1.14, 1
2254, 8960, 13, 0, 47255, 47267, 38307, 38294, 2946.69, 1
2255, 8964, 8, 0, 8967, 8974, 10, 2, 1.25, 1
2256, 8968, 2, 0, 8976, 8977, 9, 7, 4.50, 1
2257, 8970, 1, 0, 8975, 8975, 5, 4, 5.00, 1
2258, 8973, 4, 0, 8978, 8981, 8, 4, 2.00, 1
2259, 8977, 4, 0, 8982, 8985, 8, 4, 2.00, 1
2260, 8978, 7, 0, 8986, 8992, 14, 7, 2.00, 1
2261, 8991, 7, 0, 8993, 8999, 8, 1, 1.14, 1
2262, 8992, 7, 0, 9012, 9018, 26, 19, 3.71, 1
2263, 8995, 1, 0, 9000, 9000, 5, 4, 5.00, 1
2264, 8999, 4, 0, 9001, 9004, 5, 1, 1.25, 1
2265, 9003, 6, 0, 9005, 9010, 7, 1, 1.17, 1
2266, 9010, 1, 0, 9011, 9011, 1, 0, 1.00, 1
2267, 9012, 12, 0, 47243, 47254, 38242, 38230, 3186.83, 1
2268, 9015, 4, 0, 9021, 9024, 9, 5, 2.25, 1
2269, 9018, 2, 0, 9019, 9020, 2, 0, 1.00, 1
2270, 9024, 9, 0, 9025, 9033, 9, 0, 1.00, 1
2271, 9025, 7, 0, 9044, 9050, 25, 18, 3.57, 1
2272, 9027, 5, 0, 9034, 9038, 11, 6, 2.20, 1
2273, 9034, 2, 0, 9039, 9040, 6, 4, 3.00, 1
2274, 9039, 3, 0, 9041, 9043, 4, 1, 1.33, 1
2275, 9040, 9, 0, 47234, 47242, 38202, 38193, 4244.67, 1
2276, 9044, 3, 0, 9051, 9053, 9, 6, 3.00, 1
2277, 9049, 4, 0, 9063, 9066, 17, 13, 4.25, 1
2278, 9052, 14, 0, 47268, 47281, 38229, 38215, 2730.64, 1
2279, 9053, 6, 0, 9054, 9059, 6, 0, 1.00, 1
2280, 9055, 2, 0, 9061, 9062, 7, 5, 3.50, 1
2281, 9056, 1, 0, 9060, 9060, 4, 3, 4.00, 1
2282, 9063, 3, 0, 9067, 9069, 6, 3, 2.00, 1
2283, 9065, 17, 0, 9070, 9086, 21, 4, 1.24, 1
2284, 9075, 5, 0, 9284, 9288, 213, 208, 42.60, 1
2285, 9077, 2, 0, 9281, 9282, 205, 203, 102.50, 1
2286, 9080, 1, 0, 9280, 9280, 200, 199, 200.00, 1
2287, 9081, 5, 0, 9290, 9294, 213, 208, 42.60, 1
2288, 9086, 6, 0, 9087, 9092, 6, 0, 1.00, 1
2289, 9090, 2, 0, 9093, 9094, 4, 2, 2.00, 1
2290, 9092, 5, 0, 9095, 9099, 7, 2, 1.40, 1
2291, 9094, 18, 0, 9183, 9200, 106, 88, 5.89, 1
2292, 9097, 5, 0, 9100, 9104, 7, 2, 1.40, 1
2293, 9100, 1, 0, 9108, 9108, 8, 7, 8.00, 1
2294, 9103, 2, 0, 9109, 9110, 7, 5, 3.50, 1
2295, 9104, 3, 0, 9105, 9107, 3, 0, 1.00, 1
2296, 9108, 13, 0, 9111, 9123, 15, 2, 1.15, 1
2297, 9113, 2, 0, 9130, 9131, 18, 16, 9.00, 1
2298, 9116, 16, 0, 9132, 9147, 31, 15, 1.94, 1
2299, 9121, 4, 0, 9124, 9127, 6, 2, 1.50, 1
2300, 9124, 1, 0, 9128, 9128, 4, 3, 4.00, 1
2301, 9126, 1, 0, 9129, 9129, 3, 2, 3.00, 1
2302, 9132, 6, 0, 9157, 9162, 30, 24, 5.00, 1
2303, 9135, 2, 0, 9153, 9154, 19, 17, 9.50, 1
2304, 9136, 1, 0, 9152, 9152, 16, 15, 16.00, 1
2305, 9140, 9, 0, 9167, 9175, 35, 26, 3.89, 1
2306, 9142, 1, 0, 9148, 9148, 6, 5, 6.00, 1
2307, 9145, 1, 0, 9149, 9149, 4, 3, 4.00, 1
2308, 9148, 2, 0, 9150, 9151, 3, 1, 1.50, 1
2309, 9153, 2, 0, 9155, 9156, 3, 1, 1.50, 1
2310, 9157, 4, 0, 9163, 9166, 9, 5, 2.25, 1
2311, 9174, 5, 0, 9176, 9180, 6, 1, 1.20, 1
2312, 9177, 2, 0, 9181, 9182, 5, 3, 2.50, 1
2313, 9196, 5, 0, 9201, 9205, 9, 4, 1.80, 1
2314, 9199, 9, 0, 9211, 9219, 20, 11, 2.22, 1
2315, 9203, 3, 0, 9208, 9210, 7, 4, 2.33, 1
2316, 9204, 2, 0, 9206, 9207, 3, 1, 1.50, 1
2317, 9213, 2, 0, 9220, 9221, 8, 6, 4.00, 1
2318, 9215, 3, 0, 9222, 9224, 9, 6, 3.00, 1
2319, 9221, 16, 0, 9225, 9240, 19, 3, 1.19, 1
2320, 9227, 2, 0, 9247, 9248, 21, 19, 10.50, 1
2321, 9228, 1, 0, 9245, 9245, 17, 16, 17.00, 1
2322, 9231, 1, 0, 9246, 9246, 15, 14, 15.00, 1
2323, 9234, 4, 0, 9241, 9244, 10, 6, 2.50, 1
2324, 9245, 4, 0, 9249, 9252, 7, 3, 1.75, 1
2325, 9249, 9, 0, 9253, 9261, 12, 3, 1.33, 1
2326, 9254, 1, 0, 9270, 9270, 16, 15, 16.00, 1
2327, 9255, 8, 0, 9271, 9278, 23, 15, 2.88, 1
2328, 9257, 3, 0, 9262, 9264, 7, 4, 2.33, 1
2329, 9262, 4, 0, 9265, 9268, 6, 2, 1.50, 1
2330, 9266, 1, 0, 9269, 9269, 3, 2, 3.00, 1
2331, 9271, 1, 0, 9279, 9279, 8, 7, 8.00, 1
2332, 9282, 1, 0, 9283, 9283, 1, 0, 1.00, 1
2333, 9287, 15, 0, 9315, 9329, 42, 27, 2.80, 1
2334, 9288, 1, 0, 9289, 9289, 1, 0, 1.00, 1
2335, 9292, 10, 0, 9295, 9304, 12, 2, 1.20, 1
2336, 9296, 2, 0, 9308, 9309, 13, 11, 6.50, 1
2337, 9298, 1, 0, 9305, 9305, 7, 6, 7.00, 1
2338, 9300, 5, 0, 9310, 9314, 14, 9, 2.80, 1
2339, 9305, 2, 0, 9306, 9307, 2, 0, 1.00, 1
2340, 9317, 5, 0, 9330, 9334, 17, 12, 3.40, 1
2341, 9322, 9, 0, 9358, 9366, 44, 35, 4.89, 1
2342, 9331, 1, 0, 9354, 9354, 23, 22, 23.00, 1
2343, 9332, 3, 0, 9355, 9357, 25, 22, 8.33, 1
2344, 9333, 12, 0, 9335, 9346, 13, 1, 1.08, 1
2345, 9340, 2, 0, 9350, 9351, 11, 9, 5.50, 1
2346, 9342, 2, 0, 9352, 9353, 11, 9, 5.50, 1
2347, 9346, 2, 0, 9347, 9348, 2, 0, 1.00, 1
2348, 9347, 1, 0, 9349, 9349, 2, 1, 2.00, 1
2349, 9358, 4, 0, 47225, 47228, 37870, 37866, 9467.50, 1
2350, 9360, 5, 0, 47229, 47233, 37873, 37868, 7574.60, 1
2351, 9364, 5, 0, 9368, 9372, 8, 3, 1.60, 1
2352, 9366, 1, 0, 9367, 9367, 1, 0, 1.00, 1
2353, 9367, 6, 0, 9373, 9378, 11, 5, 1.83, 1
2354, 9373, 4, 0, 9379, 9382, 9, 5, 2.25, 1
2355, 9375, 8, 0, 9396, 9403, 28, 20, 3.50, 1
2356, 9380, 5, 0, 9383, 9387, 7, 2, 1.40, 1
2357, 9384, 12, 0, 9435, 9446, 62, 50, 5.17, 1
2358, 9385, 3, 0, 9388, 9390, 5, 2, 1.67, 1
2359, 9386, 5, 0, 9391, 9395, 9, 4, 1.80, 1
2360, 9396, 7, 0, 9412, 9418, 22, 15, 3.14, 1
2361, 9401, 3, 0, 9404, 9406, 5, 2, 1.67, 1
2362, 9406, 5, 0, 9407, 9411, 5, 0, 1.00, 1
2363, 9411, 9, 0, 9421, 9429, 18, 9, 2.00, 1
2364, 9414, 2, 0, 9419, 9420, 6, 4, 3.00, 1
2365, 9425, 3, 0, 9432, 9434, 9, 6, 3.00, 1
2366, 9427, 1, 0, 9430, 9430, 3, 2, 3.00, 1
2367, 9428, 1, 0, 9431, 9431, 3, 2, 3.00, 1
2368, 9436, 11, 0, 9473, 9483, 47, 36, 4.27, 1
2369, 9441, 5, 0, 9454, 9458, 17, 12, 3.40, 1
2370, 9443, 11, 0, 47214, 47224, 37781, 37770, 3434.64, 1
2371, 9445, 6, 0, 9447, 9452, 7, 1, 1.17, 1
2372, 9449, 1, 0, 9453, 9453, 4, 3, 4.00, 1
2373, 9458, 10, 0, 9459, 9468, 10, 0, 1.00, 1
2374, 9464, 4, 0, 9469, 9472, 8, 4, 2.00, 1
2375, 9477, 6, 0, 9492, 9497, 20, 14, 3.33, 1
2376, 9481, 5, 0, 9487, 9491, 10, 5, 2.00, 1
2377, 9482, 3, 0, 9484, 9486, 4, 1, 1.33, 1
2378, 9486, 7, 0, 9499, 9505, 19, 12, 2.71, 1
2379, 9493, 1, 0, 9498, 9498, 5, 4, 5.00, 1
2380, 9500, 6, 0, 9515, 9520, 20, 14, 3.33, 1
2381, 9504, 5, 0, 9509, 9513, 9, 4, 1.80, 1
2382, 9505, 3, 0, 9506, 9508, 3, 0, 1.00, 1
2383, 9511, 1, 0, 9514, 9514, 3, 2, 3.00, 1
2384, 9516, 4, 0, 47206, 47209, 37693, 37689, 9423.25, 1
2385, 9519, 4, 0, 47210, 47213, 37694, 37690, 9423.50, 1
2386, 9520, 4, 0, 9521, 9524, 4, 0, 1.00, 1
2387, 9523, 11, 0, 9525, 9535, 12, 1, 1.09, 1
2388, 9526, 15, 0, 9567, 9581, 55, 40, 3.67, 1
2389, 9527, 2, 0, 9538, 9539, 12, 10, 6.00, 1
2390, 9528, 6, 0, 9541, 9546, 18, 12, 3.00, 1
2391, 9531, 2, 0, 9536, 9537, 6, 4, 3.00, 1
2392, 9539, 1, 0, 9540, 9540, 1, 0, 1.00, 1
2393, 9540, 13, 0, 9551, 9563, 23, 10, 1.77, 1
2394, 9542, 1, 0, 9547, 9547, 5, 4, 5.00, 1
2395, 9546, 1, 0, 9548, 9548, 2, 1, 2.00, 1
2396, 9547, 2, 0, 9549, 9550, 3, 1, 1.50, 1
2397, 9555, 1, 0, 9565, 9565, 10, 9, 10.00, 1
2398, 9556, 1, 0, 9566, 9566, 10, 9, 10.00, 1
2399, 9562, 1, 0, 9564, 9564, 2, 1, 2.00, 1
2400, 9567, 5, 0, 47191, 47195, 37628, 37623, 7525.60, 1
2401, 9568, 2, 0, 9595, 9596, 28, 26, 14.00, 1
2402, 9571, 4, 0, 9599, 9602, 31, 27, 7.75, 1
2403, 9573, 2, 0, 9583, 9584, 11, 9, 5.50, 1
2404, 9577, 1, 0, 9582, 9582, 5, 4, 5.00, 1
2405, 9583, 3, 0, 9585, 9587, 4, 1, 1.33, 1
2406, 9585, 2, 0, 9588, 9589, 4, 2, 2.00, 1
2407, 9588, 2, 0, 9590, 9591, 3, 1, 1.50, 1
2408, 9589, 3, 0, 9592, 9594, 5, 2, 1.67, 1
2409, 9595, 2, 0, 9597, 9598, 3, 1, 1.50, 1
2410, 9599, 10, 0, 47196, 47205, 37606, 37596, 3760.60, 1
2411, 9601, 14, 0, 9603, 9616, 15, 1, 1.07, 1
2412, 9603, 10, 0, 9633, 9642, 39, 29, 3.90, 1
2413, 9609, 8, 0, 9623, 9630, 21, 13, 2.62, 1
2414, 9611, 5, 0, 9618, 9622, 11, 6, 2.20, 1
2415, 9614, 1, 0, 9617, 9617, 3, 2, 3.00, 1
2416, 9615, 14, 0, 47177, 47190, 37575, 37561, 2683.93, 1
2417, 9630, 2, 0, 9631, 9632, 2, 0, 1.00, 1
2418, 9633, 2, 0, 47166, 47167, 37534, 37532, 18767.00, 1
2419, 9639, 9, 0, 47168, 47176, 37537, 37528, 4170.78, 1
2420, 9640, 24, 0, 9643, 9666, 26, 2, 1.08, 1
2421, 9644, 12, 0, 47154, 47165, 37521, 37509, 3126.75, 1
2422, 9650, 2, 0, 47148, 47149, 37499, 37497, 18749.50, 1
2423, 9659, 4, 0, 47150, 47153, 37494, 37490, 9373.50, 1
2424, 9660, 5, 0, 9674, 9678, 18, 13, 3.60, 1
2425, 9661, 2, 0, 9667, 9668, 7, 5, 3.50, 1
2426, 9663, 6, 0, 47134, 47139, 37476, 37470, 6246.00, 1
2427, 9668, 5, 0, 9669, 9673, 5, 0, 1.00, 1
2428, 9675, 5, 0, 9680, 9684, 9, 4, 1.80, 1
2429, 9677, 8, 0, 47140, 47147, 37470, 37462, 4683.75, 1
2430, 9678, 1, 0, 9679, 9679, 1, 0, 1.00, 1
2431, 9681, 4, 0, 9685, 9688, 7, 3, 1.75, 1
2432, 9687, 25, 0, 9693, 9717, 30, 5, 1.20, 1
2433, 9688, 3, 0, 9689, 9691, 3, 0, 1.00, 1
2434, 9689, 1, 0, 9692, 9692, 3, 2, 3.00, 1
2435, 9695, 14, 0, 9895, 9908, 213, 199, 15.21, 1
2436, 9700, 1, 0, 9891, 9891, 191, 190, 191.00, 1
2437, 9702, 3, 0, 9892, 9894, 192, 189, 64.00, 1
2438, 9704, 6, 0, 9722, 9727, 23, 17, 3.83, 1
2439, 9712, 3, 0, 9719, 9721, 9, 6, 3.00, 1
2440, 9717, 1, 0, 9718, 9718, 1, 0, 1.00, 1
2441, 9725, 5, 0, 9728, 9732, 7, 2, 1.40, 1
2442, 9731, 7, 0, 9733, 9739, 8, 1, 1.14, 1
2443, 9735, 11, 0, 9740, 9750, 15, 4, 1.36, 1
2444, 9745, 2, 0, 9751, 9752, 7, 5, 3.50, 1
2445, 9748, 17, 0, 9753, 9769, 21, 4, 1.24, 1
2446, 9754, 1, 0, 9885, 9885, 131, 130, 131.00, 1
2447, 9755, 5, 0, 9886, 9890, 135, 130, 27.00, 1
2448, 9757, 11, 0, 9791, 9801, 44, 33, 4.00, 1
2449, 9758, 10, 0, 9781, 9790, 32, 22, 3.20, 1
2450, 9759, 5, 0, 9771, 9775, 16, 11, 3.20, 1
2451, 9760, 1, 0, 9770, 9770, 10, 9, 10.00, 1
2452, 9762, 5, 0, 9776, 9780, 18, 13, 3.60, 1
2453, 9773, 15, 0, 9823, 9837, 64, 49, 4.27, 1
2454, 9792, 7, 0, 9803, 9809, 17, 10, 2.43, 1
2455, 9796, 1, 0, 9802, 9802, 6, 5, 6.00, 1
2456, 9805, 1, 0, 9810, 9810, 5, 4, 5.00, 1
2457, 9809, 3, 0, 9811, 9813, 4, 1, 1.33, 1
2458, 9810, 6, 0, 9814, 9819, 9, 3, 1.50, 1
2459, 9818, 3, 0, 9820, 9822, 4, 1, 1.33, 1
2460, 9822, 19, 0, 9840, 9858, 36, 17, 1.89, 1
2461, 9830, 2, 0, 9838, 9839, 9, 7, 4.50, 1
2462, 9849, 2, 0, 9860, 9861, 12, 10, 6.00, 1
2463, 9850, 1, 0, 9859, 9859, 9, 8, 9.00, 1
2464, 9857, 3, 0, 9862, 9864, 7, 4, 2.33, 1
2465, 9860, 4, 0, 9865, 9868, 8, 4, 2.00, 1
2466, 9864, 14, 0, 9870, 9883, 19, 5, 1.36, 1
2467, 9865, 1, 0, 9869, 9869, 4, 3, 4.00, 1
2468, 9877, 1, 0, 9884, 9884, 7, 6, 7.00, 1
2469, 9899, 5, 0, 9911, 9915, 16, 11, 3.20, 1
2470, 9904, 2, 0, 9909, 9910, 6, 4, 3.00, 1
2471, 9909, 14, 0, 9931, 9944, 35, 21, 2.50, 1
2472, 9915, 2, 0, 9916, 9917, 2, 0, 1.00, 1
2473, 9917, 12, 0, 9918, 9929, 12, 0, 1.00, 1
2474, 9919, 1, 0, 9930, 9930, 11, 10, 11.00, 1
2475, 9934, 2, 0, 47130, 47131, 37197, 37195, 18598.50, 1
2476, 9936, 2, 0, 47132, 47133, 37197, 37195, 18598.50, 1
2477, 9937, 4, 0, 9957, 9960, 23, 19, 5.75, 1
2478, 9940, 7, 0, 9961, 9967, 27, 20, 3.86, 1
2479, 9941, 6, 0, 9945, 9950, 9, 3, 1.50, 1
2480, 9945, 1, 0, 9951, 9951, 6, 5, 6.00, 1
2481, 9946, 4, 0, 9953, 9956, 10, 6, 2.50, 1
2482, 9951, 1, 0, 9952, 9952, 1, 0, 1.00, 1
2483, 9964, 10, 0, 9975, 9984, 20, 10, 2.00, 1
2484, 9965, 11, 0, 47106, 47116, 37151, 37140, 3377.36, 1
2485, 9967, 3, 0, 9968, 9970, 3, 0, 1.00, 1
2486, 9969, 4, 0, 9971, 9974, 5, 1, 1.25, 1
2487, 9977, 13, 0, 47117, 47129, 37152, 37139, 2857.85, 1
2488, 9983, 14, 0, 9985, 9998, 15, 1, 1.07, 1
2489, 9988, 11, 0, 10257, 10267, 279, 268, 25.36, 1
2490, 9989, 9, 0, 10104, 10112, 123, 114, 13.67, 1
2491, 9991, 16, 0, 10269, 10284, 293, 277, 18.31, 1
2492, 9994, 6, 0, 9999, 10004, 10, 4, 1.67, 1
2493, 9998, 14, 0, 10006, 10019, 21, 7, 1.50, 1
2494, 10003, 1, 0, 10005, 10005, 2, 1, 2.00, 1
2495, 10009, 4, 0, 10027, 10030, 21, 17, 5.25, 1
2496, 10012, 1, 0, 10025, 10025, 13, 12, 13.00, 1
2497, 10017, 1, 0, 10026, 10026, 9, 8, 9.00, 1
2498, 10018, 5, 0, 10020, 10024, 6, 1, 1.20, 1
2499, 10027, 1, 0, 10031, 10031, 4, 3, 4.00, 1
2500, 10029, 7, 0, 10032, 10038, 9, 2, 1.29, 1
2501, 10034, 6, 0, 10039, 10044, 10, 4, 1.67, 1
2502, 10039, 5, 0, 10073, 10077, 38, 33, 7.60, 1
2503, 10042, 23, 0, 10078, 10100, 58, 35, 2.52, 1
2504, 10043, 6, 0, 10045, 10050, 7, 1, 1.17, 1
2505, 10049, 9, 0, 10051, 10059, 10, 1, 1.11, 1
2506, 10059, 2, 0, 10060, 10061, 2, 0, 1.00, 1
2507, 10061, 11, 0, 10062, 10072, 11, 0, 1.00, 1
2508, 10095, 3, 0, 10101, 10103, 8, 5, 2.67, 1
2509, 10109, 12, 0, 10126, 10137, 28, 16, 2.33, 1
2510, 10111, 7, 0, 10113, 10119, 8, 1, 1.14, 1
2511, 10114, 1, 0, 10120, 10120, 6, 5, 6.00, 1
2512, 10120, 5, 0, 10121, 10125, 5, 0, 1.00, 1
2513, 10127, 4, 0, 10138, 10141, 14, 10, 3.50, 1
2514, 10138, 5, 0, 10142, 10146, 8, 3, 1.60, 1
2515, 10143, 3, 0, 10223, 10225, 82, 79, 27.33, 1
2516, 10144, 11, 0, 10226, 10236, 92, 81, 8.36, 1
2517, 10145, 16, 0, 10147, 10162, 17, 1, 1.06, 1
2518, 10147, 6, 0, 10172, 10177, 30, 24, 5.00, 1
2519, 10150, 2, 0, 10170, 10171, 21, 19, 10.50, 1
2520, 10153, 1, 0, 10165, 10165, 12, 11, 12.00, 1
2521, 10154, 11, 0, 10179, 10189, 35, 24, 3.18, 1
2522, 10159, 2, 0, 10163, 10164, 5, 3, 2.50, 1
2523, 10165, 4, 0, 10166, 10169, 4, 0, 1.00, 1
2524, 10173, 13, 0, 10200, 10212, 39, 26, 3.00, 1
2525, 10175, 1, 0, 10178, 10178, 3, 2, 3.00, 1
2526, 10180, 1, 0, 10190, 10190, 10, 9, 10.00, 1
2527, 10190, 3, 0, 10191, 10193, 3, 0, 1.00, 1
2528, 10192, 5, 0, 10195, 10199, 7, 2, 1.40, 1
2529, 10193, 1, 0, 10194, 10194, 1, 0, 1.00, 1
2530, 10204, 4, 0, 10215, 10218, 14, 10, 3.50, 1
2531, 10210, 2, 0, 10213, 10214, 4, 2, 2.00, 1
2532, 10216, 4, 0, 10219, 10222, 6, 2, 1.50, 1
2533, 10226, 6, 0, 10238, 10243, 17, 11, 2.83, 1
2534, 10236, 1, 0, 10237, 10237, 1, 0, 1.00, 1
2535, 10237, 9, 0, 10246, 10254, 17, 8, 1.89, 1
2536, 10242, 2, 0, 10244, 10245, 3, 1, 1.50, 1
2537, 10247, 2, 0, 10255, 10256, 9, 7, 4.50, 1
2538, 10264, 1, 0, 10268, 10268, 4, 3, 4.00, 1
2539, 10269, 13, 0, 10334, 10346, 77, 64, 5.92, 1
2540, 10270, 9, 0, 10309, 10317, 47, 38, 5.22, 1
2541, 10271, 5, 0, 10291, 10295, 24, 19, 4.80, 1
2542, 10275, 2, 0, 10285, 10286, 11, 9, 5.50, 1
2543, 10278, 6, 0, 10296, 10301, 23, 17, 3.83, 1
2544, 10286, 4, 0, 10287, 10290, 4, 0, 1.00, 1
2545, 10297, 7, 0, 10302, 10308, 11, 4, 1.57, 1
2546, 10316, 5, 0, 10318, 10322, 6, 1, 1.20, 1
2547, 10318, 2, 0, 10324, 10325, 7, 5, 3.50, 1
2548, 10319, 1, 0, 10323, 10323, 4, 3, 4.00, 1
2549, 10320, 3, 0, 10326, 10328, 8, 5, 2.67, 1
2550, 10327, 4, 0, 10330, 10333, 6, 2, 1.50, 1
2551, 10328, 1, 0, 10329, 10329, 1, 0, 1.00, 1
2552, 10345, 5, 0, 10347, 10351, 6, 1, 1.20, 1
2553, 10346, 14, 0, 47092, 47105, 36759, 36745, 2625.64, 1
2554, 10349, 9, 0, 10352, 10360, 11, 2, 1.22, 1
2555, 10352, 6, 0, 47075, 47080, 36728, 36722, 6121.33, 1
2556, 10353, 3, 0, 10361, 10363, 10, 7, 3.33, 1
2557, 10360, 5, 0, 47070, 47074, 36714, 36709, 7342.80, 1
2558, 10362, 11, 0, 47081, 47091, 36729, 36718, 3339.00, 1
2559, 10363, 12, 0, 10364, 10375, 12, 0, 1.00, 1
2560, 10372, 15, 0, 10420, 10434, 62, 47, 4.13, 1
2561, 10373, 11, 0, 10376, 10386, 13, 2, 1.18, 1
2562, 10381, 7, 0, 10412, 10418, 37, 30, 5.29, 1
2563, 10385, 4, 0, 10387, 10390, 5, 1, 1.25, 1
2564, 10386, 5, 0, 10391, 10395, 9, 4, 1.80, 1
2565, 10387, 6, 0, 10396, 10401, 14, 8, 2.33, 1
2566, 10392, 6, 0, 10406, 10411, 19, 13, 3.17, 1
2567, 10396, 1, 0, 10402, 10402, 6, 5, 6.00, 1
2568, 10398, 3, 0, 10403, 10405, 7, 4, 2.33, 1
2569, 10416, 1, 0, 10419, 10419, 3, 2, 3.00, 1
2570, 10420, 17, 0, 47035, 47051, 36631, 36614, 2154.76, 1
2571, 10421, 15, 0, 47020, 47034, 36613, 36598, 2440.87, 1
2572, 10428, 6, 0, 10447, 10452, 24, 18, 4.00, 1
2573, 10431, 14, 0, 47006, 47019, 36588, 36574, 2613.43, 1
2574, 10434, 5, 0, 10435, 10439, 5, 0, 1.00, 1
2575, 10435, 3, 0, 10442, 10444, 9, 6, 3.00, 1
2576, 10437, 2, 0, 10440, 10441, 4, 2, 2.00, 1
2577, 10442, 2, 0, 10445, 10446, 4, 2, 2.00, 1
2578, 10449, 4, 0, 10453, 10456, 7, 3, 1.75, 1
2579, 10453, 8, 0, 10457, 10464, 11, 3, 1.38, 1
2580, 10459, 10, 0, 10487, 10496, 37, 27, 3.70, 1
2581, 10462, 6, 0, 10481, 10486, 24, 18, 4.00, 1
2582, 10463, 5, 0, 10465, 10469, 6, 1, 1.20, 1
2583, 10465, 1, 0, 10470, 10470, 5, 4, 5.00, 1
2584, 10468, 1, 0, 10471, 10471, 3, 2, 3.00, 1
2585, 10470, 2, 0, 10473, 10474, 4, 2, 2.00, 1
2586, 10471, 1, 0, 10472, 10472, 1, 0, 1.00, 1
2587, 10474, 5, 0, 10475, 10479, 5, 0, 1.00, 1
2588, 10476, 1, 0, 10480, 10480, 4, 3, 4.00, 1
2589, 10487, 5, 0, 10504, 10508, 21, 16, 4.20, 1
2590, 10490, 3, 0, 10501, 10503, 13, 10, 4.33, 1
2591, 10491, 2, 0, 10498, 10499, 8, 6, 4.00, 1
2592, 10492, 1, 0, 10497, 10497, 5, 4, 5.00, 1
2593, 10493, 8, 0, 10512, 10519, 26, 18, 3.25, 1
2594, 10499, 1, 0, 10500, 10500, 1, 0, 1.00, 1
2595, 10504, 11, 0, 10540, 10550, 46, 35, 4.18, 1
2596, 10508, 3, 0, 10509, 10511, 3, 0, 1.00, 1
2597, 10513, 4, 0, 10520, 10523, 10, 6, 2.50, 1
2598, 10518, 5, 0, 10525, 10529, 11, 6, 2.20, 1
2599, 10523, 1, 0, 10524, 10524, 1, 0, 1.00, 1
2600, 10528, 2, 0, 10530, 10531, 3, 1, 1.50, 1
2601, 10530, 2, 0, 10532, 10533, 3, 1, 1.50, 1
2602, 10532, 2, 0, 10534, 10535, 3, 1, 1.50, 1
2603, 10534, 3, 0, 10536, 10538, 4, 1, 1.33, 1
2604, 10536, 1, 0, 10539, 10539, 3, 2, 3.00, 1
2605, 10541, 4, 0, 10584, 10587, 46, 42, 11.50, 1
2606, 10543, 2, 0, 10577, 10578, 35, 33, 17.50, 1
2607, 10544, 3, 0, 10579, 10581, 37, 34, 12.33, 1
2608, 10546, 10, 0, 10551, 10560, 14, 4, 1.40, 1
2609, 10560, 10, 0, 10561, 10570, 10, 0, 1.00, 1
2610, 10562, 5, 0, 10572, 10576, 14, 9, 2.80, 1
2611, 10564, 1, 0, 10571, 10571, 7, 6, 7.00, 1
2612, 10580, 2, 0, 10582, 10583, 3, 1, 1.50, 1
2613, 10583, 18, 0, 47052, 47069, 36486, 36468, 2027.00, 1
2614, 10585, 4, 0, 10588, 10591, 6, 2, 1.50, 1
2615, 10588, 1, 0, 10592, 10592, 4, 3, 4.00, 1
2616, 10592, 1, 0, 10593, 10593, 1, 0, 1.00, 1
2617, 10593, 18, 0, 10594, 10611, 18, 0, 1.00, 1
2618, 10602, 11, 0, 10619, 10629, 27, 16, 2.45, 1
2619, 10610, 6, 0, 10613, 10618, 8, 2, 1.33, 1
2620, 10611, 1, 0, 10612, 10612, 1, 0, 1.00, 1
2621, 10621, 6, 0, 10631, 10636, 15, 9, 2.50, 1
2622, 10628, 1, 0, 10630, 10630, 2, 1, 2.00, 1
2623, 10629, 6, 0, 10640, 10645, 16, 10, 2.67, 1
2624, 10635, 3, 0, 10637, 10639, 4, 1, 1.33, 1
2625, 10644, 9, 0, 10646, 10654, 10, 1, 1.11, 1
2626, 10646, 10, 0, 10655, 10664, 18, 8, 1.80, 1
2627, 10655, 4, 0, 10666, 10669, 14, 10, 3.50, 1
2628, 10664, 1, 0, 10665, 10665, 1, 0, 1.00, 1
2629, 10666, 6, 0, 46978, 46983, 36317, 36311, 6052.83, 1
2630, 10668, 22, 0, 46984, 47005, 36337, 36315, 1651.68, 1
2631, 10669, 3, 0, 10670, 10672, 3, 0, 1.00, 1
2632, 10670, 31, 0, 10674, 10704, 34, 3, 1.10, 1
2633, 10672, 1, 0, 10673, 10673, 1, 0, 1.00, 1
2634, 10676, 3, 0, 10712, 10714, 38, 35, 12.67, 1
2635, 10678, 3, 0, 10715, 10717, 39, 36, 13.00, 1
2636, 10682, 1, 0, 10708, 10708, 26, 25, 26.00, 1
2637, 10692, 3, 0, 10709, 10711, 19, 16, 6.33, 1
2638, 10699, 1, 0, 10705, 10705, 6, 5, 6.00, 1
2639, 10705, 2, 0, 10706, 10707, 2, 0, 1.00, 1
2640, 10713, 3, 0, 46967, 46969, 36256, 36253, 12085.33, 1
2641, 10716, 8, 0, 46970, 46977, 36261, 36253, 4532.62, 1
2642, 10717, 12, 0, 10718, 10729, 12, 0, 1.00, 1
2643, 10724, 11, 0, 10765, 10775, 51, 40, 4.64, 1
2644, 10728, 4, 0, 10730, 10733, 5, 1, 1.25, 1
2645, 10731, 5, 0, 10734, 10738, 7, 2, 1.40, 1
2646, 10735, 10, 0, 10743, 10752, 17, 7, 1.70, 1
2647, 10737, 1, 0, 10739, 10739, 2, 1, 2.00, 1
2648, 10739, 3, 0, 10740, 10742, 3, 0, 1.00, 1
2649, 10745, 1, 0, 10753, 10753, 8, 7, 8.00, 1
2650, 10748, 3, 0, 10754, 10756, 8, 5, 2.67, 1
2651, 10754, 2, 0, 10757, 10758, 4, 2, 2.00, 1
2652, 10758, 6, 0, 10759, 10764, 6, 0, 1.00, 1
2653, 10766, 14, 0, 10779, 10792, 26, 12, 1.86, 1
2654, 10770, 3, 0, 10776, 10778, 8, 5, 2.67, 1
2655, 10774, 14, 0, 10826, 10839, 65, 51, 4.64, 1
2656, 10789, 7, 0, 10793, 10799, 10, 3, 1.43, 1
2657, 10791, 7, 0, 10812, 10818, 27, 20, 3.86, 1
2658, 10796, 6, 0, 10803, 10808, 12, 6, 2.00, 1
2659, 10797, 3, 0, 10800, 10802, 5, 2, 1.67, 1
2660, 10807, 1, 0, 10809, 10809, 2, 1, 2.00, 1
2661, 10808, 1, 0, 10810, 10810, 2, 1, 2.00, 1
2662, 10810, 1, 0, 10811, 10811, 1, 0, 1.00, 1
2663, 10813, 14, 0, 11016, 11029, 216, 202, 15.43, 1
2664, 10816, 4, 0, 10822, 10825, 9, 5, 2.25, 1
2665, 10817, 3, 0, 10819, 10821, 4, 1, 1.33, 1
2666, 10831, 16, 0, 11108, 11123, 292, 276, 18.25, 1
2667, 10832, 10, 0, 10840, 10849, 17, 7, 1.70, 1
2668, 10842, 3, 0, 10935, 10937, 95, 92, 31.67, 1
2669, 10843, 2, 0, 10850, 10851, 8, 6, 4.00, 1
2670, 10844, 4, 0, 10938, 10941, 97, 93, 24.25, 1
2671, 10850, 1, 0, 10852, 10852, 2, 1, 2.00, 1
2672, 10851, 2, 0, 10853, 10854, 3, 1, 1.50, 1
2673, 10854, 7, 0, 10855, 10861, 7, 0, 1.00, 1
2674, 10855, 1, 0, 10867, 10867, 12, 11, 12.00, 1
2675, 10856, 8, 0, 10868, 10875, 19, 11, 2.38, 1
2676, 10857, 2, 0, 10862, 10863, 6, 4, 3.00, 1
2677, 10858, 3, 0, 10864, 10866, 8, 5, 2.67, 1
2678, 10867, 8, 0, 10877, 10884, 17, 9, 2.12, 1
2679, 10869, 1, 0, 10876, 10876, 7, 6, 7.00, 1
2680, 10883, 2, 0, 10885, 10886, 3, 1, 1.50, 1
2681, 10885, 1, 0, 10887, 10887, 2, 1, 2.00, 1
2682, 10887, 2, 0, 10888, 10889, 2, 0, 1.00, 1
2683, 10888, 7, 0, 10890, 10896, 8, 1, 1.14, 1
2684, 10890, 1, 0, 10897, 10897, 7, 6, 7.00, 1
2685, 10894, 5, 0, 10901, 10905, 11, 6, 2.20, 1
2686, 10897, 1, 0, 10898, 10898, 1, 0, 1.00, 1
2687, 10898, 2, 0, 10899, 10900, 2, 0, 1.00, 1
2688, 10902, 4, 0, 10907, 10910, 8, 4, 2.00, 1
2689, 10904, 7, 0, 10911, 10917, 13, 6, 1.86, 1
2690, 10905, 1, 0, 10906, 10906, 1, 0, 1.00, 1
2691, 10907, 7, 0, 10920, 10926, 19, 12, 2.71, 1
2692, 10914, 2, 0, 10918, 10919, 5, 3, 2.50, 1
2693, 10926, 4, 0, 10927, 10930, 4, 0, 1.00, 1
2694, 10928, 2, 0, 10931, 10932, 4, 2, 2.00, 1
2695, 10930, 2, 0, 10933, 10934, 4, 2, 2.00, 1
2696, 10936, 5, 0, 10942, 10946, 10, 5, 2.00, 1
2697, 10943, 8, 0, 10947, 10954, 11, 3, 1.38, 1
2698, 10947, 1, 0, 11006, 11006, 59, 58, 59.00, 1
2699, 10951, 9, 0, 11007, 11015, 64, 55, 7.11, 1
2700, 10952, 7, 0, 10955, 10961, 9, 2, 1.29, 1
2701, 10955, 2, 0, 10962, 10963, 8, 6, 4.00, 1
2702, 10960, 8, 0, 10964, 10971, 11, 3, 1.38, 1
2703, 10964, 9, 0, 10995, 11003, 39, 30, 4.33, 1
2704, 10970, 8, 0, 10972, 10979, 9, 1, 1.12, 1
2705, 10972, 4, 0, 10983, 10986, 14, 10, 3.50, 1
2706, 10974, 2, 0, 10981, 10982, 8, 6, 4.00, 1
2707, 10975, 1, 0, 10980, 10980, 5, 4, 5.00, 1
2708, 10983, 2, 0, 10987, 10988, 5, 3, 2.50, 1
2709, 10987, 1, 0, 10989, 10989, 2, 1, 2.00, 1
2710, 10989, 4, 0, 10990, 10993, 4, 0, 1.00, 1
2711, 10991, 1, 0, 10994, 10994, 3, 2, 3.00, 1
2712, 11001, 2, 0, 11004, 11005, 4, 2, 2.00, 1
2713, 11017, 4, 0, 11092, 11095, 78, 74, 19.50, 1
2714, 11020, 3, 0, 11083, 11085, 65, 62, 21.67, 1
2715, 11028, 4, 0, 11102, 11105, 77, 73, 19.25, 1
2716, 11029, 6, 0, 11030, 11035, 6, 0, 1.00, 1
2717, 11034, 12, 0, 11036, 11047, 13, 1, 1.08, 1
2718, 11037, 4, 0, 11062, 11065, 28, 24, 7.00, 1
2719, 11038, 2, 0, 11060, 11061, 23, 21, 11.50, 1
2720, 11040, 6, 0, 11073, 11078, 38, 32, 6.33, 1
2721, 11041, 1, 0, 11048, 11048, 7, 6, 7.00, 1
2722, 11047, 2, 0, 11049, 11050, 3, 1, 1.50, 1
2723, 11050, 6, 0, 11051, 11056, 6, 0, 1.00, 1
2724, 11052, 3, 0, 11057, 11059, 7, 4, 2.33, 1
2725, 11064, 5, 0, 11066, 11070, 6, 1, 1.20, 1
2726, 11069, 2, 0, 11071, 11072, 3, 1, 1.50, 1
2727, 11078, 4, 0, 11079, 11082, 4, 0, 1.00, 1
2728, 11083, 1, 0, 11086, 11086, 3, 2, 3.00, 1
2729, 11086, 5, 0, 11087, 11091, 5, 0, 1.00, 1
2730, 11092, 2, 0, 11098, 11099, 7, 5, 3.50, 1
2731, 11093, 1, 0, 11096, 11096, 3, 2, 3.00, 1
2732, 11094, 1, 0, 11097, 11097, 3, 2, 3.00, 1
2733, 11098, 2, 0, 11100, 11101, 3, 1, 1.50, 1
2734, 11102, 1, 0, 11106, 11106, 4, 3, 4.00, 1
2735, 11106, 1, 0, 11107, 11107, 1, 0, 1.00, 1
2736, 11111, 1, 0, 46965, 46965, 35854, 35853, 35854.00, 1
2737, 11115, 1, 0, 46966, 46966, 35851, 35850, 35851.00, 1
2738, 11116, 3, 0, 11125, 11127, 11, 8, 3.67, 1
2739, 11117, 1, 0, 11124, 11124, 7, 6, 7.00, 1
2740, 11121, 4, 0, 11128, 11131, 10, 6, 2.50, 1
2741, 11127, 6, 0, 11135, 11140, 13, 7, 2.17, 1
2742, 11128, 6, 0, 46953, 46958, 35830, 35824, 5971.67, 1
2743, 11130, 3, 0, 11132, 11134, 4, 1, 1.33, 1
2744, 11135, 6, 0, 46959, 46964, 35829, 35823, 5971.50, 1
2745, 11139, 21, 0, 11141, 11161, 22, 1, 1.05, 1
2746, 11143, 4, 0, 46940, 46943, 35800, 35796, 8950.00, 1
2747, 11145, 9, 0, 46944, 46952, 35807, 35798, 3978.56, 1
2748, 11147, 3, 0, 46929, 46931, 35784, 35781, 11928.00, 1
2749, 11148, 8, 0, 46932, 46939, 35791, 35783, 4473.88, 1
2750, 11152, 7, 0, 46905, 46911, 35759, 35752, 5108.43, 1
2751, 11156, 2, 0, 11162, 11163, 7, 5, 3.50, 1
2752, 11163, 6, 0, 11164, 11169, 6, 0, 1.00, 1
2753, 11165, 4, 0, 11170, 11173, 8, 4, 2.00, 1
2754, 11171, 5, 0, 11174, 11178, 7, 2, 1.40, 1
2755, 11174, 17, 0, 46912, 46928, 35754, 35737, 2103.18, 1
2756, 11176, 5, 0, 11179, 11183, 7, 2, 1.40, 1
2757, 11177, 6, 0, 11184, 11189, 12, 6, 2.00, 1
2758, 11186, 7, 0, 11203, 11209, 23, 16, 3.29, 1
2759, 11188, 6, 0, 11190, 11195, 7, 1, 1.17, 1
2760, 11191, 1, 0, 11197, 11197, 6, 5, 6.00, 1
2761, 11192, 5, 0, 11198, 11202, 10, 5, 2.00, 1
2762, 11194, 1, 0, 11196, 11196, 2, 1, 2.00, 1
2763, 11208, 9, 0, 11210, 11218, 10, 1, 1.11, 1
2764, 11210, 1, 0, 46893, 46893, 35683, 35682, 35683.00, 1
2765, 11211, 11, 0, 46894, 46904, 35693, 35682, 3244.82, 1
2766, 11214, 4, 0, 11221, 11224, 10, 6, 2.50, 1
2767, 11215, 2, 0, 11219, 11220, 5, 3, 2.50, 1
2768, 11220, 19, 0, 11225, 11243, 23, 4, 1.21, 1
2769, 11228, 16, 0, 46877, 46892, 35664, 35648, 2229.00, 1
2770, 11235, 1, 0, 11244, 11244, 9, 8, 9.00, 1
2771, 11240, 11, 0, 11245, 11255, 15, 4, 1.36, 1
2772, 11250, 7, 0, 11256, 11262, 12, 5, 1.71, 1
2773, 11252, 11, 0, 11266, 11276, 24, 13, 2.18, 1
2774, 11262, 2, 0, 11263, 11264, 2, 0, 1.00, 1
2775, 11264, 1, 0, 11265, 11265, 1, 0, 1.00, 1
2776, 11268, 12, 0, 11299, 11310, 42, 30, 3.50, 1
2777, 11271, 4, 0, 11279, 11282, 11, 7, 2.75, 1
2778, 11273, 2, 0, 11277, 11278, 5, 3, 2.50, 1
2779, 11282, 4, 0, 11283, 11286, 4, 0, 1.00, 1
2780, 11285, 8, 0, 11287, 11294, 9, 1, 1.12, 1
2781, 11288, 4, 0, 11295, 11298, 10, 6, 2.50, 1
2782, 11298, 13, 0, 46864, 46876, 35578, 35565, 2736.77, 1
2783, 11306, 2, 0, 11328, 11329, 23, 21, 11.50, 1
2784, 11307, 11, 0, 11330, 11340, 33, 22, 3.00, 1
2785, 11310, 5, 0, 11311, 11315, 5, 0, 1.00, 1
2786, 11312, 1, 0, 11316, 11316, 4, 3, 4.00, 1
2787, 11315, 7, 0, 11320, 11326, 11, 4, 1.57, 1
2788, 11316, 3, 0, 11317, 11319, 3, 0, 1.00, 1
2789, 11323, 1, 0, 11327, 11327, 4, 3, 4.00, 1
2790, 11334, 6, 0, 46849, 46854, 35520, 35514, 5920.00, 1
2791, 11335, 9, 0, 46855, 46863, 35528, 35519, 3947.56, 1
2792, 11336, 16, 0, 46833, 46848, 35512, 35496, 2219.50, 1
2793, 11339, 12, 0, 11341, 11352, 13, 1, 1.08, 1
2794, 11341, 11, 0, 46822, 46832, 35491, 35480, 3226.45, 1
2795, 11342, 1, 0, 46819, 46819, 35477, 35476, 35477.00, 1
2796, 11345, 2, 0, 46820, 46821, 35476, 35474, 17738.00, 1
2797, 11351, 6, 0, 11353, 11358, 7, 1, 1.17, 1
2798, 11356, 2, 0, 11359, 11360, 4, 2, 2.00, 1
2799, 11359, 4, 0, 11361, 11364, 5, 1, 1.25, 1
2800, 11360, 13, 0, 11399, 11411, 51, 38, 3.92, 1
2801, 11361, 2, 0, 11365, 11366, 5, 3, 2.50, 1
2802, 11364, 12, 0, 11387, 11398, 34, 22, 2.83, 1
2803, 11366, 10, 0, 11367, 11376, 10, 0, 1.00, 1
2804, 11368, 9, 0, 11377, 11385, 17, 8, 1.89, 1
2805, 11374, 18, 0, 46801, 46818, 35444, 35426, 1969.11, 1
2806, 11378, 1, 0, 11386, 11386, 8, 7, 8.00, 1
2807, 11402, 5, 0, 11412, 11416, 14, 9, 2.80, 1
2808, 11412, 9, 0, 11417, 11425, 13, 4, 1.44, 1
2809, 11418, 4, 0, 11430, 11433, 15, 11, 3.75, 1
2810, 11420, 8, 0, 11438, 11445, 25, 17, 3.12, 1
2811, 11424, 2, 0, 11426, 11427, 3, 1, 1.50, 1
2812, 11426, 1, 0, 11428, 11428, 2, 1, 2.00, 1
2813, 11427, 1, 0, 11429, 11429, 2, 1, 2.00, 1
2814, 11430, 2, 0, 11435, 11436, 6, 4, 3.00, 1
2815, 11431, 1, 0, 11434, 11434, 3, 2, 3.00, 1
2816, 11435, 1, 0, 11437, 11437, 2, 1, 2.00, 1
2817, 11439, 5, 0, 46791, 46795, 35356, 35351, 7071.20, 1
2818, 11440, 3, 0, 46788, 46790, 35350, 35347, 11783.33, 1
2819, 11443, 5, 0, 46796, 46800, 35357, 35352, 7071.40, 1
2820, 11445, 30, 0, 11446, 11475, 30, 0, 1.00, 1
2821, 11451, 2, 0, 46780, 46781, 35330, 35328, 17665.00, 1
2822, 11456, 6, 0, 46782, 46787, 35331, 35325, 5888.50, 1
2823, 11459, 1, 0, 46777, 46777, 35318, 35317, 35318.00, 1
2824, 11460, 2, 0, 46778, 46779, 35319, 35317, 17659.50, 1
2825, 11462, 7, 0, 46770, 46776, 35314, 35307, 5044.86, 1
2826, 11465, 4, 0, 46760, 46763, 35298, 35294, 8824.50, 1
2827, 11468, 6, 0, 46764, 46769, 35301, 35295, 5883.50, 1
2828, 11470, 5, 0, 11480, 11484, 14, 9, 2.80, 1
2829, 11471, 4, 0, 11476, 11479, 8, 4, 2.00, 1
2830, 11478, 5, 0, 11502, 11506, 28, 23, 5.60, 1
2831, 11482, 3, 0, 11485, 11487, 5, 2, 1.67, 1
2832, 11483, 3, 0, 11488, 11490, 7, 4, 2.33, 1
2833, 11486, 18, 0, 11535, 11552, 66, 48, 3.67, 1
2834, 11488, 7, 0, 11491, 11497, 9, 2, 1.29, 1
2835, 11493, 1, 0, 11498, 11498, 5, 4, 5.00, 1
2836, 11498, 3, 0, 11499, 11501, 3, 0, 1.00, 1
2837, 11503, 2, 0, 11507, 11508, 5, 3, 2.50, 1
2838, 11506, 15, 0, 11509, 11523, 17, 2, 1.13, 1
2839, 11513, 4, 0, 11531, 11534, 21, 17, 5.25, 1
2840, 11514, 1, 0, 11529, 11529, 15, 14, 15.00, 1
2841, 11517, 1, 0, 11530, 11530, 13, 12, 13.00, 1
2842, 11519, 3, 0, 11526, 11528, 9, 6, 3.00, 1
2843, 11521, 2, 0, 11524, 11525, 4, 2, 2.00, 1
2844, 11538, 1, 0, 46757, 46757, 35219, 35218, 35219.00, 1
2845, 11542, 2, 0, 46758, 46759, 35217, 35215, 17608.50, 1
2846, 11543, 2, 0, 46749, 46750, 35207, 35205, 17603.50, 1
2847, 11546, 6, 0, 46751, 46756, 35210, 35204, 5868.33, 1
2848, 11547, 3, 0, 11566, 11568, 21, 18, 7.00, 1
2849, 11548, 3, 0, 11571, 11573, 25, 22, 8.33, 1
2850, 11551, 2, 0, 11553, 11554, 3, 1, 1.50, 1
2851, 11552, 3, 0, 11555, 11557, 5, 2, 1.67, 1
2852, 11554, 3, 0, 11558, 11560, 6, 3, 2.00, 1
2853, 11558, 1, 0, 11561, 11561, 3, 2, 3.00, 1
2854, 11559, 4, 0, 11562, 11565, 6, 2, 1.50, 1
2855, 11568, 1, 0, 11569, 11569, 1, 0, 1.00, 1
2856, 11569, 1, 0, 11570, 11570, 1, 0, 1.00, 1
2857, 11572, 14, 0, 11574, 11587, 15, 1, 1.07, 1
2858, 11574, 6, 0, 46743, 46748, 35174, 35168, 5862.33, 1
2859, 11575, 5, 0, 46733, 46737, 35162, 35157, 7032.40, 1
2860, 11578, 5, 0, 46738, 46742, 35164, 35159, 7032.80, 1
2861, 11580, 3, 0, 46727, 46729, 35149, 35146, 11716.33, 1
2862, 11583, 3, 0, 46730, 46732, 35149, 35146, 11716.33, 1
2863, 11586, 6, 0, 11588, 11593, 7, 1, 1.17, 1
2864, 11591, 3, 0, 11594, 11596, 5, 2, 1.67, 1
2865, 11594, 5, 0, 11605, 11609, 15, 10, 3.00, 1
2866, 11595, 3, 0, 11597, 11599, 4, 1, 1.33, 1
2867, 11599, 1, 0, 11600, 11600, 1, 0, 1.00, 1
2868, 11600, 4, 0, 11601, 11604, 4, 0, 1.00, 1
2869, 11601, 12, 0, 11625, 11636, 35, 23, 2.92, 1
2870, 11608, 8, 0, 11610, 11617, 9, 1, 1.12, 1
2871, 11613, 5, 0, 11618, 11622, 9, 4, 1.80, 1
2872, 11619, 2, 0, 11623, 11624, 5, 3, 2.50, 1
2873, 11631, 6, 0, 11637, 11642, 11, 5, 1.83, 1
2874, 11635, 10, 0, 11643, 11652, 17, 7, 1.70, 1
2875, 11643, 2, 0, 46720, 46721, 35078, 35076, 17539.00, 1
2876, 11645, 5, 0, 46722, 46726, 35081, 35076, 7016.20, 1
2877, 11651, 1, 0, 11653, 11653, 2, 1, 2.00, 1
2878, 11653, 2, 0, 11654, 11655, 2, 0, 1.00, 1
2879, 11654, 8, 0, 11656, 11663, 9, 1, 1.12, 1
2880, 11656, 5, 0, 11668, 11672, 16, 11, 3.20, 1
2881, 11662, 4, 0, 11664, 11667, 5, 1, 1.25, 1
2882, 11666, 9, 0, 46701, 46709, 35043, 35034, 3893.67, 1
2883, 11669, 3, 0, 46698, 46700, 35031, 35028, 11677.00, 1
2884, 11671, 10, 0, 46710, 46719, 35048, 35038, 3504.80, 1
2885, 11672, 8, 0, 11673, 11680, 8, 0, 1.00, 1
2886, 11674, 19, 0, 11681, 11699, 25, 6, 1.32, 1
2887, 11686, 1, 0, 46691, 46691, 35005, 35004, 35005.00, 1
2888, 11694, 6, 0, 46692, 46697, 35003, 34997, 5833.83, 1
2889, 11695, 2, 0, 11708, 11709, 14, 12, 7.00, 1
2890, 11697, 14, 0, 11714, 11727, 30, 16, 2.14, 1
2891, 11699, 4, 0, 11700, 11703, 4, 0, 1.00, 1
2892, 11702, 4, 0, 11704, 11707, 5, 1, 1.25, 1
2893, 11709, 4, 0, 11710, 11713, 4, 0, 1.00, 1
2894, 11723, 7, 0, 11730, 11736, 13, 6, 1.86, 1
2895, 11724, 8, 0, 46671, 46678, 34954, 34946, 4369.25, 1
2896, 11727, 2, 0, 11728, 11729, 2, 0, 1.00, 1
2897, 11730, 12, 0, 46679, 46690, 34960, 34948, 2913.33, 1
2898, 11735, 2, 0, 11737, 11738, 3, 1, 1.50, 1
2899, 11737, 5, 0, 11739, 11743, 6, 1, 1.20, 1
2900, 11740, 10, 0, 46640, 46649, 34909, 34899, 3490.90, 1
2901, 11741, 6, 0, 11747, 11752, 11, 5, 1.83, 1
2902, 11743, 3, 0, 11744, 11746, 3, 0, 1.00, 1
2903, 11747, 7, 0, 11753, 11759, 12, 5, 1.71, 1
2904, 11749, 21, 0, 46650, 46670, 34921, 34900, 1662.90, 1
2905, 11756, 6, 0, 11760, 11765, 9, 3, 1.50, 1
2906, 11761, 14, 0, 11769, 11782, 21, 7, 1.50, 1
2907, 11763, 2, 0, 11767, 11768, 5, 3, 2.50, 1
2908, 11765, 1, 0, 11766, 11766, 1, 0, 1.00, 1
2909, 11772, 6, 0, 11783, 11788, 16, 10, 2.67, 1
2910, 11774, 6, 0, 11795, 11800, 26, 20, 4.33, 1
2911, 11784, 5, 0, 11789, 11793, 9, 4, 1.80, 1
2912, 11787, 10, 0, 11802, 11811, 24, 14, 2.40, 1
2913, 11792, 1, 0, 11794, 11794, 2, 1, 2.00, 1
2914, 11799, 10, 0, 11854, 11863, 64, 54, 6.40, 1
2915, 11800, 1, 0, 11801, 11801, 1, 0, 1.00, 1
2916, 11802, 9, 0, 11845, 11853, 51, 42, 5.67, 1
2917, 11804, 3, 0, 11836, 11838, 34, 31, 11.33, 1
2918, 11808, 15, 0, 46625, 46639, 34831, 34816, 2322.07, 1
2919, 11810, 6, 0, 11812, 11817, 7, 1, 1.17, 1
2920, 11811, 7, 0, 11818, 11824, 13, 6, 1.86, 1
2921, 11818, 7, 0, 11829, 11835, 17, 10, 2.43, 1
2922, 11819, 4, 0, 11825, 11828, 9, 5, 2.25, 1
2923, 11836, 5, 0, 11839, 11843, 7, 2, 1.40, 1
2924, 11840, 1, 0, 11844, 11844, 4, 3, 4.00, 1
2925, 11858, 2, 0, 11864, 11865, 7, 5, 3.50, 1
2926, 11865, 5, 0, 11866, 11870, 5, 0, 1.00, 1
2927, 11868, 7, 0, 11871, 11877, 9, 2, 1.29, 1
2928, 11871, 6, 0, 46610, 46615, 34744, 34738, 5790.67, 1
2929, 11876, 2, 0, 11878, 11879, 3, 1, 1.50, 1
2930, 11878, 9, 0, 46616, 46624, 34746, 34737, 3860.67, 1
2931, 11879, 15, 0, 11880, 11894, 15, 0, 1.00, 1
2932, 11881, 4, 0, 11993, 11996, 115, 111, 28.75, 1
2933, 11884, 37, 0, 11997, 12033, 149, 112, 4.03, 1
2934, 11892, 3, 0, 11895, 11897, 5, 2, 1.67, 1
2935, 11894, 8, 0, 11899, 11906, 12, 4, 1.50, 1
2936, 11896, 1, 0, 11898, 11898, 2, 1, 2.00, 1
2937, 11898, 10, 0, 11920, 11929, 31, 21, 3.10, 1
2938, 11902, 5, 0, 11909, 11913, 11, 6, 2.20, 1
2939, 11903, 2, 0, 11907, 11908, 5, 3, 2.50, 1
2940, 11908, 19, 0, 11956, 11974, 66, 47, 3.47, 1
2941, 11911, 5, 0, 11914, 11918, 7, 2, 1.40, 1
2942, 11915, 1, 0, 11919, 11919, 4, 3, 4.00, 1
2943, 11925, 1, 0, 11930, 11930, 5, 4, 5.00, 1
2944, 11929, 7, 0, 11938, 11944, 15, 8, 2.14, 1
2945, 11930, 4, 0, 11931, 11934, 4, 0, 1.00, 1
2946, 11933, 1, 0, 11935, 11935, 2, 1, 2.00, 1
2947, 11934, 2, 0, 11936, 11937, 3, 1, 1.50, 1
2948, 11939, 1, 0, 11947, 11947, 8, 7, 8.00, 1
2949, 11943, 5, 0, 11948, 11952, 9, 4, 1.80, 1
2950, 11944, 2, 0, 11945, 11946, 2, 0, 1.00, 1
2951, 11948, 3, 0, 11953, 11955, 7, 4, 2.33, 1
2952, 11959, 3, 0, 11977, 11979, 20, 17, 6.67, 1
2953, 11962, 1, 0, 11976, 11976, 14, 13, 14.00, 1
2954, 11964, 10, 0, 11980, 11989, 25, 15, 2.50, 1
2955, 11974, 1, 0, 11975, 11975, 1, 0, 1.00, 1
2956, 11984, 3, 0, 11990, 11992, 8, 5, 2.67, 1
2957, 12009, 2, 0, 46606, 46607, 34598, 34596, 17299.00, 1
2958, 12011, 2, 0, 46608, 46609, 34598, 34596, 17299.00, 1
2959, 12012, 12, 0, 46594, 46605, 34593, 34581, 2882.75, 1
2960, 12013, 1, 0, 46585, 46585, 34572, 34571, 34572.00, 1
2961, 12016, 8, 0, 46586, 46593, 34577, 34569, 4322.12, 1
2962, 12017, 13, 0, 12037, 12049, 32, 19, 2.46, 1
2963, 12021, 15, 0, 46570, 46584, 34563, 34548, 2304.20, 1
2964, 12025, 3, 0, 12034, 12036, 11, 8, 3.67, 1
2965, 12038, 6, 0, 46557, 46562, 34524, 34518, 5754.00, 1
2966, 12042, 7, 0, 46563, 46569, 34527, 34520, 4932.43, 1
2967, 12044, 3, 0, 12051, 12053, 9, 6, 3.00, 1
2968, 12046, 1, 0, 12050, 12050, 4, 3, 4.00, 1
2969, 12047, 11, 0, 46531, 46541, 34494, 34483, 3135.82, 1
2970, 12051, 15, 0, 46542, 46556, 34505, 34490, 2300.33, 1
2971, 12053, 6, 0, 12054, 12059, 6, 0, 1.00, 1
2972, 12054, 3, 0, 12060, 12062, 8, 5, 2.67, 1
2973, 12060, 3, 0, 12063, 12065, 5, 2, 1.67, 1
2974, 12063, 19, 0, 12066, 12084, 21, 2, 1.11, 1
2975, 12067, 5, 0, 12092, 12096, 29, 24, 5.80, 1
2976, 12069, 8, 0, 12097, 12104, 35, 27, 4.38, 1
2977, 12073, 7, 0, 12085, 12091, 18, 11, 2.57, 1
2978, 12092, 11, 0, 12108, 12118, 26, 15, 2.36, 1
2979, 12100, 2, 0, 12106, 12107, 7, 5, 3.50, 1
2980, 12103, 1, 0, 12105, 12105, 2, 1, 2.00, 1
2981, 12105, 12, 0, 46519, 46530, 34425, 34413, 2868.75, 1
2982, 12109, 2, 0, 46514, 46515, 34406, 34404, 17203.00, 1
2983, 12114, 3, 0, 46516, 46518, 34404, 34401, 11468.00, 1
2984, 12116, 19, 0, 12128, 12146, 30, 11, 1.58, 1
2985, 12117, 7, 0, 12119, 12125, 8, 1, 1.14, 1
2986, 12125, 2, 0, 12126, 12127, 2, 0, 1.00, 1
2987, 12128, 4, 0, 46506, 46509, 34381, 34377, 8595.25, 1
2988, 12129, 4, 0, 46510, 46513, 34384, 34380, 8596.00, 1
2989, 12134, 6, 0, 12163, 12168, 34, 28, 5.67, 1
2990, 12135, 5, 0, 12151, 12155, 20, 15, 4.00, 1
2991, 12136, 1, 0, 12148, 12148, 12, 11, 12.00, 1
2992, 12137, 2, 0, 12149, 12150, 13, 11, 6.50, 1
2993, 12144, 1, 0, 12147, 12147, 3, 2, 3.00, 1
2994, 12151, 3, 0, 12156, 12158, 7, 4, 2.33, 1
2995, 12154, 3, 0, 12160, 12162, 8, 5, 2.67, 1
2996, 12157, 1, 0, 12159, 12159, 2, 1, 2.00, 1
2997, 12165, 2, 0, 12170, 12171, 6, 4, 3.00, 1
2998, 12166, 1, 0, 12169, 12169, 3, 2, 3.00, 1
2999, 12167, 12, 0, 12172, 12183, 16, 4, 1.33, 1
3000, 12172, 9, 0, 46486, 46494, 34322, 34313, 3813.56, 1
3001, 12176, 11, 0, 46495, 46505, 34329, 34318, 3120.82, 1
3002, 12179, 8, 0, 12191, 12198, 19, 11, 2.38, 1
3003, 12183, 3, 0, 12184, 12186, 3, 0, 1.00, 1
3004, 12184, 3, 0, 12187, 12189, 5, 2, 1.67, 1
3005, 12188, 1, 0, 12190, 12190, 2, 1, 2.00, 1
3006, 12195, 2, 0, 46482, 46483, 34288, 34286, 17144.00, 1
3007, 12197, 2, 0, 46484, 46485, 34288, 34286, 17144.00, 1
3008, 12198, 10, 0, 12199, 12208, 10, 0, 1.00, 1
3009, 12200, 2, 0, 46472, 46473, 34273, 34271, 17136.50, 1
3010, 12201, 8, 0, 46474, 46481, 34280, 34272, 4285.00, 1
3011, 12204, 6, 0, 12413, 12418, 214, 208, 35.67, 1
3012, 12206, 2, 0, 12408, 12409, 203, 201, 101.50, 1
3013, 12207, 3, 0, 12410, 12412, 205, 202, 68.33, 1
3014, 12208, 10, 0, 12209, 12218, 10, 0, 1.00, 1
3015, 12210, 5, 0, 12223, 12227, 17, 12, 3.40, 1
3016, 12211, 4, 0, 12219, 12222, 11, 7, 2.75, 1
3017, 12223, 3, 0, 12228, 12230, 7, 4, 2.33, 1
3018, 12226, 4, 0, 12232, 12235, 9, 5, 2.25, 1
3019, 12228, 7, 0, 12239, 12245, 17, 10, 2.43, 1
3020, 12229, 1, 0, 12231, 12231, 2, 1, 2.00, 1
3021, 12232, 1, 0, 12236, 12236, 4, 3, 4.00, 1
3022, 12235, 2, 0, 12237, 12238, 3, 1, 1.50, 1
3023, 12238, 9, 0, 12261, 12269, 31, 22, 3.44, 1
3024, 12241, 6, 0, 12246, 12251, 10, 4, 1.67, 1
3025, 12250, 4, 0, 12252, 12255, 5, 1, 1.25, 1
3026, 12253, 1, 0, 12256, 12256, 3, 2, 3.00, 1
3027, 12254, 4, 0, 12257, 12260, 6, 2, 1.50, 1
3028, 12266, 5, 0, 12270, 12274, 8, 3, 1.60, 1
3029, 12271, 8, 0, 12277, 12284, 13, 5, 1.62, 1
3030, 12272, 2, 0, 12275, 12276, 4, 2, 2.00, 1
3031, 12278, 15, 0, 12365, 12379, 101, 86, 6.73, 1
3032, 12279, 3, 0, 12287, 12289, 10, 7, 3.33, 1
3033, 12282, 6, 0, 12290, 12295, 13, 7, 2.17, 1
3034, 12283, 1, 0, 12285, 12285, 2, 1, 2.00, 1
3035, 12284, 1, 0, 12286, 12286, 2, 1, 2.00, 1
3036, 12290, 13, 0, 12305, 12317, 27, 14, 2.08, 1
3037, 12292, 1, 0, 12296, 12296, 4, 3, 4.00, 1
3038, 12296, 7, 0, 12297, 12303, 7, 0, 1.00, 1
3039, 12300, 1, 0, 12304, 12304, 4, 3, 4.00, 1
3040, 12311, 6, 0, 12320, 12325, 14, 8, 2.33, 1
3041, 12317, 2, 0, 12318, 12319, 2, 0, 1.00, 1
3042, 12320, 2, 0, 12326, 12327, 7, 5, 3.50, 1
3043, 12327, 6, 0, 12328, 12333, 6, 0, 1.00, 1
3044, 12329, 3, 0, 12343, 12345, 16, 13, 5.33, 1
3045, 12330, 11, 0, 12346, 12356, 26, 15, 2.36, 1
3046, 12332, 7, 0, 12334, 12340, 8, 1, 1.14, 1
3047, 12335, 2, 0, 12341, 12342, 7, 5, 3.50, 1
3048, 12349, 8, 0, 12357, 12364, 15, 7, 1.88, 1
3049, 12372, 2, 0, 12382, 12383, 11, 9, 5.50, 1
3050, 12376, 7, 0, 12389, 12395, 19, 12, 2.71, 1
3051, 12377, 2, 0, 12380, 12381, 4, 2, 2.00, 1
3052, 12383, 5, 0, 12384, 12388, 5, 0, 1.00, 1
3053, 12390, 2, 0, 12396, 12397, 7, 5, 3.50, 1
3054, 12394, 4, 0, 12401, 12404, 10, 6, 2.50, 1
3055, 12397, 3, 0, 12398, 12400, 3, 0, 1.00, 1
3056, 12403, 1, 0, 12405, 12405, 2, 1, 2.00, 1
3057, 12404, 2, 0, 12406, 12407, 3, 1, 1.50, 1
3058, 12410, 17, 0, 12437, 12453, 43, 26, 2.53, 1
3059, 12413, 10, 0, 12419, 12428, 15, 5, 1.50, 1
3060, 12424, 7, 0, 12429, 12435, 11, 4, 1.57, 1
3061, 12433, 1, 0, 12436, 12436, 3, 2, 3.00, 1
3062, 12437, 5, 0, 46452, 46456, 34019, 34014, 6803.80, 1
3063, 12438, 4, 0, 46448, 46451, 34013, 34009, 8503.25, 1
3064, 12441, 3, 0, 46445, 46447, 34006, 34003, 11335.33, 1
3065, 12442, 15, 0, 46457, 46471, 34029, 34014, 2268.60, 1
3066, 12443, 4, 0, 12455, 12458, 15, 11, 3.75, 1
3067, 12446, 1, 0, 12454, 12454, 8, 7, 8.00, 1
3068, 12452, 11, 0, 12459, 12469, 17, 6, 1.55, 1
3069, 12465, 12, 0, 12475, 12486, 21, 9, 1.75, 1
3070, 12469, 5, 0, 12470, 12474, 5, 0, 1.00, 1
3071, 12480, 7, 0, 12499, 12505, 25, 18, 3.57, 1
3072, 12481, 1, 0, 12498, 12498, 17, 16, 17.00, 1
3073, 12483, 14, 0, 12511, 12524, 41, 27, 2.93, 1
3074, 12485, 3, 0, 12487, 12489, 4, 1, 1.33, 1
3075, 12487, 2, 0, 12490, 12491, 4, 2, 2.00, 1
3076, 12490, 6, 0, 12492, 12497, 7, 1, 1.17, 1
3077, 12501, 2, 0, 12506, 12507, 6, 4, 3.00, 1
3078, 12505, 3, 0, 12508, 12510, 5, 2, 1.67, 1
3079, 12511, 4, 0, 12531, 12534, 23, 19, 5.75, 1
3080, 12512, 1, 0, 12530, 12530, 18, 17, 18.00, 1
3081, 12514, 6, 0, 12536, 12541, 27, 21, 4.50, 1
3082, 12520, 2, 0, 12527, 12528, 8, 6, 4.00, 1
3083, 12524, 1, 0, 12525, 12525, 1, 0, 1.00, 1
3084, 12525, 1, 0, 12526, 12526, 1, 0, 1.00, 1
3085, 12528, 1, 0, 12529, 12529, 1, 0, 1.00, 1
3086, 12531, 1, 0, 12535, 12535, 4, 3, 4.00, 1
3087, 12537, 3, 0, 46438, 46440, 33903, 33900, 11301.00, 1
3088, 12539, 4, 0, 46441, 46444, 33905, 33901, 8476.25, 1
3089, 12540, 1, 0, 12542, 12542, 2, 1, 2.00, 1
3090, 12541, 2, 0, 12544, 12545, 4, 2, 2.00, 1
3091, 12542, 1, 0, 12543, 12543, 1, 0, 1.00, 1
3092, 12545, 5, 0, 12546, 12550, 5, 0, 1.00, 1
3093, 12546, 6, 0, 12553, 12558, 12, 6, 2.00, 1
3094, 12547, 8, 0, 12562, 12569, 22, 14, 2.75, 1
3095, 12550, 2, 0, 12551, 12552, 2, 0, 1.00, 1
3096, 12557, 3, 0, 12559, 12561, 4, 1, 1.33, 1
3097, 12568, 8, 0, 12580, 12587, 19, 11, 2.38, 1
3098, 12569, 2, 0, 12570, 12571, 2, 0, 1.00, 1
3099, 12571, 5, 0, 12572, 12576, 5, 0, 1.00, 1
3100, 12572, 1, 0, 12577, 12577, 5, 4, 5.00, 1
3101, 12577, 2, 0, 12578, 12579, 2, 0, 1.00, 1
3102, 12587, 6, 0, 12588, 12593, 6, 0, 1.00, 1
3103, 12589, 9, 0, 12594, 12602, 13, 4, 1.44, 1
3104, 12599, 14, 0, 46424, 46437, 33838, 33824, 2417.00, 1
3105, 12601, 2, 0, 12603, 12604, 3, 1, 1.50, 1
3106, 12604, 9, 0, 12605, 12613, 9, 0, 1.00, 1
3107, 12609, 5, 0, 12614, 12618, 9, 4, 1.80, 1
3108, 12618, 12, 0, 12619, 12630, 12, 0, 1.00, 1
3109, 12620, 5, 0, 12640, 12644, 24, 19, 4.80, 1
3110, 12621, 1, 0, 12631, 12631, 10, 9, 10.00, 1
3111, 12628, 3, 0, 12632, 12634, 6, 3, 2.00, 1
3112, 12633, 5, 0, 46411, 46415, 33782, 33777, 6756.40, 1
3113, 12634, 5, 0, 12635, 12639, 5, 0, 1.00, 1
3114, 12643, 8, 0, 46416, 46423, 33780, 33772, 4222.50, 1
3115, 12644, 3, 0, 12645, 12647, 3, 0, 1.00, 1
3116, 12646, 9, 0, 12648, 12656, 10, 1, 1.11, 1
3117, 12648, 5, 0, 12657, 12661, 13, 8, 2.60, 1
3118, 12650, 15, 0, 46396, 46410, 33760, 33745, 2250.67, 1
3119, 12660, 9, 0, 12662, 12670, 10, 1, 1.11, 1
3120, 12663, 10, 0, 46376, 46385, 33722, 33712, 3372.20, 1
3121, 12666, 6, 0, 12676, 12681, 15, 9, 2.50, 1
3122, 12668, 5, 0, 12671, 12675, 7, 2, 1.40, 1
3123, 12671, 10, 0, 46386, 46395, 33724, 33714, 3372.40, 1
3124, 12676, 3, 0, 12682, 12684, 8, 5, 2.67, 1
3125, 12679, 3, 0, 12688, 12690, 11, 8, 3.67, 1
3126, 12682, 11, 0, 12691, 12701, 19, 8, 1.73, 1
3127, 12684, 3, 0, 12685, 12687, 3, 0, 1.00, 1
3128, 12691, 2, 0, 12708, 12709, 18, 16, 9.00, 1
3129, 12692, 2, 0, 12710, 12711, 19, 17, 9.50, 1
3130, 12699, 6, 0, 12702, 12707, 8, 2, 1.33, 1
3131, 12708, 6, 0, 12712, 12717, 9, 3, 1.50, 1
3132, 12710, 11, 0, 12718, 12728, 18, 7, 1.64, 1
3133, 12719, 18, 0, 12780, 12797, 78, 60, 4.33, 1
3134, 12720, 1, 0, 12778, 12778, 58, 57, 58.00, 1
3135, 12723, 1, 0, 12779, 12779, 56, 55, 56.00, 1
3136, 12724, 5, 0, 12757, 12761, 37, 32, 7.40, 1
3137, 12725, 5, 0, 12762, 12766, 41, 36, 8.20, 1
3138, 12726, 13, 0, 12729, 12741, 15, 2, 1.15, 1
3139, 12740, 12, 0, 12742, 12753, 13, 1, 1.08, 1
3140, 12753, 3, 0, 12754, 12756, 3, 0, 1.00, 1
3141, 12757, 8, 0, 12768, 12775, 18, 10, 2.25, 1
3142, 12763, 1, 0, 12767, 12767, 4, 3, 4.00, 1
3143, 12772, 2, 0, 12776, 12777, 5, 3, 2.50, 1
3144, 12780, 6, 0, 46370, 46375, 33595, 33589, 5599.17, 1
3145, 12781, 1, 0, 46367, 46367, 33586, 33585, 33586.00, 1
3146, 12786, 2, 0, 46368, 46369, 33583, 33581, 16791.50, 1
3147, 12789, 2, 0, 46352, 46353, 33564, 33562, 16782.00, 1
3148, 12790, 13, 0, 46354, 46366, 33576, 33563, 2582.77, 1
3149, 12794, 2, 0, 12798, 12799, 5, 3, 2.50, 1
3150, 12796, 13, 0, 12800, 12812, 16, 3, 1.23, 1
3151, 12800, 11, 0, 46341, 46351, 33551, 33540, 3050.09, 1
3152, 12803, 5, 0, 46328, 46332, 33529, 33524, 6705.80, 1
3153, 12804, 8, 0, 46333, 46340, 33536, 33528, 4192.00, 1
3154, 12809, 1, 0, 12813, 12813, 4, 3, 4.00, 1
3155, 12811, 22, 0, 46282, 46303, 33492, 33470, 1522.36, 1
3156, 12813, 2, 0, 12814, 12815, 2, 0, 1.00, 1
3157, 12814, 5, 0, 12816, 12820, 6, 1, 1.20, 1
3158, 12818, 9, 0, 12835, 12843, 25, 16, 2.78, 1
3159, 12819, 1, 0, 12821, 12821, 2, 1, 2.00, 1
3160, 12820, 7, 0, 12822, 12828, 8, 1, 1.14, 1
3161, 12823, 5, 0, 12829, 12833, 10, 5, 2.00, 1
3162, 12833, 1, 0, 12834, 12834, 1, 0, 1.00, 1
3163, 12834, 18, 0, 46264, 46281, 33447, 33429, 1858.17, 1
3164, 12838, 6, 0, 12857, 12862, 24, 18, 4.00, 1
3165, 12840, 15, 0, 12865, 12879, 39, 24, 2.60, 1
3166, 12841, 3, 0, 12846, 12848, 7, 4, 2.33, 1
3167, 12842, 2, 0, 12844, 12845, 3, 1, 1.50, 1
3168, 12848, 1, 0, 12849, 12849, 1, 0, 1.00, 1
3169, 12849, 4, 0, 12850, 12853, 4, 0, 1.00, 1
3170, 12851, 3, 0, 12854, 12856, 5, 2, 1.67, 1
3171, 12860, 2, 0, 12863, 12864, 4, 2, 2.00, 1
3172, 12863, 24, 0, 46304, 46327, 33464, 33440, 1394.33, 1
3173, 12865, 1, 0, 46239, 46239, 33374, 33373, 33374.00, 1
3174, 12866, 24, 0, 46240, 46263, 33397, 33373, 1391.54, 1
3175, 12875, 1, 0, 12880, 12880, 5, 4, 5.00, 1
3176, 12876, 4, 0, 12881, 12884, 8, 4, 2.00, 1
3177, 12880, 7, 0, 12885, 12891, 11, 4, 1.57, 1
3178, 12888, 8, 0, 12897, 12904, 16, 8, 2.00, 1
3179, 12891, 3, 0, 12892, 12894, 3, 0, 1.00, 1
3180, 12892, 2, 0, 12895, 12896, 4, 2, 2.00, 1
3181, 12897, 5, 0, 12908, 12912, 15, 10, 3.00, 1
3182, 12903, 1, 0, 12905, 12905, 2, 1, 2.00, 1
3183, 12905, 2, 0, 12906, 12907, 2, 0, 1.00, 1
3184, 12908, 5, 0, 12913, 12917, 9, 4, 1.80, 1
3185, 12917, 6, 0, 12918, 12923, 6, 0, 1.00, 1
3186, 12918, 1, 0, 12924, 12924, 6, 5, 6.00, 1
3187, 12923, 11, 0, 12925, 12935, 12, 1, 1.09, 1
3188, 12925, 1, 0, 46233, 46233, 33308, 33307, 33308.00, 1
3189, 12926, 5, 0, 46234, 46238, 33312, 33307, 6662.40, 1
3190, 12930, 13, 0, 46220, 46232, 33302, 33289, 2561.69, 1
3191, 12932, 12, 0, 12936, 12947, 15, 3, 1.25, 1
3192, 12937, 8, 0, 12949, 12956, 19, 11, 2.38, 1
3193, 12940, 9, 0, 46211, 46219, 33279, 33270, 3697.67, 1
3194, 12947, 1, 0, 12948, 12948, 1, 0, 1.00, 1
3195, 12949, 4, 0, 46203, 46206, 33257, 33253, 8314.25, 1
3196, 12952, 4, 0, 46207, 46210, 33258, 33254, 8314.50, 1
3197, 12953, 13, 0, 12957, 12969, 16, 3, 1.23, 1
3198, 12957, 1, 0, 46194, 46194, 33237, 33236, 33237.00, 1
3199, 12958, 8, 0, 46195, 46202, 33244, 33236, 4155.50, 1
3200, 12962, 2, 0, 13304, 13305, 343, 341, 171.50, 1
3201, 12963, 5, 0, 13309, 13313, 350, 345, 70.00, 1
3202, 12964, 1, 0, 12970, 12970, 6, 5, 6.00, 1
3203, 12966, 8, 0, 12971, 12978, 12, 4, 1.50, 1
3204, 12970, 13, 0, 12979, 12991, 21, 8, 1.62, 1
3205, 12974, 13, 0, 13152, 13164, 190, 177, 14.62, 1
3206, 12979, 14, 0, 13203, 13216, 237, 223, 16.93, 1
3207, 12981, 4, 0, 13114, 13117, 136, 132, 34.00, 1
3208, 12983, 7, 0, 13131, 13137, 154, 147, 22.00, 1
3209, 12987, 8, 0, 13016, 13023, 36, 28, 4.50, 1
3210, 12989, 2, 0, 12992, 12993, 4, 2, 2.00, 1
3211, 12991, 3, 0, 12994, 12996, 5, 2, 1.67, 1
3212, 12992, 10, 0, 13029, 13038, 46, 36, 4.60, 1
3213, 12994, 2, 0, 12998, 12999, 5, 3, 2.50, 1
3214, 12995, 1, 0, 12997, 12997, 2, 1, 2.00, 1
3215, 12997, 7, 0, 13003, 13009, 12, 5, 1.71, 1
3216, 12998, 3, 0, 13000, 13002, 4, 1, 1.33, 1
3217, 13008, 4, 0, 13010, 13013, 5, 1, 1.25, 1
3218, 13010, 2, 0, 13014, 13015, 5, 3, 2.50, 1
3219, 13018, 1, 0, 13024, 13024, 6, 5, 6.00, 1
3220, 13022, 4, 0, 13025, 13028, 6, 2, 1.50, 1
3221, 13024, 19, 0, 13039, 13057, 33, 14, 1.74, 1
3222, 13042, 2, 0, 13095, 13096, 54, 52, 27.00, 1
3223, 13045, 13, 0, 13097, 13109, 64, 51, 4.92, 1
3224, 13055, 6, 0, 13058, 13063, 8, 2, 1.33, 1
3225, 13057, 8, 0, 13073, 13080, 23, 15, 2.88, 1
3226, 13059, 1, 0, 13064, 13064, 5, 4, 5.00, 1
3227, 13060, 3, 0, 13065, 13067, 7, 4, 2.33, 1
3228, 13067, 5, 0, 13068, 13072, 5, 0, 1.00, 1
3229, 13074, 5, 0, 13090, 13094, 20, 15, 4.00, 1
3230, 13079, 3, 0, 13081, 13083, 4, 1, 1.33, 1
3231, 13082, 2, 0, 13084, 13085, 3, 1, 1.50, 1
3232, 13085, 2, 0, 13086, 13087, 2, 0, 1.00, 1
3233, 13087, 2, 0, 13088, 13089, 2, 0, 1.00, 1
3234, 13104, 4, 0, 13110, 13113, 9, 5, 2.25, 1
3235, 13114, 4, 0, 13118, 13121, 7, 3, 1.75, 1
3236, 13118, 1, 0, 13122, 13122, 4, 3, 4.00, 1
3237, 13121, 5, 0, 13123, 13127, 6, 1, 1.20, 1
3238, 13122, 7, 0, 13138, 13144, 22, 15, 3.14, 1
3239, 13125, 2, 0, 13128, 13129, 4, 2, 2.00, 1
3240, 13128, 1, 0, 13130, 13130, 2, 1, 2.00, 1
3241, 13140, 4, 0, 13148, 13151, 11, 7, 2.75, 1
3242, 13141, 3, 0, 13145, 13147, 6, 3, 2.00, 1
3243, 13153, 2, 0, 13197, 13198, 45, 43, 22.50, 1
3244, 13158, 3, 0, 13199, 13201, 43, 40, 14.33, 1
3245, 13162, 3, 0, 13165, 13167, 5, 2, 1.67, 1
3246, 13163, 8, 0, 13168, 13175, 12, 4, 1.50, 1
3247, 13167, 9, 0, 13177, 13185, 18, 9, 2.00, 1
3248, 13174, 1, 0, 13176, 13176, 2, 1, 2.00, 1
3249, 13185, 2, 0, 13186, 13187, 2, 0, 1.00, 1
3250, 13187, 4, 0, 13188, 13191, 4, 0, 1.00, 1
3251, 13188, 4, 0, 13192, 13195, 7, 3, 1.75, 1
3252, 13195, 1, 0, 13196, 13196, 1, 0, 1.00, 1
3253, 13201, 1, 0, 13202, 13202, 1, 0, 1.00, 1
3254, 13207, 1, 0, 13257, 13257, 50, 49, 50.00, 1
3255, 13208, 7, 0, 13258, 13264, 56, 49, 8.00, 1
3256, 13209, 5, 0, 13217, 13221, 12, 7, 2.40, 1
3257, 13212, 10, 0, 13222, 13231, 19, 9, 1.90, 1
3258, 13226, 8, 0, 13232, 13239, 13, 5, 1.62, 1
3259, 13234, 8, 0, 13243, 13250, 16, 8, 2.00, 1
3260, 13237, 2, 0, 13240, 13241, 4, 2, 2.00, 1
3261, 13241, 1, 0, 13242, 13242, 1, 0, 1.00, 1
3262, 13244, 3, 0, 13254, 13256, 12, 9, 4.00, 1
3263, 13245, 2, 0, 13251, 13252, 7, 5, 3.50, 1
3264, 13251, 1, 0, 13253, 13253, 2, 1, 2.00, 1
3265, 13261, 3, 0, 13273, 13275, 14, 11, 4.67, 1
3266, 13264, 2, 0, 13265, 13266, 2, 0, 1.00, 1
3267, 13265, 2, 0, 13267, 13268, 3, 1, 1.50, 1
3268, 13266, 12, 0, 13276, 13287, 21, 9, 1.75, 1
3269, 13268, 3, 0, 13269, 13271, 3, 0, 1.00, 1
3270, 13269, 1, 0, 13272, 13272, 3, 2, 3.00, 1
3271, 13282, 5, 0, 13299, 13303, 21, 16, 4.20, 1
3272, 13283, 4, 0, 13291, 13294, 11, 7, 2.75, 1
3273, 13285, 3, 0, 13288, 13290, 5, 2, 1.67, 1
3274, 13291, 4, 0, 13295, 13298, 7, 3, 1.75, 1
3275, 13304, 3, 0, 13306, 13308, 4, 1, 1.33, 1
3276, 13306, 23, 0, 13314, 13336, 30, 7, 1.30, 1
3277, 13314, 9, 0, 46173, 46181, 32867, 32858, 3651.89, 1
3278, 13318, 7, 0, 46166, 46172, 32854, 32847, 4693.43, 1
3279, 13322, 4, 0, 13340, 13343, 21, 17, 5.25, 1
3280, 13325, 3, 0, 13337, 13339, 14, 11, 4.67, 1
3281, 13330, 6, 0, 46160, 46165, 32835, 32829, 5472.50, 1
3282, 13342, 12, 0, 46182, 46193, 32851, 32839, 2737.58, 1
3283, 13343, 7, 0, 13344, 13350, 7, 0, 1.00, 1
3284, 13344, 4, 0, 46151, 46154, 32810, 32806, 8202.50, 1
3285, 13346, 1, 0, 46150, 46150, 32804, 32803, 32804.00, 1
3286, 13347, 5, 0, 46155, 46159, 32812, 32807, 6562.40, 1
3287, 13348, 5, 0, 13351, 13355, 7, 2, 1.40, 1
3288, 13352, 5, 0, 13356, 13360, 8, 3, 1.60, 1
3289, 13356, 6, 0, 46130, 46135, 32779, 32773, 5463.17, 1
3290, 13357, 4, 0, 13363, 13366, 9, 5, 2.25, 1
3291, 13360, 2, 0, 13361, 13362, 2, 0, 1.00, 1
3292, 13363, 5, 0, 13372, 13376, 13, 8, 2.60, 1
3293, 13364, 3, 0, 13369, 13371, 7, 4, 2.33, 1
3294, 13366, 2, 0, 13367, 13368, 2, 0, 1.00, 1
3295, 13369, 14, 0, 46136, 46149, 32780, 32766, 2341.43, 1
3296, 13373, 4, 0, 13377, 13380, 7, 3, 1.75, 1
3297, 13374, 7, 0, 46123, 46129, 32755, 32748, 4679.29, 1
3298, 13379, 2, 0, 13381, 13382, 3, 1, 1.50, 1
3299, 13381, 5, 0, 13383, 13387, 6, 1, 1.20, 1
3300, 13387, 6, 0, 13388, 13393, 6, 0, 1.00, 1
3301, 13388, 4, 0, 46113, 46116, 32728, 32724, 8182.00, 1
3302, 13389, 2, 0, 13394, 13395, 6, 4, 3.00, 1
3303, 13393, 3, 0, 13397, 13399, 6, 3, 2.00, 1
3304, 13395, 1, 0, 13396, 13396, 1, 0, 1.00, 1
3305, 13396, 6, 0, 46117, 46122, 32726, 32720, 5454.33, 1
3306, 13397, 10, 0, 46103, 46112, 32715, 32705, 3271.50, 1
3307, 13399, 5, 0, 13400, 13404, 5, 0, 1.00, 1
3308, 13402, 2, 0, 13405, 13406, 4, 2, 2.00, 1
3309, 13403, 7, 0, 13410, 13416, 13, 6, 1.86, 1
3310, 13405, 3, 0, 13407, 13409, 4, 1, 1.33, 1
3311, 13410, 4, 0, 46090, 46093, 32683, 32679, 8170.75, 1
3312, 13411, 9, 0, 46094, 46102, 32691, 32682, 3632.33, 1
3313, 13412, 4, 0, 46073, 46076, 32664, 32660, 8166.00, 1
3314, 13414, 1, 0, 46072, 46072, 32658, 32657, 32658.00, 1
3315, 13415, 13, 0, 46077, 46089, 32674, 32661, 2513.38, 1
3316, 13416, 8, 0, 13417, 13424, 8, 0, 1.00, 1
3317, 13418, 18, 0, 46054, 46071, 32653, 32635, 1814.06, 1
3318, 13419, 5, 0, 13428, 13432, 13, 8, 2.60, 1
3319, 13423, 3, 0, 13425, 13427, 4, 1, 1.33, 1
3320, 13427, 5, 0, 13433, 13437, 10, 5, 2.00, 1
3321, 13437, 13, 0, 13438, 13450, 13, 0, 1.00, 1
3322, 13438, 7, 0, 46039, 46045, 32607, 32600, 4658.14, 1
3323, 13439, 8, 0, 46046, 46053, 32614, 32606, 4076.75, 1
3324, 13448, 5, 0, 13464, 13468, 20, 15, 4.00, 1
3325, 13449, 3, 0, 13451, 13453, 4, 1, 1.33, 1
3326, 13451, 6, 0, 13469, 13474, 23, 17, 3.83, 1
3327, 13452, 4, 0, 13456, 13459, 7, 3, 1.75, 1
3328, 13453, 2, 0, 13454, 13455, 2, 0, 1.00, 1
3329, 13456, 4, 0, 13460, 13463, 7, 3, 1.75, 1
3330, 13471, 1, 0, 13489, 13489, 18, 17, 18.00, 1
3331, 13472, 7, 0, 13490, 13496, 24, 17, 3.43, 1
3332, 13473, 2, 0, 13475, 13476, 3, 1, 1.50, 1
3333, 13474, 9, 0, 13477, 13485, 11, 2, 1.22, 1
3334, 13480, 1, 0, 13486, 13486, 6, 5, 6.00, 1
3335, 13483, 2, 0, 13487, 13488, 5, 3, 2.50, 1
3336, 13490, 21, 0, 46018, 46038, 32548, 32527, 1549.90, 1
3337, 13491, 6, 0, 45997, 46002, 32511, 32505, 5418.50, 1
3338, 13494, 4, 0, 13497, 13500, 6, 2, 1.50, 1
3339, 13498, 15, 0, 46003, 46017, 32519, 32504, 2167.93, 1
3340, 13500, 6, 0, 13501, 13506, 6, 0, 1.00, 1
3341, 13501, 16, 0, 45981, 45996, 32495, 32479, 2030.94, 1
3342, 13502, 6, 0, 45969, 45974, 32472, 32466, 5412.00, 1
3343, 13503, 3, 0, 45966, 45968, 32465, 32462, 10821.67, 1
3344, 13506, 2, 0, 13507, 13508, 2, 0, 1.00, 1
3345, 13507, 6, 0, 45975, 45980, 32473, 32467, 5412.17, 1
3346, 13508, 7, 0, 13509, 13515, 7, 0, 1.00, 1
3347, 13509, 2, 0, 13516, 13517, 8, 6, 4.00, 1
3348, 13513, 7, 0, 13518, 13524, 11, 4, 1.57, 1
3349, 13520, 8, 0, 45934, 45941, 32421, 32413, 4052.62, 1
3350, 13523, 24, 0, 45942, 45965, 32442, 32418, 1351.75, 1
3351, 13524, 3, 0, 13525, 13527, 3, 0, 1.00, 1
3352, 13526, 7, 0, 13528, 13534, 8, 1, 1.14, 1
3353, 13527, 18, 0, 13535, 13552, 25, 7, 1.39, 1
3354, 13535, 2, 0, 13566, 13567, 32, 30, 16.00, 1
3355, 13543, 3, 0, 13568, 13570, 27, 24, 9.00, 1
3356, 13544, 5, 0, 13553, 13557, 13, 8, 2.60, 1
3357, 13553, 2, 0, 13558, 13559, 6, 4, 3.00, 1
3358, 13554, 2, 0, 13560, 13561, 7, 5, 3.50, 1
3359, 13559, 4, 0, 13562, 13565, 6, 2, 1.50, 1
3360, 13566, 3, 0, 13571, 13573, 7, 4, 2.33, 1
3361, 13573, 10, 0, 13574, 13583, 10, 0, 1.00, 1
3362, 13575, 13, 0, 45921, 45933, 32358, 32345, 2489.08, 1
3363, 13577, 2, 0, 13596, 13597, 20, 18, 10.00, 1
3364, 13578, 8, 0, 13598, 13605, 27, 19, 3.38, 1
3365, 13580, 1, 0, 13584, 13584, 4, 3, 4.00, 1
3366, 13582, 4, 0, 13585, 13588, 6, 2, 1.50, 1
3367, 13585, 4, 0, 13592, 13595, 10, 6, 2.50, 1
3368, 13586, 1, 0, 13589, 13589, 3, 2, 3.00, 1
3369, 13588, 2, 0, 13590, 13591, 3, 1, 1.50, 1
3370, 13604, 3, 0, 13606, 13608, 4, 1, 1.33, 1
3371, 13606, 8, 0, 13617, 13624, 18, 10, 2.25, 1
3372, 13608, 6, 0, 13609, 13614, 6, 0, 1.00, 1
3373, 13610, 2, 0, 13615, 13616, 6, 4, 3.00, 1
3374, 13622, 3, 0, 13625, 13627, 5, 2, 1.67, 1
3375, 13624, 7, 0, 13629, 13635, 11, 4, 1.57, 1
3376, 13625, 1, 0, 13628, 13628, 3, 2, 3.00, 1
3377, 13631, 3, 0, 13636, 13638, 7, 4, 2.33, 1
3378, 13633, 3, 0, 13639, 13641, 8, 5, 2.67, 1
3379, 13639, 7, 0, 13642, 13648, 9, 2, 1.29, 1
3380, 13642, 10, 0, 13699, 13708, 66, 56, 6.60, 1
3381, 13643, 4, 0, 13651, 13654, 11, 7, 2.75, 1
3382, 13644, 2, 0, 13649, 13650, 6, 4, 3.00, 1
3383, 13647, 6, 0, 13659, 13664, 17, 11, 2.83, 1
3384, 13652, 2, 0, 13655, 13656, 4, 2, 2.00, 1
3385, 13653, 2, 0, 13657, 13658, 5, 3, 2.50, 1
3386, 13662, 4, 0, 13665, 13668, 6, 2, 1.50, 1
3387, 13665, 4, 0, 13669, 13672, 7, 3, 1.75, 1
3388, 13666, 10, 0, 13723, 13732, 66, 56, 6.60, 1
3389, 13672, 4, 0, 13673, 13676, 4, 0, 1.00, 1
3390, 13674, 4, 0, 13680, 13683, 9, 5, 2.25, 1
3391, 13675, 10, 0, 13684, 13693, 18, 8, 1.80, 1
3392, 13676, 2, 0, 13677, 13678, 2, 0, 1.00, 1
3393, 13678, 1, 0, 13679, 13679, 1, 0, 1.00, 1
3394, 13685, 3, 0, 13696, 13698, 13, 10, 4.33, 1
3395, 13693, 2, 0, 13694, 13695, 2, 0, 1.00, 1
3396, 13707, 1, 0, 13709, 13709, 2, 1, 2.00, 1
3397, 13708, 3, 0, 13710, 13712, 4, 1, 1.33, 1
3398, 13710, 9, 0, 13713, 13721, 11, 2, 1.22, 1
3399, 13716, 1, 0, 13722, 13722, 6, 5, 6.00, 1
3400, 13721, 11, 0, 45910, 45920, 32199, 32188, 2927.18, 1
3401, 13725, 6, 0, 45904, 45909, 32184, 32178, 5364.00, 1
3402, 13726, 2, 0, 13738, 13739, 13, 11, 6.50, 1
3403, 13730, 5, 0, 45894, 45898, 32168, 32163, 6433.60, 1
3404, 13731, 4, 0, 13733, 13736, 5, 1, 1.25, 1
3405, 13733, 1, 0, 13737, 13737, 4, 3, 4.00, 1
3406, 13738, 5, 0, 45899, 45903, 32165, 32160, 6433.00, 1
3407, 13739, 12, 0, 13740, 13751, 12, 0, 1.00, 1
3408, 13740, 7, 0, 13754, 13760, 20, 13, 2.86, 1
3409, 13743, 2, 0, 13752, 13753, 10, 8, 5.00, 1
3410, 13749, 7, 0, 45880, 45886, 32137, 32130, 4591.00, 1
3411, 13754, 4, 0, 13761, 13764, 10, 6, 2.50, 1
3412, 13762, 6, 0, 13788, 13793, 31, 25, 5.17, 1
3413, 13763, 5, 0, 13772, 13776, 13, 8, 2.60, 1
3414, 13764, 4, 0, 13765, 13768, 4, 0, 1.00, 1
3415, 13767, 2, 0, 13770, 13771, 4, 2, 2.00, 1
3416, 13768, 1, 0, 13769, 13769, 1, 0, 1.00, 1
3417, 13773, 7, 0, 45887, 45893, 32120, 32113, 4588.57, 1
3418, 13776, 6, 0, 13777, 13782, 6, 0, 1.00, 1
3419, 13781, 2, 0, 13783, 13784, 3, 1, 1.50, 1
3420, 13784, 3, 0, 13785, 13787, 3, 0, 1.00, 1
3421, 13788, 6, 0, 13809, 13814, 26, 20, 4.33, 1
3422, 13790, 3, 0, 13796, 13798, 8, 5, 2.67, 1
3423, 13792, 2, 0, 13794, 13795, 3, 1, 1.50, 1
3424, 13796, 4, 0, 13799, 13802, 6, 2, 1.50, 1
3425, 13802, 4, 0, 13803, 13806, 4, 0, 1.00, 1
3426, 13803, 2, 0, 13807, 13808, 5, 3, 2.50, 1
3427, 13810, 5, 0, 13816, 13820, 10, 5, 2.00, 1
3428, 13811, 1, 0, 13815, 13815, 4, 3, 4.00, 1
3429, 13812, 5, 0, 45868, 45872, 32060, 32055, 6412.00, 1
3430, 13817, 7, 0, 45873, 45879, 32062, 32055, 4580.29, 1
3431, 13819, 10, 0, 13821, 13830, 11, 1, 1.10, 1
3432, 13820, 15, 0, 13841, 13855, 35, 20, 2.33, 1
3433, 13821, 1, 0, 13835, 13835, 14, 13, 14.00, 1
3434, 13824, 4, 0, 13836, 13839, 15, 11, 3.75, 1
3435, 13828, 1, 0, 13831, 13831, 3, 2, 3.00, 1
3436, 13829, 3, 0, 13832, 13834, 5, 2, 1.67, 1
3437, 13839, 1, 0, 13840, 13840, 1, 0, 1.00, 1
3438, 13845, 6, 0, 13873, 13878, 33, 27, 5.50, 1
3439, 13846, 7, 0, 13882, 13888, 42, 35, 6.00, 1
3440, 13851, 4, 0, 13856, 13859, 8, 4, 2.00, 1
3441, 13854, 4, 0, 13860, 13863, 9, 5, 2.25, 1
3442, 13859, 9, 0, 13864, 13872, 13, 4, 1.44, 1
3443, 13874, 3, 0, 13879, 13881, 7, 4, 2.33, 1
3444, 13881, 9, 0, 13898, 13906, 25, 16, 2.78, 1
3445, 13883, 7, 0, 13891, 13897, 14, 7, 2.00, 1
3446, 13885, 2, 0, 13889, 13890, 5, 3, 2.50, 1
3447, 13903, 4, 0, 13910, 13913, 10, 6, 2.50, 1
3448, 13904, 3, 0, 13907, 13909, 5, 2, 1.67, 1
3449, 13912, 10, 0, 13922, 13931, 19, 9, 1.90, 1
3450, 13913, 6, 0, 13914, 13919, 6, 0, 1.00, 1
3451, 13917, 2, 0, 13920, 13921, 4, 2, 2.00, 1
3452, 13919, 13, 0, 13979, 13991, 72, 59, 5.54, 1
3453, 13922, 1, 0, 13972, 13972, 50, 49, 50.00, 1
3454, 13924, 3, 0, 13974, 13976, 52, 49, 17.33, 1
3455, 13930, 3, 0, 13932, 13934, 4, 1, 1.33, 1
3456, 13932, 13, 0, 13943, 13955, 23, 10, 1.77, 1
3457, 13933, 2, 0, 13935, 13936, 3, 1, 1.50, 1
3458, 13936, 4, 0, 13937, 13940, 4, 0, 1.00, 1
3459, 13938, 2, 0, 13941, 13942, 4, 2, 2.00, 1
3460, 13949, 3, 0, 13958, 13960, 11, 8, 3.67, 1
3461, 13952, 2, 0, 13956, 13957, 5, 3, 2.50, 1
3462, 13953, 7, 0, 13961, 13967, 14, 7, 2.00, 1
3463, 13961, 1, 0, 13968, 13968, 7, 6, 7.00, 1
3464, 13965, 2, 0, 13970, 13971, 6, 4, 3.00, 1
3465, 13968, 1, 0, 13969, 13969, 1, 0, 1.00, 1
3466, 13972, 1, 0, 13973, 13973, 1, 0, 1.00, 1
3467, 13974, 1, 0, 13977, 13977, 3, 2, 3.00, 1
3468, 13975, 1, 0, 13978, 13978, 3, 2, 3.00, 1
3469, 13979, 1, 0, 13992, 13992, 13, 12, 13.00, 1
3470, 13984, 8, 0, 13993, 14000, 16, 8, 2.00, 1
3471, 13994, 6, 0, 14004, 14009, 15, 9, 2.50, 1
3472, 13995, 3, 0, 14001, 14003, 8, 5, 2.67, 1
3473, 14006, 8, 0, 14010, 14017, 11, 3, 1.38, 1
3474, 14011, 2, 0, 14018, 14019, 8, 6, 4.00, 1
3475, 14016, 12, 0, 14020, 14031, 15, 3, 1.25, 1
3476, 14020, 6, 0, 14145, 14150, 130, 124, 21.67, 1
3477, 14024, 3, 0, 14142, 14144, 120, 117, 40.00, 1
3478, 14025, 25, 0, 14159, 14183, 158, 133, 6.32, 1
3479, 14026, 3, 0, 14040, 14042, 16, 13, 5.33, 1
3480, 14029, 6, 0, 14073, 14078, 49, 43, 8.17, 1
3481, 14031, 3, 0, 14032, 14034, 3, 0, 1.00, 1
3482, 14034, 4, 0, 14035, 14038, 4, 0, 1.00, 1
3483, 14038, 1, 0, 14039, 14039, 1, 0, 1.00, 1
3484, 14041, 11, 0, 14079, 14089, 48, 37, 4.36, 1
3485, 14042, 2, 0, 14043, 14044, 2, 0, 1.00, 1
3486, 14043, 8, 0, 14045, 14052, 9, 1, 1.12, 1
3487, 14048, 3, 0, 14053, 14055, 7, 4, 2.33, 1
3488, 14049, 4, 0, 14056, 14059, 10, 6, 2.50, 1
3489, 14059, 5, 0, 14060, 14064, 5, 0, 1.00, 1
3490, 14061, 1, 0, 14065, 14065, 4, 3, 4.00, 1
3491, 14063, 7, 0, 14066, 14072, 9, 2, 1.29, 1
3492, 14080, 1, 0, 14136, 14136, 56, 55, 56.00, 1
3493, 14084, 5, 0, 14137, 14141, 57, 52, 11.40, 1
3494, 14089, 7, 0, 14090, 14096, 7, 0, 1.00, 1
3495, 14090, 8, 0, 14103, 14110, 20, 12, 2.50, 1
3496, 14092, 2, 0, 14098, 14099, 7, 5, 3.50, 1
3497, 14095, 1, 0, 14097, 14097, 2, 1, 2.00, 1
3498, 14097, 3, 0, 14100, 14102, 5, 2, 1.67, 1
3499, 14107, 6, 0, 14112, 14117, 10, 4, 1.67, 1
3500, 14108, 1, 0, 14111, 14111, 3, 2, 3.00, 1
3501, 14114, 9, 0, 14118, 14126, 12, 3, 1.33, 1
3502, 14118, 3, 0, 14129, 14131, 13, 10, 4.33, 1
3503, 14120, 4, 0, 14132, 14135, 15, 11, 3.75, 1
3504, 14126, 2, 0, 14127, 14128, 2, 0, 1.00, 1
3505, 14146, 6, 0, 14151, 14156, 10, 4, 1.67, 1
3506, 14153, 2, 0, 14157, 14158, 5, 3, 2.50, 1
3507, 14159, 11, 0, 45857, 45867, 31708, 31697, 2882.55, 1
3508, 14167, 1, 0, 45852, 45852, 31685, 31684, 31685.00, 1
3509, 14173, 4, 0, 45853, 45856, 31683, 31679, 7920.75, 1
3510, 14177, 1, 0, 45850, 45850, 31673, 31672, 31673.00, 1
3511, 14178, 1, 0, 45851, 45851, 31673, 31672, 31673.00, 1
3512, 14179, 16, 0, 14189, 14204, 25, 9, 1.56, 1
3513, 14181, 5, 0, 14184, 14188, 7, 2, 1.40, 1
3514, 14189, 1, 0, 45847, 45847, 31658, 31657, 31658.00, 1
3515, 14191, 2, 0, 45848, 45849, 31658, 31656, 15829.00, 1
3516, 14194, 1, 0, 45819, 45819, 31625, 31624, 31625.00, 1
3517, 14195, 27, 0, 45820, 45846, 31651, 31624, 1172.26, 1
3518, 14199, 6, 0, 14209, 14214, 15, 9, 2.50, 1
3519, 14200, 3, 0, 14206, 14208, 8, 5, 2.67, 1
3520, 14202, 1, 0, 14205, 14205, 3, 2, 3.00, 1
3521, 14206, 17, 0, 45802, 45818, 31612, 31595, 1859.53, 1
3522, 14209, 5, 0, 14216, 14220, 11, 6, 2.20, 1
3523, 14214, 1, 0, 14215, 14215, 1, 0, 1.00, 1
3524, 14216, 1, 0, 14229, 14229, 13, 12, 13.00, 1
3525, 14219, 14, 0, 14231, 14244, 25, 11, 1.79, 1
3526, 14220, 4, 0, 14221, 14224, 4, 0, 1.00, 1
3527, 14222, 4, 0, 14225, 14228, 6, 2, 1.50, 1
3528, 14229, 1, 0, 14230, 14230, 1, 0, 1.00, 1
3529, 14234, 1, 0, 45800, 45800, 31566, 31565, 31566.00, 1
3530, 14239, 1, 0, 45801, 45801, 31562, 31561, 31562.00, 1
3531, 14241, 3, 0, 14245, 14247, 6, 3, 2.00, 1
3532, 14247, 19, 0, 14248, 14266, 19, 0, 1.00, 1
3533, 14249, 6, 0, 45780, 45785, 31536, 31530, 5256.00, 1
3534, 14251, 2, 0, 14269, 14270, 19, 17, 9.50, 1
3535, 14257, 2, 0, 14271, 14272, 15, 13, 7.50, 1
3536, 14258, 1, 0, 14267, 14267, 9, 8, 9.00, 1
3537, 14266, 1, 0, 14268, 14268, 2, 1, 2.00, 1
3538, 14271, 4, 0, 14273, 14276, 5, 1, 1.25, 1
3539, 14274, 5, 0, 14295, 14299, 25, 20, 5.00, 1
3540, 14275, 4, 0, 14277, 14280, 5, 1, 1.25, 1
3541, 14277, 2, 0, 14281, 14282, 5, 3, 2.50, 1
3542, 14281, 2, 0, 14283, 14284, 3, 1, 1.50, 1
3543, 14282, 3, 0, 14289, 14291, 9, 6, 3.00, 1
3544, 14284, 2, 0, 14285, 14286, 2, 0, 1.00, 1
3545, 14285, 1, 0, 14287, 14287, 2, 1, 2.00, 1
3546, 14286, 1, 0, 14288, 14288, 2, 1, 2.00, 1
3547, 14288, 14, 0, 45786, 45799, 31511, 31497, 2250.79, 1
3548, 14291, 3, 0, 14292, 14294, 3, 0, 1.00, 1
3549, 14295, 4, 0, 45763, 45766, 31471, 31467, 7867.75, 1
3550, 14297, 13, 0, 45767, 45779, 31482, 31469, 2421.69, 1
3551, 14298, 13, 0, 14323, 14335, 37, 24, 2.85, 1
3552, 14299, 7, 0, 14300, 14306, 7, 0, 1.00, 1
3553, 14302, 6, 0, 14307, 14312, 10, 4, 1.67, 1
3554, 14311, 5, 0, 14313, 14317, 6, 1, 1.20, 1
3555, 14313, 3, 0, 14320, 14322, 9, 6, 3.00, 1
3556, 14314, 2, 0, 14318, 14319, 5, 3, 2.50, 1
3557, 14325, 2, 0, 45759, 45760, 31435, 31433, 15717.50, 1
3558, 14326, 2, 0, 45761, 45762, 31436, 31434, 15718.00, 1
3559, 14328, 1, 0, 14340, 14340, 12, 11, 12.00, 1
3560, 14332, 2, 0, 14341, 14342, 10, 8, 5.00, 1
3561, 14335, 4, 0, 14336, 14339, 4, 0, 1.00, 1
3562, 14340, 2, 0, 14343, 14344, 4, 2, 2.00, 1
3563, 14342, 6, 0, 14345, 14350, 8, 2, 1.33, 1
3564, 14345, 3, 0, 14351, 14353, 8, 5, 2.67, 1
3565, 14347, 4, 0, 14402, 14405, 58, 54, 14.50, 1
3566, 14351, 3, 0, 14354, 14356, 5, 2, 1.67, 1
3567, 14353, 4, 0, 14407, 14410, 57, 53, 14.25, 1
3568, 14356, 5, 0, 14357, 14361, 5, 0, 1.00, 1
3569, 14358, 4, 0, 14366, 14369, 11, 7, 2.75, 1
3570, 14360, 2, 0, 14362, 14363, 3, 1, 1.50, 1
3571, 14361, 2, 0, 14364, 14365, 4, 2, 2.00, 1
3572, 14363, 9, 0, 14392, 14400, 37, 28, 4.11, 1
3573, 14368, 1, 0, 14370, 14370, 2, 1, 2.00, 1
3574, 14370, 5, 0, 14371, 14375, 5, 0, 1.00, 1
3575, 14374, 4, 0, 14376, 14379, 5, 1, 1.25, 1
3576, 14378, 8, 0, 14380, 14387, 9, 1, 1.12, 1
3577, 14384, 1, 0, 14388, 14388, 4, 3, 4.00, 1
3578, 14386, 3, 0, 14389, 14391, 5, 2, 1.67, 1
3579, 14395, 1, 0, 14401, 14401, 6, 5, 6.00, 1
3580, 14404, 1, 0, 14406, 14406, 2, 1, 2.00, 1
3581, 14407, 14, 0, 14411, 14424, 17, 3, 1.21, 1
3582, 14414, 2, 0, 45749, 45750, 31336, 31334, 15668.00, 1
3583, 14416, 8, 0, 45751, 45758, 31342, 31334, 3917.75, 1
3584, 14420, 4, 0, 14426, 14429, 9, 5, 2.25, 1
3585, 14422, 1, 0, 14425, 14425, 3, 2, 3.00, 1
3586, 14427, 12, 0, 14430, 14441, 14, 2, 1.17, 1
3587, 14428, 16, 0, 14449, 14464, 36, 20, 2.25, 1
3588, 14430, 2, 0, 14442, 14443, 13, 11, 6.50, 1
3589, 14439, 5, 0, 14444, 14448, 9, 4, 1.80, 1
3590, 14452, 2, 0, 14471, 14472, 20, 18, 10.00, 1
3591, 14455, 1, 0, 14470, 14470, 15, 14, 15.00, 1
3592, 14457, 6, 0, 14473, 14478, 21, 15, 3.50, 1
3593, 14459, 1, 0, 14465, 14465, 6, 5, 6.00, 1
3594, 14463, 2, 0, 14466, 14467, 4, 2, 2.00, 1
3595, 14466, 2, 0, 14468, 14469, 3, 1, 1.50, 1
3596, 14471, 16, 0, 14481, 14496, 25, 9, 1.56, 1
3597, 14478, 1, 0, 14479, 14479, 1, 0, 1.00, 1
3598, 14479, 1, 0, 14480, 14480, 1, 0, 1.00, 1
3599, 14481, 7, 0, 14517, 14523, 42, 35, 6.00, 1
3600, 14489, 7, 0, 45735, 45741, 31252, 31245, 4464.57, 1
3601, 14490, 3, 0, 14499, 14501, 11, 8, 3.67, 1
3602, 14494, 2, 0, 14497, 14498, 4, 2, 2.00, 1
3603, 14498, 3, 0, 14503, 14505, 7, 4, 2.33, 1
3604, 14500, 1, 0, 14502, 14502, 2, 1, 2.00, 1
3605, 14502, 3, 0, 14507, 14509, 7, 4, 2.33, 1
3606, 14503, 1, 0, 14506, 14506, 3, 2, 3.00, 1
3607, 14507, 5, 0, 14510, 14514, 7, 2, 1.40, 1
3608, 14510, 2, 0, 14515, 14516, 6, 4, 3.00, 1
3609, 14519, 7, 0, 45742, 45748, 31229, 31222, 4461.29, 1
3610, 14520, 6, 0, 14524, 14529, 9, 3, 1.50, 1
3611, 14523, 8, 0, 45715, 45722, 31199, 31191, 3899.88, 1
3612, 14526, 2, 0, 14530, 14531, 5, 3, 2.50, 1
3613, 14527, 12, 0, 45723, 45734, 31207, 31195, 2600.58, 1
3614, 14530, 5, 0, 14534, 14538, 8, 3, 1.60, 1
3615, 14531, 2, 0, 14532, 14533, 2, 0, 1.00, 1
3616, 14537, 2, 0, 14539, 14540, 3, 1, 1.50, 1
3617, 14540, 6, 0, 14541, 14546, 6, 0, 1.00, 1
3618, 14541, 1, 0, 14547, 14547, 6, 5, 6.00, 1
3619, 14547, 5, 0, 14548, 14552, 5, 0, 1.00, 1
3620, 14548, 1, 0, 14553, 14553, 5, 4, 5.00, 1
3621, 14550, 4, 0, 14555, 14558, 8, 4, 2.00, 1
3622, 14553, 1, 0, 14554, 14554, 1, 0, 1.00, 1
3623, 14556, 6, 0, 14559, 14564, 8, 2, 1.33, 1
3624, 14559, 1, 0, 14565, 14565, 6, 5, 6.00, 1
3625, 14563, 1, 0, 14566, 14566, 3, 2, 3.00, 1
3626, 14566, 3, 0, 14567, 14569, 3, 0, 1.00, 1
3627, 14568, 16, 0, 14570, 14585, 17, 1, 1.06, 1
3628, 14578, 4, 0, 45690, 45693, 31115, 31111, 7778.75, 1
3629, 14580, 3, 0, 14588, 14590, 10, 7, 3.33, 1
3630, 14584, 2, 0, 14586, 14587, 3, 1, 1.50, 1
3631, 14587, 21, 0, 45694, 45714, 31127, 31106, 1482.24, 1
3632, 14589, 5, 0, 14591, 14595, 6, 1, 1.20, 1
3633, 14590, 16, 0, 14596, 14611, 21, 5, 1.31, 1
3634, 14599, 15, 0, 14615, 14629, 30, 15, 2.00, 1
3635, 14600, 3, 0, 14612, 14614, 14, 11, 4.67, 1
3636, 14608, 33, 0, 45657, 45689, 31081, 31048, 941.85, 1
3637, 14617, 5, 0, 14637, 14641, 24, 19, 4.80, 1
3638, 14621, 3, 0, 14630, 14632, 11, 8, 3.67, 1
3639, 14622, 4, 0, 14633, 14636, 14, 10, 3.50, 1
3640, 14640, 1, 0, 14642, 14642, 2, 1, 2.00, 1
3641, 14642, 10, 0, 14643, 14652, 10, 0, 1.00, 1
3642, 14644, 4, 0, 14656, 14659, 15, 11, 3.75, 1
3643, 14645, 2, 0, 14654, 14655, 10, 8, 5.00, 1
3644, 14647, 1, 0, 14653, 14653, 6, 5, 6.00, 1
3645, 14649, 9, 0, 14660, 14668, 19, 10, 2.11, 1
3646, 14666, 21, 0, 14694, 14714, 48, 27, 2.29, 1
3647, 14667, 7, 0, 14669, 14675, 8, 1, 1.14, 1
3648, 14669, 7, 0, 14686, 14692, 23, 16, 3.29, 1
3649, 14670, 4, 0, 14676, 14679, 9, 5, 2.25, 1
3650, 14679, 6, 0, 14680, 14685, 6, 0, 1.00, 1
3651, 14692, 1, 0, 14693, 14693, 1, 0, 1.00, 1
3652, 14694, 2, 0, 45636, 45637, 30943, 30941, 15471.50, 1
3653, 14701, 19, 0, 45638, 45656, 30955, 30936, 1629.21, 1
3654, 14702, 3, 0, 14723, 14725, 23, 20, 7.67, 1
3655, 14705, 23, 0, 14727, 14749, 44, 21, 1.91, 1
3656, 14708, 6, 0, 14717, 14722, 14, 8, 2.33, 1
3657, 14713, 2, 0, 14715, 14716, 3, 1, 1.50, 1
3658, 14724, 1, 0, 14726, 14726, 2, 1, 2.00, 1
3659, 14734, 3, 0, 14760, 14762, 28, 25, 9.33, 1
3660, 14735, 12, 0, 14763, 14774, 39, 27, 3.25, 1
3661, 14736, 1, 0, 14758, 14758, 22, 21, 22.00, 1
3662, 14741, 1, 0, 14759, 14759, 18, 17, 18.00, 1
3663, 14742, 6, 0, 14750, 14755, 13, 7, 2.17, 1
3664, 14751, 2, 0, 14756, 14757, 6, 4, 3.00, 1
3665, 14768, 6, 0, 14778, 14783, 15, 9, 2.50, 1
3666, 14771, 1, 0, 14775, 14775, 4, 3, 4.00, 1
3667, 14772, 2, 0, 14776, 14777, 5, 3, 2.50, 1
3668, 14776, 6, 0, 14789, 14794, 18, 12, 3.00, 1
3669, 14778, 1, 0, 14784, 14784, 6, 5, 6.00, 1
3670, 14781, 3, 0, 14786, 14788, 7, 4, 2.33, 1
3671, 14784, 1, 0, 14785, 14785, 1, 0, 1.00, 1
3672, 14789, 11, 0, 14815, 14825, 36, 25, 3.27, 1
3673, 14792, 8, 0, 14795, 14802, 10, 2, 1.25, 1
3674, 14796, 7, 0, 14803, 14809, 13, 6, 1.86, 1
3675, 14800, 11, 0, 14918, 14928, 128, 117, 11.64, 1
3676, 14809, 5, 0, 14810, 14814, 5, 0, 1.00, 1
3677, 14817, 8, 0, 14826, 14833, 16, 8, 2.00, 1
3678, 14821, 10, 0, 14862, 14871, 50, 40, 5.00, 1
3679, 14826, 5, 0, 14838, 14842, 16, 11, 3.20, 1
3680, 14827, 1, 0, 14836, 14836, 9, 8, 9.00, 1
3681, 14829, 1, 0, 14837, 14837, 8, 7, 8.00, 1
3682, 14832, 2, 0, 14834, 14835, 3, 1, 1.50, 1
3683, 14838, 5, 0, 14847, 14851, 13, 8, 2.60, 1
3684, 14839, 4, 0, 14843, 14846, 7, 3, 1.75, 1
3685, 14843, 5, 0, 14852, 14856, 13, 8, 2.60, 1
3686, 14849, 12, 0, 14977, 14988, 139, 127, 11.58, 1
3687, 14853, 5, 0, 14857, 14861, 8, 3, 1.60, 1
3688, 14868, 11, 0, 14872, 14882, 14, 3, 1.27, 1
3689, 14872, 2, 0, 14890, 14891, 19, 17, 9.50, 1
3690, 14874, 4, 0, 14892, 14895, 21, 17, 5.25, 1
3691, 14875, 1, 0, 14883, 14883, 8, 7, 8.00, 1
3692, 14881, 6, 0, 14884, 14889, 8, 2, 1.33, 1
3693, 14891, 6, 0, 14896, 14901, 10, 4, 1.67, 1
3694, 14893, 8, 0, 14904, 14911, 18, 10, 2.25, 1
3695, 14898, 2, 0, 14902, 14903, 5, 3, 2.50, 1
3696, 14910, 4, 0, 14912, 14915, 5, 1, 1.25, 1
3697, 14915, 2, 0, 14916, 14917, 2, 0, 1.00, 1
3698, 14918, 4, 0, 14929, 14932, 14, 10, 3.50, 1
3699, 14930, 7, 0, 14933, 14939, 9, 2, 1.29, 1
3700, 14931, 13, 0, 45623, 45635, 30704, 30691, 2361.85, 1
3701, 14936, 1, 0, 14940, 14940, 4, 3, 4.00, 1
3702, 14938, 22, 0, 14941, 14962, 24, 2, 1.09, 1
3703, 14944, 3, 0, 14971, 14973, 29, 26, 9.67, 1
3704, 14946, 1, 0, 14969, 14969, 23, 22, 23.00, 1
3705, 14950, 3, 0, 14974, 14976, 26, 23, 8.67, 1
3706, 14954, 2, 0, 14963, 14964, 10, 8, 5.00, 1
3707, 14956, 4, 0, 14965, 14968, 12, 8, 3.00, 1
3708, 14969, 1, 0, 14970, 14970, 1, 0, 1.00, 1
3709, 14977, 1, 0, 45619, 45619, 30642, 30641, 30642.00, 1
3710, 14979, 3, 0, 45620, 45622, 30643, 30640, 10214.33, 1
3711, 14982, 3, 0, 45602, 45604, 30622, 30619, 10207.33, 1
3712, 14984, 14, 0, 45605, 45618, 30634, 30620, 2188.14, 1
3713, 14987, 1, 0, 14989, 14989, 2, 1, 2.00, 1
3714, 14988, 9, 0, 14990, 14998, 10, 1, 1.11, 1
3715, 14990, 10, 0, 45571, 45580, 30590, 30580, 3059.00, 1
3716, 14992, 2, 0, 15001, 15002, 10, 8, 5.00, 1
3717, 14993, 21, 0, 45581, 45601, 30608, 30587, 1457.52, 1
3718, 14997, 2, 0, 14999, 15000, 3, 1, 1.50, 1
3719, 15001, 6, 0, 15003, 15008, 7, 1, 1.17, 1
3720, 15005, 8, 0, 15009, 15016, 11, 3, 1.38, 1
3721, 15008, 18, 0, 45553, 45570, 30562, 30544, 1697.89, 1
3722, 15009, 2, 0, 45549, 45550, 30541, 30539, 15270.50, 1
3723, 15011, 2, 0, 45551, 45552, 30541, 30539, 15270.50, 1
3724, 15015, 2, 0, 15017, 15018, 3, 1, 1.50, 1
3725, 15017, 4, 0, 15019, 15022, 5, 1, 1.25, 1
3726, 15019, 22, 0, 15023, 15044, 25, 3, 1.14, 1
3727, 15024, 2, 0, 45534, 45535, 30511, 30509, 15255.50, 1
3728, 15027, 13, 0, 45536, 45548, 30521, 30508, 2347.77, 1
3729, 15039, 1, 0, 45522, 45522, 30483, 30482, 30483.00, 1
3730, 15041, 11, 0, 45523, 45533, 30492, 30481, 2772.00, 1
3731, 15043, 7, 0, 15045, 15051, 8, 1, 1.14, 1
3732, 15045, 1, 0, 15092, 15092, 47, 46, 47.00, 1
3733, 15048, 3, 0, 15093, 15095, 47, 44, 15.67, 1
3734, 15050, 4, 0, 15052, 15055, 5, 1, 1.25, 1
3735, 15053, 16, 0, 15062, 15077, 24, 8, 1.50, 1
3736, 15054, 1, 0, 15056, 15056, 2, 1, 2.00, 1
3737, 15056, 5, 0, 15057, 15061, 5, 0, 1.00, 1
3738, 15064, 3, 0, 15080, 15082, 18, 15, 6.00, 1
3739, 15069, 1, 0, 15079, 15079, 10, 9, 10.00, 1
3740, 15072, 3, 0, 15083, 15085, 13, 10, 4.33, 1
3741, 15076, 1, 0, 15078, 15078, 2, 1, 2.00, 1
3742, 15083, 1, 0, 15086, 15086, 3, 2, 3.00, 1
3743, 15086, 5, 0, 15087, 15091, 5, 0, 1.00, 1
3744, 15092, 3, 0, 15096, 15098, 6, 3, 2.00, 1
3745, 15094, 6, 0, 15099, 15104, 10, 4, 1.67, 1
3746, 15096, 7, 0, 15107, 15113, 17, 10, 2.43, 1
3747, 15100, 8, 0, 45502, 45509, 30409, 30401, 3801.12, 1
3748, 15101, 1, 0, 15105, 15105, 4, 3, 4.00, 1
3749, 15102, 1, 0, 15106, 15106, 4, 3, 4.00, 1
3750, 15109, 6, 0, 15114, 15119, 10, 4, 1.67, 1
3751, 15113, 7, 0, 15121, 15127, 14, 7, 2.00, 1
3752, 15114, 7, 0, 15128, 15134, 20, 13, 2.86, 1
3753, 15119, 1, 0, 15120, 15120, 1, 0, 1.00, 1
3754, 15129, 4, 0, 15135, 15138, 9, 5, 2.25, 1
3755, 15135, 1, 0, 15139, 15139, 4, 3, 4.00, 1
3756, 15137, 2, 0, 15140, 15141, 4, 2, 2.00, 1
3757, 15140, 5, 0, 15142, 15146, 6, 1, 1.20, 1
3758, 15142, 3, 0, 15147, 15149, 7, 4, 2.33, 1
3759, 15143, 12, 0, 45510, 45521, 30378, 30366, 2531.50, 1
3760, 15148, 5, 0, 15150, 15154, 6, 1, 1.20, 1
3761, 15149, 17, 0, 15340, 15356, 207, 190, 12.18, 1
3762, 15150, 5, 0, 15159, 15163, 13, 8, 2.60, 1
3763, 15151, 4, 0, 15155, 15158, 7, 3, 1.75, 1
3764, 15152, 6, 0, 15164, 15169, 17, 11, 2.83, 1
3765, 15163, 7, 0, 15170, 15176, 13, 6, 1.86, 1
3766, 15175, 8, 0, 15182, 15189, 14, 6, 1.75, 1
3767, 15176, 4, 0, 15177, 15180, 4, 0, 1.00, 1
3768, 15177, 1, 0, 15181, 15181, 4, 3, 4.00, 1
3769, 15184, 5, 0, 15301, 15305, 121, 116, 24.20, 1
3770, 15185, 7, 0, 15325, 15331, 146, 139, 20.86, 1
3771, 15186, 3, 0, 15190, 15192, 6, 3, 2.00, 1
3772, 15188, 5, 0, 15193, 15197, 9, 4, 1.80, 1
3773, 15191, 10, 0, 15200, 15209, 18, 8, 1.80, 1
3774, 15193, 2, 0, 15198, 15199, 6, 4, 3.00, 1
3775, 15201, 5, 0, 15210, 15214, 13, 8, 2.60, 1
3776, 15213, 2, 0, 15215, 15216, 3, 1, 1.50, 1
3777, 15215, 2, 0, 15217, 15218, 3, 1, 1.50, 1
3778, 15216, 4, 0, 15219, 15222, 6, 2, 1.50, 1
3779, 15219, 4, 0, 15223, 15226, 7, 3, 1.75, 1
3780, 15220, 24, 0, 15259, 15282, 62, 38, 2.58, 1
3781, 15225, 14, 0, 15227, 15240, 15, 1, 1.07, 1
3782, 15228, 5, 0, 15254, 15258, 30, 25, 6.00, 1
3783, 15233, 1, 0, 15252, 15252, 19, 18, 19.00, 1
3784, 15238, 1, 0, 15253, 15253, 15, 14, 15.00, 1
3785, 15240, 7, 0, 15241, 15247, 7, 0, 1.00, 1
3786, 15244, 4, 0, 15248, 15251, 7, 3, 1.75, 1
3787, 15265, 7, 0, 15294, 15300, 35, 28, 5.00, 1
3788, 15272, 1, 0, 15291, 15291, 19, 18, 19.00, 1
3789, 15273, 1, 0, 15292, 15292, 19, 18, 19.00, 1
3790, 15277, 1, 0, 15284, 15284, 7, 6, 7.00, 1
3791, 15278, 5, 0, 15285, 15289, 11, 6, 2.20, 1
3792, 15281, 1, 0, 15283, 15283, 2, 1, 2.00, 1
3793, 15289, 1, 0, 15290, 15290, 1, 0, 1.00, 1
3794, 15291, 1, 0, 15293, 15293, 2, 1, 2.00, 1
3795, 15304, 5, 0, 15306, 15310, 6, 1, 1.20, 1
3796, 15308, 3, 0, 15311, 15313, 5, 2, 1.67, 1
3797, 15312, 1, 0, 15314, 15314, 2, 1, 2.00, 1
3798, 15314, 5, 0, 15315, 15319, 5, 0, 1.00, 1
3799, 15317, 2, 0, 15320, 15321, 4, 2, 2.00, 1
3800, 15321, 2, 0, 15322, 15323, 2, 0, 1.00, 1
3801, 15322, 1, 0, 15324, 15324, 2, 1, 2.00, 1
3802, 15326, 2, 0, 15336, 15337, 11, 9, 5.50, 1
3803, 15328, 2, 0, 15338, 15339, 11, 9, 5.50, 1
3804, 15329, 3, 0, 15333, 15335, 6, 3, 2.00, 1
3805, 15331, 1, 0, 15332, 15332, 1, 0, 1.00, 1
3806, 15345, 3, 0, 45494, 45496, 30151, 30148, 10050.33, 1
3807, 15346, 5, 0, 45497, 45501, 30155, 30150, 6031.00, 1
3808, 15349, 5, 0, 15357, 15361, 12, 7, 2.40, 1
3809, 15356, 13, 0, 15363, 15375, 19, 6, 1.46, 1
3810, 15358, 13, 0, 45481, 45493, 30135, 30122, 2318.08, 1
3811, 15360, 1, 0, 15362, 15362, 2, 1, 2.00, 1
3812, 15366, 1, 0, 15383, 15383, 17, 16, 17.00, 1
3813, 15372, 11, 0, 15387, 15397, 25, 14, 2.27, 1
3814, 15374, 3, 0, 15376, 15378, 4, 1, 1.33, 1
3815, 15377, 4, 0, 15379, 15382, 5, 1, 1.25, 1
3816, 15383, 2, 0, 15384, 15385, 2, 0, 1.00, 1
3817, 15385, 1, 0, 15386, 15386, 1, 0, 1.00, 1
3818, 15389, 4, 0, 45468, 45471, 30082, 30078, 7520.50, 1
3819, 15391, 9, 0, 45472, 45480, 30089, 30080, 3343.22, 1
3820, 15393, 4, 0, 15399, 15402, 9, 5, 2.25, 1
3821, 15396, 1, 0, 15398, 15398, 2, 1, 2.00, 1
3822, 15400, 3, 0, 15403, 15405, 5, 2, 1.67, 1
3823, 15404, 2, 0, 15406, 15407, 3, 1, 1.50, 1
3824, 15405, 14, 0, 15408, 15421, 16, 2, 1.14, 1
3825, 15408, 2, 0, 15428, 15429, 21, 19, 10.50, 1
3826, 15411, 5, 0, 15431, 15435, 24, 19, 4.80, 1
3827, 15414, 3, 0, 15422, 15424, 10, 7, 3.33, 1
3828, 15418, 3, 0, 15425, 15427, 9, 6, 3.00, 1
3829, 15429, 1, 0, 15430, 15430, 1, 0, 1.00, 1
3830, 15432, 4, 0, 15436, 15439, 7, 3, 1.75, 1
3831, 15437, 1, 0, 15440, 15440, 3, 2, 3.00, 1
3832, 15439, 5, 0, 15441, 15445, 6, 1, 1.20, 1
3833, 15441, 1, 0, 15472, 15472, 31, 30, 31.00, 1
3834, 15442, 5, 0, 15512, 15516, 74, 69, 14.80, 1
3835, 15445, 4, 0, 15446, 15449, 4, 0, 1.00, 1
3836, 15449, 11, 0, 15450, 15460, 11, 0, 1.00, 1
3837, 15457, 2, 0, 15461, 15462, 5, 3, 2.50, 1
3838, 15461, 6, 0, 15463, 15468, 7, 1, 1.17, 1
3839, 15467, 3, 0, 15469, 15471, 4, 1, 1.33, 1
3840, 15472, 4, 0, 15473, 15476, 4, 0, 1.00, 1
3841, 15474, 2, 0, 15477, 15478, 4, 2, 2.00, 1
3842, 15476, 3, 0, 15501, 15503, 27, 24, 9.00, 1
3843, 15477, 1, 0, 15479, 15479, 2, 1, 2.00, 1
3844, 15478, 4, 0, 15504, 15507, 29, 25, 7.25, 1
3845, 15479, 7, 0, 15480, 15486, 7, 0, 1.00, 1
3846, 15483, 2, 0, 15487, 15488, 5, 3, 2.50, 1
3847, 15488, 4, 0, 15489, 15492, 4, 0, 1.00, 1
3848, 15491, 1, 0, 15493, 15493, 2, 1, 2.00, 1
3849, 15492, 2, 0, 15494, 15495, 3, 1, 1.50, 1
3850, 15495, 5, 0, 15496, 15500, 5, 0, 1.00, 1
3851, 15505, 4, 0, 15508, 15511, 6, 2, 1.50, 1
3852, 15506, 6, 0, 15517, 15522, 16, 10, 2.67, 1
3853, 15514, 15, 0, 15525, 15539, 25, 10, 1.67, 1
3854, 15518, 2, 0, 15523, 15524, 6, 4, 3.00, 1
3855, 15527, 2, 0, 15550, 15551, 24, 22, 12.00, 1
3856, 15532, 1, 0, 15549, 15549, 17, 16, 17.00, 1
3857, 15536, 3, 0, 15554, 15556, 20, 17, 6.67, 1
3858, 15537, 5, 0, 15544, 15548, 11, 6, 2.20, 1
3859, 15538, 1, 0, 15540, 15540, 2, 1, 2.00, 1
3860, 15540, 3, 0, 15541, 15543, 3, 0, 1.00, 1
3861, 15550, 2, 0, 15552, 15553, 3, 1, 1.50, 1
3862, 15552, 3, 0, 15558, 15560, 8, 5, 2.67, 1
3863, 15554, 4, 0, 15562, 15565, 11, 7, 2.75, 1
3864, 15556, 1, 0, 15557, 15557, 1, 0, 1.00, 1
3865, 15559, 1, 0, 15561, 15561, 2, 1, 2.00, 1
3866, 15562, 3, 0, 15566, 15568, 6, 3, 2.00, 1
3867, 15563, 5, 0, 15575, 15579, 16, 11, 3.20, 1
3868, 15567, 3, 0, 15569, 15571, 4, 1, 1.33, 1
3869, 15569, 3, 0, 15572, 15574, 5, 2, 1.67, 1
3870, 15571, 9, 0, 15621, 15629, 58, 49, 6.44, 1
3871, 15578, 5, 0, 15580, 15584, 6, 1, 1.20, 1
3872, 15583, 7, 0, 15586, 15592, 9, 2, 1.29, 1
3873, 15584, 1, 0, 15585, 15585, 1, 0, 1.00, 1
3874, 15592, 7, 0, 15593, 15599, 7, 0, 1.00, 1
3875, 15595, 8, 0, 15603, 15610, 15, 7, 1.88, 1
3876, 15596, 1, 0, 15600, 15600, 4, 3, 4.00, 1
3877, 15597, 2, 0, 15601, 15602, 5, 3, 2.50, 1
3878, 15600, 27, 0, 15633, 15659, 59, 32, 2.19, 1
3879, 15607, 8, 0, 15611, 15618, 11, 3, 1.38, 1
3880, 15617, 2, 0, 15619, 15620, 3, 1, 1.50, 1
3881, 15622, 2, 0, 15631, 15632, 10, 8, 5.00, 1
3882, 15629, 1, 0, 15630, 15630, 1, 0, 1.00, 1
3883, 15638, 4, 0, 45452, 45455, 29817, 29813, 7454.25, 1
3884, 15641, 3, 0, 45449, 45451, 29810, 29807, 9936.67, 1
3885, 15642, 12, 0, 45456, 45467, 29825, 29813, 2485.42, 1
3886, 15643, 6, 0, 15763, 15768, 125, 119, 20.83, 1
3887, 15645, 6, 0, 45435, 45440, 29795, 29789, 4965.83, 1
3888, 15648, 15, 0, 15660, 15674, 26, 11, 1.73, 1
3889, 15664, 6, 0, 15678, 15683, 19, 13, 3.17, 1
3890, 15669, 3, 0, 15675, 15677, 8, 5, 2.67, 1
3891, 15674, 11, 0, 15700, 15710, 36, 25, 3.27, 1
3892, 15678, 5, 0, 15686, 15690, 12, 7, 2.40, 1
3893, 15679, 8, 0, 15691, 15698, 19, 11, 2.38, 1
3894, 15682, 1, 0, 15684, 15684, 2, 1, 2.00, 1
3895, 15684, 1, 0, 15685, 15685, 1, 0, 1.00, 1
3896, 15692, 1, 0, 15699, 15699, 7, 6, 7.00, 1
3897, 15703, 4, 0, 15711, 15714, 11, 7, 2.75, 1
3898, 15704, 11, 0, 15720, 15730, 26, 15, 2.36, 1
3899, 15713, 2, 0, 15715, 15716, 3, 1, 1.50, 1
3900, 15715, 1, 0, 15717, 15717, 2, 1, 2.00, 1
3901, 15717, 2, 0, 15718, 15719, 2, 0, 1.00, 1
3902, 15720, 4, 0, 15747, 15750, 30, 26, 7.50, 1
3903, 15728, 3, 0, 15731, 15733, 5, 2, 1.67, 1
3904, 15729, 5, 0, 15754, 15758, 29, 24, 5.80, 1
3905, 15732, 10, 0, 15734, 15743, 11, 1, 1.10, 1
3906, 15737, 3, 0, 15744, 15746, 9, 6, 3.00, 1
3907, 15750, 3, 0, 15751, 15753, 3, 0, 1.00, 1
3908, 15758, 4, 0, 15759, 15762, 4, 0, 1.00, 1
3909, 15764, 8, 0, 45441, 45448, 29684, 29676, 3710.50, 1
3910, 15765, 3, 0, 15769, 15771, 6, 3, 2.00, 1
3911, 15768, 12, 0, 15779, 15790, 22, 10, 1.83, 1
3912, 15769, 1, 0, 15772, 15772, 3, 2, 3.00, 1
3913, 15770, 6, 0, 15773, 15778, 8, 2, 1.33, 1
3914, 15785, 6, 0, 15791, 15796, 11, 5, 1.83, 1
3915, 15791, 18, 0, 15832, 15849, 58, 40, 3.22, 1
3916, 15794, 9, 0, 15797, 15805, 11, 2, 1.22, 1
3917, 15798, 8, 0, 15812, 15819, 21, 13, 2.62, 1
3918, 15799, 5, 0, 15806, 15810, 11, 6, 2.20, 1
3919, 15810, 1, 0, 15811, 15811, 1, 0, 1.00, 1
3920, 15816, 5, 0, 15820, 15824, 8, 3, 1.60, 1
3921, 15817, 7, 0, 15825, 15831, 14, 7, 2.00, 1
3922, 15834, 2, 0, 45431, 45432, 29598, 29596, 14799.00, 1
3923, 15839, 2, 0, 45433, 45434, 29595, 29593, 14797.50, 1
3924, 15842, 10, 0, 45406, 45415, 29573, 29563, 2957.30, 1
3925, 15843, 2, 0, 45404, 45405, 29562, 29560, 14781.00, 1
3926, 15848, 15, 0, 45416, 45430, 29582, 29567, 1972.13, 1
3927, 15849, 13, 0, 15850, 15862, 13, 0, 1.00, 1
3928, 15850, 5, 0, 45394, 45398, 29548, 29543, 5909.60, 1
3929, 15855, 5, 0, 45399, 45403, 29548, 29543, 5909.60, 1
3930, 15858, 6, 0, 15868, 15873, 15, 9, 2.50, 1
3931, 15862, 2, 0, 15863, 15864, 2, 0, 1.00, 1
3932, 15863, 3, 0, 15865, 15867, 4, 1, 1.33, 1
3933, 15869, 8, 0, 15946, 15953, 84, 76, 10.50, 1
3934, 15870, 1, 0, 15874, 15874, 4, 3, 4.00, 1
3935, 15874, 6, 0, 15875, 15880, 6, 0, 1.00, 1
3936, 15879, 4, 0, 15881, 15884, 5, 1, 1.25, 1
3937, 15880, 8, 0, 45374, 45381, 29501, 29493, 3687.62, 1
3938, 15882, 2, 0, 15885, 15886, 4, 2, 2.00, 1
3939, 15886, 6, 0, 15887, 15892, 6, 0, 1.00, 1
3940, 15888, 3, 0, 15894, 15896, 8, 5, 2.67, 1
3941, 15891, 1, 0, 15893, 15893, 2, 1, 2.00, 1
3942, 15892, 6, 0, 15912, 15917, 25, 19, 4.17, 1
3943, 15896, 1, 0, 15897, 15897, 1, 0, 1.00, 1
3944, 15897, 4, 0, 15898, 15901, 4, 0, 1.00, 1
3945, 15898, 2, 0, 15902, 15903, 5, 3, 2.50, 1
3946, 15901, 10, 0, 15929, 15938, 37, 27, 3.70, 1
3947, 15902, 1, 0, 15904, 15904, 2, 1, 2.00, 1
3948, 15903, 6, 0, 15906, 15911, 8, 2, 1.33, 1
3949, 15904, 1, 0, 15905, 15905, 1, 0, 1.00, 1
3950, 15912, 5, 0, 15918, 15922, 10, 5, 2.00, 1
3951, 15922, 6, 0, 15923, 15928, 6, 0, 1.00, 1
3952, 15931, 1, 0, 15940, 15940, 9, 8, 9.00, 1
3953, 15932, 4, 0, 15942, 15945, 13, 9, 3.25, 1
3954, 15934, 1, 0, 15939, 15939, 5, 4, 5.00, 1
3955, 15940, 1, 0, 15941, 15941, 1, 0, 1.00, 1
3956, 15950, 2, 0, 15954, 15955, 5, 3, 2.50, 1
3957, 15953, 3, 0, 15956, 15958, 5, 2, 1.67, 1
3958, 15954, 3, 0, 15959, 15961, 7, 4, 2.33, 1
3959, 15957, 7, 0, 15970, 15976, 19, 12, 2.71, 1
3960, 15961, 2, 0, 15962, 15963, 2, 0, 1.00, 1
3961, 15963, 3, 0, 15964, 15966, 3, 0, 1.00, 1
3962, 15964, 3, 0, 15967, 15969, 5, 2, 1.67, 1
3963, 15966, 7, 0, 15977, 15983, 17, 10, 2.43, 1
3964, 15974, 12, 0, 45382, 45393, 29419, 29407, 2451.58, 1
3965, 15977, 3, 0, 45365, 45367, 29390, 29387, 9796.67, 1
3966, 15979, 6, 0, 45368, 45373, 29394, 29388, 4899.00, 1
3967, 15981, 7, 0, 15984, 15990, 9, 2, 1.29, 1
3968, 15982, 9, 0, 45356, 45364, 29382, 29373, 3264.67, 1
3969, 15987, 1, 0, 45352, 45352, 29365, 29364, 29365.00, 1
3970, 15989, 3, 0, 45353, 45355, 29366, 29363, 9788.67, 1
3971, 15990, 6, 0, 15991, 15996, 6, 0, 1.00, 1
3972, 15995, 6, 0, 15997, 16002, 7, 1, 1.17, 1
3973, 16001, 3, 0, 16003, 16005, 4, 1, 1.33, 1
3974, 16002, 8, 0, 16006, 16013, 11, 3, 1.38, 1
3975, 16007, 5, 0, 16020, 16024, 17, 12, 3.40, 1
3976, 16008, 6, 0, 16402, 16407, 399, 393, 66.50, 1
3977, 16009, 6, 0, 16014, 16019, 10, 4, 1.67, 1
3978, 16020, 8, 0, 45335, 45342, 29322, 29314, 3665.25, 1
3979, 16022, 1, 0, 16032, 16032, 10, 9, 10.00, 1
3980, 16023, 4, 0, 16033, 16036, 13, 9, 3.25, 1
3981, 16024, 7, 0, 16025, 16031, 7, 0, 1.00, 1
3982, 16036, 3, 0, 16037, 16039, 3, 0, 1.00, 1
3983, 16037, 8, 0, 16040, 16047, 10, 2, 1.25, 1
3984, 16038, 10, 0, 16359, 16368, 330, 320, 33.00, 1
3985, 16041, 4, 0, 16335, 16338, 297, 293, 74.25, 1
3986, 16043, 2, 0, 16048, 16049, 6, 4, 3.00, 1
3987, 16045, 8, 0, 16340, 16347, 302, 294, 37.75, 1
3988, 16048, 3, 0, 16050, 16052, 4, 1, 1.33, 1
3989, 16049, 4, 0, 16057, 16060, 11, 7, 2.75, 1
3990, 16050, 2, 0, 16053, 16054, 4, 2, 2.00, 1
3991, 16053, 2, 0, 16055, 16056, 3, 1, 1.50, 1
3992, 16057, 2, 0, 16061, 16062, 5, 3, 2.50, 1
3993, 16058, 4, 0, 16064, 16067, 9, 5, 2.25, 1
3994, 16062, 1, 0, 16063, 16063, 1, 0, 1.00, 1
3995, 16064, 5, 0, 16073, 16077, 13, 8, 2.60, 1
3996, 16065, 1, 0, 16071, 16071, 6, 5, 6.00, 1
3997, 16066, 1, 0, 16072, 16072, 6, 5, 6.00, 1
3998, 16067, 3, 0, 16068, 16070, 3, 0, 1.00, 1
3999, 16071, 9, 0, 16105, 16113, 42, 33, 4.67, 1
4000, 16077, 5, 0, 16078, 16082, 5, 0, 1.00, 1
4001, 16080, 3, 0, 16083, 16085, 5, 2, 1.67, 1
4002, 16083, 8, 0, 16086, 16093, 10, 2, 1.25, 1
4003, 16087, 1, 0, 16099, 16099, 12, 11, 12.00, 1
4004, 16088, 5, 0, 16100, 16104, 16, 11, 3.20, 1
4005, 16090, 1, 0, 16094, 16094, 4, 3, 4.00, 1
4006, 16092, 3, 0, 16095, 16097, 5, 2, 1.67, 1
4007, 16097, 1, 0, 16098, 16098, 1, 0, 1.00, 1
4008, 16109, 9, 0, 16128, 16136, 27, 18, 3.00, 1
4009, 16110, 18, 0, 16140, 16157, 47, 29, 2.61, 1
4010, 16111, 5, 0, 16114, 16118, 7, 2, 1.40, 1
4011, 16116, 1, 0, 16119, 16119, 3, 2, 3.00, 1
4012, 16118, 1, 0, 16120, 16120, 2, 1, 2.00, 1
4013, 16120, 7, 0, 16121, 16127, 7, 0, 1.00, 1
4014, 16129, 3, 0, 16137, 16139, 10, 7, 3.33, 1
4015, 16141, 3, 0, 16316, 16318, 177, 174, 59.00, 1
4016, 16144, 2, 0, 16314, 16315, 171, 169, 85.50, 1
4017, 16148, 13, 0, 16319, 16331, 183, 170, 14.08, 1
4018, 16156, 11, 0, 16171, 16181, 25, 14, 2.27, 1
4019, 16157, 5, 0, 16158, 16162, 5, 0, 1.00, 1
4020, 16159, 11, 0, 16231, 16241, 82, 71, 7.45, 1
4021, 16160, 3, 0, 16165, 16167, 7, 4, 2.33, 1
4022, 16162, 2, 0, 16163, 16164, 2, 0, 1.00, 1
4023, 16167, 3, 0, 16168, 16170, 3, 0, 1.00, 1
4024, 16175, 7, 0, 16193, 16199, 24, 17, 3.43, 1
4025, 16176, 13, 0, 16301, 16313, 137, 124, 10.54, 1
4026, 16178, 6, 0, 16182, 16187, 9, 3, 1.50, 1
4027, 16184, 5, 0, 16188, 16192, 8, 3, 1.60, 1
4028, 16193, 4, 0, 16200, 16203, 10, 6, 2.50, 1
4029, 16198, 8, 0, 16209, 16216, 18, 10, 2.25, 1
4030, 16202, 5, 0, 16204, 16208, 6, 1, 1.20, 1
4031, 16209, 4, 0, 16221, 16224, 15, 11, 3.75, 1
4032, 16211, 3, 0, 16218, 16220, 9, 6, 3.00, 1
4033, 16215, 1, 0, 16217, 16217, 2, 1, 2.00, 1
4034, 16224, 6, 0, 16225, 16230, 6, 0, 1.00, 1
4035, 16232, 2, 0, 16289, 16290, 58, 56, 29.00, 1
4036, 16234, 4, 0, 16291, 16294, 60, 56, 15.00, 1
4037, 16241, 3, 0, 16242, 16244, 3, 0, 1.00, 1
4038, 16243, 11, 0, 16245, 16255, 12, 1, 1.09, 1
4039, 16247, 2, 0, 16257, 16258, 11, 9, 5.50, 1
4040, 16248, 1, 0, 16256, 16256, 8, 7, 8.00, 1
4041, 16251, 3, 0, 16259, 16261, 10, 7, 3.33, 1
4042, 16260, 5, 0, 16262, 16266, 6, 1, 1.20, 1
4043, 16263, 3, 0, 16268, 16270, 7, 4, 2.33, 1
4044, 16264, 1, 0, 16267, 16267, 3, 2, 3.00, 1
4045, 16268, 16, 0, 16271, 16286, 18, 2, 1.12, 1
4046, 16271, 1, 0, 16287, 16287, 16, 15, 16.00, 1
4047, 16278, 1, 0, 16288, 16288, 10, 9, 10.00, 1
4048, 16292, 6, 0, 16295, 16300, 8, 2, 1.33, 1
4049, 16330, 3, 0, 16332, 16334, 4, 1, 1.33, 1
4050, 16338, 1, 0, 16339, 16339, 1, 0, 1.00, 1
4051, 16340, 12, 0, 16370, 16381, 41, 29, 3.42, 1
4052, 16345, 9, 0, 16348, 16356, 11, 2, 1.22, 1
4053, 16348, 2, 0, 16357, 16358, 10, 8, 5.00, 1
4054, 16366, 1, 0, 16369, 16369, 3, 2, 3.00, 1
4055, 16370, 3, 0, 16384, 16386, 16, 13, 5.33, 1
4056, 16375, 2, 0, 16382, 16383, 8, 6, 4.00, 1
4057, 16377, 7, 0, 16395, 16401, 24, 17, 3.43, 1
4058, 16384, 2, 0, 16388, 16389, 5, 3, 2.50, 1
4059, 16386, 1, 0, 16387, 16387, 1, 0, 1.00, 1
4060, 16388, 4, 0, 16390, 16393, 5, 1, 1.25, 1
4061, 16391, 1, 0, 16394, 16394, 3, 2, 3.00, 1
4062, 16405, 3, 0, 16409, 16411, 6, 3, 2.00, 1
4063, 16406, 1, 0, 16408, 16408, 2, 1, 2.00, 1
4064, 16407, 7, 0, 45328, 45334, 28927, 28920, 4132.43, 1
4065, 16409, 9, 0, 45343, 45351, 28942, 28933, 3215.78, 1
4066, 16410, 6, 0, 16412, 16417, 7, 1, 1.17, 1
4067, 16412, 1, 0, 45325, 45325, 28913, 28912, 28913.00, 1
4068, 16414, 2, 0, 45326, 45327, 28913, 28911, 14456.50, 1
4069, 16415, 4, 0, 16418, 16421, 6, 2, 1.50, 1
4070, 16417, 5, 0, 16426, 16430, 13, 8, 2.60, 1
4071, 16421, 4, 0, 16422, 16425, 4, 0, 1.00, 1
4072, 16426, 2, 0, 45315, 45316, 28890, 28888, 14445.00, 1
4073, 16427, 8, 0, 45317, 45324, 28897, 28889, 3612.12, 1
4074, 16429, 6, 0, 16431, 16436, 7, 1, 1.17, 1
4075, 16432, 7, 0, 16437, 16443, 11, 4, 1.57, 1
4076, 16437, 2, 0, 16444, 16445, 8, 6, 4.00, 1
4077, 16442, 8, 0, 16446, 16453, 11, 3, 1.38, 1
4078, 16446, 5, 0, 16499, 16503, 57, 52, 11.40, 1
4079, 16448, 6, 0, 45298, 45303, 28855, 28849, 4809.17, 1
4080, 16449, 6, 0, 16473, 16478, 29, 23, 4.83, 1
4081, 16451, 3, 0, 16454, 16456, 5, 2, 1.67, 1
4082, 16452, 5, 0, 16457, 16461, 9, 4, 1.80, 1
4083, 16456, 6, 0, 16483, 16488, 32, 26, 5.33, 1
4084, 16461, 5, 0, 16462, 16466, 5, 0, 1.00, 1
4085, 16465, 3, 0, 16467, 16469, 4, 1, 1.33, 1
4086, 16468, 3, 0, 16470, 16472, 4, 1, 1.33, 1
4087, 16474, 6, 0, 16491, 16496, 22, 16, 3.67, 1
4088, 16475, 2, 0, 16479, 16480, 5, 3, 2.50, 1
4089, 16480, 2, 0, 16481, 16482, 2, 0, 1.00, 1
4090, 16488, 2, 0, 16489, 16490, 2, 0, 1.00, 1
4091, 16496, 2, 0, 16497, 16498, 2, 0, 1.00, 1
4092, 16499, 11, 0, 45304, 45314, 28815, 28804, 2619.55, 1
4093, 16500, 9, 0, 16504, 16512, 12, 3, 1.33, 1
4094, 16510, 7, 0, 16513, 16519, 9, 2, 1.29, 1
4095, 16512, 14, 0, 45269, 45282, 28770, 28756, 2055.00, 1
4096, 16513, 4, 0, 45265, 45268, 28755, 28751, 7188.75, 1
4097, 16516, 3, 0, 45262, 45264, 28748, 28745, 9582.67, 1
4098, 16518, 15, 0, 45283, 45297, 28779, 28764, 1918.60, 1
4099, 16519, 10, 0, 16520, 16529, 10, 0, 1.00, 1
4100, 16520, 1, 0, 16533, 16533, 13, 12, 13.00, 1
4101, 16521, 12, 0, 16534, 16545, 24, 12, 2.00, 1
4102, 16522, 3, 0, 16530, 16532, 10, 7, 3.33, 1
4103, 16538, 1, 0, 16552, 16552, 14, 13, 14.00, 1
4104, 16541, 4, 0, 16553, 16556, 15, 11, 3.75, 1
4105, 16544, 4, 0, 16546, 16549, 5, 1, 1.25, 1
4106, 16549, 2, 0, 16550, 16551, 2, 0, 1.00, 1
4107, 16554, 8, 0, 16557, 16564, 10, 2, 1.25, 1
4108, 16557, 13, 0, 16565, 16577, 20, 7, 1.54, 1
4109, 16567, 2, 0, 45246, 45247, 28680, 28678, 14340.00, 1
4110, 16570, 14, 0, 45248, 45261, 28691, 28677, 2049.36, 1
4111, 16571, 1, 0, 45243, 45243, 28672, 28671, 28672.00, 1
4112, 16573, 2, 0, 45244, 45245, 28672, 28670, 14336.00, 1
4113, 16577, 3, 0, 16578, 16580, 3, 0, 1.00, 1
4114, 16580, 17, 0, 16581, 16597, 17, 0, 1.00, 1
4115, 16581, 4, 0, 45228, 45231, 28650, 28646, 7162.50, 1
4116, 16585, 11, 0, 45232, 45242, 28657, 28646, 2605.18, 1
4117, 16587, 13, 0, 45215, 45227, 28640, 28627, 2203.08, 1
4118, 16589, 8, 0, 45207, 45214, 28625, 28617, 3578.12, 1
4119, 16590, 1, 0, 45205, 45205, 28615, 28614, 28615.00, 1
4120, 16592, 1, 0, 45206, 45206, 28614, 28613, 28614.00, 1
4121, 16594, 5, 0, 45193, 45197, 28603, 28598, 5720.60, 1
4122, 16595, 7, 0, 45198, 45204, 28609, 28602, 4087.00, 1
4123, 16597, 6, 0, 16598, 16603, 6, 0, 1.00, 1
4124, 16598, 6, 0, 16604, 16609, 11, 5, 1.83, 1
4125, 16600, 7, 0, 16617, 16623, 23, 16, 3.29, 1
4126, 16604, 1, 0, 16610, 16610, 6, 5, 6.00, 1
4127, 16606, 6, 0, 16611, 16616, 10, 4, 1.67, 1
4128, 16614, 10, 0, 45171, 45180, 28566, 28556, 2856.60, 1
4129, 16621, 12, 0, 45181, 45192, 28571, 28559, 2380.92, 1
4130, 16622, 3, 0, 16624, 16626, 4, 1, 1.33, 1
4131, 16626, 24, 0, 16627, 16650, 24, 0, 1.00, 1
4132, 16627, 1, 0, 45169, 45169, 28542, 28541, 28542.00, 1
4133, 16629, 1, 0, 45170, 45170, 28541, 28540, 28541.00, 1
4134, 16635, 4, 0, 45158, 45161, 28526, 28522, 7131.50, 1
4135, 16639, 7, 0, 45162, 45168, 28529, 28522, 4075.57, 1
4136, 16644, 1, 0, 45156, 45156, 28512, 28511, 28512.00, 1
4137, 16649, 1, 0, 45157, 45157, 28508, 28507, 28508.00, 1
4138, 16650, 9, 0, 16651, 16659, 9, 0, 1.00, 1
4139, 16652, 4, 0, 45144, 45147, 28495, 28491, 7123.75, 1
4140, 16654, 3, 0, 45141, 45143, 28489, 28486, 9496.33, 1
4141, 16657, 2, 0, 45139, 45140, 28483, 28481, 14241.50, 1
4142, 16658, 8, 0, 45148, 45155, 28497, 28489, 3562.12, 1
4143, 16659, 3, 0, 16660, 16662, 3, 0, 1.00, 1
4144, 16661, 17, 0, 16664, 16680, 19, 2, 1.12, 1
4145, 16662, 1, 0, 16663, 16663, 1, 0, 1.00, 1
4146, 16668, 3, 0, 16688, 16690, 22, 19, 7.33, 1
4147, 16669, 11, 0, 16691, 16701, 32, 21, 2.91, 1
4148, 16673, 2, 0, 16681, 16682, 9, 7, 4.50, 1
4149, 16676, 3, 0, 16683, 16685, 9, 6, 3.00, 1
4150, 16683, 2, 0, 16686, 16687, 4, 2, 2.00, 1
4151, 16695, 3, 0, 45133, 45135, 28440, 28437, 9480.00, 1
4152, 16698, 3, 0, 45136, 45138, 28440, 28437, 9480.00, 1
4153, 16699, 3, 0, 16702, 16704, 5, 2, 1.67, 1
4154, 16700, 5, 0, 16706, 16710, 10, 5, 2.00, 1
4155, 16702, 1, 0, 16705, 16705, 3, 2, 3.00, 1
4156, 16706, 4, 0, 16714, 16717, 11, 7, 2.75, 1
4157, 16709, 9, 0, 16718, 16726, 17, 8, 1.89, 1
4158, 16710, 3, 0, 16711, 16713, 3, 0, 1.00, 1
4159, 16717, 15, 0, 16747, 16761, 44, 29, 2.93, 1
4160, 16718, 18, 0, 45115, 45132, 28414, 28396, 1578.56, 1
4161, 16720, 4, 0, 16729, 16732, 12, 8, 3.00, 1
4162, 16723, 5, 0, 16737, 16741, 18, 13, 3.60, 1
4163, 16725, 1, 0, 16727, 16727, 2, 1, 2.00, 1
4164, 16727, 1, 0, 16728, 16728, 1, 0, 1.00, 1
4165, 16731, 4, 0, 16733, 16736, 5, 1, 1.25, 1
4166, 16740, 5, 0, 16742, 16746, 6, 1, 1.20, 1
4167, 16752, 2, 0, 16762, 16763, 11, 9, 5.50, 1
4168, 16755, 9, 0, 16769, 16777, 22, 13, 2.44, 1
4169, 16762, 5, 0, 16764, 16768, 6, 1, 1.20, 1
4170, 16771, 5, 0, 16788, 16792, 21, 16, 4.20, 1
4171, 16773, 1, 0, 16778, 16778, 5, 4, 5.00, 1
4172, 16776, 4, 0, 16779, 16782, 6, 2, 1.50, 1
4173, 16778, 4, 0, 16783, 16786, 8, 4, 2.00, 1
4174, 16780, 12, 0, 16802, 16813, 33, 21, 2.75, 1
4175, 16786, 1, 0, 16787, 16787, 1, 0, 1.00, 1
4176, 16789, 1, 0, 16793, 16793, 4, 3, 4.00, 1
4177, 16790, 1, 0, 16794, 16794, 4, 3, 4.00, 1
4178, 16794, 7, 0, 16795, 16801, 7, 0, 1.00, 1
4179, 16806, 3, 0, 16815, 16817, 11, 8, 3.67, 1
4180, 16807, 1, 0, 16814, 16814, 7, 6, 7.00, 1
4181, 16808, 3, 0, 16819, 16821, 13, 10, 4.33, 1
4182, 16817, 1, 0, 16818, 16818, 1, 0, 1.00, 1
4183, 16819, 6, 0, 16822, 16827, 8, 2, 1.33, 1
4184, 16821, 13, 0, 16847, 16859, 38, 25, 2.92, 1
4185, 16825, 7, 0, 16828, 16834, 9, 2, 1.29, 1
4186, 16830, 3, 0, 16837, 16839, 9, 6, 3.00, 1
4187, 16833, 2, 0, 16835, 16836, 3, 1, 1.50, 1
4188, 16835, 5, 0, 16840, 16844, 9, 4, 1.80, 1
4189, 16839, 14, 0, 16875, 16888, 49, 35, 3.50, 1
4190, 16842, 2, 0, 16845, 16846, 4, 2, 2.00, 1
4191, 16848, 3, 0, 16863, 16865, 17, 14, 5.67, 1
4192, 16849, 4, 0, 16867, 16870, 21, 17, 5.25, 1
4193, 16850, 1, 0, 16860, 16860, 10, 9, 10.00, 1
4194, 16854, 2, 0, 16861, 16862, 8, 6, 4.00, 1
4195, 16864, 1, 0, 16866, 16866, 2, 1, 2.00, 1
4196, 16870, 4, 0, 16871, 16874, 4, 0, 1.00, 1
4197, 16876, 1, 0, 45113, 45113, 28237, 28236, 28237.00, 1
4198, 16879, 1, 0, 45114, 45114, 28235, 28234, 28235.00, 1
4199, 16883, 5, 0, 16890, 16894, 11, 6, 2.20, 1
4200, 16888, 1, 0, 16889, 16889, 1, 0, 1.00, 1
4201, 16889, 6, 0, 16896, 16901, 12, 6, 2.00, 1
4202, 16893, 1, 0, 16895, 16895, 2, 1, 2.00, 1
4203, 16895, 8, 0, 16902, 16909, 14, 6, 1.75, 1
4204, 16905, 1, 0, 16916, 16916, 11, 10, 11.00, 1
4205, 16907, 11, 0, 16917, 16927, 20, 9, 1.82, 1
4206, 16908, 1, 0, 16910, 16910, 2, 1, 2.00, 1
4207, 16909, 3, 0, 16913, 16915, 6, 3, 2.00, 1
4208, 16910, 2, 0, 16911, 16912, 2, 0, 1.00, 1
4209, 16917, 8, 0, 16929, 16936, 19, 11, 2.38, 1
4210, 16918, 1, 0, 16928, 16928, 10, 9, 10.00, 1
4211, 16924, 10, 0, 16944, 16953, 29, 19, 2.90, 1
4212, 16932, 3, 0, 16937, 16939, 7, 4, 2.33, 1
4213, 16935, 4, 0, 16940, 16943, 8, 4, 2.00, 1
4214, 16944, 4, 0, 45105, 45108, 28164, 28160, 7041.00, 1
4215, 16947, 4, 0, 45109, 45112, 28165, 28161, 7041.25, 1
4216, 16949, 9, 0, 16954, 16962, 13, 4, 1.44, 1
4217, 16950, 15, 0, 16963, 16977, 27, 12, 1.80, 1
4218, 16963, 4, 0, 16981, 16984, 21, 17, 5.25, 1
4219, 16964, 1, 0, 16978, 16978, 14, 13, 14.00, 1
4220, 16972, 5, 0, 16985, 16989, 17, 12, 3.40, 1
4221, 16978, 2, 0, 16979, 16980, 2, 0, 1.00, 1
4222, 16985, 2, 0, 16990, 16991, 6, 4, 3.00, 1
4223, 16988, 6, 0, 16992, 16997, 9, 3, 1.50, 1
4224, 16993, 4, 0, 16998, 17001, 8, 4, 2.00, 1
4225, 16995, 7, 0, 17010, 17016, 21, 14, 3.00, 1
4226, 17001, 2, 0, 17002, 17003, 2, 0, 1.00, 1
4227, 17003, 4, 0, 17004, 17007, 4, 0, 1.00, 1
4228, 17007, 2, 0, 17008, 17009, 2, 0, 1.00, 1
4229, 17011, 9, 0, 45096, 45104, 28093, 28084, 3121.44, 1
4230, 17013, 4, 0, 45092, 45095, 28082, 28078, 7020.50, 1
4231, 17014, 2, 0, 45088, 45089, 28075, 28073, 14037.50, 1
4232, 17015, 2, 0, 45090, 45091, 28076, 28074, 14038.00, 1
4233, 17016, 1, 0, 17017, 17017, 1, 0, 1.00, 1
4234, 17017, 12, 0, 17018, 17029, 12, 0, 1.00, 1
4235, 17019, 4, 0, 45080, 45083, 28064, 28060, 7016.00, 1
4236, 17022, 4, 0, 45084, 45087, 28065, 28061, 7016.25, 1
4237, 17024, 11, 0, 17030, 17040, 16, 5, 1.45, 1
4238, 17031, 1, 0, 45078, 45078, 28047, 28046, 28047.00, 1
4239, 17032, 1, 0, 45079, 45079, 28047, 28046, 28047.00, 1
4240, 17033, 8, 0, 17041, 17048, 15, 7, 1.88, 1
4241, 17034, 10, 0, 17052, 17061, 27, 17, 2.70, 1
4242, 17048, 1, 0, 17049, 17049, 1, 0, 1.00, 1
4243, 17049, 2, 0, 17050, 17051, 2, 0, 1.00, 1
4244, 17056, 9, 0, 45056, 45064, 28008, 27999, 3112.00, 1
4245, 17060, 6, 0, 17062, 17067, 7, 1, 1.17, 1
4246, 17063, 2, 0, 17073, 17074, 11, 9, 5.50, 1
4247, 17064, 1, 0, 17068, 17068, 4, 3, 4.00, 1
4248, 17067, 4, 0, 17079, 17082, 15, 11, 3.75, 1
4249, 17068, 4, 0, 17069, 17072, 4, 0, 1.00, 1
4250, 17073, 5, 0, 17083, 17087, 14, 9, 2.80, 1
4251, 17074, 2, 0, 17075, 17076, 2, 0, 1.00, 1
4252, 17076, 2, 0, 17077, 17078, 2, 0, 1.00, 1
4253, 17082, 6, 0, 17091, 17096, 14, 8, 2.33, 1
4254, 17086, 3, 0, 17088, 17090, 4, 1, 1.33, 1
4255, 17091, 4, 0, 17098, 17101, 10, 6, 2.50, 1
4256, 17093, 13, 0, 45065, 45077, 27984, 27971, 2152.62, 1
4257, 17095, 1, 0, 17097, 17097, 2, 1, 2.00, 1
4258, 17098, 6, 0, 17102, 17107, 9, 3, 1.50, 1
4259, 17104, 9, 0, 17108, 17116, 12, 3, 1.33, 1
4260, 17111, 4, 0, 17117, 17120, 9, 5, 2.25, 1
4261, 17113, 7, 0, 17121, 17127, 14, 7, 2.00, 1
4262, 17122, 22, 0, 45034, 45055, 27933, 27911, 1269.68, 1
4263, 17124, 5, 0, 45023, 45027, 27903, 27898, 5580.60, 1
4264, 17125, 2, 0, 45021, 45022, 27897, 27895, 13948.50, 1
4265, 17126, 6, 0, 45028, 45033, 27907, 27901, 4651.17, 1
4266, 17127, 7, 0, 17128, 17134, 7, 0, 1.00, 1
4267, 17132, 7, 0, 17135, 17141, 9, 2, 1.29, 1
4268, 17135, 2, 0, 45016, 45017, 27882, 27880, 13941.00, 1
4269, 17138, 3, 0, 45018, 45020, 27882, 27879, 9294.00, 1
4270, 17140, 1, 0, 17142, 17142, 2, 1, 2.00, 1
4271, 17141, 3, 0, 17143, 17145, 4, 1, 1.33, 1
4272, 17143, 1, 0, 17146, 17146, 3, 2, 3.00, 1
4273, 17144, 8, 0, 17147, 17154, 10, 2, 1.25, 1
4274, 17149, 19, 0, 17155, 17173, 24, 5, 1.26, 1
4275, 17162, 21, 0, 44995, 45015, 27853, 27832, 1326.33, 1
4276, 17163, 10, 0, 44975, 44984, 27821, 27811, 2782.10, 1
4277, 17164, 9, 0, 17197, 17205, 41, 32, 4.56, 1
4278, 17173, 7, 0, 17174, 17180, 7, 0, 1.00, 1
4279, 17175, 1, 0, 17181, 17181, 6, 5, 6.00, 1
4280, 17178, 5, 0, 17182, 17186, 8, 3, 1.60, 1
4281, 17182, 10, 0, 44985, 44994, 27812, 27802, 2781.20, 1
4282, 17183, 5, 0, 17187, 17191, 8, 3, 1.60, 1
4283, 17186, 5, 0, 17192, 17196, 10, 5, 2.00, 1
4284, 17200, 6, 0, 44957, 44962, 27762, 27756, 4627.00, 1
4285, 17203, 12, 0, 44963, 44974, 27771, 27759, 2314.25, 1
4286, 17205, 2, 0, 17206, 17207, 2, 0, 1.00, 1
4287, 17206, 4, 0, 17210, 17213, 7, 3, 1.75, 1
4288, 17207, 2, 0, 17208, 17209, 2, 0, 1.00, 1
4289, 17211, 5, 0, 17218, 17222, 11, 6, 2.20, 1
4290, 17213, 4, 0, 17214, 17217, 4, 0, 1.00, 1
4291, 17221, 1, 0, 17223, 17223, 2, 1, 2.00, 1
4292, 17222, 10, 0, 17224, 17233, 11, 1, 1.10, 1
4293, 17224, 7, 0, 17235, 17241, 17, 10, 2.43, 1
4294, 17233, 1, 0, 17234, 17234, 1, 0, 1.00, 1
4295, 17239, 3, 0, 17242, 17244, 5, 2, 1.67, 1
4296, 17242, 3, 0, 17245, 17247, 5, 2, 1.67, 1
4297, 17244, 10, 0, 17248, 17257, 13, 3, 1.30, 1
4298, 17248, 2, 0, 17258, 17259, 11, 9, 5.50, 1
4299, 17256, 5, 0, 17260, 17264, 8, 3, 1.60, 1
4300, 17260, 3, 0, 17265, 17267, 7, 4, 2.33, 1
4301, 17262, 9, 0, 17268, 17276, 14, 5, 1.56, 1
4302, 17270, 8, 0, 44935, 44942, 27672, 27664, 3459.00, 1
4303, 17271, 6, 0, 44929, 44934, 27663, 27657, 4610.50, 1
4304, 17275, 3, 0, 17277, 17279, 4, 1, 1.33, 1
4305, 17278, 2, 0, 17280, 17281, 3, 1, 1.50, 1
4306, 17279, 5, 0, 17282, 17286, 7, 2, 1.40, 1
4307, 17285, 14, 0, 44943, 44956, 27671, 27657, 1976.50, 1
4308, 17286, 7, 0, 17287, 17293, 7, 0, 1.00, 1
4309, 17288, 4, 0, 17295, 17298, 10, 6, 2.50, 1
4310, 17289, 1, 0, 17294, 17294, 5, 4, 5.00, 1
4311, 17296, 2, 0, 17299, 17300, 4, 2, 2.00, 1
4312, 17299, 5, 0, 17301, 17305, 6, 1, 1.20, 1
4313, 17301, 14, 0, 17309, 17322, 21, 7, 1.50, 1
4314, 17303, 3, 0, 17306, 17308, 5, 2, 1.67, 1
4315, 17312, 1, 0, 44927, 44927, 27615, 27614, 27615.00, 1
4316, 17316, 1, 0, 44928, 44928, 27612, 27611, 27612.00, 1
4317, 17318, 13, 0, 17350, 17362, 44, 31, 3.38, 1
4318, 17319, 5, 0, 17323, 17327, 8, 3, 1.60, 1
4319, 17323, 5, 0, 17328, 17332, 9, 4, 1.80, 1
4320, 17325, 8, 0, 17341, 17348, 23, 15, 2.88, 1
4321, 17329, 3, 0, 17336, 17338, 9, 6, 3.00, 1
4322, 17332, 2, 0, 17333, 17334, 2, 0, 1.00, 1
4323, 17333, 1, 0, 17335, 17335, 2, 1, 2.00, 1
4324, 17337, 2, 0, 17339, 17340, 3, 1, 1.50, 1
4325, 17344, 1, 0, 17349, 17349, 5, 4, 5.00, 1
4326, 17355, 2, 0, 17363, 17364, 9, 7, 4.50, 1
4327, 17361, 13, 0, 17365, 17377, 16, 3, 1.23, 1
4328, 17363, 32, 0, 44895, 44926, 27563, 27531, 861.34, 1
4329, 17365, 2, 0, 44885, 44886, 27521, 27519, 13760.50, 1
4330, 17367, 1, 0, 44884, 44884, 27517, 27516, 27517.00, 1
4331, 17372, 8, 0, 44887, 44894, 27522, 27514, 3440.25, 1
4332, 17374, 5, 0, 44874, 44878, 27504, 27499, 5500.80, 1
4333, 17376, 5, 0, 44879, 44883, 27507, 27502, 5501.40, 1
4334, 17377, 5, 0, 17378, 17382, 5, 0, 1.00, 1
4335, 17380, 10, 0, 17383, 17392, 12, 2, 1.20, 1
4336, 17388, 3, 0, 17393, 17395, 7, 4, 2.33, 1
4337, 17393, 2, 0, 17396, 17397, 4, 2, 2.00, 1
4338, 17396, 9, 0, 17398, 17406, 10, 1, 1.11, 1
4339, 17398, 4, 0, 17408, 17411, 13, 9, 3.25, 1
4340, 17401, 1, 0, 17407, 17407, 6, 5, 6.00, 1
4341, 17404, 16, 0, 17421, 17436, 32, 16, 2.00, 1
4342, 17408, 9, 0, 17412, 17420, 12, 3, 1.33, 1
4343, 17421, 7, 0, 44857, 44863, 27442, 27435, 3920.29, 1
4344, 17423, 3, 0, 17645, 17647, 224, 221, 74.67, 1
4345, 17425, 2, 0, 17437, 17438, 13, 11, 6.50, 1
4346, 17430, 5, 0, 17648, 17652, 222, 217, 44.40, 1
4347, 17437, 7, 0, 17439, 17445, 8, 1, 1.14, 1
4348, 17438, 10, 0, 17491, 17500, 62, 52, 6.20, 1
4349, 17440, 7, 0, 17472, 17478, 38, 31, 5.43, 1
4350, 17445, 3, 0, 17446, 17448, 3, 0, 1.00, 1
4351, 17447, 4, 0, 17449, 17452, 5, 1, 1.25, 1
4352, 17448, 5, 0, 17453, 17457, 9, 4, 1.80, 1
4353, 17455, 6, 0, 17458, 17463, 8, 2, 1.33, 1
4354, 17462, 4, 0, 17466, 17469, 7, 3, 1.75, 1
4355, 17463, 2, 0, 17464, 17465, 2, 0, 1.00, 1
4356, 17469, 2, 0, 17470, 17471, 2, 0, 1.00, 1
4357, 17470, 17, 0, 17603, 17619, 149, 132, 8.76, 1
4358, 17477, 3, 0, 17479, 17481, 4, 1, 1.33, 1
4359, 17478, 5, 0, 17482, 17486, 8, 3, 1.60, 1
4360, 17484, 2, 0, 17487, 17488, 4, 2, 2.00, 1
4361, 17486, 2, 0, 17489, 17490, 4, 2, 2.00, 1
4362, 17491, 17, 0, 17623, 17639, 148, 131, 8.71, 1
4363, 17497, 6, 0, 17501, 17506, 9, 3, 1.50, 1
4364, 17505, 7, 0, 17508, 17514, 9, 2, 1.29, 1
4365, 17506, 1, 0, 17507, 17507, 1, 0, 1.00, 1
4366, 17510, 1, 0, 17515, 17515, 5, 4, 5.00, 1
4367, 17515, 10, 0, 17516, 17525, 10, 0, 1.00, 1
4368, 17519, 4, 0, 17594, 17597, 78, 74, 19.50, 1
4369, 17524, 4, 0, 17599, 17602, 78, 74, 19.50, 1
4370, 17525, 9, 0, 17526, 17534, 9, 0, 1.00, 1
4371, 17527, 13, 0, 17536, 17548, 21, 8, 1.62, 1
4372, 17531, 13, 0, 17579, 17591, 60, 47, 4.62, 1
4373, 17534, 1, 0, 17535, 17535, 1, 0, 1.00, 1
4374, 17536, 5, 0, 17563, 17567, 31, 26, 6.20, 1
4375, 17537, 5, 0, 17569, 17573, 36, 31, 7.20, 1
4376, 17538, 2, 0, 17549, 17550, 12, 10, 6.00, 1
4377, 17543, 10, 0, 17551, 17560, 17, 7, 1.70, 1
4378, 17558, 2, 0, 17561, 17562, 4, 2, 2.00, 1
4379, 17564, 1, 0, 17568, 17568, 4, 3, 4.00, 1
4380, 17570, 4, 0, 17575, 17578, 8, 4, 2.00, 1
4381, 17571, 1, 0, 17574, 17574, 3, 2, 3.00, 1
4382, 17583, 1, 0, 17592, 17592, 9, 8, 9.00, 1
4383, 17587, 1, 0, 17593, 17593, 6, 5, 6.00, 1
4384, 17594, 1, 0, 17598, 17598, 4, 3, 4.00, 1
4385, 17603, 1, 0, 17620, 17620, 17, 16, 17.00, 1
4386, 17620, 2, 0, 17621, 17622, 2, 0, 1.00, 1
4387, 17626, 4, 0, 17641, 17644, 18, 14, 4.50, 1
4388, 17634, 1, 0, 17640, 17640, 6, 5, 6.00, 1
4389, 17649, 2, 0, 17653, 17654, 5, 3, 2.50, 1
4390, 17650, 10, 0, 44864, 44873, 27223, 27213, 2722.30, 1
4391, 17654, 7, 0, 17655, 17661, 7, 0, 1.00, 1
4392, 17655, 6, 0, 44851, 44856, 27201, 27195, 4533.50, 1
4393, 17656, 3, 0, 44844, 44846, 27190, 27187, 9063.33, 1
4394, 17658, 4, 0, 44847, 44850, 27192, 27188, 6798.00, 1
4395, 17659, 10, 0, 17663, 17672, 13, 3, 1.30, 1
4396, 17661, 1, 0, 17662, 17662, 1, 0, 1.00, 1
4397, 17666, 5, 0, 17681, 17685, 19, 14, 3.80, 1
4398, 17672, 4, 0, 17673, 17676, 4, 0, 1.00, 1
4399, 17673, 2, 0, 17677, 17678, 5, 3, 2.50, 1
4400, 17676, 22, 0, 17687, 17708, 32, 10, 1.45, 1
4401, 17678, 2, 0, 17679, 17680, 2, 0, 1.00, 1
4402, 17684, 1, 0, 17686, 17686, 2, 1, 2.00, 1
4403, 17691, 5, 0, 17717, 17721, 30, 25, 6.00, 1
4404, 17692, 1, 0, 17715, 17715, 23, 22, 23.00, 1
4405, 17703, 1, 0, 17716, 17716, 13, 12, 13.00, 1
4406, 17706, 4, 0, 17709, 17712, 6, 2, 1.50, 1
4407, 17711, 1, 0, 17713, 17713, 2, 1, 2.00, 1
4408, 17713, 1, 0, 17714, 17714, 1, 0, 1.00, 1
4409, 17716, 5, 0, 44830, 44834, 27118, 27113, 5423.60, 1
4410, 17719, 9, 0, 44835, 44843, 27124, 27115, 3013.78, 1
4411, 17720, 3, 0, 17722, 17724, 4, 1, 1.33, 1
4412, 17721, 4, 0, 17728, 17731, 10, 6, 2.50, 1
4413, 17724, 3, 0, 17725, 17727, 3, 0, 1.00, 1
4414, 17725, 8, 0, 17734, 17741, 16, 8, 2.00, 1
4415, 17731, 2, 0, 17732, 17733, 2, 0, 1.00, 1
4416, 17737, 1, 0, 17759, 17759, 22, 21, 22.00, 1
4417, 17739, 9, 0, 17760, 17768, 29, 20, 3.22, 1
4418, 17741, 9, 0, 17742, 17750, 9, 0, 1.00, 1
4419, 17742, 3, 0, 17752, 17754, 12, 9, 4.00, 1
4420, 17746, 4, 0, 17755, 17758, 12, 8, 3.00, 1
4421, 17750, 1, 0, 17751, 17751, 1, 0, 1.00, 1
4422, 17760, 4, 0, 17770, 17773, 13, 9, 3.25, 1
4423, 17762, 1, 0, 17769, 17769, 7, 6, 7.00, 1
4424, 17772, 1, 0, 17774, 17774, 2, 1, 2.00, 1
4425, 17774, 11, 0, 17775, 17785, 11, 0, 1.00, 1
4426, 17775, 9, 0, 17789, 17797, 22, 13, 2.44, 1
4427, 17776, 12, 0, 17821, 17832, 56, 44, 4.67, 1
4428, 17779, 2, 0, 17787, 17788, 9, 7, 4.50, 1
4429, 17781, 1, 0, 17786, 17786, 5, 4, 5.00, 1
4430, 17795, 4, 0, 17801, 17804, 9, 5, 2.25, 1
4431, 17797, 3, 0, 17798, 17800, 3, 0, 1.00, 1
4432, 17799, 4, 0, 17805, 17808, 9, 5, 2.25, 1
4433, 17801, 4, 0, 17809, 17812, 11, 7, 2.75, 1
4434, 17808, 4, 0, 17813, 17816, 8, 4, 2.00, 1
4435, 17811, 4, 0, 17817, 17820, 9, 5, 2.25, 1
4436, 17821, 12, 0, 44818, 44829, 27008, 26996, 2250.67, 1
4437, 17822, 1, 0, 44808, 44808, 26986, 26985, 26986.00, 1
4438, 17825, 9, 0, 44809, 44817, 26992, 26983, 2999.11, 1
4439, 17826, 9, 0, 17839, 17847, 21, 12, 2.33, 1
4440, 17828, 5, 0, 17833, 17837, 9, 4, 1.80, 1
4441, 17834, 10, 0, 17868, 17877, 43, 33, 4.30, 1
4442, 17837, 1, 0, 17838, 17838, 1, 0, 1.00, 1
4443, 17844, 6, 0, 17855, 17860, 16, 10, 2.67, 1
4444, 17845, 4, 0, 17848, 17851, 6, 2, 1.50, 1
4445, 17848, 3, 0, 17852, 17854, 6, 3, 2.00, 1
4446, 17851, 10, 0, 17880, 17889, 38, 28, 3.80, 1
4447, 17857, 2, 0, 17861, 17862, 5, 3, 2.50, 1
4448, 17859, 5, 0, 17863, 17867, 8, 3, 1.60, 1
4449, 17873, 2, 0, 17878, 17879, 6, 4, 3.00, 1
4450, 17877, 34, 0, 17893, 17926, 49, 15, 1.44, 1
4451, 17889, 3, 0, 17890, 17892, 3, 0, 1.00, 1
4452, 17898, 3, 0, 18102, 18104, 206, 203, 68.67, 1
4453, 17904, 1, 0, 18101, 18101, 197, 196, 197.00, 1
4454, 17907, 4, 0, 18105, 18108, 201, 197, 50.25, 1
4455, 17908, 1, 0, 18091, 18091, 183, 182, 183.00, 1
4456, 17909, 2, 0, 18092, 18093, 184, 182, 92.00, 1
4457, 17910, 10, 0, 18079, 18088, 178, 168, 17.80, 1
4458, 17918, 2, 0, 18074, 18075, 157, 155, 78.50, 1
4459, 17919, 3, 0, 18076, 18078, 159, 156, 53.00, 1
4460, 17924, 5, 0, 17927, 17931, 7, 2, 1.40, 1
4461, 17925, 17, 0, 18016, 18032, 107, 90, 6.29, 1
4462, 17930, 6, 0, 17932, 17937, 7, 1, 1.17, 1
4463, 17933, 4, 0, 17941, 17944, 11, 7, 2.75, 1
4464, 17934, 3, 0, 17938, 17940, 6, 3, 2.00, 1
4465, 17936, 11, 0, 17945, 17955, 19, 8, 1.73, 1
4466, 17942, 11, 0, 17963, 17973, 31, 20, 2.82, 1
4467, 17953, 1, 0, 17956, 17956, 3, 2, 3.00, 1
4468, 17954, 6, 0, 17957, 17962, 8, 2, 1.33, 1
4469, 17964, 1, 0, 17976, 17976, 12, 11, 12.00, 1
4470, 17966, 14, 0, 17977, 17990, 24, 10, 1.71, 1
4471, 17968, 1, 0, 17974, 17974, 6, 5, 6.00, 1
4472, 17971, 1, 0, 17975, 17975, 4, 3, 4.00, 1
4473, 17977, 1, 0, 17999, 17999, 22, 21, 22.00, 1
4474, 17983, 7, 0, 18003, 18009, 26, 19, 3.71, 1
4475, 17985, 7, 0, 17991, 17997, 12, 5, 1.71, 1
4476, 17991, 1, 0, 17998, 17998, 7, 6, 7.00, 1
4477, 17999, 3, 0, 18000, 18002, 3, 0, 1.00, 1
4478, 18005, 2, 0, 18010, 18011, 6, 4, 3.00, 1
4479, 18011, 4, 0, 18012, 18015, 4, 0, 1.00, 1
4480, 18017, 6, 0, 18035, 18040, 23, 17, 3.83, 1
4481, 18023, 1, 0, 18033, 18033, 10, 9, 10.00, 1
4482, 18029, 1, 0, 18034, 18034, 5, 4, 5.00, 1
4483, 18034, 8, 0, 18050, 18057, 23, 15, 2.88, 1
4484, 18039, 2, 0, 18041, 18042, 3, 1, 1.50, 1
4485, 18041, 4, 0, 18043, 18046, 5, 1, 1.25, 1
4486, 18045, 3, 0, 18047, 18049, 4, 1, 1.33, 1
4487, 18051, 2, 0, 18064, 18065, 14, 12, 7.00, 1
4488, 18054, 1, 0, 18058, 18058, 4, 3, 4.00, 1
4489, 18055, 3, 0, 18066, 18068, 13, 10, 4.33, 1
4490, 18058, 1, 0, 18059, 18059, 1, 0, 1.00, 1
4491, 18059, 2, 0, 18060, 18061, 2, 0, 1.00, 1
4492, 18060, 2, 0, 18062, 18063, 3, 1, 1.50, 1
4493, 18066, 4, 0, 18069, 18072, 6, 2, 1.50, 1
4494, 18072, 1, 0, 18073, 18073, 1, 0, 1.00, 1
4495, 18083, 1, 0, 18089, 18089, 6, 5, 6.00, 1
4496, 18088, 1, 0, 18090, 18090, 2, 1, 2.00, 1
4497, 18093, 6, 0, 18094, 18099, 6, 0, 1.00, 1
4498, 18099, 1, 0, 18100, 18100, 1, 0, 1.00, 1
4499, 18102, 8, 0, 18109, 18116, 14, 6, 1.75, 1
4500, 18112, 1, 0, 18117, 18117, 5, 4, 5.00, 1
4501, 18115, 1, 0, 18118, 18118, 3, 2, 3.00, 1
4502, 18118, 6, 0, 18119, 18124, 6, 0, 1.00, 1
4503, 18124, 3, 0, 18125, 18127, 3, 0, 1.00, 1
4504, 18126, 7, 0, 18140, 18146, 20, 13, 2.86, 1
4505, 18127, 3, 0, 18128, 18130, 3, 0, 1.00, 1
4506, 18129, 14, 0, 18185, 18198, 69, 55, 4.93, 1
4507, 18130, 2, 0, 18131, 18132, 2, 0, 1.00, 1
4508, 18131, 6, 0, 18133, 18138, 7, 1, 1.17, 1
4509, 18137, 1, 0, 18139, 18139, 2, 1, 2.00, 1
4510, 18144, 4, 0, 18147, 18150, 6, 2, 1.50, 1
4511, 18146, 10, 0, 18156, 18165, 19, 9, 1.90, 1
4512, 18149, 2, 0, 18151, 18152, 3, 1, 1.50, 1
4513, 18151, 3, 0, 18153, 18155, 4, 1, 1.33, 1
4514, 18160, 4, 0, 18167, 18170, 10, 6, 2.50, 1
4515, 18164, 1, 0, 18166, 18166, 2, 1, 2.00, 1
4516, 18167, 9, 0, 18171, 18179, 12, 3, 1.33, 1
4517, 18176, 4, 0, 18180, 18183, 7, 3, 1.75, 1
4518, 18180, 1, 0, 18184, 18184, 4, 3, 4.00, 1
4519, 18190, 2, 0, 18201, 18202, 12, 10, 6.00, 1
4520, 18193, 8, 0, 18203, 18210, 17, 9, 2.12, 1
4521, 18196, 2, 0, 18199, 18200, 4, 2, 2.00, 1
4522, 18205, 13, 0, 18211, 18223, 18, 5, 1.38, 1
4523, 18212, 1, 0, 44806, 44806, 26594, 26593, 26594.00, 1
4524, 18216, 1, 0, 44807, 44807, 26591, 26590, 26591.00, 1
4525, 18219, 2, 0, 18224, 18225, 6, 4, 3.00, 1
4526, 18220, 10, 0, 18237, 18246, 26, 16, 2.60, 1
4527, 18224, 4, 0, 18226, 18229, 5, 1, 1.25, 1
4528, 18228, 7, 0, 18230, 18236, 8, 1, 1.14, 1
4529, 18238, 7, 0, 18270, 18276, 38, 31, 5.43, 1
4530, 18241, 4, 0, 18247, 18250, 9, 5, 2.25, 1
4531, 18245, 7, 0, 18277, 18283, 38, 31, 5.43, 1
4532, 18250, 1, 0, 18251, 18251, 1, 0, 1.00, 1
4533, 18251, 9, 0, 18252, 18260, 9, 0, 1.00, 1
4534, 18255, 1, 0, 18261, 18261, 6, 5, 6.00, 1
4535, 18259, 8, 0, 18262, 18269, 10, 2, 1.25, 1
4536, 18277, 9, 0, 18285, 18293, 16, 7, 1.78, 1
4537, 18280, 9, 0, 18320, 18328, 48, 39, 5.33, 1
4538, 18283, 1, 0, 18284, 18284, 1, 0, 1.00, 1
4539, 18285, 16, 0, 44790, 44805, 26520, 26504, 1657.50, 1
4540, 18292, 2, 0, 18294, 18295, 3, 1, 1.50, 1
4541, 18295, 3, 0, 18296, 18298, 3, 0, 1.00, 1
4542, 18298, 4, 0, 18299, 18302, 4, 0, 1.00, 1
4543, 18302, 7, 0, 18303, 18309, 7, 0, 1.00, 1
4544, 18304, 4, 0, 18310, 18313, 9, 5, 2.25, 1
4545, 18306, 5, 0, 18314, 18318, 12, 7, 2.40, 1
4546, 18317, 1, 0, 18319, 18319, 2, 1, 2.00, 1
4547, 18320, 7, 0, 18329, 18335, 15, 8, 2.14, 1
4548, 18321, 10, 0, 18340, 18349, 28, 18, 2.80, 1
4549, 18329, 2, 0, 18336, 18337, 8, 6, 4.00, 1
4550, 18332, 2, 0, 18338, 18339, 7, 5, 3.50, 1
4551, 18340, 1, 0, 44787, 44787, 26447, 26446, 26447.00, 1
4552, 18344, 2, 0, 44788, 44789, 26445, 26443, 13222.50, 1
4553, 18345, 4, 0, 18352, 18355, 10, 6, 2.50, 1
4554, 18346, 2, 0, 18350, 18351, 5, 3, 2.50, 1
4555, 18348, 4, 0, 18371, 18374, 26, 22, 6.50, 1
4556, 18355, 2, 0, 18356, 18357, 2, 0, 1.00, 1
4557, 18356, 3, 0, 18358, 18360, 4, 1, 1.33, 1
4558, 18357, 18, 0, 18375, 18392, 35, 17, 1.94, 1
4559, 18360, 3, 0, 18361, 18363, 3, 0, 1.00, 1
4560, 18361, 5, 0, 18364, 18368, 7, 2, 1.40, 1
4561, 18365, 1, 0, 18369, 18369, 4, 3, 4.00, 1
4562, 18369, 1, 0, 18370, 18370, 1, 0, 1.00, 1
4563, 18378, 1, 0, 18414, 18414, 36, 35, 36.00, 1
4564, 18385, 7, 0, 18415, 18421, 36, 29, 5.14, 1
4565, 18386, 2, 0, 18394, 18395, 9, 7, 4.50, 1
4566, 18388, 3, 0, 18396, 18398, 10, 7, 3.33, 1
4567, 18390, 1, 0, 18393, 18393, 3, 2, 3.00, 1
4568, 18397, 5, 0, 18399, 18403, 6, 1, 1.20, 1
4569, 18400, 2, 0, 18404, 18405, 5, 3, 2.50, 1
4570, 18402, 4, 0, 18406, 18409, 7, 3, 1.75, 1
4571, 18406, 2, 0, 18411, 18412, 6, 4, 3.00, 1
4572, 18409, 1, 0, 18410, 18410, 1, 0, 1.00, 1
4573, 18412, 1, 0, 18413, 18413, 1, 0, 1.00, 1
4574, 18414, 7, 0, 44770, 44776, 26362, 26355, 3766.00, 1
4575, 18415, 5, 0, 18422, 18426, 11, 6, 2.20, 1
4576, 18421, 6, 0, 18427, 18432, 11, 5, 1.83, 1
4577, 18424, 10, 0, 44777, 44786, 26362, 26352, 2636.20, 1
4578, 18432, 21, 0, 18433, 18453, 21, 0, 1.00, 1
4579, 18433, 4, 0, 18653, 18656, 223, 219, 55.75, 1
4580, 18436, 15, 0, 18659, 18673, 237, 222, 15.80, 1
4581, 18438, 3, 0, 18456, 18458, 20, 17, 6.67, 1
4582, 18441, 3, 0, 18496, 18498, 57, 54, 19.00, 1
4583, 18452, 2, 0, 18454, 18455, 3, 1, 1.50, 1
4584, 18456, 11, 0, 18524, 18534, 78, 67, 7.09, 1
4585, 18458, 2, 0, 18459, 18460, 2, 0, 1.00, 1
4586, 18459, 9, 0, 18466, 18474, 15, 6, 1.67, 1
4587, 18460, 4, 0, 18461, 18464, 4, 0, 1.00, 1
4588, 18463, 1, 0, 18465, 18465, 2, 1, 2.00, 1
4589, 18469, 4, 0, 18476, 18479, 10, 6, 2.50, 1
4590, 18472, 1, 0, 18475, 18475, 3, 2, 3.00, 1
4591, 18473, 5, 0, 18482, 18486, 13, 8, 2.60, 1
4592, 18477, 2, 0, 18480, 18481, 4, 2, 2.00, 1
4593, 18484, 3, 0, 18487, 18489, 5, 2, 1.67, 1
4594, 18486, 3, 0, 18490, 18492, 6, 3, 2.00, 1
4595, 18490, 1, 0, 18493, 18493, 3, 2, 3.00, 1
4596, 18491, 2, 0, 18494, 18495, 4, 2, 2.00, 1
4597, 18497, 3, 0, 18499, 18501, 4, 1, 1.33, 1
4598, 18499, 7, 0, 18502, 18508, 9, 2, 1.29, 1
4599, 18507, 6, 0, 18509, 18514, 7, 1, 1.17, 1
4600, 18510, 5, 0, 18519, 18523, 13, 8, 2.60, 1
4601, 18512, 4, 0, 18515, 18518, 6, 2, 1.50, 1
4602, 18515, 12, 0, 18551, 18562, 47, 35, 3.92, 1
4603, 18526, 9, 0, 18538, 18546, 20, 11, 2.22, 1
4604, 18528, 2, 0, 18535, 18536, 8, 6, 4.00, 1
4605, 18535, 1, 0, 18537, 18537, 2, 1, 2.00, 1
4606, 18545, 4, 0, 18547, 18550, 5, 1, 1.25, 1
4607, 18553, 2, 0, 18631, 18632, 79, 77, 39.50, 1
4608, 18556, 8, 0, 18634, 18641, 85, 77, 10.62, 1
4609, 18559, 7, 0, 18569, 18575, 16, 9, 2.29, 1
4610, 18560, 4, 0, 18563, 18566, 6, 2, 1.50, 1
4611, 18563, 2, 0, 18567, 18568, 5, 3, 2.50, 1
4612, 18566, 14, 0, 18576, 18589, 23, 9, 1.64, 1
4613, 18577, 1, 0, 18629, 18629, 52, 51, 52.00, 1
4614, 18579, 1, 0, 18630, 18630, 51, 50, 51.00, 1
4615, 18583, 2, 0, 18619, 18620, 37, 35, 18.50, 1
4616, 18586, 3, 0, 18621, 18623, 37, 34, 12.33, 1
4617, 18588, 10, 0, 18590, 18599, 11, 1, 1.10, 1
4618, 18596, 13, 0, 18600, 18612, 16, 3, 1.23, 1
4619, 18601, 2, 0, 18614, 18615, 14, 12, 7.00, 1
4620, 18607, 1, 0, 18613, 18613, 6, 5, 6.00, 1
4621, 18610, 3, 0, 18616, 18618, 8, 5, 2.67, 1
4622, 18622, 2, 0, 18625, 18626, 4, 2, 2.00, 1
4623, 18623, 1, 0, 18624, 18624, 1, 0, 1.00, 1
4624, 18626, 2, 0, 18627, 18628, 2, 0, 1.00, 1
4625, 18631, 1, 0, 18633, 18633, 2, 1, 2.00, 1
4626, 18636, 4, 0, 18642, 18645, 9, 5, 2.25, 1
4627, 18643, 7, 0, 18646, 18652, 9, 2, 1.29, 1
4628, 18653, 2, 0, 18657, 18658, 5, 3, 2.50, 1
4629, 18660, 7, 0, 18677, 18683, 23, 16, 3.29, 1
4630, 18661, 13, 0, 18685, 18697, 36, 23, 2.77, 1
4631, 18666, 3, 0, 18674, 18676, 10, 7, 3.33, 1
4632, 18680, 18, 0, 44752, 44769, 26089, 26071, 1449.39, 1
4633, 18681, 1, 0, 18684, 18684, 3, 2, 3.00, 1
4634, 18686, 1, 0, 44748, 44748, 26062, 26061, 26062.00, 1
4635, 18687, 3, 0, 44749, 44751, 26064, 26061, 8688.00, 1
4636, 18688, 2, 0, 44743, 44744, 26056, 26054, 13028.00, 1
4637, 18689, 3, 0, 44745, 44747, 26058, 26055, 8686.00, 1
4638, 18693, 1, 0, 18743, 18743, 50, 49, 50.00, 1
4639, 18694, 8, 0, 18746, 18753, 59, 51, 7.38, 1
4640, 18695, 7, 0, 18709, 18715, 20, 13, 2.86, 1
4641, 18697, 5, 0, 18698, 18702, 5, 0, 1.00, 1
4642, 18698, 6, 0, 18703, 18708, 10, 4, 1.67, 1
4643, 18706, 9, 0, 18716, 18724, 18, 9, 2.00, 1
4644, 18721, 1, 0, 18725, 18725, 4, 3, 4.00, 1
4645, 18724, 6, 0, 18726, 18731, 7, 1, 1.17, 1
4646, 18726, 1, 0, 18732, 18732, 6, 5, 6.00, 1
4647, 18732, 1, 0, 18733, 18733, 1, 0, 1.00, 1
4648, 18733, 6, 0, 18734, 18739, 6, 0, 1.00, 1
4649, 18734, 3, 0, 18740, 18742, 8, 5, 2.67, 1
4650, 18743, 2, 0, 18744, 18745, 2, 0, 1.00, 1
4651, 18746, 1, 0, 44741, 44741, 25995, 25994, 25995.00, 1
4652, 18747, 1, 0, 44742, 44742, 25995, 25994, 25995.00, 1
4653, 18748, 11, 0, 18756, 18766, 18, 7, 1.64, 1
4654, 18752, 2, 0, 18754, 18755, 3, 1, 1.50, 1
4655, 18756, 18, 0, 18999, 19016, 260, 242, 14.44, 1
4656, 18757, 7, 0, 18891, 18897, 140, 133, 20.00, 1
4657, 18758, 11, 0, 18902, 18912, 154, 143, 14.00, 1
4658, 18760, 3, 0, 18768, 18770, 10, 7, 3.33, 1
4659, 18765, 1, 0, 18767, 18767, 2, 1, 2.00, 1
4660, 18766, 4, 0, 18771, 18774, 8, 4, 2.00, 1
4661, 18773, 24, 0, 18775, 18798, 25, 1, 1.04, 1
4662, 18778, 6, 0, 18815, 18820, 42, 36, 7.00, 1
4663, 18784, 6, 0, 18829, 18834, 50, 44, 8.33, 1
4664, 18793, 1, 0, 18799, 18799, 6, 5, 6.00, 1
4665, 18798, 10, 0, 18800, 18809, 11, 1, 1.10, 1
4666, 18802, 3, 0, 18810, 18812, 10, 7, 3.33, 1
4667, 18812, 2, 0, 18813, 18814, 2, 0, 1.00, 1
4668, 18816, 1, 0, 18823, 18823, 7, 6, 7.00, 1
4669, 18817, 5, 0, 18824, 18828, 11, 6, 2.20, 1
4670, 18818, 2, 0, 18821, 18822, 4, 2, 2.00, 1
4671, 18829, 4, 0, 18876, 18879, 50, 46, 12.50, 1
4672, 18830, 6, 0, 18881, 18886, 56, 50, 9.33, 1
4673, 18834, 9, 0, 18835, 18843, 9, 0, 1.00, 1
4674, 18838, 2, 0, 18855, 18856, 18, 16, 9.00, 1
4675, 18839, 6, 0, 18870, 18875, 36, 30, 6.00, 1
4676, 18840, 5, 0, 18844, 18848, 8, 3, 1.60, 1
4677, 18842, 5, 0, 18849, 18853, 11, 6, 2.20, 1
4678, 18853, 1, 0, 18854, 18854, 1, 0, 1.00, 1
4679, 18856, 2, 0, 18857, 18858, 2, 0, 1.00, 1
4680, 18857, 3, 0, 18860, 18862, 5, 2, 1.67, 1
4681, 18858, 1, 0, 18859, 18859, 1, 0, 1.00, 1
4682, 18859, 4, 0, 18863, 18866, 7, 3, 1.75, 1
4683, 18865, 1, 0, 18867, 18867, 2, 1, 2.00, 1
4684, 18867, 2, 0, 18868, 18869, 2, 0, 1.00, 1
4685, 18878, 1, 0, 18880, 18880, 2, 1, 2.00, 1
4686, 18881, 1, 0, 18887, 18887, 6, 5, 6.00, 1
4687, 18883, 3, 0, 18888, 18890, 7, 4, 2.33, 1
4688, 18894, 2, 0, 18898, 18899, 5, 3, 2.50, 1
4689, 18895, 2, 0, 18900, 18901, 6, 4, 3.00, 1
4690, 18903, 4, 0, 18913, 18916, 13, 9, 3.25, 1
4691, 18908, 8, 0, 18926, 18933, 25, 17, 3.12, 1
4692, 18915, 2, 0, 18917, 18918, 3, 1, 1.50, 1
4693, 18917, 2, 0, 18919, 18920, 3, 1, 1.50, 1
4694, 18920, 2, 0, 18921, 18922, 2, 0, 1.00, 1
4695, 18921, 3, 0, 18923, 18925, 4, 1, 1.33, 1
4696, 18923, 10, 0, 18938, 18947, 24, 14, 2.40, 1
4697, 18933, 4, 0, 18934, 18937, 4, 0, 1.00, 1
4698, 18940, 7, 0, 18954, 18960, 20, 13, 2.86, 1
4699, 18941, 4, 0, 18948, 18951, 10, 6, 2.50, 1
4700, 18948, 2, 0, 18952, 18953, 5, 3, 2.50, 1
4701, 18950, 8, 0, 18961, 18968, 18, 10, 2.25, 1
4702, 18962, 7, 0, 18971, 18977, 15, 8, 2.14, 1
4703, 18966, 1, 0, 18969, 18969, 3, 2, 3.00, 1
4704, 18968, 1, 0, 18970, 18970, 2, 1, 2.00, 1
4705, 18973, 6, 0, 18978, 18983, 10, 4, 1.67, 1
4706, 18978, 7, 0, 18986, 18992, 14, 7, 2.00, 1
4707, 18982, 2, 0, 18984, 18985, 3, 1, 1.50, 1
4708, 18989, 6, 0, 18993, 18998, 9, 3, 1.50, 1
4709, 18999, 3, 0, 44717, 44719, 25720, 25717, 8573.33, 1
4710, 19000, 21, 0, 44720, 44740, 25740, 25719, 1225.71, 1
4711, 19001, 1, 0, 44711, 44711, 25710, 25709, 25710.00, 1
4712, 19002, 5, 0, 44712, 44716, 25714, 25709, 5142.80, 1
4713, 19004, 3, 0, 44705, 44707, 25703, 25700, 8567.67, 1
4714, 19008, 3, 0, 44708, 44710, 25702, 25699, 8567.33, 1
4715, 19010, 1, 0, 19017, 19017, 7, 6, 7.00, 1
4716, 19014, 5, 0, 19018, 19022, 8, 3, 1.60, 1
4717, 19018, 8, 0, 44697, 44704, 25686, 25678, 3210.75, 1
4718, 19019, 1, 0, 44689, 44689, 25670, 25669, 25670.00, 1
4719, 19020, 7, 0, 44690, 44696, 25676, 25669, 3668.00, 1
4720, 19022, 10, 0, 19023, 19032, 10, 0, 1.00, 1
4721, 19023, 5, 0, 19035, 19039, 16, 11, 3.20, 1
4722, 19027, 8, 0, 19068, 19075, 48, 40, 6.00, 1
4723, 19031, 2, 0, 19033, 19034, 3, 1, 1.50, 1
4724, 19039, 7, 0, 19040, 19046, 7, 0, 1.00, 1
4725, 19041, 3, 0, 19062, 19064, 23, 20, 7.67, 1
4726, 19042, 1, 0, 19048, 19048, 6, 5, 6.00, 1
4727, 19043, 3, 0, 19065, 19067, 24, 21, 8.00, 1
4728, 19045, 1, 0, 19047, 19047, 2, 1, 2.00, 1
4729, 19048, 7, 0, 19049, 19055, 7, 0, 1.00, 1
4730, 19050, 5, 0, 19057, 19061, 11, 6, 2.20, 1
4731, 19054, 1, 0, 19056, 19056, 2, 1, 2.00, 1
4732, 19075, 7, 0, 19076, 19082, 7, 0, 1.00, 1
4733, 19082, 3, 0, 19083, 19085, 3, 0, 1.00, 1
4734, 19084, 7, 0, 19088, 19094, 10, 3, 1.43, 1
4735, 19085, 2, 0, 19086, 19087, 2, 0, 1.00, 1
4736, 19092, 4, 0, 19095, 19098, 6, 2, 1.50, 1
4737, 19093, 5, 0, 19099, 19103, 10, 5, 2.00, 1
4738, 19099, 1, 0, 19104, 19104, 5, 4, 5.00, 1
4739, 19104, 3, 0, 19105, 19107, 3, 0, 1.00, 1
4740, 19106, 2, 0, 19108, 19109, 3, 1, 1.50, 1
4741, 19108, 6, 0, 19111, 19116, 8, 2, 1.33, 1
4742, 19109, 1, 0, 19110, 19110, 1, 0, 1.00, 1
4743, 19110, 24, 0, 44665, 44688, 25578, 25554, 1065.75, 1
4744, 19112, 9, 0, 44656, 44664, 25552, 25543, 2839.11, 1
4745, 19113, 5, 0, 19118, 19122, 9, 4, 1.80, 1
4746, 19114, 1, 0, 19117, 19117, 3, 2, 3.00, 1
4747, 19119, 4, 0, 19123, 19126, 7, 3, 1.75, 1
4748, 19123, 6, 0, 19147, 19152, 29, 23, 4.83, 1
4749, 19124, 3, 0, 19127, 19129, 5, 2, 1.67, 1
4750, 19126, 8, 0, 44648, 44655, 25529, 25521, 3191.12, 1
4751, 19128, 2, 0, 19130, 19131, 3, 1, 1.50, 1
4752, 19130, 10, 0, 19132, 19141, 11, 1, 1.10, 1
4753, 19138, 2, 0, 19142, 19143, 5, 3, 2.50, 1
4754, 19140, 3, 0, 19144, 19146, 6, 3, 2.00, 1
4755, 19147, 1, 0, 44644, 44644, 25497, 25496, 25497.00, 1
4756, 19148, 3, 0, 44645, 44647, 25499, 25496, 8499.67, 1
4757, 19149, 8, 0, 19153, 19160, 11, 3, 1.38, 1
4758, 19153, 11, 0, 19161, 19171, 18, 7, 1.64, 1
4759, 19166, 1, 0, 44641, 44641, 25475, 25474, 25475.00, 1
4760, 19170, 2, 0, 44642, 44643, 25473, 25471, 12736.50, 1
4761, 19171, 12, 0, 19172, 19183, 12, 0, 1.00, 1
4762, 19182, 9, 0, 19185, 19193, 11, 2, 1.22, 1
4763, 19183, 1, 0, 19184, 19184, 1, 0, 1.00, 1
4764, 19188, 7, 0, 19194, 19200, 12, 5, 1.71, 1
4765, 19196, 4, 0, 19204, 19207, 11, 7, 2.75, 1
4766, 19199, 2, 0, 19202, 19203, 4, 2, 2.00, 1
4767, 19200, 1, 0, 19201, 19201, 1, 0, 1.00, 1
4768, 19202, 15, 0, 44626, 44640, 25438, 25423, 1695.87, 1
4769, 19205, 3, 0, 19208, 19210, 5, 2, 1.67, 1
4770, 19208, 7, 0, 19211, 19217, 9, 2, 1.29, 1
4771, 19215, 4, 0, 19224, 19227, 12, 8, 3.00, 1
4772, 19216, 3, 0, 19219, 19221, 5, 2, 1.67, 1
4773, 19217, 1, 0, 19218, 19218, 1, 0, 1.00, 1
4774, 19221, 2, 0, 19222, 19223, 2, 0, 1.00, 1
4775, 19224, 10, 0, 19228, 19237, 13, 3, 1.30, 1
4776, 19234, 2, 0, 44622, 44623, 25389, 25387, 12694.50, 1
4777, 19235, 2, 0, 44624, 44625, 25390, 25388, 12695.00, 1
4778, 19236, 6, 0, 19238, 19243, 7, 1, 1.17, 1
4779, 19240, 3, 0, 19244, 19246, 6, 3, 2.00, 1
4780, 19242, 9, 0, 19344, 19352, 110, 101, 12.22, 1
4781, 19244, 6, 0, 19247, 19252, 8, 2, 1.33, 1
4782, 19247, 5, 0, 19254, 19258, 11, 6, 2.20, 1
4783, 19248, 5, 0, 19263, 19267, 19, 14, 3.80, 1
4784, 19252, 1, 0, 19253, 19253, 1, 0, 1.00, 1
4785, 19256, 9, 0, 44604, 44612, 25356, 25347, 2817.33, 1
4786, 19257, 2, 0, 19259, 19260, 3, 1, 1.50, 1
4787, 19260, 2, 0, 19261, 19262, 2, 0, 1.00, 1
4788, 19264, 14, 0, 19269, 19282, 18, 4, 1.29, 1
4789, 19265, 1, 0, 19268, 19268, 3, 2, 3.00, 1
4790, 19271, 5, 0, 19312, 19316, 45, 40, 9.00, 1
4791, 19274, 8, 0, 19322, 19329, 55, 47, 6.88, 1
4792, 19275, 2, 0, 19286, 19287, 12, 10, 6.00, 1
4793, 19276, 1, 0, 19284, 19284, 8, 7, 8.00, 1
4794, 19278, 1, 0, 19285, 19285, 7, 6, 7.00, 1
4795, 19279, 1, 0, 19283, 19283, 4, 3, 4.00, 1
4796, 19284, 4, 0, 19288, 19291, 7, 3, 1.75, 1
4797, 19289, 4, 0, 19292, 19295, 6, 2, 1.50, 1
4798, 19292, 2, 0, 19296, 19297, 5, 3, 2.50, 1
4799, 19295, 9, 0, 19298, 19306, 11, 2, 1.22, 1
4800, 19304, 1, 0, 19308, 19308, 4, 3, 4.00, 1
4801, 19305, 3, 0, 19309, 19311, 6, 3, 2.00, 1
4802, 19306, 1, 0, 19307, 19307, 1, 0, 1.00, 1
4803, 19313, 2, 0, 19318, 19319, 6, 4, 3.00, 1
4804, 19315, 1, 0, 19317, 19317, 2, 1, 2.00, 1
4805, 19319, 2, 0, 19320, 19321, 2, 0, 1.00, 1
4806, 19325, 5, 0, 19332, 19336, 11, 6, 2.20, 1
4807, 19327, 2, 0, 19330, 19331, 4, 2, 2.00, 1
4808, 19334, 7, 0, 19337, 19343, 9, 2, 1.29, 1
4809, 19348, 5, 0, 19365, 19369, 21, 16, 4.20, 1
4810, 19349, 3, 0, 19353, 19355, 6, 3, 2.00, 1
4811, 19351, 3, 0, 19356, 19358, 7, 4, 2.33, 1
4812, 19358, 4, 0, 19359, 19362, 4, 0, 1.00, 1
4813, 19362, 2, 0, 19363, 19364, 2, 0, 1.00, 1
4814, 19363, 8, 0, 19372, 19379, 16, 8, 2.00, 1
4815, 19365, 9, 0, 44613, 44621, 25256, 25247, 2806.22, 1
4816, 19367, 2, 0, 19370, 19371, 4, 2, 2.00, 1
4817, 19375, 4, 0, 19380, 19383, 8, 4, 2.00, 1
4818, 19378, 6, 0, 19631, 19636, 258, 252, 43.00, 1
4819, 19380, 18, 0, 19682, 19699, 319, 301, 17.72, 1
4820, 19381, 1, 0, 19384, 19384, 3, 2, 3.00, 1
4821, 19384, 11, 0, 19385, 19395, 11, 0, 1.00, 1
4822, 19385, 1, 0, 19623, 19623, 238, 237, 238.00, 1
4823, 19387, 7, 0, 19624, 19630, 243, 236, 34.71, 1
4824, 19388, 1, 0, 19396, 19396, 8, 7, 8.00, 1
4825, 19394, 7, 0, 19397, 19403, 9, 2, 1.29, 1
4826, 19397, 2, 0, 19404, 19405, 8, 6, 4.00, 1
4827, 19398, 4, 0, 19406, 19409, 11, 7, 2.75, 1
4828, 19406, 5, 0, 19518, 19522, 116, 111, 23.20, 1
4829, 19407, 7, 0, 19523, 19529, 122, 115, 17.43, 1
4830, 19408, 9, 0, 19411, 19419, 11, 2, 1.22, 1
4831, 19409, 1, 0, 19410, 19410, 1, 0, 1.00, 1
4832, 19412, 3, 0, 19494, 19496, 84, 81, 28.00, 1
4833, 19417, 4, 0, 19497, 19500, 83, 79, 20.75, 1
4834, 19418, 5, 0, 19423, 19427, 9, 4, 1.80, 1
4835, 19419, 3, 0, 19420, 19422, 3, 0, 1.00, 1
4836, 19425, 3, 0, 19428, 19430, 5, 2, 1.67, 1
4837, 19426, 9, 0, 19468, 19476, 50, 41, 5.56, 1
4838, 19430, 2, 0, 19431, 19432, 2, 0, 1.00, 1
4839, 19431, 6, 0, 19436, 19441, 10, 4, 1.67, 1
4840, 19432, 3, 0, 19433, 19435, 3, 0, 1.00, 1
4841, 19439, 4, 0, 19442, 19445, 6, 2, 1.50, 1
4842, 19442, 7, 0, 19460, 19466, 24, 17, 3.43, 1
4843, 19443, 6, 0, 19454, 19459, 16, 10, 2.67, 1
4844, 19444, 2, 0, 19446, 19447, 3, 1, 1.50, 1
4845, 19445, 3, 0, 19450, 19452, 7, 4, 2.33, 1
4846, 19447, 2, 0, 19448, 19449, 2, 0, 1.00, 1
4847, 19452, 1, 0, 19453, 19453, 1, 0, 1.00, 1
4848, 19454, 11, 0, 19477, 19487, 33, 22, 3.00, 1
4849, 19465, 1, 0, 19467, 19467, 2, 1, 2.00, 1
4850, 19477, 2, 0, 19489, 19490, 13, 11, 6.50, 1
4851, 19481, 1, 0, 19488, 19488, 7, 6, 7.00, 1
4852, 19487, 3, 0, 19491, 19493, 6, 3, 2.00, 1
4853, 19494, 4, 0, 19501, 19504, 10, 6, 2.50, 1
4854, 19501, 3, 0, 19505, 19507, 6, 3, 2.00, 1
4855, 19502, 10, 0, 19508, 19517, 15, 5, 1.50, 1
4856, 19526, 5, 0, 19530, 19534, 8, 3, 1.60, 1
4857, 19530, 3, 0, 19535, 19537, 7, 4, 2.33, 1
4858, 19533, 4, 0, 19538, 19541, 8, 4, 2.00, 1
4859, 19538, 4, 0, 19566, 19569, 31, 27, 7.75, 1
4860, 19539, 4, 0, 19572, 19575, 36, 32, 9.00, 1
4861, 19541, 4, 0, 19542, 19545, 4, 0, 1.00, 1
4862, 19543, 4, 0, 19546, 19549, 6, 2, 1.50, 1
4863, 19547, 3, 0, 19550, 19552, 5, 2, 1.67, 1
4864, 19549, 12, 0, 19553, 19564, 15, 3, 1.25, 1
4865, 19553, 1, 0, 19565, 19565, 12, 11, 12.00, 1
4866, 19568, 2, 0, 19570, 19571, 3, 1, 1.50, 1
4867, 19573, 11, 0, 19576, 19586, 13, 2, 1.18, 1
4868, 19579, 1, 0, 19587, 19587, 8, 7, 8.00, 1
4869, 19583, 18, 0, 19588, 19605, 22, 4, 1.22, 1
4870, 19599, 4, 0, 19609, 19612, 13, 9, 3.25, 1
4871, 19604, 2, 0, 19607, 19608, 4, 2, 2.00, 1
4872, 19605, 1, 0, 19606, 19606, 1, 0, 1.00, 1
4873, 19611, 2, 0, 19614, 19615, 4, 2, 2.00, 1
4874, 19612, 1, 0, 19613, 19613, 1, 0, 1.00, 1
4875, 19613, 5, 0, 19616, 19620, 7, 2, 1.40, 1
4876, 19617, 2, 0, 19621, 19622, 5, 3, 2.50, 1
4877, 19633, 5, 0, 19640, 19644, 11, 6, 2.20, 1
4878, 19635, 3, 0, 19637, 19639, 4, 1, 1.33, 1
4879, 19643, 8, 0, 19646, 19653, 10, 2, 1.25, 1
4880, 19644, 1, 0, 19645, 19645, 1, 0, 1.00, 1
4881, 19647, 4, 0, 19654, 19657, 10, 6, 2.50, 1
4882, 19653, 5, 0, 19660, 19664, 11, 6, 2.20, 1
4883, 19657, 2, 0, 19658, 19659, 2, 0, 1.00, 1
4884, 19661, 1, 0, 19673, 19673, 12, 11, 12.00, 1
4885, 19663, 4, 0, 19674, 19677, 14, 10, 3.50, 1
4886, 19664, 2, 0, 19665, 19666, 2, 0, 1.00, 1
4887, 19665, 2, 0, 19667, 19668, 3, 1, 1.50, 1
4888, 19668, 1, 0, 19669, 19669, 1, 0, 1.00, 1
4889, 19669, 1, 0, 19670, 19670, 1, 0, 1.00, 1
4890, 19670, 2, 0, 19671, 19672, 2, 0, 1.00, 1
4891, 19674, 3, 0, 19679, 19681, 7, 4, 2.33, 1
4892, 19676, 1, 0, 19678, 19678, 2, 1, 2.00, 1
4893, 19685, 31, 0, 44573, 44603, 24918, 24887, 803.81, 1
4894, 19686, 27, 0, 44546, 44572, 24886, 24859, 921.70, 1
4895, 19688, 4, 0, 44538, 44541, 24853, 24849, 6213.25, 1
4896, 19690, 4, 0, 44542, 44545, 24855, 24851, 6213.75, 1
4897, 19693, 9, 0, 19719, 19727, 34, 25, 3.78, 1
4898, 19695, 2, 0, 19700, 19701, 6, 4, 3.00, 1
4899, 19697, 8, 0, 19702, 19709, 12, 4, 1.50, 1
4900, 19703, 1, 0, 19718, 19718, 15, 14, 15.00, 1
4901, 19704, 19, 0, 44490, 44508, 24804, 24785, 1305.47, 1
4902, 19708, 4, 0, 19712, 19715, 7, 3, 1.75, 1
4903, 19709, 1, 0, 19710, 19710, 1, 0, 1.00, 1
4904, 19710, 1, 0, 19711, 19711, 1, 0, 1.00, 1
4905, 19713, 2, 0, 19716, 19717, 4, 2, 2.00, 1
4906, 19719, 8, 0, 19730, 19737, 18, 10, 2.25, 1
4907, 19722, 2, 0, 19728, 19729, 7, 5, 3.50, 1
4908, 19726, 14, 0, 19738, 19751, 25, 11, 1.79, 1
4909, 19733, 29, 0, 44509, 44537, 24804, 24775, 855.31, 1
4910, 19738, 8, 0, 44473, 44480, 24742, 24734, 3092.75, 1
4911, 19740, 9, 0, 44481, 44489, 24749, 24740, 2749.89, 1
4912, 19742, 9, 0, 19772, 19780, 38, 29, 4.22, 1
4913, 19744, 3, 0, 19758, 19760, 16, 13, 5.33, 1
4914, 19745, 5, 0, 19761, 19765, 20, 15, 4.00, 1
4915, 19749, 2, 0, 19752, 19753, 4, 2, 2.00, 1
4916, 19750, 4, 0, 19754, 19757, 7, 3, 1.75, 1
4917, 19761, 1, 0, 19766, 19766, 5, 4, 5.00, 1
4918, 19763, 4, 0, 19767, 19770, 7, 3, 1.75, 1
4919, 19768, 1, 0, 19771, 19771, 3, 2, 3.00, 1
4920, 19769, 12, 0, 44461, 44472, 24703, 24691, 2058.58, 1
4921, 19775, 4, 0, 44453, 44456, 24681, 24677, 6170.25, 1
4922, 19776, 1, 0, 44452, 44452, 24676, 24675, 24676.00, 1
4923, 19778, 4, 0, 44457, 44460, 24682, 24678, 6170.50, 1
4924, 19779, 4, 0, 19781, 19784, 5, 1, 1.25, 1
4925, 19780, 14, 0, 44438, 44451, 24671, 24657, 1762.21, 1
4926, 19783, 8, 0, 19785, 19792, 9, 1, 1.12, 1
4927, 19791, 8, 0, 19793, 19800, 9, 1, 1.12, 1
4928, 19794, 1, 0, 44430, 44430, 24636, 24635, 24636.00, 1
4929, 19795, 7, 0, 44431, 44437, 24642, 24635, 3520.29, 1
4930, 19796, 7, 0, 44409, 44415, 24619, 24612, 3517.00, 1
4931, 19799, 14, 0, 44416, 44429, 24630, 24616, 1759.29, 1
4932, 19800, 10, 0, 19801, 19810, 10, 0, 1.00, 1
4933, 19801, 9, 0, 19820, 19828, 27, 18, 3.00, 1
4934, 19802, 2, 0, 19812, 19813, 11, 9, 5.50, 1
4935, 19810, 1, 0, 19811, 19811, 1, 0, 1.00, 1
4936, 19811, 5, 0, 19814, 19818, 7, 2, 1.40, 1
4937, 19817, 1, 0, 19819, 19819, 2, 1, 2.00, 1
4938, 19820, 1, 0, 44395, 44395, 24575, 24574, 24575.00, 1
4939, 19821, 13, 0, 44396, 44408, 24587, 24574, 1891.31, 1
4940, 19823, 19, 0, 19829, 19847, 24, 5, 1.26, 1
4941, 19836, 4, 0, 19861, 19864, 28, 24, 7.00, 1
4942, 19841, 4, 0, 19866, 19869, 28, 24, 7.00, 1
4943, 19847, 6, 0, 19848, 19853, 6, 0, 1.00, 1
4944, 19850, 4, 0, 19854, 19857, 7, 3, 1.75, 1
4945, 19856, 3, 0, 19858, 19860, 4, 1, 1.33, 1
4946, 19862, 1, 0, 19865, 19865, 3, 2, 3.00, 1
4947, 19864, 10, 0, 19870, 19879, 15, 5, 1.50, 1
4948, 19871, 3, 0, 19881, 19883, 12, 9, 4.00, 1
4949, 19873, 7, 0, 19884, 19890, 17, 10, 2.43, 1
4950, 19879, 1, 0, 19880, 19880, 1, 0, 1.00, 1
4951, 19887, 3, 0, 19926, 19928, 41, 38, 13.67, 1
4952, 19888, 25, 0, 19934, 19958, 70, 45, 2.80, 1
4953, 19889, 6, 0, 19891, 19896, 7, 1, 1.17, 1
4954, 19893, 9, 0, 19897, 19905, 12, 3, 1.33, 1
4955, 19903, 5, 0, 19908, 19912, 9, 4, 1.80, 1
4956, 19905, 2, 0, 19906, 19907, 2, 0, 1.00, 1
4957, 19910, 4, 0, 19913, 19916, 6, 2, 1.50, 1
4958, 19913, 3, 0, 19917, 19919, 6, 3, 2.00, 1
4959, 19917, 3, 0, 19922, 19924, 7, 4, 2.33, 1
4960, 19919, 2, 0, 19920, 19921, 2, 0, 1.00, 1
4961, 19924, 1, 0, 19925, 19925, 1, 0, 1.00, 1
4962, 19927, 2, 0, 19929, 19930, 3, 1, 1.50, 1
4963, 19929, 2, 0, 19932, 19933, 4, 2, 2.00, 1
4964, 19930, 1, 0, 19931, 19931, 1, 0, 1.00, 1
4965, 19933, 29, 0, 44366, 44394, 24461, 24432, 843.48, 1
4966, 19934, 5, 0, 44351, 44355, 24421, 24416, 4884.20, 1
4967, 19941, 10, 0, 44356, 44365, 24424, 24414, 2442.40, 1
4968, 19943, 6, 0, 44337, 44342, 24399, 24393, 4066.50, 1
4969, 19944, 8, 0, 44343, 44350, 24406, 24398, 3050.75, 1
4970, 19945, 4, 0, 19964, 19967, 22, 18, 5.50, 1
4971, 19948, 1, 0, 19963, 19963, 15, 14, 15.00, 1
4972, 19950, 16, 0, 19970, 19985, 35, 19, 2.19, 1
4973, 19952, 2, 0, 19959, 19960, 8, 6, 4.00, 1
4974, 19956, 2, 0, 19961, 19962, 6, 4, 3.00, 1
4975, 19967, 2, 0, 19968, 19969, 2, 0, 1.00, 1
4976, 19970, 3, 0, 44323, 44325, 24355, 24352, 8118.33, 1
4977, 19975, 11, 0, 44326, 44336, 24361, 24350, 2214.64, 1
4978, 19979, 5, 0, 19986, 19990, 11, 6, 2.20, 1
4979, 19986, 2, 0, 20215, 20216, 230, 228, 115.00, 1
4980, 19988, 7, 0, 20217, 20223, 235, 228, 33.57, 1
4981, 19990, 15, 0, 19991, 20005, 15, 0, 1.00, 1
4982, 19993, 2, 0, 20205, 20206, 213, 211, 106.50, 1
4983, 19996, 4, 0, 20207, 20210, 214, 210, 53.50, 1
4984, 19999, 4, 0, 20009, 20012, 13, 9, 3.25, 1
4985, 20003, 2, 0, 20006, 20007, 4, 2, 2.00, 1
4986, 20007, 1, 0, 20008, 20008, 1, 0, 1.00, 1
4987, 20009, 2, 0, 20013, 20014, 5, 3, 2.50, 1
4988, 20010, 2, 0, 20188, 20189, 179, 177, 89.50, 1
4989, 20013, 4, 0, 20190, 20193, 180, 176, 45.00, 1
4990, 20014, 10, 0, 20015, 20024, 10, 0, 1.00, 1
4991, 20018, 3, 0, 20025, 20027, 9, 6, 3.00, 1
4992, 20021, 8, 0, 20028, 20035, 14, 6, 1.75, 1
4993, 20026, 10, 0, 20118, 20127, 101, 91, 10.10, 1
4994, 20029, 10, 0, 20141, 20150, 121, 111, 12.10, 1
4995, 20031, 2, 0, 20036, 20037, 6, 4, 3.00, 1
4996, 20036, 6, 0, 20038, 20043, 7, 1, 1.17, 1
4997, 20040, 5, 0, 20044, 20048, 8, 3, 1.60, 1
4998, 20046, 7, 0, 20049, 20055, 9, 2, 1.29, 1
4999, 20050, 2, 0, 20056, 20057, 7, 5, 3.50, 1
5000, 20051, 6, 0, 20058, 20063, 12, 6, 2.00, 1
5001, 20056, 6, 0, 20070, 20075, 19, 13, 3.17, 1
5002, 20058, 9, 0, 20090, 20098, 40, 31, 4.44, 1
5003, 20060, 1, 0, 20064, 20064, 4, 3, 4.00, 1
5004, 20063, 1, 0, 20065, 20065, 2, 1, 2.00, 1
5005, 20065, 4, 0, 20066, 20069, 4, 0, 1.00, 1
5006, 20070, 14, 0, 20099, 20112, 42, 28, 3.00, 1
5007, 20071, 1, 0, 20076, 20076, 5, 4, 5.00, 1
5008, 20073, 4, 0, 20077, 20080, 7, 3, 1.75, 1
5009, 20077, 3, 0, 20082, 20084, 7, 4, 2.33, 1
5010, 20080, 1, 0, 20081, 20081, 1, 0, 1.00, 1
5011, 20083, 2, 0, 20085, 20086, 3, 1, 1.50, 1
5012, 20084, 3, 0, 20087, 20089, 5, 2, 1.67, 1
5013, 20106, 1, 0, 20113, 20113, 7, 6, 7.00, 1
5014, 20112, 4, 0, 20114, 20117, 5, 1, 1.25, 1
5015, 20118, 2, 0, 20137, 20138, 20, 18, 10.00, 1
5016, 20121, 2, 0, 20139, 20140, 19, 17, 9.50, 1
5017, 20122, 4, 0, 20128, 20131, 9, 5, 2.25, 1
5018, 20126, 5, 0, 20132, 20136, 10, 5, 2.00, 1
5019, 20142, 8, 0, 20163, 20170, 28, 20, 3.50, 1
5020, 20145, 5, 0, 20154, 20158, 13, 8, 2.60, 1
5021, 20150, 2, 0, 20151, 20152, 2, 0, 1.00, 1
5022, 20151, 1, 0, 20153, 20153, 2, 1, 2.00, 1
5023, 20158, 4, 0, 20159, 20162, 4, 0, 1.00, 1
5024, 20165, 1, 0, 20171, 20171, 6, 5, 6.00, 1
5025, 20168, 5, 0, 20172, 20176, 8, 3, 1.60, 1
5026, 20172, 8, 0, 20178, 20185, 13, 5, 1.62, 1
5027, 20173, 1, 0, 20177, 20177, 4, 3, 4.00, 1
5028, 20180, 1, 0, 20186, 20186, 6, 5, 6.00, 1
5029, 20184, 1, 0, 20187, 20187, 3, 2, 3.00, 1
5030, 20191, 7, 0, 20194, 20200, 9, 2, 1.29, 1
5031, 20195, 2, 0, 20201, 20202, 7, 5, 3.50, 1
5032, 20199, 2, 0, 20203, 20204, 5, 3, 2.50, 1
5033, 20205, 4, 0, 20211, 20214, 9, 5, 2.25, 1
5034, 20221, 2, 0, 20224, 20225, 4, 2, 2.00, 1
5035, 20224, 3, 0, 20226, 20228, 4, 1, 1.33, 1
5036, 20227, 5, 0, 20231, 20235, 8, 3, 1.60, 1
5037, 20228, 2, 0, 20229, 20230, 2, 0, 1.00, 1
5038, 20229, 6, 0, 20236, 20241, 12, 6, 2.00, 1
5039, 20232, 10, 0, 20247, 20256, 24, 14, 2.40, 1
5040, 20237, 4, 0, 20242, 20245, 8, 4, 2.00, 1
5041, 20238, 13, 0, 20260, 20272, 34, 21, 2.62, 1
5042, 20242, 1, 0, 20246, 20246, 4, 3, 4.00, 1
5043, 20255, 3, 0, 20257, 20259, 4, 1, 1.33, 1
5044, 20260, 5, 0, 20279, 20283, 23, 18, 4.60, 1
5045, 20261, 4, 0, 20275, 20278, 17, 13, 4.25, 1
5046, 20262, 2, 0, 20273, 20274, 12, 10, 6.00, 1
5047, 20274, 10, 0, 20284, 20293, 19, 9, 1.90, 1
5048, 20289, 8, 0, 20294, 20301, 12, 4, 1.50, 1
5049, 20294, 5, 0, 20302, 20306, 12, 7, 2.40, 1
5050, 20296, 24, 0, 20310, 20333, 37, 13, 1.54, 1
5051, 20306, 3, 0, 20307, 20309, 3, 0, 1.00, 1
5052, 20310, 6, 0, 44308, 44313, 24003, 23997, 4000.50, 1
5053, 20311, 9, 0, 44314, 44322, 24011, 24002, 2667.89, 1
5054, 20313, 9, 0, 44290, 44298, 23985, 23976, 2665.00, 1
5055, 20316, 4, 0, 44286, 44289, 23973, 23969, 5993.25, 1
5056, 20317, 9, 0, 44299, 44307, 23990, 23981, 2665.56, 1
5057, 20319, 4, 0, 44275, 44278, 23959, 23955, 5989.75, 1
5058, 20321, 2, 0, 44273, 44274, 23953, 23951, 11976.50, 1
5059, 20323, 7, 0, 44279, 44285, 23962, 23955, 3423.14, 1
5060, 20327, 1, 0, 20393, 20393, 66, 65, 66.00, 1
5061, 20332, 13, 0, 20394, 20406, 74, 61, 5.69, 1
5062, 20333, 4, 0, 20334, 20337, 4, 0, 1.00, 1
5063, 20336, 4, 0, 20339, 20342, 6, 2, 1.50, 1
5064, 20337, 1, 0, 20338, 20338, 1, 0, 1.00, 1
5065, 20340, 4, 0, 20344, 20347, 7, 3, 1.75, 1
5066, 20342, 1, 0, 20343, 20343, 1, 0, 1.00, 1
5067, 20344, 9, 0, 20348, 20356, 12, 3, 1.33, 1
5068, 20349, 3, 0, 20357, 20359, 10, 7, 3.33, 1
5069, 20350, 9, 0, 20371, 20379, 29, 20, 3.22, 1
5070, 20357, 2, 0, 20360, 20361, 4, 2, 2.00, 1
5071, 20359, 5, 0, 20362, 20366, 7, 2, 1.40, 1
5072, 20362, 4, 0, 20367, 20370, 8, 4, 2.00, 1
5073, 20372, 3, 0, 20381, 20383, 11, 8, 3.67, 1
5074, 20378, 1, 0, 20380, 20380, 2, 1, 2.00, 1
5075, 20380, 4, 0, 20387, 20390, 10, 6, 2.50, 1
5076, 20382, 3, 0, 20384, 20386, 4, 1, 1.33, 1
5077, 20387, 2, 0, 20391, 20392, 5, 3, 2.50, 1
5078, 20395, 9, 0, 20432, 20440, 45, 36, 5.00, 1
5079, 20402, 1, 0, 20407, 20407, 5, 4, 5.00, 1
5080, 20406, 2, 0, 20408, 20409, 3, 1, 1.50, 1
5081, 20408, 3, 0, 20410, 20412, 4, 1, 1.33, 1
5082, 20409, 6, 0, 20425, 20430, 21, 15, 3.50, 1
5083, 20410, 4, 0, 20413, 20416, 6, 2, 1.50, 1
5084, 20415, 2, 0, 20418, 20419, 4, 2, 2.00, 1
5085, 20416, 1, 0, 20417, 20417, 1, 0, 1.00, 1
5086, 20417, 4, 0, 20420, 20423, 6, 2, 1.50, 1
5087, 20421, 9, 0, 21009, 21017, 596, 587, 66.22, 1
5088, 20422, 1, 0, 20424, 20424, 2, 1, 2.00, 1
5089, 20426, 1, 0, 20431, 20431, 5, 4, 5.00, 1
5090, 20432, 4, 0, 20982, 20985, 553, 549, 138.25, 1
5091, 20436, 4, 0, 20990, 20993, 557, 553, 139.25, 1
5092, 20439, 3, 0, 20441, 20443, 4, 1, 1.33, 1
5093, 20440, 10, 0, 20450, 20459, 19, 9, 1.90, 1
5094, 20441, 4, 0, 20444, 20447, 6, 2, 1.50, 1
5095, 20446, 2, 0, 20448, 20449, 3, 1, 1.50, 1
5096, 20453, 18, 0, 20477, 20494, 41, 23, 2.28, 1
5097, 20459, 6, 0, 20460, 20465, 6, 0, 1.00, 1
5098, 20460, 18, 0, 20517, 20534, 74, 56, 4.11, 1
5099, 20461, 4, 0, 20468, 20471, 10, 6, 2.50, 1
5100, 20463, 1, 0, 20466, 20466, 3, 2, 3.00, 1
5101, 20464, 1, 0, 20467, 20467, 3, 2, 3.00, 1
5102, 20469, 2, 0, 20472, 20473, 4, 2, 2.00, 1
5103, 20471, 2, 0, 20475, 20476, 5, 3, 2.50, 1
5104, 20472, 1, 0, 20474, 20474, 2, 1, 2.00, 1
5105, 20479, 1, 0, 20513, 20513, 34, 33, 34.00, 1
5106, 20489, 3, 0, 20514, 20516, 27, 24, 9.00, 1
5107, 20494, 6, 0, 20495, 20500, 6, 0, 1.00, 1
5108, 20496, 6, 0, 20501, 20506, 10, 4, 1.67, 1
5109, 20505, 2, 0, 20507, 20508, 3, 1, 1.50, 1
5110, 20506, 4, 0, 20509, 20512, 6, 2, 1.50, 1
5111, 20517, 10, 0, 20594, 20603, 86, 76, 8.60, 1
5112, 20520, 9, 0, 20576, 20584, 64, 55, 7.11, 1
5113, 20521, 9, 0, 20585, 20593, 72, 63, 8.00, 1
5114, 20526, 7, 0, 20538, 20544, 18, 11, 2.57, 1
5115, 20530, 7, 0, 20556, 20562, 32, 25, 4.57, 1
5116, 20531, 1, 0, 20535, 20535, 4, 3, 4.00, 1
5117, 20532, 2, 0, 20536, 20537, 5, 3, 2.50, 1
5118, 20540, 1, 0, 20554, 20554, 14, 13, 14.00, 1
5119, 20542, 1, 0, 20555, 20555, 13, 12, 13.00, 1
5120, 20543, 7, 0, 20545, 20551, 8, 1, 1.14, 1
5121, 20548, 2, 0, 20552, 20553, 5, 3, 2.50, 1
5122, 20559, 3, 0, 20563, 20565, 6, 3, 2.00, 1
5123, 20563, 2, 0, 20567, 20568, 5, 3, 2.50, 1
5124, 20564, 1, 0, 20566, 20566, 2, 1, 2.00, 1
5125, 20567, 7, 0, 20569, 20575, 8, 1, 1.14, 1
5126, 20584, 30, 0, 20636, 20665, 81, 51, 2.70, 1
5127, 20596, 9, 0, 20604, 20612, 16, 7, 1.78, 1
5128, 20608, 2, 0, 20613, 20614, 6, 4, 3.00, 1
5129, 20611, 5, 0, 20617, 20621, 10, 5, 2.00, 1
5130, 20614, 2, 0, 20615, 20616, 2, 0, 1.00, 1
5131, 20618, 8, 0, 20628, 20635, 17, 9, 2.12, 1
5132, 20619, 5, 0, 20622, 20626, 7, 2, 1.40, 1
5133, 20624, 1, 0, 20627, 20627, 3, 2, 3.00, 1
5134, 20636, 1, 0, 20979, 20979, 343, 342, 343.00, 1
5135, 20646, 2, 0, 20980, 20981, 335, 333, 167.50, 1
5136, 20653, 6, 0, 20687, 20692, 39, 33, 6.50, 1
5137, 20657, 18, 0, 20693, 20710, 53, 35, 2.94, 1
5138, 20659, 4, 0, 20666, 20669, 10, 6, 2.50, 1
5139, 20668, 4, 0, 20670, 20673, 5, 1, 1.25, 1
5140, 20670, 2, 0, 20674, 20675, 5, 3, 2.50, 1
5141, 20671, 4, 0, 20676, 20679, 8, 4, 2.00, 1
5142, 20677, 2, 0, 20680, 20681, 4, 2, 2.00, 1
5143, 20678, 4, 0, 20682, 20685, 7, 3, 1.75, 1
5144, 20682, 1, 0, 20686, 20686, 4, 3, 4.00, 1
5145, 20696, 6, 0, 20713, 20718, 22, 16, 3.67, 1
5146, 20701, 2, 0, 20711, 20712, 11, 9, 5.50, 1
5147, 20708, 8, 0, 20720, 20727, 19, 11, 2.38, 1
5148, 20717, 1, 0, 20719, 20719, 2, 1, 2.00, 1
5149, 20721, 3, 0, 20729, 20731, 10, 7, 3.33, 1
5150, 20725, 1, 0, 20728, 20728, 3, 2, 3.00, 1
5151, 20729, 13, 0, 20732, 20744, 15, 2, 1.15, 1
5152, 20736, 6, 0, 20927, 20932, 196, 190, 32.67, 1
5153, 20737, 4, 0, 20922, 20925, 188, 184, 47.00, 1
5154, 20738, 3, 0, 20919, 20921, 183, 180, 61.00, 1
5155, 20739, 2, 0, 20805, 20806, 67, 65, 33.50, 1
5156, 20743, 2, 0, 20807, 20808, 65, 63, 32.50, 1
5157, 20744, 3, 0, 20745, 20747, 3, 0, 1.00, 1
5158, 20745, 1, 0, 20803, 20803, 58, 57, 58.00, 1
5159, 20746, 1, 0, 20804, 20804, 58, 57, 58.00, 1
5160, 20747, 1, 0, 20748, 20748, 1, 0, 1.00, 1
5161, 20748, 1, 0, 20749, 20749, 1, 0, 1.00, 1
5162, 20749, 9, 0, 20750, 20758, 9, 0, 1.00, 1
5163, 20752, 5, 0, 20767, 20771, 19, 14, 3.80, 1
5164, 20753, 5, 0, 20772, 20776, 23, 18, 4.60, 1
5165, 20755, 1, 0, 20759, 20759, 4, 3, 4.00, 1
5166, 20758, 7, 0, 20760, 20766, 8, 1, 1.14, 1
5167, 20774, 2, 0, 20777, 20778, 4, 2, 2.00, 1
5168, 20778, 2, 0, 20779, 20780, 2, 0, 1.00, 1
5169, 20780, 4, 0, 20781, 20784, 4, 0, 1.00, 1
5170, 20783, 10, 0, 20788, 20797, 14, 4, 1.40, 1
5171, 20784, 3, 0, 20785, 20787, 3, 0, 1.00, 1
5172, 20791, 1, 0, 20798, 20798, 7, 6, 7.00, 1
5173, 20795, 4, 0, 20799, 20802, 7, 3, 1.75, 1
5174, 20807, 14, 0, 20956, 20969, 162, 148, 11.57, 1
5175, 20808, 11, 0, 20809, 20819, 11, 0, 1.00, 1
5176, 20809, 4, 0, 20827, 20830, 21, 17, 5.25, 1
5177, 20812, 6, 0, 20831, 20836, 24, 18, 4.00, 1
5178, 20817, 7, 0, 20820, 20826, 9, 2, 1.29, 1
5179, 20831, 3, 0, 20837, 20839, 8, 5, 2.67, 1
5180, 20833, 15, 0, 20840, 20854, 21, 6, 1.40, 1
5181, 20841, 1, 0, 20877, 20877, 36, 35, 36.00, 1
5182, 20848, 9, 0, 20878, 20886, 38, 29, 4.22, 1
5183, 20850, 12, 0, 20855, 20866, 16, 4, 1.33, 1
5184, 20858, 1, 0, 20867, 20867, 9, 8, 9.00, 1
5185, 20863, 3, 0, 20868, 20870, 7, 4, 2.33, 1
5186, 20869, 2, 0, 20871, 20872, 3, 1, 1.50, 1
5187, 20872, 2, 0, 20873, 20874, 2, 0, 1.00, 1
5188, 20873, 2, 0, 20875, 20876, 3, 1, 1.50, 1
5189, 20878, 4, 0, 20887, 20890, 12, 8, 3.00, 1
5190, 20883, 19, 0, 20891, 20909, 26, 7, 1.37, 1
5191, 20896, 5, 0, 20914, 20918, 22, 17, 4.40, 1
5192, 20900, 2, 0, 20912, 20913, 13, 11, 6.50, 1
5193, 20901, 1, 0, 20910, 20910, 9, 8, 9.00, 1
5194, 20908, 1, 0, 20911, 20911, 3, 2, 3.00, 1
5195, 20924, 1, 0, 20926, 20926, 2, 1, 2.00, 1
5196, 20930, 2, 0, 20933, 20934, 4, 2, 2.00, 1
5197, 20931, 8, 0, 20935, 20942, 11, 3, 1.38, 1
5198, 20939, 4, 0, 20943, 20946, 7, 3, 1.75, 1
5199, 20941, 6, 0, 20949, 20954, 13, 7, 2.17, 1
5200, 20945, 2, 0, 20947, 20948, 3, 1, 1.50, 1
5201, 20954, 1, 0, 20955, 20955, 1, 0, 1.00, 1
5202, 20959, 2, 0, 20977, 20978, 19, 17, 9.50, 1
5203, 20961, 1, 0, 20975, 20975, 14, 13, 14.00, 1
5204, 20962, 1, 0, 20976, 20976, 14, 13, 14.00, 1
5205, 20966, 5, 0, 20970, 20974, 8, 3, 1.60, 1
5206, 20983, 3, 0, 20986, 20988, 5, 2, 1.67, 1
5207, 20988, 1, 0, 20989, 20989, 1, 0, 1.00, 1
5208, 20993, 7, 0, 20994, 21000, 7, 0, 1.00, 1
5209, 20995, 1, 0, 21005, 21005, 10, 9, 10.00, 1
5210, 20996, 3, 0, 21006, 21008, 12, 9, 4.00, 1
5211, 20999, 4, 0, 21001, 21004, 5, 1, 1.25, 1
5212, 21009, 2, 0, 44268, 44269, 23260, 23258, 11630.00, 1
5213, 21010, 3, 0, 44270, 44272, 23262, 23259, 7754.00, 1
5214, 21014, 9, 0, 21018, 21026, 12, 3, 1.33, 1
5215, 21015, 24, 0, 44244, 44267, 23252, 23228, 968.83, 1
5216, 21022, 3, 0, 21028, 21030, 8, 5, 2.67, 1
5217, 21024, 1, 0, 21027, 21027, 3, 2, 3.00, 1
5218, 21027, 9, 0, 44223, 44231, 23204, 23195, 2578.22, 1
5219, 21028, 4, 0, 21031, 21034, 6, 2, 1.50, 1
5220, 21032, 4, 0, 21048, 21051, 19, 15, 4.75, 1
5221, 21033, 1, 0, 21035, 21035, 2, 1, 2.00, 1
5222, 21034, 7, 0, 21052, 21058, 24, 17, 3.43, 1
5223, 21035, 3, 0, 21036, 21038, 3, 0, 1.00, 1
5224, 21036, 3, 0, 21039, 21041, 5, 2, 1.67, 1
5225, 21038, 6, 0, 21042, 21047, 9, 3, 1.50, 1
5226, 21052, 4, 0, 21059, 21062, 10, 6, 2.50, 1
5227, 21057, 12, 0, 44232, 44243, 23186, 23174, 1932.17, 1
5228, 21059, 15, 0, 21071, 21085, 26, 11, 1.73, 1
5229, 21060, 3, 0, 21063, 21065, 5, 2, 1.67, 1
5230, 21062, 3, 0, 21068, 21070, 8, 5, 2.67, 1
5231, 21063, 1, 0, 21066, 21066, 3, 2, 3.00, 1
5232, 21065, 1, 0, 21067, 21067, 2, 1, 2.00, 1
5233, 21072, 5, 0, 44208, 44212, 23140, 23135, 4628.00, 1
5234, 21074, 10, 0, 44213, 44222, 23148, 23138, 2314.80, 1
5235, 21082, 1, 0, 21089, 21089, 7, 6, 7.00, 1
5236, 21083, 15, 0, 21090, 21104, 21, 6, 1.40, 1
5237, 21085, 2, 0, 21086, 21087, 2, 0, 1.00, 1
5238, 21086, 1, 0, 21088, 21088, 2, 1, 2.00, 1
5239, 21093, 5, 0, 44186, 44190, 23097, 23092, 4619.40, 1
5240, 21094, 2, 0, 21105, 21106, 12, 10, 6.00, 1
5241, 21104, 17, 0, 44191, 44207, 23103, 23086, 1359.00, 1
5242, 21105, 5, 0, 21107, 21111, 6, 1, 1.20, 1
5243, 21107, 2, 0, 44179, 44180, 23073, 23071, 11536.50, 1
5244, 21108, 5, 0, 44181, 44185, 23077, 23072, 4615.40, 1
5245, 21109, 6, 0, 21112, 21117, 8, 2, 1.33, 1
5246, 21112, 2, 0, 44165, 44166, 23054, 23052, 11527.00, 1
5247, 21113, 12, 0, 44167, 44178, 23065, 23053, 1922.08, 1
5248, 21114, 7, 0, 21123, 21129, 15, 8, 2.14, 1
5249, 21116, 5, 0, 21118, 21122, 6, 1, 1.20, 1
5250, 21125, 2, 0, 44156, 44157, 23032, 23030, 11516.00, 1
5251, 21128, 7, 0, 44158, 44164, 23036, 23029, 3290.86, 1
5252, 21129, 11, 0, 21130, 21140, 11, 0, 1.00, 1
5253, 21133, 1, 0, 21141, 21141, 8, 7, 8.00, 1
5254, 21138, 1, 0, 21142, 21142, 4, 3, 4.00, 1
5255, 21142, 7, 0, 21143, 21149, 7, 0, 1.00, 1
5256, 21143, 6, 0, 44140, 44145, 23002, 22996, 3833.67, 1
5257, 21144, 10, 0, 44146, 44155, 23011, 23001, 2301.10, 1
5258, 21146, 1, 0, 44138, 44138, 22992, 22991, 22992.00, 1
5259, 21148, 1, 0, 44139, 44139, 22991, 22990, 22991.00, 1
5260, 21149, 12, 0, 21150, 21161, 12, 0, 1.00, 1
5261, 21152, 3, 0, 21186, 21188, 36, 33, 12.00, 1
5262, 21154, 3, 0, 44129, 44131, 22977, 22974, 7659.00, 1
5263, 21156, 6, 0, 21164, 21169, 13, 7, 2.17, 1
5264, 21160, 2, 0, 21162, 21163, 3, 1, 1.50, 1
5265, 21164, 3, 0, 21175, 21177, 13, 10, 4.33, 1
5266, 21165, 2, 0, 21173, 21174, 9, 7, 4.50, 1
5267, 21167, 1, 0, 21170, 21170, 3, 2, 3.00, 1
5268, 21169, 5, 0, 21181, 21185, 16, 11, 3.20, 1
5269, 21170, 2, 0, 21171, 21172, 2, 0, 1.00, 1
5270, 21176, 2, 0, 21178, 21179, 3, 1, 1.50, 1
5271, 21178, 1, 0, 21180, 21180, 2, 1, 2.00, 1
5272, 21187, 6, 0, 44132, 44137, 22950, 22944, 3825.00, 1
5273, 21188, 15, 0, 21189, 21203, 15, 0, 1.00, 1
5274, 21189, 2, 0, 44124, 44125, 22936, 22934, 11468.00, 1
5275, 21192, 3, 0, 44126, 44128, 22936, 22933, 7645.33, 1
5276, 21193, 4, 0, 21390, 21393, 200, 196, 50.00, 1
5277, 21200, 4, 0, 21394, 21397, 197, 193, 49.25, 1
5278, 21203, 3, 0, 21204, 21206, 3, 0, 1.00, 1
5279, 21205, 6, 0, 21207, 21212, 7, 1, 1.17, 1
5280, 21207, 10, 0, 21213, 21222, 15, 5, 1.50, 1
5281, 21215, 2, 0, 21223, 21224, 9, 7, 4.50, 1
5282, 21219, 3, 0, 21225, 21227, 8, 5, 2.67, 1
5283, 21223, 3, 0, 21229, 21231, 8, 5, 2.67, 1
5284, 21226, 1, 0, 21228, 21228, 2, 1, 2.00, 1
5285, 21228, 8, 0, 21238, 21245, 17, 9, 2.12, 1
5286, 21229, 4, 0, 21234, 21237, 8, 4, 2.00, 1
5287, 21231, 2, 0, 21232, 21233, 2, 0, 1.00, 1
5288, 21239, 1, 0, 21368, 21368, 129, 128, 129.00, 1
5289, 21241, 7, 0, 21369, 21375, 134, 127, 19.14, 1
5290, 21242, 6, 0, 21246, 21251, 9, 3, 1.50, 1
5291, 21246, 5, 0, 21350, 21354, 108, 103, 21.60, 1
5292, 21248, 4, 0, 21258, 21261, 13, 9, 3.25, 1
5293, 21249, 2, 0, 21252, 21253, 4, 2, 2.00, 1
5294, 21251, 4, 0, 21262, 21265, 14, 10, 3.50, 1
5295, 21253, 4, 0, 21254, 21257, 4, 0, 1.00, 1
5296, 21262, 7, 0, 21357, 21363, 101, 94, 14.43, 1
5297, 21263, 4, 0, 21266, 21269, 6, 2, 1.50, 1
5298, 21266, 9, 0, 21270, 21278, 12, 3, 1.33, 1
5299, 21271, 1, 0, 21287, 21287, 16, 15, 16.00, 1
5300, 21272, 4, 0, 21288, 21291, 19, 15, 4.75, 1
5301, 21273, 1, 0, 21279, 21279, 6, 5, 6.00, 1
5302, 21276, 1, 0, 21280, 21280, 4, 3, 4.00, 1
5303, 21279, 3, 0, 21281, 21283, 4, 1, 1.33, 1
5304, 21280, 3, 0, 21284, 21286, 6, 3, 2.00, 1
5305, 21288, 3, 0, 21292, 21294, 6, 3, 2.00, 1
5306, 21290, 6, 0, 21295, 21300, 10, 4, 1.67, 1
5307, 21293, 6, 0, 21309, 21314, 21, 15, 3.50, 1
5308, 21296, 14, 0, 21324, 21337, 41, 27, 2.93, 1
5309, 21298, 2, 0, 21301, 21302, 4, 2, 2.00, 1
5310, 21301, 3, 0, 21303, 21305, 4, 1, 1.33, 1
5311, 21303, 3, 0, 21306, 21308, 5, 2, 1.67, 1
5312, 21310, 4, 0, 21316, 21319, 9, 5, 2.25, 1
5313, 21313, 1, 0, 21315, 21315, 2, 1, 2.00, 1
5314, 21314, 4, 0, 21320, 21323, 9, 5, 2.25, 1
5315, 21325, 1, 0, 21344, 21344, 19, 18, 19.00, 1
5316, 21327, 4, 0, 21345, 21348, 21, 17, 5.25, 1
5317, 21332, 2, 0, 21339, 21340, 8, 6, 4.00, 1
5318, 21334, 3, 0, 21341, 21343, 9, 6, 3.00, 1
5319, 21336, 1, 0, 21338, 21338, 2, 1, 2.00, 1
5320, 21348, 1, 0, 21349, 21349, 1, 0, 1.00, 1
5321, 21351, 2, 0, 21355, 21356, 5, 3, 2.50, 1
5322, 21357, 2, 0, 21364, 21365, 8, 6, 4.00, 1
5323, 21359, 2, 0, 21366, 21367, 8, 6, 4.00, 1
5324, 21373, 4, 0, 21376, 21379, 6, 2, 1.50, 1
5325, 21378, 10, 0, 21380, 21389, 11, 1, 1.10, 1
5326, 21391, 4, 0, 21403, 21406, 15, 11, 3.75, 1
5327, 21394, 2, 0, 21398, 21399, 5, 3, 2.50, 1
5328, 21398, 3, 0, 21400, 21402, 4, 1, 1.33, 1
5329, 21402, 6, 0, 21416, 21421, 19, 13, 3.17, 1
5330, 21404, 5, 0, 21411, 21415, 11, 6, 2.20, 1
5331, 21405, 4, 0, 21407, 21410, 5, 1, 1.25, 1
5332, 21413, 10, 0, 21422, 21431, 18, 8, 1.80, 1
5333, 21423, 11, 0, 21434, 21444, 21, 10, 1.91, 1
5334, 21428, 2, 0, 21432, 21433, 5, 3, 2.50, 1
5335, 21437, 7, 0, 21448, 21454, 17, 10, 2.43, 1
5336, 21441, 1, 0, 21445, 21445, 4, 3, 4.00, 1
5337, 21443, 2, 0, 21446, 21447, 4, 2, 2.00, 1
5338, 21445, 14, 0, 21455, 21468, 23, 9, 1.64, 1
5339, 21456, 10, 0, 21493, 21502, 46, 36, 4.60, 1
5340, 21457, 5, 0, 21475, 21479, 22, 17, 4.40, 1
5341, 21458, 1, 0, 21469, 21469, 11, 10, 11.00, 1
5342, 21466, 1, 0, 21470, 21470, 4, 3, 4.00, 1
5343, 21470, 4, 0, 21471, 21474, 4, 0, 1.00, 1
5344, 21476, 7, 0, 21480, 21486, 10, 3, 1.43, 1
5345, 21482, 1, 0, 21487, 21487, 5, 4, 5.00, 1
5346, 21485, 5, 0, 21488, 21492, 7, 2, 1.40, 1
5347, 21495, 19, 0, 44105, 44123, 22628, 22609, 1190.95, 1
5348, 21500, 16, 0, 21503, 21518, 18, 2, 1.12, 1
5349, 21507, 4, 0, 21572, 21575, 68, 64, 17.00, 1
5350, 21508, 1, 0, 21565, 21565, 57, 56, 57.00, 1
5351, 21510, 1, 0, 21566, 21566, 56, 55, 56.00, 1
5352, 21511, 1, 0, 21559, 21559, 48, 47, 48.00, 1
5353, 21516, 4, 0, 21561, 21564, 48, 44, 12.00, 1
5354, 21518, 33, 0, 21519, 21551, 33, 0, 1.00, 1
5355, 21529, 1, 0, 21556, 21556, 27, 26, 27.00, 1
5356, 21535, 2, 0, 21557, 21558, 23, 21, 11.50, 1
5357, 21536, 2, 0, 21552, 21553, 17, 15, 8.50, 1
5358, 21538, 2, 0, 21554, 21555, 17, 15, 8.50, 1
5359, 21559, 1, 0, 21560, 21560, 1, 0, 1.00, 1
5360, 21565, 8, 0, 21604, 21611, 46, 38, 5.75, 1
5361, 21566, 5, 0, 21567, 21571, 5, 0, 1.00, 1
5362, 21575, 2, 0, 21576, 21577, 2, 0, 1.00, 1
5363, 21576, 11, 0, 21998, 22008, 432, 421, 39.27, 1
5364, 21577, 12, 0, 21578, 21589, 12, 0, 1.00, 1
5365, 21580, 11, 0, 21593, 21603, 23, 12, 2.09, 1
5366, 21584, 3, 0, 21590, 21592, 8, 5, 2.67, 1
5367, 21610, 7, 0, 21612, 21618, 8, 1, 1.14, 1
5368, 21613, 7, 0, 21651, 21657, 44, 37, 6.29, 1
5369, 21616, 12, 0, 22014, 22025, 409, 397, 34.08, 1
5370, 21618, 11, 0, 21619, 21629, 11, 0, 1.00, 1
5371, 21622, 2, 0, 21630, 21631, 9, 7, 4.50, 1
5372, 21623, 3, 0, 21633, 21635, 12, 9, 4.00, 1
5373, 21630, 1, 0, 21632, 21632, 2, 1, 2.00, 1
5374, 21633, 1, 0, 21636, 21636, 3, 2, 3.00, 1
5375, 21634, 3, 0, 21637, 21639, 5, 2, 1.67, 1
5376, 21639, 8, 0, 21640, 21647, 8, 0, 1.00, 1
5377, 21646, 3, 0, 21648, 21650, 4, 1, 1.33, 1
5378, 21652, 3, 0, 21948, 21950, 298, 295, 99.33, 1
5379, 21653, 2, 0, 21658, 21659, 6, 4, 3.00, 1
5380, 21656, 2, 0, 21661, 21662, 6, 4, 3.00, 1
5381, 21658, 1, 0, 21660, 21660, 2, 1, 2.00, 1
5382, 21659, 11, 0, 21951, 21961, 302, 291, 27.45, 1
5383, 21661, 9, 0, 21663, 21671, 10, 1, 1.11, 1
5384, 21663, 1, 0, 21755, 21755, 92, 91, 92.00, 1
5385, 21665, 1, 0, 21756, 21756, 91, 90, 91.00, 1
5386, 21668, 3, 0, 21673, 21675, 7, 4, 2.33, 1
5387, 21669, 1, 0, 21672, 21672, 3, 2, 3.00, 1
5388, 21672, 10, 0, 21676, 21685, 13, 3, 1.30, 1
5389, 21679, 6, 0, 21690, 21695, 16, 10, 2.67, 1
5390, 21682, 3, 0, 21686, 21688, 6, 3, 2.00, 1
5391, 21686, 1, 0, 21689, 21689, 3, 2, 3.00, 1
5392, 21692, 3, 0, 21697, 21699, 7, 4, 2.33, 1
5393, 21695, 1, 0, 21696, 21696, 1, 0, 1.00, 1
5394, 21698, 7, 0, 21703, 21709, 11, 4, 1.57, 1
5395, 21699, 3, 0, 21700, 21702, 3, 0, 1.00, 1
5396, 21703, 3, 0, 21710, 21712, 9, 6, 3.00, 1
5397, 21708, 9, 0, 21730, 21738, 30, 21, 3.33, 1
5398, 21711, 5, 0, 21713, 21717, 6, 1, 1.20, 1
5399, 21714, 7, 0, 21720, 21726, 12, 5, 1.71, 1
5400, 21716, 2, 0, 21718, 21719, 3, 1, 1.50, 1
5401, 21725, 3, 0, 21727, 21729, 4, 1, 1.33, 1
5402, 21731, 7, 0, 21740, 21746, 15, 8, 2.14, 1
5403, 21732, 1, 0, 21739, 21739, 7, 6, 7.00, 1
5404, 21743, 5, 0, 21747, 21751, 8, 3, 1.60, 1
5405, 21751, 3, 0, 21752, 21754, 3, 0, 1.00, 1
5406, 21756, 5, 0, 21757, 21761, 5, 0, 1.00, 1
5407, 21758, 7, 0, 21762, 21768, 10, 3, 1.43, 1
5408, 21763, 1, 0, 21769, 21769, 6, 5, 6.00, 1
5409, 21768, 16, 0, 21787, 21802, 34, 18, 2.12, 1
5410, 21769, 13, 0, 21770, 21782, 13, 0, 1.00, 1
5411, 21773, 1, 0, 21783, 21783, 10, 9, 10.00, 1
5412, 21781, 3, 0, 21784, 21786, 5, 2, 1.67, 1
5413, 21789, 5, 0, 21878, 21882, 93, 88, 18.60, 1
5414, 21790, 11, 0, 21890, 21900, 110, 99, 10.00, 1
5415, 21797, 5, 0, 21803, 21807, 10, 5, 2.00, 1
5416, 21804, 4, 0, 21813, 21816, 12, 8, 3.00, 1
5417, 21805, 3, 0, 21808, 21810, 5, 2, 1.67, 1
5418, 21808, 2, 0, 21811, 21812, 4, 2, 2.00, 1
5419, 21811, 6, 0, 21818, 21823, 12, 6, 2.00, 1
5420, 21813, 1, 0, 21817, 21817, 4, 3, 4.00, 1
5421, 21816, 13, 0, 21834, 21846, 30, 17, 2.31, 1
5422, 21821, 3, 0, 21824, 21826, 5, 2, 1.67, 1
5423, 21825, 2, 0, 21827, 21828, 3, 1, 1.50, 1
5424, 21827, 3, 0, 21829, 21831, 4, 1, 1.33, 1
5425, 21831, 2, 0, 21832, 21833, 2, 0, 1.00, 1
5426, 21839, 2, 0, 21847, 21848, 9, 7, 4.50, 1
5427, 21842, 7, 0, 21849, 21855, 13, 6, 1.86, 1
5428, 21849, 7, 0, 21865, 21871, 22, 15, 3.14, 1
5429, 21850, 2, 0, 21856, 21857, 7, 5, 3.50, 1
5430, 21854, 3, 0, 21858, 21860, 6, 3, 2.00, 1
5431, 21858, 3, 0, 21862, 21864, 6, 3, 2.00, 1
5432, 21859, 1, 0, 21861, 21861, 2, 1, 2.00, 1
5433, 21868, 1, 0, 21874, 21874, 6, 5, 6.00, 1
5434, 21869, 2, 0, 21876, 21877, 8, 6, 4.00, 1
5435, 21870, 2, 0, 21872, 21873, 3, 1, 1.50, 1
5436, 21874, 1, 0, 21875, 21875, 1, 0, 1.00, 1
5437, 21881, 7, 0, 21883, 21889, 8, 1, 1.14, 1
5438, 21897, 11, 0, 21901, 21911, 14, 3, 1.27, 1
5439, 21909, 13, 0, 21912, 21924, 15, 2, 1.15, 1
5440, 21912, 1, 0, 21931, 21931, 19, 18, 19.00, 1
5441, 21915, 8, 0, 21932, 21939, 24, 16, 3.00, 1
5442, 21924, 3, 0, 21925, 21927, 3, 0, 1.00, 1
5443, 21925, 2, 0, 21929, 21930, 5, 3, 2.50, 1
5444, 21926, 1, 0, 21928, 21928, 2, 1, 2.00, 1
5445, 21932, 5, 0, 21943, 21947, 15, 10, 3.00, 1
5446, 21933, 1, 0, 21940, 21940, 7, 6, 7.00, 1
5447, 21937, 1, 0, 21941, 21941, 4, 3, 4.00, 1
5448, 21940, 1, 0, 21942, 21942, 2, 1, 2.00, 1
5449, 21951, 1, 0, 21963, 21963, 12, 11, 12.00, 1
5450, 21953, 5, 0, 21966, 21970, 17, 12, 3.40, 1
5451, 21955, 1, 0, 21962, 21962, 7, 6, 7.00, 1
5452, 21963, 2, 0, 21964, 21965, 2, 0, 1.00, 1
5453, 21967, 5, 0, 21983, 21987, 20, 15, 4.00, 1
5454, 21968, 4, 0, 21971, 21974, 6, 2, 1.50, 1
5455, 21970, 4, 0, 21975, 21978, 8, 4, 2.00, 1
5456, 21974, 4, 0, 21979, 21982, 8, 4, 2.00, 1
5457, 21980, 5, 0, 21993, 21997, 17, 12, 3.40, 1
5458, 21985, 1, 0, 21988, 21988, 3, 2, 3.00, 1
5459, 21988, 4, 0, 21989, 21992, 4, 0, 1.00, 1
5460, 22003, 1, 0, 22010, 22010, 7, 6, 7.00, 1
5461, 22005, 3, 0, 22011, 22013, 8, 5, 2.67, 1
5462, 22006, 1, 0, 22009, 22009, 3, 2, 3.00, 1
5463, 22014, 5, 0, 44086, 44090, 22076, 22071, 4415.20, 1
5464, 22017, 14, 0, 44091, 44104, 22087, 22073, 1577.64, 1
5465, 22019, 5, 0, 44069, 44073, 22054, 22049, 4410.80, 1
5466, 22020, 12, 0, 44074, 44085, 22065, 22053, 1838.75, 1
5467, 22022, 3, 0, 22026, 22028, 6, 3, 2.00, 1
5468, 22025, 3, 0, 22030, 22032, 7, 4, 2.33, 1
5469, 22027, 1, 0, 22029, 22029, 2, 1, 2.00, 1
5470, 22028, 3, 0, 22033, 22035, 7, 4, 2.33, 1
5471, 22031, 8, 0, 22036, 22043, 12, 4, 1.50, 1
5472, 22037, 3, 0, 44063, 44065, 22028, 22025, 7342.67, 1
5473, 22038, 3, 0, 44066, 44068, 22030, 22027, 7343.33, 1
5474, 22042, 5, 0, 22044, 22048, 6, 1, 1.20, 1
5475, 22043, 22, 0, 22084, 22105, 62, 40, 2.82, 1
5476, 22046, 2, 0, 22049, 22050, 4, 2, 2.00, 1
5477, 22047, 3, 0, 22051, 22053, 6, 3, 2.00, 1
5478, 22052, 2, 0, 22054, 22055, 3, 1, 1.50, 1
5479, 22054, 1, 0, 22056, 22056, 2, 1, 2.00, 1
5480, 22056, 4, 0, 22057, 22060, 4, 0, 1.00, 1
5481, 22058, 1, 0, 22061, 22061, 3, 2, 3.00, 1
5482, 22059, 10, 0, 22062, 22071, 12, 2, 1.20, 1
5483, 22064, 1, 0, 22072, 22072, 8, 7, 8.00, 1
5484, 22071, 4, 0, 22073, 22076, 5, 1, 1.25, 1
5485, 22072, 4, 0, 22077, 22080, 8, 4, 2.00, 1
5486, 22077, 3, 0, 22081, 22083, 6, 3, 2.00, 1
5487, 22085, 24, 0, 44039, 44062, 21977, 21953, 915.71, 1
5488, 22086, 6, 0, 44023, 44028, 21942, 21936, 3657.00, 1
5489, 22088, 10, 0, 44029, 44038, 21950, 21940, 2195.00, 1
5490, 22090, 1, 0, 44020, 44020, 21930, 21929, 21930.00, 1
5491, 22093, 2, 0, 44021, 44022, 21929, 21927, 10964.50, 1
5492, 22094, 5, 0, 44004, 44008, 21914, 21909, 4382.80, 1
5493, 22098, 11, 0, 44009, 44019, 21921, 21910, 1992.82, 1
5494, 22100, 4, 0, 43996, 43999, 21899, 21895, 5474.75, 1
5495, 22101, 4, 0, 44000, 44003, 21902, 21898, 5475.50, 1
5496, 22104, 4, 0, 22106, 22109, 5, 1, 1.25, 1
5497, 22106, 13, 0, 22111, 22123, 17, 4, 1.31, 1
5498, 22109, 1, 0, 22110, 22110, 1, 0, 1.00, 1
5499, 22114, 2, 0, 22124, 22125, 11, 9, 5.50, 1
5500, 22116, 11, 0, 22126, 22136, 20, 9, 1.82, 1
5501, 22131, 4, 0, 22140, 22143, 12, 8, 3.00, 1
5502, 22136, 3, 0, 22137, 22139, 3, 0, 1.00, 1
5503, 22138, 4, 0, 22146, 22149, 11, 7, 2.75, 1
5504, 22141, 1, 0, 22144, 22144, 3, 2, 3.00, 1
5505, 22143, 1, 0, 22145, 22145, 2, 1, 2.00, 1
5506, 22147, 6, 0, 22150, 22155, 8, 2, 1.33, 1
5507, 22150, 19, 0, 22169, 22187, 37, 18, 1.95, 1
5508, 22152, 5, 0, 22156, 22160, 8, 3, 1.60, 1
5509, 22157, 4, 0, 22161, 22164, 7, 3, 1.75, 1
5510, 22158, 4, 0, 22165, 22168, 10, 6, 2.50, 1
5511, 22169, 5, 0, 43986, 43990, 21821, 21816, 4364.20, 1
5512, 22170, 5, 0, 43991, 43995, 21825, 21820, 4365.00, 1
5513, 22176, 3, 0, 43978, 43980, 21804, 21801, 7268.00, 1
5514, 22177, 5, 0, 43981, 43985, 21808, 21803, 4361.60, 1
5515, 22178, 7, 0, 22222, 22228, 50, 43, 7.14, 1
5516, 22182, 15, 0, 22247, 22261, 79, 64, 5.27, 1
5517, 22184, 7, 0, 22214, 22220, 36, 29, 5.14, 1
5518, 22185, 5, 0, 22188, 22192, 7, 2, 1.40, 1
5519, 22188, 2, 0, 22193, 22194, 6, 4, 3.00, 1
5520, 22190, 3, 0, 22195, 22197, 7, 4, 2.33, 1
5521, 22194, 6, 0, 22198, 22203, 9, 3, 1.50, 1
5522, 22201, 5, 0, 22204, 22208, 7, 2, 1.40, 1
5523, 22205, 1, 0, 22209, 22209, 4, 3, 4.00, 1
5524, 22206, 3, 0, 22211, 22213, 7, 4, 2.33, 1
5525, 22209, 1, 0, 22210, 22210, 1, 0, 1.00, 1
5526, 22220, 1, 0, 22221, 22221, 1, 0, 1.00, 1
5527, 22226, 1, 0, 22229, 22229, 3, 2, 3.00, 1
5528, 22227, 7, 0, 22230, 22236, 9, 2, 1.29, 1
5529, 22230, 1, 0, 22237, 22237, 7, 6, 7.00, 1
5530, 22235, 4, 0, 22238, 22241, 6, 2, 1.50, 1
5531, 22239, 5, 0, 22242, 22246, 7, 2, 1.40, 1
5532, 22251, 1, 0, 22273, 22273, 22, 21, 22.00, 1
5533, 22256, 4, 0, 22274, 22277, 21, 17, 5.25, 1
5534, 22260, 6, 0, 22262, 22267, 7, 1, 1.17, 1
5535, 22264, 3, 0, 22270, 22272, 8, 5, 2.67, 1
5536, 22267, 2, 0, 22268, 22269, 2, 0, 1.00, 1
5537, 22273, 10, 0, 22314, 22323, 50, 40, 5.00, 1
5538, 22276, 1, 0, 22278, 22278, 2, 1, 2.00, 1
5539, 22277, 6, 0, 22286, 22291, 14, 8, 2.33, 1
5540, 22278, 5, 0, 22279, 22283, 5, 0, 1.00, 1
5541, 22281, 1, 0, 22284, 22284, 3, 2, 3.00, 1
5542, 22283, 1, 0, 22285, 22285, 2, 1, 2.00, 1
5543, 22288, 3, 0, 22294, 22296, 8, 5, 2.67, 1
5544, 22289, 2, 0, 22292, 22293, 4, 2, 2.00, 1
5545, 22296, 4, 0, 22297, 22300, 4, 0, 1.00, 1
5546, 22298, 1, 0, 22301, 22301, 3, 2, 3.00, 1
5547, 22301, 5, 0, 22302, 22306, 5, 0, 1.00, 1
5548, 22305, 6, 0, 22307, 22312, 7, 1, 1.17, 1
5549, 22309, 10, 0, 22336, 22345, 36, 26, 3.60, 1
5550, 22310, 1, 0, 22313, 22313, 3, 2, 3.00, 1
5551, 22320, 2, 0, 22324, 22325, 5, 3, 2.50, 1
5552, 22323, 9, 0, 22326, 22334, 11, 2, 1.22, 1
5553, 22332, 1, 0, 22335, 22335, 3, 2, 3.00, 1
5554, 22334, 13, 0, 22351, 22363, 29, 16, 2.23, 1
5555, 22338, 3, 0, 22348, 22350, 12, 9, 4.00, 1
5556, 22339, 1, 0, 22346, 22346, 7, 6, 7.00, 1
5557, 22343, 1, 0, 22347, 22347, 4, 3, 4.00, 1
5558, 22353, 5, 0, 22396, 22400, 47, 42, 9.40, 1
5559, 22354, 6, 0, 43964, 43969, 21615, 21609, 3602.50, 1
5560, 22355, 7, 0, 22367, 22373, 18, 11, 2.57, 1
5561, 22362, 3, 0, 22364, 22366, 4, 1, 1.33, 1
5562, 22367, 7, 0, 22381, 22387, 20, 13, 2.86, 1
5563, 22370, 1, 0, 22374, 22374, 4, 3, 4.00, 1
5564, 22372, 4, 0, 22375, 22378, 6, 2, 1.50, 1
5565, 22375, 2, 0, 22379, 22380, 5, 3, 2.50, 1
5566, 22381, 2, 0, 22388, 22389, 8, 6, 4.00, 1
5567, 22383, 3, 0, 22390, 22392, 9, 6, 3.00, 1
5568, 22391, 3, 0, 22393, 22395, 4, 1, 1.33, 1
5569, 22396, 8, 0, 43970, 43977, 21581, 21573, 2697.62, 1
5570, 22398, 6, 0, 43941, 43946, 21548, 21542, 3591.33, 1
5571, 22400, 4, 0, 22401, 22404, 4, 0, 1.00, 1
5572, 22402, 17, 0, 43947, 43963, 21561, 21544, 1268.29, 1
5573, 22403, 17, 0, 22405, 22421, 18, 1, 1.06, 1
5574, 22407, 1, 0, 43939, 43939, 21532, 21531, 21532.00, 1
5575, 22408, 1, 0, 43940, 43940, 21532, 21531, 21532.00, 1
5576, 22411, 2, 0, 43933, 43934, 21523, 21521, 10761.50, 1
5577, 22412, 4, 0, 43935, 43938, 21526, 21522, 5381.50, 1
5578, 22414, 6, 0, 22436, 22441, 27, 21, 4.50, 1
5579, 22415, 6, 0, 22447, 22452, 37, 31, 6.17, 1
5580, 22416, 3, 0, 22428, 22430, 14, 11, 4.67, 1
5581, 22421, 2, 0, 22422, 22423, 2, 0, 1.00, 1
5582, 22423, 2, 0, 22424, 22425, 2, 0, 1.00, 1
5583, 22425, 2, 0, 22426, 22427, 2, 0, 1.00, 1
5584, 22429, 2, 0, 22431, 22432, 3, 1, 1.50, 1
5585, 22431, 2, 0, 22433, 22434, 3, 1, 1.50, 1
5586, 22434, 1, 0, 22435, 22435, 1, 0, 1.00, 1
5587, 22438, 4, 0, 22442, 22445, 7, 3, 1.75, 1
5588, 22443, 1, 0, 22446, 22446, 3, 2, 3.00, 1
5589, 22445, 24, 0, 22486, 22509, 64, 40, 2.67, 1
5590, 22447, 2, 0, 22453, 22454, 7, 5, 3.50, 1
5591, 22449, 15, 0, 22459, 22473, 24, 9, 1.60, 1
5592, 22454, 4, 0, 22455, 22458, 4, 0, 1.00, 1
5593, 22460, 2, 0, 22474, 22475, 15, 13, 7.50, 1
5594, 22470, 2, 0, 22476, 22477, 7, 5, 3.50, 1
5595, 22476, 4, 0, 22479, 22482, 6, 2, 1.50, 1
5596, 22477, 1, 0, 22478, 22478, 1, 0, 1.00, 1
5597, 22482, 2, 0, 22483, 22484, 2, 0, 1.00, 1
5598, 22484, 1, 0, 22485, 22485, 1, 0, 1.00, 1
5599, 22487, 4, 0, 43923, 43926, 21439, 21435, 5359.75, 1
5600, 22489, 6, 0, 43927, 43932, 21443, 21437, 3573.83, 1
5601, 22491, 5, 0, 43910, 43914, 21423, 21418, 4284.60, 1
5602, 22492, 4, 0, 43906, 43909, 21417, 21413, 5354.25, 1
5603, 22494, 8, 0, 43915, 43922, 21428, 21420, 2678.50, 1
5604, 22499, 11, 0, 43873, 43883, 21384, 21373, 1944.00, 1
5605, 22503, 1, 0, 22510, 22510, 7, 6, 7.00, 1
5606, 22510, 8, 0, 22511, 22518, 8, 0, 1.00, 1
5607, 22514, 22, 0, 43884, 43905, 21391, 21369, 972.32, 1
5608, 22517, 7, 0, 22519, 22525, 8, 1, 1.14, 1
5609, 22521, 2, 0, 22526, 22527, 6, 4, 3.00, 1
5610, 22525, 9, 0, 22528, 22536, 11, 2, 1.22, 1
5611, 22528, 9, 0, 22556, 22564, 36, 27, 4.00, 1
5612, 22531, 2, 0, 22539, 22540, 9, 7, 4.50, 1
5613, 22532, 3, 0, 22541, 22543, 11, 8, 3.67, 1
5614, 22536, 2, 0, 22537, 22538, 2, 0, 1.00, 1
5615, 22541, 8, 0, 22546, 22553, 12, 4, 1.50, 1
5616, 22543, 2, 0, 22544, 22545, 2, 0, 1.00, 1
5617, 22547, 1, 0, 22554, 22554, 7, 6, 7.00, 1
5618, 22549, 1, 0, 22555, 22555, 6, 5, 6.00, 1
5619, 22555, 10, 0, 43863, 43872, 21317, 21307, 2131.70, 1
5620, 22561, 4, 0, 22565, 22568, 7, 3, 1.75, 1
5621, 22563, 5, 0, 22569, 22573, 10, 5, 2.00, 1
5622, 22569, 3, 0, 22574, 22576, 7, 4, 2.33, 1
5623, 22572, 7, 0, 22585, 22591, 19, 12, 2.71, 1
5624, 22575, 6, 0, 22577, 22582, 7, 1, 1.17, 1
5625, 22577, 9, 0, 22592, 22600, 23, 14, 2.56, 1
5626, 22580, 1, 0, 22583, 22583, 3, 2, 3.00, 1
5627, 22582, 1, 0, 22584, 22584, 2, 1, 2.00, 1
5628, 22592, 1, 0, 43859, 43859, 21267, 21266, 21267.00, 1
5629, 22593, 3, 0, 43860, 43862, 21269, 21266, 7089.67, 1
5630, 22594, 7, 0, 22601, 22607, 13, 6, 1.86, 1
5631, 22602, 14, 0, 22608, 22621, 19, 5, 1.36, 1
5632, 22609, 13, 0, 43846, 43858, 21249, 21236, 1634.54, 1
5633, 22614, 3, 0, 43840, 43842, 21228, 21225, 7076.00, 1
5634, 22616, 3, 0, 43843, 43845, 21229, 21226, 7076.33, 1
5635, 22621, 6, 0, 22622, 22627, 6, 0, 1.00, 1
5636, 22622, 6, 0, 43828, 43833, 21211, 21205, 3535.17, 1
5637, 22624, 4, 0, 22633, 22636, 12, 8, 3.00, 1
5638, 22625, 2, 0, 22628, 22629, 4, 2, 2.00, 1
5639, 22628, 3, 0, 22630, 22632, 4, 1, 1.33, 1
5640, 22632, 6, 0, 43834, 43839, 21207, 21201, 3534.50, 1
5641, 22634, 7, 0, 22637, 22643, 9, 2, 1.29, 1
5642, 22643, 6, 0, 22644, 22649, 6, 0, 1.00, 1
5643, 22644, 2, 0, 22650, 22651, 7, 5, 3.50, 1
5644, 22645, 13, 0, 22652, 22664, 19, 6, 1.46, 1
5645, 22657, 4, 0, 22665, 22668, 11, 7, 2.75, 1
5646, 22666, 4, 0, 22669, 22672, 6, 2, 1.50, 1
5647, 22667, 9, 0, 22680, 22688, 21, 12, 2.33, 1
5648, 22670, 2, 0, 22673, 22674, 4, 2, 2.00, 1
5649, 22673, 4, 0, 22675, 22678, 5, 1, 1.25, 1
5650, 22678, 1, 0, 22679, 22679, 1, 0, 1.00, 1
5651, 22681, 6, 0, 22703, 22708, 27, 21, 4.50, 1
5652, 22683, 5, 0, 22695, 22699, 16, 11, 3.20, 1
5653, 22684, 1, 0, 22690, 22690, 6, 5, 6.00, 1
5654, 22685, 4, 0, 22691, 22694, 9, 5, 2.25, 1
5655, 22687, 1, 0, 22689, 22689, 2, 1, 2.00, 1
5656, 22698, 3, 0, 22700, 22702, 4, 1, 1.33, 1
5657, 22705, 11, 0, 22711, 22721, 16, 5, 1.45, 1
5658, 22708, 2, 0, 22709, 22710, 2, 0, 1.00, 1
5659, 22715, 16, 0, 22724, 22739, 24, 8, 1.50, 1
5660, 22718, 2, 0, 22722, 22723, 5, 3, 2.50, 1
5661, 22725, 8, 0, 22845, 22852, 127, 119, 15.88, 1
5662, 22729, 2, 0, 22808, 22809, 80, 78, 40.00, 1
5663, 22730, 5, 0, 22813, 22817, 87, 82, 17.40, 1
5664, 22732, 2, 0, 22745, 22746, 14, 12, 7.00, 1
5665, 22733, 8, 0, 22748, 22755, 22, 14, 2.75, 1
5666, 22734, 5, 0, 22740, 22744, 10, 5, 2.00, 1
5667, 22745, 1, 0, 22747, 22747, 2, 1, 2.00, 1
5668, 22748, 5, 0, 22756, 22760, 12, 7, 2.40, 1
5669, 22749, 12, 0, 22781, 22792, 43, 31, 3.58, 1
5670, 22756, 3, 0, 22772, 22774, 18, 15, 6.00, 1
5671, 22757, 1, 0, 22769, 22769, 12, 11, 12.00, 1
5672, 22758, 6, 0, 22775, 22780, 22, 16, 3.67, 1
5673, 22759, 7, 0, 22761, 22767, 8, 1, 1.14, 1
5674, 22764, 1, 0, 22768, 22768, 4, 3, 4.00, 1
5675, 22769, 1, 0, 22770, 22770, 1, 0, 1.00, 1
5676, 22770, 1, 0, 22771, 22771, 1, 0, 1.00, 1
5677, 22781, 6, 0, 22802, 22807, 26, 20, 4.33, 1
5678, 22786, 4, 0, 22795, 22798, 12, 8, 3.00, 1
5679, 22790, 2, 0, 22793, 22794, 4, 2, 2.00, 1
5680, 22795, 2, 0, 22800, 22801, 6, 4, 3.00, 1
5681, 22797, 1, 0, 22799, 22799, 2, 1, 2.00, 1
5682, 22808, 6, 0, 22830, 22835, 27, 21, 4.50, 1
5683, 22809, 3, 0, 22810, 22812, 3, 0, 1.00, 1
5684, 22815, 5, 0, 22824, 22828, 13, 8, 2.60, 1
5685, 22816, 2, 0, 22818, 22819, 3, 1, 1.50, 1
5686, 22819, 3, 0, 22820, 22822, 3, 0, 1.00, 1
5687, 22821, 1, 0, 22823, 22823, 2, 1, 2.00, 1
5688, 22825, 1, 0, 22829, 22829, 4, 3, 4.00, 1
5689, 22830, 2, 0, 22837, 22838, 8, 6, 4.00, 1
5690, 22834, 1, 0, 22836, 22836, 2, 1, 2.00, 1
5691, 22836, 3, 0, 22839, 22841, 5, 2, 1.67, 1
5692, 22837, 8, 0, 22863, 22870, 33, 25, 4.12, 1
5693, 22839, 1, 0, 22842, 22842, 3, 2, 3.00, 1
5694, 22842, 2, 0, 22843, 22844, 2, 0, 1.00, 1
5695, 22846, 1, 0, 22859, 22859, 13, 12, 13.00, 1
5696, 22848, 3, 0, 22860, 22862, 14, 11, 4.67, 1
5697, 22850, 2, 0, 22853, 22854, 4, 2, 2.00, 1
5698, 22854, 4, 0, 22855, 22858, 4, 0, 1.00, 1
5699, 22860, 9, 0, 22871, 22879, 19, 10, 2.11, 1
5700, 22866, 11, 0, 43817, 43827, 20961, 20950, 1905.55, 1
5701, 22872, 2, 0, 43813, 43814, 20942, 20940, 10471.00, 1
5702, 22877, 2, 0, 43815, 43816, 20939, 20937, 10469.50, 1
5703, 22878, 4, 0, 22880, 22883, 5, 1, 1.25, 1
5704, 22879, 10, 0, 22959, 22968, 89, 79, 8.90, 1
5705, 22883, 6, 0, 22884, 22889, 6, 0, 1.00, 1
5706, 22887, 3, 0, 22890, 22892, 5, 2, 1.67, 1
5707, 22888, 8, 0, 22922, 22929, 41, 33, 5.12, 1
5708, 22890, 1, 0, 22893, 22893, 3, 2, 3.00, 1
5709, 22891, 6, 0, 22894, 22899, 8, 2, 1.33, 1
5710, 22894, 4, 0, 22906, 22909, 15, 11, 3.75, 1
5711, 22897, 3, 0, 22900, 22902, 5, 2, 1.67, 1
5712, 22898, 7, 0, 22910, 22916, 18, 11, 2.57, 1
5713, 22902, 3, 0, 22903, 22905, 3, 0, 1.00, 1
5714, 22912, 3, 0, 22917, 22919, 7, 4, 2.33, 1
5715, 22919, 2, 0, 22920, 22921, 2, 0, 1.00, 1
5716, 22925, 6, 0, 22940, 22945, 20, 14, 3.33, 1
5717, 22927, 1, 0, 22930, 22930, 3, 2, 3.00, 1
5718, 22930, 3, 0, 22931, 22933, 3, 0, 1.00, 1
5719, 22932, 3, 0, 22934, 22936, 4, 1, 1.33, 1
5720, 22936, 3, 0, 22937, 22939, 3, 0, 1.00, 1
5721, 22945, 6, 0, 22946, 22951, 6, 0, 1.00, 1
5722, 22946, 22, 0, 43791, 43812, 20866, 20844, 948.45, 1
5723, 22950, 7, 0, 22952, 22958, 8, 1, 1.14, 1
5724, 22961, 4, 0, 22977, 22980, 19, 15, 4.75, 1
5725, 22962, 5, 0, 22981, 22985, 23, 18, 4.60, 1
5726, 22963, 2, 0, 22969, 22970, 7, 5, 3.50, 1
5727, 22969, 4, 0, 22971, 22974, 5, 1, 1.25, 1
5728, 22974, 2, 0, 22975, 22976, 2, 0, 1.00, 1
5729, 22981, 7, 0, 22986, 22992, 11, 4, 1.57, 1
5730, 22987, 4, 0, 43778, 43781, 20794, 20790, 5198.50, 1
5731, 22990, 9, 0, 43782, 43790, 20800, 20791, 2311.11, 1
5732, 22991, 5, 0, 22993, 22997, 6, 1, 1.20, 1
5733, 22994, 2, 0, 22999, 23000, 6, 4, 3.00, 1
5734, 22995, 1, 0, 22998, 22998, 3, 2, 3.00, 1
5735, 22998, 4, 0, 23003, 23006, 8, 4, 2.00, 1
5736, 22999, 2, 0, 23001, 23002, 3, 1, 1.50, 1
5737, 23003, 1, 0, 23007, 23007, 4, 3, 4.00, 1
5738, 23004, 13, 0, 23008, 23020, 16, 3, 1.23, 1
5739, 23011, 5, 0, 43763, 43767, 20756, 20751, 4151.20, 1
5740, 23013, 10, 0, 43768, 43777, 20764, 20754, 2076.40, 1
5741, 23019, 6, 0, 23021, 23026, 7, 1, 1.17, 1
5742, 23021, 9, 0, 23031, 23039, 18, 9, 2.00, 1
5743, 23022, 2, 0, 23027, 23028, 6, 4, 3.00, 1
5744, 23026, 2, 0, 23029, 23030, 4, 2, 2.00, 1
5745, 23030, 13, 0, 23057, 23069, 39, 26, 3.00, 1
5746, 23031, 8, 0, 23049, 23056, 25, 17, 3.12, 1
5747, 23036, 3, 0, 23041, 23043, 7, 4, 2.33, 1
5748, 23039, 1, 0, 23040, 23040, 1, 0, 1.00, 1
5749, 23041, 4, 0, 23045, 23048, 7, 3, 1.75, 1
5750, 23043, 1, 0, 23044, 23044, 1, 0, 1.00, 1
5751, 23048, 18, 0, 23079, 23096, 48, 30, 2.67, 1
5752, 23058, 1, 0, 23070, 23070, 12, 11, 12.00, 1
5753, 23063, 2, 0, 23071, 23072, 9, 7, 4.50, 1
5754, 23072, 6, 0, 23073, 23078, 6, 0, 1.00, 1
5755, 23079, 9, 0, 43754, 43762, 20683, 20674, 2298.11, 1
5756, 23083, 2, 0, 43745, 43746, 20663, 20661, 10331.50, 1
5757, 23084, 7, 0, 43747, 43753, 20669, 20662, 2952.71, 1
5758, 23088, 12, 0, 43733, 43744, 20656, 20644, 1721.33, 1
5759, 23090, 1, 0, 43726, 43726, 20636, 20635, 20636.00, 1
5760, 23093, 6, 0, 43727, 43732, 20639, 20633, 3439.83, 1
5761, 23096, 14, 0, 23097, 23110, 14, 0, 1.00, 1
5762, 23097, 6, 0, 23114, 23119, 22, 16, 3.67, 1
5763, 23102, 2, 0, 23111, 23112, 10, 8, 5.00, 1
5764, 23112, 1, 0, 23113, 23113, 1, 0, 1.00, 1
5765, 23118, 13, 0, 23120, 23132, 14, 1, 1.08, 1
5766, 23122, 6, 0, 23133, 23138, 16, 10, 2.67, 1
5767, 23131, 7, 0, 23150, 23156, 25, 18, 3.57, 1
5768, 23135, 4, 0, 23139, 23142, 7, 3, 1.75, 1
5769, 23141, 1, 0, 23143, 23143, 2, 1, 2.00, 1
5770, 23142, 5, 0, 23144, 23148, 6, 1, 1.20, 1
5771, 23148, 1, 0, 23149, 23149, 1, 0, 1.00, 1
5772, 23151, 6, 0, 23157, 23162, 11, 5, 1.83, 1
5773, 23157, 6, 0, 23164, 23169, 12, 6, 2.00, 1
5774, 23160, 1, 0, 23163, 23163, 3, 2, 3.00, 1
5775, 23163, 8, 0, 23170, 23177, 14, 6, 1.75, 1
5776, 23164, 8, 0, 23185, 23192, 28, 20, 3.50, 1
5777, 23175, 5, 0, 23180, 23184, 9, 4, 1.80, 1
5778, 23176, 2, 0, 23178, 23179, 3, 1, 1.50, 1
5779, 23186, 13, 0, 23194, 23206, 20, 7, 1.54, 1
5780, 23192, 1, 0, 23193, 23193, 1, 0, 1.00, 1
5781, 23194, 7, 0, 43712, 43718, 20524, 20517, 2932.00, 1
5782, 23200, 2, 0, 23207, 23208, 8, 6, 4.00, 1
5783, 23201, 3, 0, 23209, 23211, 10, 7, 3.33, 1
5784, 23209, 3, 0, 23214, 23216, 7, 4, 2.33, 1
5785, 23211, 2, 0, 23212, 23213, 2, 0, 1.00, 1
5786, 23213, 3, 0, 23219, 23221, 8, 5, 2.67, 1
5787, 23214, 2, 0, 23217, 23218, 4, 2, 2.00, 1
5788, 23219, 7, 0, 43719, 43725, 20506, 20499, 2929.43, 1
5789, 23220, 16, 0, 23224, 23239, 19, 3, 1.19, 1
5790, 23221, 2, 0, 23222, 23223, 2, 0, 1.00, 1
5791, 23224, 11, 0, 43701, 43711, 20487, 20476, 1862.45, 1
5792, 23229, 2, 0, 43693, 43694, 20465, 20463, 10232.50, 1
5793, 23233, 1, 0, 43692, 43692, 20459, 20458, 20459.00, 1
5794, 23235, 6, 0, 43695, 43700, 20465, 20459, 3410.83, 1
5795, 23236, 7, 0, 23240, 23246, 10, 3, 1.43, 1
5796, 23239, 9, 0, 23247, 23255, 16, 7, 1.78, 1
5797, 23248, 1, 0, 43688, 43688, 20440, 20439, 20440.00, 1
5798, 23249, 3, 0, 43689, 43691, 20442, 20439, 6814.00, 1
5799, 23250, 14, 0, 43674, 43687, 20437, 20423, 1459.79, 1
5800, 23252, 7, 0, 23268, 23274, 22, 15, 3.14, 1
5801, 23254, 6, 0, 23256, 23261, 7, 1, 1.17, 1
5802, 23259, 6, 0, 23262, 23267, 8, 2, 1.33, 1
5803, 23268, 5, 0, 23279, 23283, 15, 10, 3.00, 1
5804, 23272, 2, 0, 23275, 23276, 4, 2, 2.00, 1
5805, 23273, 6, 0, 43661, 43666, 20393, 20387, 3398.83, 1
5806, 23275, 2, 0, 23277, 23278, 3, 1, 1.50, 1
5807, 23280, 4, 0, 23284, 23287, 7, 3, 1.75, 1
5808, 23281, 5, 0, 23288, 23292, 11, 6, 2.20, 1
5809, 23284, 7, 0, 43667, 43673, 20389, 20382, 2912.71, 1
5810, 23291, 3, 0, 23293, 23295, 4, 1, 1.33, 1
5811, 23294, 3, 0, 23296, 23298, 4, 1, 1.33, 1
5812, 23297, 3, 0, 23299, 23301, 4, 1, 1.33, 1
5813, 23299, 17, 0, 23305, 23321, 22, 5, 1.29, 1
5814, 23300, 2, 0, 23302, 23303, 3, 1, 1.50, 1
5815, 23303, 1, 0, 23304, 23304, 1, 0, 1.00, 1
5816, 23306, 6, 0, 23328, 23333, 27, 21, 4.50, 1
5817, 23307, 2, 0, 23322, 23323, 16, 14, 8.00, 1
5818, 23316, 11, 0, 23348, 23358, 42, 31, 3.82, 1
5819, 23322, 2, 0, 23324, 23325, 3, 1, 1.50, 1
5820, 23325, 2, 0, 23326, 23327, 2, 0, 1.00, 1
5821, 23328, 5, 0, 23337, 23341, 13, 8, 2.60, 1
5822, 23330, 2, 0, 23334, 23335, 5, 3, 2.50, 1
5823, 23335, 1, 0, 23336, 23336, 1, 0, 1.00, 1
5824, 23339, 13, 0, 23381, 23393, 54, 41, 4.15, 1
5825, 23340, 6, 0, 23342, 23347, 7, 1, 1.17, 1
5826, 23348, 2, 0, 23365, 23366, 18, 16, 9.00, 1
5827, 23351, 5, 0, 23367, 23371, 20, 15, 4.00, 1
5828, 23352, 6, 0, 23359, 23364, 12, 6, 2.00, 1
5829, 23366, 5, 0, 23376, 23380, 14, 9, 2.80, 1
5830, 23368, 4, 0, 23372, 23375, 7, 3, 1.75, 1
5831, 23384, 2, 0, 23394, 23395, 11, 9, 5.50, 1
5832, 23390, 6, 0, 23396, 23401, 11, 5, 1.83, 1
5833, 23398, 11, 0, 23402, 23412, 14, 3, 1.27, 1
5834, 23403, 6, 0, 23428, 23433, 30, 24, 5.00, 1
5835, 23405, 3, 0, 23417, 23419, 14, 11, 4.67, 1
5836, 23409, 1, 0, 23413, 23413, 4, 3, 4.00, 1
5837, 23411, 2, 0, 23414, 23415, 4, 2, 2.00, 1
5838, 23415, 1, 0, 23416, 23416, 1, 0, 1.00, 1
5839, 23416, 3, 0, 23420, 23422, 6, 3, 2.00, 1
5840, 23419, 5, 0, 23423, 23427, 8, 3, 1.60, 1
5841, 23423, 8, 0, 23434, 23441, 18, 10, 2.25, 1
5842, 23436, 3, 0, 23444, 23446, 10, 7, 3.33, 1
5843, 23439, 6, 0, 23447, 23452, 13, 7, 2.17, 1
5844, 23440, 2, 0, 23442, 23443, 3, 1, 1.50, 1
5845, 23445, 12, 0, 23454, 23465, 20, 8, 1.67, 1
5846, 23450, 1, 0, 23453, 23453, 3, 2, 3.00, 1
5847, 23462, 8, 0, 23471, 23478, 16, 8, 2.00, 1
5848, 23464, 3, 0, 23466, 23468, 4, 1, 1.33, 1
5849, 23466, 2, 0, 23469, 23470, 4, 2, 2.00, 1
5850, 23471, 9, 0, 23482, 23490, 19, 10, 2.11, 1
5851, 23475, 2, 0, 23480, 23481, 6, 4, 3.00, 1
5852, 23476, 1, 0, 23479, 23479, 3, 2, 3.00, 1
5853, 23482, 11, 0, 43636, 43646, 20164, 20153, 1833.09, 1
5854, 23483, 14, 0, 43647, 43660, 20177, 20163, 1441.21, 1
5855, 23485, 6, 0, 23491, 23496, 11, 5, 1.83, 1
5856, 23490, 10, 0, 43608, 43617, 20127, 20117, 2012.70, 1
5857, 23492, 5, 0, 23499, 23503, 11, 6, 2.20, 1
5858, 23495, 2, 0, 23497, 23498, 3, 1, 1.50, 1
5859, 23499, 4, 0, 23505, 23508, 9, 5, 2.25, 1
5860, 23502, 1, 0, 23504, 23504, 2, 1, 2.00, 1
5861, 23503, 5, 0, 23522, 23526, 23, 18, 4.60, 1
5862, 23506, 2, 0, 23509, 23510, 4, 2, 2.00, 1
5863, 23509, 4, 0, 23513, 23516, 7, 3, 1.75, 1
5864, 23510, 2, 0, 23511, 23512, 2, 0, 1.00, 1
5865, 23513, 4, 0, 23517, 23520, 7, 3, 1.75, 1
5866, 23519, 1, 0, 23521, 23521, 2, 1, 2.00, 1
5867, 23521, 18, 0, 43618, 43635, 20114, 20096, 1117.44, 1
5868, 23523, 11, 0, 24320, 24330, 807, 796, 73.36, 1
5869, 23524, 5, 0, 23693, 23697, 173, 168, 34.60, 1
5870, 23526, 3, 0, 23527, 23529, 3, 0, 1.00, 1
5871, 23528, 22, 0, 24341, 24362, 834, 812, 37.91, 1
5872, 23529, 4, 0, 23530, 23533, 4, 0, 1.00, 1
5873, 23530, 10, 0, 23537, 23546, 16, 6, 1.60, 1
5874, 23533, 3, 0, 23534, 23536, 3, 0, 1.00, 1
5875, 23539, 2, 0, 23547, 23548, 9, 7, 4.50, 1
5876, 23544, 5, 0, 23549, 23553, 9, 4, 1.80, 1
5877, 23549, 9, 0, 23554, 23562, 13, 4, 1.44, 1
5878, 23557, 4, 0, 23563, 23566, 9, 5, 2.25, 1
5879, 23566, 14, 0, 23567, 23580, 14, 0, 1.00, 1
5880, 23573, 2, 0, 23594, 23595, 22, 20, 11.00, 1
5881, 23574, 8, 0, 23598, 23605, 31, 23, 3.88, 1
5882, 23575, 3, 0, 23581, 23583, 8, 5, 2.67, 1
5883, 23582, 10, 0, 23584, 23593, 11, 1, 1.10, 1
5884, 23594, 1, 0, 23596, 23596, 2, 1, 2.00, 1
5885, 23595, 1, 0, 23597, 23597, 2, 1, 2.00, 1
5886, 23597, 8, 0, 23619, 23626, 29, 21, 3.62, 1
5887, 23598, 6, 0, 23608, 23613, 15, 9, 2.50, 1
5888, 23601, 1, 0, 23606, 23606, 5, 4, 5.00, 1
5889, 23605, 1, 0, 23607, 23607, 2, 1, 2.00, 1
5890, 23608, 4, 0, 23614, 23617, 9, 5, 2.25, 1
5891, 23615, 8, 0, 23633, 23640, 25, 17, 3.12, 1
5892, 23617, 1, 0, 23618, 23618, 1, 0, 1.00, 1
5893, 23620, 2, 0, 23631, 23632, 12, 10, 6.00, 1
5894, 23621, 1, 0, 23629, 23629, 8, 7, 8.00, 1
5895, 23624, 1, 0, 23630, 23630, 6, 5, 6.00, 1
5896, 23625, 1, 0, 23627, 23627, 2, 1, 2.00, 1
5897, 23627, 1, 0, 23628, 23628, 1, 0, 1.00, 1
5898, 23631, 9, 0, 23643, 23651, 20, 11, 2.22, 1
5899, 23638, 2, 0, 23641, 23642, 4, 2, 2.00, 1
5900, 23643, 6, 0, 23657, 23662, 19, 13, 3.17, 1
5901, 23647, 2, 0, 23652, 23653, 6, 4, 3.00, 1
5902, 23653, 3, 0, 23654, 23656, 3, 0, 1.00, 1
5903, 23662, 8, 0, 23663, 23670, 8, 0, 1.00, 1
5904, 23663, 5, 0, 23675, 23679, 16, 11, 3.20, 1
5905, 23666, 3, 0, 23671, 23673, 7, 4, 2.33, 1
5906, 23671, 11, 0, 23682, 23692, 21, 10, 1.91, 1
5907, 23672, 1, 0, 23674, 23674, 2, 1, 2.00, 1
5908, 23676, 1, 0, 23680, 23680, 4, 3, 4.00, 1
5909, 23678, 1, 0, 23681, 23681, 3, 2, 3.00, 1
5910, 23693, 8, 0, 23772, 23779, 86, 78, 10.75, 1
5911, 23694, 7, 0, 23705, 23711, 17, 10, 2.43, 1
5912, 23696, 6, 0, 23698, 23703, 7, 1, 1.17, 1
5913, 23702, 1, 0, 23704, 23704, 2, 1, 2.00, 1
5914, 23706, 4, 0, 23713, 23716, 10, 6, 2.50, 1
5915, 23709, 1, 0, 23712, 23712, 3, 2, 3.00, 1
5916, 23712, 7, 0, 23717, 23723, 11, 4, 1.57, 1
5917, 23713, 7, 0, 23737, 23743, 30, 23, 4.29, 1
5918, 23720, 3, 0, 23724, 23726, 6, 3, 2.00, 1
5919, 23724, 6, 0, 23727, 23732, 8, 2, 1.33, 1
5920, 23728, 2, 0, 23733, 23734, 6, 4, 3.00, 1
5921, 23732, 2, 0, 23735, 23736, 4, 2, 2.00, 1
5922, 23738, 1, 0, 23765, 23765, 27, 26, 27.00, 1
5923, 23739, 2, 0, 23766, 23767, 28, 26, 14.00, 1
5924, 23740, 5, 0, 23744, 23748, 8, 3, 1.60, 1
5925, 23741, 13, 0, 23749, 23761, 20, 7, 1.54, 1
5926, 23751, 1, 0, 23762, 23762, 11, 10, 11.00, 1
5927, 23761, 1, 0, 23763, 23763, 2, 1, 2.00, 1
5928, 23762, 1, 0, 23764, 23764, 2, 1, 2.00, 1
5929, 23766, 4, 0, 23768, 23771, 5, 1, 1.25, 1
5930, 23774, 12, 0, 23780, 23791, 17, 5, 1.42, 1
5931, 23781, 12, 0, 23832, 23843, 62, 50, 5.17, 1
5932, 23782, 3, 0, 23794, 23796, 14, 11, 4.67, 1
5933, 23785, 6, 0, 23802, 23807, 22, 16, 3.67, 1
5934, 23788, 2, 0, 23792, 23793, 5, 3, 2.50, 1
5935, 23794, 1, 0, 23797, 23797, 3, 2, 3.00, 1
5936, 23796, 4, 0, 23798, 23801, 5, 1, 1.25, 1
5937, 23800, 7, 0, 23813, 23819, 19, 12, 2.71, 1
5938, 23803, 5, 0, 23808, 23812, 9, 4, 1.80, 1
5939, 23813, 3, 0, 23824, 23826, 13, 10, 4.33, 1
5940, 23815, 2, 0, 23822, 23823, 8, 6, 4.00, 1
5941, 23817, 5, 0, 23827, 23831, 14, 9, 2.80, 1
5942, 23819, 2, 0, 23820, 23821, 2, 0, 1.00, 1
5943, 23832, 1, 0, 24317, 24317, 485, 484, 485.00, 1
5944, 23834, 2, 0, 24318, 24319, 485, 483, 242.50, 1
5945, 23835, 7, 0, 24188, 24194, 359, 352, 51.29, 1
5946, 23838, 11, 0, 24216, 24226, 388, 377, 35.27, 1
5947, 23839, 1, 0, 24179, 24179, 340, 339, 340.00, 1
5948, 23840, 2, 0, 24180, 24181, 341, 339, 170.50, 1
5949, 23841, 14, 0, 23860, 23873, 32, 18, 2.29, 1
5950, 23842, 3, 0, 23844, 23846, 4, 1, 1.33, 1
5951, 23845, 4, 0, 23847, 23850, 5, 1, 1.25, 1
5952, 23846, 7, 0, 23851, 23857, 11, 4, 1.57, 1
5953, 23851, 2, 0, 23858, 23859, 8, 6, 4.00, 1
5954, 23858, 20, 0, 23877, 23896, 38, 18, 1.90, 1
5955, 23867, 2, 0, 23875, 23876, 9, 7, 4.50, 1
5956, 23868, 1, 0, 23874, 23874, 6, 5, 6.00, 1
5957, 23877, 4, 0, 24144, 24147, 270, 266, 67.50, 1
5958, 23878, 3, 0, 23942, 23944, 66, 63, 22.00, 1
5959, 23881, 3, 0, 23945, 23947, 66, 63, 22.00, 1
5960, 23891, 1, 0, 23937, 23937, 46, 45, 46.00, 1
5961, 23893, 4, 0, 23938, 23941, 48, 44, 12.00, 1
5962, 23894, 9, 0, 23918, 23926, 32, 23, 3.56, 1
5963, 23896, 4, 0, 23897, 23900, 4, 0, 1.00, 1
5964, 23898, 2, 0, 23901, 23902, 4, 2, 2.00, 1
5965, 23899, 6, 0, 23903, 23908, 9, 3, 1.50, 1
5966, 23904, 4, 0, 23909, 23912, 8, 4, 2.00, 1
5967, 23910, 4, 0, 23913, 23916, 6, 2, 1.50, 1
5968, 23913, 1, 0, 23917, 23917, 4, 3, 4.00, 1
5969, 23922, 9, 0, 23927, 23935, 13, 4, 1.44, 1
5970, 23934, 1, 0, 23936, 23936, 2, 1, 2.00, 1
5971, 23945, 10, 0, 24151, 24160, 215, 205, 21.50, 1
5972, 23946, 1, 0, 23948, 23948, 2, 1, 2.00, 1
5973, 23947, 6, 0, 23949, 23954, 7, 1, 1.17, 1
5974, 23951, 3, 0, 23964, 23966, 15, 12, 5.00, 1
5975, 23953, 6, 0, 23973, 23978, 25, 19, 4.17, 1
5976, 23954, 6, 0, 23955, 23960, 6, 0, 1.00, 1
5977, 23957, 3, 0, 23961, 23963, 6, 3, 2.00, 1
5978, 23965, 3, 0, 23967, 23969, 4, 1, 1.33, 1
5979, 23967, 2, 0, 23971, 23972, 5, 3, 2.50, 1
5980, 23968, 1, 0, 23970, 23970, 2, 1, 2.00, 1
5981, 23971, 13, 0, 23987, 23999, 28, 15, 2.15, 1
5982, 23973, 3, 0, 23980, 23982, 9, 6, 3.00, 1
5983, 23978, 1, 0, 23979, 23979, 1, 0, 1.00, 1
5984, 23981, 4, 0, 23983, 23986, 5, 1, 1.25, 1
5985, 23993, 5, 0, 24000, 24004, 11, 6, 2.20, 1
5986, 24001, 2, 0, 24033, 24034, 33, 31, 16.50, 1
5987, 24002, 5, 0, 24037, 24041, 39, 34, 7.80, 1
5988, 24003, 9, 0, 24005, 24013, 10, 1, 1.11, 1
5989, 24005, 6, 0, 24022, 24027, 22, 16, 3.67, 1
5990, 24008, 3, 0, 24014, 24016, 8, 5, 2.67, 1
5991, 24016, 3, 0, 24017, 24019, 3, 0, 1.00, 1
5992, 24017, 2, 0, 24020, 24021, 4, 2, 2.00, 1
5993, 24025, 5, 0, 24028, 24032, 7, 2, 1.40, 1
5994, 24034, 2, 0, 24035, 24036, 2, 0, 1.00, 1
5995, 24036, 5, 0, 24055, 24059, 23, 18, 4.60, 1
5996, 24039, 2, 0, 24042, 24043, 4, 2, 2.00, 1
5997, 24041, 4, 0, 24047, 24050, 9, 5, 2.25, 1
5998, 24042, 3, 0, 24044, 24046, 4, 1, 1.33, 1
5999, 24046, 4, 0, 24051, 24054, 8, 4, 2.00, 1
6000, 24055, 14, 0, 24063, 24076, 21, 7, 1.50, 1
6001, 24058, 3, 0, 24060, 24062, 4, 1, 1.33, 1
6002, 24063, 11, 0, 24096, 24106, 43, 32, 3.91, 1
6003, 24065, 3, 0, 24077, 24079, 14, 11, 4.67, 1
6004, 24069, 8, 0, 24080, 24087, 18, 10, 2.25, 1
6005, 24080, 2, 0, 24088, 24089, 9, 7, 4.50, 1
6006, 24082, 12, 0, 24119, 24130, 48, 36, 4.00, 1
6007, 24088, 2, 0, 24090, 24091, 3, 1, 1.50, 1
6008, 24090, 4, 0, 24092, 24095, 5, 1, 1.25, 1
6009, 24100, 5, 0, 24108, 24112, 12, 7, 2.40, 1
6010, 24101, 1, 0, 24107, 24107, 6, 5, 6.00, 1
6011, 24109, 2, 0, 24114, 24115, 6, 4, 3.00, 1
6012, 24111, 1, 0, 24113, 24113, 2, 1, 2.00, 1
6013, 24115, 2, 0, 24116, 24117, 2, 0, 1.00, 1
6014, 24116, 1, 0, 24118, 24118, 2, 1, 2.00, 1
6015, 24122, 3, 0, 24134, 24136, 14, 11, 4.67, 1
6016, 24124, 3, 0, 24138, 24140, 16, 13, 5.33, 1
6017, 24127, 3, 0, 24131, 24133, 6, 3, 2.00, 1
6018, 24134, 1, 0, 24137, 24137, 3, 2, 3.00, 1
6019, 24140, 3, 0, 24141, 24143, 3, 0, 1.00, 1
6020, 24147, 3, 0, 24148, 24150, 3, 0, 1.00, 1
6021, 24155, 6, 0, 24161, 24166, 11, 5, 1.83, 1
6022, 24164, 8, 0, 24167, 24174, 10, 2, 1.25, 1
6023, 24172, 4, 0, 24175, 24178, 6, 2, 1.50, 1
6024, 24179, 4, 0, 24182, 24185, 6, 2, 1.50, 1
6025, 24185, 2, 0, 24186, 24187, 2, 0, 1.00, 1
6026, 24188, 6, 0, 24195, 24200, 12, 6, 2.00, 1
6027, 24197, 6, 0, 24201, 24206, 9, 3, 1.50, 1
6028, 24199, 8, 0, 24207, 24214, 15, 7, 1.88, 1
6029, 24211, 1, 0, 24215, 24215, 4, 3, 4.00, 1
6030, 24216, 2, 0, 24228, 24229, 13, 11, 6.50, 1
6031, 24221, 1, 0, 24227, 24227, 6, 5, 6.00, 1
6032, 24225, 5, 0, 24230, 24234, 9, 4, 1.80, 1
6033, 24230, 6, 0, 24235, 24240, 10, 4, 1.67, 1
6034, 24237, 4, 0, 24241, 24244, 7, 3, 1.75, 1
6035, 24242, 5, 0, 24245, 24249, 7, 2, 1.40, 1
6036, 24244, 13, 0, 24255, 24267, 23, 10, 1.77, 1
6037, 24246, 1, 0, 24252, 24252, 6, 5, 6.00, 1
6038, 24247, 2, 0, 24253, 24254, 7, 5, 3.50, 1
6039, 24249, 2, 0, 24250, 24251, 2, 0, 1.00, 1
6040, 24255, 11, 0, 24283, 24293, 38, 27, 3.45, 1
6041, 24258, 2, 0, 24272, 24273, 15, 13, 7.50, 1
6042, 24265, 4, 0, 24275, 24278, 13, 9, 3.25, 1
6043, 24266, 3, 0, 24269, 24271, 5, 2, 1.67, 1
6044, 24267, 1, 0, 24268, 24268, 1, 0, 1.00, 1
6045, 24273, 1, 0, 24274, 24274, 1, 0, 1.00, 1
6046, 24277, 4, 0, 24279, 24282, 5, 1, 1.25, 1
6047, 24284, 1, 0, 24311, 24311, 27, 26, 27.00, 1
6048, 24285, 2, 0, 24312, 24313, 28, 26, 14.00, 1
6049, 24287, 9, 0, 24294, 24302, 15, 6, 1.67, 1
6050, 24301, 1, 0, 24303, 24303, 2, 1, 2.00, 1
6051, 24303, 4, 0, 24304, 24307, 4, 0, 1.00, 1
6052, 24305, 3, 0, 24308, 24310, 5, 2, 1.67, 1
6053, 24311, 3, 0, 24314, 24316, 5, 2, 1.67, 1
6054, 24322, 3, 0, 24331, 24333, 11, 8, 3.67, 1
6055, 24325, 6, 0, 24335, 24340, 15, 9, 2.50, 1
6056, 24332, 1, 0, 24334, 24334, 2, 1, 2.00, 1
6057, 24342, 5, 0, 43603, 43607, 19265, 19260, 3853.00, 1
6058, 24344, 2, 0, 43599, 43600, 19256, 19254, 9628.00, 1
6059, 24345, 2, 0, 43601, 43602, 19257, 19255, 9628.50, 1
6060, 24353, 3, 0, 24365, 24367, 14, 11, 4.67, 1
6061, 24356, 1, 0, 24363, 24363, 7, 6, 7.00, 1
6062, 24357, 1, 0, 24364, 24364, 7, 6, 7.00, 1
6063, 24366, 3, 0, 24368, 24370, 4, 1, 1.33, 1
6064, 24367, 9, 0, 24373, 24381, 14, 5, 1.56, 1
6065, 24370, 2, 0, 24371, 24372, 2, 0, 1.00, 1
6066, 24374, 1, 0, 24391, 24391, 17, 16, 17.00, 1
6067, 24375, 7, 0, 24404, 24410, 35, 28, 5.00, 1
6068, 24378, 2, 0, 24382, 24383, 5, 3, 2.50, 1
6069, 24379, 5, 0, 24384, 24388, 9, 4, 1.80, 1
6070, 24386, 1, 0, 24389, 24389, 3, 2, 3.00, 1
6071, 24388, 1, 0, 24390, 24390, 2, 1, 2.00, 1
6072, 24391, 3, 0, 24392, 24394, 3, 0, 1.00, 1
6073, 24394, 5, 0, 24395, 24399, 5, 0, 1.00, 1
6074, 24396, 3, 0, 24400, 24402, 6, 3, 2.00, 1
6075, 24400, 1, 0, 24403, 24403, 3, 2, 3.00, 1
6076, 24402, 8, 0, 43579, 43586, 19184, 19176, 2398.00, 1
6077, 24406, 6, 0, 24411, 24416, 10, 4, 1.67, 1
6078, 24412, 1, 0, 24460, 24460, 48, 47, 48.00, 1
6079, 24413, 7, 0, 24464, 24470, 57, 50, 8.14, 1
6080, 24416, 4, 0, 24417, 24420, 4, 0, 1.00, 1
6081, 24418, 3, 0, 24421, 24423, 5, 2, 1.67, 1
6082, 24419, 18, 0, 24424, 24441, 22, 4, 1.22, 1
6083, 24425, 6, 0, 24452, 24457, 32, 26, 5.33, 1
6084, 24428, 1, 0, 24448, 24448, 20, 19, 20.00, 1
6085, 24429, 3, 0, 24449, 24451, 22, 19, 7.33, 1
6086, 24430, 1, 0, 24443, 24443, 13, 12, 13.00, 1
6087, 24434, 3, 0, 24445, 24447, 13, 10, 4.33, 1
6088, 24441, 1, 0, 24442, 24442, 1, 0, 1.00, 1
6089, 24443, 1, 0, 24444, 24444, 1, 0, 1.00, 1
6090, 24457, 2, 0, 24458, 24459, 2, 0, 1.00, 1
6091, 24460, 3, 0, 24461, 24463, 3, 0, 1.00, 1
6092, 24464, 5, 0, 24506, 24510, 46, 41, 9.20, 1
6093, 24465, 7, 0, 24518, 24524, 59, 52, 8.43, 1
6094, 24466, 2, 0, 24471, 24472, 6, 4, 3.00, 1
6095, 24468, 2, 0, 24473, 24474, 6, 4, 3.00, 1
6096, 24473, 13, 0, 24475, 24487, 14, 1, 1.08, 1
6097, 24481, 10, 0, 24490, 24499, 18, 8, 1.80, 1
6098, 24483, 2, 0, 24488, 24489, 6, 4, 3.00, 1
6099, 24492, 2, 0, 24500, 24501, 9, 7, 4.50, 1
6100, 24499, 2, 0, 24502, 24503, 4, 2, 2.00, 1
6101, 24502, 2, 0, 24504, 24505, 3, 1, 1.50, 1
6102, 24506, 6, 0, 24512, 24517, 11, 5, 1.83, 1
6103, 24509, 1, 0, 24511, 24511, 2, 1, 2.00, 1
6104, 24519, 12, 0, 43587, 43598, 19079, 19067, 1589.92, 1
6105, 24522, 12, 0, 24525, 24536, 14, 2, 1.17, 1
6106, 24525, 1, 0, 24537, 24537, 12, 11, 12.00, 1
6107, 24527, 7, 0, 24538, 24544, 17, 10, 2.43, 1
6108, 24543, 2, 0, 24547, 24548, 5, 3, 2.50, 1
6109, 24544, 1, 0, 24545, 24545, 1, 0, 1.00, 1
6110, 24545, 1, 0, 24546, 24546, 1, 0, 1.00, 1
6111, 24546, 3, 0, 24549, 24551, 5, 2, 1.67, 1
6112, 24548, 6, 0, 24552, 24557, 9, 3, 1.50, 1
6113, 24550, 7, 0, 24561, 24567, 17, 10, 2.43, 1
6114, 24554, 3, 0, 24558, 24560, 6, 3, 2.00, 1
6115, 24558, 10, 0, 24575, 24584, 26, 16, 2.60, 1
6116, 24566, 6, 0, 24568, 24573, 7, 1, 1.17, 1
6117, 24568, 1, 0, 24574, 24574, 6, 5, 6.00, 1
6118, 24575, 11, 0, 24641, 24651, 76, 65, 6.91, 1
6119, 24577, 1, 0, 24639, 24639, 62, 61, 62.00, 1
6120, 24578, 1, 0, 24640, 24640, 62, 61, 62.00, 1
6121, 24580, 2, 0, 24585, 24586, 6, 4, 3.00, 1
6122, 24581, 2, 0, 24587, 24588, 7, 5, 3.50, 1
6123, 24587, 11, 0, 24589, 24599, 12, 1, 1.09, 1
6124, 24594, 5, 0, 24602, 24606, 12, 7, 2.40, 1
6125, 24595, 2, 0, 24600, 24601, 6, 4, 3.00, 1
6126, 24604, 11, 0, 24607, 24617, 13, 2, 1.18, 1
6127, 24612, 1, 0, 24634, 24634, 22, 21, 22.00, 1
6128, 24614, 4, 0, 24635, 24638, 24, 20, 6.00, 1
6129, 24616, 4, 0, 24619, 24622, 6, 2, 1.50, 1
6130, 24617, 1, 0, 24618, 24618, 1, 0, 1.00, 1
6131, 24621, 6, 0, 24623, 24628, 7, 1, 1.17, 1
6132, 24624, 5, 0, 24629, 24633, 9, 4, 1.80, 1
6133, 24640, 13, 0, 43553, 43565, 18925, 18912, 1455.77, 1
6134, 24646, 12, 0, 43541, 43552, 18906, 18894, 1575.50, 1
6135, 24648, 2, 0, 24652, 24653, 5, 3, 2.50, 1
6136, 24650, 3, 0, 24660, 24662, 12, 9, 4.00, 1
6137, 24652, 9, 0, 24663, 24671, 19, 10, 2.11, 1
6138, 24653, 6, 0, 24654, 24659, 6, 0, 1.00, 1
6139, 24666, 3, 0, 24672, 24674, 8, 5, 2.67, 1
6140, 24668, 4, 0, 24675, 24678, 10, 6, 2.50, 1
6141, 24674, 7, 0, 24679, 24685, 11, 4, 1.57, 1
6142, 24676, 13, 0, 43566, 43578, 18902, 18889, 1454.00, 1
6143, 24680, 21, 0, 24779, 24799, 119, 98, 5.67, 1
6144, 24681, 4, 0, 24688, 24691, 10, 6, 2.50, 1
6145, 24685, 2, 0, 24686, 24687, 2, 0, 1.00, 1
6146, 24687, 9, 0, 24692, 24700, 13, 4, 1.44, 1
6147, 24688, 16, 0, 24702, 24717, 29, 13, 1.81, 1
6148, 24700, 1, 0, 24701, 24701, 1, 0, 1.00, 1
6149, 24708, 5, 0, 24720, 24724, 16, 11, 3.20, 1
6150, 24709, 2, 0, 24718, 24719, 10, 8, 5.00, 1
6151, 24721, 7, 0, 24725, 24731, 10, 3, 1.43, 1
6152, 24730, 2, 0, 24732, 24733, 3, 1, 1.50, 1
6153, 24732, 2, 0, 24734, 24735, 3, 1, 1.50, 1
6154, 24733, 4, 0, 24736, 24739, 6, 2, 1.50, 1
6155, 24738, 4, 0, 24740, 24743, 5, 1, 1.25, 1
6156, 24743, 5, 0, 24744, 24748, 5, 0, 1.00, 1
6157, 24744, 6, 0, 24749, 24754, 10, 4, 1.67, 1
6158, 24749, 5, 0, 24756, 24760, 11, 6, 2.20, 1
6159, 24754, 1, 0, 24755, 24755, 1, 0, 1.00, 1
6160, 24757, 5, 0, 24761, 24765, 8, 3, 1.60, 1
6161, 24762, 7, 0, 24768, 24774, 12, 5, 1.71, 1
6162, 24763, 29, 0, 43512, 43540, 18777, 18748, 647.48, 1
6163, 24765, 2, 0, 24766, 24767, 2, 0, 1.00, 1
6164, 24770, 4, 0, 24775, 24778, 8, 4, 2.00, 1
6165, 24779, 1, 0, 25703, 25703, 924, 923, 924.00, 1
6166, 24788, 1, 0, 25704, 25704, 916, 915, 916.00, 1
6167, 24789, 4, 0, 24803, 24806, 17, 13, 4.25, 1
6168, 24792, 3, 0, 24800, 24802, 10, 7, 3.33, 1
6169, 24801, 6, 0, 24807, 24812, 11, 5, 1.83, 1
6170, 24805, 7, 0, 24813, 24819, 14, 7, 2.00, 1
6171, 24818, 9, 0, 24820, 24828, 10, 1, 1.11, 1
6172, 24822, 4, 0, 24833, 24836, 14, 10, 3.50, 1
6173, 24825, 8, 0, 24837, 24844, 19, 11, 2.38, 1
6174, 24826, 4, 0, 24829, 24832, 6, 2, 1.50, 1
6175, 24834, 23, 0, 24847, 24869, 35, 12, 1.52, 1
6176, 24842, 2, 0, 24845, 24846, 4, 2, 2.00, 1
6177, 24855, 5, 0, 25644, 25648, 793, 788, 158.60, 1
6178, 24858, 3, 0, 25638, 25640, 782, 779, 260.67, 1
6179, 24860, 2, 0, 25636, 25637, 777, 775, 388.50, 1
6180, 24862, 5, 0, 25649, 25653, 791, 786, 158.20, 1
6181, 24865, 3, 0, 24870, 24872, 7, 4, 2.33, 1
6182, 24867, 5, 0, 24873, 24877, 10, 5, 2.00, 1
6183, 24874, 8, 0, 25274, 25281, 407, 399, 50.88, 1
6184, 24877, 7, 0, 24878, 24884, 7, 0, 1.00, 1
6185, 24879, 3, 0, 25223, 25225, 346, 343, 115.33, 1
6186, 24881, 1, 0, 24886, 24886, 5, 4, 5.00, 1
6187, 24883, 7, 0, 25232, 25238, 355, 348, 50.71, 1
6188, 24884, 1, 0, 24885, 24885, 1, 0, 1.00, 1
6189, 24886, 6, 0, 24887, 24892, 6, 0, 1.00, 1
6190, 24887, 1, 0, 24896, 24896, 9, 8, 9.00, 1
6191, 24888, 5, 0, 24897, 24901, 13, 8, 2.60, 1
6192, 24891, 1, 0, 24893, 24893, 2, 1, 2.00, 1
6193, 24892, 2, 0, 24894, 24895, 3, 1, 1.50, 1
6194, 24897, 1, 0, 24905, 24905, 8, 7, 8.00, 1
6195, 24899, 7, 0, 24906, 24912, 13, 6, 1.86, 1
6196, 24901, 3, 0, 24902, 24904, 3, 0, 1.00, 1
6197, 24908, 3, 0, 24917, 24919, 11, 8, 3.67, 1
6198, 24909, 12, 0, 24920, 24931, 22, 10, 1.83, 1
6199, 24910, 3, 0, 24914, 24916, 6, 3, 2.00, 1
6200, 24911, 1, 0, 24913, 24913, 2, 1, 2.00, 1
6201, 24922, 4, 0, 25035, 25038, 116, 112, 29.00, 1
6202, 24923, 9, 0, 25045, 25053, 130, 121, 14.44, 1
6203, 24927, 13, 0, 24943, 24955, 28, 15, 2.15, 1
6204, 24928, 3, 0, 24934, 24936, 8, 5, 2.67, 1
6205, 24929, 2, 0, 24932, 24933, 4, 2, 2.00, 1
6206, 24934, 3, 0, 24937, 24939, 5, 2, 1.67, 1
6207, 24937, 3, 0, 24940, 24942, 5, 2, 1.67, 1
6208, 24945, 6, 0, 24996, 25001, 56, 50, 9.33, 1
6209, 24949, 3, 0, 24959, 24961, 12, 9, 4.00, 1
6210, 24952, 2, 0, 24957, 24958, 6, 4, 3.00, 1
6211, 24955, 1, 0, 24956, 24956, 1, 0, 1.00, 1
6212, 24957, 5, 0, 24983, 24987, 30, 25, 6.00, 1
6213, 24959, 2, 0, 24962, 24963, 4, 2, 2.00, 1
6214, 24960, 3, 0, 24964, 24966, 6, 3, 2.00, 1
6215, 24965, 1, 0, 24967, 24967, 2, 1, 2.00, 1
6216, 24966, 3, 0, 24968, 24970, 4, 1, 1.33, 1
6217, 24968, 1, 0, 24976, 24976, 8, 7, 8.00, 1
6218, 24969, 1, 0, 24977, 24977, 8, 7, 8.00, 1
6219, 24970, 5, 0, 24971, 24975, 5, 0, 1.00, 1
6220, 24976, 4, 0, 24978, 24981, 5, 1, 1.25, 1
6221, 24978, 1, 0, 24982, 24982, 4, 3, 4.00, 1
6222, 24984, 1, 0, 24988, 24988, 4, 3, 4.00, 1
6223, 24987, 4, 0, 24989, 24992, 5, 1, 1.25, 1
6224, 24989, 8, 0, 25005, 25012, 23, 15, 2.88, 1
6225, 24991, 2, 0, 24993, 24994, 3, 1, 1.50, 1
6226, 24994, 1, 0, 24995, 24995, 1, 0, 1.00, 1
6227, 24999, 2, 0, 25003, 25004, 5, 3, 2.50, 1
6228, 25001, 1, 0, 25002, 25002, 1, 0, 1.00, 1
6229, 25009, 3, 0, 25015, 25017, 8, 5, 2.67, 1
6230, 25010, 2, 0, 25013, 25014, 4, 2, 2.00, 1
6231, 25014, 11, 0, 25020, 25030, 16, 5, 1.45, 1
6232, 25017, 2, 0, 25018, 25019, 2, 0, 1.00, 1
6233, 25020, 2, 0, 25031, 25032, 12, 10, 6.00, 1
6234, 25026, 2, 0, 25033, 25034, 8, 6, 4.00, 1
6235, 25037, 6, 0, 25039, 25044, 7, 1, 1.17, 1
6236, 25053, 6, 0, 25054, 25059, 6, 0, 1.00, 1
6237, 25058, 8, 0, 25066, 25073, 15, 7, 1.88, 1
6238, 25059, 3, 0, 25060, 25062, 3, 0, 1.00, 1
6239, 25062, 3, 0, 25063, 25065, 3, 0, 1.00, 1
6240, 25065, 11, 0, 25080, 25090, 25, 14, 2.27, 1
6241, 25067, 5, 0, 25075, 25079, 12, 7, 2.40, 1
6242, 25069, 21, 0, 25104, 25124, 55, 34, 2.62, 1
6243, 25070, 1, 0, 25074, 25074, 4, 3, 4.00, 1
6244, 25081, 5, 0, 25099, 25103, 22, 17, 4.40, 1
6245, 25089, 3, 0, 25094, 25096, 7, 4, 2.33, 1
6246, 25090, 2, 0, 25091, 25092, 2, 0, 1.00, 1
6247, 25092, 1, 0, 25093, 25093, 1, 0, 1.00, 1
6248, 25095, 2, 0, 25097, 25098, 3, 1, 1.50, 1
6249, 25099, 22, 0, 25147, 25168, 69, 47, 3.14, 1
6250, 25109, 1, 0, 25143, 25143, 34, 33, 34.00, 1
6251, 25116, 1, 0, 25144, 25144, 28, 27, 28.00, 1
6252, 25120, 12, 0, 25125, 25136, 16, 4, 1.33, 1
6253, 25126, 2, 0, 25138, 25139, 13, 11, 6.50, 1
6254, 25132, 1, 0, 25137, 25137, 5, 4, 5.00, 1
6255, 25137, 3, 0, 25140, 25142, 5, 2, 1.67, 1
6256, 25144, 2, 0, 25145, 25146, 2, 0, 1.00, 1
6257, 25147, 1, 0, 25190, 25190, 43, 42, 43.00, 1
6258, 25148, 4, 0, 25192, 25195, 47, 43, 11.75, 1
6259, 25153, 7, 0, 25179, 25185, 32, 25, 4.57, 1
6260, 25162, 6, 0, 25173, 25178, 16, 10, 2.67, 1
6261, 25165, 4, 0, 25169, 25172, 7, 3, 1.75, 1
6262, 25179, 4, 0, 25186, 25189, 10, 6, 2.50, 1
6263, 25190, 1, 0, 25191, 25191, 1, 0, 1.00, 1
6264, 25194, 11, 0, 25196, 25206, 12, 1, 1.09, 1
6265, 25198, 1, 0, 25220, 25220, 22, 21, 22.00, 1
6266, 25199, 2, 0, 25221, 25222, 23, 21, 11.50, 1
6267, 25200, 9, 0, 25209, 25217, 17, 8, 1.89, 1
6268, 25206, 2, 0, 25207, 25208, 2, 0, 1.00, 1
6269, 25217, 2, 0, 25218, 25219, 2, 0, 1.00, 1
6270, 25223, 6, 0, 25226, 25231, 8, 2, 1.33, 1
6271, 25231, 12, 0, 25283, 25294, 63, 51, 5.25, 1
6272, 25232, 8, 0, 25266, 25273, 41, 33, 5.12, 1
6273, 25233, 3, 0, 25248, 25250, 17, 14, 5.67, 1
6274, 25234, 1, 0, 25247, 25247, 13, 12, 13.00, 1
6275, 25235, 5, 0, 25260, 25264, 29, 24, 5.80, 1
6276, 25236, 1, 0, 25239, 25239, 3, 2, 3.00, 1
6277, 25237, 7, 0, 25240, 25246, 9, 2, 1.29, 1
6278, 25249, 1, 0, 25251, 25251, 2, 1, 2.00, 1
6279, 25250, 2, 0, 25252, 25253, 3, 1, 1.50, 1
6280, 25252, 3, 0, 25254, 25256, 4, 1, 1.33, 1
6281, 25256, 3, 0, 25257, 25259, 3, 0, 1.00, 1
6282, 25261, 1, 0, 25265, 25265, 4, 3, 4.00, 1
6283, 25278, 1, 0, 25282, 25282, 4, 3, 4.00, 1
6284, 25285, 5, 0, 25322, 25326, 41, 36, 8.20, 1
6285, 25286, 8, 0, 25327, 25334, 48, 40, 6.00, 1
6286, 25293, 11, 0, 25295, 25305, 12, 1, 1.09, 1
6287, 25304, 10, 0, 25306, 25315, 11, 1, 1.10, 1
6288, 25308, 1, 0, 25316, 25316, 8, 7, 8.00, 1
6289, 25314, 5, 0, 25317, 25321, 7, 2, 1.40, 1
6290, 25327, 3, 0, 25335, 25337, 10, 7, 3.33, 1
6291, 25333, 12, 0, 25339, 25350, 17, 5, 1.42, 1
6292, 25335, 1, 0, 25338, 25338, 3, 2, 3.00, 1
6293, 25339, 13, 0, 25523, 25535, 196, 183, 15.08, 1
6294, 25342, 9, 0, 25351, 25359, 17, 8, 1.89, 1
6295, 25352, 1, 0, 25514, 25514, 162, 161, 162.00, 1
6296, 25356, 2, 0, 25515, 25516, 160, 158, 80.00, 1
6297, 25357, 3, 0, 25360, 25362, 5, 2, 1.67, 1
6298, 25360, 2, 0, 25363, 25364, 4, 2, 2.00, 1
6299, 25362, 15, 0, 25367, 25381, 19, 4, 1.27, 1
6300, 25364, 2, 0, 25365, 25366, 2, 0, 1.00, 1
6301, 25367, 2, 0, 25404, 25405, 38, 36, 19.00, 1
6302, 25370, 2, 0, 25406, 25407, 37, 35, 18.50, 1
6303, 25372, 5, 0, 25387, 25391, 19, 14, 3.80, 1
6304, 25375, 2, 0, 25382, 25383, 8, 6, 4.00, 1
6305, 25377, 3, 0, 25384, 25386, 9, 6, 3.00, 1
6306, 25387, 4, 0, 25395, 25398, 11, 7, 2.75, 1
6307, 25390, 2, 0, 25392, 25393, 3, 1, 1.50, 1
6308, 25392, 1, 0, 25394, 25394, 2, 1, 2.00, 1
6309, 25396, 4, 0, 25399, 25402, 6, 2, 1.50, 1
6310, 25402, 1, 0, 25403, 25403, 1, 0, 1.00, 1
6311, 25404, 9, 0, 25408, 25416, 12, 3, 1.33, 1
6312, 25409, 13, 0, 25458, 25470, 61, 48, 4.69, 1
6313, 25411, 1, 0, 25430, 25430, 19, 18, 19.00, 1
6314, 25413, 8, 0, 25431, 25438, 25, 17, 3.12, 1
6315, 25415, 1, 0, 25417, 25417, 2, 1, 2.00, 1
6316, 25416, 4, 0, 25420, 25423, 7, 3, 1.75, 1
6317, 25417, 2, 0, 25418, 25419, 2, 0, 1.00, 1
6318, 25420, 6, 0, 25424, 25429, 9, 3, 1.50, 1
6319, 25434, 11, 0, 25444, 25454, 20, 9, 1.82, 1
6320, 25438, 5, 0, 25439, 25443, 5, 0, 1.00, 1
6321, 25447, 1, 0, 25455, 25455, 8, 7, 8.00, 1
6322, 25455, 2, 0, 25456, 25457, 2, 0, 1.00, 1
6323, 25462, 10, 0, 25475, 25484, 22, 12, 2.20, 1
6324, 25469, 4, 0, 25471, 25474, 5, 1, 1.25, 1
6325, 25478, 2, 0, 25485, 25486, 8, 6, 4.00, 1
6326, 25479, 5, 0, 25498, 25502, 23, 18, 4.60, 1
6327, 25485, 3, 0, 25487, 25489, 4, 1, 1.33, 1
6328, 25487, 3, 0, 25490, 25492, 5, 2, 1.67, 1
6329, 25491, 1, 0, 25493, 25493, 2, 1, 2.00, 1
6330, 25493, 4, 0, 25494, 25497, 4, 0, 1.00, 1
6331, 25497, 5, 0, 25503, 25507, 10, 5, 2.00, 1
6332, 25503, 1, 0, 25508, 25508, 5, 4, 5.00, 1
6333, 25508, 5, 0, 25509, 25513, 5, 0, 1.00, 1
6334, 25514, 2, 0, 25517, 25518, 4, 2, 2.00, 1
6335, 25516, 4, 0, 25519, 25522, 6, 2, 1.50, 1
6336, 25524, 2, 0, 25601, 25602, 78, 76, 39.00, 1
6337, 25528, 3, 0, 25603, 25605, 77, 74, 25.67, 1
6338, 25532, 17, 0, 25536, 25552, 20, 3, 1.18, 1
6339, 25542, 1, 0, 25585, 25585, 43, 42, 43.00, 1
6340, 25543, 8, 0, 25586, 25593, 50, 42, 6.25, 1
6341, 25544, 3, 0, 25555, 25557, 13, 10, 4.33, 1
6342, 25548, 2, 0, 25553, 25554, 6, 4, 3.00, 1
6343, 25551, 5, 0, 25561, 25565, 14, 9, 2.80, 1
6344, 25556, 6, 0, 25569, 25574, 18, 12, 3.00, 1
6345, 25557, 3, 0, 25558, 25560, 3, 0, 1.00, 1
6346, 25561, 3, 0, 25566, 25568, 7, 4, 2.33, 1
6347, 25571, 2, 0, 25575, 25576, 5, 3, 2.50, 1
6348, 25575, 3, 0, 25577, 25579, 4, 1, 1.33, 1
6349, 25579, 1, 0, 25580, 25580, 1, 0, 1.00, 1
6350, 25580, 4, 0, 25581, 25584, 4, 0, 1.00, 1
6351, 25588, 6, 0, 25595, 25600, 12, 6, 2.00, 1
6352, 25589, 1, 0, 25594, 25594, 5, 4, 5.00, 1
6353, 25603, 11, 0, 25606, 25616, 13, 2, 1.18, 1
6354, 25610, 3, 0, 25618, 25620, 10, 7, 3.33, 1
6355, 25614, 1, 0, 25617, 25617, 3, 2, 3.00, 1
6356, 25619, 8, 0, 25621, 25628, 9, 1, 1.12, 1
6357, 25628, 6, 0, 25629, 25634, 6, 0, 1.00, 1
6358, 25630, 1, 0, 25635, 25635, 5, 4, 5.00, 1
6359, 25638, 1, 0, 25641, 25641, 3, 2, 3.00, 1
6360, 25639, 2, 0, 25642, 25643, 4, 2, 2.00, 1
6361, 25650, 2, 0, 25654, 25655, 5, 3, 2.50, 1
6362, 25653, 2, 0, 25656, 25657, 4, 2, 2.00, 1
6363, 25655, 6, 0, 25660, 25665, 10, 4, 1.67, 1
6364, 25657, 2, 0, 25658, 25659, 2, 0, 1.00, 1
6365, 25663, 5, 0, 25666, 25670, 7, 2, 1.40, 1
6366, 25665, 5, 0, 25671, 25675, 10, 5, 2.00, 1
6367, 25669, 7, 0, 25679, 25685, 16, 9, 2.29, 1
6368, 25674, 3, 0, 25676, 25678, 4, 1, 1.33, 1
6369, 25681, 2, 0, 25686, 25687, 6, 4, 3.00, 1
6370, 25682, 7, 0, 25695, 25701, 19, 12, 2.71, 1
6371, 25686, 4, 0, 25688, 25691, 5, 1, 1.25, 1
6372, 25689, 2, 0, 25693, 25694, 5, 3, 2.50, 1
6373, 25691, 1, 0, 25692, 25692, 1, 0, 1.00, 1
6374, 25695, 1, 0, 25702, 25702, 7, 6, 7.00, 1
6375, 25704, 6, 0, 25705, 25710, 6, 0, 1.00, 1
6376, 25707, 4, 0, 25711, 25714, 7, 3, 1.75, 1
6377, 25714, 12, 0, 25715, 25726, 12, 0, 1.00, 1
6378, 25718, 18, 0, 43494, 43511, 17793, 17775, 988.50, 1
6379, 25721, 10, 0, 25729, 25738, 17, 7, 1.70, 1
6380, 25722, 14, 0, 43480, 43493, 17771, 17757, 1269.36, 1
6381, 25724, 1, 0, 25727, 25727, 3, 2, 3.00, 1
6382, 25725, 1, 0, 25728, 25728, 3, 2, 3.00, 1
6383, 25729, 4, 0, 43463, 43466, 17737, 17733, 4434.25, 1
6384, 25731, 3, 0, 43460, 43462, 17731, 17728, 5910.33, 1
6385, 25732, 1, 0, 43459, 43459, 17727, 17726, 17727.00, 1
6386, 25733, 13, 0, 43467, 43479, 17746, 17733, 1365.08, 1
6387, 25735, 8, 0, 25739, 25746, 11, 3, 1.38, 1
6388, 25739, 3, 0, 25852, 25854, 115, 112, 38.33, 1
6389, 25743, 10, 0, 25855, 25864, 121, 111, 12.10, 1
6390, 25744, 5, 0, 25749, 25753, 9, 4, 1.80, 1
6391, 25746, 2, 0, 25747, 25748, 2, 0, 1.00, 1
6392, 25753, 10, 0, 25754, 25763, 10, 0, 1.00, 1
6393, 25757, 10, 0, 25767, 25776, 19, 9, 1.90, 1
6394, 25759, 3, 0, 25764, 25766, 7, 4, 2.33, 1
6395, 25767, 6, 0, 25792, 25797, 30, 24, 5.00, 1
6396, 25768, 5, 0, 25781, 25785, 17, 12, 3.40, 1
6397, 25771, 1, 0, 25780, 25780, 9, 8, 9.00, 1
6398, 25772, 5, 0, 25787, 25791, 19, 14, 3.80, 1
6399, 25776, 3, 0, 25777, 25779, 3, 0, 1.00, 1
6400, 25781, 1, 0, 25786, 25786, 5, 4, 5.00, 1
6401, 25784, 10, 0, 25832, 25841, 57, 47, 5.70, 1
6402, 25795, 2, 0, 25798, 25799, 4, 2, 2.00, 1
6403, 25796, 9, 0, 25800, 25808, 12, 3, 1.33, 1
6404, 25805, 1, 0, 25826, 25826, 21, 20, 21.00, 1
6405, 25806, 1, 0, 25827, 25827, 21, 20, 21.00, 1
6406, 25807, 6, 0, 25809, 25814, 7, 1, 1.17, 1
6407, 25811, 7, 0, 25819, 25825, 14, 7, 2.00, 1
6408, 25812, 3, 0, 25816, 25818, 6, 3, 2.00, 1
6409, 25813, 1, 0, 25815, 25815, 2, 1, 2.00, 1
6410, 25826, 4, 0, 25828, 25831, 5, 1, 1.25, 1
6411, 25839, 9, 0, 25842, 25850, 11, 2, 1.22, 1
6412, 25843, 1, 0, 25851, 25851, 8, 7, 8.00, 1
6413, 25856, 2, 0, 43449, 43450, 17594, 17592, 8797.00, 1
6414, 25857, 8, 0, 43451, 43458, 17601, 17593, 2200.12, 1
6415, 25858, 14, 0, 43435, 43448, 17590, 17576, 1256.43, 1
6416, 25861, 5, 0, 25865, 25869, 8, 3, 1.60, 1
6417, 25866, 7, 0, 25870, 25876, 10, 3, 1.43, 1
6418, 25870, 2, 0, 25877, 25878, 8, 6, 4.00, 1
6419, 25873, 7, 0, 25879, 25885, 12, 5, 1.71, 1
6420, 25879, 6, 0, 25886, 25891, 12, 6, 2.00, 1
6421, 25883, 12, 0, 25892, 25903, 20, 8, 1.67, 1
6422, 25901, 1, 0, 43426, 43426, 17525, 17524, 17525.00, 1
6423, 25902, 8, 0, 43427, 43434, 17532, 17524, 2191.50, 1
6424, 25903, 4, 0, 25904, 25907, 4, 0, 1.00, 1
6425, 25905, 7, 0, 25919, 25925, 20, 13, 2.86, 1
6426, 25906, 4, 0, 25908, 25911, 5, 1, 1.25, 1
6427, 25908, 3, 0, 25912, 25914, 6, 3, 2.00, 1
6428, 25913, 3, 0, 25916, 25918, 5, 2, 1.67, 1
6429, 25914, 1, 0, 25915, 25915, 1, 0, 1.00, 1
6430, 25918, 9, 0, 25984, 25992, 74, 65, 8.22, 1
6431, 25919, 12, 0, 26073, 26084, 165, 153, 13.75, 1
6432, 25922, 8, 0, 25926, 25933, 11, 3, 1.38, 1
6433, 25926, 5, 0, 25946, 25950, 24, 19, 4.80, 1
6434, 25930, 4, 0, 25935, 25938, 8, 4, 2.00, 1
6435, 25932, 1, 0, 25934, 25934, 2, 1, 2.00, 1
6436, 25933, 5, 0, 25956, 25960, 27, 22, 5.40, 1
6437, 25937, 1, 0, 25939, 25939, 2, 1, 2.00, 1
6438, 25938, 5, 0, 25940, 25944, 6, 1, 1.20, 1
6439, 25940, 1, 0, 25945, 25945, 5, 4, 5.00, 1
6440, 25946, 8, 0, 25970, 25977, 31, 23, 3.88, 1
6441, 25949, 3, 0, 25951, 25953, 4, 1, 1.33, 1
6442, 25951, 2, 0, 25954, 25955, 4, 2, 2.00, 1
6443, 25957, 4, 0, 25961, 25964, 7, 3, 1.75, 1
6444, 25958, 5, 0, 25965, 25969, 11, 6, 2.20, 1
6445, 25974, 3, 0, 25981, 25983, 9, 6, 3.00, 1
6446, 25977, 2, 0, 25978, 25979, 2, 0, 1.00, 1
6447, 25979, 1, 0, 25980, 25980, 1, 0, 1.00, 1
6448, 25984, 1, 0, 25993, 25993, 9, 8, 9.00, 1
6449, 25992, 9, 0, 25994, 26002, 10, 1, 1.11, 1
6450, 25995, 2, 0, 26007, 26008, 13, 11, 6.50, 1
6451, 25998, 3, 0, 26009, 26011, 13, 10, 4.33, 1
6452, 26000, 4, 0, 26003, 26006, 6, 2, 1.50, 1
6453, 26010, 2, 0, 26012, 26013, 3, 1, 1.50, 1
6454, 26013, 3, 0, 26014, 26016, 3, 0, 1.00, 1
6455, 26016, 2, 0, 26017, 26018, 2, 0, 1.00, 1
6456, 26018, 7, 0, 26019, 26025, 7, 0, 1.00, 1
6457, 26024, 6, 0, 26026, 26031, 7, 1, 1.17, 1
6458, 26025, 13, 0, 43413, 43425, 17400, 17387, 1338.46, 1
6459, 26028, 11, 0, 26032, 26042, 14, 3, 1.27, 1
6460, 26034, 2, 0, 26048, 26049, 15, 13, 7.50, 1
6461, 26040, 2, 0, 26050, 26051, 11, 9, 5.50, 1
6462, 26042, 3, 0, 26043, 26045, 3, 0, 1.00, 1
6463, 26045, 2, 0, 26046, 26047, 2, 0, 1.00, 1
6464, 26048, 9, 0, 26052, 26060, 12, 3, 1.33, 1
6465, 26052, 4, 0, 26063, 26066, 14, 10, 3.50, 1
6466, 26056, 2, 0, 26061, 26062, 6, 4, 3.00, 1
6467, 26060, 6, 0, 26067, 26072, 12, 6, 2.00, 1
6468, 26076, 8, 0, 43405, 43412, 17336, 17328, 2167.00, 1
6469, 26078, 2, 0, 43399, 43400, 17322, 17320, 8661.00, 1
6470, 26079, 4, 0, 43401, 43404, 17325, 17321, 4331.25, 1
6471, 26081, 1, 0, 26085, 26085, 4, 3, 4.00, 1
6472, 26084, 10, 0, 26086, 26095, 11, 1, 1.10, 1
6473, 26090, 6, 0, 26101, 26106, 16, 10, 2.67, 1
6474, 26095, 5, 0, 26096, 26100, 5, 0, 1.00, 1
6475, 26099, 10, 0, 26277, 26286, 187, 177, 18.70, 1
6476, 26101, 4, 0, 26118, 26121, 20, 16, 5.00, 1
6477, 26102, 7, 0, 26263, 26269, 167, 160, 23.86, 1
6478, 26103, 2, 0, 26107, 26108, 5, 3, 2.50, 1
6479, 26107, 8, 0, 26109, 26116, 9, 1, 1.12, 1
6480, 26112, 1, 0, 26117, 26117, 5, 4, 5.00, 1
6481, 26118, 2, 0, 26123, 26124, 6, 4, 3.00, 1
6482, 26121, 1, 0, 26122, 26122, 1, 0, 1.00, 1
6483, 26123, 3, 0, 26125, 26127, 4, 1, 1.33, 1
6484, 26124, 6, 0, 26128, 26133, 9, 3, 1.50, 1
6485, 26127, 7, 0, 26270, 26276, 149, 142, 21.29, 1
6486, 26130, 2, 0, 26134, 26135, 5, 3, 2.50, 1
6487, 26131, 2, 0, 26136, 26137, 6, 4, 3.00, 1
6488, 26134, 8, 0, 26138, 26145, 11, 3, 1.38, 1
6489, 26136, 19, 0, 26149, 26167, 31, 12, 1.63, 1
6490, 26138, 2, 0, 26146, 26147, 9, 7, 4.50, 1
6491, 26146, 1, 0, 26148, 26148, 2, 1, 2.00, 1
6492, 26151, 8, 0, 26199, 26206, 55, 47, 6.88, 1
6493, 26156, 6, 0, 26177, 26182, 26, 20, 4.33, 1
6494, 26157, 1, 0, 26168, 26168, 11, 10, 11.00, 1
6495, 26165, 3, 0, 26169, 26171, 6, 3, 2.00, 1
6496, 26169, 7, 0, 26192, 26198, 29, 22, 4.14, 1
6497, 26170, 5, 0, 26172, 26176, 6, 1, 1.20, 1
6498, 26180, 2, 0, 26183, 26184, 4, 2, 2.00, 1
6499, 26182, 4, 0, 26188, 26191, 9, 5, 2.25, 1
6500, 26184, 3, 0, 26185, 26187, 3, 0, 1.00, 1
6501, 26198, 16, 0, 26218, 26233, 35, 19, 2.19, 1
6502, 26199, 1, 0, 26216, 26216, 17, 16, 17.00, 1
6503, 26200, 1, 0, 26217, 26217, 17, 16, 17.00, 1
6504, 26201, 8, 0, 26208, 26215, 14, 6, 1.75, 1
6505, 26202, 1, 0, 26207, 26207, 5, 4, 5.00, 1
6506, 26221, 2, 0, 26234, 26235, 14, 12, 7.00, 1
6507, 26232, 5, 0, 26236, 26240, 8, 3, 1.60, 1
6508, 26236, 5, 0, 26241, 26245, 9, 4, 1.80, 1
6509, 26242, 1, 0, 26246, 26246, 4, 3, 4.00, 1
6510, 26244, 6, 0, 26256, 26261, 17, 11, 2.83, 1
6511, 26246, 4, 0, 26247, 26250, 4, 0, 1.00, 1
6512, 26247, 1, 0, 26251, 26251, 4, 3, 4.00, 1
6513, 26248, 4, 0, 26252, 26255, 7, 3, 1.75, 1
6514, 26259, 1, 0, 26262, 26262, 3, 2, 3.00, 1
6515, 26266, 15, 0, 26469, 26483, 217, 202, 14.47, 1
6516, 26278, 6, 0, 26321, 26326, 48, 42, 8.00, 1
6517, 26279, 8, 0, 26352, 26359, 80, 72, 10.00, 1
6518, 26281, 3, 0, 26305, 26307, 26, 23, 8.67, 1
6519, 26282, 8, 0, 26313, 26320, 38, 30, 4.75, 1
6520, 26284, 1, 0, 26287, 26287, 3, 2, 3.00, 1
6521, 26286, 6, 0, 26288, 26293, 7, 1, 1.17, 1
6522, 26291, 1, 0, 26294, 26294, 3, 2, 3.00, 1
6523, 26293, 4, 0, 26301, 26304, 11, 7, 2.75, 1
6524, 26294, 3, 0, 26295, 26297, 3, 0, 1.00, 1
6525, 26297, 3, 0, 26298, 26300, 3, 0, 1.00, 1
6526, 26305, 3, 0, 26310, 26312, 7, 4, 2.33, 1
6527, 26306, 2, 0, 26308, 26309, 3, 1, 1.50, 1
6528, 26321, 1, 0, 26341, 26341, 20, 19, 20.00, 1
6529, 26322, 5, 0, 26343, 26347, 25, 20, 5.00, 1
6530, 26324, 5, 0, 26327, 26331, 7, 2, 1.40, 1
6531, 26325, 6, 0, 26332, 26337, 12, 6, 2.00, 1
6532, 26336, 1, 0, 26338, 26338, 2, 1, 2.00, 1
6533, 26338, 1, 0, 26339, 26339, 1, 0, 1.00, 1
6534, 26339, 1, 0, 26340, 26340, 1, 0, 1.00, 1
6535, 26341, 1, 0, 26342, 26342, 1, 0, 1.00, 1
6536, 26344, 4, 0, 26348, 26351, 7, 3, 1.75, 1
6537, 26352, 13, 0, 26397, 26409, 57, 44, 4.38, 1
6538, 26355, 1, 0, 26360, 26360, 5, 4, 5.00, 1
6539, 26359, 3, 0, 26361, 26363, 4, 1, 1.33, 1
6540, 26361, 9, 0, 26371, 26379, 18, 9, 2.00, 1
6541, 26363, 6, 0, 26364, 26369, 6, 0, 1.00, 1
6542, 26366, 1, 0, 26370, 26370, 4, 3, 4.00, 1
6543, 26377, 6, 0, 26380, 26385, 8, 2, 1.33, 1
6544, 26383, 4, 0, 26388, 26391, 8, 4, 2.00, 1
6545, 26385, 2, 0, 26386, 26387, 2, 0, 1.00, 1
6546, 26387, 14, 0, 26434, 26447, 60, 46, 4.29, 1
6547, 26390, 1, 0, 26392, 26392, 2, 1, 2.00, 1
6548, 26391, 1, 0, 26393, 26393, 2, 1, 2.00, 1
6549, 26393, 3, 0, 26394, 26396, 3, 0, 1.00, 1
6550, 26402, 5, 0, 26410, 26414, 12, 7, 2.40, 1
6551, 26408, 10, 0, 26416, 26425, 17, 7, 1.70, 1
6552, 26414, 1, 0, 26415, 26415, 1, 0, 1.00, 1
6553, 26416, 1, 0, 26427, 26427, 11, 10, 11.00, 1
6554, 26418, 1, 0, 26428, 26428, 10, 9, 10.00, 1
6555, 26424, 1, 0, 26426, 26426, 2, 1, 2.00, 1
6556, 26427, 5, 0, 26429, 26433, 6, 1, 1.20, 1
6557, 26438, 7, 0, 26449, 26455, 17, 10, 2.43, 1
6558, 26439, 1, 0, 26448, 26448, 9, 8, 9.00, 1
6559, 26449, 3, 0, 26457, 26459, 10, 7, 3.33, 1
6560, 26452, 6, 0, 26460, 26465, 13, 7, 2.17, 1
6561, 26455, 1, 0, 26456, 26456, 1, 0, 1.00, 1
6562, 26465, 2, 0, 26466, 26467, 2, 0, 1.00, 1
6563, 26467, 1, 0, 26468, 26468, 1, 0, 1.00, 1
6564, 26474, 5, 0, 43385, 43389, 16915, 16910, 3383.00, 1
6565, 26475, 9, 0, 43390, 43398, 16923, 16914, 1880.33, 1
6566, 26479, 22, 0, 26490, 26511, 32, 10, 1.45, 1
6567, 26481, 6, 0, 26484, 26489, 8, 2, 1.33, 1
6568, 26490, 1, 0, 43381, 43381, 16891, 16890, 16891.00, 1
6569, 26491, 3, 0, 43382, 43384, 16893, 16890, 5631.00, 1
6570, 26493, 4, 0, 43373, 43376, 16883, 16879, 4220.75, 1
6571, 26495, 3, 0, 43370, 43372, 16877, 16874, 5625.67, 1
6572, 26497, 2, 0, 43368, 43369, 16872, 16870, 8436.00, 1
6573, 26499, 4, 0, 43377, 43380, 16881, 16877, 4220.25, 1
6574, 26500, 11, 0, 43357, 43367, 16867, 16856, 1533.36, 1
6575, 26502, 3, 0, 26557, 26559, 57, 54, 19.00, 1
6576, 26504, 7, 0, 43342, 43348, 16844, 16837, 2406.29, 1
6577, 26505, 2, 0, 26512, 26513, 8, 6, 4.00, 1
6578, 26509, 16, 0, 26514, 26529, 20, 4, 1.25, 1
6579, 26521, 1, 0, 26530, 26530, 9, 8, 9.00, 1
6580, 26525, 2, 0, 26531, 26532, 7, 5, 3.50, 1
6581, 26530, 3, 0, 26533, 26535, 5, 2, 1.67, 1
6582, 26535, 6, 0, 26536, 26541, 6, 0, 1.00, 1
6583, 26536, 4, 0, 26542, 26545, 9, 5, 2.25, 1
6584, 26544, 4, 0, 26549, 26552, 8, 4, 2.00, 1
6585, 26545, 1, 0, 26546, 26546, 1, 0, 1.00, 1
6586, 26546, 2, 0, 26547, 26548, 2, 0, 1.00, 1
6587, 26550, 2, 0, 26553, 26554, 4, 2, 2.00, 1
6588, 26554, 2, 0, 26555, 26556, 2, 0, 1.00, 1
6589, 26557, 2, 0, 26560, 26561, 4, 2, 2.00, 1
6590, 26560, 2, 0, 26562, 26563, 3, 1, 1.50, 1
6591, 26561, 8, 0, 43349, 43356, 16795, 16787, 2099.38, 1
6592, 26563, 4, 0, 26564, 26567, 4, 0, 1.00, 1
6593, 26564, 6, 0, 26568, 26573, 9, 3, 1.50, 1
6594, 26568, 16, 0, 43326, 43341, 16773, 16757, 1048.31, 1
6595, 26569, 2, 0, 26574, 26575, 6, 4, 3.00, 1
6596, 26573, 4, 0, 26576, 26579, 6, 2, 1.50, 1
6597, 26579, 6, 0, 26580, 26585, 6, 0, 1.00, 1
6598, 26581, 9, 0, 26592, 26600, 19, 10, 2.11, 1
6599, 26585, 3, 0, 26586, 26588, 3, 0, 1.00, 1
6600, 26587, 1, 0, 26589, 26589, 2, 1, 2.00, 1
6601, 26589, 2, 0, 26590, 26591, 2, 0, 1.00, 1
6602, 26598, 5, 0, 26602, 26606, 8, 3, 1.60, 1
6603, 26600, 1, 0, 26601, 26601, 1, 0, 1.00, 1
6604, 26603, 5, 0, 26608, 26612, 9, 4, 1.80, 1
6605, 26606, 1, 0, 26607, 26607, 1, 0, 1.00, 1
6606, 26607, 13, 0, 43313, 43325, 16718, 16705, 1286.00, 1
6607, 26608, 3, 0, 26614, 26616, 8, 5, 2.67, 1
6608, 26612, 1, 0, 26613, 26613, 1, 0, 1.00, 1
6609, 26616, 3, 0, 26617, 26619, 3, 0, 1.00, 1
6610, 26619, 6, 0, 26620, 26625, 6, 0, 1.00, 1
6611, 26620, 3, 0, 26626, 26628, 8, 5, 2.67, 1
6612, 26624, 7, 0, 43299, 43305, 16681, 16674, 2383.00, 1
6613, 26627, 4, 0, 26629, 26632, 5, 1, 1.25, 1
6614, 26630, 2, 0, 26633, 26634, 4, 2, 2.00, 1
6615, 26632, 7, 0, 43306, 43312, 16680, 16673, 2382.86, 1
6616, 26633, 10, 0, 26635, 26644, 11, 1, 1.10, 1
6617, 26636, 1, 0, 43294, 43294, 16658, 16657, 16658.00, 1
6618, 26638, 4, 0, 43295, 43298, 16660, 16656, 4165.00, 1
6619, 26639, 1, 0, 26645, 26645, 6, 5, 6.00, 1
6620, 26645, 7, 0, 26646, 26652, 7, 0, 1.00, 1
6621, 26651, 1, 0, 26653, 26653, 2, 1, 2.00, 1
6622, 26652, 1, 0, 26654, 26654, 2, 1, 2.00, 1
6623, 26654, 5, 0, 26655, 26659, 5, 0, 1.00, 1
6624, 26658, 11, 0, 26660, 26670, 12, 1, 1.09, 1
6625, 26662, 2, 0, 26671, 26672, 10, 8, 5.00, 1
6626, 26668, 5, 0, 26674, 26678, 10, 5, 2.00, 1
6627, 26672, 1, 0, 26673, 26673, 1, 0, 1.00, 1
6628, 26674, 10, 0, 26680, 26689, 15, 5, 1.50, 1
6629, 26676, 1, 0, 26679, 26679, 3, 2, 3.00, 1
6630, 26685, 1, 0, 26695, 26695, 10, 9, 10.00, 1
6631, 26687, 6, 0, 26696, 26701, 14, 8, 2.33, 1
6632, 26688, 3, 0, 26690, 26692, 4, 1, 1.33, 1
6633, 26691, 2, 0, 26693, 26694, 3, 1, 1.50, 1
6634, 26696, 1, 0, 26702, 26702, 6, 5, 6.00, 1
6635, 26698, 4, 0, 26703, 26706, 8, 4, 2.00, 1
6636, 26704, 7, 0, 26707, 26713, 9, 2, 1.29, 1
6637, 26708, 5, 0, 26715, 26719, 11, 6, 2.20, 1
6638, 26713, 1, 0, 26714, 26714, 1, 0, 1.00, 1
6639, 26715, 10, 0, 26720, 26729, 14, 4, 1.40, 1
6640, 26717, 14, 0, 26736, 26749, 32, 18, 2.29, 1
6641, 26722, 6, 0, 26730, 26735, 13, 7, 2.17, 1
6642, 26726, 16, 0, 43278, 43293, 16567, 16551, 1035.44, 1
6643, 26737, 7, 0, 43264, 43270, 16533, 16526, 2361.86, 1
6644, 26742, 7, 0, 43271, 43277, 16535, 16528, 2362.14, 1
6645, 26746, 1, 0, 26750, 26750, 4, 3, 4.00, 1
6646, 26748, 11, 0, 26751, 26761, 13, 2, 1.18, 1
6647, 26753, 7, 0, 26768, 26774, 21, 14, 3.00, 1
6648, 26758, 25, 0, 26789, 26813, 55, 30, 2.20, 1
6649, 26761, 6, 0, 26762, 26767, 6, 0, 1.00, 1
6650, 26773, 5, 0, 26775, 26779, 6, 1, 1.20, 1
6651, 26775, 1, 0, 26780, 26780, 5, 4, 5.00, 1
6652, 26780, 4, 0, 26781, 26784, 4, 0, 1.00, 1
6653, 26781, 1, 0, 26785, 26785, 4, 3, 4.00, 1
6654, 26783, 2, 0, 26787, 26788, 5, 3, 2.50, 1
6655, 26785, 1, 0, 26786, 26786, 1, 0, 1.00, 1
6656, 26790, 7, 0, 26920, 26926, 136, 129, 19.43, 1
6657, 26794, 12, 0, 43232, 43243, 16449, 16437, 1370.75, 1
6658, 26797, 4, 0, 26866, 26869, 72, 68, 18.00, 1
6659, 26801, 2, 0, 26844, 26845, 44, 42, 22.00, 1
6660, 26806, 3, 0, 26846, 26848, 42, 39, 14.00, 1
6661, 26809, 2, 0, 26814, 26815, 6, 4, 3.00, 1
6662, 26811, 2, 0, 26816, 26817, 6, 4, 3.00, 1
6663, 26817, 8, 0, 26818, 26825, 8, 0, 1.00, 1
6664, 26819, 4, 0, 26829, 26832, 13, 9, 3.25, 1
6665, 26824, 1, 0, 26826, 26826, 2, 1, 2.00, 1
6666, 26825, 2, 0, 26827, 26828, 3, 1, 1.50, 1
6667, 26830, 5, 0, 26833, 26837, 7, 2, 1.40, 1
6668, 26833, 4, 0, 26840, 26843, 10, 6, 2.50, 1
6669, 26835, 2, 0, 26838, 26839, 4, 2, 2.00, 1
6670, 26844, 5, 0, 26870, 26874, 30, 25, 6.00, 1
6671, 26846, 9, 0, 26850, 26858, 12, 3, 1.33, 1
6672, 26848, 1, 0, 26849, 26849, 1, 0, 1.00, 1
6673, 26857, 7, 0, 26859, 26865, 8, 1, 1.14, 1
6674, 26867, 21, 0, 26875, 26895, 28, 7, 1.33, 1
6675, 26876, 3, 0, 26896, 26898, 22, 19, 7.33, 1
6676, 26879, 4, 0, 26899, 26902, 23, 19, 5.75, 1
6677, 26898, 12, 0, 26903, 26914, 16, 4, 1.33, 1
6678, 26905, 2, 0, 26915, 26916, 11, 9, 5.50, 1
6679, 26915, 3, 0, 26917, 26919, 4, 1, 1.33, 1
6680, 26920, 9, 0, 26933, 26941, 21, 12, 2.33, 1
6681, 26921, 20, 0, 43244, 43263, 16342, 16322, 817.10, 1
6682, 26924, 6, 0, 26927, 26932, 8, 2, 1.33, 1
6683, 26935, 1, 0, 26949, 26949, 14, 13, 14.00, 1
6684, 26940, 6, 0, 26950, 26955, 15, 9, 2.50, 1
6685, 26941, 6, 0, 26942, 26947, 6, 0, 1.00, 1
6686, 26947, 1, 0, 26948, 26948, 1, 0, 1.00, 1
6687, 26950, 5, 0, 26956, 26960, 10, 5, 2.00, 1
6688, 26951, 7, 0, 27142, 27148, 197, 190, 28.14, 1
6689, 26957, 2, 0, 27127, 27128, 171, 169, 85.50, 1
6690, 26959, 1, 0, 26961, 26961, 2, 1, 2.00, 1
6691, 26960, 3, 0, 27129, 27131, 171, 168, 57.00, 1
6692, 26961, 10, 0, 26962, 26971, 10, 0, 1.00, 1
6693, 26965, 2, 0, 26972, 26973, 8, 6, 4.00, 1
6694, 26967, 2, 0, 26974, 26975, 8, 6, 4.00, 1
6695, 26974, 4, 0, 26976, 26979, 5, 1, 1.25, 1
6696, 26976, 1, 0, 26980, 26980, 4, 3, 4.00, 1
6697, 26979, 7, 0, 26981, 26987, 8, 1, 1.14, 1
6698, 26982, 11, 0, 26999, 27009, 27, 16, 2.45, 1
6699, 26983, 1, 0, 26988, 26988, 5, 4, 5.00, 1
6700, 26986, 5, 0, 26989, 26993, 7, 2, 1.40, 1
6701, 26989, 2, 0, 26995, 26996, 7, 5, 3.50, 1
6702, 26990, 1, 0, 26994, 26994, 4, 3, 4.00, 1
6703, 26995, 2, 0, 26997, 26998, 3, 1, 1.50, 1
6704, 27001, 7, 0, 27013, 27019, 18, 11, 2.57, 1
6705, 27004, 14, 0, 27023, 27036, 32, 18, 2.29, 1
6706, 27005, 2, 0, 27011, 27012, 7, 5, 3.50, 1
6707, 27009, 1, 0, 27010, 27010, 1, 0, 1.00, 1
6708, 27013, 2, 0, 27021, 27022, 9, 7, 4.50, 1
6709, 27015, 1, 0, 27020, 27020, 5, 4, 5.00, 1
6710, 27023, 5, 0, 27049, 27053, 30, 25, 6.00, 1
6711, 27026, 2, 0, 27039, 27040, 14, 12, 7.00, 1
6712, 27029, 1, 0, 27038, 27038, 9, 8, 9.00, 1
6713, 27032, 6, 0, 27059, 27064, 32, 26, 5.33, 1
6714, 27036, 1, 0, 27037, 27037, 1, 0, 1.00, 1
6715, 27039, 3, 0, 27041, 27043, 4, 1, 1.33, 1
6716, 27041, 3, 0, 27044, 27046, 5, 2, 1.67, 1
6717, 27044, 1, 0, 27047, 27047, 3, 2, 3.00, 1
6718, 27046, 1, 0, 27048, 27048, 2, 1, 2.00, 1
6719, 27050, 3, 0, 27054, 27056, 6, 3, 2.00, 1
6720, 27054, 2, 0, 27057, 27058, 4, 2, 2.00, 1
6721, 27055, 6, 0, 27066, 27071, 16, 10, 2.67, 1
6722, 27063, 1, 0, 27065, 27065, 2, 1, 2.00, 1
6723, 27071, 3, 0, 27072, 27074, 3, 0, 1.00, 1
6724, 27073, 2, 0, 27075, 27076, 3, 1, 1.50, 1
6725, 27075, 2, 0, 27077, 27078, 3, 1, 1.50, 1
6726, 27077, 1, 0, 27079, 27079, 2, 1, 2.00, 1
6727, 27079, 5, 0, 27080, 27084, 5, 0, 1.00, 1
6728, 27082, 3, 0, 27085, 27087, 5, 2, 1.67, 1
6729, 27084, 4, 0, 27088, 27091, 7, 3, 1.75, 1
6730, 27089, 8, 0, 27092, 27099, 10, 2, 1.25, 1
6731, 27096, 3, 0, 27100, 27102, 6, 3, 2.00, 1
6732, 27100, 2, 0, 27105, 27106, 6, 4, 3.00, 1
6733, 27101, 1, 0, 27103, 27103, 2, 1, 2.00, 1
6734, 27103, 1, 0, 27104, 27104, 1, 0, 1.00, 1
6735, 27104, 4, 0, 27107, 27110, 6, 2, 1.50, 1
6736, 27107, 7, 0, 27111, 27117, 10, 3, 1.43, 1
6737, 27112, 1, 0, 27118, 27118, 6, 5, 6.00, 1
6738, 27115, 6, 0, 27119, 27124, 9, 3, 1.50, 1
6739, 27120, 1, 0, 27125, 27125, 5, 4, 5.00, 1
6740, 27121, 1, 0, 27126, 27126, 5, 4, 5.00, 1
6741, 27127, 6, 0, 27132, 27137, 10, 4, 1.67, 1
6742, 27135, 1, 0, 27138, 27138, 3, 2, 3.00, 1
6743, 27137, 3, 0, 27139, 27141, 4, 1, 1.33, 1
6744, 27141, 7, 0, 27154, 27160, 19, 12, 2.71, 1
6745, 27146, 5, 0, 27149, 27153, 7, 2, 1.40, 1
6746, 27147, 9, 0, 27161, 27169, 22, 13, 2.44, 1
6747, 27159, 12, 0, 43220, 43231, 16072, 16060, 1339.33, 1
6748, 27169, 9, 0, 27170, 27178, 9, 0, 1.00, 1
6749, 27173, 1, 0, 27179, 27179, 6, 5, 6.00, 1
6750, 27176, 8, 0, 27180, 27187, 11, 3, 1.38, 1
6751, 27181, 8, 0, 43212, 43219, 16038, 16030, 2004.75, 1
6752, 27182, 5, 0, 27191, 27195, 13, 8, 2.60, 1
6753, 27187, 3, 0, 27188, 27190, 3, 0, 1.00, 1
6754, 27192, 4, 0, 43204, 43207, 16015, 16011, 4003.75, 1
6755, 27195, 2, 0, 27196, 27197, 2, 0, 1.00, 1
6756, 27196, 4, 0, 43208, 43211, 16015, 16011, 4003.75, 1
6757, 27197, 18, 0, 27198, 27215, 18, 0, 1.00, 1
6758, 27199, 8, 0, 43196, 43203, 16004, 15996, 2000.50, 1
6759, 27202, 1, 0, 43194, 43194, 15992, 15991, 15992.00, 1
6760, 27206, 1, 0, 43195, 43195, 15989, 15988, 15989.00, 1
6761, 27210, 4, 0, 27226, 27229, 19, 15, 4.75, 1
6762, 27212, 7, 0, 43180, 43186, 15974, 15967, 2282.00, 1
6763, 27214, 5, 0, 27216, 27220, 6, 1, 1.20, 1
6764, 27219, 3, 0, 27221, 27223, 4, 1, 1.33, 1
6765, 27223, 1, 0, 27224, 27224, 1, 0, 1.00, 1
6766, 27224, 1, 0, 27225, 27225, 1, 0, 1.00, 1
6767, 27226, 7, 0, 43187, 43193, 15967, 15960, 2281.00, 1
6768, 27227, 7, 0, 27230, 27236, 9, 2, 1.29, 1
6769, 27228, 13, 0, 43167, 43179, 15951, 15938, 1227.00, 1
6770, 27232, 4, 0, 27237, 27240, 8, 4, 2.00, 1
6771, 27234, 11, 0, 43144, 43154, 15920, 15909, 1447.27, 1
6772, 27237, 3, 0, 27319, 27321, 84, 81, 28.00, 1
6773, 27239, 5, 0, 27322, 27326, 87, 82, 17.40, 1
6774, 27240, 2, 0, 27241, 27242, 2, 0, 1.00, 1
6775, 27241, 1, 0, 27243, 27243, 2, 1, 2.00, 1
6776, 27243, 4, 0, 27244, 27247, 4, 0, 1.00, 1
6777, 27245, 2, 0, 27248, 27249, 4, 2, 2.00, 1
6778, 27248, 13, 0, 27250, 27262, 14, 1, 1.08, 1
6779, 27250, 1, 0, 27303, 27303, 53, 52, 53.00, 1
6780, 27252, 2, 0, 27304, 27305, 53, 51, 26.50, 1
6781, 27254, 1, 0, 27297, 27297, 43, 42, 43.00, 1
6782, 27258, 4, 0, 27299, 27302, 44, 40, 11.00, 1
6783, 27259, 11, 0, 27263, 27273, 14, 3, 1.27, 1
6784, 27266, 1, 0, 27290, 27290, 24, 23, 24.00, 1
6785, 27268, 1, 0, 27291, 27291, 23, 22, 23.00, 1
6786, 27271, 11, 0, 27274, 27284, 13, 2, 1.18, 1
6787, 27278, 4, 0, 27285, 27288, 10, 6, 2.50, 1
6788, 27287, 1, 0, 27289, 27289, 2, 1, 2.00, 1
6789, 27291, 5, 0, 27292, 27296, 5, 0, 1.00, 1
6790, 27297, 1, 0, 27298, 27298, 1, 0, 1.00, 1
6791, 27304, 8, 0, 27306, 27313, 9, 1, 1.12, 1
6792, 27306, 2, 0, 27314, 27315, 9, 7, 4.50, 1
6793, 27313, 3, 0, 27316, 27318, 5, 2, 1.67, 1
6794, 27323, 1, 0, 27327, 27327, 4, 3, 4.00, 1
6795, 27326, 12, 0, 43155, 43166, 15840, 15828, 1320.00, 1
6796, 27327, 7, 0, 27328, 27334, 7, 0, 1.00, 1
6797, 27328, 10, 0, 27337, 27346, 18, 8, 1.80, 1
6798, 27332, 2, 0, 27335, 27336, 4, 2, 2.00, 1
6799, 27335, 17, 0, 43110, 43126, 15791, 15774, 928.88, 1
6800, 27339, 3, 0, 27379, 27381, 42, 39, 14.00, 1
6801, 27340, 3, 0, 27621, 27623, 283, 280, 94.33, 1
6802, 27344, 3, 0, 27348, 27350, 6, 3, 2.00, 1
6803, 27345, 1, 0, 27347, 27347, 2, 1, 2.00, 1
6804, 27350, 5, 0, 27351, 27355, 5, 0, 1.00, 1
6805, 27351, 5, 0, 27356, 27360, 9, 4, 1.80, 1
6806, 27359, 2, 0, 27361, 27362, 3, 1, 1.50, 1
6807, 27362, 7, 0, 27363, 27369, 7, 0, 1.00, 1
6808, 27365, 7, 0, 27372, 27378, 13, 6, 1.86, 1
6809, 27366, 2, 0, 27370, 27371, 5, 3, 2.50, 1
6810, 27380, 17, 0, 43127, 43143, 15763, 15746, 927.24, 1
6811, 27381, 3, 0, 27382, 27384, 3, 0, 1.00, 1
6812, 27382, 16, 0, 27394, 27409, 27, 11, 1.69, 1
6813, 27384, 9, 0, 27385, 27393, 9, 0, 1.00, 1
6814, 27395, 1, 0, 27606, 27606, 211, 210, 211.00, 1
6815, 27400, 4, 0, 27607, 27610, 210, 206, 52.50, 1
6816, 27402, 6, 0, 27413, 27418, 16, 10, 2.67, 1
6817, 27403, 1, 0, 27410, 27410, 7, 6, 7.00, 1
6818, 27409, 2, 0, 27411, 27412, 3, 1, 1.50, 1
6819, 27414, 8, 0, 27422, 27429, 15, 7, 1.88, 1
6820, 27416, 3, 0, 27419, 27421, 5, 2, 1.67, 1
6821, 27423, 5, 0, 27534, 27538, 115, 110, 23.00, 1
6822, 27425, 3, 0, 27511, 27513, 88, 85, 29.33, 1
6823, 27426, 4, 0, 27519, 27522, 96, 92, 24.00, 1
6824, 27427, 12, 0, 27490, 27501, 74, 62, 6.17, 1
6825, 27429, 4, 0, 27430, 27433, 4, 0, 1.00, 1
6826, 27430, 2, 0, 27434, 27435, 5, 3, 2.50, 1
6827, 27431, 8, 0, 27436, 27443, 12, 4, 1.50, 1
6828, 27437, 5, 0, 27444, 27448, 11, 6, 2.20, 1
6829, 27439, 11, 0, 27449, 27459, 20, 9, 1.82, 1
6830, 27449, 2, 0, 27480, 27481, 32, 30, 16.00, 1
6831, 27453, 8, 0, 27482, 27489, 36, 28, 4.50, 1
6832, 27458, 6, 0, 27460, 27465, 7, 1, 1.17, 1
6833, 27463, 1, 0, 27466, 27466, 3, 2, 3.00, 1
6834, 27465, 3, 0, 27467, 27469, 4, 1, 1.33, 1
6835, 27469, 6, 0, 27470, 27475, 6, 0, 1.00, 1
6836, 27473, 4, 0, 27476, 27479, 6, 2, 1.50, 1
6837, 27492, 4, 0, 27502, 27505, 13, 9, 3.25, 1
6838, 27497, 5, 0, 27506, 27510, 13, 8, 2.60, 1
6839, 27512, 3, 0, 27514, 27516, 4, 1, 1.33, 1
6840, 27514, 2, 0, 27517, 27518, 4, 2, 2.00, 1
6841, 27518, 11, 0, 27561, 27571, 53, 42, 4.82, 1
6842, 27520, 11, 0, 27523, 27533, 13, 2, 1.18, 1
6843, 27534, 7, 0, 27539, 27545, 11, 4, 1.57, 1
6844, 27539, 3, 0, 27548, 27550, 11, 8, 3.67, 1
6845, 27540, 20, 0, 27580, 27599, 59, 39, 2.95, 1
6846, 27541, 1, 0, 27546, 27546, 5, 4, 5.00, 1
6847, 27546, 1, 0, 27547, 27547, 1, 0, 1.00, 1
6848, 27548, 2, 0, 27556, 27557, 9, 7, 4.50, 1
6849, 27549, 3, 0, 27558, 27560, 11, 8, 3.67, 1
6850, 27550, 5, 0, 27551, 27555, 5, 0, 1.00, 1
6851, 27568, 7, 0, 27572, 27578, 10, 3, 1.43, 1
6852, 27572, 1, 0, 27579, 27579, 7, 6, 7.00, 1
6853, 27580, 1, 0, 27604, 27604, 24, 23, 24.00, 1
6854, 27581, 1, 0, 27605, 27605, 24, 23, 24.00, 1
6855, 27583, 2, 0, 27602, 27603, 20, 18, 10.00, 1
6856, 27593, 1, 0, 27600, 27600, 7, 6, 7.00, 1
6857, 27600, 1, 0, 27601, 27601, 1, 0, 1.00, 1
6858, 27610, 8, 0, 27611, 27618, 8, 0, 1.00, 1
6859, 27617, 2, 0, 27619, 27620, 3, 1, 1.50, 1
6860, 27621, 12, 0, 27627, 27638, 17, 5, 1.42, 1
6861, 27623, 3, 0, 27624, 27626, 3, 0, 1.00, 1
6862, 27630, 3, 0, 27639, 27641, 11, 8, 3.67, 1
6863, 27634, 17, 0, 27746, 27762, 128, 111, 7.53, 1
6864, 27640, 7, 0, 27642, 27648, 8, 1, 1.14, 1
6865, 27643, 2, 0, 27739, 27740, 97, 95, 48.50, 1
6866, 27645, 2, 0, 27741, 27742, 97, 95, 48.50, 1
6867, 27647, 13, 0, 27649, 27661, 14, 1, 1.08, 1
6868, 27655, 5, 0, 27665, 27669, 14, 9, 2.80, 1
6869, 27658, 2, 0, 27663, 27664, 6, 4, 3.00, 1
6870, 27660, 1, 0, 27662, 27662, 2, 1, 2.00, 1
6871, 27665, 2, 0, 27733, 27734, 69, 67, 34.50, 1
6872, 27667, 4, 0, 27735, 27738, 71, 67, 17.75, 1
6873, 27669, 6, 0, 27670, 27675, 6, 0, 1.00, 1
6874, 27674, 12, 0, 27676, 27687, 13, 1, 1.08, 1
6875, 27678, 9, 0, 27691, 27699, 21, 12, 2.33, 1
6876, 27683, 1, 0, 27688, 27688, 5, 4, 5.00, 1
6877, 27688, 2, 0, 27689, 27690, 2, 0, 1.00, 1
6878, 27695, 6, 0, 27700, 27705, 10, 4, 1.67, 1
6879, 27704, 7, 0, 27707, 27713, 9, 2, 1.29, 1
6880, 27705, 1, 0, 27706, 27706, 1, 0, 1.00, 1
6881, 27709, 6, 0, 27715, 27720, 11, 5, 1.83, 1
6882, 27710, 1, 0, 27714, 27714, 4, 3, 4.00, 1
6883, 27716, 1, 0, 27721, 27721, 5, 4, 5.00, 1
6884, 27718, 1, 0, 27722, 27722, 4, 3, 4.00, 1
6885, 27721, 2, 0, 27723, 27724, 3, 1, 1.50, 1
6886, 27724, 3, 0, 27725, 27727, 3, 0, 1.00, 1
6887, 27725, 1, 0, 27728, 27728, 3, 2, 3.00, 1
6888, 27726, 1, 0, 27729, 27729, 3, 2, 3.00, 1
6889, 27728, 3, 0, 27730, 27732, 4, 1, 1.33, 1
6890, 27739, 2, 0, 27744, 27745, 6, 4, 3.00, 1
6891, 27741, 1, 0, 27743, 27743, 2, 1, 2.00, 1
6892, 27747, 9, 0, 43088, 43096, 15349, 15340, 1705.44, 1
6893, 27752, 3, 0, 27764, 27766, 14, 11, 4.67, 1
6894, 27760, 1, 0, 27763, 27763, 3, 2, 3.00, 1
6895, 27765, 5, 0, 27767, 27771, 6, 1, 1.20, 1
6896, 27767, 13, 0, 43097, 43109, 15342, 15329, 1180.15, 1
6897, 27771, 4, 0, 27772, 27775, 4, 0, 1.00, 1
6898, 27775, 2, 0, 27776, 27777, 2, 0, 1.00, 1
6899, 27776, 3, 0, 27782, 27784, 8, 5, 2.67, 1
6900, 27777, 2, 0, 27778, 27779, 2, 0, 1.00, 1
6901, 27779, 2, 0, 27780, 27781, 2, 0, 1.00, 1
6902, 27780, 4, 0, 27786, 27789, 9, 5, 2.25, 1
6903, 27784, 1, 0, 27785, 27785, 1, 0, 1.00, 1
6904, 27786, 14, 0, 27791, 27804, 18, 4, 1.29, 1
6905, 27787, 1, 0, 27790, 27790, 3, 2, 3.00, 1
6906, 27795, 6, 0, 43082, 43087, 15292, 15286, 2548.67, 1
6907, 27797, 5, 0, 43077, 43081, 15284, 15279, 3056.80, 1
6908, 27798, 1, 0, 43072, 43072, 15274, 15273, 15274.00, 1
6909, 27801, 4, 0, 43073, 43076, 15275, 15271, 3818.75, 1
6910, 27802, 1, 0, 27805, 27805, 3, 2, 3.00, 1
6911, 27803, 1, 0, 27806, 27806, 3, 2, 3.00, 1
6912, 27806, 3, 0, 27807, 27809, 3, 0, 1.00, 1
6913, 27808, 6, 0, 27810, 27815, 7, 1, 1.17, 1
6914, 27810, 2, 0, 43063, 43064, 15254, 15252, 7627.00, 1
6915, 27811, 7, 0, 43065, 43071, 15260, 15253, 2180.00, 1
6916, 27813, 4, 0, 27816, 27819, 6, 2, 1.50, 1
6917, 27816, 4, 0, 27821, 27824, 8, 4, 2.00, 1
6918, 27817, 1, 0, 27820, 27820, 3, 2, 3.00, 1
6919, 27821, 8, 0, 27837, 27844, 23, 15, 2.88, 1
6920, 27822, 1, 0, 27830, 27830, 8, 7, 8.00, 1
6921, 27823, 4, 0, 27831, 27834, 11, 7, 2.75, 1
6922, 27824, 3, 0, 27825, 27827, 3, 0, 1.00, 1
6923, 27825, 2, 0, 27828, 27829, 4, 2, 2.00, 1
6924, 27831, 2, 0, 27835, 27836, 5, 3, 2.50, 1
6925, 27837, 8, 0, 27846, 27853, 16, 8, 2.00, 1
6926, 27842, 1, 0, 27845, 27845, 3, 2, 3.00, 1
6927, 27846, 1, 0, 43061, 43061, 15215, 15214, 15215.00, 1
6928, 27847, 1, 0, 43062, 43062, 15215, 15214, 15215.00, 1
6929, 27850, 6, 0, 27856, 27861, 11, 5, 1.83, 1
6930, 27851, 10, 0, 27862, 27871, 20, 10, 2.00, 1
6931, 27853, 2, 0, 27854, 27855, 2, 0, 1.00, 1
6932, 27861, 15, 0, 27930, 27944, 83, 68, 5.53, 1
6933, 27864, 3, 0, 27874, 27876, 12, 9, 4.00, 1
6934, 27866, 1, 0, 27872, 27872, 6, 5, 6.00, 1
6935, 27872, 1, 0, 27873, 27873, 1, 0, 1.00, 1
6936, 27874, 12, 0, 27880, 27891, 17, 5, 1.42, 1
6937, 27875, 3, 0, 27877, 27879, 4, 1, 1.33, 1
6938, 27887, 9, 0, 27892, 27900, 13, 4, 1.44, 1
6939, 27896, 2, 0, 27901, 27902, 6, 4, 3.00, 1
6940, 27898, 9, 0, 27904, 27912, 14, 5, 1.56, 1
6941, 27902, 1, 0, 27903, 27903, 1, 0, 1.00, 1
6942, 27908, 4, 0, 27915, 27918, 10, 6, 2.50, 1
6943, 27911, 2, 0, 27913, 27914, 3, 1, 1.50, 1
6944, 27912, 8, 0, 27919, 27926, 14, 6, 1.75, 1
6945, 27924, 2, 0, 27928, 27929, 5, 3, 2.50, 1
6946, 27926, 1, 0, 27927, 27927, 1, 0, 1.00, 1
6947, 27931, 2, 0, 27945, 27946, 15, 13, 7.50, 1
6948, 27936, 3, 0, 27947, 27949, 13, 10, 4.33, 1
6949, 27947, 9, 0, 27950, 27958, 11, 2, 1.22, 1
6950, 27951, 14, 0, 43032, 43045, 15094, 15080, 1078.14, 1
6951, 27953, 5, 0, 27963, 27967, 14, 9, 2.80, 1
6952, 27955, 10, 0, 27975, 27984, 29, 19, 2.90, 1
6953, 27957, 4, 0, 27959, 27962, 5, 1, 1.25, 1
6954, 27963, 2, 0, 27968, 27969, 6, 4, 3.00, 1
6955, 27964, 5, 0, 27970, 27974, 10, 5, 2.00, 1
6956, 27977, 8, 0, 28093, 28100, 123, 115, 15.38, 1
6957, 27979, 8, 0, 43024, 43031, 15052, 15044, 1881.50, 1
6958, 27980, 15, 0, 27986, 28000, 20, 5, 1.33, 1
6959, 27984, 1, 0, 27985, 27985, 1, 0, 1.00, 1
6960, 27995, 7, 0, 28010, 28016, 21, 14, 3.00, 1
6961, 27996, 5, 0, 28005, 28009, 13, 8, 2.60, 1
6962, 27998, 3, 0, 28001, 28003, 5, 2, 1.67, 1
6963, 28003, 1, 0, 28004, 28004, 1, 0, 1.00, 1
6964, 28006, 10, 0, 28019, 28028, 22, 12, 2.20, 1
6965, 28010, 2, 0, 28017, 28018, 8, 6, 4.00, 1
6966, 28021, 4, 0, 28081, 28084, 63, 59, 15.75, 1
6967, 28023, 8, 0, 28085, 28092, 69, 61, 8.62, 1
6968, 28024, 6, 0, 28029, 28034, 10, 4, 1.67, 1
6969, 28026, 11, 0, 28036, 28046, 20, 9, 1.82, 1
6970, 28030, 16, 0, 28049, 28064, 34, 18, 2.12, 1
6971, 28032, 1, 0, 28035, 28035, 3, 2, 3.00, 1
6972, 28046, 2, 0, 28047, 28048, 2, 0, 1.00, 1
6973, 28062, 4, 0, 28065, 28068, 6, 2, 1.50, 1
6974, 28063, 5, 0, 28076, 28080, 17, 12, 3.40, 1
6975, 28068, 2, 0, 28069, 28070, 2, 0, 1.00, 1
6976, 28070, 3, 0, 28071, 28073, 3, 0, 1.00, 1
6977, 28071, 2, 0, 28074, 28075, 4, 2, 2.00, 1
6978, 28093, 4, 0, 28101, 28104, 11, 7, 2.75, 1
6979, 28096, 15, 0, 43046, 43060, 14964, 14949, 997.60, 1
6980, 28101, 3, 0, 28105, 28107, 6, 3, 2.00, 1
6981, 28107, 1, 0, 28108, 28108, 1, 0, 1.00, 1
6982, 28108, 2, 0, 28109, 28110, 2, 0, 1.00, 1
6983, 28109, 22, 0, 28111, 28132, 23, 1, 1.05, 1
6984, 28111, 1, 0, 43016, 43016, 14905, 14904, 14905.00, 1
6985, 28113, 7, 0, 43017, 43023, 14910, 14903, 2130.00, 1
6986, 28115, 13, 0, 43003, 43015, 14900, 14887, 1146.15, 1
6987, 28117, 7, 0, 42989, 42995, 14878, 14871, 2125.43, 1
6988, 28123, 1, 0, 42988, 42988, 14865, 14864, 14865.00, 1
6989, 28128, 7, 0, 42996, 43002, 14874, 14867, 2124.86, 1
6990, 28130, 1, 0, 28133, 28133, 3, 2, 3.00, 1
6991, 28131, 10, 0, 28134, 28143, 12, 2, 1.20, 1
6992, 28140, 3, 0, 28144, 28146, 6, 3, 2.00, 1
6993, 28142, 7, 0, 28147, 28153, 11, 4, 1.57, 1
6994, 28148, 19, 0, 42969, 42987, 14839, 14820, 781.00, 1
6995, 28149, 15, 0, 28154, 28168, 19, 4, 1.27, 1
6996, 28157, 2, 0, 28169, 28170, 13, 11, 6.50, 1
6997, 28167, 2, 0, 28171, 28172, 5, 3, 2.50, 1
6998, 28170, 12, 0, 28173, 28184, 14, 2, 1.17, 1
6999, 28174, 12, 0, 28208, 28219, 45, 33, 3.75, 1
7000, 28177, 1, 0, 28204, 28204, 27, 26, 27.00, 1
7001, 28178, 3, 0, 28205, 28207, 29, 26, 9.67, 1
7002, 28180, 6, 0, 28198, 28203, 23, 17, 3.83, 1
7003, 28181, 1, 0, 28190, 28190, 9, 8, 9.00, 1
7004, 28183, 1, 0, 28191, 28191, 8, 7, 8.00, 1
7005, 28184, 5, 0, 28185, 28189, 5, 0, 1.00, 1
7006, 28190, 3, 0, 28192, 28194, 4, 1, 1.33, 1
7007, 28193, 3, 0, 28195, 28197, 4, 1, 1.33, 1
7008, 28205, 14, 0, 28222, 28235, 30, 16, 2.14, 1
7009, 28213, 1, 0, 28220, 28220, 7, 6, 7.00, 1
7010, 28219, 1, 0, 28221, 28221, 2, 1, 2.00, 1
7011, 28223, 4, 0, 42965, 42968, 14745, 14741, 3686.25, 1
7012, 28226, 1, 0, 42961, 42961, 14735, 14734, 14735.00, 1
7013, 28229, 3, 0, 42962, 42964, 14735, 14732, 4911.67, 1
7014, 28235, 15, 0, 28236, 28250, 15, 0, 1.00, 1
7015, 28237, 3, 0, 42949, 42951, 14714, 14711, 4904.67, 1
7016, 28243, 9, 0, 42952, 42960, 14717, 14708, 1635.22, 1
7017, 28250, 15, 0, 28251, 28265, 15, 0, 1.00, 1
7018, 28252, 6, 0, 42943, 42948, 14696, 14690, 2449.33, 1
7019, 28256, 3, 0, 42936, 42938, 14682, 14679, 4894.00, 1
7020, 28257, 1, 0, 42935, 42935, 14678, 14677, 14678.00, 1
7021, 28260, 4, 0, 42939, 42942, 14682, 14678, 3670.50, 1
7022, 28262, 3, 0, 28266, 28268, 6, 3, 2.00, 1
7023, 28266, 4, 0, 28269, 28272, 6, 2, 1.50, 1
7024, 28272, 7, 0, 28273, 28279, 7, 0, 1.00, 1
7025, 28275, 5, 0, 28281, 28285, 10, 5, 2.00, 1
7026, 28276, 6, 0, 28293, 28298, 22, 16, 3.67, 1
7027, 28278, 1, 0, 28280, 28280, 2, 1, 2.00, 1
7028, 28283, 3, 0, 28286, 28288, 5, 2, 1.67, 1
7029, 28285, 4, 0, 28289, 28292, 7, 3, 1.75, 1
7030, 28293, 2, 0, 28299, 28300, 7, 5, 3.50, 1
7031, 28299, 2, 0, 28301, 28302, 3, 1, 1.50, 1
7032, 28301, 25, 0, 28304, 28328, 27, 2, 1.08, 1
7033, 28302, 1, 0, 28303, 28303, 1, 0, 1.00, 1
7034, 28307, 5, 0, 28346, 28350, 43, 38, 8.60, 1
7035, 28309, 6, 0, 42929, 42934, 14625, 14619, 2437.50, 1
7036, 28312, 7, 0, 28334, 28340, 28, 21, 4.00, 1
7037, 28313, 5, 0, 28329, 28333, 20, 15, 4.00, 1
7038, 28336, 1, 0, 28343, 28343, 7, 6, 7.00, 1
7039, 28337, 2, 0, 28344, 28345, 8, 6, 4.00, 1
7040, 28339, 2, 0, 28341, 28342, 3, 1, 1.50, 1
7041, 28347, 1, 0, 42925, 42925, 14578, 14577, 14578.00, 1
7042, 28348, 3, 0, 42926, 42928, 14580, 14577, 4860.00, 1
7043, 28349, 3, 0, 28351, 28353, 4, 1, 1.33, 1
7044, 28353, 4, 0, 28354, 28357, 4, 0, 1.00, 1
7045, 28354, 19, 0, 28358, 28376, 22, 3, 1.16, 1
7046, 28360, 2, 0, 28438, 28439, 79, 77, 39.50, 1
7047, 28363, 4, 0, 28440, 28443, 80, 76, 20.00, 1
7048, 28367, 4, 0, 28407, 28410, 43, 39, 10.75, 1
7049, 28368, 3, 0, 28379, 28381, 13, 10, 4.33, 1
7050, 28370, 1, 0, 28378, 28378, 8, 7, 8.00, 1
7051, 28372, 9, 0, 28411, 28419, 47, 38, 5.22, 1
7052, 28373, 1, 0, 28377, 28377, 4, 3, 4.00, 1
7053, 28379, 1, 0, 28382, 28382, 3, 2, 3.00, 1
7054, 28381, 1, 0, 28383, 28383, 2, 1, 2.00, 1
7055, 28382, 16, 0, 28384, 28399, 17, 1, 1.06, 1
7056, 28385, 5, 0, 28402, 28406, 21, 16, 4.20, 1
7057, 28390, 2, 0, 28400, 28401, 11, 9, 5.50, 1
7058, 28419, 3, 0, 28420, 28422, 3, 0, 1.00, 1
7059, 28421, 8, 0, 28423, 28430, 9, 1, 1.12, 1
7060, 28424, 1, 0, 28431, 28431, 7, 6, 7.00, 1
7061, 28429, 4, 0, 28432, 28435, 6, 2, 1.50, 1
7062, 28433, 2, 0, 28436, 28437, 4, 2, 2.00, 1
7063, 28438, 7, 0, 28511, 28517, 79, 72, 11.29, 1
7064, 28440, 1, 0, 28505, 28505, 65, 64, 65.00, 1
7065, 28441, 4, 0, 28506, 28509, 68, 64, 17.00, 1
7066, 28443, 8, 0, 28444, 28451, 8, 0, 1.00, 1
7067, 28447, 2, 0, 28454, 28455, 8, 6, 4.00, 1
7068, 28450, 1, 0, 28452, 28452, 2, 1, 2.00, 1
7069, 28451, 1, 0, 28453, 28453, 2, 1, 2.00, 1
7070, 28452, 4, 0, 28456, 28459, 7, 3, 1.75, 1
7071, 28455, 6, 0, 28463, 28468, 13, 7, 2.17, 1
7072, 28456, 3, 0, 28460, 28462, 6, 3, 2.00, 1
7073, 28464, 1, 0, 28469, 28469, 5, 4, 5.00, 1
7074, 28466, 9, 0, 28474, 28482, 16, 7, 1.78, 1
7075, 28469, 4, 0, 28470, 28473, 4, 0, 1.00, 1
7076, 28475, 4, 0, 28487, 28490, 15, 11, 3.75, 1
7077, 28478, 2, 0, 28483, 28484, 6, 4, 3.00, 1
7078, 28483, 2, 0, 28485, 28486, 3, 1, 1.50, 1
7079, 28484, 10, 0, 28491, 28500, 16, 6, 1.60, 1
7080, 28496, 3, 0, 28502, 28504, 8, 5, 2.67, 1
7081, 28499, 1, 0, 28501, 28501, 2, 1, 2.00, 1
7082, 28507, 1, 0, 28510, 28510, 3, 2, 3.00, 1
7083, 28513, 1, 0, 42913, 42913, 14400, 14399, 14400.00, 1
7084, 28514, 11, 0, 42914, 42924, 14410, 14399, 1310.00, 1
7085, 28517, 8, 0, 28518, 28525, 8, 0, 1.00, 1
7086, 28519, 2, 0, 28550, 28551, 32, 30, 16.00, 1
7087, 28521, 2, 0, 28552, 28553, 32, 30, 16.00, 1
7088, 28523, 2, 0, 28526, 28527, 4, 2, 2.00, 1
7089, 28527, 3, 0, 28528, 28530, 3, 0, 1.00, 1
7090, 28529, 5, 0, 28531, 28535, 6, 1, 1.20, 1
7091, 28532, 6, 0, 28536, 28541, 9, 3, 1.50, 1
7092, 28533, 8, 0, 28542, 28549, 16, 8, 2.00, 1
7093, 28550, 4, 0, 28554, 28557, 7, 3, 1.75, 1
7094, 28552, 13, 0, 28558, 28570, 18, 5, 1.38, 1
7095, 28560, 3, 0, 28576, 28578, 18, 15, 6.00, 1
7096, 28561, 7, 0, 28581, 28587, 26, 19, 3.71, 1
7097, 28564, 1, 0, 28571, 28571, 7, 6, 7.00, 1
7098, 28567, 2, 0, 28572, 28573, 6, 4, 3.00, 1
7099, 28572, 2, 0, 28574, 28575, 3, 1, 1.50, 1
7100, 28576, 2, 0, 28579, 28580, 4, 2, 2.00, 1
7101, 28578, 22, 0, 28590, 28611, 33, 11, 1.50, 1
7102, 28581, 2, 0, 28588, 28589, 8, 6, 4.00, 1
7103, 28592, 7, 0, 28649, 28655, 63, 56, 9.00, 1
7104, 28600, 3, 0, 28613, 28615, 15, 12, 5.00, 1
7105, 28607, 6, 0, 28616, 28621, 14, 8, 2.33, 1
7106, 28610, 1, 0, 28612, 28612, 2, 1, 2.00, 1
7107, 28618, 4, 0, 28622, 28625, 7, 3, 1.75, 1
7108, 28620, 6, 0, 28626, 28631, 11, 5, 1.83, 1
7109, 28627, 3, 0, 28632, 28634, 7, 4, 2.33, 1
7110, 28628, 4, 0, 28638, 28641, 13, 9, 3.25, 1
7111, 28632, 1, 0, 28635, 28635, 3, 2, 3.00, 1
7112, 28633, 2, 0, 28636, 28637, 4, 2, 2.00, 1
7113, 28636, 4, 0, 28642, 28645, 9, 5, 2.25, 1
7114, 28645, 3, 0, 28646, 28648, 3, 0, 1.00, 1
7115, 28648, 10, 0, 28710, 28719, 71, 61, 7.10, 1
7116, 28649, 8, 0, 28692, 28699, 50, 42, 6.25, 1
7117, 28650, 2, 0, 28657, 28658, 8, 6, 4.00, 1
7118, 28653, 1, 0, 28656, 28656, 3, 2, 3.00, 1
7119, 28657, 2, 0, 28659, 28660, 3, 1, 1.50, 1
7120, 28659, 5, 0, 28670, 28674, 15, 10, 3.00, 1
7121, 28660, 1, 0, 28661, 28661, 1, 0, 1.00, 1
7122, 28661, 4, 0, 28662, 28665, 4, 0, 1.00, 1
7123, 28665, 3, 0, 28666, 28668, 3, 0, 1.00, 1
7124, 28666, 1, 0, 28669, 28669, 3, 2, 3.00, 1
7125, 28672, 3, 0, 28675, 28677, 5, 2, 1.67, 1
7126, 28673, 5, 0, 28678, 28682, 9, 4, 1.80, 1
7127, 28680, 7, 0, 28683, 28689, 9, 2, 1.29, 1
7128, 28683, 11, 0, 28729, 28739, 56, 45, 5.09, 1
7129, 28689, 2, 0, 28690, 28691, 2, 0, 1.00, 1
7130, 28696, 3, 0, 28702, 28704, 8, 5, 2.67, 1
7131, 28697, 3, 0, 28707, 28709, 12, 9, 4.00, 1
7132, 28699, 2, 0, 28700, 28701, 2, 0, 1.00, 1
7133, 28704, 1, 0, 28705, 28705, 1, 0, 1.00, 1
7134, 28705, 1, 0, 28706, 28706, 1, 0, 1.00, 1
7135, 28716, 26, 0, 28748, 28773, 57, 31, 2.19, 1
7136, 28718, 9, 0, 28720, 28728, 10, 1, 1.11, 1
7137, 28732, 6, 0, 28740, 28745, 13, 7, 2.17, 1
7138, 28740, 1, 0, 28746, 28746, 6, 5, 6.00, 1
7139, 28743, 1, 0, 28747, 28747, 4, 3, 4.00, 1
7140, 28748, 2, 0, 42906, 42907, 14159, 14157, 7079.50, 1
7141, 28751, 5, 0, 42908, 42912, 14161, 14156, 2832.20, 1
7142, 28754, 4, 0, 28811, 28814, 60, 56, 15.00, 1
7143, 28757, 10, 0, 28824, 28833, 76, 66, 7.60, 1
7144, 28766, 3, 0, 28774, 28776, 10, 7, 3.33, 1
7145, 28770, 9, 0, 28798, 28806, 36, 27, 4.00, 1
7146, 28776, 5, 0, 28777, 28781, 5, 0, 1.00, 1
7147, 28779, 4, 0, 28782, 28785, 6, 2, 1.50, 1
7148, 28782, 2, 0, 28786, 28787, 5, 3, 2.50, 1
7149, 28787, 1, 0, 28788, 28788, 1, 0, 1.00, 1
7150, 28788, 4, 0, 28789, 28792, 4, 0, 1.00, 1
7151, 28789, 2, 0, 28793, 28794, 5, 3, 2.50, 1
7152, 28792, 3, 0, 28795, 28797, 5, 2, 1.67, 1
7153, 28801, 2, 0, 28807, 28808, 7, 5, 3.50, 1
7154, 28804, 2, 0, 28809, 28810, 6, 4, 3.00, 1
7155, 28811, 1, 0, 28815, 28815, 4, 3, 4.00, 1
7156, 28812, 4, 0, 28816, 28819, 7, 3, 1.75, 1
7157, 28817, 4, 0, 28820, 28823, 6, 2, 1.50, 1
7158, 28828, 17, 0, 42889, 42905, 14077, 14060, 828.06, 1
7159, 28830, 2, 0, 28834, 28835, 5, 3, 2.50, 1
7160, 28835, 2, 0, 28836, 28837, 2, 0, 1.00, 1
7161, 28836, 6, 0, 28838, 28843, 7, 1, 1.17, 1
7162, 28842, 5, 0, 28844, 28848, 6, 1, 1.20, 1
7163, 28843, 6, 0, 28852, 28857, 14, 8, 2.33, 1
7164, 28844, 2, 0, 28850, 28851, 7, 5, 3.50, 1
7165, 28847, 1, 0, 28849, 28849, 2, 1, 2.00, 1
7166, 28853, 3, 0, 42877, 42879, 14026, 14023, 4675.33, 1
7167, 28855, 9, 0, 42880, 42888, 14033, 14024, 1559.22, 1
7168, 28856, 4, 0, 28858, 28861, 5, 1, 1.25, 1
7169, 28859, 2, 0, 28863, 28864, 5, 3, 2.50, 1
7170, 28860, 1, 0, 28862, 28862, 2, 1, 2.00, 1
7171, 28861, 11, 0, 28865, 28875, 14, 3, 1.27, 1
7172, 28872, 3, 0, 28876, 28878, 6, 3, 2.00, 1
7173, 28875, 11, 0, 28938, 28948, 73, 62, 6.64, 1
7174, 28877, 6, 0, 28879, 28884, 7, 1, 1.17, 1
7175, 28879, 11, 0, 42846, 42856, 13977, 13966, 1270.64, 1
7176, 28881, 14, 0, 28903, 28916, 35, 21, 2.50, 1
7177, 28883, 6, 0, 28891, 28896, 13, 7, 2.17, 1
7178, 28884, 3, 0, 28885, 28887, 3, 0, 1.00, 1
7179, 28887, 3, 0, 28888, 28890, 3, 0, 1.00, 1
7180, 28892, 3, 0, 28898, 28900, 8, 5, 2.67, 1
7181, 28896, 1, 0, 28897, 28897, 1, 0, 1.00, 1
7182, 28898, 2, 0, 28901, 28902, 4, 2, 2.00, 1
7183, 28908, 5, 0, 28919, 28923, 15, 10, 3.00, 1
7184, 28909, 2, 0, 28917, 28918, 9, 7, 4.50, 1
7185, 28919, 4, 0, 28924, 28927, 8, 4, 2.00, 1
7186, 28926, 5, 0, 28928, 28932, 6, 1, 1.20, 1
7187, 28929, 1, 0, 28933, 28933, 4, 3, 4.00, 1
7188, 28932, 4, 0, 28934, 28937, 5, 1, 1.25, 1
7189, 28939, 9, 0, 28949, 28957, 18, 9, 2.00, 1
7190, 28951, 3, 0, 28958, 28960, 9, 6, 3.00, 1
7191, 28955, 5, 0, 28961, 28965, 10, 5, 2.00, 1
7192, 28963, 7, 0, 28966, 28972, 9, 2, 1.29, 1
7193, 28964, 20, 0, 42857, 42876, 13912, 13892, 695.60, 1
7194, 28968, 6, 0, 28977, 28982, 14, 8, 2.33, 1
7195, 28970, 4, 0, 28973, 28976, 6, 2, 1.50, 1
7196, 28977, 3, 0, 29045, 29047, 70, 67, 23.33, 1
7197, 28979, 6, 0, 29048, 29053, 74, 68, 12.33, 1
7198, 28981, 5, 0, 28983, 28987, 6, 1, 1.20, 1
7199, 28984, 9, 0, 29016, 29024, 40, 31, 4.44, 1
7200, 28985, 4, 0, 28993, 28996, 11, 7, 2.75, 1
7201, 28986, 3, 0, 28988, 28990, 4, 1, 1.33, 1
7202, 28990, 2, 0, 28991, 28992, 2, 0, 1.00, 1
7203, 28994, 6, 0, 28997, 29002, 8, 2, 1.33, 1
7204, 28996, 6, 0, 29003, 29008, 12, 6, 2.00, 1
7205, 29005, 4, 0, 29012, 29015, 10, 6, 2.50, 1
7206, 29007, 3, 0, 29009, 29011, 4, 1, 1.33, 1
7207, 29016, 8, 0, 29031, 29038, 22, 14, 2.75, 1
7208, 29021, 1, 0, 29028, 29028, 7, 6, 7.00, 1
7209, 29022, 2, 0, 29029, 29030, 8, 6, 4.00, 1
7210, 29023, 3, 0, 29025, 29027, 4, 1, 1.33, 1
7211, 29036, 3, 0, 29039, 29041, 5, 2, 1.67, 1
7212, 29039, 1, 0, 29042, 29042, 3, 2, 3.00, 1
7213, 29042, 2, 0, 29043, 29044, 2, 0, 1.00, 1
7214, 29045, 6, 0, 29054, 29059, 14, 8, 2.33, 1
7215, 29048, 10, 0, 29087, 29096, 48, 38, 4.80, 1
7216, 29054, 4, 0, 29076, 29079, 25, 21, 6.25, 1
7217, 29055, 1, 0, 29074, 29074, 19, 18, 19.00, 1
7218, 29057, 5, 0, 29082, 29086, 29, 24, 5.80, 1
7219, 29059, 5, 0, 29060, 29064, 5, 0, 1.00, 1
7220, 29061, 5, 0, 29065, 29069, 8, 3, 1.60, 1
7221, 29065, 3, 0, 29070, 29072, 7, 4, 2.33, 1
7222, 29070, 1, 0, 29073, 29073, 3, 2, 3.00, 1
7223, 29074, 1, 0, 29075, 29075, 1, 0, 1.00, 1
7224, 29079, 2, 0, 29080, 29081, 2, 0, 1.00, 1
7225, 29084, 17, 0, 42829, 42845, 13761, 13744, 809.47, 1
7226, 29089, 2, 0, 29098, 29099, 10, 8, 5.00, 1
7227, 29095, 1, 0, 29097, 29097, 2, 1, 2.00, 1
7228, 29098, 2, 0, 29100, 29101, 3, 1, 1.50, 1
7229, 29099, 3, 0, 29102, 29104, 5, 2, 1.67, 1
7230, 29103, 6, 0, 29105, 29110, 7, 1, 1.17, 1
7231, 29104, 15, 0, 42814, 42828, 13724, 13709, 914.93, 1
7232, 29108, 9, 0, 29115, 29123, 15, 6, 1.67, 1
7233, 29110, 4, 0, 29111, 29114, 4, 0, 1.00, 1
7234, 29114, 11, 0, 42803, 42813, 13699, 13688, 1245.36, 1
7235, 29117, 8, 0, 42795, 42802, 13685, 13677, 1710.62, 1
7236, 29118, 7, 0, 29133, 29139, 21, 14, 3.00, 1
7237, 29119, 4, 0, 29126, 29129, 10, 6, 2.50, 1
7238, 29122, 2, 0, 29124, 29125, 3, 1, 1.50, 1
7239, 29127, 3, 0, 29130, 29132, 5, 2, 1.67, 1
7240, 29134, 4, 0, 42787, 42790, 13656, 13652, 3414.00, 1
7241, 29135, 3, 0, 29140, 29142, 7, 4, 2.33, 1
7242, 29138, 4, 0, 42791, 42794, 13656, 13652, 3414.00, 1
7243, 29141, 5, 0, 29143, 29147, 6, 1, 1.20, 1
7244, 29143, 6, 0, 42772, 42777, 13634, 13628, 2272.33, 1
7245, 29144, 9, 0, 42778, 42786, 13642, 13633, 1515.78, 1
7246, 29145, 9, 0, 29148, 29156, 11, 2, 1.22, 1
7247, 29147, 10, 0, 29325, 29334, 187, 177, 18.70, 1
7248, 29153, 1, 0, 29157, 29157, 4, 3, 4.00, 1
7249, 29156, 11, 0, 42761, 42771, 13615, 13604, 1237.73, 1
7250, 29157, 7, 0, 29158, 29164, 7, 0, 1.00, 1
7251, 29163, 12, 0, 29165, 29176, 13, 1, 1.08, 1
7252, 29165, 12, 0, 29252, 29263, 98, 86, 8.17, 1
7253, 29166, 2, 0, 29242, 29243, 77, 75, 38.50, 1
7254, 29167, 1, 0, 29239, 29239, 72, 71, 72.00, 1
7255, 29171, 3, 0, 29244, 29246, 75, 72, 25.00, 1
7256, 29176, 10, 0, 29177, 29186, 10, 0, 1.00, 1
7257, 29177, 21, 0, 29204, 29224, 47, 26, 2.24, 1
7258, 29179, 5, 0, 29188, 29192, 13, 8, 2.60, 1
7259, 29186, 1, 0, 29187, 29187, 1, 0, 1.00, 1
7260, 29188, 1, 0, 29193, 29193, 5, 4, 5.00, 1
7261, 29192, 7, 0, 29194, 29200, 8, 1, 1.14, 1
7262, 29194, 2, 0, 29202, 29203, 9, 7, 4.50, 1
7263, 29197, 1, 0, 29201, 29201, 4, 3, 4.00, 1
7264, 29213, 2, 0, 29226, 29227, 14, 12, 7.00, 1
7265, 29214, 3, 0, 29230, 29232, 18, 15, 6.00, 1
7266, 29217, 1, 0, 29225, 29225, 8, 7, 8.00, 1
7267, 29226, 2, 0, 29228, 29229, 3, 1, 1.50, 1
7268, 29227, 6, 0, 29233, 29238, 11, 5, 1.83, 1
7269, 29239, 2, 0, 29240, 29241, 2, 0, 1.00, 1
7270, 29242, 4, 0, 29248, 29251, 9, 5, 2.25, 1
7271, 29245, 1, 0, 29247, 29247, 2, 1, 2.00, 1
7272, 29252, 3, 0, 29265, 29267, 15, 12, 5.00, 1
7273, 29258, 4, 0, 29268, 29271, 13, 9, 3.25, 1
7274, 29263, 1, 0, 29264, 29264, 1, 0, 1.00, 1
7275, 29269, 7, 0, 29272, 29278, 9, 2, 1.29, 1
7276, 29272, 4, 0, 29313, 29316, 44, 40, 11.00, 1
7277, 29273, 7, 0, 29317, 29323, 50, 43, 7.14, 1
7278, 29274, 1, 0, 29302, 29302, 28, 27, 28.00, 1
7279, 29275, 2, 0, 29303, 29304, 29, 27, 14.50, 1
7280, 29276, 7, 0, 29288, 29294, 18, 11, 2.57, 1
7281, 29278, 5, 0, 29279, 29283, 5, 0, 1.00, 1
7282, 29280, 4, 0, 29284, 29287, 7, 3, 1.75, 1
7283, 29292, 6, 0, 29295, 29300, 8, 2, 1.33, 1
7284, 29299, 1, 0, 29301, 29301, 2, 1, 2.00, 1
7285, 29303, 4, 0, 29309, 29312, 9, 5, 2.25, 1
7286, 29304, 3, 0, 29305, 29307, 3, 0, 1.00, 1
7287, 29305, 1, 0, 29308, 29308, 3, 2, 3.00, 1
7288, 29319, 1, 0, 29324, 29324, 5, 4, 5.00, 1
7289, 29327, 7, 0, 29336, 29342, 15, 8, 2.14, 1
7290, 29329, 1, 0, 29335, 29335, 6, 5, 6.00, 1
7291, 29337, 4, 0, 29344, 29347, 10, 6, 2.50, 1
7292, 29339, 6, 0, 29348, 29353, 14, 8, 2.33, 1
7293, 29342, 1, 0, 29343, 29343, 1, 0, 1.00, 1
7294, 29349, 3, 0, 42752, 42754, 13405, 13402, 4468.33, 1
7295, 29350, 6, 0, 42755, 42760, 13410, 13404, 2235.00, 1
7296, 29351, 2, 0, 29354, 29355, 4, 2, 2.00, 1
7297, 29354, 6, 0, 29356, 29361, 7, 1, 1.17, 1
7298, 29361, 2, 0, 29362, 29363, 2, 0, 1.00, 1
7299, 29362, 2, 0, 29364, 29365, 3, 1, 1.50, 1
7300, 29365, 20, 0, 29366, 29385, 20, 0, 1.00, 1
7301, 29366, 4, 0, 42748, 42751, 13385, 13381, 3346.25, 1
7302, 29376, 2, 0, 42744, 42745, 13369, 13367, 6684.50, 1
7303, 29378, 2, 0, 42746, 42747, 13369, 13367, 6684.50, 1
7304, 29379, 3, 0, 42741, 42743, 13364, 13361, 4454.67, 1
7305, 29380, 1, 0, 42738, 42738, 13358, 13357, 13358.00, 1
7306, 29383, 2, 0, 42739, 42740, 13357, 13355, 6678.50, 1
7307, 29384, 2, 0, 29386, 29387, 3, 1, 1.50, 1
7308, 29385, 15, 0, 29390, 29404, 19, 4, 1.27, 1
7309, 29386, 2, 0, 29388, 29389, 3, 1, 1.50, 1
7310, 29391, 2, 0, 42732, 42733, 13342, 13340, 6671.00, 1
7311, 29394, 4, 0, 42734, 42737, 13343, 13339, 3335.75, 1
7312, 29396, 2, 0, 42726, 42727, 13331, 13329, 6665.50, 1
7313, 29398, 4, 0, 42728, 42731, 13333, 13329, 3333.25, 1
7314, 29399, 5, 0, 29426, 29430, 31, 26, 6.20, 1
7315, 29400, 5, 0, 29439, 29443, 43, 38, 8.60, 1
7316, 29403, 3, 0, 29405, 29407, 4, 1, 1.33, 1
7317, 29406, 5, 0, 29408, 29412, 6, 1, 1.20, 1
7318, 29408, 10, 0, 29414, 29423, 15, 5, 1.50, 1
7319, 29411, 1, 0, 29413, 29413, 2, 1, 2.00, 1
7320, 29422, 2, 0, 29424, 29425, 3, 1, 1.50, 1
7321, 29429, 9, 0, 29444, 29452, 23, 14, 2.56, 1
7322, 29430, 4, 0, 29431, 29434, 4, 0, 1.00, 1
7323, 29432, 2, 0, 29435, 29436, 4, 2, 2.00, 1
7324, 29434, 2, 0, 29437, 29438, 4, 2, 2.00, 1
7325, 29448, 14, 0, 29456, 29469, 21, 7, 1.50, 1
7326, 29451, 3, 0, 29453, 29455, 4, 1, 1.33, 1
7327, 29457, 2, 0, 42721, 42722, 13265, 13263, 6632.50, 1
7328, 29460, 1, 0, 42720, 42720, 13260, 13259, 13260.00, 1
7329, 29461, 3, 0, 42723, 42725, 13264, 13261, 4421.33, 1
7330, 29465, 19, 0, 42682, 42700, 13235, 13216, 696.58, 1
7331, 29467, 7, 0, 29470, 29476, 9, 2, 1.29, 1
7332, 29468, 19, 0, 42701, 42719, 13251, 13232, 697.42, 1
7333, 29472, 4, 0, 29477, 29480, 8, 4, 2.00, 1
7334, 29478, 11, 0, 29481, 29491, 13, 2, 1.18, 1
7335, 29483, 10, 0, 42662, 42671, 13188, 13178, 1318.80, 1
7336, 29490, 3, 0, 29492, 29494, 4, 1, 1.33, 1
7337, 29491, 5, 0, 29495, 29499, 8, 3, 1.60, 1
7338, 29493, 5, 0, 42657, 42661, 13168, 13163, 2633.60, 1
7339, 29495, 1, 0, 29500, 29500, 5, 4, 5.00, 1
7340, 29496, 10, 0, 42672, 42681, 13185, 13175, 1318.50, 1
7341, 29500, 3, 0, 29501, 29503, 3, 0, 1.00, 1
7342, 29502, 6, 0, 29504, 29509, 7, 1, 1.17, 1
7343, 29508, 18, 0, 29510, 29527, 19, 1, 1.06, 1
7344, 29512, 1, 0, 42653, 42653, 13141, 13140, 13141.00, 1
7345, 29516, 3, 0, 42654, 42656, 13140, 13137, 4380.00, 1
7346, 29517, 1, 0, 29530, 29530, 13, 12, 13.00, 1
7347, 29519, 3, 0, 29531, 29533, 14, 11, 4.67, 1
7348, 29524, 2, 0, 29528, 29529, 5, 3, 2.50, 1
7349, 29531, 7, 0, 29534, 29540, 9, 2, 1.29, 1
7350, 29538, 2, 0, 29541, 29542, 4, 2, 2.00, 1
7351, 29540, 4, 0, 29543, 29546, 6, 2, 1.50, 1
7352, 29541, 18, 0, 29547, 29564, 23, 5, 1.28, 1
7353, 29549, 11, 0, 29572, 29582, 33, 22, 3.00, 1
7354, 29553, 6, 0, 29566, 29571, 18, 12, 3.00, 1
7355, 29555, 18, 0, 29606, 29623, 68, 50, 3.78, 1
7356, 29559, 1, 0, 29565, 29565, 6, 5, 6.00, 1
7357, 29572, 3, 0, 29583, 29585, 13, 10, 4.33, 1
7358, 29574, 6, 0, 29586, 29591, 17, 11, 2.83, 1
7359, 29588, 7, 0, 29597, 29603, 15, 8, 2.14, 1
7360, 29589, 5, 0, 29592, 29596, 7, 2, 1.40, 1
7361, 29599, 2, 0, 29604, 29605, 6, 4, 3.00, 1
7362, 29607, 13, 0, 42640, 42652, 13045, 13032, 1003.46, 1
7363, 29614, 4, 0, 42627, 42630, 13016, 13012, 3254.00, 1
7364, 29617, 9, 0, 42631, 42639, 13022, 13013, 1446.89, 1
7365, 29618, 1, 0, 29634, 29634, 16, 15, 16.00, 1
7366, 29622, 8, 0, 29635, 29642, 20, 12, 2.50, 1
7367, 29623, 6, 0, 29624, 29629, 6, 0, 1.00, 1
7368, 29624, 1, 0, 29630, 29630, 6, 5, 6.00, 1
7369, 29628, 3, 0, 29631, 29633, 5, 2, 1.67, 1
7370, 29635, 6, 0, 42614, 42619, 12984, 12978, 2164.00, 1
7371, 29638, 7, 0, 42620, 42626, 12988, 12981, 1855.43, 1
7372, 29642, 14, 0, 29643, 29656, 14, 0, 1.00, 1
7373, 29645, 14, 0, 42600, 42613, 12968, 12954, 926.29, 1
7374, 29648, 3, 0, 29659, 29661, 13, 10, 4.33, 1
7375, 29654, 2, 0, 29657, 29658, 4, 2, 2.00, 1
7376, 29658, 7, 0, 29669, 29675, 17, 10, 2.43, 1
7377, 29660, 6, 0, 29662, 29667, 7, 1, 1.17, 1
7378, 29665, 1, 0, 29668, 29668, 3, 2, 3.00, 1
7379, 29666, 8, 0, 29682, 29689, 23, 15, 2.88, 1
7380, 29673, 3, 0, 29676, 29678, 5, 2, 1.67, 1
7381, 29677, 3, 0, 29679, 29681, 4, 1, 1.33, 1
7382, 29684, 3, 0, 42594, 42596, 12912, 12909, 4304.00, 1
7383, 29685, 3, 0, 42597, 42599, 12914, 12911, 4304.67, 1
7384, 29688, 2, 0, 29690, 29691, 3, 1, 1.50, 1
7385, 29691, 2, 0, 29692, 29693, 2, 0, 1.00, 1
7386, 29693, 2, 0, 29694, 29695, 2, 0, 1.00, 1
7387, 29694, 7, 0, 29696, 29702, 8, 1, 1.14, 1
7388, 29698, 2, 0, 29703, 29704, 6, 4, 3.00, 1
7389, 29703, 7, 0, 29705, 29711, 8, 1, 1.14, 1
7390, 29707, 9, 0, 29719, 29727, 20, 11, 2.22, 1
7391, 29708, 1, 0, 29717, 29717, 9, 8, 9.00, 1
7392, 29709, 21, 0, 42573, 42593, 12884, 12863, 613.52, 1
7393, 29710, 3, 0, 29712, 29714, 4, 1, 1.33, 1
7394, 29712, 2, 0, 29715, 29716, 4, 2, 2.00, 1
7395, 29717, 1, 0, 29718, 29718, 1, 0, 1.00, 1
7396, 29719, 17, 0, 29748, 29764, 45, 28, 2.65, 1
7397, 29722, 18, 0, 42555, 42572, 12850, 12832, 713.89, 1
7398, 29724, 2, 0, 29728, 29729, 5, 3, 2.50, 1
7399, 29726, 6, 0, 29742, 29747, 21, 15, 3.50, 1
7400, 29728, 4, 0, 29730, 29733, 5, 1, 1.25, 1
7401, 29729, 4, 0, 29734, 29737, 8, 4, 2.00, 1
7402, 29732, 4, 0, 29738, 29741, 9, 5, 2.25, 1
7403, 29754, 5, 0, 29895, 29899, 145, 140, 29.00, 1
7404, 29756, 1, 0, 29894, 29894, 138, 137, 138.00, 1
7405, 29758, 16, 0, 29910, 29925, 167, 151, 10.44, 1
7406, 29759, 2, 0, 29791, 29792, 33, 31, 16.50, 1
7407, 29761, 3, 0, 29795, 29797, 36, 33, 12.00, 1
7408, 29762, 10, 0, 29765, 29774, 12, 2, 1.20, 1
7409, 29768, 1, 0, 29775, 29775, 7, 6, 7.00, 1
7410, 29774, 7, 0, 29776, 29782, 8, 1, 1.14, 1
7411, 29779, 2, 0, 29783, 29784, 5, 3, 2.50, 1
7412, 29783, 5, 0, 29785, 29789, 6, 1, 1.20, 1
7413, 29786, 1, 0, 29790, 29790, 4, 3, 4.00, 1
7414, 29791, 2, 0, 29793, 29794, 3, 1, 1.50, 1
7415, 29793, 3, 0, 29800, 29802, 9, 6, 3.00, 1
7416, 29795, 5, 0, 29803, 29807, 12, 7, 2.40, 1
7417, 29797, 2, 0, 29798, 29799, 2, 0, 1.00, 1
7418, 29801, 13, 0, 29872, 29884, 83, 70, 6.38, 1
7419, 29803, 1, 0, 29808, 29808, 5, 4, 5.00, 1
7420, 29806, 7, 0, 29809, 29815, 9, 2, 1.29, 1
7421, 29810, 1, 0, 29845, 29845, 35, 34, 35.00, 1
7422, 29813, 9, 0, 29846, 29854, 41, 32, 4.56, 1
7423, 29814, 10, 0, 29829, 29838, 24, 14, 2.40, 1
7424, 29815, 2, 0, 29816, 29817, 2, 0, 1.00, 1
7425, 29816, 2, 0, 29818, 29819, 3, 1, 1.50, 1
7426, 29818, 4, 0, 29820, 29823, 5, 1, 1.25, 1
7427, 29819, 4, 0, 29824, 29827, 8, 4, 2.00, 1
7428, 29824, 1, 0, 29828, 29828, 4, 3, 4.00, 1
7429, 29836, 2, 0, 29839, 29840, 4, 2, 2.00, 1
7430, 29838, 4, 0, 29841, 29844, 6, 2, 1.50, 1
7431, 29847, 4, 0, 29858, 29861, 14, 10, 3.50, 1
7432, 29853, 3, 0, 29855, 29857, 4, 1, 1.33, 1
7433, 29858, 8, 0, 29862, 29869, 11, 3, 1.38, 1
7434, 29865, 2, 0, 29870, 29871, 6, 4, 3.00, 1
7435, 29881, 6, 0, 29888, 29893, 12, 6, 2.00, 1
7436, 29883, 2, 0, 29885, 29886, 3, 1, 1.50, 1
7437, 29886, 1, 0, 29887, 29887, 1, 0, 1.00, 1
7438, 29895, 6, 0, 29903, 29908, 13, 7, 2.17, 1
7439, 29896, 3, 0, 29900, 29902, 6, 3, 2.00, 1
7440, 29905, 1, 0, 29909, 29909, 4, 3, 4.00, 1
7441, 29919, 10, 0, 29929, 29938, 19, 9, 1.90, 1
7442, 29921, 3, 0, 29926, 29928, 7, 4, 2.33, 1
7443, 29930, 4, 0, 42551, 42554, 12624, 12620, 3156.00, 1
7444, 29933, 2, 0, 42547, 42548, 12615, 12613, 6307.50, 1
7445, 29934, 2, 0, 42549, 42550, 12616, 12614, 6308.00, 1
7446, 29935, 10, 0, 29987, 29996, 61, 51, 6.10, 1
7447, 29937, 8, 0, 29939, 29946, 9, 1, 1.12, 1
7448, 29940, 2, 0, 29952, 29953, 13, 11, 6.50, 1
7449, 29945, 2, 0, 29955, 29956, 11, 9, 5.50, 1
7450, 29946, 5, 0, 29947, 29951, 5, 0, 1.00, 1
7451, 29952, 1, 0, 29954, 29954, 2, 1, 2.00, 1
7452, 29956, 8, 0, 29957, 29964, 8, 0, 1.00, 1
7453, 29961, 3, 0, 29965, 29967, 6, 3, 2.00, 1
7454, 29962, 4, 0, 29968, 29971, 9, 5, 2.25, 1
7455, 29968, 3, 0, 29972, 29974, 6, 3, 2.00, 1
7456, 29970, 7, 0, 29976, 29982, 12, 5, 1.71, 1
7457, 29973, 1, 0, 29975, 29975, 2, 1, 2.00, 1
7458, 29976, 1, 0, 29983, 29983, 7, 6, 7.00, 1
7459, 29983, 3, 0, 29984, 29986, 3, 0, 1.00, 1
7460, 29985, 10, 0, 29998, 30007, 22, 12, 2.20, 1
7461, 29989, 1, 0, 29997, 29997, 8, 7, 8.00, 1
7462, 30000, 4, 0, 30011, 30014, 14, 10, 3.50, 1
7463, 30001, 2, 0, 30009, 30010, 9, 7, 4.50, 1
7464, 30003, 1, 0, 30008, 30008, 5, 4, 5.00, 1
7465, 30010, 6, 0, 30017, 30022, 12, 6, 2.00, 1
7466, 30012, 1, 0, 30015, 30015, 3, 2, 3.00, 1
7467, 30015, 1, 0, 30016, 30016, 1, 0, 1.00, 1
7468, 30018, 2, 0, 30023, 30024, 6, 4, 3.00, 1
7469, 30021, 2, 0, 30025, 30026, 5, 3, 2.50, 1
7470, 30026, 14, 0, 30027, 30040, 14, 0, 1.00, 1
7471, 30029, 5, 0, 42529, 42533, 12504, 12499, 2500.80, 1
7472, 30031, 2, 0, 42527, 42528, 12497, 12495, 6248.50, 1
7473, 30035, 13, 0, 42534, 42546, 12511, 12498, 962.38, 1
7474, 30036, 1, 0, 30045, 30045, 9, 8, 9.00, 1
7475, 30037, 13, 0, 30046, 30058, 21, 8, 1.62, 1
7476, 30040, 4, 0, 30041, 30044, 4, 0, 1.00, 1
7477, 30052, 3, 0, 30065, 30067, 15, 12, 5.00, 1
7478, 30054, 2, 0, 30063, 30064, 10, 8, 5.00, 1
7479, 30055, 15, 0, 30068, 30082, 27, 12, 1.80, 1
7480, 30057, 4, 0, 30059, 30062, 5, 1, 1.25, 1
7481, 30071, 11, 0, 30104, 30114, 43, 32, 3.91, 1
7482, 30078, 2, 0, 30083, 30084, 6, 4, 3.00, 1
7483, 30084, 2, 0, 30085, 30086, 2, 0, 1.00, 1
7484, 30085, 3, 0, 30087, 30089, 4, 1, 1.33, 1
7485, 30088, 3, 0, 30090, 30092, 4, 1, 1.33, 1
7486, 30089, 4, 0, 30093, 30096, 7, 3, 1.75, 1
7487, 30095, 6, 0, 30097, 30102, 7, 1, 1.17, 1
7488, 30100, 1, 0, 30103, 30103, 3, 2, 3.00, 1
7489, 30106, 16, 0, 42511, 42526, 12420, 12404, 776.25, 1
7490, 30109, 11, 0, 30126, 30136, 27, 16, 2.45, 1
7491, 30111, 6, 0, 30115, 30120, 9, 3, 1.50, 1
7492, 30115, 3, 0, 30121, 30123, 8, 5, 2.67, 1
7493, 30122, 2, 0, 30124, 30125, 3, 1, 1.50, 1
7494, 30129, 1, 0, 42497, 42497, 12368, 12367, 12368.00, 1
7495, 30130, 13, 0, 42498, 42510, 12380, 12367, 952.31, 1
7496, 30131, 24, 0, 30140, 30163, 32, 8, 1.33, 1
7497, 30134, 3, 0, 30137, 30139, 5, 2, 1.67, 1
7498, 30140, 14, 0, 42483, 42496, 12356, 12342, 882.57, 1
7499, 30142, 2, 0, 42479, 42480, 12338, 12336, 6169.00, 1
7500, 30150, 2, 0, 42481, 42482, 12332, 12330, 6166.00, 1
7501, 30151, 3, 0, 42473, 42475, 12324, 12321, 4108.00, 1
7502, 30154, 3, 0, 42476, 42478, 12324, 12321, 4108.00, 1
7503, 30155, 1, 0, 42454, 42454, 12299, 12298, 12299.00, 1
7504, 30156, 18, 0, 42455, 42472, 12316, 12298, 684.22, 1
7505, 30158, 6, 0, 42442, 42447, 12289, 12283, 2048.17, 1
7506, 30162, 6, 0, 42448, 42453, 12291, 12285, 2048.50, 1
7507, 30163, 6, 0, 30164, 30169, 6, 0, 1.00, 1
7508, 30167, 1, 0, 30170, 30170, 3, 2, 3.00, 1
7509, 30168, 1, 0, 30171, 30171, 3, 2, 3.00, 1
7510, 30170, 6, 0, 30175, 30180, 10, 4, 1.67, 1
7511, 30171, 3, 0, 30172, 30174, 3, 0, 1.00, 1
7512, 30173, 9, 0, 30182, 30190, 17, 8, 1.89, 1
7513, 30180, 1, 0, 30181, 30181, 1, 0, 1.00, 1
7514, 30182, 1, 0, 42440, 42440, 12258, 12257, 12258.00, 1
7515, 30186, 1, 0, 42441, 42441, 12255, 12254, 12255.00, 1
7516, 30187, 6, 0, 42427, 42432, 12245, 12239, 2040.83, 1
7517, 30190, 4, 0, 30191, 30194, 4, 0, 1.00, 1
7518, 30192, 3, 0, 30195, 30197, 5, 2, 1.67, 1
7519, 30194, 3, 0, 42424, 42426, 12232, 12229, 4077.33, 1
7520, 30195, 7, 0, 42433, 42439, 12244, 12237, 1749.14, 1
7521, 30197, 4, 0, 30198, 30201, 4, 0, 1.00, 1
7522, 30198, 1, 0, 30223, 30223, 25, 24, 25.00, 1
7523, 30199, 3, 0, 30224, 30226, 27, 24, 9.00, 1
7524, 30201, 7, 0, 30202, 30208, 7, 0, 1.00, 1
7525, 30204, 2, 0, 30209, 30210, 6, 4, 3.00, 1
7526, 30205, 4, 0, 30213, 30216, 11, 7, 2.75, 1
7527, 30209, 2, 0, 30211, 30212, 3, 1, 1.50, 1
7528, 30216, 2, 0, 30217, 30218, 2, 0, 1.00, 1
7529, 30217, 3, 0, 30220, 30222, 5, 2, 1.67, 1
7530, 30218, 1, 0, 30219, 30219, 1, 0, 1.00, 1
7531, 30224, 8, 0, 42404, 42411, 12187, 12179, 1523.38, 1
7532, 30226, 5, 0, 30227, 30231, 5, 0, 1.00, 1
7533, 30229, 6, 0, 30232, 30237, 8, 2, 1.33, 1
7534, 30233, 12, 0, 42412, 42423, 12190, 12178, 1015.83, 1
7535, 30236, 28, 0, 30238, 30265, 29, 1, 1.04, 1
7536, 30238, 4, 0, 42394, 42397, 12159, 12155, 3039.75, 1
7537, 30239, 6, 0, 42398, 42403, 12164, 12158, 2027.33, 1
7538, 30242, 4, 0, 42390, 42393, 12151, 12147, 3037.75, 1
7539, 30243, 3, 0, 42384, 42386, 12143, 12140, 4047.67, 1
7540, 30248, 1, 0, 42383, 42383, 12135, 12134, 12135.00, 1
7541, 30252, 3, 0, 42387, 42389, 12137, 12134, 4045.67, 1
7542, 30262, 5, 0, 30266, 30270, 8, 3, 1.60, 1
7543, 30265, 7, 0, 30277, 30283, 18, 11, 2.57, 1
7544, 30267, 2, 0, 30271, 30272, 5, 3, 2.50, 1
7545, 30268, 4, 0, 30273, 30276, 8, 4, 2.00, 1
7546, 30278, 7, 0, 30353, 30359, 81, 74, 11.57, 1
7547, 30279, 4, 0, 30294, 30297, 18, 14, 4.50, 1
7548, 30280, 8, 0, 30546, 30553, 273, 265, 34.12, 1
7549, 30283, 7, 0, 30284, 30290, 7, 0, 1.00, 1
7550, 30289, 3, 0, 30291, 30293, 4, 1, 1.33, 1
7551, 30294, 2, 0, 30298, 30299, 5, 3, 2.50, 1
7552, 30295, 19, 0, 30300, 30318, 23, 4, 1.21, 1
7553, 30300, 3, 0, 30344, 30346, 46, 43, 15.33, 1
7554, 30308, 6, 0, 30347, 30352, 44, 38, 7.33, 1
7555, 30312, 8, 0, 30326, 30333, 21, 13, 2.62, 1
7556, 30314, 2, 0, 30321, 30322, 8, 6, 4.00, 1
7557, 30317, 1, 0, 30319, 30319, 2, 1, 2.00, 1
7558, 30318, 3, 0, 30323, 30325, 7, 4, 2.33, 1
7559, 30319, 1, 0, 30320, 30320, 1, 0, 1.00, 1
7560, 30326, 8, 0, 30334, 30341, 15, 7, 1.88, 1
7561, 30340, 2, 0, 30342, 30343, 3, 1, 1.50, 1
7562, 30354, 3, 0, 30527, 30529, 175, 172, 58.33, 1
7563, 30355, 3, 0, 30532, 30534, 179, 176, 59.67, 1
7564, 30356, 2, 0, 30360, 30361, 5, 3, 2.50, 1
7565, 30357, 22, 0, 30376, 30397, 40, 18, 1.82, 1
7566, 30361, 4, 0, 30362, 30365, 4, 0, 1.00, 1
7567, 30362, 4, 0, 30366, 30369, 7, 3, 1.75, 1
7568, 30369, 3, 0, 30370, 30372, 3, 0, 1.00, 1
7569, 30370, 1, 0, 30373, 30373, 3, 2, 3.00, 1
7570, 30373, 1, 0, 30374, 30374, 1, 0, 1.00, 1
7571, 30374, 1, 0, 30375, 30375, 1, 0, 1.00, 1
7572, 30376, 1, 0, 30411, 30411, 35, 34, 35.00, 1
7573, 30381, 3, 0, 30412, 30414, 33, 30, 11.00, 1
7574, 30385, 8, 0, 30402, 30409, 24, 16, 3.00, 1
7575, 30391, 1, 0, 30398, 30398, 7, 6, 7.00, 1
7576, 30394, 3, 0, 30399, 30401, 7, 4, 2.33, 1
7577, 30408, 1, 0, 30410, 30410, 2, 1, 2.00, 1
7578, 30411, 10, 0, 30418, 30427, 16, 6, 1.60, 1
7579, 30412, 20, 0, 30483, 30502, 90, 70, 4.50, 1
7580, 30414, 3, 0, 30415, 30417, 3, 0, 1.00, 1
7581, 30421, 5, 0, 30465, 30469, 48, 43, 9.60, 1
7582, 30424, 3, 0, 30457, 30459, 35, 32, 11.67, 1
7583, 30425, 5, 0, 30471, 30475, 50, 45, 10.00, 1
7584, 30427, 12, 0, 30428, 30439, 12, 0, 1.00, 1
7585, 30428, 10, 0, 30440, 30449, 21, 11, 2.10, 1
7586, 30445, 3, 0, 30453, 30455, 10, 7, 3.33, 1
7587, 30447, 2, 0, 30450, 30451, 4, 2, 2.00, 1
7588, 30450, 1, 0, 30452, 30452, 2, 1, 2.00, 1
7589, 30453, 1, 0, 30456, 30456, 3, 2, 3.00, 1
7590, 30458, 4, 0, 30460, 30463, 5, 1, 1.25, 1
7591, 30463, 1, 0, 30464, 30464, 1, 0, 1.00, 1
7592, 30467, 1, 0, 30470, 30470, 3, 2, 3.00, 1
7593, 30472, 4, 0, 30476, 30479, 7, 3, 1.75, 1
7594, 30478, 3, 0, 30480, 30482, 4, 1, 1.33, 1
7595, 30484, 4, 0, 30505, 30508, 24, 20, 6.00, 1
7596, 30495, 2, 0, 30503, 30504, 9, 7, 4.50, 1
7597, 30501, 4, 0, 30511, 30514, 13, 9, 3.25, 1
7598, 30508, 2, 0, 30509, 30510, 2, 0, 1.00, 1
7599, 30509, 4, 0, 30517, 30520, 11, 7, 2.75, 1
7600, 30512, 2, 0, 30515, 30516, 4, 2, 2.00, 1
7601, 30516, 5, 0, 30522, 30526, 10, 5, 2.00, 1
7602, 30518, 1, 0, 30521, 30521, 3, 2, 3.00, 1
7603, 30527, 2, 0, 30530, 30531, 4, 2, 2.00, 1
7604, 30530, 4, 0, 30535, 30538, 8, 4, 2.00, 1
7605, 30535, 1, 0, 30543, 30543, 8, 7, 8.00, 1
7606, 30536, 2, 0, 30544, 30545, 9, 7, 4.50, 1
7607, 30538, 3, 0, 30539, 30541, 3, 0, 1.00, 1
7608, 30539, 1, 0, 30542, 30542, 3, 2, 3.00, 1
7609, 30551, 4, 0, 30554, 30557, 6, 2, 1.50, 1
7610, 30552, 8, 0, 30559, 30566, 14, 6, 1.75, 1
7611, 30556, 1, 0, 30558, 30558, 2, 1, 2.00, 1
7612, 30559, 14, 0, 30567, 30580, 21, 7, 1.50, 1
7613, 30572, 4, 0, 42374, 42377, 11805, 11801, 2951.25, 1
7614, 30573, 5, 0, 42378, 42382, 11809, 11804, 2361.80, 1
7615, 30576, 10, 0, 30581, 30590, 14, 4, 1.40, 1
7616, 30582, 3, 0, 30592, 30594, 12, 9, 4.00, 1
7617, 30585, 1, 0, 30591, 30591, 6, 5, 6.00, 1
7618, 30592, 1, 0, 30595, 30595, 3, 2, 3.00, 1
7619, 30595, 5, 0, 30596, 30600, 5, 0, 1.00, 1
7620, 30600, 18, 0, 30601, 30618, 18, 0, 1.00, 1
7621, 30602, 1, 0, 42370, 42370, 11768, 11767, 11768.00, 1
7622, 30604, 3, 0, 42371, 42373, 11769, 11766, 3923.00, 1
7623, 30606, 2, 0, 42366, 42367, 11761, 11759, 5880.50, 1
7624, 30608, 2, 0, 42368, 42369, 11761, 11759, 5880.50, 1
7625, 30609, 12, 0, 30663, 30674, 65, 53, 5.42, 1
7626, 30610, 32, 0, 42334, 42365, 11755, 11723, 367.34, 1
7627, 30615, 9, 0, 30619, 30627, 12, 3, 1.33, 1
7628, 30620, 3, 0, 30637, 30639, 19, 16, 6.33, 1
7629, 30624, 10, 0, 30640, 30649, 25, 15, 2.50, 1
7630, 30625, 3, 0, 30628, 30630, 5, 2, 1.67, 1
7631, 30627, 5, 0, 30631, 30635, 8, 3, 1.60, 1
7632, 30631, 1, 0, 30636, 30636, 5, 4, 5.00, 1
7633, 30645, 8, 0, 30650, 30657, 12, 4, 1.50, 1
7634, 30650, 5, 0, 30658, 30662, 12, 7, 2.40, 1
7635, 30664, 2, 0, 42320, 42321, 11657, 11655, 5828.50, 1
7636, 30665, 1, 0, 42319, 42319, 11654, 11653, 11654.00, 1
7637, 30667, 12, 0, 42322, 42333, 11666, 11654, 972.17, 1
7638, 30668, 8, 0, 30675, 30682, 14, 6, 1.75, 1
7639, 30676, 2, 0, 30683, 30684, 8, 6, 4.00, 1
7640, 30679, 7, 0, 30691, 30697, 18, 11, 2.57, 1
7641, 30683, 4, 0, 30685, 30688, 5, 1, 1.25, 1
7642, 30686, 2, 0, 30689, 30690, 4, 2, 2.00, 1
7643, 30694, 3, 0, 42313, 42315, 11621, 11618, 3873.67, 1
7644, 30695, 3, 0, 42316, 42318, 11623, 11620, 3874.33, 1
7645, 30696, 4, 0, 30700, 30703, 7, 3, 1.75, 1
7646, 30697, 2, 0, 30698, 30699, 2, 0, 1.00, 1
7647, 30699, 8, 0, 30704, 30711, 12, 4, 1.50, 1
7648, 30705, 11, 0, 30736, 30746, 41, 30, 3.73, 1
7649, 30707, 2, 0, 30717, 30718, 11, 9, 5.50, 1
7650, 30708, 3, 0, 30719, 30721, 13, 10, 4.33, 1
7651, 30709, 5, 0, 30712, 30716, 7, 2, 1.40, 1
7652, 30719, 6, 0, 30722, 30727, 8, 2, 1.33, 1
7653, 30725, 8, 0, 30728, 30735, 10, 2, 1.25, 1
7654, 30739, 2, 0, 42306, 42307, 11568, 11566, 5784.00, 1
7655, 30742, 5, 0, 42308, 42312, 11570, 11565, 2314.00, 1
7656, 30743, 1, 0, 30747, 30747, 4, 3, 4.00, 1
7657, 30744, 10, 0, 30748, 30757, 13, 3, 1.30, 1
7658, 30747, 13, 0, 31085, 31097, 350, 337, 26.92, 1
7659, 30748, 3, 0, 30773, 30775, 27, 24, 9.00, 1
7660, 30750, 3, 0, 31078, 31080, 330, 327, 110.00, 1
7661, 30753, 1, 0, 30771, 30771, 18, 17, 18.00, 1
7662, 30754, 1, 0, 30772, 30772, 18, 17, 18.00, 1
7663, 30756, 6, 0, 30758, 30763, 7, 1, 1.17, 1
7664, 30761, 7, 0, 30764, 30770, 9, 2, 1.29, 1
7665, 30773, 4, 0, 31081, 31084, 311, 307, 77.75, 1
7666, 30774, 5, 0, 30776, 30780, 6, 1, 1.20, 1
7667, 30780, 2, 0, 30781, 30782, 2, 0, 1.00, 1
7668, 30781, 10, 0, 31045, 31054, 273, 263, 27.30, 1
7669, 30782, 8, 0, 30783, 30790, 8, 0, 1.00, 1
7670, 30783, 11, 0, 31058, 31068, 285, 274, 25.91, 1
7671, 30787, 2, 0, 30791, 30792, 5, 3, 2.50, 1
7672, 30789, 3, 0, 30817, 30819, 30, 27, 10.00, 1
7673, 30791, 4, 0, 30820, 30823, 32, 28, 8.00, 1
7674, 30792, 12, 0, 30793, 30804, 12, 0, 1.00, 1
7675, 30796, 1, 0, 30813, 30813, 17, 16, 17.00, 1
7676, 30799, 3, 0, 30814, 30816, 17, 14, 5.67, 1
7677, 30800, 3, 0, 30805, 30807, 7, 4, 2.33, 1
7678, 30807, 4, 0, 30808, 30811, 4, 0, 1.00, 1
7679, 30811, 1, 0, 30812, 30812, 1, 0, 1.00, 1
7680, 30820, 12, 0, 30875, 30886, 66, 54, 5.50, 1
7681, 30823, 7, 0, 30824, 30830, 7, 0, 1.00, 1
7682, 30824, 1, 0, 30831, 30831, 7, 6, 7.00, 1
7683, 30826, 9, 0, 30832, 30840, 14, 5, 1.56, 1
7684, 30833, 2, 0, 30844, 30845, 12, 10, 6.00, 1
7685, 30834, 4, 0, 30847, 30850, 16, 12, 4.00, 1
7686, 30835, 2, 0, 30842, 30843, 8, 6, 4.00, 1
7687, 30838, 1, 0, 30841, 30841, 3, 2, 3.00, 1
7688, 30844, 1, 0, 30846, 30846, 2, 1, 2.00, 1
7689, 30849, 9, 0, 30854, 30862, 13, 4, 1.44, 1
7690, 30850, 3, 0, 30851, 30853, 3, 0, 1.00, 1
7691, 30854, 2, 0, 30863, 30864, 10, 8, 5.00, 1
7692, 30862, 3, 0, 30865, 30867, 5, 2, 1.67, 1
7693, 30864, 7, 0, 30868, 30874, 10, 3, 1.43, 1
7694, 30884, 16, 0, 30916, 30931, 47, 31, 2.94, 1
7695, 30886, 4, 0, 30887, 30890, 4, 0, 1.00, 1
7696, 30887, 12, 0, 30894, 30905, 18, 6, 1.50, 1
7697, 30888, 3, 0, 30891, 30893, 5, 2, 1.67, 1
7698, 30894, 3, 0, 30909, 30911, 17, 14, 5.67, 1
7699, 30896, 2, 0, 30907, 30908, 12, 10, 6.00, 1
7700, 30901, 1, 0, 30906, 30906, 5, 4, 5.00, 1
7701, 30905, 4, 0, 30912, 30915, 10, 6, 2.50, 1
7702, 30917, 6, 0, 30950, 30955, 38, 32, 6.33, 1
7703, 30919, 2, 0, 30942, 30943, 24, 22, 12.00, 1
7704, 30920, 6, 0, 30970, 30975, 55, 49, 9.17, 1
7705, 30925, 6, 0, 30935, 30940, 15, 9, 2.50, 1
7706, 30931, 3, 0, 30932, 30934, 3, 0, 1.00, 1
7707, 30937, 1, 0, 30941, 30941, 4, 3, 4.00, 1
7708, 30943, 6, 0, 30944, 30949, 6, 0, 1.00, 1
7709, 30950, 4, 0, 30960, 30963, 13, 9, 3.25, 1
7710, 30952, 3, 0, 30957, 30959, 7, 4, 2.33, 1
7711, 30955, 1, 0, 30956, 30956, 1, 0, 1.00, 1
7712, 30962, 7, 0, 31013, 31019, 57, 50, 8.14, 1
7713, 30963, 6, 0, 30964, 30969, 6, 0, 1.00, 1
7714, 30972, 2, 0, 30976, 30977, 5, 3, 2.50, 1
7715, 30976, 18, 0, 31024, 31041, 65, 47, 3.61, 1
7716, 30977, 3, 0, 30978, 30980, 3, 0, 1.00, 1
7717, 30980, 10, 0, 30981, 30990, 10, 0, 1.00, 1
7718, 30983, 4, 0, 30997, 31000, 17, 13, 4.25, 1
7719, 30986, 3, 0, 30991, 30993, 7, 4, 2.33, 1
7720, 30992, 8, 0, 31003, 31010, 18, 10, 2.25, 1
7721, 30993, 1, 0, 30994, 30994, 1, 0, 1.00, 1
7722, 30994, 2, 0, 30995, 30996, 2, 0, 1.00, 1
7723, 30997, 2, 0, 31001, 31002, 5, 3, 2.50, 1
7724, 31008, 2, 0, 31011, 31012, 4, 2, 2.00, 1
7725, 31017, 4, 0, 31020, 31023, 6, 2, 1.50, 1
7726, 31038, 2, 0, 31042, 31043, 5, 3, 2.50, 1
7727, 31043, 1, 0, 31044, 31044, 1, 0, 1.00, 1
7728, 31051, 3, 0, 31055, 31057, 6, 3, 2.00, 1
7729, 31063, 9, 0, 31069, 31077, 14, 5, 1.56, 1
7730, 31090, 1, 0, 31098, 31098, 8, 7, 8.00, 1
7731, 31094, 5, 0, 31099, 31103, 9, 4, 1.80, 1
7732, 31101, 8, 0, 31104, 31111, 10, 2, 1.25, 1
7733, 31106, 2, 0, 31134, 31135, 29, 27, 14.50, 1
7734, 31107, 6, 0, 31136, 31141, 34, 28, 5.67, 1
7735, 31110, 6, 0, 31112, 31117, 7, 1, 1.17, 1
7736, 31117, 14, 0, 31118, 31131, 14, 0, 1.00, 1
7737, 31119, 2, 0, 31132, 31133, 14, 12, 7.00, 1
7738, 31139, 4, 0, 42297, 42300, 11161, 11157, 2790.25, 1
7739, 31140, 3, 0, 31142, 31144, 4, 1, 1.33, 1
7740, 31141, 5, 0, 42301, 42305, 11164, 11159, 2232.80, 1
7741, 31143, 7, 0, 31145, 31151, 8, 1, 1.14, 1
7742, 31146, 7, 0, 31152, 31158, 12, 5, 1.71, 1
7743, 31149, 9, 0, 42288, 42296, 11147, 11138, 1238.56, 1
7744, 31154, 8, 0, 42272, 42279, 11125, 11117, 1390.62, 1
7745, 31155, 6, 0, 31159, 31164, 9, 3, 1.50, 1
7746, 31156, 8, 0, 42280, 42287, 11131, 11123, 1391.38, 1
7747, 31160, 11, 0, 31165, 31175, 15, 4, 1.36, 1
7748, 31166, 8, 0, 42246, 42253, 11087, 11079, 1385.88, 1
7749, 31167, 5, 0, 31176, 31180, 13, 8, 2.60, 1
7750, 31173, 18, 0, 42254, 42271, 11098, 11080, 616.56, 1
7751, 31176, 2, 0, 31268, 31269, 93, 91, 46.50, 1
7752, 31177, 4, 0, 31270, 31273, 96, 92, 24.00, 1
7753, 31179, 3, 0, 31181, 31183, 4, 1, 1.33, 1
7754, 31181, 3, 0, 31184, 31186, 5, 2, 1.67, 1
7755, 31182, 4, 0, 31187, 31190, 8, 4, 2.00, 1
7756, 31187, 1, 0, 31191, 31191, 4, 3, 4.00, 1
7757, 31189, 5, 0, 31195, 31199, 10, 5, 2.00, 1
7758, 31191, 3, 0, 31192, 31194, 3, 0, 1.00, 1
7759, 31195, 14, 0, 31249, 31262, 67, 53, 4.79, 1
7760, 31196, 5, 0, 31200, 31204, 8, 3, 1.60, 1
7761, 31202, 8, 0, 31205, 31212, 10, 2, 1.25, 1
7762, 31209, 1, 0, 31213, 31213, 4, 3, 4.00, 1
7763, 31211, 6, 0, 31214, 31219, 8, 2, 1.33, 1
7764, 31214, 6, 0, 31220, 31225, 11, 5, 1.83, 1
7765, 31219, 8, 0, 31226, 31233, 14, 6, 1.75, 1
7766, 31226, 3, 0, 31241, 31243, 17, 14, 5.67, 1
7767, 31228, 1, 0, 31239, 31239, 11, 10, 11.00, 1
7768, 31230, 1, 0, 31240, 31240, 10, 9, 10.00, 1
7769, 31231, 5, 0, 31234, 31238, 7, 2, 1.40, 1
7770, 31241, 4, 0, 31245, 31248, 7, 3, 1.75, 1
7771, 31242, 1, 0, 31244, 31244, 2, 1, 2.00, 1
7772, 31249, 2, 0, 31263, 31264, 15, 13, 7.50, 1
7773, 31253, 2, 0, 31266, 31267, 14, 12, 7.00, 1
7774, 31264, 1, 0, 31265, 31265, 1, 0, 1.00, 1
7775, 31272, 14, 0, 31274, 31287, 15, 1, 1.07, 1
7776, 31275, 1, 0, 31298, 31298, 23, 22, 23.00, 1
7777, 31278, 3, 0, 31299, 31301, 23, 20, 7.67, 1
7778, 31280, 2, 0, 31289, 31290, 10, 8, 5.00, 1
7779, 31281, 2, 0, 31291, 31292, 11, 9, 5.50, 1
7780, 31282, 1, 0, 31288, 31288, 6, 5, 6.00, 1
7781, 31291, 4, 0, 31293, 31296, 5, 1, 1.25, 1
7782, 31293, 1, 0, 31297, 31297, 4, 3, 4.00, 1
7783, 31301, 4, 0, 31302, 31305, 4, 0, 1.00, 1
7784, 31304, 9, 0, 31306, 31314, 10, 1, 1.11, 1
7785, 31306, 6, 0, 31326, 31331, 25, 19, 4.17, 1
7786, 31308, 1, 0, 31320, 31320, 12, 11, 12.00, 1
7787, 31313, 2, 0, 31321, 31322, 9, 7, 4.50, 1
7788, 31314, 5, 0, 31315, 31319, 5, 0, 1.00, 1
7789, 31320, 3, 0, 31323, 31325, 5, 2, 1.67, 1
7790, 31322, 6, 0, 42234, 42239, 10917, 10911, 1819.50, 1
7791, 31326, 4, 0, 31335, 31338, 12, 8, 3.00, 1
7792, 31327, 3, 0, 31332, 31334, 7, 4, 2.33, 1
7793, 31334, 4, 0, 31347, 31350, 16, 12, 4.00, 1
7794, 31336, 3, 0, 31339, 31341, 5, 2, 1.67, 1
7795, 31338, 6, 0, 42240, 42245, 10907, 10901, 1817.83, 1
7796, 31340, 1, 0, 31342, 31342, 2, 1, 2.00, 1
7797, 31341, 3, 0, 31344, 31346, 5, 2, 1.67, 1
7798, 31342, 1, 0, 31343, 31343, 1, 0, 1.00, 1
7799, 31349, 4, 0, 31351, 31354, 5, 1, 1.25, 1
7800, 31350, 13, 0, 31360, 31372, 22, 9, 1.69, 1
7801, 31351, 4, 0, 31355, 31358, 7, 3, 1.75, 1
7802, 31355, 1, 0, 31359, 31359, 4, 3, 4.00, 1
7803, 31362, 1, 0, 42230, 42230, 10868, 10867, 10868.00, 1
7804, 31363, 3, 0, 42231, 42233, 10870, 10867, 3623.33, 1
7805, 31364, 1, 0, 42226, 42226, 10862, 10861, 10862.00, 1
7806, 31365, 3, 0, 42227, 42229, 10864, 10861, 3621.33, 1
7807, 31368, 1, 0, 31373, 31373, 5, 4, 5.00, 1
7808, 31372, 7, 0, 42209, 42215, 10843, 10836, 1549.00, 1
7809, 31373, 5, 0, 31374, 31378, 5, 0, 1.00, 1
7810, 31374, 2, 0, 31395, 31396, 22, 20, 11.00, 1
7811, 31377, 3, 0, 31549, 31551, 174, 171, 58.00, 1
7812, 31378, 6, 0, 31379, 31384, 6, 0, 1.00, 1
7813, 31383, 1, 0, 31385, 31385, 2, 1, 2.00, 1
7814, 31384, 1, 0, 31386, 31386, 2, 1, 2.00, 1
7815, 31385, 5, 0, 31387, 31391, 6, 1, 1.20, 1
7816, 31391, 3, 0, 31392, 31394, 3, 0, 1.00, 1
7817, 31395, 10, 0, 42216, 42225, 10830, 10820, 1083.00, 1
7818, 31396, 6, 0, 31397, 31402, 6, 0, 1.00, 1
7819, 31397, 2, 0, 31403, 31404, 7, 5, 3.50, 1
7820, 31398, 8, 0, 31405, 31412, 14, 6, 1.75, 1
7821, 31405, 2, 0, 31536, 31537, 132, 130, 66.00, 1
7822, 31406, 1, 0, 31534, 31534, 128, 127, 128.00, 1
7823, 31408, 4, 0, 31538, 31541, 133, 129, 33.25, 1
7824, 31409, 6, 0, 31414, 31419, 10, 4, 1.67, 1
7825, 31410, 1, 0, 31413, 31413, 3, 2, 3.00, 1
7826, 31414, 1, 0, 31420, 31420, 6, 5, 6.00, 1
7827, 31418, 2, 0, 31421, 31422, 4, 2, 2.00, 1
7828, 31420, 8, 0, 31425, 31432, 12, 4, 1.50, 1
7829, 31422, 2, 0, 31423, 31424, 2, 0, 1.00, 1
7830, 31425, 1, 0, 31436, 31436, 11, 10, 11.00, 1
7831, 31427, 13, 0, 31437, 31449, 22, 9, 1.69, 1
7832, 31431, 1, 0, 31433, 31433, 2, 1, 2.00, 1
7833, 31432, 2, 0, 31434, 31435, 3, 1, 1.50, 1
7834, 31437, 4, 0, 31450, 31453, 16, 12, 4.00, 1
7835, 31451, 8, 0, 31455, 31462, 11, 3, 1.38, 1
7836, 31453, 1, 0, 31454, 31454, 1, 0, 1.00, 1
7837, 31458, 11, 0, 31463, 31473, 15, 4, 1.36, 1
7838, 31464, 1, 0, 31530, 31530, 66, 65, 66.00, 1
7839, 31471, 2, 0, 31531, 31532, 61, 59, 30.50, 1
7840, 31472, 11, 0, 31474, 31484, 12, 1, 1.09, 1
7841, 31475, 2, 0, 31488, 31489, 14, 12, 7.00, 1
7842, 31477, 1, 0, 31487, 31487, 10, 9, 10.00, 1
7843, 31481, 12, 0, 31494, 31505, 24, 12, 2.00, 1
7844, 31482, 2, 0, 31485, 31486, 4, 2, 2.00, 1
7845, 31489, 3, 0, 31490, 31492, 3, 0, 1.00, 1
7846, 31490, 1, 0, 31493, 31493, 3, 2, 3.00, 1
7847, 31494, 3, 0, 31509, 31511, 17, 14, 5.67, 1
7848, 31502, 2, 0, 31506, 31507, 5, 3, 2.50, 1
7849, 31503, 3, 0, 31513, 31515, 12, 9, 4.00, 1
7850, 31507, 1, 0, 31508, 31508, 1, 0, 1.00, 1
7851, 31509, 1, 0, 31512, 31512, 3, 2, 3.00, 1
7852, 31511, 3, 0, 31516, 31518, 7, 4, 2.33, 1
7853, 31517, 3, 0, 31519, 31521, 4, 1, 1.33, 1
7854, 31518, 3, 0, 31522, 31524, 6, 3, 2.00, 1
7855, 31520, 5, 0, 31525, 31529, 9, 4, 1.80, 1
7856, 31531, 1, 0, 31533, 31533, 2, 1, 2.00, 1
7857, 31534, 1, 0, 31535, 31535, 1, 0, 1.00, 1
7858, 31539, 3, 0, 31542, 31544, 5, 2, 1.67, 1
7859, 31540, 4, 0, 31545, 31548, 8, 4, 2.00, 1
7860, 31550, 3, 0, 31552, 31554, 4, 1, 1.33, 1
7861, 31554, 14, 0, 31555, 31568, 14, 0, 1.00, 1
7862, 31556, 13, 0, 42196, 42208, 10652, 10639, 819.38, 1
7863, 31559, 8, 0, 42176, 42183, 10624, 10616, 1328.00, 1
7864, 31561, 6, 0, 31569, 31574, 13, 7, 2.17, 1
7865, 31563, 12, 0, 42184, 42195, 10632, 10620, 886.00, 1
7866, 31569, 1, 0, 31575, 31575, 6, 5, 6.00, 1
7867, 31573, 5, 0, 31576, 31580, 7, 2, 1.40, 1
7868, 31576, 10, 0, 31581, 31590, 14, 4, 1.40, 1
7869, 31577, 23, 0, 31750, 31772, 195, 172, 8.48, 1
7870, 31582, 16, 0, 31614, 31629, 47, 31, 2.94, 1
7871, 31585, 4, 0, 31593, 31596, 11, 7, 2.75, 1
7872, 31590, 2, 0, 31591, 31592, 2, 0, 1.00, 1
7873, 31591, 5, 0, 31597, 31601, 10, 5, 2.00, 1
7874, 31597, 6, 0, 31608, 31613, 16, 10, 2.67, 1
7875, 31601, 5, 0, 31602, 31606, 5, 0, 1.00, 1
7876, 31606, 1, 0, 31607, 31607, 1, 0, 1.00, 1
7877, 31616, 1, 0, 31745, 31745, 129, 128, 129.00, 1
7878, 31621, 1, 0, 31746, 31746, 125, 124, 125.00, 1
7879, 31622, 3, 0, 31716, 31718, 96, 93, 32.00, 1
7880, 31624, 15, 0, 31721, 31735, 111, 96, 7.40, 1
7881, 31625, 1, 0, 31630, 31630, 5, 4, 5.00, 1
7882, 31628, 3, 0, 31631, 31633, 5, 2, 1.67, 1
7883, 31631, 1, 0, 31707, 31707, 76, 75, 76.00, 1
7884, 31632, 8, 0, 31708, 31715, 83, 75, 10.38, 1
7885, 31633, 4, 0, 31634, 31637, 4, 0, 1.00, 1
7886, 31634, 1, 0, 31638, 31638, 4, 3, 4.00, 1
7887, 31637, 1, 0, 31639, 31639, 2, 1, 2.00, 1
7888, 31638, 10, 0, 31640, 31649, 11, 1, 1.10, 1
7889, 31641, 11, 0, 31676, 31686, 45, 34, 4.09, 1
7890, 31648, 8, 0, 31650, 31657, 9, 1, 1.12, 1
7891, 31650, 2, 0, 31658, 31659, 9, 7, 4.50, 1
7892, 31651, 8, 0, 31660, 31667, 16, 8, 2.00, 1
7893, 31662, 2, 0, 31669, 31670, 8, 6, 4.00, 1
7894, 31663, 2, 0, 31671, 31672, 9, 7, 4.50, 1
7895, 31667, 1, 0, 31668, 31668, 1, 0, 1.00, 1
7896, 31671, 2, 0, 31673, 31674, 3, 1, 1.50, 1
7897, 31674, 1, 0, 31675, 31675, 1, 0, 1.00, 1
7898, 31676, 3, 0, 31687, 31689, 13, 10, 4.33, 1
7899, 31680, 6, 0, 31690, 31695, 15, 9, 2.50, 1
7900, 31692, 10, 0, 31696, 31705, 13, 3, 1.30, 1
7901, 31704, 1, 0, 31706, 31706, 2, 1, 2.00, 1
7902, 31716, 2, 0, 31719, 31720, 4, 2, 2.00, 1
7903, 31724, 2, 0, 31736, 31737, 13, 11, 6.50, 1
7904, 31737, 7, 0, 31738, 31744, 7, 0, 1.00, 1
7905, 31745, 3, 0, 31747, 31749, 4, 1, 1.33, 1
7906, 31750, 1, 0, 42171, 42171, 10421, 10420, 10421.00, 1
7907, 31752, 4, 0, 42172, 42175, 10423, 10419, 2605.75, 1
7908, 31754, 7, 0, 42164, 42170, 10416, 10409, 1488.00, 1
7909, 31756, 4, 0, 42155, 42158, 10402, 10398, 2600.50, 1
7910, 31759, 1, 0, 42154, 42154, 10395, 10394, 10395.00, 1
7911, 31761, 5, 0, 42159, 42163, 10402, 10397, 2080.40, 1
7912, 31763, 7, 0, 31788, 31794, 31, 24, 4.43, 1
7913, 31767, 3, 0, 31773, 31775, 8, 5, 2.67, 1
7914, 31774, 6, 0, 31776, 31781, 7, 1, 1.17, 1
7915, 31775, 21, 0, 42108, 42128, 10353, 10332, 493.00, 1
7916, 31778, 5, 0, 31782, 31786, 8, 3, 1.60, 1
7917, 31783, 1, 0, 31787, 31787, 4, 3, 4.00, 1
7918, 31793, 8, 0, 31795, 31802, 9, 1, 1.12, 1
7919, 31796, 12, 0, 31834, 31845, 49, 37, 4.08, 1
7920, 31801, 4, 0, 31803, 31806, 5, 1, 1.25, 1
7921, 31803, 9, 0, 31809, 31817, 14, 5, 1.56, 1
7922, 31805, 2, 0, 31807, 31808, 3, 1, 1.50, 1
7923, 31809, 19, 0, 31889, 31907, 98, 79, 5.16, 1
7924, 31810, 3, 0, 31818, 31820, 10, 7, 3.33, 1
7925, 31814, 6, 0, 31825, 31830, 16, 10, 2.67, 1
7926, 31819, 4, 0, 31821, 31824, 5, 1, 1.25, 1
7927, 31827, 3, 0, 31831, 31833, 6, 3, 2.00, 1
7928, 31834, 1, 0, 31848, 31848, 14, 13, 14.00, 1
7929, 31837, 25, 0, 42129, 42153, 10316, 10291, 412.64, 1
7930, 31839, 2, 0, 31846, 31847, 8, 6, 4.00, 1
7931, 31848, 6, 0, 31849, 31854, 6, 0, 1.00, 1
7932, 31851, 1, 0, 31876, 31876, 25, 24, 25.00, 1
7933, 31852, 3, 0, 31877, 31879, 27, 24, 9.00, 1
7934, 31853, 3, 0, 31855, 31857, 4, 1, 1.33, 1
7935, 31854, 7, 0, 31869, 31875, 21, 14, 3.00, 1
7936, 31855, 3, 0, 31858, 31860, 5, 2, 1.67, 1
7937, 31856, 4, 0, 31861, 31864, 8, 4, 2.00, 1
7938, 31858, 4, 0, 31865, 31868, 10, 6, 2.50, 1
7939, 31877, 2, 0, 31880, 31881, 4, 2, 2.00, 1
7940, 31880, 4, 0, 31883, 31886, 6, 2, 1.50, 1
7941, 31881, 1, 0, 31882, 31882, 1, 0, 1.00, 1
7942, 31886, 2, 0, 31887, 31888, 2, 0, 1.00, 1
7943, 31896, 3, 0, 42095, 42097, 10201, 10198, 3400.33, 1
7944, 31901, 10, 0, 42098, 42107, 10206, 10196, 1020.60, 1
7945, 31903, 4, 0, 31908, 31911, 8, 4, 2.00, 1
7946, 31906, 27, 0, 31912, 31938, 32, 5, 1.19, 1
7947, 31914, 10, 0, 42085, 42094, 10180, 10170, 1018.00, 1
7948, 31917, 2, 0, 42081, 42082, 10165, 10163, 5082.50, 1
7949, 31922, 2, 0, 42083, 42084, 10162, 10160, 5081.00, 1
7950, 31923, 1, 0, 31958, 31958, 35, 34, 35.00, 1
7951, 31927, 4, 0, 31959, 31962, 35, 31, 8.75, 1
7952, 31931, 6, 0, 31946, 31951, 20, 14, 3.33, 1
7953, 31934, 2, 0, 31939, 31940, 6, 4, 3.00, 1
7954, 31935, 5, 0, 31941, 31945, 10, 5, 2.00, 1
7955, 31949, 2, 0, 31952, 31953, 4, 2, 2.00, 1
7956, 31953, 4, 0, 31954, 31957, 4, 0, 1.00, 1
7957, 31960, 7, 0, 31964, 31970, 10, 3, 1.43, 1
7958, 31961, 1, 0, 31963, 31963, 2, 1, 2.00, 1
7959, 31964, 3, 0, 31973, 31975, 11, 8, 3.67, 1
7960, 31970, 2, 0, 31971, 31972, 2, 0, 1.00, 1
7961, 31973, 7, 0, 31976, 31982, 9, 2, 1.29, 1
7962, 31975, 10, 0, 31983, 31992, 17, 7, 1.70, 1
7963, 31986, 1, 0, 31993, 31993, 7, 6, 7.00, 1
7964, 31992, 4, 0, 31994, 31997, 5, 1, 1.25, 1
7965, 31997, 2, 0, 31998, 31999, 2, 0, 1.00, 1
7966, 31998, 3, 0, 32000, 32002, 4, 1, 1.33, 1
7967, 32001, 4, 0, 32003, 32006, 5, 1, 1.25, 1
7968, 32004, 9, 0, 32016, 32024, 20, 11, 2.22, 1
7969, 32006, 5, 0, 32007, 32011, 5, 0, 1.00, 1
7970, 32008, 2, 0, 32012, 32013, 5, 3, 2.50, 1
7971, 32013, 2, 0, 32014, 32015, 2, 0, 1.00, 1
7972, 32019, 8, 0, 32031, 32038, 19, 11, 2.38, 1
7973, 32020, 3, 0, 32027, 32029, 9, 6, 3.00, 1
7974, 32022, 2, 0, 32025, 32026, 4, 2, 2.00, 1
7975, 32028, 1, 0, 32030, 32030, 2, 1, 2.00, 1
7976, 32032, 5, 0, 32039, 32043, 11, 6, 2.20, 1
7977, 32033, 10, 0, 32044, 32053, 20, 10, 2.00, 1
7978, 32047, 8, 0, 32054, 32061, 14, 6, 1.75, 1
7979, 32058, 11, 0, 32062, 32072, 14, 3, 1.27, 1
7980, 32060, 11, 0, 32132, 32142, 82, 71, 7.45, 1
7981, 32062, 3, 0, 32121, 32123, 61, 58, 20.33, 1
7982, 32064, 8, 0, 32124, 32131, 67, 59, 8.38, 1
7983, 32066, 3, 0, 32076, 32078, 12, 9, 4.00, 1
7984, 32069, 5, 0, 32082, 32086, 17, 12, 3.40, 1
7985, 32071, 1, 0, 32073, 32073, 2, 1, 2.00, 1
7986, 32072, 2, 0, 32074, 32075, 3, 1, 1.50, 1
7987, 32078, 1, 0, 32079, 32079, 1, 0, 1.00, 1
7988, 32079, 2, 0, 32080, 32081, 2, 0, 1.00, 1
7989, 32082, 1, 0, 32114, 32114, 32, 31, 32.00, 1
7990, 32083, 6, 0, 32115, 32120, 37, 31, 6.17, 1
7991, 32085, 3, 0, 32087, 32089, 4, 1, 1.33, 1
7992, 32086, 7, 0, 32103, 32109, 23, 16, 3.29, 1
7993, 32089, 4, 0, 32090, 32093, 4, 0, 1.00, 1
7994, 32092, 4, 0, 32094, 32097, 5, 1, 1.25, 1
7995, 32094, 2, 0, 32100, 32101, 7, 5, 3.50, 1
7996, 32095, 1, 0, 32098, 32098, 3, 2, 3.00, 1
7997, 32096, 1, 0, 32099, 32099, 3, 2, 3.00, 1
7998, 32100, 1, 0, 32102, 32102, 2, 1, 2.00, 1
7999, 32104, 1, 0, 32110, 32110, 6, 5, 6.00, 1
8000, 32107, 3, 0, 32111, 32113, 6, 3, 2.00, 1
8001, 32132, 3, 0, 42067, 42069, 9937, 9934, 3312.33, 1
8002, 32138, 11, 0, 42070, 42080, 9942, 9931, 903.82, 1
8003, 32139, 1, 0, 32143, 32143, 4, 3, 4.00, 1
8004, 32141, 9, 0, 32144, 32152, 11, 2, 1.22, 1
8005, 32144, 3, 0, 42061, 42063, 9919, 9916, 3306.33, 1
8006, 32146, 3, 0, 42064, 42066, 9920, 9917, 3306.67, 1
8007, 32147, 17, 0, 32154, 32170, 23, 6, 1.35, 1
8008, 32151, 1, 0, 32153, 32153, 2, 1, 2.00, 1
8009, 32158, 8, 0, 32212, 32219, 61, 53, 7.62, 1
8010, 32159, 4, 0, 32171, 32174, 15, 11, 3.75, 1
8011, 32172, 2, 0, 32175, 32176, 4, 2, 2.00, 1
8012, 32173, 2, 0, 32177, 32178, 5, 3, 2.50, 1
8013, 32175, 9, 0, 32220, 32228, 53, 44, 5.89, 1
8014, 32177, 3, 0, 32179, 32181, 4, 1, 1.33, 1
8015, 32179, 9, 0, 32182, 32190, 11, 2, 1.22, 1
8016, 32183, 3, 0, 32191, 32193, 10, 7, 3.33, 1
8017, 32188, 16, 0, 32194, 32209, 21, 5, 1.31, 1
8018, 32203, 2, 0, 32210, 32211, 8, 6, 4.00, 1
8019, 32213, 15, 0, 42046, 42060, 9847, 9832, 656.47, 1
8020, 32220, 9, 0, 42028, 42036, 9816, 9807, 1090.67, 1
8021, 32226, 3, 0, 32229, 32231, 5, 2, 1.67, 1
8022, 32227, 6, 0, 32234, 32239, 12, 6, 2.00, 1
8023, 32229, 2, 0, 32232, 32233, 4, 2, 2.00, 1
8024, 32234, 3, 0, 32240, 32242, 8, 5, 2.67, 1
8025, 32237, 9, 0, 42037, 42045, 9808, 9799, 1089.78, 1
8026, 32240, 4, 0, 42018, 42021, 9781, 9777, 2445.25, 1
8027, 32241, 6, 0, 42022, 42027, 9786, 9780, 1631.00, 1
8028, 32242, 2, 0, 32243, 32244, 2, 0, 1.00, 1
8029, 32243, 3, 0, 32245, 32247, 4, 1, 1.33, 1
8030, 32247, 7, 0, 32248, 32254, 7, 0, 1.00, 1
8031, 32248, 8, 0, 32267, 32274, 26, 18, 3.25, 1
8032, 32253, 1, 0, 32255, 32255, 2, 1, 2.00, 1
8033, 32254, 3, 0, 32256, 32258, 4, 1, 1.33, 1
8034, 32256, 7, 0, 32259, 32265, 9, 2, 1.29, 1
8035, 32259, 1, 0, 32266, 32266, 7, 6, 7.00, 1
8036, 32270, 5, 0, 32338, 32342, 72, 67, 14.40, 1
8037, 32273, 5, 0, 32343, 32347, 74, 69, 14.80, 1
8038, 32274, 5, 0, 32275, 32279, 5, 0, 1.00, 1
8039, 32275, 5, 0, 32280, 32284, 9, 4, 1.80, 1
8040, 32280, 5, 0, 32289, 32293, 13, 8, 2.60, 1
8041, 32282, 4, 0, 32285, 32288, 6, 2, 1.50, 1
8042, 32288, 5, 0, 32322, 32326, 38, 33, 7.60, 1
8043, 32291, 9, 0, 32327, 32335, 44, 35, 4.89, 1
8044, 32292, 4, 0, 32294, 32297, 5, 1, 1.25, 1
8045, 32295, 2, 0, 32298, 32299, 4, 2, 2.00, 1
8046, 32299, 15, 0, 32300, 32314, 15, 0, 1.00, 1
8047, 32303, 4, 0, 32318, 32321, 18, 14, 4.50, 1
8048, 32305, 3, 0, 32315, 32317, 12, 9, 4.00, 1
8049, 32332, 2, 0, 32336, 32337, 5, 3, 2.50, 1
8050, 32342, 6, 0, 41993, 41998, 9656, 9650, 1609.33, 1
8051, 32344, 19, 0, 41999, 42017, 9673, 9654, 509.11, 1
8052, 32346, 5, 0, 32348, 32352, 6, 1, 1.20, 1
8053, 32347, 8, 0, 32353, 32360, 13, 5, 1.62, 1
8054, 32355, 5, 0, 32370, 32374, 19, 14, 3.80, 1
8055, 32357, 4, 0, 32362, 32365, 8, 4, 2.00, 1
8056, 32360, 1, 0, 32361, 32361, 1, 0, 1.00, 1
8057, 32361, 4, 0, 32366, 32369, 8, 4, 2.00, 1
8058, 32370, 3, 0, 41985, 41987, 9617, 9614, 3205.67, 1
8059, 32371, 5, 0, 41988, 41992, 9621, 9616, 1924.20, 1
8060, 32374, 4, 0, 32375, 32378, 4, 0, 1.00, 1
8061, 32375, 2, 0, 32379, 32380, 5, 3, 2.50, 1
8062, 32378, 6, 0, 32388, 32393, 15, 9, 2.50, 1
8063, 32379, 1, 0, 32381, 32381, 2, 1, 2.00, 1
8064, 32380, 1, 0, 32382, 32382, 2, 1, 2.00, 1
8065, 32381, 3, 0, 32385, 32387, 6, 3, 2.00, 1
8066, 32382, 2, 0, 32383, 32384, 2, 0, 1.00, 1
8067, 32392, 8, 0, 32394, 32401, 9, 1, 1.12, 1
8068, 32394, 10, 0, 32610, 32619, 225, 215, 22.50, 1
8069, 32395, 1, 0, 32413, 32413, 18, 17, 18.00, 1
8070, 32397, 7, 0, 32414, 32420, 23, 16, 3.29, 1
8071, 32399, 8, 0, 32402, 32409, 10, 2, 1.25, 1
8072, 32409, 3, 0, 32410, 32412, 3, 0, 1.00, 1
8073, 32416, 20, 0, 32621, 32640, 224, 204, 11.20, 1
8074, 32418, 5, 0, 32421, 32425, 7, 2, 1.40, 1
8075, 32425, 4, 0, 32426, 32429, 4, 0, 1.00, 1
8076, 32429, 12, 0, 32430, 32441, 12, 0, 1.00, 1
8077, 32432, 9, 0, 32450, 32458, 26, 17, 2.89, 1
8078, 32435, 3, 0, 32442, 32444, 9, 6, 3.00, 1
8079, 32436, 4, 0, 32445, 32448, 12, 8, 3.00, 1
8080, 32447, 1, 0, 32449, 32449, 2, 1, 2.00, 1
8081, 32451, 5, 0, 32460, 32464, 13, 8, 2.60, 1
8082, 32454, 1, 0, 32459, 32459, 5, 4, 5.00, 1
8083, 32460, 2, 0, 32605, 32606, 146, 144, 73.00, 1
8084, 32461, 2, 0, 32607, 32608, 147, 145, 73.50, 1
8085, 32464, 9, 0, 32465, 32473, 9, 0, 1.00, 1
8086, 32467, 12, 0, 32560, 32571, 104, 92, 8.67, 1
8087, 32468, 3, 0, 32475, 32477, 9, 6, 3.00, 1
8088, 32469, 3, 0, 32480, 32482, 13, 10, 4.33, 1
8089, 32472, 1, 0, 32474, 32474, 2, 1, 2.00, 1
8090, 32477, 2, 0, 32478, 32479, 2, 0, 1.00, 1
8091, 32479, 11, 0, 32483, 32493, 14, 3, 1.27, 1
8092, 32485, 6, 0, 32544, 32549, 64, 58, 10.67, 1
8093, 32486, 2, 0, 32532, 32533, 47, 45, 23.50, 1
8094, 32488, 5, 0, 32534, 32538, 50, 45, 10.00, 1
8095, 32491, 13, 0, 32509, 32521, 30, 17, 2.31, 1
8096, 32493, 8, 0, 32494, 32501, 8, 0, 1.00, 1
8097, 32500, 2, 0, 32502, 32503, 3, 1, 1.50, 1
8098, 32503, 5, 0, 32504, 32508, 5, 0, 1.00, 1
8099, 32517, 1, 0, 32522, 32522, 5, 4, 5.00, 1
8100, 32522, 9, 0, 32523, 32531, 9, 0, 1.00, 1
8101, 32535, 2, 0, 32539, 32540, 5, 3, 2.50, 1
8102, 32538, 3, 0, 32541, 32543, 5, 2, 1.67, 1
8103, 32541, 10, 0, 32550, 32559, 18, 8, 1.80, 1
8104, 32566, 5, 0, 32572, 32576, 10, 5, 2.00, 1
8105, 32568, 17, 0, 32579, 32595, 27, 10, 1.59, 1
8106, 32575, 2, 0, 32577, 32578, 3, 1, 1.50, 1
8107, 32579, 2, 0, 32601, 32602, 23, 21, 11.50, 1
8108, 32585, 2, 0, 32603, 32604, 19, 17, 9.50, 1
8109, 32588, 1, 0, 32596, 32596, 8, 7, 8.00, 1
8110, 32592, 3, 0, 32597, 32599, 7, 4, 2.33, 1
8111, 32598, 1, 0, 32600, 32600, 2, 1, 2.00, 1
8112, 32608, 1, 0, 32609, 32609, 1, 0, 1.00, 1
8113, 32618, 1, 0, 32620, 32620, 2, 1, 2.00, 1
8114, 32625, 2, 0, 41981, 41982, 9357, 9355, 4678.50, 1
8115, 32629, 2, 0, 41983, 41984, 9355, 9353, 4677.50, 1
8116, 32630, 9, 0, 41960, 41968, 9338, 9329, 1037.56, 1
8117, 32632, 2, 0, 33018, 33019, 387, 385, 193.50, 1
8118, 32634, 2, 0, 33020, 33021, 387, 385, 193.50, 1
8119, 32639, 3, 0, 32641, 32643, 4, 1, 1.33, 1
8120, 32640, 11, 0, 32644, 32654, 14, 3, 1.27, 1
8121, 32645, 1, 0, 32667, 32667, 22, 21, 22.00, 1
8122, 32649, 5, 0, 32668, 32672, 23, 18, 4.60, 1
8123, 32652, 8, 0, 32655, 32662, 10, 2, 1.25, 1
8124, 32660, 4, 0, 32663, 32666, 6, 2, 1.50, 1
8125, 32669, 5, 0, 32682, 32686, 17, 12, 3.40, 1
8126, 32671, 2, 0, 32673, 32674, 3, 1, 1.50, 1
8127, 32673, 4, 0, 32675, 32678, 5, 1, 1.25, 1
8128, 32675, 3, 0, 32679, 32681, 6, 3, 2.00, 1
8129, 32683, 11, 0, 32687, 32697, 14, 3, 1.27, 1
8130, 32687, 7, 0, 33009, 33015, 328, 321, 46.86, 1
8131, 32689, 1, 0, 33005, 33005, 316, 315, 316.00, 1
8132, 32690, 3, 0, 33006, 33008, 318, 315, 106.00, 1
8133, 32692, 15, 0, 32698, 32712, 20, 5, 1.33, 1
8134, 32698, 3, 0, 32996, 32998, 300, 297, 100.00, 1
8135, 32702, 6, 0, 32999, 33004, 302, 296, 50.33, 1
8136, 32704, 5, 0, 32979, 32983, 279, 274, 55.80, 1
8137, 32708, 2, 0, 32974, 32975, 267, 265, 133.50, 1
8138, 32709, 3, 0, 32976, 32978, 269, 266, 89.67, 1
8139, 32711, 4, 0, 32713, 32716, 5, 1, 1.25, 1
8140, 32713, 6, 0, 32729, 32734, 21, 15, 3.50, 1
8141, 32715, 3, 0, 32717, 32719, 4, 1, 1.33, 1
8142, 32718, 4, 0, 32721, 32724, 6, 2, 1.50, 1
8143, 32719, 1, 0, 32720, 32720, 1, 0, 1.00, 1
8144, 32722, 8, 0, 32740, 32747, 25, 17, 3.12, 1
8145, 32724, 1, 0, 32725, 32725, 1, 0, 1.00, 1
8146, 32725, 2, 0, 32726, 32727, 2, 0, 1.00, 1
8147, 32726, 1, 0, 32728, 32728, 2, 1, 2.00, 1
8148, 32731, 3, 0, 32737, 32739, 8, 5, 2.67, 1
8149, 32734, 2, 0, 32735, 32736, 2, 0, 1.00, 1
8150, 32741, 10, 0, 32838, 32847, 106, 96, 10.60, 1
8151, 32742, 5, 0, 32833, 32837, 95, 90, 19.00, 1
8152, 32744, 12, 0, 32863, 32874, 130, 118, 10.83, 1
8153, 32745, 5, 0, 32749, 32753, 8, 3, 1.60, 1
8154, 32747, 1, 0, 32748, 32748, 1, 0, 1.00, 1
8155, 32751, 12, 0, 32758, 32769, 18, 6, 1.50, 1
8156, 32753, 4, 0, 32754, 32757, 4, 0, 1.00, 1
8157, 32760, 1, 0, 32786, 32786, 26, 25, 26.00, 1
8158, 32762, 8, 0, 32787, 32794, 32, 24, 4.00, 1
8159, 32763, 4, 0, 32770, 32773, 10, 6, 2.50, 1
8160, 32767, 4, 0, 32774, 32777, 10, 6, 2.50, 1
8161, 32774, 1, 0, 32780, 32780, 6, 5, 6.00, 1
8162, 32775, 5, 0, 32781, 32785, 10, 5, 2.00, 1
8163, 32776, 2, 0, 32778, 32779, 3, 1, 1.50, 1
8164, 32791, 3, 0, 32795, 32797, 6, 3, 2.00, 1
8165, 32795, 2, 0, 32798, 32799, 4, 2, 2.00, 1
8166, 32798, 2, 0, 32800, 32801, 3, 1, 1.50, 1
8167, 32800, 4, 0, 32802, 32805, 5, 1, 1.25, 1
8168, 32801, 5, 0, 32811, 32815, 14, 9, 2.80, 1
8169, 32805, 1, 0, 32806, 32806, 1, 0, 1.00, 1
8170, 32806, 3, 0, 32807, 32809, 3, 0, 1.00, 1
8171, 32808, 1, 0, 32810, 32810, 2, 1, 2.00, 1
8172, 32810, 5, 0, 32821, 32825, 15, 10, 3.00, 1
8173, 32812, 4, 0, 32816, 32819, 7, 3, 1.75, 1
8174, 32813, 5, 0, 32826, 32830, 17, 12, 3.40, 1
8175, 32817, 1, 0, 32820, 32820, 3, 2, 3.00, 1
8176, 32826, 1, 0, 32831, 32831, 5, 4, 5.00, 1
8177, 32828, 1, 0, 32832, 32832, 4, 3, 4.00, 1
8178, 32838, 1, 0, 32851, 32851, 13, 12, 13.00, 1
8179, 32840, 6, 0, 32852, 32857, 17, 11, 2.83, 1
8180, 32841, 3, 0, 32848, 32850, 9, 6, 3.00, 1
8181, 32852, 4, 0, 32858, 32861, 9, 5, 2.25, 1
8182, 32859, 1, 0, 32862, 32862, 3, 2, 3.00, 1
8183, 32864, 10, 0, 32877, 32886, 22, 12, 2.20, 1
8184, 32867, 1, 0, 32875, 32875, 8, 7, 8.00, 1
8185, 32873, 1, 0, 32876, 32876, 3, 2, 3.00, 1
8186, 32883, 6, 0, 32958, 32963, 80, 74, 13.33, 1
8187, 32884, 4, 0, 32887, 32890, 6, 2, 1.50, 1
8188, 32887, 8, 0, 32964, 32971, 84, 76, 10.50, 1
8189, 32888, 2, 0, 32892, 32893, 5, 3, 2.50, 1
8190, 32889, 9, 0, 32896, 32904, 15, 6, 1.67, 1
8191, 32890, 1, 0, 32891, 32891, 1, 0, 1.00, 1
8192, 32893, 2, 0, 32894, 32895, 2, 0, 1.00, 1
8193, 32897, 4, 0, 32926, 32929, 32, 28, 8.00, 1
8194, 32899, 8, 0, 32931, 32938, 39, 31, 4.88, 1
8195, 32900, 5, 0, 32909, 32913, 13, 8, 2.60, 1
8196, 32901, 8, 0, 32914, 32921, 20, 12, 2.50, 1
8197, 32902, 4, 0, 32905, 32908, 6, 2, 1.50, 1
8198, 32916, 4, 0, 32922, 32925, 9, 5, 2.25, 1
8199, 32926, 10, 0, 32947, 32956, 30, 20, 3.00, 1
8200, 32927, 1, 0, 32930, 32930, 3, 2, 3.00, 1
8201, 32933, 1, 0, 32939, 32939, 6, 5, 6.00, 1
8202, 32938, 2, 0, 32940, 32941, 3, 1, 1.50, 1
8203, 32941, 5, 0, 32942, 32946, 5, 0, 1.00, 1
8204, 32955, 1, 0, 32957, 32957, 2, 1, 2.00, 1
8205, 32969, 2, 0, 32972, 32973, 4, 2, 2.00, 1
8206, 32974, 6, 0, 32984, 32989, 15, 9, 2.50, 1
8207, 32984, 2, 0, 32990, 32991, 7, 5, 3.50, 1
8208, 32986, 3, 0, 32992, 32994, 8, 5, 2.67, 1
8209, 32992, 1, 0, 32995, 32995, 3, 2, 3.00, 1
8210, 33013, 1, 0, 33016, 33016, 3, 2, 3.00, 1
8211, 33014, 1, 0, 33017, 33017, 3, 2, 3.00, 1
8212, 33020, 6, 0, 33034, 33039, 19, 13, 3.17, 1
8213, 33021, 3, 0, 33022, 33024, 3, 0, 1.00, 1
8214, 33023, 5, 0, 33028, 33032, 9, 4, 1.80, 1
8215, 33024, 3, 0, 33025, 33027, 3, 0, 1.00, 1
8216, 33030, 12, 0, 41969, 41980, 8950, 8938, 745.83, 1
8217, 33032, 1, 0, 33033, 33033, 1, 0, 1.00, 1
8218, 33037, 2, 0, 33040, 33041, 4, 2, 2.00, 1
8219, 33039, 9, 0, 33051, 33059, 20, 11, 2.22, 1
8220, 33040, 2, 0, 33042, 33043, 3, 1, 1.50, 1
8221, 33043, 3, 0, 33044, 33046, 3, 0, 1.00, 1
8222, 33045, 4, 0, 33047, 33050, 5, 1, 1.25, 1
8223, 33048, 11, 0, 41937, 41947, 8899, 8888, 809.00, 1
8224, 33059, 4, 0, 33060, 33063, 4, 0, 1.00, 1
8225, 33061, 12, 0, 41948, 41959, 8898, 8886, 741.50, 1
8226, 33063, 10, 0, 33064, 33073, 10, 0, 1.00, 1
8227, 33067, 6, 0, 33081, 33086, 19, 13, 3.17, 1
8228, 33068, 2, 0, 33075, 33076, 8, 6, 4.00, 1
8229, 33070, 3, 0, 33077, 33079, 9, 6, 3.00, 1
8230, 33073, 1, 0, 33074, 33074, 1, 0, 1.00, 1
8231, 33078, 1, 0, 33080, 33080, 2, 1, 2.00, 1
8232, 33080, 6, 0, 41921, 41926, 8846, 8840, 1474.33, 1
8233, 33084, 4, 0, 33087, 33090, 6, 2, 1.50, 1
8234, 33088, 2, 0, 33091, 33092, 4, 2, 2.00, 1
8235, 33090, 2, 0, 33093, 33094, 4, 2, 2.00, 1
8236, 33094, 4, 0, 33095, 33098, 4, 0, 1.00, 1
8237, 33097, 10, 0, 41927, 41936, 8839, 8829, 883.90, 1
8238, 33098, 4, 0, 33099, 33102, 4, 0, 1.00, 1
8239, 33101, 8, 0, 33107, 33114, 13, 5, 1.62, 1
8240, 33102, 3, 0, 33103, 33105, 3, 0, 1.00, 1
8241, 33105, 1, 0, 33106, 33106, 1, 0, 1.00, 1
8242, 33109, 4, 0, 41911, 41914, 8805, 8801, 2201.25, 1
8243, 33110, 3, 0, 33119, 33121, 11, 8, 3.67, 1
8244, 33112, 2, 0, 33115, 33116, 4, 2, 2.00, 1
8245, 33115, 3, 0, 33126, 33128, 13, 10, 4.33, 1
8246, 33116, 2, 0, 33117, 33118, 2, 0, 1.00, 1
8247, 33120, 2, 0, 33122, 33123, 3, 1, 1.50, 1
8248, 33122, 2, 0, 33124, 33125, 3, 1, 1.50, 1
8249, 33124, 6, 0, 41915, 41920, 8796, 8790, 1466.00, 1
8250, 33128, 17, 0, 33129, 33145, 17, 0, 1.00, 1
8251, 33129, 2, 0, 33166, 33167, 38, 36, 19.00, 1
8252, 33135, 21, 0, 33168, 33188, 53, 32, 2.52, 1
8253, 33138, 3, 0, 33148, 33150, 12, 9, 4.00, 1
8254, 33141, 2, 0, 33146, 33147, 6, 4, 3.00, 1
8255, 33145, 6, 0, 33151, 33156, 11, 5, 1.83, 1
8256, 33153, 4, 0, 33162, 33165, 12, 8, 3.00, 1
8257, 33156, 2, 0, 33157, 33158, 2, 0, 1.00, 1
8258, 33157, 3, 0, 33159, 33161, 4, 1, 1.33, 1
8259, 33172, 10, 0, 41901, 41910, 8738, 8728, 873.80, 1
8260, 33174, 4, 0, 41891, 41894, 8720, 8716, 2180.00, 1
8261, 33175, 3, 0, 33191, 33193, 18, 15, 6.00, 1
8262, 33183, 2, 0, 33189, 33190, 7, 5, 3.50, 1
8263, 33190, 3, 0, 33194, 33196, 6, 3, 2.00, 1
8264, 33192, 6, 0, 41895, 41900, 8708, 8702, 1451.33, 1
8265, 33194, 3, 0, 33197, 33199, 5, 2, 1.67, 1
8266, 33199, 5, 0, 33200, 33204, 5, 0, 1.00, 1
8267, 33200, 6, 0, 33205, 33210, 10, 4, 1.67, 1
8268, 33210, 2, 0, 33211, 33212, 2, 0, 1.00, 1
8269, 33211, 12, 0, 33213, 33224, 13, 1, 1.08, 1
8270, 33217, 5, 0, 33227, 33231, 14, 9, 2.80, 1
8271, 33220, 2, 0, 33225, 33226, 6, 4, 3.00, 1
8272, 33227, 2, 0, 33232, 33233, 6, 4, 3.00, 1
8273, 33233, 6, 0, 33234, 33239, 6, 0, 1.00, 1
8274, 33235, 3, 0, 33240, 33242, 7, 4, 2.33, 1
8275, 33239, 6, 0, 33243, 33248, 9, 3, 1.50, 1
8276, 33245, 7, 0, 33263, 33269, 24, 17, 3.43, 1
8277, 33246, 1, 0, 33249, 33249, 3, 2, 3.00, 1
8278, 33249, 6, 0, 33250, 33255, 6, 0, 1.00, 1
8279, 33250, 1, 0, 33257, 33257, 7, 6, 7.00, 1
8280, 33252, 5, 0, 33258, 33262, 10, 5, 2.00, 1
8281, 33254, 1, 0, 33256, 33256, 2, 1, 2.00, 1
8282, 33262, 10, 0, 33283, 33292, 30, 20, 3.00, 1
8283, 33264, 3, 0, 33270, 33272, 8, 5, 2.67, 1
8284, 33265, 5, 0, 33273, 33277, 12, 7, 2.40, 1
8285, 33274, 2, 0, 33279, 33280, 6, 4, 3.00, 1
8286, 33276, 1, 0, 33278, 33278, 2, 1, 2.00, 1
8287, 33280, 2, 0, 33281, 33282, 2, 0, 1.00, 1
8288, 33287, 6, 0, 33296, 33301, 14, 8, 2.33, 1
8289, 33288, 2, 0, 33294, 33295, 7, 5, 3.50, 1
8290, 33290, 1, 0, 33293, 33293, 3, 2, 3.00, 1
8291, 33292, 6, 0, 33302, 33307, 15, 9, 2.50, 1
8292, 33303, 3, 0, 33310, 33312, 9, 6, 3.00, 1
8293, 33305, 2, 0, 33308, 33309, 4, 2, 2.00, 1
8294, 33306, 14, 0, 41877, 41890, 8584, 8570, 613.14, 1
8295, 33312, 3, 0, 33313, 33315, 3, 0, 1.00, 1
8296, 33314, 10, 0, 33316, 33325, 11, 1, 1.10, 1
8297, 33316, 3, 0, 41871, 41873, 8557, 8554, 2852.33, 1
8298, 33320, 3, 0, 41874, 41876, 8556, 8553, 2852.00, 1
8299, 33325, 20, 0, 33326, 33345, 20, 0, 1.00, 1
8300, 33327, 2, 0, 41864, 41865, 8538, 8536, 4269.00, 1
8301, 33332, 5, 0, 41866, 41870, 8538, 8533, 1707.60, 1
8302, 33334, 6, 0, 33350, 33355, 21, 15, 3.50, 1
8303, 33337, 9, 0, 33390, 33398, 61, 52, 6.78, 1
8304, 33340, 1, 0, 33346, 33346, 6, 5, 6.00, 1
8305, 33343, 2, 0, 33348, 33349, 6, 4, 3.00, 1
8306, 33346, 1, 0, 33347, 33347, 1, 0, 1.00, 1
8307, 33351, 12, 0, 33418, 33429, 78, 66, 6.50, 1
8308, 33353, 7, 0, 33356, 33362, 9, 2, 1.29, 1
8309, 33356, 2, 0, 33379, 33380, 24, 22, 12.00, 1
8310, 33359, 8, 0, 33381, 33388, 29, 21, 3.62, 1
8311, 33361, 2, 0, 33363, 33364, 3, 1, 1.50, 1
8312, 33362, 6, 0, 33365, 33370, 8, 2, 1.33, 1
8313, 33365, 4, 0, 33371, 33374, 9, 5, 2.25, 1
8314, 33369, 4, 0, 33375, 33378, 9, 5, 2.25, 1
8315, 33383, 1, 0, 33389, 33389, 6, 5, 6.00, 1
8316, 33390, 2, 0, 33400, 33401, 11, 9, 5.50, 1
8317, 33395, 6, 0, 33402, 33407, 12, 6, 2.00, 1
8318, 33397, 1, 0, 33399, 33399, 2, 1, 2.00, 1
8319, 33407, 10, 0, 33408, 33417, 10, 0, 1.00, 1
8320, 33419, 1, 0, 41854, 41854, 8435, 8434, 8435.00, 1
8321, 33422, 9, 0, 41855, 41863, 8441, 8432, 937.89, 1
8322, 33423, 5, 0, 33437, 33441, 18, 13, 3.60, 1
8323, 33424, 4, 0, 33433, 33436, 12, 8, 3.00, 1
8324, 33426, 3, 0, 33430, 33432, 6, 3, 2.00, 1
8325, 33429, 10, 0, 33473, 33482, 53, 43, 5.30, 1
8326, 33440, 1, 0, 33442, 33442, 2, 1, 2.00, 1
8327, 33441, 1, 0, 33443, 33443, 2, 1, 2.00, 1
8328, 33442, 12, 0, 41842, 41853, 8411, 8399, 700.92, 1
8329, 33443, 3, 0, 33444, 33446, 3, 0, 1.00, 1
8330, 33446, 6, 0, 33447, 33452, 6, 0, 1.00, 1
8331, 33450, 2, 0, 33453, 33454, 4, 2, 2.00, 1
8332, 33451, 7, 0, 33465, 33471, 20, 13, 2.86, 1
8333, 33453, 5, 0, 33455, 33459, 6, 1, 1.20, 1
8334, 33457, 5, 0, 33460, 33464, 7, 2, 1.40, 1
8335, 33465, 1, 0, 33472, 33472, 7, 6, 7.00, 1
8336, 33477, 1, 0, 41835, 41835, 8358, 8357, 8358.00, 1
8337, 33479, 6, 0, 41836, 41841, 8362, 8356, 1393.67, 1
8338, 33480, 2, 0, 41831, 41832, 8352, 8350, 4176.00, 1
8339, 33481, 2, 0, 41833, 41834, 8353, 8351, 4176.50, 1
8340, 33482, 3, 0, 33483, 33485, 3, 0, 1.00, 1
8341, 33484, 12, 0, 33513, 33524, 40, 28, 3.33, 1
8342, 33485, 8, 0, 33486, 33493, 8, 0, 1.00, 1
8343, 33487, 1, 0, 33494, 33494, 7, 6, 7.00, 1
8344, 33494, 4, 0, 33495, 33498, 4, 0, 1.00, 1
8345, 33498, 6, 0, 33499, 33504, 6, 0, 1.00, 1
8346, 33499, 3, 0, 33505, 33507, 8, 5, 2.67, 1
8347, 33501, 5, 0, 33508, 33512, 11, 6, 2.20, 1
8348, 33507, 35, 0, 33555, 33589, 82, 47, 2.34, 1
8349, 33515, 10, 0, 33525, 33534, 19, 9, 1.90, 1
8350, 33532, 1, 0, 33535, 33535, 3, 2, 3.00, 1
8351, 33535, 17, 0, 33536, 33552, 17, 0, 1.00, 1
8352, 33543, 2, 0, 33553, 33554, 11, 9, 5.50, 1
8353, 33559, 2, 0, 33638, 33639, 80, 78, 40.00, 1
8354, 33562, 1, 0, 33637, 33637, 75, 74, 75.00, 1
8355, 33576, 7, 0, 33640, 33646, 70, 63, 10.00, 1
8356, 33582, 4, 0, 33590, 33593, 11, 7, 2.75, 1
8357, 33593, 3, 0, 33594, 33596, 3, 0, 1.00, 1
8358, 33594, 6, 0, 33603, 33608, 14, 8, 2.33, 1
8359, 33595, 4, 0, 33597, 33600, 5, 1, 1.25, 1
8360, 33597, 1, 0, 33601, 33601, 4, 3, 4.00, 1
8361, 33600, 6, 0, 33609, 33614, 14, 8, 2.33, 1
8362, 33601, 1, 0, 33602, 33602, 1, 0, 1.00, 1
8363, 33608, 7, 0, 33615, 33621, 13, 6, 1.86, 1
8364, 33618, 8, 0, 33622, 33629, 11, 3, 1.38, 1
8365, 33622, 4, 0, 33630, 33633, 11, 7, 2.75, 1
8366, 33632, 3, 0, 33634, 33636, 4, 1, 1.33, 1
8367, 33640, 8, 0, 41807, 41814, 8174, 8166, 1021.75, 1
8368, 33641, 16, 0, 41815, 41830, 8189, 8173, 511.81, 1
8369, 33642, 2, 0, 33647, 33648, 6, 4, 3.00, 1
8370, 33643, 3, 0, 33649, 33651, 8, 5, 2.67, 1
8371, 33649, 14, 0, 33652, 33665, 16, 2, 1.14, 1
8372, 33652, 2, 0, 33683, 33684, 32, 30, 16.00, 1
8373, 33655, 4, 0, 33685, 33688, 33, 29, 8.25, 1
8374, 33656, 2, 0, 33676, 33677, 21, 19, 10.50, 1
8375, 33663, 3, 0, 33678, 33680, 17, 14, 5.67, 1
8376, 33665, 4, 0, 33666, 33669, 4, 0, 1.00, 1
8377, 33666, 3, 0, 33673, 33675, 9, 6, 3.00, 1
8378, 33669, 2, 0, 33670, 33671, 2, 0, 1.00, 1
8379, 33670, 1, 0, 33672, 33672, 2, 1, 2.00, 1
8380, 33679, 2, 0, 33681, 33682, 3, 1, 1.50, 1
8381, 33683, 11, 0, 41784, 41794, 8111, 8100, 737.36, 1
8382, 33688, 5, 0, 33689, 33693, 5, 0, 1.00, 1
8383, 33690, 1, 0, 33695, 33695, 5, 4, 5.00, 1
8384, 33691, 6, 0, 33696, 33701, 10, 4, 1.67, 1
8385, 33692, 1, 0, 33694, 33694, 2, 1, 2.00, 1
8386, 33696, 12, 0, 41795, 41806, 8110, 8098, 675.83, 1
8387, 33699, 5, 0, 33718, 33722, 23, 18, 4.60, 1
8388, 33700, 15, 0, 33729, 33743, 43, 28, 2.87, 1
8389, 33701, 7, 0, 33702, 33708, 7, 0, 1.00, 1
8390, 33706, 2, 0, 33709, 33710, 4, 2, 2.00, 1
8391, 33708, 4, 0, 33711, 33714, 6, 2, 1.50, 1
8392, 33714, 3, 0, 33715, 33717, 3, 0, 1.00, 1
8393, 33721, 4, 0, 33723, 33726, 5, 1, 1.25, 1
8394, 33723, 2, 0, 33727, 33728, 5, 3, 2.50, 1
8395, 33729, 7, 0, 33744, 33750, 21, 14, 3.00, 1
8396, 33736, 11, 0, 33854, 33864, 128, 117, 11.64, 1
8397, 33745, 4, 0, 33754, 33757, 12, 8, 3.00, 1
8398, 33746, 2, 0, 33752, 33753, 7, 5, 3.50, 1
8399, 33748, 5, 0, 33760, 33764, 16, 11, 3.20, 1
8400, 33750, 1, 0, 33751, 33751, 1, 0, 1.00, 1
8401, 33754, 9, 0, 33765, 33773, 19, 10, 2.11, 1
8402, 33756, 2, 0, 33758, 33759, 3, 1, 1.50, 1
8403, 33768, 20, 0, 41764, 41783, 8015, 7995, 400.75, 1
8404, 33771, 4, 0, 33774, 33777, 6, 2, 1.50, 1
8405, 33777, 4, 0, 33778, 33781, 4, 0, 1.00, 1
8406, 33779, 7, 0, 33782, 33788, 9, 2, 1.29, 1
8407, 33780, 12, 0, 33798, 33809, 29, 17, 2.42, 1
8408, 33782, 4, 0, 33789, 33792, 10, 6, 2.50, 1
8409, 33789, 1, 0, 33793, 33793, 4, 3, 4.00, 1
8410, 33790, 4, 0, 33794, 33797, 7, 3, 1.75, 1
8411, 33798, 3, 0, 33840, 33842, 44, 41, 14.67, 1
8412, 33804, 1, 0, 33810, 33810, 6, 5, 6.00, 1
8413, 33808, 2, 0, 33811, 33812, 4, 2, 2.00, 1
8414, 33810, 6, 0, 33843, 33848, 38, 32, 6.33, 1
8415, 33811, 7, 0, 33813, 33819, 8, 1, 1.14, 1
8416, 33814, 1, 0, 33828, 33828, 14, 13, 14.00, 1
8417, 33816, 1, 0, 33829, 33829, 13, 12, 13.00, 1
8418, 33817, 8, 0, 33820, 33827, 10, 2, 1.25, 1
8419, 33828, 3, 0, 33833, 33835, 7, 4, 2.33, 1
8420, 33829, 2, 0, 33830, 33831, 2, 0, 1.00, 1
8421, 33830, 1, 0, 33832, 33832, 2, 1, 2.00, 1
8422, 33831, 4, 0, 33836, 33839, 8, 4, 2.00, 1
8423, 33847, 2, 0, 33849, 33850, 3, 1, 1.50, 1
8424, 33848, 2, 0, 33852, 33853, 5, 3, 2.50, 1
8425, 33849, 1, 0, 33851, 33851, 2, 1, 2.00, 1
8426, 33858, 2, 0, 41755, 41756, 7898, 7896, 3949.00, 1
8427, 33859, 7, 0, 41757, 41763, 7904, 7897, 1129.14, 1
8428, 33860, 3, 0, 33872, 33874, 14, 11, 4.67, 1
8429, 33862, 1, 0, 33865, 33865, 3, 2, 3.00, 1
8430, 33863, 11, 0, 33875, 33885, 22, 11, 2.00, 1
8431, 33865, 6, 0, 33866, 33871, 6, 0, 1.00, 1
8432, 33873, 11, 0, 33888, 33898, 25, 14, 2.27, 1
8433, 33876, 2, 0, 33886, 33887, 11, 9, 5.50, 1
8434, 33877, 17, 0, 41738, 41754, 7877, 7860, 463.35, 1
8435, 33889, 14, 0, 41724, 41737, 7848, 7834, 560.57, 1
8436, 33892, 4, 0, 33899, 33902, 10, 6, 2.50, 1
8437, 33898, 10, 0, 33904, 33913, 15, 5, 1.50, 1
8438, 33902, 1, 0, 33903, 33903, 1, 0, 1.00, 1
8439, 33907, 10, 0, 33916, 33925, 18, 8, 1.80, 1
8440, 33913, 2, 0, 33914, 33915, 2, 0, 1.00, 1
8441, 33916, 4, 0, 33926, 33929, 13, 9, 3.25, 1
8442, 33920, 11, 0, 33936, 33946, 26, 15, 2.36, 1
8443, 33928, 4, 0, 33930, 33933, 5, 1, 1.25, 1
8444, 33931, 2, 0, 33934, 33935, 4, 2, 2.00, 1
8445, 33938, 3, 0, 41718, 41720, 7782, 7779, 2594.00, 1
8446, 33942, 3, 0, 41721, 41723, 7781, 7778, 2593.67, 1
8447, 33944, 9, 0, 33947, 33955, 11, 2, 1.22, 1
8448, 33949, 9, 0, 33956, 33964, 15, 6, 1.67, 1
8449, 33957, 11, 0, 33966, 33976, 19, 8, 1.73, 1
8450, 33959, 1, 0, 33965, 33965, 6, 5, 6.00, 1
8451, 33968, 6, 0, 41699, 41704, 7736, 7730, 1289.33, 1
8452, 33970, 13, 0, 41705, 41717, 7747, 7734, 595.92, 1
8453, 33971, 4, 0, 33982, 33985, 14, 10, 3.50, 1
8454, 33975, 1, 0, 33977, 33977, 2, 1, 2.00, 1
8455, 33976, 3, 0, 33979, 33981, 5, 2, 1.67, 1
8456, 33977, 1, 0, 33978, 33978, 1, 0, 1.00, 1
8457, 33980, 5, 0, 33987, 33991, 11, 6, 2.20, 1
8458, 33983, 1, 0, 33986, 33986, 3, 2, 3.00, 1
8459, 33987, 1, 0, 33995, 33995, 8, 7, 8.00, 1
8460, 33989, 6, 0, 33996, 34001, 12, 6, 2.00, 1
8461, 33990, 3, 0, 33992, 33994, 4, 1, 1.33, 1
8462, 33996, 11, 0, 34002, 34012, 16, 5, 1.45, 1
8463, 34007, 2, 0, 34014, 34015, 8, 6, 4.00, 1
8464, 34008, 1, 0, 34013, 34013, 5, 4, 5.00, 1
8465, 34012, 26, 0, 34016, 34041, 29, 3, 1.12, 1
8466, 34018, 10, 0, 41689, 41698, 7680, 7670, 768.00, 1
8467, 34021, 6, 0, 41683, 41688, 7667, 7661, 1277.83, 1
8468, 34022, 2, 0, 41678, 41679, 7657, 7655, 3828.50, 1
8469, 34023, 3, 0, 41680, 41682, 7659, 7656, 2553.00, 1
8470, 34024, 7, 0, 34248, 34254, 230, 223, 32.86, 1
8471, 34035, 5, 0, 34243, 34247, 212, 207, 42.40, 1
8472, 34036, 3, 0, 34042, 34044, 8, 5, 2.67, 1
8473, 34039, 12, 0, 41666, 41677, 7638, 7626, 636.50, 1
8474, 34044, 2, 0, 34045, 34046, 2, 0, 1.00, 1
8475, 34045, 4, 0, 34047, 34050, 5, 1, 1.25, 1
8476, 34047, 5, 0, 34052, 34056, 9, 4, 1.80, 1
8477, 34050, 1, 0, 34051, 34051, 1, 0, 1.00, 1
8478, 34052, 10, 0, 34089, 34098, 46, 36, 4.60, 1
8479, 34055, 5, 0, 34058, 34062, 7, 2, 1.40, 1
8480, 34056, 1, 0, 34057, 34057, 1, 0, 1.00, 1
8481, 34058, 3, 0, 34063, 34065, 7, 4, 2.33, 1
8482, 34059, 5, 0, 34067, 34071, 12, 7, 2.40, 1
8483, 34064, 1, 0, 34066, 34066, 2, 1, 2.00, 1
8484, 34066, 5, 0, 34072, 34076, 10, 5, 2.00, 1
8485, 34072, 2, 0, 34077, 34078, 6, 4, 3.00, 1
8486, 34073, 15, 0, 34122, 34136, 63, 48, 4.20, 1
8487, 34078, 3, 0, 34079, 34081, 3, 0, 1.00, 1
8488, 34079, 3, 0, 34082, 34084, 5, 2, 1.67, 1
8489, 34082, 4, 0, 34085, 34088, 6, 2, 1.50, 1
8490, 34089, 4, 0, 34104, 34107, 18, 14, 4.50, 1
8491, 34091, 2, 0, 34099, 34100, 9, 7, 4.50, 1
8492, 34096, 3, 0, 34101, 34103, 7, 4, 2.33, 1
8493, 34100, 4, 0, 34111, 34114, 14, 10, 3.50, 1
8494, 34104, 2, 0, 34109, 34110, 6, 4, 3.00, 1
8495, 34105, 1, 0, 34108, 34108, 3, 2, 3.00, 1
8496, 34112, 7, 0, 34115, 34121, 9, 2, 1.29, 1
8497, 34125, 7, 0, 34142, 34148, 23, 16, 3.29, 1
8498, 34127, 4, 0, 34138, 34141, 14, 10, 3.50, 1
8499, 34132, 7, 0, 34152, 34158, 26, 19, 3.71, 1
8500, 34133, 1, 0, 34137, 34137, 4, 3, 4.00, 1
8501, 34145, 3, 0, 34149, 34151, 6, 3, 2.00, 1
8502, 34150, 10, 0, 34183, 34192, 42, 32, 4.20, 1
8503, 34154, 6, 0, 34159, 34164, 10, 4, 1.67, 1
8504, 34160, 3, 0, 34169, 34171, 11, 8, 3.67, 1
8505, 34161, 2, 0, 34165, 34166, 5, 3, 2.50, 1
8506, 34165, 1, 0, 34167, 34167, 2, 1, 2.00, 1
8507, 34167, 1, 0, 34168, 34168, 1, 0, 1.00, 1
8508, 34171, 3, 0, 34172, 34174, 3, 0, 1.00, 1
8509, 34173, 6, 0, 34175, 34180, 7, 1, 1.17, 1
8510, 34177, 2, 0, 34181, 34182, 5, 3, 2.50, 1
8511, 34181, 11, 0, 34195, 34205, 24, 13, 2.18, 1
8512, 34188, 1, 0, 34193, 34193, 5, 4, 5.00, 1
8513, 34193, 1, 0, 34194, 34194, 1, 0, 1.00, 1
8514, 34201, 6, 0, 34206, 34211, 10, 4, 1.67, 1
8515, 34211, 5, 0, 34212, 34216, 5, 0, 1.00, 1
8516, 34212, 11, 0, 34218, 34228, 16, 5, 1.45, 1
8517, 34215, 1, 0, 34217, 34217, 2, 1, 2.00, 1
8518, 34218, 4, 0, 34239, 34242, 24, 20, 6.00, 1
8519, 34219, 2, 0, 34237, 34238, 19, 17, 9.50, 1
8520, 34223, 1, 0, 34235, 34235, 12, 11, 12.00, 1
8521, 34225, 1, 0, 34236, 34236, 11, 10, 11.00, 1
8522, 34228, 5, 0, 34229, 34233, 5, 0, 1.00, 1
8523, 34230, 1, 0, 34234, 34234, 4, 3, 4.00, 1
8524, 34251, 4, 0, 34255, 34258, 7, 3, 1.75, 1
8525, 34254, 7, 0, 41649, 41655, 7401, 7394, 1057.29, 1
8526, 34255, 5, 0, 41644, 41648, 7393, 7388, 1478.60, 1
8527, 34256, 10, 0, 41656, 41665, 7409, 7399, 740.90, 1
8528, 34257, 1, 0, 34259, 34259, 2, 1, 2.00, 1
8529, 34258, 1, 0, 34260, 34260, 2, 1, 2.00, 1
8530, 34259, 12, 0, 34261, 34272, 13, 1, 1.08, 1
8531, 34262, 4, 0, 34276, 34279, 17, 13, 4.25, 1
8532, 34265, 3, 0, 34273, 34275, 10, 7, 3.33, 1
8533, 34273, 4, 0, 41630, 41633, 7360, 7356, 1840.00, 1
8534, 34277, 10, 0, 41634, 41643, 7366, 7356, 736.60, 1
8535, 34278, 6, 0, 34280, 34285, 7, 1, 1.17, 1
8536, 34280, 3, 0, 34287, 34289, 9, 6, 3.00, 1
8537, 34283, 1, 0, 34286, 34286, 3, 2, 3.00, 1
8538, 34285, 11, 0, 34294, 34304, 19, 8, 1.73, 1
8539, 34289, 4, 0, 34290, 34293, 4, 0, 1.00, 1
8540, 34294, 2, 0, 34335, 34336, 42, 40, 21.00, 1
8541, 34297, 2, 0, 34337, 34338, 41, 39, 20.50, 1
8542, 34303, 4, 0, 34305, 34308, 5, 1, 1.25, 1
8543, 34306, 3, 0, 34317, 34319, 13, 10, 4.33, 1
8544, 34307, 7, 0, 34320, 34326, 19, 12, 2.71, 1
8545, 34308, 7, 0, 34309, 34315, 7, 0, 1.00, 1
8546, 34314, 1, 0, 34316, 34316, 2, 1, 2.00, 1
8547, 34320, 1, 0, 34332, 34332, 12, 11, 12.00, 1
8548, 34321, 2, 0, 34333, 34334, 13, 11, 6.50, 1
8549, 34324, 4, 0, 34327, 34330, 6, 2, 1.50, 1
8550, 34330, 1, 0, 34331, 34331, 1, 0, 1.00, 1
8551, 34338, 5, 0, 34339, 34343, 5, 0, 1.00, 1
8552, 34341, 2, 0, 34344, 34345, 4, 2, 2.00, 1
8553, 34344, 8, 0, 34349, 34356, 12, 4, 1.50, 1
8554, 34345, 3, 0, 34346, 34348, 3, 0, 1.00, 1
8555, 34349, 1, 0, 41625, 41625, 7276, 7275, 7276.00, 1
8556, 34350, 4, 0, 41626, 41629, 7279, 7275, 1819.75, 1
8557, 34355, 5, 0, 34357, 34361, 6, 1, 1.20, 1
8558, 34356, 18, 0, 34362, 34379, 23, 5, 1.28, 1
8559, 34363, 15, 0, 34432, 34446, 83, 68, 5.53, 1
8560, 34367, 2, 0, 34380, 34381, 14, 12, 7.00, 1
8561, 34370, 15, 0, 41594, 41608, 7238, 7223, 482.53, 1
8562, 34380, 1, 0, 34382, 34382, 2, 1, 2.00, 1
8563, 34382, 4, 0, 34383, 34386, 4, 0, 1.00, 1
8564, 34383, 6, 0, 34388, 34393, 10, 4, 1.67, 1
8565, 34385, 1, 0, 34387, 34387, 2, 1, 2.00, 1
8566, 34388, 2, 0, 34394, 34395, 7, 5, 3.50, 1
8567, 34392, 16, 0, 34396, 34411, 19, 3, 1.19, 1
8568, 34399, 3, 0, 34414, 34416, 17, 14, 5.67, 1
8569, 34403, 2, 0, 34412, 34413, 10, 8, 5.00, 1
8570, 34411, 3, 0, 34417, 34419, 8, 5, 2.67, 1
8571, 34416, 3, 0, 34420, 34422, 6, 3, 2.00, 1
8572, 34420, 9, 0, 34423, 34431, 11, 2, 1.22, 1
8573, 34434, 16, 0, 41609, 41624, 7190, 7174, 449.38, 1
8574, 34435, 5, 0, 41580, 41584, 7149, 7144, 1429.80, 1
8575, 34436, 2, 0, 34447, 34448, 12, 10, 6.00, 1
8576, 34438, 9, 0, 41585, 41593, 7155, 7146, 795.00, 1
8577, 34447, 13, 0, 41567, 41579, 7132, 7119, 548.62, 1
8578, 34448, 4, 0, 34449, 34452, 4, 0, 1.00, 1
8579, 34452, 12, 0, 34453, 34464, 12, 0, 1.00, 1
8580, 34461, 2, 0, 41563, 41564, 7103, 7101, 3551.50, 1
8581, 34463, 2, 0, 41565, 41566, 7103, 7101, 3551.50, 1
8582, 34464, 6, 0, 34465, 34470, 6, 0, 1.00, 1
8583, 34466, 1, 0, 34471, 34471, 5, 4, 5.00, 1
8584, 34467, 6, 0, 34472, 34477, 10, 4, 1.67, 1
8585, 34473, 1, 0, 41555, 41555, 7082, 7081, 7082.00, 1
8586, 34475, 7, 0, 41556, 41562, 7087, 7080, 1012.43, 1
8587, 34476, 7, 0, 34478, 34484, 8, 1, 1.14, 1
8588, 34479, 5, 0, 34510, 34514, 35, 30, 7.00, 1
8589, 34480, 4, 0, 34487, 34490, 10, 6, 2.50, 1
8590, 34484, 1, 0, 34485, 34485, 1, 0, 1.00, 1
8591, 34485, 1, 0, 34486, 34486, 1, 0, 1.00, 1
8592, 34487, 4, 0, 34495, 34498, 11, 7, 2.75, 1
8593, 34488, 10, 0, 34529, 34538, 50, 40, 5.00, 1
8594, 34490, 1, 0, 34491, 34491, 1, 0, 1.00, 1
8595, 34491, 3, 0, 34492, 34494, 3, 0, 1.00, 1
8596, 34497, 4, 0, 34499, 34502, 5, 1, 1.25, 1
8597, 34500, 2, 0, 34503, 34504, 4, 2, 2.00, 1
8598, 34503, 4, 0, 34505, 34508, 5, 1, 1.25, 1
8599, 34507, 1, 0, 34509, 34509, 2, 1, 2.00, 1
8600, 34512, 6, 0, 34515, 34520, 8, 2, 1.33, 1
8601, 34515, 4, 0, 34521, 34524, 9, 5, 2.25, 1
8602, 34522, 3, 0, 34526, 34528, 6, 3, 2.00, 1
8603, 34523, 1, 0, 34525, 34525, 2, 1, 2.00, 1
8604, 34532, 6, 0, 34540, 34545, 13, 7, 2.17, 1
8605, 34536, 7, 0, 41548, 41554, 7018, 7011, 1002.57, 1
8606, 34538, 1, 0, 34539, 34539, 1, 0, 1.00, 1
8607, 34540, 1, 0, 34547, 34547, 7, 6, 7.00, 1
8608, 34541, 3, 0, 34548, 34550, 9, 6, 3.00, 1
8609, 34542, 1, 0, 34546, 34546, 4, 3, 4.00, 1
8610, 34547, 4, 0, 41539, 41542, 6995, 6991, 1748.75, 1
8611, 34548, 2, 0, 34551, 34552, 4, 2, 2.00, 1
8612, 34552, 3, 0, 34553, 34555, 3, 0, 1.00, 1
8613, 34553, 5, 0, 41543, 41547, 6994, 6989, 1398.80, 1
8614, 34554, 27, 0, 34556, 34582, 28, 1, 1.04, 1
8615, 34559, 5, 0, 41526, 41530, 6971, 6966, 1394.20, 1
8616, 34564, 3, 0, 41523, 41525, 6961, 6958, 2320.33, 1
8617, 34568, 8, 0, 41531, 41538, 6970, 6962, 871.25, 1
8618, 34570, 2, 0, 41519, 41520, 6950, 6948, 3475.00, 1
8619, 34573, 2, 0, 41521, 41522, 6949, 6947, 3474.50, 1
8620, 34580, 3, 0, 34583, 34585, 5, 2, 1.67, 1
8621, 34582, 8, 0, 34586, 34593, 11, 3, 1.38, 1
8622, 34590, 3, 0, 34594, 34596, 6, 3, 2.00, 1
8623, 34593, 10, 0, 41488, 41497, 6904, 6894, 690.40, 1
8624, 34594, 5, 0, 34597, 34601, 7, 2, 1.40, 1
8625, 34595, 5, 0, 34603, 34607, 12, 7, 2.40, 1
8626, 34601, 1, 0, 34602, 34602, 1, 0, 1.00, 1
8627, 34603, 7, 0, 34608, 34614, 11, 4, 1.57, 1
8628, 34607, 21, 0, 41498, 41518, 6911, 6890, 329.10, 1
8629, 34612, 16, 0, 41472, 41487, 6875, 6859, 429.69, 1
8630, 34614, 4, 0, 34615, 34618, 4, 0, 1.00, 1
8631, 34617, 7, 0, 34627, 34633, 16, 9, 2.29, 1
8632, 34618, 6, 0, 34619, 34624, 6, 0, 1.00, 1
8633, 34622, 2, 0, 34625, 34626, 4, 2, 2.00, 1
8634, 34630, 3, 0, 34652, 34654, 24, 21, 8.00, 1
8635, 34631, 3, 0, 34655, 34657, 26, 23, 8.67, 1
8636, 34633, 3, 0, 34634, 34636, 3, 0, 1.00, 1
8637, 34634, 5, 0, 34637, 34641, 7, 2, 1.40, 1
8638, 34638, 4, 0, 34642, 34645, 7, 3, 1.75, 1
8639, 34643, 6, 0, 34646, 34651, 8, 2, 1.33, 1
8640, 34656, 1, 0, 34658, 34658, 2, 1, 2.00, 1
8641, 34658, 15, 0, 34659, 34673, 15, 0, 1.00, 1
8642, 34660, 1, 0, 41468, 41468, 6808, 6807, 6808.00, 1
8643, 34661, 3, 0, 41469, 41471, 6810, 6807, 2270.00, 1
8644, 34665, 5, 0, 34674, 34678, 13, 8, 2.60, 1
8645, 34666, 5, 0, 41456, 41460, 6794, 6789, 1358.80, 1
8646, 34675, 4, 0, 41452, 41455, 6780, 6776, 1695.00, 1
8647, 34677, 1, 0, 34679, 34679, 2, 1, 2.00, 1
8648, 34678, 7, 0, 41461, 41467, 6789, 6782, 969.86, 1
8649, 34679, 4, 0, 34680, 34683, 4, 0, 1.00, 1
8650, 34680, 1, 0, 41450, 41450, 6770, 6769, 6770.00, 1
8651, 34681, 1, 0, 41451, 41451, 6770, 6769, 6770.00, 1
8652, 34682, 6, 0, 34688, 34693, 11, 5, 1.83, 1
8653, 34683, 4, 0, 34684, 34687, 4, 0, 1.00, 1
8654, 34686, 6, 0, 34697, 34702, 16, 10, 2.67, 1
8655, 34691, 3, 0, 34694, 34696, 5, 2, 1.67, 1
8656, 34695, 6, 0, 34705, 34710, 15, 9, 2.50, 1
8657, 34699, 2, 0, 34703, 34704, 5, 3, 2.50, 1
8658, 34709, 15, 0, 34711, 34725, 16, 1, 1.07, 1
8659, 34711, 5, 0, 41445, 41449, 6738, 6733, 1347.60, 1
8660, 34712, 1, 0, 41440, 41440, 6728, 6727, 6728.00, 1
8661, 34715, 4, 0, 41441, 41444, 6729, 6725, 1682.25, 1
8662, 34719, 6, 0, 34732, 34737, 18, 12, 3.00, 1
8663, 34722, 16, 0, 34760, 34775, 53, 37, 3.31, 1
8664, 34723, 4, 0, 34726, 34729, 6, 2, 1.50, 1
8665, 34727, 2, 0, 34730, 34731, 4, 2, 2.00, 1
8666, 34737, 4, 0, 34738, 34741, 4, 0, 1.00, 1
8667, 34739, 8, 0, 34742, 34749, 10, 2, 1.25, 1
8668, 34742, 5, 0, 34750, 34754, 12, 7, 2.40, 1
8669, 34744, 5, 0, 34755, 34759, 15, 10, 3.00, 1
8670, 34766, 7, 0, 34784, 34790, 24, 17, 3.43, 1
8671, 34774, 5, 0, 34777, 34781, 7, 2, 1.40, 1
8672, 34775, 1, 0, 34776, 34776, 1, 0, 1.00, 1
8673, 34780, 2, 0, 34782, 34783, 3, 1, 1.50, 1
8674, 34784, 2, 0, 41434, 41435, 6651, 6649, 3325.50, 1
8675, 34789, 4, 0, 41436, 41439, 6650, 6646, 1662.50, 1
8676, 34790, 10, 0, 34791, 34800, 10, 0, 1.00, 1
8677, 34794, 1, 0, 41429, 41429, 6635, 6634, 6635.00, 1
8678, 34796, 4, 0, 41430, 41433, 6637, 6633, 1659.25, 1
8679, 34797, 1, 0, 34801, 34801, 4, 3, 4.00, 1
8680, 34801, 5, 0, 34802, 34806, 5, 0, 1.00, 1
8681, 34803, 11, 0, 34827, 34837, 34, 23, 3.09, 1
8682, 34805, 6, 0, 34807, 34812, 7, 1, 1.17, 1
8683, 34808, 13, 0, 34838, 34850, 42, 29, 3.23, 1
8684, 34811, 14, 0, 34813, 34826, 15, 1, 1.07, 1
8685, 34838, 1, 0, 41422, 41422, 6584, 6583, 6584.00, 1
8686, 34839, 6, 0, 41423, 41428, 6589, 6583, 1098.17, 1
8687, 34841, 4, 0, 34851, 34854, 13, 9, 3.25, 1
8688, 34848, 8, 0, 34855, 34862, 14, 6, 1.75, 1
8689, 34856, 5, 0, 34869, 34873, 17, 12, 3.40, 1
8690, 34859, 3, 0, 34866, 34868, 9, 6, 3.00, 1
8691, 34862, 1, 0, 34863, 34863, 1, 0, 1.00, 1
8692, 34863, 2, 0, 34864, 34865, 2, 0, 1.00, 1
8693, 34866, 7, 0, 34939, 34945, 79, 72, 11.29, 1
8694, 34871, 17, 0, 41405, 41421, 6550, 6533, 385.29, 1
8695, 34872, 4, 0, 34874, 34877, 5, 1, 1.25, 1
8696, 34874, 7, 0, 34878, 34884, 10, 3, 1.43, 1
8697, 34884, 6, 0, 34885, 34890, 6, 0, 1.00, 1
8698, 34890, 4, 0, 34891, 34894, 4, 0, 1.00, 1
8699, 34893, 6, 0, 34895, 34900, 7, 1, 1.17, 1
8700, 34897, 1, 0, 34901, 34901, 4, 3, 4.00, 1
8701, 34901, 2, 0, 34902, 34903, 2, 0, 1.00, 1
8702, 34903, 1, 0, 34904, 34904, 1, 0, 1.00, 1
8703, 34904, 4, 0, 34905, 34908, 4, 0, 1.00, 1
8704, 34905, 2, 0, 34909, 34910, 5, 3, 2.50, 1
8705, 34908, 5, 0, 34911, 34915, 7, 2, 1.40, 1
8706, 34911, 7, 0, 34920, 34926, 15, 8, 2.14, 1
8707, 34912, 4, 0, 34916, 34919, 7, 3, 1.75, 1
8708, 34924, 1, 0, 34927, 34927, 3, 2, 3.00, 1
8709, 34925, 7, 0, 34928, 34934, 9, 2, 1.29, 1
8710, 34931, 4, 0, 34935, 34938, 7, 3, 1.75, 1
8711, 34940, 8, 0, 34946, 34953, 13, 5, 1.62, 1
8712, 34946, 4, 0, 41387, 41390, 6444, 6440, 1611.00, 1
8713, 34948, 14, 0, 41391, 41404, 6456, 6442, 461.14, 1
8714, 34951, 7, 0, 34954, 34960, 9, 2, 1.29, 1
8715, 34954, 17, 0, 41333, 41349, 6395, 6378, 376.18, 1
8716, 34957, 5, 0, 34961, 34965, 8, 3, 1.60, 1
8717, 34958, 6, 0, 34966, 34971, 13, 7, 2.17, 1
8718, 34968, 2, 0, 34972, 34973, 5, 3, 2.50, 1
8719, 34970, 15, 0, 34974, 34988, 18, 3, 1.20, 1
8720, 34980, 4, 0, 34991, 34994, 14, 10, 3.50, 1
8721, 34984, 11, 0, 34995, 35005, 21, 10, 1.91, 1
8722, 34985, 2, 0, 34989, 34990, 5, 3, 2.50, 1
8723, 34993, 15, 0, 35022, 35036, 43, 28, 2.87, 1
8724, 34995, 3, 0, 35009, 35011, 16, 13, 5.33, 1
8725, 34998, 6, 0, 35015, 35020, 22, 16, 3.67, 1
8726, 35001, 3, 0, 35006, 35008, 7, 4, 2.33, 1
8727, 35009, 3, 0, 35012, 35014, 5, 2, 1.67, 1
8728, 35016, 1, 0, 35021, 35021, 5, 4, 5.00, 1
8729, 35035, 9, 0, 35037, 35045, 10, 1, 1.11, 1
8730, 35037, 16, 0, 35063, 35078, 41, 25, 2.56, 1
8731, 35038, 1, 0, 35046, 35046, 8, 7, 8.00, 1
8732, 35042, 1, 0, 35047, 35047, 5, 4, 5.00, 1
8733, 35047, 1, 0, 35048, 35048, 1, 0, 1.00, 1
8734, 35048, 3, 0, 35049, 35051, 3, 0, 1.00, 1
8735, 35049, 8, 0, 35052, 35059, 10, 2, 1.25, 1
8736, 35059, 3, 0, 35060, 35062, 3, 0, 1.00, 1
8737, 35063, 8, 0, 35136, 35143, 80, 72, 10.00, 1
8738, 35068, 2, 0, 35081, 35082, 14, 12, 7.00, 1
8739, 35070, 4, 0, 35084, 35087, 17, 13, 4.25, 1
8740, 35072, 2, 0, 35079, 35080, 8, 6, 4.00, 1
8741, 35081, 4, 0, 35088, 35091, 10, 6, 2.50, 1
8742, 35082, 1, 0, 35083, 35083, 1, 0, 1.00, 1
8743, 35085, 5, 0, 35094, 35098, 13, 8, 2.60, 1
8744, 35091, 2, 0, 35092, 35093, 2, 0, 1.00, 1
8745, 35093, 5, 0, 35103, 35107, 14, 9, 2.80, 1
8746, 35098, 1, 0, 35099, 35099, 1, 0, 1.00, 1
8747, 35099, 3, 0, 35100, 35102, 3, 0, 1.00, 1
8748, 35104, 5, 0, 35111, 35115, 11, 6, 2.20, 1
8749, 35105, 5, 0, 35121, 35125, 20, 15, 4.00, 1
8750, 35106, 1, 0, 35108, 35108, 2, 1, 2.00, 1
8751, 35108, 2, 0, 35109, 35110, 2, 0, 1.00, 1
8752, 35111, 5, 0, 35126, 35130, 19, 14, 3.80, 1
8753, 35114, 4, 0, 35116, 35119, 5, 1, 1.25, 1
8754, 35119, 1, 0, 35120, 35120, 1, 0, 1.00, 1
8755, 35124, 5, 0, 35131, 35135, 11, 6, 2.20, 1
8756, 35130, 37, 0, 41350, 41386, 6256, 6219, 169.08, 1
8757, 35136, 3, 0, 35150, 35152, 16, 13, 5.33, 1
8758, 35141, 17, 0, 35155, 35171, 30, 13, 1.76, 1
8759, 35142, 6, 0, 35144, 35149, 7, 1, 1.17, 1
8760, 35151, 2, 0, 35153, 35154, 3, 1, 1.50, 1
8761, 35163, 21, 0, 35186, 35206, 43, 22, 2.05, 1
8762, 35165, 1, 0, 35183, 35183, 18, 17, 18.00, 1
8763, 35166, 1, 0, 35184, 35184, 18, 17, 18.00, 1
8764, 35168, 2, 0, 35172, 35173, 5, 3, 2.50, 1
8765, 35170, 3, 0, 35174, 35176, 6, 3, 2.00, 1
8766, 35175, 6, 0, 35177, 35182, 7, 1, 1.17, 1
8767, 35183, 1, 0, 35185, 35185, 2, 1, 2.00, 1
8768, 35187, 10, 0, 41307, 41316, 6129, 6119, 612.90, 1
8769, 35189, 16, 0, 41317, 41332, 6143, 6127, 383.94, 1
8770, 35193, 4, 0, 41297, 41300, 6107, 6103, 1526.75, 1
8771, 35198, 6, 0, 41301, 41306, 6108, 6102, 1018.00, 1
8772, 35199, 2, 0, 35207, 35208, 9, 7, 4.50, 1
8773, 35204, 5, 0, 35209, 35213, 9, 4, 1.80, 1
8774, 35211, 7, 0, 35214, 35220, 9, 2, 1.29, 1
8775, 35213, 8, 0, 41275, 41282, 6069, 6061, 758.62, 1
8776, 35216, 14, 0, 41283, 41296, 6080, 6066, 434.29, 1
8777, 35217, 4, 0, 35221, 35224, 7, 3, 1.75, 1
8778, 35220, 8, 0, 35225, 35232, 12, 4, 1.50, 1
8779, 35223, 10, 0, 41265, 41274, 6051, 6041, 605.10, 1
8780, 35228, 3, 0, 41259, 41261, 6033, 6030, 2011.00, 1
8781, 35229, 3, 0, 41262, 41264, 6035, 6032, 2011.67, 1
8782, 35230, 3, 0, 35233, 35235, 5, 2, 1.67, 1
8783, 35233, 2, 0, 35236, 35237, 4, 2, 2.00, 1
8784, 35237, 5, 0, 35238, 35242, 5, 0, 1.00, 1
8785, 35240, 4, 0, 35243, 35246, 6, 2, 1.50, 1
8786, 35243, 6, 0, 35250, 35255, 12, 6, 2.00, 1
8787, 35244, 3, 0, 35247, 35249, 5, 2, 1.67, 1
8788, 35250, 4, 0, 35350, 35353, 103, 99, 25.75, 1
8789, 35254, 14, 0, 35384, 35397, 143, 129, 10.21, 1
8790, 35255, 13, 0, 35256, 35268, 13, 0, 1.00, 1
8791, 35257, 5, 0, 35311, 35315, 58, 53, 11.60, 1
8792, 35258, 1, 0, 35310, 35310, 52, 51, 52.00, 1
8793, 35264, 12, 0, 35316, 35327, 63, 51, 5.25, 1
8794, 35267, 5, 0, 35269, 35273, 6, 1, 1.20, 1
8795, 35270, 1, 0, 35301, 35301, 31, 30, 31.00, 1
8796, 35271, 3, 0, 35302, 35304, 33, 30, 11.00, 1
8797, 35272, 9, 0, 35275, 35283, 11, 2, 1.22, 1
8798, 35273, 1, 0, 35274, 35274, 1, 0, 1.00, 1
8799, 35275, 5, 0, 35284, 35288, 13, 8, 2.60, 1
8800, 35287, 5, 0, 35293, 35297, 10, 5, 2.00, 1
8801, 35288, 1, 0, 35289, 35289, 1, 0, 1.00, 1
8802, 35289, 3, 0, 35290, 35292, 3, 0, 1.00, 1
8803, 35293, 3, 0, 35298, 35300, 7, 4, 2.33, 1
8804, 35302, 5, 0, 35305, 35309, 7, 2, 1.40, 1
8805, 35325, 7, 0, 35328, 35334, 9, 2, 1.29, 1
8806, 35329, 1, 0, 35335, 35335, 6, 5, 6.00, 1
8807, 35334, 4, 0, 35336, 35339, 5, 1, 1.25, 1
8808, 35336, 3, 0, 35340, 35342, 6, 3, 2.00, 1
8809, 35337, 5, 0, 35345, 35349, 12, 7, 2.40, 1
8810, 35342, 2, 0, 35343, 35344, 2, 0, 1.00, 1
8811, 35350, 6, 0, 35355, 35360, 10, 4, 1.67, 1
8812, 35351, 12, 0, 35365, 35376, 25, 13, 2.08, 1
8813, 35353, 1, 0, 35354, 35354, 1, 0, 1.00, 1
8814, 35360, 4, 0, 35361, 35364, 4, 0, 1.00, 1
8815, 35365, 5, 0, 35378, 35382, 17, 12, 3.40, 1
8816, 35369, 1, 0, 35377, 35377, 8, 7, 8.00, 1
8817, 35382, 1, 0, 35383, 35383, 1, 0, 1.00, 1
8818, 35384, 10, 0, 41249, 41258, 5874, 5864, 587.40, 1
8819, 35389, 5, 0, 35399, 35403, 14, 9, 2.80, 1
8820, 35391, 1, 0, 35398, 35398, 7, 6, 7.00, 1
8821, 35396, 8, 0, 41241, 41248, 5852, 5844, 731.50, 1
8822, 35400, 5, 0, 35408, 35412, 12, 7, 2.40, 1
8823, 35402, 2, 0, 35404, 35405, 3, 1, 1.50, 1
8824, 35404, 2, 0, 35406, 35407, 3, 1, 1.50, 1
8825, 35406, 7, 0, 41227, 41233, 5827, 5820, 832.43, 1
8826, 35409, 7, 0, 41234, 41240, 5831, 5824, 833.00, 1
8827, 35410, 2, 0, 35413, 35414, 4, 2, 2.00, 1
8828, 35411, 7, 0, 41211, 41217, 5806, 5799, 829.43, 1
8829, 35413, 1, 0, 35415, 35415, 2, 1, 2.00, 1
8830, 35414, 5, 0, 35416, 35420, 6, 1, 1.20, 1
8831, 35415, 9, 0, 41218, 41226, 5811, 5802, 645.67, 1
8832, 35420, 15, 0, 35421, 35435, 15, 0, 1.00, 1
8833, 35421, 5, 0, 35440, 35444, 23, 18, 4.60, 1
8834, 35425, 2, 0, 35437, 35438, 13, 11, 6.50, 1
8835, 35429, 1, 0, 35436, 35436, 7, 6, 7.00, 1
8836, 35433, 7, 0, 35445, 35451, 18, 11, 2.57, 1
8837, 35437, 1, 0, 35439, 35439, 2, 1, 2.00, 1
8838, 35444, 20, 0, 35472, 35491, 47, 27, 2.35, 1
8839, 35446, 2, 0, 35453, 35454, 8, 6, 4.00, 1
8840, 35451, 1, 0, 35452, 35452, 1, 0, 1.00, 1
8841, 35453, 9, 0, 35455, 35463, 10, 1, 1.11, 1
8842, 35459, 1, 0, 35468, 35468, 9, 8, 9.00, 1
8843, 35460, 3, 0, 35469, 35471, 11, 8, 3.67, 1
8844, 35461, 1, 0, 35464, 35464, 3, 2, 3.00, 1
8845, 35463, 3, 0, 35465, 35467, 4, 1, 1.33, 1
8846, 35472, 1, 0, 41209, 41209, 5737, 5736, 5737.00, 1
8847, 35473, 1, 0, 41210, 41210, 5737, 5736, 5737.00, 1
8848, 35476, 2, 0, 35769, 35770, 294, 292, 147.00, 1
8849, 35481, 5, 0, 35771, 35775, 294, 289, 58.80, 1
8850, 35483, 9, 0, 35600, 35608, 125, 116, 13.89, 1
8851, 35484, 5, 0, 35506, 35510, 26, 21, 5.20, 1
8852, 35487, 2, 0, 35492, 35493, 6, 4, 3.00, 1
8853, 35488, 4, 0, 35494, 35497, 9, 5, 2.25, 1
8854, 35495, 4, 0, 35498, 35501, 6, 2, 1.50, 1
8855, 35498, 4, 0, 35502, 35505, 7, 3, 1.75, 1
8856, 35499, 9, 0, 35667, 35675, 176, 167, 19.56, 1
8857, 35510, 2, 0, 35511, 35512, 2, 0, 1.00, 1
8858, 35512, 19, 0, 35513, 35531, 19, 0, 1.00, 1
8859, 35516, 2, 0, 35594, 35595, 79, 77, 39.50, 1
8860, 35520, 4, 0, 35596, 35599, 79, 75, 19.75, 1
8861, 35521, 3, 0, 35536, 35538, 17, 14, 5.67, 1
8862, 35526, 1, 0, 35535, 35535, 9, 8, 9.00, 1
8863, 35527, 4, 0, 35539, 35542, 15, 11, 3.75, 1
8864, 35528, 3, 0, 35532, 35534, 6, 3, 2.00, 1
8865, 35537, 8, 0, 35551, 35558, 21, 13, 2.62, 1
8866, 35540, 1, 0, 35543, 35543, 3, 2, 3.00, 1
8867, 35543, 4, 0, 35544, 35547, 4, 0, 1.00, 1
8868, 35546, 3, 0, 35548, 35550, 4, 1, 1.33, 1
8869, 35552, 1, 0, 35580, 35580, 28, 27, 28.00, 1
8870, 35553, 7, 0, 35581, 35587, 34, 27, 4.86, 1
8871, 35554, 1, 0, 35577, 35577, 23, 22, 23.00, 1
8872, 35557, 2, 0, 35578, 35579, 22, 20, 11.00, 1
8873, 35558, 2, 0, 35559, 35560, 2, 0, 1.00, 1
8874, 35560, 8, 0, 35561, 35568, 8, 0, 1.00, 1
8875, 35561, 2, 0, 35569, 35570, 9, 7, 4.50, 1
8876, 35564, 5, 0, 35571, 35575, 11, 6, 2.20, 1
8877, 35573, 1, 0, 35576, 35576, 3, 2, 3.00, 1
8878, 35586, 6, 0, 35588, 35593, 7, 1, 1.17, 1
8879, 35600, 2, 0, 35613, 35614, 14, 12, 7.00, 1
8880, 35604, 4, 0, 35615, 35618, 14, 10, 3.50, 1
8881, 35606, 4, 0, 35609, 35612, 6, 2, 1.50, 1
8882, 35613, 5, 0, 35622, 35626, 13, 8, 2.60, 1
8883, 35615, 5, 0, 35629, 35633, 18, 13, 3.60, 1
8884, 35617, 2, 0, 35619, 35620, 3, 1, 1.50, 1
8885, 35620, 1, 0, 35621, 35621, 1, 0, 1.00, 1
8886, 35625, 2, 0, 35627, 35628, 3, 1, 1.50, 1
8887, 35629, 4, 0, 35637, 35640, 11, 7, 2.75, 1
8888, 35630, 1, 0, 35634, 35634, 4, 3, 4.00, 1
8889, 35634, 2, 0, 35635, 35636, 2, 0, 1.00, 1
8890, 35635, 7, 0, 35657, 35663, 28, 21, 4.00, 1
8891, 35638, 6, 0, 35648, 35653, 15, 9, 2.50, 1
8892, 35639, 4, 0, 35641, 35644, 5, 1, 1.25, 1
8893, 35642, 3, 0, 35645, 35647, 5, 2, 1.67, 1
8894, 35651, 3, 0, 35654, 35656, 5, 2, 1.67, 1
8895, 35663, 3, 0, 35664, 35666, 3, 0, 1.00, 1
8896, 35669, 11, 0, 35677, 35687, 18, 7, 1.64, 1
8897, 35674, 1, 0, 35676, 35676, 2, 1, 2.00, 1
8898, 35681, 5, 0, 35698, 35702, 21, 16, 4.20, 1
8899, 35684, 5, 0, 35703, 35707, 23, 18, 4.60, 1
8900, 35687, 3, 0, 35688, 35690, 3, 0, 1.00, 1
8901, 35689, 7, 0, 35691, 35697, 8, 1, 1.14, 1
8902, 35699, 7, 0, 35715, 35721, 22, 15, 3.14, 1
8903, 35705, 2, 0, 35708, 35709, 4, 2, 2.00, 1
8904, 35706, 4, 0, 35710, 35713, 7, 3, 1.75, 1
8905, 35712, 1, 0, 35714, 35714, 2, 1, 2.00, 1
8906, 35720, 5, 0, 35722, 35726, 6, 1, 1.20, 1
8907, 35724, 7, 0, 35728, 35734, 10, 3, 1.43, 1
8908, 35725, 1, 0, 35727, 35727, 2, 1, 2.00, 1
8909, 35729, 3, 0, 35735, 35737, 8, 5, 2.67, 1
8910, 35733, 4, 0, 35738, 35741, 8, 4, 2.00, 1
8911, 35737, 8, 0, 35750, 35757, 20, 12, 2.50, 1
8912, 35741, 4, 0, 35742, 35745, 4, 0, 1.00, 1
8913, 35743, 2, 0, 35747, 35748, 5, 3, 2.50, 1
8914, 35745, 1, 0, 35746, 35746, 1, 0, 1.00, 1
8915, 35747, 1, 0, 35749, 35749, 2, 1, 2.00, 1
8916, 35752, 3, 0, 35758, 35760, 8, 5, 2.67, 1
8917, 35755, 3, 0, 35761, 35763, 8, 5, 2.67, 1
8918, 35760, 5, 0, 35764, 35768, 8, 3, 1.60, 1
8919, 35772, 3, 0, 35777, 35779, 7, 4, 2.33, 1
8920, 35773, 5, 0, 35781, 35785, 12, 7, 2.40, 1
8921, 35775, 1, 0, 35776, 35776, 1, 0, 1.00, 1
8922, 35777, 12, 0, 41197, 41208, 5431, 5419, 452.58, 1
8923, 35778, 1, 0, 35780, 35780, 2, 1, 2.00, 1
8924, 35781, 1, 0, 41195, 41195, 5414, 5413, 5414.00, 1
8925, 35782, 1, 0, 41196, 41196, 5414, 5413, 5414.00, 1
8926, 35783, 9, 0, 35791, 35799, 16, 7, 1.78, 1
8927, 35785, 5, 0, 35786, 35790, 5, 0, 1.00, 1
8928, 35791, 3, 0, 35809, 35811, 20, 17, 6.67, 1
8929, 35794, 4, 0, 35812, 35815, 21, 17, 5.25, 1
8930, 35798, 9, 0, 35800, 35808, 10, 1, 1.11, 1
8931, 35812, 11, 0, 35840, 35850, 38, 27, 3.45, 1
8932, 35815, 4, 0, 35816, 35819, 4, 0, 1.00, 1
8933, 35818, 1, 0, 35820, 35820, 2, 1, 2.00, 1
8934, 35820, 8, 0, 35821, 35828, 8, 0, 1.00, 1
8935, 35825, 2, 0, 35829, 35830, 5, 3, 2.50, 1
8936, 35826, 9, 0, 35831, 35839, 13, 4, 1.44, 1
8937, 35845, 4, 0, 35852, 35855, 10, 6, 2.50, 1
8938, 35846, 8, 0, 35856, 35863, 17, 9, 2.12, 1
8939, 35848, 1, 0, 35851, 35851, 3, 2, 3.00, 1
8940, 35859, 9, 0, 35868, 35876, 17, 8, 1.89, 1
8941, 35860, 15, 0, 41165, 41179, 5319, 5304, 354.60, 1
8942, 35861, 4, 0, 35864, 35867, 6, 2, 1.50, 1
8943, 35868, 11, 0, 35884, 35894, 26, 15, 2.36, 1
8944, 35874, 1, 0, 35877, 35877, 3, 2, 3.00, 1
8945, 35876, 3, 0, 35878, 35880, 4, 1, 1.33, 1
8946, 35877, 15, 0, 41180, 41194, 5317, 5302, 354.47, 1
8947, 35878, 2, 0, 35881, 35882, 4, 2, 2.00, 1
8948, 35882, 1, 0, 35883, 35883, 1, 0, 1.00, 1
8949, 35885, 4, 0, 35924, 35927, 42, 38, 10.50, 1
8950, 35886, 8, 0, 35934, 35941, 55, 47, 6.88, 1
8951, 35890, 1, 0, 35917, 35917, 27, 26, 27.00, 1
8952, 35891, 3, 0, 35918, 35920, 29, 26, 9.67, 1
8953, 35892, 4, 0, 35898, 35901, 9, 5, 2.25, 1
8954, 35893, 3, 0, 35895, 35897, 4, 1, 1.33, 1
8955, 35900, 10, 0, 35902, 35911, 11, 1, 1.10, 1
8956, 35903, 3, 0, 35914, 35916, 13, 10, 4.33, 1
8957, 35904, 1, 0, 35912, 35912, 8, 7, 8.00, 1
8958, 35907, 1, 0, 35913, 35913, 6, 5, 6.00, 1
8959, 35918, 3, 0, 35921, 35923, 5, 2, 1.67, 1
8960, 35925, 1, 0, 35928, 35928, 3, 2, 3.00, 1
8961, 35926, 5, 0, 35929, 35933, 7, 2, 1.40, 1
8962, 35936, 2, 0, 41161, 41162, 5226, 5224, 2613.00, 1
8963, 35937, 2, 0, 41163, 41164, 5227, 5225, 2613.50, 1
8964, 35940, 9, 0, 35942, 35950, 10, 1, 1.11, 1
8965, 35947, 2, 0, 35951, 35952, 5, 3, 2.50, 1
8966, 35948, 3, 0, 35953, 35955, 7, 4, 2.33, 1
8967, 35953, 6, 0, 35956, 35961, 8, 2, 1.33, 1
8968, 35957, 6, 0, 41145, 41150, 5193, 5187, 865.50, 1
8969, 35958, 10, 0, 41151, 41160, 5202, 5192, 520.20, 1
8970, 35961, 6, 0, 35962, 35967, 6, 0, 1.00, 1
8971, 35963, 2, 0, 35969, 35970, 7, 5, 3.50, 1
8972, 35965, 1, 0, 35968, 35968, 3, 2, 3.00, 1
8973, 35967, 6, 0, 35978, 35983, 16, 10, 2.67, 1
8974, 35969, 4, 0, 35971, 35974, 5, 1, 1.25, 1
8975, 35974, 2, 0, 35975, 35976, 2, 0, 1.00, 1
8976, 35976, 1, 0, 35977, 35977, 1, 0, 1.00, 1
8977, 35977, 10, 0, 36019, 36028, 51, 41, 5.10, 1
8978, 35978, 8, 0, 35984, 35991, 13, 5, 1.62, 1
8979, 35980, 9, 0, 36007, 36015, 35, 26, 3.89, 1
8980, 35989, 4, 0, 35992, 35995, 6, 2, 1.50, 1
8981, 35991, 20, 0, 36029, 36048, 57, 37, 2.85, 1
8982, 35992, 5, 0, 36002, 36006, 14, 9, 2.80, 1
8983, 35993, 3, 0, 35996, 35998, 5, 2, 1.67, 1
8984, 35994, 3, 0, 35999, 36001, 7, 4, 2.33, 1
8985, 36012, 3, 0, 36016, 36018, 6, 3, 2.00, 1
8986, 36029, 5, 0, 36079, 36083, 54, 49, 10.80, 1
8987, 36030, 2, 0, 36077, 36078, 48, 46, 24.00, 1
8988, 36033, 5, 0, 36084, 36088, 55, 50, 11.00, 1
8989, 36034, 6, 0, 36071, 36076, 42, 36, 7.00, 1
8990, 36035, 1, 0, 36066, 36066, 31, 30, 31.00, 1
8991, 36036, 4, 0, 36067, 36070, 34, 30, 8.50, 1
8992, 36037, 6, 0, 36060, 36065, 28, 22, 4.67, 1
8993, 36047, 4, 0, 36049, 36052, 5, 1, 1.25, 1
8994, 36048, 5, 0, 36055, 36059, 11, 6, 2.20, 1
8995, 36051, 2, 0, 36053, 36054, 3, 1, 1.50, 1
8996, 36087, 1, 0, 36089, 36089, 2, 1, 2.00, 1
8997, 36088, 3, 0, 36092, 36094, 6, 3, 2.00, 1
8998, 36089, 1, 0, 36090, 36090, 1, 0, 1.00, 1
8999, 36090, 1, 0, 36091, 36091, 1, 0, 1.00, 1
9000, 36091, 24, 0, 36095, 36118, 27, 3, 1.12, 1
9001, 36096, 3, 0, 41137, 41139, 5043, 5040, 1681.00, 1
9002, 36102, 5, 0, 41140, 41144, 5042, 5037, 1008.40, 1
9003, 36110, 3, 0, 36125, 36127, 17, 14, 5.67, 1
9004, 36115, 8, 0, 41115, 41122, 5007, 4999, 625.88, 1
9005, 36117, 6, 0, 36119, 36124, 7, 1, 1.17, 1
9006, 36125, 3, 0, 36128, 36130, 5, 2, 1.67, 1
9007, 36129, 5, 0, 36131, 36135, 6, 1, 1.20, 1
9008, 36133, 2, 0, 36136, 36137, 4, 2, 2.00, 1
9009, 36136, 5, 0, 36138, 36142, 6, 1, 1.20, 1
9010, 36141, 14, 0, 41123, 41136, 4995, 4981, 356.79, 1
9011, 36142, 2, 0, 36143, 36144, 2, 0, 1.00, 1
9012, 36144, 4, 0, 36145, 36148, 4, 0, 1.00, 1
9013, 36147, 3, 0, 36149, 36151, 4, 1, 1.33, 1
9014, 36148, 27, 0, 41088, 41114, 4966, 4939, 183.93, 1
9015, 36150, 26, 0, 36152, 36177, 27, 1, 1.04, 1
9016, 36156, 1, 0, 41085, 41085, 4929, 4928, 4929.00, 1
9017, 36162, 2, 0, 41086, 41087, 4925, 4923, 2462.50, 1
9018, 36164, 1, 0, 41076, 41076, 4912, 4911, 4912.00, 1
9019, 36165, 8, 0, 41077, 41084, 4919, 4911, 614.88, 1
9020, 36168, 4, 0, 41065, 41068, 4900, 4896, 1225.00, 1
9021, 36171, 3, 0, 41062, 41064, 4893, 4890, 1631.00, 1
9022, 36172, 7, 0, 41069, 41075, 4903, 4896, 700.43, 1
9023, 36176, 14, 0, 41048, 41061, 4885, 4871, 348.93, 1
9024, 36177, 6, 0, 36178, 36183, 6, 0, 1.00, 1
9025, 36179, 8, 0, 41032, 41039, 4860, 4852, 607.50, 1
9026, 36180, 6, 0, 36184, 36189, 9, 3, 1.50, 1
9027, 36184, 5, 0, 36190, 36194, 10, 5, 2.00, 1
9028, 36188, 6, 0, 36197, 36202, 14, 8, 2.33, 1
9029, 36193, 8, 0, 41040, 41047, 4854, 4846, 606.75, 1
9030, 36194, 2, 0, 36195, 36196, 2, 0, 1.00, 1
9031, 36200, 5, 0, 36207, 36211, 11, 6, 2.20, 1
9032, 36202, 4, 0, 36203, 36206, 4, 0, 1.00, 1
9033, 36209, 9, 0, 36214, 36222, 13, 4, 1.44, 1
9034, 36210, 2, 0, 36212, 36213, 3, 1, 1.50, 1
9035, 36216, 1, 0, 36223, 36223, 7, 6, 7.00, 1
9036, 36219, 26, 0, 41006, 41031, 4812, 4786, 185.08, 1
9037, 36223, 7, 0, 36224, 36230, 7, 0, 1.00, 1
9038, 36224, 11, 0, 36231, 36241, 17, 6, 1.55, 1
9039, 36231, 18, 0, 40988, 41005, 4774, 4756, 265.22, 1
9040, 36232, 16, 0, 36247, 36262, 30, 14, 1.88, 1
9041, 36240, 2, 0, 36242, 36243, 3, 1, 1.50, 1
9042, 36243, 3, 0, 36244, 36246, 3, 0, 1.00, 1
9043, 36247, 3, 0, 40974, 40976, 4729, 4726, 1576.33, 1
9044, 36248, 11, 0, 40977, 40987, 4739, 4728, 430.82, 1
9045, 36254, 6, 0, 36263, 36268, 14, 8, 2.33, 1
9046, 36256, 6, 0, 40957, 40962, 4706, 4700, 784.33, 1
9047, 36264, 3, 0, 40954, 40956, 4692, 4689, 1564.00, 1
9048, 36265, 2, 0, 36269, 36270, 5, 3, 2.50, 1
9049, 36267, 11, 0, 40963, 40973, 4706, 4695, 427.82, 1
9050, 36269, 5, 0, 36271, 36275, 6, 1, 1.20, 1
9051, 36270, 11, 0, 36276, 36286, 16, 5, 1.45, 1
9052, 36276, 7, 0, 36287, 36293, 17, 10, 2.43, 1
9053, 36290, 1, 0, 40952, 40952, 4662, 4661, 4662.00, 1
9054, 36291, 1, 0, 40953, 40953, 4662, 4661, 4662.00, 1
9055, 36293, 10, 0, 36294, 36303, 10, 0, 1.00, 1
9056, 36296, 2, 0, 36320, 36321, 25, 23, 12.50, 1
9057, 36298, 5, 0, 36322, 36326, 28, 23, 5.60, 1
9058, 36303, 9, 0, 36304, 36312, 9, 0, 1.00, 1
9059, 36305, 3, 0, 36313, 36315, 10, 7, 3.33, 1
9060, 36310, 3, 0, 36316, 36318, 8, 5, 2.67, 1
9061, 36317, 1, 0, 36319, 36319, 2, 1, 2.00, 1
9062, 36320, 12, 0, 36337, 36348, 28, 16, 2.33, 1
9063, 36324, 3, 0, 36329, 36331, 7, 4, 2.33, 1
9064, 36326, 2, 0, 36327, 36328, 2, 0, 1.00, 1
9065, 36331, 2, 0, 36332, 36333, 2, 0, 1.00, 1
9066, 36333, 3, 0, 36334, 36336, 3, 0, 1.00, 1
9067, 36341, 2, 0, 40947, 40948, 4607, 4605, 2303.50, 1
9068, 36342, 3, 0, 40949, 40951, 4609, 4606, 1536.33, 1
9069, 36345, 2, 0, 36349, 36350, 5, 3, 2.50, 1
9070, 36346, 2, 0, 36351, 36352, 6, 4, 3.00, 1
9071, 36349, 5, 0, 36354, 36358, 9, 4, 1.80, 1
9072, 36351, 1, 0, 36353, 36353, 2, 1, 2.00, 1
9073, 36356, 8, 0, 36359, 36366, 10, 2, 1.25, 1
9074, 36364, 14, 0, 36367, 36380, 16, 2, 1.14, 1
9075, 36370, 9, 0, 36406, 36414, 44, 35, 4.89, 1
9076, 36376, 1, 0, 36381, 36381, 5, 4, 5.00, 1
9077, 36377, 1, 0, 36382, 36382, 5, 4, 5.00, 1
9078, 36382, 2, 0, 36383, 36384, 2, 0, 1.00, 1
9079, 36384, 4, 0, 36385, 36388, 4, 0, 1.00, 1
9080, 36385, 8, 0, 36389, 36396, 11, 3, 1.38, 1
9081, 36391, 2, 0, 36397, 36398, 7, 5, 3.50, 1
9082, 36394, 6, 0, 36399, 36404, 10, 4, 1.67, 1
9083, 36403, 1, 0, 36405, 36405, 2, 1, 2.00, 1
9084, 36409, 2, 0, 36418, 36419, 10, 8, 5.00, 1
9085, 36410, 3, 0, 36420, 36422, 12, 9, 4.00, 1
9086, 36412, 2, 0, 36415, 36416, 4, 2, 2.00, 1
9087, 36415, 1, 0, 36417, 36417, 2, 1, 2.00, 1
9088, 36418, 4, 0, 36423, 36426, 8, 4, 2.00, 1
9089, 36424, 16, 0, 36427, 36442, 18, 2, 1.12, 1
9090, 36429, 6, 0, 36462, 36467, 38, 32, 6.33, 1
9091, 36434, 4, 0, 36446, 36449, 15, 11, 3.75, 1
9092, 36439, 3, 0, 36443, 36445, 6, 3, 2.00, 1
9093, 36443, 6, 0, 36469, 36474, 31, 25, 5.17, 1
9094, 36449, 4, 0, 36450, 36453, 4, 0, 1.00, 1
9095, 36453, 5, 0, 36454, 36458, 5, 0, 1.00, 1
9096, 36455, 3, 0, 36459, 36461, 6, 3, 2.00, 1
9097, 36466, 1, 0, 36468, 36468, 2, 1, 2.00, 1
9098, 36468, 7, 0, 36475, 36481, 13, 6, 1.86, 1
9099, 36475, 1, 0, 40944, 40944, 4469, 4468, 4469.00, 1
9100, 36476, 2, 0, 40945, 40946, 4470, 4468, 2235.00, 1
9101, 36478, 12, 0, 40917, 40928, 4450, 4438, 370.83, 1
9102, 36479, 6, 0, 36482, 36487, 8, 2, 1.33, 1
9103, 36480, 8, 0, 36502, 36509, 29, 21, 3.62, 1
9104, 36484, 5, 0, 36488, 36492, 8, 3, 1.60, 1
9105, 36486, 7, 0, 36494, 36500, 14, 7, 2.00, 1
9106, 36489, 1, 0, 36493, 36493, 4, 3, 4.00, 1
9107, 36496, 1, 0, 36501, 36501, 5, 4, 5.00, 1
9108, 36505, 7, 0, 36527, 36533, 28, 21, 4.00, 1
9109, 36506, 1, 0, 36520, 36520, 14, 13, 14.00, 1
9110, 36508, 6, 0, 36521, 36526, 18, 12, 3.00, 1
9111, 36509, 8, 0, 36510, 36517, 8, 0, 1.00, 1
9112, 36512, 2, 0, 36518, 36519, 7, 5, 3.50, 1
9113, 36524, 9, 0, 40908, 40916, 4392, 4383, 488.00, 1
9114, 36532, 3, 0, 36534, 36536, 4, 1, 1.33, 1
9115, 36534, 15, 0, 40929, 40943, 4409, 4394, 293.93, 1
9116, 36535, 10, 0, 36542, 36551, 16, 6, 1.60, 1
9117, 36536, 5, 0, 36537, 36541, 5, 0, 1.00, 1
9118, 36542, 1, 0, 36552, 36552, 10, 9, 10.00, 1
9119, 36544, 11, 0, 36553, 36563, 19, 8, 1.73, 1
9120, 36557, 3, 0, 36566, 36568, 11, 8, 3.67, 1
9121, 36559, 21, 0, 36746, 36766, 207, 186, 9.86, 1
9122, 36560, 2, 0, 36564, 36565, 5, 3, 2.50, 1
9123, 36566, 3, 0, 36569, 36571, 5, 2, 1.67, 1
9124, 36570, 2, 0, 36572, 36573, 3, 1, 1.50, 1
9125, 36572, 8, 0, 36574, 36581, 9, 1, 1.12, 1
9126, 36576, 1, 0, 36582, 36582, 6, 5, 6.00, 1
9127, 36578, 9, 0, 36591, 36599, 21, 12, 2.33, 1
9128, 36582, 8, 0, 36583, 36590, 8, 0, 1.00, 1
9129, 36588, 9, 0, 36605, 36613, 25, 16, 2.78, 1
9130, 36599, 5, 0, 36600, 36604, 5, 0, 1.00, 1
9131, 36606, 11, 0, 36626, 36636, 30, 19, 2.73, 1
9132, 36607, 5, 0, 36614, 36618, 11, 6, 2.20, 1
9133, 36617, 11, 0, 36647, 36657, 40, 29, 3.64, 1
9134, 36618, 3, 0, 36619, 36621, 3, 0, 1.00, 1
9135, 36621, 2, 0, 36622, 36623, 2, 0, 1.00, 1
9136, 36623, 2, 0, 36624, 36625, 2, 0, 1.00, 1
9137, 36626, 4, 0, 36642, 36645, 19, 15, 4.75, 1
9138, 36630, 2, 0, 36637, 36638, 8, 6, 4.00, 1
9139, 36632, 3, 0, 36639, 36641, 9, 6, 3.00, 1
9140, 36643, 1, 0, 36646, 36646, 3, 2, 3.00, 1
9141, 36646, 12, 0, 36709, 36720, 74, 62, 6.17, 1
9142, 36654, 7, 0, 36662, 36668, 14, 7, 2.00, 1
9143, 36656, 2, 0, 36658, 36659, 3, 1, 1.50, 1
9144, 36659, 2, 0, 36660, 36661, 2, 0, 1.00, 1
9145, 36668, 5, 0, 36669, 36673, 5, 0, 1.00, 1
9146, 36669, 1, 0, 36699, 36699, 30, 29, 30.00, 1
9147, 36672, 3, 0, 36700, 36702, 30, 27, 10.00, 1
9148, 36673, 2, 0, 36674, 36675, 2, 0, 1.00, 1
9149, 36674, 13, 0, 36677, 36689, 15, 2, 1.15, 1
9150, 36675, 1, 0, 36676, 36676, 1, 0, 1.00, 1
9151, 36688, 2, 0, 36690, 36691, 3, 1, 1.50, 1
9152, 36690, 5, 0, 36692, 36696, 6, 1, 1.20, 1
9153, 36695, 2, 0, 36697, 36698, 3, 1, 1.50, 1
9154, 36700, 2, 0, 36703, 36704, 4, 2, 2.00, 1
9155, 36703, 4, 0, 36705, 36708, 5, 1, 1.25, 1
9156, 36704, 12, 0, 36723, 36734, 30, 18, 2.50, 1
9157, 36716, 2, 0, 36721, 36722, 6, 4, 3.00, 1
9158, 36728, 4, 0, 36736, 36739, 11, 7, 2.75, 1
9159, 36733, 5, 0, 36741, 36745, 12, 7, 2.40, 1
9160, 36734, 1, 0, 36735, 36735, 1, 0, 1.00, 1
9161, 36738, 1, 0, 36740, 36740, 2, 1, 2.00, 1
9162, 36747, 4, 0, 40892, 40895, 4148, 4144, 1037.00, 1
9163, 36748, 12, 0, 40896, 40907, 4159, 4147, 346.58, 1
9164, 36750, 1, 0, 40889, 40889, 4139, 4138, 4139.00, 1
9165, 36754, 2, 0, 40890, 40891, 4137, 4135, 2068.50, 1
9166, 36758, 3, 0, 36770, 36772, 14, 11, 4.67, 1
9167, 36761, 7, 0, 36777, 36783, 22, 15, 3.14, 1
9168, 36764, 2, 0, 36767, 36768, 4, 2, 2.00, 1
9169, 36767, 1, 0, 36769, 36769, 2, 1, 2.00, 1
9170, 36770, 4, 0, 36773, 36776, 6, 2, 1.50, 1
9171, 36780, 1, 0, 36784, 36784, 4, 3, 4.00, 1
9172, 36783, 3, 0, 36785, 36787, 4, 1, 1.33, 1
9173, 36784, 7, 0, 36788, 36794, 10, 3, 1.43, 1
9174, 36786, 12, 0, 36806, 36817, 31, 19, 2.58, 1
9175, 36788, 3, 0, 36796, 36798, 10, 7, 3.33, 1
9176, 36791, 1, 0, 36795, 36795, 4, 3, 4.00, 1
9177, 36798, 4, 0, 36799, 36802, 4, 0, 1.00, 1
9178, 36800, 3, 0, 36803, 36805, 5, 2, 1.67, 1
9179, 36801, 14, 0, 36828, 36841, 40, 26, 2.86, 1
9180, 36809, 2, 0, 36820, 36821, 12, 10, 6.00, 1
9181, 36810, 1, 0, 36818, 36818, 8, 7, 8.00, 1
9182, 36816, 2, 0, 36822, 36823, 7, 5, 3.50, 1
9183, 36818, 1, 0, 36819, 36819, 1, 0, 1.00, 1
9184, 36820, 3, 0, 36825, 36827, 7, 4, 2.33, 1
9185, 36822, 1, 0, 36824, 36824, 2, 1, 2.00, 1
9186, 36829, 2, 0, 40883, 40884, 4055, 4053, 2027.50, 1
9187, 36830, 4, 0, 40885, 40888, 4058, 4054, 1014.50, 1
9188, 36832, 7, 0, 36853, 36859, 27, 20, 3.86, 1
9189, 36834, 3, 0, 36842, 36844, 10, 7, 3.33, 1
9190, 36839, 15, 0, 36873, 36887, 48, 33, 3.20, 1
9191, 36842, 1, 0, 36845, 36845, 3, 2, 3.00, 1
9192, 36844, 5, 0, 36846, 36850, 6, 1, 1.20, 1
9193, 36848, 2, 0, 36851, 36852, 4, 2, 2.00, 1
9194, 36856, 3, 0, 36860, 36862, 6, 3, 2.00, 1
9195, 36859, 7, 0, 36865, 36871, 12, 5, 1.71, 1
9196, 36862, 2, 0, 36863, 36864, 2, 0, 1.00, 1
9197, 36867, 1, 0, 36872, 36872, 5, 4, 5.00, 1
9198, 36875, 1, 0, 40873, 40873, 3998, 3997, 3998.00, 1
9199, 36877, 9, 0, 40874, 40882, 4005, 3996, 445.00, 1
9200, 36880, 3, 0, 36895, 36897, 17, 14, 5.67, 1
9201, 36882, 1, 0, 36888, 36888, 6, 5, 6.00, 1
9202, 36883, 3, 0, 36898, 36900, 17, 14, 5.67, 1
9203, 36888, 5, 0, 36889, 36893, 5, 0, 1.00, 1
9204, 36893, 1, 0, 36894, 36894, 1, 0, 1.00, 1
9205, 36896, 7, 0, 36903, 36909, 13, 6, 1.86, 1
9206, 36900, 2, 0, 36901, 36902, 2, 0, 1.00, 1
9207, 36905, 11, 0, 36910, 36920, 15, 4, 1.36, 1
9208, 36919, 6, 0, 36921, 36926, 7, 1, 1.17, 1
9209, 36921, 12, 0, 36929, 36940, 19, 7, 1.58, 1
9210, 36925, 2, 0, 36927, 36928, 3, 1, 1.50, 1
9211, 36934, 6, 0, 37155, 37160, 226, 220, 37.67, 1
9212, 36935, 3, 0, 37152, 37154, 219, 216, 73.00, 1
9213, 36936, 13, 0, 37162, 37174, 238, 225, 18.31, 1
9214, 36940, 15, 0, 36941, 36955, 15, 0, 1.00, 1
9215, 36947, 2, 0, 37144, 37145, 198, 196, 99.00, 1
9216, 36949, 6, 0, 37146, 37151, 202, 196, 33.67, 1
9217, 36950, 6, 0, 36963, 36968, 18, 12, 3.00, 1
9218, 36954, 4, 0, 36956, 36959, 5, 1, 1.25, 1
9219, 36957, 2, 0, 36960, 36961, 4, 2, 2.00, 1
9220, 36961, 1, 0, 36962, 36962, 1, 0, 1.00, 1
9221, 36965, 5, 0, 36969, 36973, 8, 3, 1.60, 1
9222, 36967, 8, 0, 36974, 36981, 14, 6, 1.75, 1
9223, 36978, 9, 0, 36983, 36991, 13, 4, 1.44, 1
9224, 36981, 1, 0, 36982, 36982, 1, 0, 1.00, 1
9225, 36986, 6, 0, 37001, 37006, 20, 14, 3.33, 1
9226, 36987, 4, 0, 36992, 36995, 8, 4, 2.00, 1
9227, 36995, 3, 0, 36996, 36998, 3, 0, 1.00, 1
9228, 36997, 2, 0, 36999, 37000, 3, 1, 1.50, 1
9229, 37001, 1, 0, 37007, 37007, 6, 5, 6.00, 1
9230, 37003, 3, 0, 37008, 37010, 7, 4, 2.33, 1
9231, 37008, 6, 0, 37013, 37018, 10, 4, 1.67, 1
9232, 37010, 2, 0, 37011, 37012, 2, 0, 1.00, 1
9233, 37013, 12, 0, 37019, 37030, 17, 5, 1.42, 1
9234, 37017, 17, 0, 37124, 37140, 123, 106, 7.24, 1
9235, 37022, 2, 0, 37057, 37058, 36, 34, 18.00, 1
9236, 37025, 8, 0, 37059, 37066, 41, 33, 5.12, 1
9237, 37027, 6, 0, 37031, 37036, 9, 3, 1.50, 1
9238, 37031, 9, 0, 37042, 37050, 19, 10, 2.11, 1
9239, 37032, 3, 0, 37039, 37041, 9, 6, 3.00, 1
9240, 37034, 2, 0, 37037, 37038, 4, 2, 2.00, 1
9241, 37044, 3, 0, 37051, 37053, 9, 6, 3.00, 1
9242, 37050, 3, 0, 37054, 37056, 6, 3, 2.00, 1
9243, 37061, 3, 0, 37069, 37071, 10, 7, 3.33, 1
9244, 37063, 2, 0, 37067, 37068, 5, 3, 2.50, 1
9245, 37065, 8, 0, 37108, 37115, 50, 42, 6.25, 1
9246, 37070, 5, 0, 37072, 37076, 6, 1, 1.20, 1
9247, 37071, 5, 0, 37081, 37085, 14, 9, 2.80, 1
9248, 37073, 1, 0, 37077, 37077, 4, 3, 4.00, 1
9249, 37075, 6, 0, 37089, 37094, 19, 13, 3.17, 1
9250, 37077, 3, 0, 37078, 37080, 3, 0, 1.00, 1
9251, 37082, 3, 0, 37086, 37088, 6, 3, 2.00, 1
9252, 37093, 5, 0, 37095, 37099, 6, 1, 1.20, 1
9253, 37095, 1, 0, 37101, 37101, 6, 5, 6.00, 1
9254, 37098, 6, 0, 37102, 37107, 9, 3, 1.50, 1
9255, 37099, 1, 0, 37100, 37100, 1, 0, 1.00, 1
9256, 37113, 8, 0, 37116, 37123, 10, 2, 1.25, 1
9257, 37125, 3, 0, 37141, 37143, 18, 15, 6.00, 1
9258, 37157, 1, 0, 37161, 37161, 4, 3, 4.00, 1
9259, 37163, 5, 0, 37178, 37182, 19, 14, 3.80, 1
9260, 37168, 1, 0, 37175, 37175, 7, 6, 7.00, 1
9261, 37171, 2, 0, 37176, 37177, 6, 4, 3.00, 1
9262, 37180, 12, 0, 37200, 37211, 31, 19, 2.58, 1
9263, 37181, 2, 0, 37183, 37184, 3, 1, 1.50, 1
9264, 37183, 10, 0, 37186, 37195, 12, 2, 1.20, 1
9265, 37184, 1, 0, 37185, 37185, 1, 0, 1.00, 1
9266, 37191, 3, 0, 37197, 37199, 8, 5, 2.67, 1
9267, 37192, 1, 0, 37196, 37196, 4, 3, 4.00, 1
9268, 37201, 5, 0, 37695, 37699, 498, 493, 99.60, 1
9269, 37207, 9, 0, 37700, 37708, 501, 492, 55.67, 1
9270, 37211, 8, 0, 37212, 37219, 8, 0, 1.00, 1
9271, 37217, 9, 0, 37350, 37358, 141, 132, 15.67, 1
9272, 37219, 3, 0, 37220, 37222, 3, 0, 1.00, 1
9273, 37222, 5, 0, 37223, 37227, 5, 0, 1.00, 1
9274, 37223, 1, 0, 37238, 37238, 15, 14, 15.00, 1
9275, 37224, 7, 0, 37239, 37245, 21, 14, 3.00, 1
9276, 37226, 7, 0, 37228, 37234, 8, 1, 1.14, 1
9277, 37228, 2, 0, 37236, 37237, 9, 7, 4.50, 1
9278, 37229, 1, 0, 37235, 37235, 6, 5, 6.00, 1
9279, 37238, 9, 0, 37361, 37369, 131, 122, 14.56, 1
9280, 37240, 4, 0, 37246, 37249, 9, 5, 2.25, 1
9281, 37245, 17, 0, 37328, 37344, 99, 82, 5.82, 1
9282, 37246, 3, 0, 37250, 37252, 6, 3, 2.00, 1
9283, 37251, 8, 0, 37253, 37260, 9, 1, 1.12, 1
9284, 37254, 2, 0, 37324, 37325, 71, 69, 35.50, 1
9285, 37258, 2, 0, 37326, 37327, 69, 67, 34.50, 1
9286, 37259, 6, 0, 37261, 37266, 7, 1, 1.17, 1
9287, 37262, 15, 0, 37273, 37287, 25, 10, 1.67, 1
9288, 37263, 4, 0, 37267, 37270, 7, 3, 1.75, 1
9289, 37267, 2, 0, 37271, 37272, 5, 3, 2.50, 1
9290, 37274, 14, 0, 37310, 37323, 49, 35, 3.50, 1
9291, 37276, 5, 0, 37290, 37294, 18, 13, 3.60, 1
9292, 37283, 2, 0, 37288, 37289, 6, 4, 3.00, 1
9293, 37290, 10, 0, 37295, 37304, 14, 4, 1.40, 1
9294, 37296, 5, 0, 37305, 37309, 13, 8, 2.60, 1
9295, 37330, 1, 0, 37347, 37347, 17, 16, 17.00, 1
9296, 37335, 2, 0, 37348, 37349, 14, 12, 7.00, 1
9297, 37339, 1, 0, 37345, 37345, 6, 5, 6.00, 1
9298, 37342, 1, 0, 37346, 37346, 4, 3, 4.00, 1
9299, 37352, 2, 0, 37359, 37360, 8, 6, 4.00, 1
9300, 37357, 16, 0, 37592, 37607, 250, 234, 15.62, 1
9301, 37363, 15, 0, 37370, 37384, 21, 6, 1.40, 1
9302, 37370, 4, 0, 37577, 37580, 210, 206, 52.50, 1
9303, 37374, 2, 0, 37387, 37388, 14, 12, 7.00, 1
9304, 37376, 1, 0, 37386, 37386, 10, 9, 10.00, 1
9305, 37378, 2, 0, 37573, 37574, 196, 194, 98.00, 1
9306, 37381, 1, 0, 37385, 37385, 4, 3, 4.00, 1
9307, 37387, 2, 0, 37575, 37576, 189, 187, 94.50, 1
9308, 37388, 4, 0, 37389, 37392, 4, 0, 1.00, 1
9309, 37391, 6, 0, 37393, 37398, 7, 1, 1.17, 1
9310, 37394, 18, 0, 37399, 37416, 22, 4, 1.22, 1
9311, 37405, 3, 0, 37547, 37549, 144, 141, 48.00, 1
9312, 37406, 4, 0, 37550, 37553, 147, 143, 36.75, 1
9313, 37409, 8, 0, 37420, 37427, 18, 10, 2.25, 1
9314, 37415, 2, 0, 37417, 37418, 3, 1, 1.50, 1
9315, 37417, 1, 0, 37419, 37419, 2, 1, 2.00, 1
9316, 37418, 12, 0, 37472, 37483, 65, 53, 5.42, 1
9317, 37421, 1, 0, 37428, 37428, 7, 6, 7.00, 1
9318, 37425, 3, 0, 37429, 37431, 6, 3, 2.00, 1
9319, 37429, 2, 0, 37432, 37433, 4, 2, 2.00, 1
9320, 37430, 4, 0, 37434, 37437, 7, 3, 1.75, 1
9321, 37436, 1, 0, 37438, 37438, 2, 1, 2.00, 1
9322, 37437, 9, 0, 37439, 37447, 10, 1, 1.11, 1
9323, 37445, 3, 0, 37448, 37450, 5, 2, 1.67, 1
9324, 37449, 6, 0, 37451, 37456, 7, 1, 1.17, 1
9325, 37451, 7, 0, 37457, 37463, 12, 5, 1.71, 1
9326, 37458, 1, 0, 37468, 37468, 10, 9, 10.00, 1
9327, 37459, 3, 0, 37469, 37471, 12, 9, 4.00, 1
9328, 37461, 2, 0, 37464, 37465, 4, 2, 2.00, 1
9329, 37464, 2, 0, 37466, 37467, 3, 1, 1.50, 1
9330, 37471, 20, 0, 37508, 37527, 56, 36, 2.80, 1
9331, 37477, 3, 0, 37490, 37492, 15, 12, 5.00, 1
9332, 37478, 2, 0, 37484, 37485, 7, 5, 3.50, 1
9333, 37481, 2, 0, 37486, 37487, 6, 4, 3.00, 1
9334, 37486, 2, 0, 37488, 37489, 3, 1, 1.50, 1
9335, 37488, 6, 0, 37498, 37503, 15, 9, 2.50, 1
9336, 37492, 4, 0, 37493, 37496, 4, 0, 1.00, 1
9337, 37495, 1, 0, 37497, 37497, 2, 1, 2.00, 1
9338, 37499, 3, 0, 37505, 37507, 8, 5, 2.67, 1
9339, 37500, 1, 0, 37504, 37504, 4, 3, 4.00, 1
9340, 37515, 2, 0, 37531, 37532, 17, 15, 8.50, 1
9341, 37519, 9, 0, 37533, 37541, 22, 13, 2.44, 1
9342, 37520, 1, 0, 37528, 37528, 8, 7, 8.00, 1
9343, 37524, 2, 0, 37529, 37530, 6, 4, 3.00, 1
9344, 37540, 2, 0, 37542, 37543, 3, 1, 1.50, 1
9345, 37543, 2, 0, 37544, 37545, 2, 0, 1.00, 1
9346, 37544, 1, 0, 37546, 37546, 2, 1, 2.00, 1
9347, 37549, 9, 0, 37555, 37563, 14, 5, 1.56, 1
9348, 37552, 1, 0, 37554, 37554, 2, 1, 2.00, 1
9349, 37555, 5, 0, 37565, 37569, 14, 9, 2.80, 1
9350, 37558, 1, 0, 37564, 37564, 6, 5, 6.00, 1
9351, 37568, 2, 0, 37571, 37572, 4, 2, 2.00, 1
9352, 37569, 1, 0, 37570, 37570, 1, 0, 1.00, 1
9353, 37580, 5, 0, 37581, 37585, 5, 0, 1.00, 1
9354, 37584, 4, 0, 37586, 37589, 5, 1, 1.25, 1
9355, 37589, 2, 0, 37590, 37591, 2, 0, 1.00, 1
9356, 37592, 3, 0, 37675, 37677, 85, 82, 28.33, 1
9357, 37598, 9, 0, 37678, 37686, 88, 79, 9.78, 1
9358, 37601, 5, 0, 37611, 37615, 14, 9, 2.80, 1
9359, 37603, 3, 0, 37608, 37610, 7, 4, 2.33, 1
9360, 37613, 4, 0, 37630, 37633, 20, 16, 5.00, 1
9361, 37615, 2, 0, 37616, 37617, 2, 0, 1.00, 1
9362, 37616, 3, 0, 37618, 37620, 4, 1, 1.33, 1
9363, 37617, 9, 0, 37635, 37643, 26, 17, 2.89, 1
9364, 37619, 5, 0, 37621, 37625, 6, 1, 1.20, 1
9365, 37621, 2, 0, 37626, 37627, 6, 4, 3.00, 1
9366, 37624, 2, 0, 37628, 37629, 5, 3, 2.50, 1
9367, 37632, 1, 0, 37634, 37634, 2, 1, 2.00, 1
9368, 37637, 5, 0, 37645, 37649, 12, 7, 2.40, 1
9369, 37642, 1, 0, 37644, 37644, 2, 1, 2.00, 1
9370, 37643, 6, 0, 37659, 37664, 21, 15, 3.50, 1
9371, 37645, 2, 0, 37650, 37651, 6, 4, 3.00, 1
9372, 37647, 9, 0, 37665, 37673, 26, 17, 2.89, 1
9373, 37650, 4, 0, 37652, 37655, 5, 1, 1.25, 1
9374, 37652, 3, 0, 37656, 37658, 6, 3, 2.00, 1
9375, 37670, 1, 0, 37674, 37674, 4, 3, 4.00, 1
9376, 37682, 5, 0, 37688, 37692, 10, 5, 2.00, 1
9377, 37684, 1, 0, 37687, 37687, 3, 2, 3.00, 1
9378, 37692, 2, 0, 37693, 37694, 2, 0, 1.00, 1
9379, 37707, 15, 0, 37709, 37723, 16, 1, 1.07, 1
9380, 37713, 12, 0, 37736, 37747, 34, 22, 2.83, 1
9381, 37717, 6, 0, 37727, 37732, 15, 9, 2.50, 1
9382, 37718, 3, 0, 37724, 37726, 8, 5, 2.67, 1
9383, 37730, 3, 0, 37733, 37735, 5, 2, 1.67, 1
9384, 37740, 1, 0, 37748, 37748, 8, 7, 8.00, 1
9385, 37744, 12, 0, 37749, 37760, 16, 4, 1.33, 1
9386, 37749, 3, 0, 37763, 37765, 16, 13, 5.33, 1
9387, 37755, 10, 0, 37766, 37775, 20, 10, 2.00, 1
9388, 37760, 2, 0, 37761, 37762, 2, 0, 1.00, 1
9389, 37766, 2, 0, 37776, 37777, 11, 9, 5.50, 1
9390, 37769, 2, 0, 37778, 37779, 10, 8, 5.00, 1
9391, 37777, 12, 0, 37780, 37791, 14, 2, 1.17, 1
9392, 37784, 5, 0, 37806, 37810, 26, 21, 5.20, 1
9393, 37788, 1, 0, 37805, 37805, 17, 16, 17.00, 1
9394, 37790, 6, 0, 37816, 37821, 31, 25, 5.17, 1
9395, 37791, 3, 0, 37792, 37794, 3, 0, 1.00, 1
9396, 37792, 4, 0, 37795, 37798, 6, 2, 1.50, 1
9397, 37796, 1, 0, 37799, 37799, 3, 2, 3.00, 1
9398, 37798, 5, 0, 37800, 37804, 6, 1, 1.20, 1
9399, 37810, 2, 0, 37811, 37812, 2, 0, 1.00, 1
9400, 37812, 3, 0, 37813, 37815, 3, 0, 1.00, 1
9401, 37816, 5, 0, 37826, 37830, 14, 9, 2.80, 1
9402, 37819, 8, 0, 37838, 37845, 26, 18, 3.25, 1
9403, 37820, 2, 0, 37822, 37823, 3, 1, 1.50, 1
9404, 37823, 2, 0, 37824, 37825, 2, 0, 1.00, 1
9405, 37828, 4, 0, 37831, 37834, 6, 2, 1.50, 1
9406, 37831, 8, 0, 37846, 37853, 22, 14, 2.75, 1
9407, 37833, 3, 0, 37835, 37837, 4, 1, 1.33, 1
9408, 37844, 10, 0, 37854, 37863, 19, 9, 1.90, 1
9409, 37846, 11, 0, 40842, 40852, 3006, 2995, 273.27, 1
9410, 37855, 6, 0, 37875, 37880, 25, 19, 4.17, 1
9411, 37858, 4, 0, 37864, 37867, 9, 5, 2.25, 1
9412, 37866, 4, 0, 37868, 37871, 5, 1, 1.25, 1
9413, 37868, 2, 0, 37873, 37874, 6, 4, 3.00, 1
9414, 37870, 1, 0, 37872, 37872, 2, 1, 2.00, 1
9415, 37875, 7, 0, 37881, 37887, 12, 5, 1.71, 1
9416, 37881, 20, 0, 40853, 40872, 2991, 2971, 149.55, 1
9417, 37884, 11, 0, 37888, 37898, 14, 3, 1.27, 1
9418, 37889, 2, 0, 40836, 40837, 2948, 2946, 1474.00, 1
9419, 37891, 4, 0, 40838, 40841, 2950, 2946, 737.50, 1
9420, 37892, 2, 0, 40830, 40831, 2939, 2937, 1469.50, 1
9421, 37893, 4, 0, 40832, 40835, 2942, 2938, 735.50, 1
9422, 37894, 12, 0, 37954, 37965, 71, 59, 5.92, 1
9423, 37895, 18, 0, 40812, 40829, 2934, 2916, 163.00, 1
9424, 37897, 2, 0, 37899, 37900, 3, 1, 1.50, 1
9425, 37898, 7, 0, 37901, 37907, 9, 2, 1.29, 1
9426, 37899, 14, 0, 37908, 37921, 22, 8, 1.57, 1
9427, 37910, 11, 0, 37938, 37948, 38, 27, 3.45, 1
9428, 37911, 2, 0, 37922, 37923, 12, 10, 6.00, 1
9429, 37923, 8, 0, 37924, 37931, 8, 0, 1.00, 1
9430, 37930, 5, 0, 37932, 37936, 6, 1, 1.20, 1
9431, 37935, 1, 0, 37937, 37937, 2, 1, 2.00, 1
9432, 37945, 2, 0, 37949, 37950, 5, 3, 2.50, 1
9433, 37946, 2, 0, 37952, 37953, 7, 5, 3.50, 1
9434, 37949, 1, 0, 37951, 37951, 2, 1, 2.00, 1
9435, 37954, 6, 0, 37997, 38002, 48, 42, 8.00, 1
9436, 37956, 8, 0, 38004, 38011, 55, 47, 6.88, 1
9437, 37957, 5, 0, 37980, 37984, 27, 22, 5.40, 1
9438, 37958, 10, 0, 37985, 37994, 36, 26, 3.60, 1
9439, 37963, 3, 0, 37966, 37968, 5, 2, 1.67, 1
9440, 37966, 2, 0, 37969, 37970, 4, 2, 2.00, 1
9441, 37969, 9, 0, 37971, 37979, 10, 1, 1.11, 1
9442, 37988, 2, 0, 37995, 37996, 8, 6, 4.00, 1
9443, 38002, 1, 0, 38003, 38003, 1, 0, 1.00, 1
9444, 38004, 2, 0, 40802, 40803, 2799, 2797, 1399.50, 1
9445, 38006, 8, 0, 40804, 40811, 2805, 2797, 350.62, 1
9446, 38010, 5, 0, 38012, 38016, 6, 1, 1.20, 1
9447, 38011, 6, 0, 38017, 38022, 11, 5, 1.83, 1
9448, 38012, 10, 0, 38024, 38033, 21, 11, 2.10, 1
9449, 38021, 1, 0, 38023, 38023, 2, 1, 2.00, 1
9450, 38024, 8, 0, 38037, 38044, 20, 12, 2.50, 1
9451, 38030, 2, 0, 38035, 38036, 6, 4, 3.00, 1
9452, 38031, 1, 0, 38034, 38034, 3, 2, 3.00, 1
9453, 38037, 1, 0, 40795, 40795, 2758, 2757, 2758.00, 1
9454, 38039, 6, 0, 40796, 40801, 2762, 2756, 460.33, 1
9455, 38043, 1, 0, 38045, 38045, 2, 1, 2.00, 1
9456, 38044, 4, 0, 38046, 38049, 5, 1, 1.25, 1
9457, 38046, 7, 0, 38050, 38056, 10, 3, 1.43, 1
9458, 38049, 18, 0, 38085, 38102, 53, 35, 2.94, 1
9459, 38051, 4, 0, 38060, 38063, 12, 8, 3.00, 1
9460, 38052, 1, 0, 38057, 38057, 5, 4, 5.00, 1
9461, 38054, 2, 0, 38058, 38059, 5, 3, 2.50, 1
9462, 38061, 9, 0, 38067, 38075, 14, 5, 1.56, 1
9463, 38062, 2, 0, 38065, 38066, 4, 2, 2.00, 1
9464, 38063, 1, 0, 38064, 38064, 1, 0, 1.00, 1
9465, 38067, 2, 0, 38083, 38084, 17, 15, 8.50, 1
9466, 38071, 23, 0, 40772, 40794, 2723, 2700, 118.39, 1
9467, 38075, 2, 0, 38076, 38077, 2, 0, 1.00, 1
9468, 38076, 5, 0, 38078, 38082, 6, 1, 1.20, 1
9469, 38087, 8, 0, 40764, 40771, 2684, 2676, 335.50, 1
9470, 38090, 3, 0, 40754, 40756, 2666, 2663, 888.67, 1
9471, 38094, 7, 0, 40757, 40763, 2669, 2662, 381.29, 1
9472, 38099, 3, 0, 38105, 38107, 8, 5, 2.67, 1
9473, 38102, 2, 0, 38103, 38104, 2, 0, 1.00, 1
9474, 38103, 4, 0, 38108, 38111, 8, 4, 2.00, 1
9475, 38107, 5, 0, 38112, 38116, 9, 4, 1.80, 1
9476, 38113, 1, 0, 38117, 38117, 4, 3, 4.00, 1
9477, 38114, 5, 0, 38120, 38124, 10, 5, 2.00, 1
9478, 38117, 2, 0, 38118, 38119, 2, 0, 1.00, 1
9479, 38120, 6, 0, 40740, 40745, 2625, 2619, 437.50, 1
9480, 38124, 4, 0, 38125, 38128, 4, 0, 1.00, 1
9481, 38125, 2, 0, 38132, 38133, 8, 6, 4.00, 1
9482, 38126, 3, 0, 38134, 38136, 10, 7, 3.33, 1
9483, 38128, 3, 0, 38129, 38131, 3, 0, 1.00, 1
9484, 38133, 8, 0, 40746, 40753, 2620, 2612, 327.50, 1
9485, 38134, 2, 0, 38137, 38138, 4, 2, 2.00, 1
9486, 38137, 24, 0, 38139, 38162, 25, 1, 1.04, 1
9487, 38146, 7, 0, 40725, 40731, 2585, 2578, 369.29, 1
9488, 38150, 2, 0, 40723, 40724, 2574, 2572, 1287.00, 1
9489, 38152, 8, 0, 40732, 40739, 2587, 2579, 323.38, 1
9490, 38153, 2, 0, 38163, 38164, 11, 9, 5.50, 1
9491, 38154, 10, 0, 38174, 38183, 29, 19, 2.90, 1
9492, 38163, 6, 0, 38168, 38173, 10, 4, 1.67, 1
9493, 38164, 3, 0, 38165, 38167, 3, 0, 1.00, 1
9494, 38174, 2, 0, 38192, 38193, 19, 17, 9.50, 1
9495, 38178, 16, 0, 38194, 38209, 31, 15, 1.94, 1
9496, 38179, 2, 0, 38184, 38185, 6, 4, 3.00, 1
9497, 38184, 6, 0, 38186, 38191, 7, 1, 1.17, 1
9498, 38194, 5, 0, 38221, 38225, 31, 26, 6.20, 1
9499, 38197, 1, 0, 38211, 38211, 14, 13, 14.00, 1
9500, 38202, 3, 0, 38212, 38214, 12, 9, 4.00, 1
9501, 38209, 1, 0, 38210, 38210, 1, 0, 1.00, 1
9502, 38213, 2, 0, 38215, 38216, 3, 1, 1.50, 1
9503, 38215, 4, 0, 38217, 38220, 5, 1, 1.25, 1
9504, 38221, 1, 0, 38226, 38226, 5, 4, 5.00, 1
9505, 38222, 4, 0, 38227, 38230, 8, 4, 2.00, 1
9506, 38229, 3, 0, 38231, 38233, 4, 1, 1.33, 1
9507, 38231, 25, 0, 38234, 38258, 27, 2, 1.08, 1
9508, 38243, 2, 0, 40719, 40720, 2477, 2475, 1238.50, 1
9509, 38247, 2, 0, 40721, 40722, 2475, 2473, 1237.50, 1
9510, 38248, 11, 0, 40708, 40718, 2470, 2459, 224.55, 1
9511, 38249, 1, 0, 40702, 40702, 2453, 2452, 2453.00, 1
9512, 38251, 5, 0, 40703, 40707, 2456, 2451, 491.20, 1
9513, 38254, 9, 0, 38264, 38272, 18, 9, 2.00, 1
9514, 38255, 1, 0, 38259, 38259, 4, 3, 4.00, 1
9515, 38257, 4, 0, 38260, 38263, 6, 2, 1.50, 1
9516, 38267, 2, 0, 38273, 38274, 7, 5, 3.50, 1
9517, 38271, 6, 0, 38275, 38280, 9, 3, 1.50, 1
9518, 38279, 13, 0, 38281, 38293, 14, 1, 1.08, 1
9519, 38286, 1, 0, 40699, 40699, 2413, 2412, 2413.00, 1
9520, 38287, 2, 0, 40700, 40701, 2414, 2412, 1207.00, 1
9521, 38293, 36, 0, 38294, 38329, 36, 0, 1.00, 1
9522, 38294, 5, 0, 40689, 40693, 2399, 2394, 479.80, 1
9523, 38295, 5, 0, 40694, 40698, 2403, 2398, 480.60, 1
9524, 38296, 4, 0, 40681, 40684, 2388, 2384, 597.00, 1
9525, 38304, 4, 0, 40685, 40688, 2384, 2380, 596.00, 1
9526, 38306, 6, 0, 38335, 38340, 34, 28, 5.67, 1
9527, 38308, 12, 0, 38389, 38400, 92, 80, 7.67, 1
9528, 38309, 2, 0, 38330, 38331, 22, 20, 11.00, 1
9529, 38327, 3, 0, 38332, 38334, 7, 4, 2.33, 1
9530, 38336, 2, 0, 38365, 38366, 30, 28, 15.00, 1
9531, 38338, 10, 0, 38367, 38376, 38, 28, 3.80, 1
9532, 38339, 17, 0, 38341, 38357, 18, 1, 1.06, 1
9533, 38345, 1, 0, 38358, 38358, 13, 12, 13.00, 1
9534, 38346, 4, 0, 38359, 38362, 16, 12, 4.00, 1
9535, 38359, 2, 0, 38363, 38364, 5, 3, 2.50, 1
9536, 38367, 2, 0, 38377, 38378, 11, 9, 5.50, 1
9537, 38377, 1, 0, 38379, 38379, 2, 1, 2.00, 1
9538, 38379, 3, 0, 38380, 38382, 3, 0, 1.00, 1
9539, 38381, 4, 0, 38383, 38386, 5, 1, 1.25, 1
9540, 38385, 2, 0, 38387, 38388, 3, 1, 1.50, 1
9541, 38388, 14, 0, 40667, 40680, 2292, 2278, 163.71, 1
9542, 38389, 7, 0, 40660, 40666, 2277, 2270, 325.29, 1
9543, 38390, 3, 0, 40657, 40659, 2269, 2266, 756.33, 1
9544, 38393, 1, 0, 40655, 40655, 2262, 2261, 2262.00, 1
9545, 38397, 1, 0, 40656, 40656, 2259, 2258, 2259.00, 1
9546, 38399, 5, 0, 38402, 38406, 7, 2, 1.40, 1
9547, 38400, 1, 0, 38401, 38401, 1, 0, 1.00, 1
9548, 38403, 1, 0, 38407, 38407, 4, 3, 4.00, 1
9549, 38404, 1, 0, 38408, 38408, 4, 3, 4.00, 1
9550, 38407, 5, 0, 38409, 38413, 6, 1, 1.20, 1
9551, 38409, 11, 0, 38414, 38424, 15, 4, 1.36, 1
9552, 38416, 2, 0, 40641, 40642, 2226, 2224, 1113.00, 1
9553, 38417, 12, 0, 40643, 40654, 2237, 2225, 186.42, 1
9554, 38418, 5, 0, 38433, 38437, 19, 14, 3.80, 1
9555, 38424, 3, 0, 38425, 38427, 3, 0, 1.00, 1
9556, 38425, 1, 0, 38428, 38428, 3, 2, 3.00, 1
9557, 38426, 4, 0, 38429, 38432, 6, 2, 1.50, 1
9558, 38433, 8, 0, 38438, 38445, 12, 4, 1.50, 1
9559, 38438, 5, 0, 38447, 38451, 13, 8, 2.60, 1
9560, 38443, 1, 0, 38446, 38446, 3, 2, 3.00, 1
9561, 38447, 11, 0, 40630, 40640, 2193, 2182, 199.36, 1
9562, 38449, 8, 0, 38452, 38459, 10, 2, 1.25, 1
9563, 38452, 2, 0, 38471, 38472, 20, 18, 10.00, 1
9564, 38453, 6, 0, 38475, 38480, 27, 21, 4.50, 1
9565, 38454, 5, 0, 38465, 38469, 15, 10, 3.00, 1
9566, 38455, 4, 0, 38460, 38463, 8, 4, 2.00, 1
9567, 38462, 1, 0, 38464, 38464, 2, 1, 2.00, 1
9568, 38465, 1, 0, 38470, 38470, 5, 4, 5.00, 1
9569, 38472, 1, 0, 38473, 38473, 1, 0, 1.00, 1
9570, 38473, 1, 0, 38474, 38474, 1, 0, 1.00, 1
9571, 38475, 2, 0, 40625, 40626, 2151, 2149, 1075.50, 1
9572, 38477, 1, 0, 40624, 40624, 2147, 2146, 2147.00, 1
9573, 38479, 3, 0, 40627, 40629, 2150, 2147, 716.67, 1
9574, 38480, 4, 0, 38481, 38484, 4, 0, 1.00, 1
9575, 38481, 3, 0, 38488, 38490, 9, 6, 3.00, 1
9576, 38482, 3, 0, 40616, 40618, 2136, 2133, 712.00, 1
9577, 38484, 3, 0, 38485, 38487, 3, 0, 1.00, 1
9578, 38488, 2, 0, 38496, 38497, 9, 7, 4.50, 1
9579, 38489, 5, 0, 40619, 40623, 2134, 2129, 426.80, 1
9580, 38490, 2, 0, 38491, 38492, 2, 0, 1.00, 1
9581, 38491, 3, 0, 38493, 38495, 4, 1, 1.33, 1
9582, 38497, 4, 0, 38498, 38501, 4, 0, 1.00, 1
9583, 38499, 6, 0, 38502, 38507, 8, 2, 1.33, 1
9584, 38502, 3, 0, 38508, 38510, 8, 5, 2.67, 1
9585, 38505, 8, 0, 38512, 38519, 14, 6, 1.75, 1
9586, 38508, 1, 0, 38511, 38511, 3, 2, 3.00, 1
9587, 38511, 11, 0, 40605, 40615, 2104, 2093, 191.27, 1
9588, 38512, 6, 0, 38520, 38525, 13, 7, 2.17, 1
9589, 38522, 4, 0, 38526, 38529, 7, 3, 1.75, 1
9590, 38527, 5, 0, 38530, 38534, 7, 2, 1.40, 1
9591, 38533, 7, 0, 38535, 38541, 8, 1, 1.14, 1
9592, 38537, 8, 0, 38660, 38667, 130, 122, 16.25, 1
9593, 38538, 2, 0, 38559, 38560, 22, 20, 11.00, 1
9594, 38539, 10, 0, 38678, 38687, 148, 138, 14.80, 1
9595, 38541, 9, 0, 38542, 38550, 9, 0, 1.00, 1
9596, 38547, 1, 0, 38551, 38551, 4, 3, 4.00, 1
9597, 38551, 7, 0, 38552, 38558, 7, 0, 1.00, 1
9598, 38560, 32, 0, 38561, 38592, 32, 0, 1.00, 1
9599, 38564, 2, 0, 38604, 38605, 41, 39, 20.50, 1
9600, 38580, 4, 0, 38606, 38609, 29, 25, 7.25, 1
9601, 38582, 2, 0, 38594, 38595, 13, 11, 6.50, 1
9602, 38584, 3, 0, 38597, 38599, 15, 12, 5.00, 1
9603, 38588, 1, 0, 38593, 38593, 5, 4, 5.00, 1
9604, 38595, 1, 0, 38596, 38596, 1, 0, 1.00, 1
9605, 38599, 3, 0, 38600, 38602, 3, 0, 1.00, 1
9606, 38602, 1, 0, 38603, 38603, 1, 0, 1.00, 1
9607, 38604, 8, 0, 38610, 38617, 13, 5, 1.62, 1
9608, 38610, 1, 0, 38631, 38631, 21, 20, 21.00, 1
9609, 38611, 7, 0, 38632, 38638, 27, 20, 3.86, 1
9610, 38615, 7, 0, 38624, 38630, 15, 8, 2.14, 1
9611, 38616, 1, 0, 38618, 38618, 2, 1, 2.00, 1
9612, 38617, 3, 0, 38619, 38621, 4, 1, 1.33, 1
9613, 38619, 2, 0, 38622, 38623, 4, 2, 2.00, 1
9614, 38631, 7, 0, 38648, 38654, 23, 16, 3.29, 1
9615, 38632, 3, 0, 38640, 38642, 10, 7, 3.33, 1
9616, 38633, 1, 0, 38639, 38639, 6, 5, 6.00, 1
9617, 38635, 5, 0, 38643, 38647, 12, 7, 2.40, 1
9618, 38650, 3, 0, 38655, 38657, 7, 4, 2.33, 1
9619, 38657, 2, 0, 38658, 38659, 2, 0, 1.00, 1
9620, 38661, 8, 0, 38668, 38675, 14, 6, 1.75, 1
9621, 38673, 2, 0, 38676, 38677, 4, 2, 2.00, 1
9622, 38680, 1, 0, 40603, 40603, 1923, 1922, 1923.00, 1
9623, 38686, 1, 0, 40604, 40604, 1918, 1917, 1918.00, 1
9624, 38687, 17, 0, 38688, 38704, 17, 0, 1.00, 1
9625, 38689, 2, 0, 40592, 40593, 1904, 1902, 952.00, 1
9626, 38691, 1, 0, 40591, 40591, 1900, 1899, 1900.00, 1
9627, 38693, 9, 0, 40594, 40602, 1909, 1900, 212.11, 1
9628, 38694, 5, 0, 38729, 38733, 39, 34, 7.80, 1
9629, 38696, 3, 0, 38713, 38715, 19, 16, 6.33, 1
9630, 38698, 2, 0, 38711, 38712, 14, 12, 7.00, 1
9631, 38699, 10, 0, 38735, 38744, 45, 35, 4.50, 1
9632, 38701, 1, 0, 38709, 38709, 8, 7, 8.00, 1
9633, 38702, 1, 0, 38710, 38710, 8, 7, 8.00, 1
9634, 38703, 2, 0, 38705, 38706, 3, 1, 1.50, 1
9635, 38706, 2, 0, 38707, 38708, 2, 0, 1.00, 1
9636, 38714, 5, 0, 38724, 38728, 14, 9, 2.80, 1
9637, 38715, 4, 0, 38716, 38719, 4, 0, 1.00, 1
9638, 38718, 3, 0, 38720, 38722, 4, 1, 1.33, 1
9639, 38722, 1, 0, 38723, 38723, 1, 0, 1.00, 1
9640, 38731, 1, 0, 38734, 38734, 3, 2, 3.00, 1
9641, 38737, 1, 0, 40588, 40588, 1851, 1850, 1851.00, 1
9642, 38738, 2, 0, 40589, 40590, 1852, 1850, 926.00, 1
9643, 38744, 13, 0, 38745, 38757, 13, 0, 1.00, 1
9644, 38746, 3, 0, 40580, 40582, 1836, 1833, 612.00, 1
9645, 38747, 5, 0, 40583, 40587, 1840, 1835, 368.00, 1
9646, 38748, 1, 0, 40576, 40576, 1828, 1827, 1828.00, 1
9647, 38751, 3, 0, 40577, 40579, 1828, 1825, 609.33, 1
9648, 38753, 5, 0, 38758, 38762, 9, 4, 1.80, 1
9649, 38759, 4, 0, 38763, 38766, 7, 3, 1.75, 1
9650, 38762, 17, 0, 38772, 38788, 26, 9, 1.53, 1
9651, 38766, 2, 0, 38767, 38768, 2, 0, 1.00, 1
9652, 38767, 3, 0, 38769, 38771, 4, 1, 1.33, 1
9653, 38773, 5, 0, 38791, 38795, 22, 17, 4.40, 1
9654, 38775, 2, 0, 38789, 38790, 15, 13, 7.50, 1
9655, 38791, 4, 0, 38796, 38799, 8, 4, 2.00, 1
9656, 38794, 4, 0, 40567, 40570, 1776, 1772, 444.00, 1
9657, 38796, 5, 0, 40571, 40575, 1779, 1774, 355.80, 1
9658, 38799, 19, 0, 38800, 38818, 19, 0, 1.00, 1
9659, 38803, 3, 0, 40550, 40552, 1749, 1746, 583.00, 1
9660, 38809, 1, 0, 40549, 40549, 1740, 1739, 1740.00, 1
9661, 38811, 14, 0, 40553, 40566, 1755, 1741, 125.36, 1
9662, 38818, 5, 0, 38819, 38823, 5, 0, 1.00, 1
9663, 38823, 4, 0, 38824, 38827, 4, 0, 1.00, 1
9664, 38825, 5, 0, 38831, 38835, 10, 5, 2.00, 1
9665, 38826, 3, 0, 38828, 38830, 4, 1, 1.33, 1
9666, 38832, 6, 0, 38914, 38919, 87, 81, 14.50, 1
9667, 38834, 4, 0, 38836, 38839, 5, 1, 1.25, 1
9668, 38836, 29, 0, 40520, 40548, 1712, 1683, 59.03, 1
9669, 38837, 5, 0, 38840, 38844, 7, 2, 1.40, 1
9670, 38838, 19, 0, 38853, 38871, 33, 14, 1.74, 1
9671, 38842, 6, 0, 38845, 38850, 8, 2, 1.33, 1
9672, 38849, 2, 0, 38851, 38852, 3, 1, 1.50, 1
9673, 38855, 4, 0, 38873, 38876, 21, 17, 5.25, 1
9674, 38857, 1, 0, 38872, 38872, 15, 14, 15.00, 1
9675, 38871, 10, 0, 38878, 38887, 16, 6, 1.60, 1
9676, 38873, 1, 0, 38877, 38877, 4, 3, 4.00, 1
9677, 38882, 1, 0, 38888, 38888, 6, 5, 6.00, 1
9678, 38883, 6, 0, 38889, 38894, 11, 5, 1.83, 1
9679, 38890, 1, 0, 38911, 38911, 21, 20, 21.00, 1
9680, 38891, 2, 0, 38912, 38913, 22, 20, 11.00, 1
9681, 38893, 2, 0, 38895, 38896, 3, 1, 1.50, 1
9682, 38894, 3, 0, 38897, 38899, 5, 2, 1.67, 1
9683, 38898, 6, 0, 38900, 38905, 7, 1, 1.17, 1
9684, 38904, 2, 0, 38906, 38907, 3, 1, 1.50, 1
9685, 38905, 3, 0, 38908, 38910, 5, 2, 1.67, 1
9686, 38914, 4, 0, 40505, 40508, 1594, 1590, 398.50, 1
9687, 38915, 11, 0, 40509, 40519, 1604, 1593, 145.82, 1
9688, 38919, 3, 0, 38920, 38922, 3, 0, 1.00, 1
9689, 38920, 13, 0, 38925, 38937, 17, 4, 1.31, 1
9690, 38921, 2, 0, 38923, 38924, 3, 1, 1.50, 1
9691, 38927, 8, 0, 38943, 38950, 23, 15, 2.88, 1
9692, 38931, 11, 0, 40480, 40490, 1559, 1548, 141.73, 1
9693, 38932, 3, 0, 38940, 38942, 10, 7, 3.33, 1
9694, 38933, 2, 0, 38938, 38939, 6, 4, 3.00, 1
9695, 38943, 4, 0, 40476, 40479, 1536, 1532, 384.00, 1
9696, 38945, 14, 0, 40491, 40504, 1559, 1545, 111.36, 1
9697, 38950, 11, 0, 38951, 38961, 11, 0, 1.00, 1
9698, 38959, 7, 0, 38973, 38979, 20, 13, 2.86, 1
9699, 38960, 14, 0, 40462, 40475, 1515, 1501, 108.21, 1
9700, 38961, 7, 0, 38962, 38968, 7, 0, 1.00, 1
9701, 38962, 4, 0, 38969, 38972, 10, 6, 2.50, 1
9702, 38974, 6, 0, 38980, 38985, 11, 5, 1.83, 1
9703, 38982, 1, 0, 40460, 40460, 1478, 1477, 1478.00, 1
9704, 38984, 1, 0, 40461, 40461, 1477, 1476, 1477.00, 1
9705, 38985, 5, 0, 38986, 38990, 5, 0, 1.00, 1
9706, 38989, 14, 0, 38991, 39004, 15, 1, 1.07, 1
9707, 38990, 18, 0, 40442, 40459, 1469, 1451, 81.61, 1
9708, 38994, 3, 0, 40435, 40437, 1443, 1440, 481.00, 1
9709, 38995, 4, 0, 40438, 40441, 1446, 1442, 361.50, 1
9710, 39001, 1, 0, 39005, 39005, 4, 3, 4.00, 1
9711, 39004, 10, 0, 39006, 39015, 11, 1, 1.10, 1
9712, 39008, 8, 0, 40427, 40434, 1426, 1418, 178.25, 1
9713, 39011, 1, 0, 40425, 40425, 1414, 1413, 1414.00, 1
9714, 39013, 1, 0, 40426, 40426, 1413, 1412, 1413.00, 1
9715, 39014, 8, 0, 39016, 39023, 9, 1, 1.12, 1
9716, 39016, 10, 0, 39030, 39039, 23, 13, 2.30, 1
9717, 39017, 2, 0, 39026, 39027, 10, 8, 5.00, 1
9718, 39019, 2, 0, 39028, 39029, 10, 8, 5.00, 1
9719, 39021, 2, 0, 39024, 39025, 4, 2, 2.00, 1
9720, 39031, 1, 0, 40421, 40421, 1390, 1389, 1390.00, 1
9721, 39033, 3, 0, 40422, 40424, 1391, 1388, 463.67, 1
9722, 39035, 4, 0, 39040, 39043, 8, 4, 2.00, 1
9723, 39038, 5, 0, 39044, 39048, 10, 5, 2.00, 1
9724, 39042, 8, 0, 39049, 39056, 14, 6, 1.75, 1
9725, 39050, 17, 0, 40387, 40403, 1353, 1336, 79.59, 1
9726, 39053, 4, 0, 39057, 39060, 7, 3, 1.75, 1
9727, 39059, 10, 0, 39068, 39077, 18, 8, 1.80, 1
9728, 39060, 7, 0, 39061, 39067, 7, 0, 1.00, 1
9729, 39065, 17, 0, 40404, 40420, 1355, 1338, 79.71, 1
9730, 39075, 3, 0, 39078, 39080, 5, 2, 1.67, 1
9731, 39077, 4, 0, 39081, 39084, 7, 3, 1.75, 1
9732, 39079, 9, 0, 39088, 39096, 17, 8, 1.89, 1
9733, 39082, 2, 0, 39086, 39087, 5, 3, 2.50, 1
9734, 39083, 1, 0, 39085, 39085, 2, 1, 2.00, 1
9735, 39091, 3, 0, 39102, 39104, 13, 10, 4.33, 1
9736, 39092, 2, 0, 39098, 39099, 7, 5, 3.50, 1
9737, 39095, 1, 0, 39097, 39097, 2, 1, 2.00, 1
9738, 39099, 2, 0, 39100, 39101, 2, 0, 1.00, 1
9739, 39100, 5, 0, 39105, 39109, 9, 4, 1.80, 1
9740, 39103, 5, 0, 39113, 39117, 14, 9, 2.80, 1
9741, 39109, 3, 0, 39110, 39112, 3, 0, 1.00, 1
9742, 39113, 3, 0, 39121, 39123, 10, 7, 3.33, 1
9743, 39114, 1, 0, 39118, 39118, 4, 3, 4.00, 1
9744, 39116, 2, 0, 39119, 39120, 4, 2, 2.00, 1
9745, 39119, 10, 0, 39125, 39134, 15, 5, 1.50, 1
9746, 39121, 1, 0, 39124, 39124, 3, 2, 3.00, 1
9747, 39126, 2, 0, 40382, 40383, 1257, 1255, 628.50, 1
9748, 39128, 3, 0, 40384, 40386, 1258, 1255, 419.33, 1
9749, 39131, 6, 0, 39137, 39142, 11, 5, 1.83, 1
9750, 39133, 2, 0, 39135, 39136, 3, 1, 1.50, 1
9751, 39135, 6, 0, 39144, 39149, 14, 8, 2.33, 1
9752, 39138, 1, 0, 39143, 39143, 5, 4, 5.00, 1
9753, 39140, 8, 0, 40374, 40381, 1241, 1233, 155.12, 1
9754, 39147, 4, 0, 39153, 39156, 9, 5, 2.25, 1
9755, 39148, 3, 0, 39150, 39152, 4, 1, 1.33, 1
9756, 39153, 5, 0, 39157, 39161, 8, 3, 1.60, 1
9757, 39154, 6, 0, 39162, 39167, 13, 7, 2.17, 1
9758, 39162, 1, 0, 40371, 40371, 1209, 1208, 1209.00, 1
9759, 39164, 2, 0, 40372, 40373, 1209, 1207, 604.50, 1
9760, 39167, 1, 0, 39168, 39168, 1, 0, 1.00, 1
9761, 39168, 5, 0, 39169, 39173, 5, 0, 1.00, 1
9762, 39171, 2, 0, 39175, 39176, 5, 3, 2.50, 1
9763, 39172, 5, 0, 39177, 39181, 9, 4, 1.80, 1
9764, 39173, 1, 0, 39174, 39174, 1, 0, 1.00, 1
9765, 39176, 11, 0, 39182, 39192, 16, 5, 1.45, 1
9766, 39184, 5, 0, 39193, 39197, 13, 8, 2.60, 1
9767, 39188, 11, 0, 39199, 39209, 21, 10, 1.91, 1
9768, 39193, 1, 0, 39198, 39198, 5, 4, 5.00, 1
9769, 39202, 4, 0, 40363, 40366, 1164, 1160, 291.00, 1
9770, 39203, 4, 0, 40367, 40370, 1167, 1163, 291.75, 1
9771, 39205, 1, 0, 40349, 40349, 1144, 1143, 1144.00, 1
9772, 39207, 13, 0, 40350, 40362, 1155, 1142, 88.85, 1
9773, 39209, 5, 0, 39210, 39214, 5, 0, 1.00, 1
9774, 39210, 10, 0, 39265, 39274, 64, 54, 6.40, 1
9775, 39214, 4, 0, 39215, 39218, 4, 0, 1.00, 1
9776, 39215, 6, 0, 39221, 39226, 11, 5, 1.83, 1
9777, 39216, 2, 0, 39219, 39220, 4, 2, 2.00, 1
9778, 39224, 8, 0, 39227, 39234, 10, 2, 1.25, 1
9779, 39228, 1, 0, 39235, 39235, 7, 6, 7.00, 1
9780, 39233, 7, 0, 39236, 39242, 9, 2, 1.29, 1
9781, 39236, 1, 0, 39243, 39243, 7, 6, 7.00, 1
9782, 39237, 7, 0, 39244, 39250, 13, 6, 1.86, 1
9783, 39246, 2, 0, 39251, 39252, 6, 4, 3.00, 1
9784, 39248, 7, 0, 39253, 39259, 11, 4, 1.57, 1
9785, 39257, 3, 0, 39262, 39264, 7, 4, 2.33, 1
9786, 39259, 2, 0, 39260, 39261, 2, 0, 1.00, 1
9787, 39264, 18, 0, 39287, 39304, 40, 22, 2.22, 1
9788, 39266, 5, 0, 39282, 39286, 20, 15, 4.00, 1
9789, 39269, 1, 0, 39279, 39279, 10, 9, 10.00, 1
9790, 39270, 2, 0, 39280, 39281, 11, 9, 5.50, 1
9791, 39271, 4, 0, 39275, 39278, 7, 3, 1.75, 1
9792, 39288, 1, 0, 40340, 40340, 1052, 1051, 1052.00, 1
9793, 39291, 8, 0, 40341, 40348, 1057, 1049, 132.12, 1
9794, 39299, 1, 0, 39317, 39317, 18, 17, 18.00, 1
9795, 39301, 3, 0, 39318, 39320, 19, 16, 6.33, 1
9796, 39303, 5, 0, 39307, 39311, 8, 3, 1.60, 1
9797, 39304, 2, 0, 39305, 39306, 2, 0, 1.00, 1
9798, 39308, 2, 0, 39314, 39315, 7, 5, 3.50, 1
9799, 39309, 1, 0, 39312, 39312, 3, 2, 3.00, 1
9800, 39311, 1, 0, 39313, 39313, 2, 1, 2.00, 1
9801, 39315, 1, 0, 39316, 39316, 1, 0, 1.00, 1
9802, 39320, 9, 0, 39321, 39329, 9, 0, 1.00, 1
9803, 39326, 5, 0, 39330, 39334, 8, 3, 1.60, 1
9804, 39332, 23, 0, 39335, 39357, 25, 2, 1.09, 1
9805, 39335, 6, 0, 39403, 39408, 73, 67, 12.17, 1
9806, 39345, 1, 0, 39401, 39401, 56, 55, 56.00, 1
9807, 39350, 9, 0, 40319, 40327, 977, 968, 108.56, 1
9808, 39355, 1, 0, 39358, 39358, 3, 2, 3.00, 1
9809, 39357, 9, 0, 39359, 39367, 10, 1, 1.11, 1
9810, 39360, 5, 0, 39368, 39372, 12, 7, 2.40, 1
9811, 39368, 9, 0, 39381, 39389, 21, 12, 2.33, 1
9812, 39369, 7, 0, 39373, 39379, 10, 3, 1.43, 1
9813, 39376, 1, 0, 39380, 39380, 4, 3, 4.00, 1
9814, 39381, 1, 0, 39391, 39391, 10, 9, 10.00, 1
9815, 39383, 6, 0, 39392, 39397, 14, 8, 2.33, 1
9816, 39386, 1, 0, 39390, 39390, 4, 3, 4.00, 1
9817, 39395, 2, 0, 39399, 39400, 5, 3, 2.50, 1
9818, 39396, 1, 0, 39398, 39398, 2, 1, 2.00, 1
9819, 39401, 1, 0, 39402, 39402, 1, 0, 1.00, 1
9820, 39406, 12, 0, 40328, 40339, 933, 921, 77.75, 1
9821, 39408, 11, 0, 39409, 39419, 11, 0, 1.00, 1
9822, 39409, 1, 0, 40316, 40316, 907, 906, 907.00, 1
9823, 39415, 2, 0, 40317, 40318, 903, 901, 451.50, 1
9824, 39417, 18, 0, 39708, 39725, 308, 290, 17.11, 1
9825, 39419, 1, 0, 39420, 39420, 1, 0, 1.00, 1
9826, 39420, 15, 0, 39421, 39435, 15, 0, 1.00, 1
9827, 39422, 15, 0, 39464, 39478, 56, 41, 3.73, 1
9828, 39423, 1, 0, 39460, 39460, 37, 36, 37.00, 1
9829, 39428, 3, 0, 39461, 39463, 35, 32, 11.67, 1
9830, 39433, 5, 0, 39436, 39440, 7, 2, 1.40, 1
9831, 39438, 2, 0, 39441, 39442, 4, 2, 2.00, 1
9832, 39442, 7, 0, 39443, 39449, 7, 0, 1.00, 1
9833, 39443, 2, 0, 39451, 39452, 9, 7, 4.50, 1
9834, 39444, 3, 0, 39453, 39455, 11, 8, 3.67, 1
9835, 39449, 1, 0, 39450, 39450, 1, 0, 1.00, 1
9836, 39455, 4, 0, 39456, 39459, 4, 0, 1.00, 1
9837, 39468, 1, 0, 39551, 39551, 83, 82, 83.00, 1
9838, 39470, 8, 0, 39552, 39559, 89, 81, 11.12, 1
9839, 39471, 15, 0, 39484, 39498, 27, 12, 1.80, 1
9840, 39472, 4, 0, 39480, 39483, 11, 7, 2.75, 1
9841, 39478, 1, 0, 39479, 39479, 1, 0, 1.00, 1
9842, 39484, 4, 0, 39530, 39533, 49, 45, 12.25, 1
9843, 39488, 4, 0, 39535, 39538, 50, 46, 12.50, 1
9844, 39491, 7, 0, 39515, 39521, 30, 23, 4.29, 1
9845, 39494, 5, 0, 39510, 39514, 20, 15, 4.00, 1
9846, 39495, 1, 0, 39499, 39499, 4, 3, 4.00, 1
9847, 39497, 3, 0, 39500, 39502, 5, 2, 1.67, 1
9848, 39501, 3, 0, 39503, 39505, 4, 1, 1.33, 1
9849, 39503, 4, 0, 39506, 39509, 6, 2, 1.50, 1
9850, 39515, 1, 0, 39522, 39522, 7, 6, 7.00, 1
9851, 39521, 7, 0, 39523, 39529, 8, 1, 1.14, 1
9852, 39530, 1, 0, 39534, 39534, 4, 3, 4.00, 1
9853, 39536, 3, 0, 39539, 39541, 5, 2, 1.67, 1
9854, 39537, 9, 0, 39542, 39550, 13, 4, 1.44, 1
9855, 39553, 2, 0, 39560, 39561, 8, 6, 4.00, 1
9856, 39556, 3, 0, 39567, 39569, 13, 10, 4.33, 1
9857, 39560, 8, 0, 39570, 39577, 17, 9, 2.12, 1
9858, 39561, 5, 0, 39562, 39566, 5, 0, 1.00, 1
9859, 39572, 1, 0, 39704, 39704, 132, 131, 132.00, 1
9860, 39573, 3, 0, 39705, 39707, 134, 131, 44.67, 1
9861, 39577, 6, 0, 39578, 39583, 6, 0, 1.00, 1
9862, 39578, 12, 0, 39588, 39599, 21, 9, 1.75, 1
9863, 39580, 2, 0, 39584, 39585, 5, 3, 2.50, 1
9864, 39583, 2, 0, 39586, 39587, 4, 2, 2.00, 1
9865, 39584, 20, 0, 39604, 39623, 39, 19, 1.95, 1
9866, 39590, 4, 0, 39600, 39603, 13, 9, 3.25, 1
9867, 39608, 1, 0, 39699, 39699, 91, 90, 91.00, 1
9868, 39611, 2, 0, 39700, 39701, 90, 88, 45.00, 1
9869, 39616, 3, 0, 39626, 39628, 12, 9, 4.00, 1
9870, 39618, 2, 0, 39624, 39625, 7, 5, 3.50, 1
9871, 39619, 9, 0, 39629, 39637, 18, 9, 2.00, 1
9872, 39637, 9, 0, 39638, 39646, 9, 0, 1.00, 1
9873, 39638, 2, 0, 39647, 39648, 10, 8, 5.00, 1
9874, 39642, 11, 0, 39651, 39661, 19, 8, 1.73, 1
9875, 39648, 2, 0, 39649, 39650, 2, 0, 1.00, 1
9876, 39653, 5, 0, 39682, 39686, 33, 28, 6.60, 1
9877, 39655, 8, 0, 39687, 39694, 39, 31, 4.88, 1
9878, 39659, 5, 0, 39662, 39666, 7, 2, 1.40, 1
9879, 39660, 8, 0, 39670, 39677, 17, 9, 2.12, 1
9880, 39664, 3, 0, 39667, 39669, 5, 2, 1.67, 1
9881, 39671, 3, 0, 39678, 39680, 9, 6, 3.00, 1
9882, 39678, 1, 0, 39681, 39681, 3, 2, 3.00, 1
9883, 39693, 2, 0, 39697, 39698, 5, 3, 2.50, 1
9884, 39694, 1, 0, 39695, 39695, 1, 0, 1.00, 1
9885, 39695, 1, 0, 39696, 39696, 1, 0, 1.00, 1
9886, 39699, 2, 0, 39702, 39703, 4, 2, 2.00, 1
9887, 39709, 19, 0, 39775, 39793, 84, 65, 4.42, 1
9888, 39711, 9, 0, 39732, 39740, 29, 20, 3.22, 1
9889, 39723, 4, 0, 39727, 39730, 7, 3, 1.75, 1
9890, 39725, 1, 0, 39726, 39726, 1, 0, 1.00, 1
9891, 39728, 1, 0, 39731, 39731, 3, 2, 3.00, 1
9892, 39732, 7, 0, 39742, 39748, 16, 9, 2.29, 1
9893, 39733, 7, 0, 39749, 39755, 22, 15, 3.14, 1
9894, 39734, 1, 0, 39741, 39741, 7, 6, 7.00, 1
9895, 39750, 3, 0, 39761, 39763, 13, 10, 4.33, 1
9896, 39753, 5, 0, 39764, 39768, 15, 10, 3.00, 1
9897, 39754, 3, 0, 39757, 39759, 5, 2, 1.67, 1
9898, 39755, 1, 0, 39756, 39756, 1, 0, 1.00, 1
9899, 39757, 1, 0, 39760, 39760, 3, 2, 3.00, 1
9900, 39763, 6, 0, 39769, 39774, 11, 5, 1.83, 1
9901, 39778, 1, 0, 40307, 40307, 529, 528, 529.00, 1
9902, 39788, 8, 0, 40308, 40315, 527, 519, 65.88, 1
9903, 39790, 19, 0, 39796, 39814, 24, 5, 1.26, 1
9904, 39791, 2, 0, 39794, 39795, 4, 2, 2.00, 1
9905, 39796, 4, 0, 39817, 39820, 24, 20, 6.00, 1
9906, 39799, 6, 0, 39829, 39834, 35, 29, 5.83, 1
9907, 39802, 2, 0, 39815, 39816, 14, 12, 7.00, 1
9908, 39820, 4, 0, 39821, 39824, 4, 0, 1.00, 1
9909, 39822, 3, 0, 39826, 39828, 6, 3, 2.00, 1
9910, 39824, 1, 0, 39825, 39825, 1, 0, 1.00, 1
9911, 39830, 4, 0, 39835, 39838, 8, 4, 2.00, 1
9912, 39834, 19, 0, 40288, 40306, 472, 453, 24.84, 1
9913, 39836, 15, 0, 39840, 39854, 18, 3, 1.20, 1
9914, 39837, 1, 0, 39839, 39839, 2, 1, 2.00, 1
9915, 39841, 7, 0, 39862, 39868, 27, 20, 3.86, 1
9916, 39844, 3, 0, 39855, 39857, 13, 10, 4.33, 1
9917, 39852, 4, 0, 39858, 39861, 9, 5, 2.25, 1
9918, 39861, 8, 0, 39872, 39879, 18, 10, 2.25, 1
9919, 39864, 2, 0, 39870, 39871, 7, 5, 3.50, 1
9920, 39865, 1, 0, 39869, 39869, 4, 3, 4.00, 1
9921, 39875, 8, 0, 39881, 39888, 13, 5, 1.62, 1
9922, 39877, 1, 0, 39880, 39880, 3, 2, 3.00, 1
9923, 39878, 16, 0, 39908, 39923, 45, 29, 2.81, 1
9924, 39885, 2, 0, 39889, 39890, 5, 3, 2.50, 1
9925, 39889, 3, 0, 39891, 39893, 4, 1, 1.33, 1
9926, 39890, 7, 0, 39897, 39903, 13, 6, 1.86, 1
9927, 39893, 2, 0, 39894, 39895, 2, 0, 1.00, 1
9928, 39894, 1, 0, 39896, 39896, 2, 1, 2.00, 1
9929, 39903, 3, 0, 39904, 39906, 3, 0, 1.00, 1
9930, 39905, 1, 0, 39907, 39907, 2, 1, 2.00, 1
9931, 39909, 14, 0, 40274, 40287, 378, 364, 27.00, 1
9932, 39914, 2, 0, 40270, 40271, 357, 355, 178.50, 1
9933, 39917, 2, 0, 40272, 40273, 356, 354, 178.00, 1
9934, 39920, 10, 0, 39925, 39934, 14, 4, 1.40, 1
9935, 39921, 1, 0, 39924, 39924, 3, 2, 3.00, 1
9936, 39926, 1, 0, 40265, 40265, 339, 338, 339.00, 1
9937, 39927, 4, 0, 40266, 40269, 342, 338, 85.50, 1
9938, 39928, 7, 0, 39935, 39941, 13, 6, 1.86, 1
9939, 39931, 11, 0, 40243, 40253, 322, 311, 29.27, 1
9940, 39935, 11, 0, 40254, 40264, 329, 318, 29.91, 1
9941, 39936, 2, 0, 39942, 39943, 7, 5, 3.50, 1
9942, 39939, 12, 0, 39944, 39955, 16, 4, 1.33, 1
9943, 39948, 3, 0, 40234, 40236, 288, 285, 96.00, 1
9944, 39951, 6, 0, 40237, 40242, 291, 285, 48.50, 1
9945, 39952, 11, 0, 39956, 39966, 14, 3, 1.27, 1
9946, 39956, 12, 0, 40222, 40233, 277, 265, 23.08, 1
9947, 39960, 1, 0, 40219, 40219, 259, 258, 259.00, 1
9948, 39961, 2, 0, 40220, 40221, 260, 258, 130.00, 1
9949, 39962, 6, 0, 39967, 39972, 10, 4, 1.67, 1
9950, 39967, 8, 0, 40203, 40210, 243, 235, 30.38, 1
9951, 39972, 7, 0, 39973, 39979, 7, 0, 1.00, 1
9952, 39973, 2, 0, 40201, 40202, 229, 227, 114.50, 1
9953, 39974, 8, 0, 40211, 40218, 244, 236, 30.50, 1
9954, 39975, 6, 0, 39981, 39986, 11, 5, 1.83, 1
9955, 39976, 1, 0, 39980, 39980, 4, 3, 4.00, 1
9956, 39980, 10, 0, 40191, 40200, 220, 210, 22.00, 1
9957, 39983, 2, 0, 39987, 39988, 5, 3, 2.50, 1
9958, 39988, 4, 0, 39989, 39992, 4, 0, 1.00, 1
9959, 39989, 1, 0, 40189, 40189, 200, 199, 200.00, 1
9960, 39991, 1, 0, 40190, 40190, 199, 198, 199.00, 1
9961, 39992, 6, 0, 39993, 39998, 6, 0, 1.00, 1
9962, 39993, 1, 0, 39999, 39999, 6, 5, 6.00, 1
9963, 39998, 6, 0, 40000, 40005, 7, 1, 1.17, 1
9964, 40004, 4, 0, 40007, 40010, 6, 2, 1.50, 1
9965, 40005, 1, 0, 40006, 40006, 1, 0, 1.00, 1
9966, 40007, 2, 0, 40011, 40012, 5, 3, 2.50, 1
9967, 40010, 12, 0, 40023, 40034, 24, 12, 2.00, 1
9968, 40011, 5, 0, 40013, 40017, 6, 1, 1.20, 1
9969, 40014, 1, 0, 40018, 40018, 4, 3, 4.00, 1
9970, 40018, 4, 0, 40019, 40022, 4, 0, 1.00, 1
9971, 40023, 3, 0, 40082, 40084, 61, 58, 20.33, 1
9972, 40029, 3, 0, 40085, 40087, 58, 55, 19.33, 1
9973, 40031, 1, 0, 40035, 40035, 4, 3, 4.00, 1
9974, 40035, 5, 0, 40036, 40040, 5, 0, 1.00, 1
9975, 40036, 10, 0, 40050, 40059, 23, 13, 2.30, 1
9976, 40037, 9, 0, 40041, 40049, 12, 3, 1.33, 1
9977, 40043, 13, 0, 40062, 40074, 31, 18, 2.38, 1
9978, 40050, 2, 0, 40060, 40061, 11, 9, 5.50, 1
9979, 40067, 4, 0, 40077, 40080, 13, 9, 3.25, 1
9980, 40072, 2, 0, 40075, 40076, 4, 2, 2.00, 1
9981, 40080, 1, 0, 40081, 40081, 1, 0, 1.00, 1
9982, 40084, 3, 0, 40088, 40090, 6, 3, 2.00, 1
9983, 40089, 4, 0, 40091, 40094, 5, 1, 1.25, 1
9984, 40093, 8, 0, 40095, 40102, 9, 1, 1.12, 1
9985, 40094, 12, 0, 40177, 40188, 94, 82, 7.83, 1
9986, 40098, 5, 0, 40106, 40110, 12, 7, 2.40, 1
9987, 40101, 3, 0, 40103, 40105, 4, 1, 1.33, 1
9988, 40104, 7, 0, 40111, 40117, 13, 6, 1.86, 1
9989, 40113, 5, 0, 40122, 40126, 13, 8, 2.60, 1
9990, 40116, 6, 0, 40127, 40132, 16, 10, 2.67, 1
9991, 40117, 4, 0, 40118, 40121, 4, 0, 1.00, 1
9992, 40130, 5, 0, 40134, 40138, 8, 3, 1.60, 1
9993, 40131, 1, 0, 40133, 40133, 2, 1, 2.00, 1
9994, 40133, 8, 0, 40140, 40147, 14, 6, 1.75, 1
9995, 40135, 1, 0, 40139, 40139, 4, 3, 4.00, 1
9996, 40140, 1, 0, 40174, 40174, 34, 33, 34.00, 1
9997, 40144, 2, 0, 40175, 40176, 32, 30, 16.00, 1
9998, 40147, 8, 0, 40148, 40155, 8, 0, 1.00, 1
9999, 40148, 7, 0, 40156, 40162, 14, 7, 2.00, 1
10000, 40150, 11, 0, 40163, 40173, 23, 12, 2.09, 1
