pid, arrival, service, remaining, start, finish, turnaround, wait, normturnaround, complete
1, 0, 4, 0, 1, 4, 4, 0, 1.00, 1
2, 3, 5, 0, 5, 11, 8, 3, 1.60, 1
3, 8, 2, 0, 9, 10, 2, 0, 1.00, 1
4, 11, 2, 0, 12, 13, 2, 0, 1.00, 1
5, 13, 6, 0, 14, 23, 10, 4, 1.67, 1
6, 17, 7, 0, 18, 29, 12, 5, 1.71, 1
7, 18, 3, 0, 24, 26, 8, 5, 2.67, 1
8, 23, 7, 0, 30, 44, 21, 14, 3.00, 1
9, 28, 3, 0, 34, 36, 8, 5, 2.67, 1
10, 32, 1, 0, 37, 37, 5, 4, 5.00, 1
11, 33, 11, 0, 38, 51, 18, 7, 1.64, 1
12, 56, 6, 0, 56, 62, 6, 0, 1.00, 1
13, 60, 1, 0, 63, 63, 3, 2, 3.00, 1
14, 64, 2, 0, 64, 66, 2, 0, 1.00, 1
15, 67, 2, 0, 67, 69, 2, 0, 1.00, 1
16, 71, 7, 0, 71, 79, 8, 1, 1.14, 1
17, 77, 1, 0, 78, 78, 1, 0, 1.00, 1
18, 82, 4, 0, 82, 86, 4, 0, 1.00, 1
19, 90, 18, 0, 90, 114, 24, 6, 1.33, 1
20, 99, 1, 0, 103, 103, 4, 3, 4.00, 1
21, 102, 1, 0, 104, 104, 2, 1, 2.00, 1
22, 105, 4, 0, 109, 112, 7, 3, 1.75, 1
23, 110, 2, 0, 115, 116, 6, 4, 3.00, 1
24, 112, 8, 0, 117, 130, 18, 10, 2.25, 1
25, 113, 1, 0, 121, 121, 8, 7, 8.00, 1
26, 117, 6, 0, 122, 132, 15, 9, 2.50, 1
27, 119, 1, 0, 126, 126, 7, 6, 7.00, 1
28, 129, 3, 0, 133, 135, 6, 3, 2.00, 1
29, 140, 6, 0, 140, 146, 6, 0, 1.00, 1
30, 144, 7, 0, 147, 157, 13, 6, 1.86, 1
31, 150, 9, 0, 151, 167, 17, 8, 1.89, 1
32, 157, 1, 0, 162, 162, 5, 4, 5.00, 1
33, 161, 7, 0, 163, 170, 9, 2, 1.29, 1
34, 173, 18, 0, 173, 234, 61, 43, 3.39, 1
35, 174, 8, 0, 175, 190, 16, 8, 2.00, 1
36, 178, 5, 0, 183, 199, 21, 16, 4.20, 1
37, 183, 4, 0, 195, 198, 15, 11, 3.75, 1
38, 190, 6, 0, 200, 217, 27, 21, 4.50, 1
39, 192, 8, 0, 204, 222, 30, 22, 3.75, 1
40, 194, 1, 0, 208, 208, 14, 13, 14.00, 1
41, 202, 3, 0, 213, 215, 13, 10, 4.33, 1
42, 204, 1, 0, 218, 218, 14, 13, 14.00, 1
43, 211, 1, 0, 223, 223, 12, 11, 12.00, 1
44, 218, 1, 0, 228, 228, 10, 9, 10.00, 1
45, 222, 1, 0, 229, 229, 7, 6, 7.00, 1
46, 224, 10, 0, 230, 249, 25, 15, 2.50, 1
47, 232, 3, 0, 235, 237, 5, 2, 1.67, 1
48, 234, 2, 0, 242, 243, 9, 7, 4.50, 1
49, 238, 6, 0, 244, 267, 29, 23, 4.83, 1
50, 242, 23, 0, 250, 339, 97, 74, 4.22, 1
51, 243, 3, 0, 254, 256, 13, 10, 4.33, 1
52, 244, 21, 0, 257, 346, 102, 81, 4.86, 1
53, 246, 8, 0, 261, 283, 37, 29, 4.62, 1
54, 247, 1, 0, 265, 265, 18, 17, 18.00, 1
55, 254, 2, 0, 272, 273, 19, 17, 9.50, 1
56, 261, 2, 0, 278, 279, 18, 16, 9.00, 1
57, 267, 8, 0, 284, 301, 34, 26, 4.25, 1
58, 285, 2, 0, 296, 297, 12, 10, 6.00, 1
59, 291, 3, 0, 302, 304, 13, 10, 4.33, 1
60, 292, 2, 0, 309, 310, 18, 16, 9.00, 1
61, 300, 3, 0, 315, 317, 17, 14, 5.67, 1
62, 309, 3, 0, 322, 324, 15, 12, 5.00, 1
63, 311, 7, 0, 325, 345, 34, 27, 4.86, 1
64, 319, 3, 0, 333, 335, 16, 13, 5.33, 1
65, 320, 1, 0, 336, 336, 16, 15, 16.00, 1
66, 322, 1, 0, 340, 340, 18, 17, 18.00, 1
67, 328, 2, 0, 341, 342, 14, 12, 7.00, 1
68, 342, 4, 0, 347, 350, 8, 4, 2.00, 1
69, 345, 4, 0, 351, 354, 9, 5, 2.25, 1
70, 353, 3, 0, 355, 357, 4, 1, 1.33, 1
71, 354, 4, 0, 358, 361, 7, 3, 1.75, 1
72, 357, 6, 0, 362, 376, 19, 13, 3.17, 1
73, 359, 6, 0, 366, 378, 19, 13, 3.17, 1
74, 360, 5, 0, 370, 382, 22, 17, 4.40, 1
75, 361, 1, 0, 374, 374, 13, 12, 13.00, 1
76, 370, 2, 0, 379, 380, 10, 8, 5.00, 1
77, 371, 1, 0, 381, 381, 10, 9, 10.00, 1
78, 376, 2, 0, 383, 384, 8, 6, 4.00, 1
79, 390, 3, 0, 390, 393, 3, 0, 1.00, 1
80, 395, 2, 0, 395, 397, 2, 0, 1.00, 1
81, 397, 1, 0, 398, 398, 1, 0, 1.00, 1
82, 400, 1, 0, 400, 401, 1, 0, 1.00, 1
83, 401, 7, 0, 402, 414, 13, 6, 1.86, 1
84, 403, 4, 0, 406, 409, 6, 2, 1.50, 1
85, 405, 2, 0, 410, 411, 6, 4, 3.00, 1
86, 407, 1, 0, 415, 415, 8, 7, 8.00, 1
87, 424, 10, 0, 424, 434, 10, 0, 1.00, 1
88, 428, 1, 0, 435, 435, 7, 6, 7.00, 1
89, 432, 2, 0, 436, 437, 5, 3, 2.50, 1
90, 433, 1, 0, 438, 438, 5, 4, 5.00, 1
91, 436, 4, 0, 439, 442, 6, 2, 1.50, 1
92, 437, 4, 0, 443, 446, 9, 5, 2.25, 1
93, 442, 1, 0, 447, 447, 5, 4, 5.00, 1
94, 443, 3, 0, 448, 450, 7, 4, 2.33, 1
95, 446, 3, 0, 451, 453, 7, 4, 2.33, 1
96, 447, 12, 0, 454, 481, 34, 22, 2.83, 1
97, 449, 4, 0, 458, 461, 12, 8, 3.00, 1
98, 452, 4, 0, 462, 465, 13, 9, 3.25, 1
99, 461, 5, 0, 470, 482, 21, 16, 4.20, 1
100, 464, 5, 0, 474, 494, 30, 25, 6.00, 1
101, 475, 3, 0, 483, 485, 10, 7, 3.33, 1
102, 476, 9, 0, 486, 546, 70, 61, 7.78, 1
103, 477, 6, 0, 490, 520, 43, 37, 7.17, 1
104, 479, 7, 0, 495, 523, 44, 37, 6.29, 1
105, 480, 2, 0, 499, 500, 20, 18, 10.00, 1
106, 481, 15, 0, 501, 599, 118, 103, 7.87, 1
107, 482, 2, 0, 505, 506, 24, 22, 12.00, 1
108, 483, 6, 0, 507, 541, 58, 52, 9.67, 1
109, 484, 4, 0, 511, 514, 30, 26, 7.50, 1
110, 501, 6, 0, 524, 557, 56, 50, 9.33, 1
111, 509, 5, 0, 532, 566, 57, 52, 11.40, 1
112, 510, 4, 0, 536, 539, 29, 25, 7.25, 1
113, 516, 11, 0, 542, 621, 105, 94, 9.55, 1
114, 520, 1, 0, 547, 547, 27, 26, 27.00, 1
115, 521, 9, 0, 548, 627, 106, 97, 11.78, 1
116, 522, 11, 0, 552, 634, 112, 101, 10.18, 1
117, 534, 10, 0, 562, 648, 114, 104, 11.40, 1
118, 536, 13, 0, 567, 695, 159, 146, 12.23, 1
119, 540, 1, 0, 571, 571, 31, 30, 31.00, 1
120, 547, 2, 0, 576, 577, 30, 28, 15.00, 1
121, 549, 4, 0, 578, 581, 32, 28, 8.00, 1
122, 559, 3, 0, 590, 592, 33, 30, 11.00, 1
123, 561, 5, 0, 593, 641, 80, 75, 16.00, 1
124, 564, 3, 0, 600, 602, 38, 35, 12.67, 1
125, 569, 5, 0, 607, 653, 84, 79, 16.80, 1
126, 574, 5, 0, 615, 666, 92, 87, 18.40, 1
127, 579, 1, 0, 622, 622, 43, 42, 43.00, 1
128, 585, 6, 0, 623, 674, 89, 83, 14.83, 1
129, 589, 6, 0, 628, 680, 91, 85, 15.17, 1
130, 590, 2, 0, 635, 636, 46, 44, 23.00, 1
131, 594, 8, 0, 637, 684, 90, 82, 11.25, 1
132, 602, 8, 0, 642, 692, 90, 82, 11.25, 1
133, 606, 1, 0, 646, 646, 40, 39, 40.00, 1
134, 610, 5, 0, 649, 694, 84, 79, 16.80, 1
135, 617, 6, 0, 658, 697, 80, 74, 13.33, 1
136, 618, 8, 0, 662, 703, 85, 77, 10.62, 1
137, 624, 2, 0, 667, 668, 44, 42, 22.00, 1
138, 626, 4, 0, 669, 672, 46, 42, 11.50, 1
139, 628, 3, 0, 675, 677, 49, 46, 16.33, 1
140, 629, 1, 0, 678, 678, 49, 48, 49.00, 1
141, 645, 10, 0, 685, 753, 108, 98, 10.80, 1
142, 652, 1, 0, 693, 693, 41, 40, 41.00, 1
143, 664, 2, 0, 698, 699, 35, 33, 17.50, 1
144, 667, 1, 0, 704, 704, 37, 36, 37.00, 1
145, 669, 5, 0, 705, 738, 69, 64, 13.80, 1
146, 671, 3, 0, 709, 711, 40, 37, 13.33, 1
147, 674, 5, 0, 712, 747, 73, 68, 14.60, 1
148, 677, 1, 0, 716, 716, 39, 38, 39.00, 1
149, 686, 5, 0, 717, 748, 62, 57, 12.40, 1
150, 690, 1, 0, 725, 725, 35, 34, 35.00, 1
151, 694, 1, 0, 726, 726, 32, 31, 32.00, 1
152, 698, 16, 0, 727, 827, 129, 113, 8.06, 1
153, 701, 4, 0, 731, 734, 33, 29, 8.25, 1
154, 703, 2, 0, 735, 736, 33, 31, 16.50, 1
155, 707, 1, 0, 737, 737, 30, 29, 30.00, 1
156, 711, 3, 0, 739, 741, 30, 27, 10.00, 1
157, 712, 1, 0, 742, 742, 30, 29, 30.00, 1
158, 714, 5, 0, 743, 776, 62, 57, 12.40, 1
159, 723, 3, 0, 749, 751, 28, 25, 9.33, 1
160, 726, 3, 0, 754, 756, 30, 27, 10.00, 1
161, 729, 1, 0, 757, 757, 28, 27, 28.00, 1
162, 732, 2, 0, 762, 763, 31, 29, 15.50, 1
163, 735, 8, 0, 764, 803, 68, 60, 8.50, 1
164, 736, 5, 0, 768, 804, 68, 63, 13.60, 1
165, 739, 5, 0, 772, 807, 68, 63, 13.60, 1
166, 748, 14, 0, 777, 905, 157, 143, 11.21, 1
167, 751, 2, 0, 781, 782, 31, 29, 15.50, 1
168, 752, 5, 0, 783, 819, 67, 62, 13.40, 1
169, 760, 1, 0, 787, 787, 27, 26, 27.00, 1
170, 762, 7, 0, 792, 837, 75, 68, 10.71, 1
171, 763, 4, 0, 796, 799, 36, 32, 9.00, 1
172, 773, 2, 0, 805, 806, 33, 31, 16.50, 1
173, 781, 3, 0, 812, 814, 33, 30, 11.00, 1
174, 782, 1, 0, 815, 815, 33, 32, 33.00, 1
175, 784, 3, 0, 816, 818, 34, 31, 11.33, 1
176, 787, 14, 0, 820, 975, 188, 174, 13.43, 1
177, 794, 3, 0, 828, 830, 36, 33, 12.00, 1
178, 795, 5, 0, 831, 881, 86, 81, 17.20, 1
179, 797, 15, 0, 838, 1019, 222, 207, 14.80, 1
180, 804, 1, 0, 842, 842, 38, 37, 38.00, 1
181, 811, 9, 0, 843, 960, 149, 140, 16.56, 1
182, 815, 6, 0, 851, 907, 92, 86, 15.33, 1
183, 819, 1, 0, 855, 855, 36, 35, 36.00, 1
184, 820, 4, 0, 856, 859, 39, 35, 9.75, 1
185, 822, 21, 0, 860, 1208, 386, 365, 18.38, 1
186, 825, 6, 0, 868, 931, 106, 100, 17.67, 1
187, 827, 5, 0, 872, 940, 113, 108, 22.60, 1
188, 830, 1, 0, 876, 876, 46, 45, 46.00, 1
189, 834, 19, 0, 877, 1143, 309, 290, 16.26, 1
190, 839, 3, 0, 882, 884, 45, 42, 15.00, 1
191, 841, 4, 0, 885, 888, 47, 43, 11.75, 1
192, 847, 5, 0, 897, 961, 114, 109, 22.80, 1
193, 849, 3, 0, 901, 903, 54, 51, 18.00, 1
194, 856, 1, 0, 908, 908, 52, 51, 52.00, 1
195, 858, 3, 0, 909, 911, 53, 50, 17.67, 1
196, 859, 1, 0, 912, 912, 53, 52, 53.00, 1
197, 861, 1, 0, 913, 913, 52, 51, 52.00, 1
198, 866, 5, 0, 918, 973, 107, 102, 21.40, 1
199, 869, 14, 0, 926, 1117, 248, 234, 17.71, 1
200, 873, 4, 0, 932, 935, 62, 58, 15.50, 1
201, 875, 5, 0, 936, 995, 120, 115, 24.00, 1
202, 881, 7, 0, 945, 1006, 125, 118, 17.86, 1
203, 884, 4, 0, 949, 952, 68, 64, 17.00, 1
204, 892, 2, 0, 953, 954, 62, 60, 31.00, 1
205, 896, 1, 0, 959, 959, 63, 62, 63.00, 1
206, 913, 1, 0, 962, 962, 49, 48, 49.00, 1
207, 914, 1, 0, 963, 963, 49, 48, 49.00, 1
208, 915, 1, 0, 964, 964, 49, 48, 49.00, 1
209, 918, 9, 0, 969, 1115, 197, 188, 21.89, 1
210, 930, 3, 0, 980, 982, 52, 49, 17.33, 1
211, 934, 2, 0, 983, 984, 50, 48, 25.00, 1
212, 935, 2, 0, 985, 986, 51, 49, 25.50, 1
213, 937, 5, 0, 987, 1051, 114, 109, 22.80, 1
214, 939, 4, 0, 991, 994, 55, 51, 13.75, 1
215, 948, 5, 0, 1000, 1068, 120, 115, 24.00, 1
216, 950, 2, 0, 1007, 1008, 58, 56, 29.00, 1
217, 952, 6, 0, 1009, 1075, 123, 117, 20.50, 1
218, 954, 9, 0, 1013, 1169, 215, 206, 23.89, 1
219, 960, 2, 0, 1020, 1021, 61, 59, 30.50, 1
220, 967, 6, 0, 1022, 1098, 131, 125, 21.83, 1
221, 972, 5, 0, 1030, 1108, 136, 131, 27.20, 1
222, 981, 4, 0, 1042, 1045, 64, 60, 16.00, 1
223, 982, 4, 0, 1046, 1049, 67, 63, 16.75, 1
224, 987, 1, 0, 1050, 1050, 63, 62, 63.00, 1
225, 991, 12, 0, 1052, 1227, 236, 224, 19.67, 1
226, 992, 2, 0, 1056, 1057, 65, 63, 32.50, 1
227, 994, 2, 0, 1058, 1059, 65, 63, 32.50, 1
228, 999, 2, 0, 1060, 1061, 62, 60, 31.00, 1
229, 1002, 2, 0, 1066, 1067, 65, 63, 32.50, 1
230, 1005, 1, 0, 1069, 1069, 64, 63, 64.00, 1
231, 1012, 4, 0, 1070, 1073, 61, 57, 15.25, 1
232, 1013, 11, 0, 1076, 1257, 244, 233, 22.18, 1
233, 1014, 13, 0, 1080, 1379, 365, 352, 28.08, 1
234, 1017, 7, 0, 1088, 1174, 157, 150, 22.43, 1
235, 1023, 1, 0, 1092, 1092, 69, 68, 69.00, 1
236, 1025, 17, 0, 1093, 1516, 491, 474, 28.88, 1
237, 1029, 10, 0, 1099, 1294, 265, 255, 26.50, 1
238, 1033, 1, 0, 1107, 1107, 74, 73, 74.00, 1
239, 1034, 2, 0, 1109, 1110, 76, 74, 38.00, 1
240, 1036, 4, 0, 1111, 1114, 78, 74, 19.50, 1
241, 1045, 15, 0, 1118, 1432, 387, 372, 25.80, 1
242, 1048, 2, 0, 1122, 1123, 75, 73, 37.50, 1
243, 1052, 3, 0, 1124, 1126, 74, 71, 24.67, 1
244, 1054, 1, 0, 1127, 1127, 73, 72, 73.00, 1
245, 1055, 1, 0, 1128, 1128, 73, 72, 73.00, 1
246, 1058, 5, 0, 1133, 1233, 175, 170, 35.00, 1
247, 1063, 7, 0, 1137, 1236, 173, 166, 24.71, 1
248, 1070, 2, 0, 1144, 1145, 75, 73, 37.50, 1
249, 1074, 4, 0, 1146, 1149, 75, 71, 18.75, 1
250, 1076, 5, 0, 1150, 1242, 166, 161, 33.20, 1
251, 1083, 5, 0, 1158, 1262, 179, 174, 35.80, 1
252, 1084, 3, 0, 1166, 1168, 84, 81, 28.00, 1
253, 1090, 2, 0, 1170, 1171, 81, 79, 40.50, 1
254, 1092, 2, 0, 1175, 1176, 84, 82, 42.00, 1
255, 1094, 1, 0, 1177, 1177, 83, 82, 83.00, 1
256, 1097, 4, 0, 1182, 1185, 88, 84, 22.00, 1
257, 1100, 3, 0, 1186, 1188, 88, 85, 29.33, 1
258, 1101, 3, 0, 1189, 1191, 90, 87, 30.00, 1
259, 1102, 2, 0, 1192, 1193, 91, 89, 45.50, 1
260, 1103, 2, 0, 1198, 1199, 96, 94, 48.00, 1
261, 1104, 15, 0, 1200, 1552, 448, 433, 29.87, 1
262, 1105, 6, 0, 1204, 1301, 196, 190, 32.67, 1
263, 1113, 2, 0, 1209, 1210, 97, 95, 48.50, 1
264, 1116, 11, 0, 1211, 1419, 303, 292, 27.55, 1
265, 1119, 2, 0, 1215, 1216, 97, 95, 48.50, 1
266, 1130, 3, 0, 1221, 1223, 93, 90, 31.00, 1
267, 1133, 1, 0, 1228, 1228, 95, 94, 95.00, 1
268, 1134, 6, 0, 1229, 1320, 186, 180, 31.00, 1
269, 1143, 1, 0, 1237, 1237, 94, 93, 94.00, 1
270, 1148, 5, 0, 1238, 1334, 186, 181, 37.20, 1
271, 1154, 5, 0, 1243, 1343, 189, 184, 37.80, 1
272, 1155, 4, 0, 1247, 1250, 95, 91, 23.75, 1
273, 1157, 6, 0, 1251, 1350, 193, 187, 32.17, 1
274, 1161, 18, 0, 1258, 1807, 646, 628, 35.89, 1
275, 1164, 17, 0, 1263, 1841, 677, 660, 39.82, 1
276, 1165, 2, 0, 1267, 1268, 103, 101, 51.50, 1
277, 1169, 1, 0, 1273, 1273, 104, 103, 104.00, 1
278, 1171, 5, 0, 1274, 1386, 215, 210, 43.00, 1
279, 1179, 1, 0, 1278, 1278, 99, 98, 99.00, 1
280, 1183, 8, 0, 1283, 1402, 219, 211, 27.38, 1
281, 1186, 2, 0, 1287, 1288, 102, 100, 51.00, 1
282, 1189, 3, 0, 1289, 1291, 102, 99, 34.00, 1
283, 1192, 1, 0, 1292, 1292, 100, 99, 100.00, 1
284, 1198, 1, 0, 1295, 1295, 97, 96, 97.00, 1
285, 1215, 7, 0, 1306, 1422, 207, 200, 29.57, 1
286, 1216, 1, 0, 1310, 1310, 94, 93, 94.00, 1
287, 1224, 7, 0, 1315, 1440, 216, 209, 30.86, 1
288, 1234, 5, 0, 1321, 1446, 212, 207, 42.40, 1
289, 1236, 9, 0, 1325, 1600, 364, 355, 40.44, 1
290, 1239, 7, 0, 1329, 1457, 218, 211, 31.14, 1
291, 1241, 1, 0, 1333, 1333, 92, 91, 92.00, 1
292, 1242, 4, 0, 1335, 1338, 96, 92, 24.00, 1
293, 1246, 5, 0, 1339, 1469, 223, 218, 44.60, 1
294, 1251, 7, 0, 1344, 1472, 221, 214, 31.57, 1
295, 1254, 1, 0, 1348, 1348, 94, 93, 94.00, 1
296, 1259, 3, 0, 1351, 1353, 94, 91, 31.33, 1
297, 1260, 6, 0, 1354, 1479, 219, 213, 36.50, 1
298, 1262, 17, 0, 1362, 2021, 759, 742, 44.65, 1
299, 1263, 10, 0, 1366, 1647, 384, 374, 38.40, 1
300, 1267, 4, 0, 1374, 1377, 110, 106, 27.50, 1
301, 1268, 1, 0, 1378, 1378, 110, 109, 110.00, 1
302, 1273, 22, 0, 1380, 2298, 1025, 1003, 46.59, 1
303, 1276, 2, 0, 1384, 1385, 109, 107, 54.50, 1
304, 1283, 6, 0, 1391, 1518, 235, 229, 39.17, 1
305, 1285, 5, 0, 1395, 1524, 239, 234, 47.80, 1
306, 1291, 22, 0, 1403, 2374, 1083, 1061, 49.23, 1
307, 1296, 2, 0, 1407, 1408, 112, 110, 56.00, 1
308, 1298, 9, 0, 1409, 1716, 418, 409, 46.44, 1
309, 1313, 22, 0, 1423, 2443, 1130, 1108, 51.36, 1
310, 1314, 3, 0, 1427, 1429, 115, 112, 38.33, 1
311, 1316, 1, 0, 1433, 1433, 117, 116, 117.00, 1
312, 1317, 4, 0, 1434, 1437, 120, 116, 30.00, 1
313, 1322, 7, 0, 1441, 1584, 262, 255, 37.43, 1
314, 1324, 1, 0, 1445, 1445, 121, 120, 121.00, 1
315, 1328, 8, 0, 1447, 1592, 264, 256, 33.00, 1
316, 1333, 3, 0, 1458, 1460, 127, 124, 42.33, 1
317, 1337, 14, 0, 1461, 1991, 654, 640, 46.71, 1
318, 1338, 3, 0, 1465, 1467, 129, 126, 43.00, 1
319, 1342, 1, 0, 1468, 1468, 126, 125, 126.00, 1
320, 1352, 2, 0, 1473, 1474, 122, 120, 61.00, 1
321, 1353, 1, 0, 1475, 1475, 122, 121, 122.00, 1
322, 1354, 2, 0, 1476, 1477, 123, 121, 61.50, 1
323, 1359, 1, 0, 1480, 1480, 121, 120, 121.00, 1
324, 1362, 12, 0, 1485, 1818, 456, 444, 38.00, 1
325, 1373, 4, 0, 1497, 1500, 127, 123, 31.75, 1
326, 1379, 4, 0, 1505, 1508, 129, 125, 32.25, 1
327, 1384, 3, 0, 1513, 1515, 131, 128, 43.67, 1
328, 1397, 1, 0, 1519, 1519, 122, 121, 122.00, 1
329, 1398, 5, 0, 1520, 1672, 274, 269, 54.80, 1
330, 1400, 1, 0, 1525, 1525, 125, 124, 125.00, 1
331, 1401, 19, 0, 1526, 2328, 927, 908, 48.79, 1
332, 1404, 2, 0, 1530, 1531, 127, 125, 63.50, 1
333, 1405, 2, 0, 1532, 1533, 128, 126, 64.00, 1
334, 1410, 17, 0, 1538, 2381, 971, 954, 57.12, 1
335, 1414, 6, 0, 1546, 1722, 308, 302, 51.33, 1
336, 1418, 5, 0, 1553, 1730, 312, 307, 62.40, 1
337, 1421, 5, 0, 1557, 1733, 312, 307, 62.40, 1
338, 1423, 6, 0, 1561, 1739, 316, 310, 52.67, 1
339, 1424, 6, 0, 1565, 1745, 321, 315, 53.50, 1
340, 1434, 30, 0, 1573, 3377, 1943, 1913, 64.77, 1
341, 1436, 10, 0, 1577, 1965, 529, 519, 52.90, 1
342, 1437, 1, 0, 1581, 1581, 144, 143, 144.00, 1
343, 1446, 6, 0, 1585, 1766, 320, 314, 53.33, 1
344, 1451, 3, 0, 1593, 1595, 144, 141, 48.00, 1
345, 1453, 5, 0, 1596, 1778, 325, 320, 65.00, 1
346, 1457, 1, 0, 1601, 1601, 144, 143, 144.00, 1
347, 1466, 1, 0, 1606, 1606, 140, 139, 140.00, 1
348, 1470, 1, 0, 1607, 1607, 137, 136, 137.00, 1
349, 1471, 5, 0, 1608, 1796, 325, 320, 65.00, 1
350, 1477, 2, 0, 1612, 1613, 136, 134, 68.00, 1
351, 1478, 2, 0, 1614, 1615, 137, 135, 68.50, 1
352, 1479, 4, 0, 1616, 1619, 140, 136, 35.00, 1
353, 1481, 1, 0, 1620, 1620, 139, 138, 139.00, 1
354, 1484, 1, 0, 1621, 1621, 137, 136, 137.00, 1
355, 1486, 17, 0, 1626, 2497, 1011, 994, 59.47, 1
356, 1488, 1, 0, 1630, 1630, 142, 141, 142.00, 1
357, 1492, 3, 0, 1635, 1637, 145, 142, 48.33, 1
358, 1493, 5, 0, 1642, 1830, 337, 332, 67.40, 1
359, 1502, 5, 0, 1648, 1838, 336, 331, 67.20, 1
360, 1507, 1, 0, 1656, 1656, 149, 148, 149.00, 1
361, 1508, 3, 0, 1657, 1659, 151, 148, 50.33, 1
362, 1510, 1, 0, 1660, 1660, 150, 149, 150.00, 1
363, 1514, 9, 0, 1665, 2062, 548, 539, 60.89, 1
364, 1520, 2, 0, 1669, 1670, 150, 148, 75.00, 1
365, 1523, 1, 0, 1671, 1671, 148, 147, 148.00, 1
366, 1524, 2, 0, 1673, 1674, 150, 148, 75.00, 1
367, 1528, 1, 0, 1675, 1675, 147, 146, 147.00, 1
368, 1530, 5, 0, 1680, 1883, 353, 348, 70.60, 1
369, 1531, 1, 0, 1684, 1684, 153, 152, 153.00, 1
370, 1533, 17, 0, 1685, 2602, 1069, 1052, 62.88, 1
371, 1537, 5, 0, 1689, 1900, 363, 358, 72.60, 1
372, 1540, 3, 0, 1697, 1699, 159, 156, 53.00, 1
373, 1541, 8, 0, 1700, 1912, 371, 363, 46.38, 1
374, 1543, 5, 0, 1708, 1923, 380, 375, 76.00, 1
375, 1544, 7, 0, 1712, 1931, 387, 380, 55.29, 1
376, 1549, 4, 0, 1717, 1720, 171, 167, 42.75, 1
377, 1552, 3, 0, 1723, 1725, 173, 170, 57.67, 1
378, 1554, 4, 0, 1726, 1729, 175, 171, 43.75, 1
379, 1558, 2, 0, 1731, 1732, 174, 172, 87.00, 1
380, 1564, 6, 0, 1734, 1946, 382, 376, 63.67, 1
381, 1568, 5, 0, 1740, 1948, 380, 375, 76.00, 1
382, 1576, 2, 0, 1750, 1751, 175, 173, 87.50, 1
383, 1581, 1, 0, 1760, 1760, 179, 178, 179.00, 1
384, 1586, 17, 0, 1761, 2750, 1164, 1147, 68.47, 1
385, 1589, 3, 0, 1767, 1769, 180, 177, 60.00, 1
386, 1591, 8, 0, 1770, 1974, 383, 375, 47.88, 1
387, 1597, 5, 0, 1774, 1979, 382, 377, 76.40, 1
388, 1600, 3, 0, 1779, 1781, 181, 178, 60.33, 1
389, 1602, 9, 0, 1782, 2229, 627, 618, 69.67, 1
390, 1603, 2, 0, 1786, 1787, 184, 182, 92.00, 1
391, 1605, 5, 0, 1788, 1989, 384, 379, 76.80, 1
392, 1612, 3, 0, 1797, 1799, 187, 184, 62.33, 1
393, 1618, 2, 0, 1800, 1801, 183, 181, 91.50, 1
394, 1622, 12, 0, 1802, 2250, 628, 616, 52.33, 1
395, 1629, 2, 0, 1808, 1809, 180, 178, 90.00, 1
396, 1631, 1, 0, 1814, 1814, 183, 182, 183.00, 1
397, 1637, 2, 0, 1819, 1820, 183, 181, 91.50, 1
398, 1640, 1, 0, 1821, 1821, 181, 180, 181.00, 1
399, 1642, 11, 0, 1826, 2274, 632, 621, 57.45, 1
400, 1646, 2, 0, 1831, 1832, 186, 184, 93.00, 1
401, 1647, 3, 0, 1833, 1835, 188, 185, 62.67, 1
402, 1649, 2, 0, 1836, 1837, 188, 186, 94.00, 1
403, 1652, 2, 0, 1839, 1840, 188, 186, 94.00, 1
404, 1656, 6, 0, 1842, 2037, 381, 375, 63.50, 1
405, 1657, 18, 0, 1846, 2802, 1145, 1127, 63.61, 1
406, 1660, 1, 0, 1850, 1850, 190, 189, 190.00, 1
407, 1662, 18, 0, 1851, 2820, 1158, 1140, 64.33, 1
408, 1663, 4, 0, 1855, 1858, 195, 191, 48.75, 1
409, 1666, 6, 0, 1863, 2061, 395, 389, 65.83, 1
410, 1671, 6, 0, 1871, 2070, 399, 393, 66.50, 1
411, 1676, 2, 0, 1875, 1876, 200, 198, 100.00, 1
412, 1679, 1, 0, 1877, 1877, 198, 197, 198.00, 1
413, 1683, 1, 0, 1882, 1882, 199, 198, 199.00, 1
414, 1686, 2, 0, 1884, 1885, 199, 197, 99.50, 1
415, 1688, 9, 0, 1886, 2339, 651, 642, 72.33, 1
416, 1691, 2, 0, 1894, 1895, 204, 202, 102.00, 1
417, 1692, 9, 0, 1896, 2357, 665, 656, 73.89, 1
418, 1693, 5, 0, 1901, 2111, 418, 413, 83.60, 1
419, 1709, 2, 0, 1917, 1918, 209, 207, 104.50, 1
420, 1711, 5, 0, 1919, 2154, 443, 438, 88.60, 1
421, 1713, 9, 0, 1924, 2395, 682, 673, 75.78, 1
422, 1715, 1, 0, 1928, 1928, 213, 212, 213.00, 1
423, 1718, 1, 0, 1932, 1932, 214, 213, 214.00, 1
424, 1727, 5, 0, 1933, 2172, 445, 440, 89.00, 1
425, 1729, 3, 0, 1937, 1939, 210, 207, 70.00, 1
426, 1730, 1, 0, 1940, 1940, 210, 209, 210.00, 1
427, 1737, 8, 0, 1941, 2183, 446, 438, 55.75, 1
428, 1740, 1, 0, 1947, 1947, 207, 206, 207.00, 1
429, 1749, 2, 0, 1949, 1950, 201, 199, 100.50, 1
430, 1752, 1, 0, 1955, 1955, 203, 202, 203.00, 1
431, 1753, 10, 0, 1956, 2459, 706, 696, 70.60, 1
432, 1769, 1, 0, 1970, 1970, 201, 200, 201.00, 1
433, 1775, 6, 0, 1975, 2219, 444, 438, 74.00, 1
434, 1779, 1, 0, 1980, 1980, 201, 200, 201.00, 1
435, 1785, 2, 0, 1981, 1982, 197, 195, 98.50, 1
436, 1787, 2, 0, 1987, 1988, 201, 199, 100.50, 1
437, 1800, 8, 0, 1992, 2242, 442, 434, 55.25, 1
438, 1803, 1, 0, 1996, 1996, 193, 192, 193.00, 1
439, 1805, 3, 0, 1997, 1999, 194, 191, 64.67, 1
440, 1807, 2, 0, 2004, 2005, 198, 196, 99.00, 1
441, 1810, 5, 0, 2006, 2255, 445, 440, 89.00, 1
442, 1811, 4, 0, 2010, 2013, 202, 198, 50.50, 1
443, 1816, 3, 0, 2018, 2020, 204, 201, 68.00, 1
444, 1827, 8, 0, 2022, 2269, 442, 434, 55.25, 1
445, 1831, 2, 0, 2030, 2031, 200, 198, 100.00, 1
446, 1841, 2, 0, 2032, 2033, 192, 190, 96.00, 1
447, 1844, 2, 0, 2034, 2035, 191, 189, 95.50, 1
448, 1846, 3, 0, 2038, 2040, 194, 191, 64.67, 1
449, 1852, 6, 0, 2045, 2289, 437, 431, 72.83, 1
450, 1854, 3, 0, 2049, 2051, 197, 194, 65.67, 1
451, 1871, 2, 0, 2063, 2064, 193, 191, 96.50, 1
452, 1872, 5, 0, 2065, 2310, 438, 433, 87.60, 1
453, 1877, 7, 0, 2071, 2317, 440, 433, 62.86, 1
454, 1882, 7, 0, 2079, 2335, 453, 446, 64.71, 1
455, 1889, 2, 0, 2083, 2084, 195, 193, 97.50, 1
456, 1892, 9, 0, 2089, 2595, 703, 694, 78.11, 1
457, 1893, 7, 0, 2093, 2348, 455, 448, 65.00, 1
458, 1894, 1, 0, 2101, 2101, 207, 206, 207.00, 1
459, 1897, 3, 0, 2102, 2104, 207, 204, 69.00, 1
460, 1900, 2, 0, 2109, 2110, 210, 208, 105.00, 1
461, 1906, 4, 0, 2112, 2115, 209, 205, 52.25, 1
462, 1907, 4, 0, 2116, 2119, 212, 208, 53.00, 1
463, 1908, 2, 0, 2120, 2121, 213, 211, 106.50, 1
464, 1909, 5, 0, 2126, 2375, 466, 461, 93.20, 1
465, 1913, 5, 0, 2130, 2376, 463, 458, 92.60, 1
466, 1914, 2, 0, 2134, 2135, 221, 219, 110.50, 1
467, 1919, 3, 0, 2140, 2142, 223, 220, 74.33, 1
468, 1920, 3, 0, 2143, 2145, 225, 222, 75.00, 1
469, 1921, 5, 0, 2146, 2382, 461, 456, 92.20, 1
470, 1922, 9, 0, 2150, 2643, 721, 712, 80.11, 1
471, 1924, 7, 0, 2155, 2391, 467, 460, 66.71, 1
472, 1929, 4, 0, 2163, 2166, 237, 233, 59.25, 1
473, 1933, 8, 0, 2167, 2403, 470, 462, 58.75, 1
474, 1936, 1, 0, 2171, 2171, 235, 234, 235.00, 1
475, 1941, 4, 0, 2173, 2176, 235, 231, 58.75, 1
476, 1943, 3, 0, 2177, 2179, 236, 233, 78.67, 1
477, 1947, 13, 0, 2184, 2994, 1047, 1034, 80.54, 1
478, 1949, 1, 0, 2188, 2188, 239, 238, 239.00, 1
479, 1950, 5, 0, 2189, 2436, 486, 481, 97.20, 1
480, 1951, 3, 0, 2193, 2195, 244, 241, 81.33, 1
481, 1957, 16, 0, 2200, 3037, 1080, 1064, 67.50, 1
482, 1958, 2, 0, 2204, 2205, 247, 245, 123.50, 1
483, 1980, 1, 0, 2220, 2220, 240, 239, 240.00, 1
484, 1982, 4, 0, 2221, 2224, 242, 238, 60.50, 1
485, 1983, 31, 0, 2225, 4689, 2706, 2675, 87.29, 1
486, 1988, 14, 0, 2230, 3086, 1098, 1084, 78.43, 1
487, 1989, 1, 0, 2234, 2234, 245, 244, 245.00, 1
488, 1991, 1, 0, 2235, 2235, 244, 243, 244.00, 1
489, 1993, 3, 0, 2236, 2238, 245, 242, 81.67, 1
490, 2001, 4, 0, 2243, 2246, 245, 241, 61.25, 1
491, 2009, 4, 0, 2251, 2254, 245, 241, 61.25, 1
492, 2014, 1, 0, 2256, 2256, 242, 241, 242.00, 1
493, 2016, 1, 0, 2257, 2257, 241, 240, 241.00, 1
494, 2023, 9, 0, 2262, 2790, 767, 758, 85.22, 1
495, 2027, 2, 0, 2270, 2271, 244, 242, 122.00, 1
496, 2033, 1, 0, 2275, 2275, 242, 241, 242.00, 1
497, 2035, 3, 0, 2276, 2278, 243, 240, 81.00, 1
498, 2041, 3, 0, 2279, 2281, 240, 237, 80.00, 1
499, 2043, 2, 0, 2282, 2283, 240, 238, 120.00, 1
500, 2055, 1, 0, 2290, 2290, 235, 234, 235.00, 1
501, 2056, 2, 0, 2295, 2296, 240, 238, 120.00, 1
502, 2060, 17, 0, 2299, 3483, 1423, 1406, 83.71, 1
503, 2063, 3, 0, 2303, 2305, 242, 239, 80.67, 1
504, 2068, 7, 0, 2306, 2548, 480, 473, 68.57, 1
505, 2069, 17, 0, 2311, 3517, 1448, 1431, 85.18, 1
506, 2075, 4, 0, 2318, 2321, 246, 242, 61.50, 1
507, 2076, 1, 0, 2322, 2322, 246, 245, 246.00, 1
508, 2077, 3, 0, 2323, 2325, 248, 245, 82.67, 1
509, 2079, 8, 0, 2329, 2583, 504, 496, 63.00, 1
510, 2086, 3, 0, 2336, 2338, 252, 249, 84.00, 1
511, 2096, 2, 0, 2344, 2345, 249, 247, 124.50, 1
512, 2106, 7, 0, 2353, 2605, 499, 492, 71.29, 1
513, 2116, 22, 0, 2358, 3990, 1874, 1852, 85.18, 1
514, 2117, 5, 0, 2362, 2620, 503, 498, 100.60, 1
515, 2123, 3, 0, 2366, 2368, 245, 242, 81.67, 1
516, 2125, 18, 0, 2369, 3594, 1469, 1451, 81.61, 1
517, 2135, 12, 0, 2377, 2932, 797, 785, 66.42, 1
518, 2151, 1, 0, 2383, 2383, 232, 231, 232.00, 1
519, 2153, 1, 0, 2384, 2384, 231, 230, 231.00, 1
520, 2161, 3, 0, 2392, 2394, 233, 230, 77.67, 1
521, 2164, 7, 0, 2396, 2655, 491, 484, 70.14, 1
522, 2172, 4, 0, 2404, 2407, 235, 231, 58.75, 1
523, 2174, 6, 0, 2408, 2660, 486, 480, 81.00, 1
524, 2176, 14, 0, 2412, 3294, 1118, 1104, 79.86, 1
525, 2179, 1, 0, 2416, 2416, 237, 236, 237.00, 1
526, 2180, 7, 0, 2417, 2676, 496, 489, 70.86, 1
527, 2182, 3, 0, 2421, 2423, 241, 238, 80.33, 1
528, 2183, 1, 0, 2424, 2424, 241, 240, 241.00, 1
529, 2184, 6, 0, 2425, 2686, 502, 496, 83.67, 1
530, 2192, 3, 0, 2433, 2435, 243, 240, 81.00, 1
531, 2194, 26, 0, 2437, 4567, 2373, 2347, 91.27, 1
532, 2199, 1, 0, 2441, 2441, 242, 241, 242.00, 1
533, 2202, 5, 0, 2444, 2716, 514, 509, 102.80, 1
534, 2203, 1, 0, 2448, 2448, 245, 244, 245.00, 1
535, 2205, 6, 0, 2453, 2732, 527, 521, 87.83, 1
536, 2206, 1, 0, 2457, 2457, 251, 250, 251.00, 1
537, 2211, 1, 0, 2460, 2460, 249, 248, 249.00, 1
538, 2219, 4, 0, 2469, 2472, 253, 249, 63.25, 1
539, 2225, 5, 0, 2473, 2759, 534, 529, 106.80, 1
540, 2226, 3, 0, 2477, 2479, 253, 250, 84.33, 1
541, 2244, 5, 0, 2488, 2777, 533, 528, 106.60, 1
542, 2254, 1, 0, 2492, 2492, 238, 237, 238.00, 1
543, 2255, 1, 0, 2493, 2493, 238, 237, 238.00, 1
544, 2256, 1, 0, 2494, 2494, 238, 237, 238.00, 1
545, 2257, 2, 0, 2495, 2496, 239, 237, 119.50, 1
546, 2262, 8, 0, 2498, 2789, 527, 519, 65.88, 1
547, 2269, 5, 0, 2506, 2795, 526, 521, 105.20, 1
548, 2274, 2, 0, 2510, 2511, 237, 235, 118.50, 1
549, 2278, 1, 0, 2512, 2512, 234, 233, 234.00, 1
550, 2282, 5, 0, 2513, 2796, 514, 509, 102.80, 1
551, 2284, 4, 0, 2517, 2520, 236, 232, 59.00, 1
552, 2286, 1, 0, 2521, 2521, 235, 234, 235.00, 1
553, 2289, 1, 0, 2526, 2526, 237, 236, 237.00, 1
554, 2292, 1, 0, 2527, 2527, 235, 234, 235.00, 1
555, 2294, 13, 0, 2528, 3463, 1169, 1156, 89.92, 1
556, 2297, 9, 0, 2536, 3142, 845, 836, 93.89, 1
557, 2306, 2, 0, 2544, 2545, 239, 237, 119.50, 1
558, 2310, 5, 0, 2549, 2842, 532, 527, 106.40, 1
559, 2317, 9, 0, 2557, 3185, 868, 859, 96.44, 1
560, 2318, 3, 0, 2561, 2563, 245, 242, 81.67, 1
561, 2320, 5, 0, 2564, 2861, 541, 536, 108.20, 1
562, 2322, 11, 0, 2568, 3189, 867, 856, 78.82, 1
563, 2323, 8, 0, 2572, 2869, 546, 538, 68.25, 1
564, 2326, 2, 0, 2576, 2577, 251, 249, 125.50, 1
565, 2330, 2, 0, 2578, 2579, 249, 247, 124.50, 1
566, 2333, 1, 0, 2584, 2584, 251, 250, 251.00, 1
567, 2336, 6, 0, 2585, 2873, 537, 531, 89.50, 1
568, 2339, 7, 0, 2589, 2880, 541, 534, 77.29, 1
569, 2342, 2, 0, 2593, 2594, 252, 250, 126.00, 1
570, 2348, 1, 0, 2596, 2596, 248, 247, 248.00, 1
571, 2351, 7, 0, 2597, 2891, 540, 533, 77.14, 1
572, 2352, 1, 0, 2601, 2601, 249, 248, 249.00, 1
573, 2358, 2, 0, 2606, 2607, 249, 247, 124.50, 1
574, 2360, 5, 0, 2608, 2895, 535, 530, 107.00, 1
575, 2363, 5, 0, 2616, 2906, 543, 538, 108.60, 1
576, 2375, 3, 0, 2625, 2627, 252, 249, 84.00, 1
577, 2376, 3, 0, 2628, 2630, 254, 251, 84.67, 1
578, 2377, 1, 0, 2631, 2631, 254, 253, 254.00, 1
579, 2381, 11, 0, 2636, 3264, 883, 872, 80.27, 1
580, 2385, 3, 0, 2640, 2642, 257, 254, 85.67, 1
581, 2390, 12, 0, 2644, 3284, 894, 882, 74.50, 1
582, 2394, 1, 0, 2648, 2648, 254, 253, 254.00, 1
583, 2398, 6, 0, 2649, 2966, 568, 562, 94.67, 1
584, 2400, 3, 0, 2656, 2658, 258, 255, 86.00, 1
585, 2412, 5, 0, 2661, 2969, 557, 552, 111.40, 1
586, 2416, 1, 0, 2669, 2669, 253, 252, 253.00, 1
587, 2417, 4, 0, 2670, 2673, 256, 252, 64.00, 1
588, 2421, 4, 0, 2677, 2680, 259, 255, 64.75, 1
589, 2428, 7, 0, 2681, 2988, 560, 553, 80.00, 1
590, 2430, 7, 0, 2687, 2991, 561, 554, 80.14, 1
591, 2432, 1, 0, 2691, 2691, 259, 258, 259.00, 1
592, 2435, 4, 0, 2696, 2699, 264, 260, 66.00, 1
593, 2436, 6, 0, 2700, 3008, 572, 566, 95.33, 1
594, 2440, 4, 0, 2704, 2707, 267, 263, 66.75, 1
595, 2443, 8, 0, 2712, 3023, 580, 572, 72.50, 1
596, 2448, 9, 0, 2717, 3338, 890, 881, 98.89, 1
597, 2453, 2, 0, 2725, 2726, 273, 271, 136.50, 1
598, 2455, 7, 0, 2727, 3040, 585, 578, 83.57, 1
599, 2461, 3, 0, 2733, 2735, 274, 271, 91.33, 1
600, 2462, 22, 0, 2736, 4642, 2180, 2158, 99.09, 1
601, 2465, 2, 0, 2744, 2745, 280, 278, 140.00, 1
602, 2467, 4, 0, 2746, 2749, 282, 278, 70.50, 1
603, 2469, 1, 0, 2751, 2751, 282, 281, 282.00, 1
604, 2470, 6, 0, 2752, 3066, 596, 590, 99.33, 1
605, 2471, 3, 0, 2756, 2758, 287, 284, 95.67, 1
606, 2477, 1, 0, 2760, 2760, 283, 282, 283.00, 1
607, 2479, 2, 0, 2761, 2762, 283, 281, 141.50, 1
608, 2481, 3, 0, 2763, 2765, 284, 281, 94.67, 1
609, 2483, 2, 0, 2766, 2767, 284, 282, 142.00, 1
610, 2486, 1, 0, 2772, 2772, 286, 285, 286.00, 1
611, 2492, 5, 0, 2778, 3091, 599, 594, 119.80, 1
612, 2500, 7, 0, 2782, 3099, 599, 592, 85.57, 1
613, 2506, 1, 0, 2791, 2791, 285, 284, 285.00, 1
614, 2507, 1, 0, 2792, 2792, 285, 284, 285.00, 1
615, 2508, 2, 0, 2793, 2794, 286, 284, 143.00, 1
616, 2523, 10, 0, 2797, 3437, 914, 904, 91.40, 1
617, 2527, 4, 0, 2803, 2806, 279, 275, 69.75, 1
618, 2531, 4, 0, 2807, 2810, 279, 275, 69.75, 1
619, 2532, 2, 0, 2815, 2816, 284, 282, 142.00, 1
620, 2535, 2, 0, 2817, 2818, 283, 281, 141.50, 1
621, 2540, 7, 0, 2825, 3145, 605, 598, 86.43, 1
622, 2541, 3, 0, 2829, 2831, 290, 287, 96.67, 1
623, 2546, 10, 0, 2836, 3489, 943, 933, 94.30, 1
624, 2551, 2, 0, 2840, 2841, 290, 288, 145.00, 1
625, 2556, 19, 0, 2843, 4364, 1808, 1789, 95.16, 1
626, 2557, 7, 0, 2851, 3182, 625, 618, 89.29, 1
627, 2558, 1, 0, 2855, 2855, 297, 296, 297.00, 1
628, 2560, 1, 0, 2856, 2856, 296, 295, 296.00, 1
629, 2577, 2, 0, 2870, 2871, 294, 292, 147.00, 1
630, 2589, 3, 0, 2874, 2876, 287, 284, 95.67, 1
631, 2592, 1, 0, 2877, 2877, 285, 284, 285.00, 1
632, 2594, 6, 0, 2881, 3215, 621, 615, 103.50, 1
633, 2598, 5, 0, 2885, 3224, 626, 621, 125.20, 1
634, 2606, 1, 0, 2892, 2892, 286, 285, 286.00, 1
635, 2609, 2, 0, 2893, 2894, 285, 283, 142.50, 1
636, 2613, 2, 0, 2896, 2897, 284, 282, 142.00, 1
637, 2616, 7, 0, 2902, 3239, 623, 616, 89.00, 1
638, 2623, 3, 0, 2907, 2909, 286, 283, 95.33, 1
639, 2626, 4, 0, 2914, 2917, 291, 287, 72.75, 1
640, 2628, 2, 0, 2918, 2919, 291, 289, 145.50, 1
641, 2630, 1, 0, 2920, 2920, 290, 289, 290.00, 1
642, 2631, 7, 0, 2921, 3249, 618, 611, 88.29, 1
643, 2635, 8, 0, 2925, 3253, 618, 610, 77.25, 1
644, 2636, 2, 0, 2933, 2934, 298, 296, 149.00, 1
645, 2638, 8, 0, 2935, 3260, 622, 614, 77.75, 1
646, 2640, 3, 0, 2943, 2945, 305, 302, 101.67, 1
647, 2642, 5, 0, 2946, 3269, 627, 622, 125.40, 1
648, 2643, 4, 0, 2950, 2953, 310, 306, 77.50, 1
649, 2644, 5, 0, 2954, 3270, 626, 621, 125.20, 1
650, 2645, 3, 0, 2958, 2960, 315, 312, 105.00, 1
651, 2663, 2, 0, 2967, 2968, 305, 303, 152.50, 1
652, 2669, 9, 0, 2974, 3643, 974, 965, 108.22, 1
653, 2671, 1, 0, 2978, 2978, 307, 306, 307.00, 1
654, 2677, 11, 0, 2979, 3653, 976, 965, 88.73, 1
655, 2679, 1, 0, 2983, 2983, 304, 303, 304.00, 1
656, 2680, 1, 0, 2984, 2984, 304, 303, 304.00, 1
657, 2681, 1, 0, 2985, 2985, 304, 303, 304.00, 1
658, 2692, 2, 0, 2992, 2993, 301, 299, 150.50, 1
659, 2699, 1, 0, 2995, 2995, 296, 295, 296.00, 1
660, 2700, 6, 0, 2996, 3319, 619, 613, 103.17, 1
661, 2702, 3, 0, 3000, 3002, 300, 297, 100.00, 1
662, 2703, 4, 0, 3003, 3006, 303, 299, 75.75, 1
663, 2708, 3, 0, 3009, 3011, 303, 300, 101.00, 1
664, 2714, 4, 0, 3016, 3019, 305, 301, 76.25, 1
665, 2722, 2, 0, 3028, 3029, 307, 305, 153.50, 1
666, 2723, 9, 0, 3030, 3683, 960, 951, 106.67, 1
667, 2735, 14, 0, 3041, 4112, 1377, 1363, 98.36, 1
668, 2736, 1, 0, 3045, 3045, 309, 308, 309.00, 1
669, 2743, 5, 0, 3050, 3371, 628, 623, 125.60, 1
670, 2748, 2, 0, 3058, 3059, 311, 309, 155.50, 1
671, 2751, 4, 0, 3060, 3063, 312, 308, 78.00, 1
672, 2752, 1, 0, 3064, 3064, 312, 311, 312.00, 1
673, 2756, 3, 0, 3067, 3069, 313, 310, 104.33, 1
674, 2758, 1, 0, 3070, 3070, 312, 311, 312.00, 1
675, 2763, 10, 0, 3071, 3756, 993, 983, 99.30, 1
676, 2770, 11, 0, 3075, 3768, 998, 987, 90.73, 1
677, 2775, 2, 0, 3083, 3084, 309, 307, 154.50, 1
678, 2778, 8, 0, 3087, 3420, 642, 634, 80.25, 1
679, 2783, 11, 0, 3092, 3793, 1010, 999, 91.82, 1
680, 2784, 1, 0, 3096, 3096, 312, 311, 312.00, 1
681, 2790, 6, 0, 3100, 3435, 645, 639, 107.50, 1
682, 2792, 1, 0, 3104, 3104, 312, 311, 312.00, 1
683, 2801, 5, 0, 3109, 3446, 645, 640, 129.00, 1
684, 2805, 4, 0, 3113, 3116, 311, 307, 77.75, 1
685, 2808, 9, 0, 3117, 3829, 1021, 1012, 113.44, 1
686, 2809, 6, 0, 3121, 3458, 649, 643, 108.17, 1
687, 2813, 3, 0, 3125, 3127, 314, 311, 104.67, 1
688, 2817, 3, 0, 3132, 3134, 317, 314, 105.67, 1
689, 2818, 18, 0, 3135, 4814, 1996, 1978, 110.89, 1
690, 2820, 3, 0, 3139, 3141, 321, 318, 107.00, 1
691, 2832, 1, 0, 3146, 3146, 314, 313, 314.00, 1
692, 2833, 5, 0, 3147, 3482, 649, 644, 129.80, 1
693, 2844, 10, 0, 3159, 3892, 1048, 1038, 104.80, 1
694, 2846, 2, 0, 3163, 3164, 318, 316, 159.00, 1
695, 2848, 9, 0, 3169, 3915, 1067, 1058, 118.56, 1
696, 2854, 3, 0, 3177, 3179, 325, 322, 108.33, 1
697, 2860, 2, 0, 3183, 3184, 324, 322, 162.00, 1
698, 2865, 1, 0, 3186, 3186, 321, 320, 321.00, 1
699, 2868, 5, 0, 3190, 3528, 660, 655, 132.00, 1
700, 2870, 12, 0, 3194, 3940, 1070, 1058, 89.17, 1
701, 2872, 4, 0, 3198, 3201, 329, 325, 82.25, 1
702, 2876, 8, 0, 3202, 3549, 673, 665, 84.12, 1
703, 2878, 6, 0, 3206, 3553, 675, 669, 112.50, 1
704, 2880, 6, 0, 3210, 3559, 679, 673, 113.17, 1
705, 2886, 10, 0, 3216, 3976, 1090, 1080, 109.00, 1
706, 2887, 4, 0, 3220, 3223, 336, 332, 84.00, 1
707, 2890, 11, 0, 3225, 3979, 1089, 1078, 99.00, 1
708, 2895, 7, 0, 3229, 3573, 678, 671, 96.86, 1
709, 2911, 1, 0, 3240, 3240, 329, 328, 329.00, 1
710, 2912, 1, 0, 3241, 3241, 329, 328, 329.00, 1
711, 2913, 1, 0, 3242, 3242, 329, 328, 329.00, 1
712, 2936, 1, 0, 3254, 3254, 318, 317, 318.00, 1
713, 2938, 2, 0, 3255, 3256, 318, 316, 159.00, 1
714, 2941, 1, 0, 3261, 3261, 320, 319, 320.00, 1
715, 2943, 4, 0, 3265, 3268, 325, 321, 81.25, 1
716, 2961, 6, 0, 3271, 3617, 656, 650, 109.33, 1
717, 2962, 4, 0, 3275, 3278, 316, 312, 79.00, 1
718, 2963, 2, 0, 3279, 3280, 317, 315, 158.50, 1
719, 2965, 6, 0, 3285, 3631, 666, 660, 111.00, 1
720, 2969, 7, 0, 3289, 3634, 665, 658, 95.00, 1
721, 2977, 4, 0, 3295, 3298, 321, 317, 80.25, 1
722, 2979, 4, 0, 3303, 3306, 327, 323, 81.75, 1
723, 2980, 3, 0, 3307, 3309, 329, 326, 109.67, 1
724, 2986, 2, 0, 3314, 3315, 329, 327, 164.50, 1
725, 2995, 2, 0, 3316, 3317, 322, 320, 161.00, 1
726, 3000, 8, 0, 3320, 3657, 657, 649, 82.12, 1
727, 3002, 2, 0, 3324, 3325, 323, 321, 161.50, 1
728, 3011, 1, 0, 3326, 3326, 315, 314, 315.00, 1
729, 3012, 3, 0, 3327, 3329, 317, 314, 105.67, 1
730, 3020, 3, 0, 3334, 3336, 316, 313, 105.33, 1
731, 3026, 1, 0, 3337, 3337, 311, 310, 311.00, 1
732, 3034, 21, 0, 3343, 5825, 2791, 2770, 132.90, 1
733, 3038, 32, 0, 3347, 7263, 4225, 4193, 132.03, 1
734, 3041, 6, 0, 3351, 3697, 656, 650, 109.33, 1
735, 3042, 6, 0, 3355, 3699, 657, 651, 109.50, 1
736, 3052, 19, 0, 3367, 5233, 2181, 2162, 114.79, 1
737, 3056, 5, 0, 3372, 3725, 669, 664, 133.80, 1
738, 3059, 8, 0, 3378, 3732, 673, 665, 84.12, 1
739, 3060, 5, 0, 3382, 3736, 676, 671, 135.20, 1
740, 3064, 1, 0, 3386, 3386, 322, 321, 322.00, 1
741, 3065, 3, 0, 3387, 3389, 324, 321, 108.00, 1
742, 3066, 1, 0, 3390, 3390, 324, 323, 324.00, 1
743, 3069, 6, 0, 3391, 3748, 679, 673, 113.17, 1
744, 3076, 3, 0, 3399, 3401, 325, 322, 108.33, 1
745, 3077, 2, 0, 3402, 3403, 326, 324, 163.00, 1
746, 3084, 8, 0, 3412, 3788, 704, 696, 88.00, 1
747, 3085, 1, 0, 3416, 3416, 331, 330, 331.00, 1
748, 3091, 1, 0, 3421, 3421, 330, 329, 330.00, 1
749, 3097, 6, 0, 3426, 3799, 702, 696, 117.00, 1
750, 3098, 4, 0, 3430, 3433, 335, 331, 83.75, 1
751, 3111, 6, 0, 3438, 3812, 701, 695, 116.83, 1
752, 3112, 5, 0, 3442, 3821, 709, 704, 141.80, 1
753, 3119, 3, 0, 3447, 3449, 330, 327, 110.00, 1
754, 3121, 3, 0, 3454, 3456, 335, 332, 111.67, 1
755, 3131, 8, 0, 3459, 3848, 717, 709, 89.62, 1
756, 3132, 1, 0, 3464, 3464, 332, 331, 332.00, 1
757, 3139, 4, 0, 3469, 3472, 333, 329, 83.25, 1
758, 3145, 2, 0, 3473, 3474, 329, 327, 164.50, 1
759, 3148, 16, 0, 3475, 4827, 1679, 1663, 104.94, 1
760, 3149, 3, 0, 3479, 3481, 332, 329, 110.67, 1
761, 3157, 8, 0, 3484, 3886, 729, 721, 91.12, 1
762, 3161, 1, 0, 3490, 3490, 329, 328, 329.00, 1
763, 3165, 3, 0, 3495, 3497, 332, 329, 110.67, 1
764, 3166, 3, 0, 3498, 3500, 334, 331, 111.33, 1
765, 3167, 11, 0, 3501, 4349, 1182, 1171, 107.45, 1
766, 3173, 4, 0, 3513, 3516, 343, 339, 85.75, 1
767, 3177, 1, 0, 3518, 3518, 341, 340, 341.00, 1
768, 3180, 5, 0, 3519, 3925, 745, 740, 149.00, 1
769, 3190, 2, 0, 3523, 3524, 334, 332, 167.00, 1
770, 3191, 3, 0, 3525, 3527, 336, 333, 112.00, 1
771, 3195, 5, 0, 3529, 3934, 739, 734, 147.80, 1
772, 3200, 3, 0, 3537, 3539, 339, 336, 113.00, 1
773, 3202, 8, 0, 3540, 3947, 745, 737, 93.12, 1
774, 3204, 2, 0, 3544, 3545, 341, 339, 170.50, 1
775, 3209, 2, 0, 3550, 3551, 342, 340, 171.00, 1
776, 3213, 7, 0, 3554, 3967, 754, 747, 107.71, 1
777, 3217, 2, 0, 3560, 3561, 344, 342, 172.00, 1
778, 3219, 1, 0, 3562, 3562, 343, 342, 343.00, 1
779, 3234, 8, 0, 3574, 3983, 749, 741, 93.62, 1
780, 3239, 5, 0, 3582, 3993, 754, 749, 150.80, 1
781, 3241, 6, 0, 3586, 3999, 758, 752, 126.33, 1
782, 3246, 3, 0, 3590, 3592, 346, 343, 115.33, 1
783, 3248, 2, 0, 3595, 3596, 348, 346, 174.00, 1
784, 3252, 5, 0, 3597, 4009, 757, 752, 151.40, 1
785, 3261, 2, 0, 3601, 3602, 341, 339, 170.50, 1
786, 3265, 1, 0, 3603, 3603, 338, 337, 338.00, 1
787, 3266, 4, 0, 3604, 3607, 341, 337, 85.25, 1
788, 3267, 7, 0, 3608, 4014, 747, 740, 106.71, 1
789, 3273, 4, 0, 3612, 3615, 342, 338, 85.50, 1
790, 3277, 6, 0, 3618, 4017, 740, 734, 123.33, 1
791, 3280, 2, 0, 3622, 3623, 343, 341, 171.50, 1
792, 3281, 2, 0, 3624, 3625, 344, 342, 172.00, 1
793, 3284, 4, 0, 3626, 3629, 345, 341, 86.25, 1
794, 3293, 4, 0, 3635, 3638, 345, 341, 86.25, 1
795, 3295, 1, 0, 3639, 3639, 344, 343, 344.00, 1
796, 3296, 3, 0, 3640, 3642, 346, 343, 115.33, 1
797, 3303, 18, 0, 3644, 5729, 2426, 2408, 134.78, 1
798, 3308, 2, 0, 3648, 3649, 341, 339, 170.50, 1
799, 3310, 1, 0, 3650, 3650, 340, 339, 340.00, 1
800, 3325, 5, 0, 3658, 4056, 731, 726, 146.20, 1
801, 3329, 1, 0, 3662, 3662, 333, 332, 333.00, 1
802, 3330, 1, 0, 3663, 3663, 333, 332, 333.00, 1
803, 3333, 1, 0, 3664, 3664, 331, 330, 331.00, 1
804, 3335, 8, 0, 3669, 4068, 733, 725, 91.62, 1
805, 3337, 20, 0, 3673, 5823, 2486, 2466, 124.30, 1
806, 3338, 2, 0, 3677, 3678, 340, 338, 170.00, 1
807, 3341, 7, 0, 3679, 4082, 741, 734, 105.86, 1
808, 3352, 4, 0, 3692, 3695, 343, 339, 85.75, 1
809, 3360, 1, 0, 3700, 3700, 340, 339, 340.00, 1
810, 3362, 3, 0, 3701, 3703, 341, 338, 113.67, 1
811, 3365, 2, 0, 3708, 3709, 344, 342, 172.00, 1
812, 3367, 1, 0, 3714, 3714, 347, 346, 347.00, 1
813, 3370, 2, 0, 3715, 3716, 346, 344, 173.00, 1
814, 3375, 6, 0, 3721, 4137, 762, 756, 127.00, 1
815, 3378, 1, 0, 3726, 3726, 348, 347, 348.00, 1
816, 3379, 2, 0, 3727, 3728, 349, 347, 174.50, 1
817, 3384, 3, 0, 3733, 3735, 351, 348, 117.00, 1
818, 3387, 2, 0, 3737, 3738, 351, 349, 175.50, 1
819, 3390, 6, 0, 3739, 4150, 760, 754, 126.67, 1
820, 3392, 5, 0, 3743, 4151, 759, 754, 151.80, 1
821, 3395, 2, 0, 3749, 3750, 355, 353, 177.50, 1
822, 3396, 11, 0, 3751, 4675, 1279, 1268, 116.27, 1
823, 3401, 5, 0, 3757, 4167, 766, 761, 153.20, 1
824, 3402, 1, 0, 3761, 3761, 359, 358, 359.00, 1
825, 3405, 3, 0, 3762, 3764, 359, 356, 119.67, 1
826, 3406, 1, 0, 3765, 3765, 359, 358, 359.00, 1
827, 3410, 8, 0, 3769, 4181, 771, 763, 96.38, 1
828, 3414, 5, 0, 3777, 4189, 775, 770, 155.00, 1
829, 3415, 4, 0, 3781, 3784, 369, 365, 92.25, 1
830, 3425, 2, 0, 3789, 3790, 365, 363, 182.50, 1
831, 3428, 6, 0, 3794, 4203, 775, 769, 129.17, 1
832, 3431, 10, 0, 3800, 4709, 1278, 1268, 127.80, 1
833, 3433, 1, 0, 3804, 3804, 371, 370, 371.00, 1
834, 3434, 2, 0, 3805, 3806, 372, 370, 186.00, 1
835, 3437, 12, 0, 3807, 4722, 1285, 1273, 107.08, 1
836, 3442, 7, 0, 3813, 4230, 788, 781, 112.57, 1
837, 3445, 9, 0, 3817, 4742, 1297, 1288, 144.11, 1
838, 3447, 3, 0, 3822, 3824, 377, 374, 125.67, 1
839, 3451, 4, 0, 3825, 3828, 377, 373, 94.25, 1
840, 3455, 10, 0, 3830, 4752, 1297, 1287, 129.70, 1
841, 3456, 2, 0, 3834, 3835, 379, 377, 189.50, 1
842, 3459, 4, 0, 3836, 3839, 380, 376, 95.00, 1
843, 3460, 17, 0, 3840, 6005, 2545, 2528, 149.71, 1
844, 3462, 1, 0, 3844, 3844, 382, 381, 382.00, 1
845, 3465, 1, 0, 3849, 3849, 384, 383, 384.00, 1
846, 3466, 11, 0, 3850, 4799, 1333, 1322, 121.18, 1
847, 3472, 2, 0, 3858, 3859, 387, 385, 193.50, 1
848, 3474, 8, 0, 3860, 4290, 816, 808, 102.00, 1
849, 3479, 5, 0, 3868, 4305, 826, 821, 165.20, 1
850, 3482, 13, 0, 3872, 5432, 1950, 1937, 150.00, 1
851, 3486, 5, 0, 3876, 4310, 824, 819, 164.80, 1
852, 3487, 3, 0, 3880, 3882, 395, 392, 131.67, 1
853, 3488, 9, 0, 3887, 4863, 1375, 1366, 152.78, 1
854, 3498, 2, 0, 3893, 3894, 396, 394, 198.00, 1
855, 3500, 4, 0, 3895, 3898, 398, 394, 99.50, 1
856, 3503, 1, 0, 3899, 3899, 396, 395, 396.00, 1
857, 3504, 3, 0, 3900, 3902, 398, 395, 132.67, 1
858, 3511, 8, 0, 3911, 4372, 861, 853, 107.62, 1
859, 3517, 4, 0, 3916, 3919, 402, 398, 100.50, 1
860, 3519, 11, 0, 3920, 4933, 1414, 1403, 128.55, 1
861, 3520, 1, 0, 3924, 3924, 404, 403, 404.00, 1
862, 3523, 12, 0, 3926, 4949, 1426, 1414, 118.83, 1
863, 3526, 7, 0, 3930, 4399, 873, 866, 124.71, 1
864, 3535, 2, 0, 3935, 3936, 401, 399, 200.50, 1
865, 3537, 3, 0, 3941, 3943, 406, 403, 135.33, 1
866, 3550, 4, 0, 3948, 3951, 401, 397, 100.25, 1
867, 3551, 3, 0, 3952, 3954, 403, 400, 134.33, 1
868, 3554, 3, 0, 3955, 3957, 403, 400, 134.33, 1
869, 3555, 3, 0, 3958, 3960, 405, 402, 135.00, 1
870, 3556, 8, 0, 3961, 4445, 889, 881, 111.12, 1
871, 3560, 10, 0, 3968, 5026, 1466, 1456, 146.60, 1
872, 3562, 2, 0, 3972, 3973, 411, 409, 205.50, 1
873, 3563, 1, 0, 3974, 3974, 411, 410, 411.00, 1
874, 3578, 2, 0, 3984, 3985, 407, 405, 203.50, 1
875, 3579, 3, 0, 3986, 3988, 409, 406, 136.33, 1
876, 3585, 2, 0, 3991, 3992, 407, 405, 203.50, 1
877, 3587, 6, 0, 3994, 4479, 892, 886, 148.67, 1
878, 3590, 8, 0, 4000, 4491, 901, 893, 112.62, 1
879, 3595, 1, 0, 4004, 4004, 409, 408, 409.00, 1
880, 3597, 10, 0, 4005, 5070, 1473, 1463, 147.30, 1
881, 3604, 2, 0, 4010, 4011, 407, 405, 203.50, 1
882, 3615, 1, 0, 4015, 4015, 400, 399, 400.00, 1
883, 3625, 2, 0, 4018, 4019, 394, 392, 197.00, 1
884, 3631, 11, 0, 4020, 5078, 1447, 1436, 131.55, 1
885, 3635, 8, 0, 4024, 4514, 879, 871, 109.88, 1
886, 3642, 3, 0, 4028, 4030, 388, 385, 129.33, 1
887, 3644, 1, 0, 4031, 4031, 387, 386, 387.00, 1
888, 3645, 16, 0, 4032, 5714, 2069, 2053, 129.31, 1
889, 3648, 3, 0, 4040, 4042, 394, 391, 131.33, 1
890, 3649, 3, 0, 4043, 4045, 396, 393, 132.00, 1
891, 3652, 1, 0, 4046, 4046, 394, 393, 394.00, 1
892, 3653, 14, 0, 4047, 5754, 2101, 2087, 150.07, 1
893, 3659, 1, 0, 4051, 4051, 392, 391, 392.00, 1
894, 3661, 4, 0, 4052, 4055, 394, 390, 98.50, 1
895, 3667, 5, 0, 4057, 4558, 891, 886, 178.20, 1
896, 3674, 3, 0, 4069, 4071, 397, 394, 132.33, 1
897, 3677, 1, 0, 4076, 4076, 399, 398, 399.00, 1
898, 3680, 3, 0, 4077, 4079, 399, 396, 133.00, 1
899, 3685, 1, 0, 4083, 4083, 398, 397, 398.00, 1
900, 3691, 7, 0, 4088, 4606, 915, 908, 130.71, 1
901, 3693, 6, 0, 4096, 4616, 923, 917, 153.83, 1
902, 3694, 1, 0, 4100, 4100, 406, 405, 406.00, 1
903, 3695, 4, 0, 4101, 4104, 409, 405, 102.25, 1
904, 3699, 7, 0, 4105, 4632, 933, 926, 133.29, 1
905, 3703, 1, 0, 4109, 4109, 406, 405, 406.00, 1
906, 3705, 1, 0, 4110, 4110, 405, 404, 405.00, 1
907, 3712, 4, 0, 4113, 4116, 404, 400, 101.00, 1
908, 3719, 3, 0, 4121, 4123, 404, 401, 134.67, 1
909, 3720, 4, 0, 4124, 4127, 407, 403, 101.75, 1
910, 3722, 3, 0, 4132, 4134, 412, 409, 137.33, 1
911, 3724, 1, 0, 4135, 4135, 411, 410, 411.00, 1
912, 3729, 4, 0, 4138, 4141, 412, 408, 103.00, 1
913, 3732, 8, 0, 4142, 4662, 930, 922, 116.25, 1
914, 3733, 2, 0, 4146, 4147, 414, 412, 207.00, 1
915, 3740, 1, 0, 4148, 4148, 408, 407, 408.00, 1
916, 3749, 5, 0, 4152, 4668, 919, 914, 183.80, 1
917, 3750, 2, 0, 4156, 4157, 407, 405, 203.50, 1
918, 3753, 1, 0, 4158, 4158, 405, 404, 405.00, 1
919, 3758, 5, 0, 4163, 4681, 923, 918, 184.60, 1
920, 3764, 4, 0, 4168, 4171, 407, 403, 101.75, 1
921, 3766, 2, 0, 4172, 4173, 407, 405, 203.50, 1
922, 3770, 4, 0, 4174, 4177, 407, 403, 101.75, 1
923, 3775, 3, 0, 4182, 4184, 409, 406, 136.33, 1
924, 3788, 5, 0, 4190, 4694, 906, 901, 181.20, 1
925, 3791, 2, 0, 4194, 4195, 404, 402, 202.00, 1
926, 3795, 2, 0, 4196, 4197, 402, 400, 201.00, 1
927, 3797, 7, 0, 4198, 4703, 906, 899, 129.43, 1
928, 3803, 2, 0, 4204, 4205, 402, 400, 201.00, 1
929, 3806, 8, 0, 4210, 4717, 911, 903, 113.88, 1
930, 3808, 2, 0, 4214, 4215, 407, 405, 203.50, 1
931, 3812, 16, 0, 4220, 5952, 2140, 2124, 133.75, 1
932, 3814, 5, 0, 4224, 4731, 917, 912, 183.40, 1
933, 3819, 1, 0, 4231, 4231, 412, 411, 412.00, 1
934, 3835, 2, 0, 4240, 4241, 406, 404, 203.00, 1
935, 3836, 3, 0, 4242, 4244, 408, 405, 136.00, 1
936, 3837, 9, 0, 4245, 5324, 1487, 1478, 165.22, 1
937, 3838, 3, 0, 4249, 4251, 413, 410, 137.67, 1
938, 3840, 3, 0, 4252, 4254, 414, 411, 138.00, 1
939, 3842, 1, 0, 4255, 4255, 413, 412, 413.00, 1
940, 3844, 6, 0, 4260, 4789, 945, 939, 157.50, 1
941, 3850, 6, 0, 4264, 4792, 942, 936, 157.00, 1
942, 3853, 5, 0, 4268, 4793, 940, 935, 188.00, 1
943, 3854, 1, 0, 4276, 4276, 422, 421, 422.00, 1
944, 3855, 2, 0, 4277, 4278, 423, 421, 211.50, 1
945, 3862, 14, 0, 4283, 6039, 2177, 2163, 155.50, 1
946, 3867, 3, 0, 4291, 4293, 426, 423, 142.00, 1
947, 3868, 7, 0, 4298, 4830, 962, 955, 137.43, 1
948, 3869, 3, 0, 4302, 4304, 435, 432, 145.00, 1
949, 3881, 6, 0, 4311, 4856, 975, 969, 162.50, 1
950, 3885, 3, 0, 4315, 4317, 432, 429, 144.00, 1
951, 3888, 3, 0, 4318, 4320, 432, 429, 144.00, 1
952, 3892, 5, 0, 4325, 4865, 973, 968, 194.60, 1
953, 3894, 13, 0, 4329, 6098, 2204, 2191, 169.54, 1
954, 3901, 16, 0, 4333, 6131, 2230, 2214, 139.38, 1
955, 3902, 6, 0, 4337, 4884, 982, 976, 163.67, 1
956, 3905, 2, 0, 4341, 4342, 437, 435, 218.50, 1
957, 3906, 4, 0, 4343, 4346, 440, 436, 110.00, 1
958, 3907, 5, 0, 4350, 4899, 992, 987, 198.40, 1
959, 3908, 5, 0, 4354, 4900, 992, 987, 198.40, 1
960, 3910, 15, 0, 4358, 6158, 2248, 2233, 149.87, 1
961, 3911, 7, 0, 4365, 4911, 1000, 993, 142.86, 1
962, 3920, 15, 0, 4373, 6164, 2244, 2229, 149.60, 1
963, 3922, 5, 0, 4377, 4927, 1005, 1000, 201.00, 1
964, 3924, 10, 0, 4385, 5530, 1606, 1596, 160.60, 1
965, 3931, 14, 0, 4393, 6193, 2262, 2248, 161.57, 1
966, 3934, 4, 0, 4400, 4403, 469, 465, 117.25, 1
967, 3935, 1, 0, 4404, 4404, 469, 468, 469.00, 1
968, 3937, 3, 0, 4405, 4407, 470, 467, 156.67, 1
969, 3939, 4, 0, 4408, 4411, 472, 468, 118.00, 1
970, 3943, 10, 0, 4412, 5565, 1622, 1612, 162.20, 1
971, 3945, 6, 0, 4416, 4977, 1032, 1026, 172.00, 1
972, 3946, 2, 0, 4420, 4421, 475, 473, 237.50, 1
973, 3954, 1, 0, 4422, 4422, 468, 467, 468.00, 1
974, 3955, 3, 0, 4423, 4425, 470, 467, 156.67, 1
975, 3957, 19, 0, 4426, 6955, 2998, 2979, 157.79, 1
976, 3960, 24, 0, 4430, 7755, 3795, 3771, 158.12, 1
977, 3961, 7, 0, 4434, 5002, 1041, 1034, 148.71, 1
978, 3962, 4, 0, 4438, 4441, 479, 475, 119.75, 1
979, 3966, 4, 0, 4446, 4449, 483, 479, 120.75, 1
980, 3967, 1, 0, 4450, 4450, 483, 482, 483.00, 1
981, 3969, 7, 0, 4451, 5021, 1052, 1045, 150.29, 1
982, 3973, 17, 0, 4459, 7060, 3087, 3070, 181.59, 1
983, 3976, 4, 0, 4463, 4466, 490, 486, 122.50, 1
984, 3982, 4, 0, 4467, 4470, 488, 484, 122.00, 1
985, 3984, 2, 0, 4471, 4472, 488, 486, 244.00, 1
986, 3995, 7, 0, 4473, 5041, 1046, 1039, 149.43, 1
987, 3997, 1, 0, 4477, 4477, 480, 479, 480.00, 1
988, 4001, 7, 0, 4480, 5051, 1050, 1043, 150.00, 1
989, 4002, 5, 0, 4484, 5052, 1050, 1045, 210.00, 1
990, 4004, 1, 0, 4492, 4492, 488, 487, 488.00, 1
991, 4005, 1, 0, 4493, 4493, 488, 487, 488.00, 1
992, 4006, 5, 0, 4494, 5064, 1058, 1053, 211.60, 1
993, 4016, 1, 0, 4502, 4502, 486, 485, 486.00, 1
994, 4020, 5, 0, 4503, 5075, 1055, 1050, 211.00, 1
995, 4028, 2, 0, 4515, 4516, 488, 486, 244.00, 1
996, 4031, 7, 0, 4517, 5091, 1060, 1053, 151.43, 1
997, 4037, 10, 0, 4525, 5727, 1690, 1680, 169.00, 1
998, 4044, 5, 0, 4533, 5112, 1068, 1063, 213.60, 1
999, 4047, 3, 0, 4537, 4539, 492, 489, 164.00, 1
1000, 4049, 5, 0, 4540, 5118, 1069, 1064, 213.80, 1
1001, 4052, 9, 0, 4548, 5755, 1703, 1694, 189.22, 1
1002, 4055, 2, 0, 4552, 4553, 498, 496, 249.00, 1
1003, 4056, 5, 0, 4554, 5134, 1078, 1073, 215.60, 1
1004, 4061, 1, 0, 4559, 4559, 498, 497, 498.00, 1
1005, 4062, 31, 0, 4560, 10588, 6526, 6495, 210.52, 1
1006, 4064, 2, 0, 4564, 4565, 501, 499, 250.50, 1
1007, 4065, 4, 0, 4568, 4571, 506, 502, 126.50, 1
1008, 4068, 3, 0, 4572, 4574, 506, 503, 168.67, 1
1009, 4071, 2, 0, 4575, 4576, 505, 503, 252.50, 1
1010, 4073, 3, 0, 4577, 4579, 506, 503, 168.67, 1
1011, 4075, 2, 0, 4580, 4581, 506, 504, 253.00, 1
1012, 4076, 1, 0, 4586, 4586, 510, 509, 510.00, 1
1013, 4080, 3, 0, 4587, 4589, 509, 506, 169.67, 1
1014, 4081, 4, 0, 4590, 4593, 512, 508, 128.00, 1
1015, 4084, 2, 0, 4594, 4595, 511, 509, 255.50, 1
1016, 4085, 2, 0, 4596, 4597, 512, 510, 256.00, 1
1017, 4086, 1, 0, 4598, 4598, 512, 511, 512.00, 1
1018, 4090, 1, 0, 4603, 4603, 513, 512, 513.00, 1
1019, 4095, 4, 0, 4607, 4610, 515, 511, 128.75, 1
1020, 4101, 4, 0, 4617, 4620, 519, 515, 129.75, 1
1021, 4106, 2, 0, 4621, 4622, 516, 514, 258.00, 1
1022, 4107, 9, 0, 4623, 5848, 1741, 1732, 193.44, 1
1023, 4108, 3, 0, 4627, 4629, 521, 518, 173.67, 1
1024, 4109, 11, 0, 4633, 5865, 1756, 1745, 159.64, 1
1025, 4117, 1, 0, 4637, 4637, 520, 519, 520.00, 1
1026, 4120, 3, 0, 4638, 4640, 520, 517, 173.33, 1
1027, 4121, 2, 0, 4643, 4644, 523, 521, 261.50, 1
1028, 4130, 1, 0, 4645, 4645, 515, 514, 515.00, 1
1029, 4139, 5, 0, 4650, 5234, 1095, 1090, 219.00, 1
1030, 4141, 7, 0, 4654, 5238, 1097, 1090, 156.71, 1
1031, 4142, 1, 0, 4658, 4658, 516, 515, 516.00, 1
1032, 4148, 3, 0, 4663, 4665, 517, 514, 172.33, 1
1033, 4150, 2, 0, 4666, 4667, 517, 515, 258.50, 1
1034, 4160, 4, 0, 4669, 4672, 512, 508, 128.00, 1
1035, 4163, 5, 0, 4676, 5253, 1090, 1085, 218.00, 1
1036, 4164, 1, 0, 4680, 4680, 516, 515, 516.00, 1
1037, 4167, 2, 0, 4682, 4683, 516, 514, 258.00, 1
1038, 4186, 3, 0, 4684, 4686, 500, 497, 166.67, 1
1039, 4189, 10, 0, 4690, 5923, 1734, 1724, 173.40, 1
1040, 4194, 3, 0, 4695, 4697, 503, 500, 167.67, 1
1041, 4195, 3, 0, 4698, 4700, 505, 502, 168.33, 1
1042, 4207, 8, 0, 4704, 5282, 1075, 1067, 134.38, 1
1043, 4212, 16, 0, 4710, 6649, 2437, 2421, 152.31, 1
1044, 4218, 1, 0, 4718, 4718, 500, 499, 500.00, 1
1045, 4221, 6, 0, 4723, 5297, 1076, 1070, 179.33, 1
1046, 4229, 2, 0, 4732, 4733, 504, 502, 252.00, 1
1047, 4233, 6, 0, 4734, 5309, 1076, 1070, 179.33, 1
1048, 4235, 4, 0, 4738, 4741, 506, 502, 126.50, 1
1049, 4237, 5, 0, 4743, 5316, 1079, 1074, 215.80, 1
1050, 4239, 6, 0, 4747, 5318, 1079, 1073, 179.83, 1
1051, 4242, 2, 0, 4753, 4754, 512, 510, 256.00, 1
1052, 4243, 5, 0, 4755, 5323, 1080, 1075, 216.00, 1
1053, 4245, 4, 0, 4759, 4762, 517, 513, 129.25, 1
1054, 4250, 10, 0, 4767, 5975, 1725, 1715, 172.50, 1
1055, 4256, 6, 0, 4771, 5349, 1093, 1087, 182.17, 1
1056, 4258, 14, 0, 4775, 6704, 2446, 2432, 174.71, 1
1057, 4261, 9, 0, 4783, 6009, 1748, 1739, 194.22, 1
1058, 4262, 1, 0, 4787, 4787, 525, 524, 525.00, 1
1059, 4266, 1, 0, 4790, 4790, 524, 523, 524.00, 1
1060, 4274, 3, 0, 4794, 4796, 522, 519, 174.00, 1
1061, 4276, 9, 0, 4800, 6023, 1747, 1738, 194.11, 1
1062, 4277, 3, 0, 4804, 4806, 529, 526, 176.33, 1
1063, 4280, 2, 0, 4807, 4808, 528, 526, 264.00, 1
1064, 4282, 8, 0, 4809, 5389, 1107, 1099, 138.38, 1
1065, 4286, 3, 0, 4815, 4817, 531, 528, 177.00, 1
1066, 4287, 1, 0, 4822, 4822, 535, 534, 535.00, 1
1067, 4291, 1, 0, 4823, 4823, 532, 531, 532.00, 1
1068, 4303, 3, 0, 4831, 4833, 530, 527, 176.67, 1
1069, 4304, 3, 0, 4834, 4836, 532, 529, 177.33, 1
1070, 4305, 1, 0, 4837, 4837, 532, 531, 532.00, 1
1071, 4307, 5, 0, 4838, 5423, 1116, 1111, 223.20, 1
1072, 4309, 8, 0, 4842, 5427, 1118, 1110, 139.75, 1
1073, 4312, 9, 0, 4850, 6083, 1771, 1762, 196.78, 1
1074, 4314, 1, 0, 4854, 4854, 540, 539, 540.00, 1
1075, 4316, 2, 0, 4857, 4858, 542, 540, 271.00, 1
1076, 4323, 5, 0, 4859, 5441, 1118, 1113, 223.60, 1
1077, 4328, 1, 0, 4864, 4864, 536, 535, 536.00, 1
1078, 4334, 7, 0, 4870, 5460, 1126, 1119, 160.86, 1
1079, 4335, 11, 0, 4874, 6123, 1788, 1777, 162.55, 1
1080, 4340, 1, 0, 4882, 4882, 542, 541, 542.00, 1
1081, 4343, 4, 0, 4885, 4888, 545, 541, 136.25, 1
1082, 4344, 2, 0, 4889, 4890, 546, 544, 273.00, 1
1083, 4347, 6, 0, 4891, 5484, 1137, 1131, 189.50, 1
1084, 4351, 10, 0, 4895, 6151, 1800, 1790, 180.00, 1
1085, 4362, 1, 0, 4905, 4905, 543, 542, 543.00, 1
1086, 4366, 3, 0, 4906, 4908, 542, 539, 180.67, 1
1087, 4369, 3, 0, 4912, 4914, 545, 542, 181.67, 1
1088, 4374, 6, 0, 4915, 5505, 1131, 1125, 188.50, 1
1089, 4380, 5, 0, 4923, 5518, 1138, 1133, 227.60, 1
1090, 4384, 3, 0, 4928, 4930, 546, 543, 182.00, 1
1091, 4385, 4, 0, 4934, 4937, 552, 548, 138.00, 1
1092, 4392, 4, 0, 4942, 4945, 553, 549, 138.25, 1
1093, 4398, 15, 0, 4954, 6920, 2522, 2507, 168.13, 1
1094, 4402, 2, 0, 4958, 4959, 557, 555, 278.50, 1
1095, 4407, 11, 0, 4960, 6213, 1806, 1795, 164.18, 1
1096, 4410, 2, 0, 4964, 4965, 555, 553, 277.50, 1
1097, 4413, 2, 0, 4966, 4967, 554, 552, 277.00, 1
1098, 4415, 9, 0, 4968, 6217, 1802, 1793, 200.22, 1
1099, 4420, 3, 0, 4978, 4980, 560, 557, 186.67, 1
1100, 4423, 5, 0, 4981, 5571, 1148, 1143, 229.60, 1
1101, 4433, 3, 0, 4989, 4991, 558, 555, 186.00, 1
1102, 4434, 5, 0, 4996, 5595, 1161, 1156, 232.20, 1
1103, 4440, 7, 0, 5003, 5602, 1162, 1155, 166.00, 1
1104, 4446, 4, 0, 5007, 5010, 564, 560, 141.00, 1
1105, 4449, 6, 0, 5011, 5614, 1165, 1159, 194.17, 1
1106, 4454, 15, 0, 5015, 7048, 2594, 2579, 172.93, 1
1107, 4457, 1, 0, 5022, 5022, 565, 564, 565.00, 1
1108, 4458, 2, 0, 5023, 5024, 566, 564, 283.00, 1
1109, 4469, 4, 0, 5031, 5034, 565, 561, 141.25, 1
1110, 4475, 7, 0, 5035, 5651, 1176, 1169, 168.00, 1
1111, 4478, 4, 0, 5042, 5045, 567, 563, 141.75, 1
1112, 4480, 3, 0, 5046, 5048, 568, 565, 189.33, 1
1113, 4489, 4, 0, 5053, 5056, 567, 563, 141.75, 1
1114, 4492, 1, 0, 5057, 5057, 565, 564, 565.00, 1
1115, 4495, 2, 0, 5058, 5059, 564, 562, 282.00, 1
1116, 4497, 7, 0, 5060, 5669, 1172, 1165, 167.43, 1
1117, 4498, 11, 0, 5065, 6354, 1856, 1845, 168.73, 1
1118, 4502, 5, 0, 5071, 5684, 1182, 1177, 236.40, 1
1119, 4512, 2, 0, 5079, 5080, 568, 566, 284.00, 1
1120, 4517, 11, 0, 5081, 6366, 1849, 1838, 168.09, 1
1121, 4520, 5, 0, 5085, 5705, 1185, 1180, 237.00, 1
1122, 4521, 1, 0, 5092, 5092, 571, 570, 571.00, 1
1123, 4528, 7, 0, 5097, 5721, 1193, 1186, 170.43, 1
1124, 4532, 3, 0, 5105, 5107, 575, 572, 191.67, 1
1125, 4540, 3, 0, 5113, 5115, 575, 572, 191.67, 1
1126, 4541, 2, 0, 5116, 5117, 576, 574, 288.00, 1
1127, 4546, 1, 0, 5119, 5119, 573, 572, 573.00, 1
1128, 4549, 1, 0, 5124, 5124, 575, 574, 575.00, 1
1129, 4554, 1, 0, 5129, 5129, 575, 574, 575.00, 1
1130, 4555, 5, 0, 5130, 5764, 1209, 1204, 241.80, 1
1131, 4563, 9, 0, 5135, 6437, 1874, 1865, 208.22, 1
1132, 4570, 3, 0, 5143, 5145, 575, 572, 191.67, 1
1133, 4572, 1, 0, 5146, 5146, 574, 573, 574.00, 1
1134, 4573, 5, 0, 5147, 5784, 1211, 1206, 242.20, 1
1135, 4574, 4, 0, 5151, 5154, 580, 576, 145.00, 1
1136, 4575, 15, 0, 5155, 7230, 2655, 2640, 177.00, 1
1137, 4576, 4, 0, 5159, 5162, 586, 582, 146.50, 1
1138, 4577, 9, 0, 5163, 6479, 1902, 1893, 211.33, 1
1139, 4581, 5, 0, 5167, 5807, 1226, 1221, 245.20, 1
1140, 4584, 17, 0, 5171, 8130, 3546, 3529, 208.59, 1
1141, 4587, 2, 0, 5179, 5180, 593, 591, 296.50, 1
1142, 4592, 1, 0, 5181, 5181, 589, 588, 589.00, 1
1143, 4598, 2, 0, 5182, 5183, 585, 583, 292.50, 1
1144, 4603, 4, 0, 5188, 5191, 588, 584, 147.00, 1
1145, 4608, 2, 0, 5192, 5193, 585, 583, 292.50, 1
1146, 4611, 3, 0, 5194, 5196, 585, 582, 195.00, 1
1147, 4613, 2, 0, 5197, 5198, 585, 583, 292.50, 1
1148, 4616, 1, 0, 5203, 5203, 587, 586, 587.00, 1
1149, 4618, 3, 0, 5204, 5206, 588, 585, 196.00, 1
1150, 4630, 7, 0, 5211, 5854, 1224, 1217, 174.86, 1
1151, 4635, 2, 0, 5215, 5216, 581, 579, 290.50, 1
1152, 4639, 11, 0, 5221, 6573, 1934, 1923, 175.82, 1
1153, 4640, 2, 0, 5225, 5226, 586, 584, 293.00, 1
1154, 4645, 5, 0, 5227, 5878, 1233, 1228, 246.60, 1
1155, 4656, 1, 0, 5235, 5235, 579, 578, 579.00, 1
1156, 4663, 3, 0, 5239, 5241, 578, 575, 192.67, 1
1157, 4668, 3, 0, 5242, 5244, 576, 573, 192.00, 1
1158, 4669, 4, 0, 5245, 5248, 579, 575, 144.75, 1
1159, 4674, 1, 0, 5249, 5249, 575, 574, 575.00, 1
1160, 4677, 3, 0, 5250, 5252, 575, 572, 191.67, 1
1161, 4681, 4, 0, 5254, 5257, 576, 572, 144.00, 1
1162, 4684, 7, 0, 5258, 5910, 1226, 1219, 175.14, 1
1163, 4691, 8, 0, 5262, 5918, 1227, 1219, 153.38, 1
1164, 4694, 3, 0, 5270, 5272, 578, 575, 192.67, 1
1165, 4699, 2, 0, 5273, 5274, 575, 573, 287.50, 1
1166, 4702, 3, 0, 5275, 5277, 575, 572, 191.67, 1
1167, 4704, 1, 0, 5278, 5278, 574, 573, 574.00, 1
1168, 4713, 2, 0, 5283, 5284, 571, 569, 285.50, 1
1169, 4723, 5, 0, 5289, 5939, 1216, 1211, 243.20, 1
1170, 4724, 3, 0, 5293, 5295, 571, 568, 190.33, 1
1171, 4730, 4, 0, 5298, 5301, 571, 567, 142.75, 1
1172, 4737, 2, 0, 5306, 5307, 570, 568, 285.00, 1
1173, 4742, 13, 0, 5310, 7434, 2692, 2679, 207.08, 1
1174, 4744, 2, 0, 5314, 5315, 571, 569, 285.50, 1
1175, 4752, 2, 0, 5319, 5320, 568, 566, 284.00, 1
1176, 4755, 2, 0, 5321, 5322, 567, 565, 283.50, 1
1177, 4768, 10, 0, 5325, 6685, 1917, 1907, 191.70, 1
1178, 4769, 3, 0, 5329, 5331, 562, 559, 187.33, 1
1179, 4771, 4, 0, 5336, 5339, 568, 564, 142.00, 1
1180, 4772, 5, 0, 5340, 5978, 1206, 1201, 241.20, 1
1181, 4773, 4, 0, 5344, 5347, 574, 570, 143.50, 1
1182, 4775, 7, 0, 5350, 5986, 1211, 1204, 173.00, 1
1183, 4776, 4, 0, 5354, 5357, 581, 577, 145.25, 1
1184, 4778, 6, 0, 5358, 5993, 1215, 1209, 202.50, 1
1185, 4793, 1, 0, 5374, 5374, 581, 580, 581.00, 1
1186, 4796, 3, 0, 5375, 5377, 581, 578, 193.67, 1
1187, 4798, 1, 0, 5378, 5378, 580, 579, 580.00, 1
1188, 4806, 2, 0, 5383, 5384, 578, 576, 289.00, 1
1189, 4807, 1, 0, 5385, 5385, 578, 577, 578.00, 1
1190, 4814, 2, 0, 5390, 5391, 577, 575, 288.50, 1
1191, 4816, 1, 0, 5392, 5392, 576, 575, 576.00, 1
1192, 4820, 6, 0, 5393, 6032, 1212, 1206, 202.00, 1
1193, 4821, 5, 0, 5397, 6037, 1216, 1211, 243.20, 1
1194, 4823, 17, 0, 5405, 8466, 3643, 3626, 214.29, 1
1195, 4824, 9, 0, 5409, 6775, 1951, 1942, 216.78, 1
1196, 4829, 11, 0, 5413, 6779, 1950, 1939, 177.27, 1
1197, 4833, 8, 0, 5417, 6072, 1239, 1231, 154.88, 1
1198, 4835, 2, 0, 5421, 5422, 587, 585, 293.50, 1
1199, 4846, 5, 0, 5428, 6078, 1232, 1227, 246.40, 1
1200, 4856, 6, 0, 5437, 6089, 1233, 1227, 205.50, 1
1201, 4867, 2, 0, 5442, 5443, 576, 574, 288.00, 1
1202, 4869, 1, 0, 5444, 5444, 575, 574, 575.00, 1
1203, 4870, 7, 0, 5449, 6105, 1235, 1228, 176.43, 1
1204, 4871, 7, 0, 5453, 6110, 1239, 1232, 177.00, 1
1205, 4873, 1, 0, 5457, 5457, 584, 583, 584.00, 1
1206, 4874, 9, 0, 5461, 6816, 1942, 1933, 215.78, 1
1207, 4880, 5, 0, 5469, 6124, 1244, 1239, 248.80, 1
1208, 4881, 7, 0, 5473, 6127, 1246, 1239, 178.00, 1
1209, 4889, 2, 0, 5481, 5482, 593, 591, 296.50, 1
1210, 4898, 12, 0, 5485, 6862, 1964, 1952, 163.67, 1
1211, 4900, 1, 0, 5493, 5493, 593, 592, 593.00, 1
1212, 4901, 2, 0, 5494, 5495, 594, 592, 297.00, 1
1213, 4906, 1, 0, 5500, 5500, 594, 593, 594.00, 1
1214, 4910, 1, 0, 5501, 5501, 591, 590, 591.00, 1
1215, 4917, 2, 0, 5502, 5503, 586, 584, 293.00, 1
1216, 4923, 5, 0, 5510, 6169, 1246, 1241, 249.20, 1
1217, 4925, 11, 0, 5514, 6886, 1961, 1950, 178.27, 1
1218, 4928, 2, 0, 5519, 5520, 592, 590, 296.00, 1
1219, 4930, 2, 0, 5521, 5522, 592, 590, 296.00, 1
1220, 4933, 5, 0, 5523, 6183, 1250, 1245, 250.00, 1
1221, 4936, 1, 0, 5527, 5527, 591, 590, 591.00, 1
1222, 4940, 1, 0, 5528, 5528, 588, 587, 588.00, 1
1223, 4953, 1, 0, 5531, 5531, 578, 577, 578.00, 1
1224, 4954, 2, 0, 5536, 5537, 583, 581, 291.50, 1
1225, 4955, 1, 0, 5538, 5538, 583, 582, 583.00, 1
1226, 4958, 4, 0, 5543, 5546, 588, 584, 147.00, 1
1227, 4968, 1, 0, 5551, 5551, 583, 582, 583.00, 1
1228, 4970, 5, 0, 5552, 6214, 1244, 1239, 248.80, 1
1229, 4972, 4, 0, 5560, 5563, 591, 587, 147.75, 1
1230, 4980, 8, 0, 5566, 6228, 1248, 1240, 156.00, 1
1231, 4982, 1, 0, 5570, 5570, 588, 587, 588.00, 1
1232, 4985, 3, 0, 5572, 5574, 589, 586, 196.33, 1
1233, 4987, 7, 0, 5575, 6233, 1246, 1239, 178.00, 1
1234, 4988, 1, 0, 5579, 5579, 591, 590, 591.00, 1
1235, 4990, 3, 0, 5584, 5586, 596, 593, 198.67, 1
1236, 4994, 16, 0, 5587, 7730, 2736, 2720, 171.00, 1
1237, 5006, 11, 0, 5596, 6982, 1976, 1965, 179.64, 1
1238, 5010, 29, 0, 5603, 13246, 8236, 8207, 284.00, 1
1239, 5011, 2, 0, 5607, 5608, 597, 595, 298.50, 1
1240, 5014, 7, 0, 5609, 6292, 1278, 1271, 182.57, 1
1241, 5016, 3, 0, 5615, 5617, 601, 598, 200.33, 1
1242, 5018, 1, 0, 5618, 5618, 600, 599, 600.00, 1
1243, 5022, 2, 0, 5623, 5624, 602, 600, 301.00, 1
1244, 5030, 6, 0, 5625, 6305, 1275, 1269, 212.50, 1
1245, 5031, 6, 0, 5633, 6312, 1281, 1275, 213.50, 1
1246, 5032, 7, 0, 5637, 6315, 1283, 1276, 183.29, 1
1247, 5033, 4, 0, 5641, 5644, 611, 607, 152.75, 1
1248, 5036, 4, 0, 5645, 5648, 612, 608, 153.00, 1
1249, 5039, 4, 0, 5652, 5655, 616, 612, 154.00, 1
1250, 5047, 6, 0, 5656, 6336, 1289, 1283, 214.83, 1
1251, 5053, 3, 0, 5660, 5662, 609, 606, 203.00, 1
1252, 5060, 9, 0, 5663, 7109, 2049, 2040, 227.67, 1
1253, 5064, 3, 0, 5670, 5672, 608, 605, 202.67, 1
1254, 5068, 4, 0, 5673, 5676, 608, 604, 152.00, 1
1255, 5071, 3, 0, 5681, 5683, 612, 609, 204.00, 1
1256, 5076, 3, 0, 5685, 5687, 611, 608, 203.67, 1
1257, 5077, 7, 0, 5688, 6357, 1280, 1273, 182.86, 1
1258, 5079, 1, 0, 5692, 5692, 613, 612, 613.00, 1
1259, 5082, 9, 0, 5693, 7127, 2045, 2036, 227.22, 1
1260, 5087, 6, 0, 5701, 6376, 1289, 1283, 214.83, 1
1261, 5091, 1, 0, 5706, 5706, 615, 614, 615.00, 1
1262, 5096, 16, 0, 5707, 8003, 2907, 2891, 181.69, 1
1263, 5097, 5, 0, 5715, 6381, 1284, 1279, 256.80, 1
1264, 5103, 15, 0, 5722, 8018, 2915, 2900, 194.33, 1
1265, 5112, 3, 0, 5730, 5732, 620, 617, 206.67, 1
1266, 5113, 9, 0, 5733, 7164, 2051, 2042, 227.89, 1
1267, 5114, 8, 0, 5737, 6406, 1292, 1284, 161.50, 1
1268, 5116, 4, 0, 5741, 5744, 628, 624, 157.00, 1
1269, 5118, 7, 0, 5745, 6411, 1293, 1286, 184.71, 1
1270, 5120, 8, 0, 5749, 6425, 1305, 1297, 163.12, 1
1271, 5132, 5, 0, 5756, 6430, 1298, 1293, 259.60, 1
1272, 5133, 6, 0, 5760, 6432, 1299, 1293, 216.50, 1
1273, 5139, 3, 0, 5769, 5771, 632, 629, 210.67, 1
1274, 5143, 3, 0, 5776, 5778, 635, 632, 211.67, 1
1275, 5145, 14, 0, 5779, 8091, 2946, 2932, 210.43, 1
1276, 5146, 1, 0, 5783, 5783, 637, 636, 637.00, 1
1277, 5155, 5, 0, 5785, 6461, 1306, 1301, 261.20, 1
1278, 5159, 2, 0, 5793, 5794, 635, 633, 317.50, 1
1279, 5163, 6, 0, 5795, 6474, 1311, 1305, 218.50, 1
1280, 5165, 9, 0, 5799, 7235, 2070, 2061, 230.00, 1
1281, 5174, 4, 0, 5808, 5811, 637, 633, 159.25, 1
1282, 5175, 22, 0, 5816, 10649, 5474, 5452, 248.82, 1
1283, 5187, 1, 0, 5824, 5824, 637, 636, 637.00, 1
1284, 5192, 1, 0, 5826, 5826, 634, 633, 634.00, 1
1285, 5195, 4, 0, 5827, 5830, 635, 631, 158.75, 1
1286, 5197, 1, 0, 5831, 5831, 634, 633, 634.00, 1
1287, 5201, 1, 0, 5832, 5832, 631, 630, 631.00, 1
1288, 5204, 22, 0, 5837, 10687, 5483, 5461, 249.23, 1
1289, 5205, 3, 0, 5841, 5843, 638, 635, 212.67, 1
1290, 5207, 16, 0, 5844, 8176, 2969, 2953, 185.56, 1
1291, 5211, 3, 0, 5849, 5851, 640, 637, 213.33, 1
1292, 5216, 6, 0, 5855, 6546, 1330, 1324, 221.67, 1
1293, 5218, 11, 0, 5859, 7306, 2088, 2077, 189.82, 1
1294, 5222, 5, 0, 5866, 6564, 1342, 1337, 268.40, 1
1295, 5224, 8, 0, 5870, 6568, 1344, 1336, 168.00, 1
1296, 5232, 3, 0, 5879, 5881, 649, 646, 216.33, 1
1297, 5236, 6, 0, 5882, 6586, 1350, 1344, 225.00, 1
1298, 5242, 1, 0, 5886, 5886, 644, 643, 644.00, 1
1299, 5244, 5, 0, 5887, 6589, 1345, 1340, 269.00, 1
1300, 5251, 13, 0, 5891, 8212, 2961, 2948, 227.77, 1
1301, 5255, 7, 0, 5895, 6601, 1346, 1339, 192.29, 1
1302, 5259, 7, 0, 5899, 6614, 1355, 1348, 193.57, 1
1303, 5260, 1, 0, 5903, 5903, 643, 642, 643.00, 1
1304, 5261, 6, 0, 5904, 6616, 1355, 1349, 225.83, 1
1305, 5262, 12, 0, 5911, 7365, 2103, 2091, 175.25, 1
1306, 5268, 2, 0, 5919, 5920, 652, 650, 326.00, 1
1307, 5269, 1, 0, 5921, 5921, 652, 651, 652.00, 1
1308, 5272, 1, 0, 5924, 5924, 652, 651, 652.00, 1
1309, 5278, 3, 0, 5925, 5927, 649, 646, 216.33, 1
1310, 5282, 3, 0, 5928, 5930, 648, 645, 216.00, 1
1311, 5289, 5, 0, 5935, 6650, 1361, 1356, 272.20, 1
1312, 5296, 9, 0, 5940, 7407, 2111, 2102, 234.56, 1
1313, 5298, 13, 0, 5944, 8338, 3040, 3027, 233.85, 1
1314, 5304, 1, 0, 5948, 5948, 644, 643, 644.00, 1
1315, 5308, 3, 0, 5953, 5955, 647, 644, 215.67, 1
1316, 5309, 4, 0, 5956, 5959, 650, 646, 162.50, 1
1317, 5311, 1, 0, 5960, 5960, 649, 648, 649.00, 1
1318, 5319, 6, 0, 5965, 6683, 1364, 1358, 227.33, 1
1319, 5335, 1, 0, 5973, 5973, 638, 637, 638.00, 1
1320, 5342, 2, 0, 5976, 5977, 635, 633, 317.50, 1
1321, 5345, 6, 0, 5979, 6699, 1354, 1348, 225.67, 1
1322, 5348, 1, 0, 5983, 5983, 635, 634, 635.00, 1
1323, 5356, 1, 0, 5987, 5987, 631, 630, 631.00, 1
1324, 5361, 4, 0, 5988, 5991, 630, 626, 157.50, 1
1325, 5362, 3, 0, 5994, 5996, 634, 631, 211.33, 1
1326, 5368, 8, 0, 6001, 6712, 1344, 1336, 168.00, 1
1327, 5373, 3, 0, 6006, 6008, 635, 632, 211.67, 1
1328, 5376, 5, 0, 6010, 6719, 1343, 1338, 268.60, 1
1329, 5377, 3, 0, 6014, 6016, 639, 636, 213.00, 1
1330, 5378, 4, 0, 6017, 6020, 642, 638, 160.50, 1
1331, 5381, 2, 0, 6021, 6022, 641, 639, 320.50, 1
1332, 5387, 2, 0, 6024, 6025, 638, 636, 319.00, 1
1333, 5391, 1, 0, 6026, 6026, 635, 634, 635.00, 1
1334, 5394, 15, 0, 6027, 8417, 3023, 3008, 201.53, 1
1335, 5398, 14, 0, 6033, 8441, 3043, 3029, 217.36, 1
1336, 5409, 4, 0, 6044, 6047, 638, 634, 159.50, 1
1337, 5410, 4, 0, 6048, 6051, 641, 637, 160.25, 1
1338, 5413, 3, 0, 6056, 6058, 645, 642, 215.00, 1
1339, 5418, 5, 0, 6063, 6781, 1363, 1358, 272.60, 1
1340, 5420, 2, 0, 6067, 6068, 648, 646, 324.00, 1
1341, 5421, 5, 0, 6073, 6793, 1372, 1367, 274.40, 1
1342, 5422, 1, 0, 6077, 6077, 655, 654, 655.00, 1
1343, 5434, 13, 0, 6079, 8534, 3100, 3087, 238.46, 1
1344, 5438, 4, 0, 6084, 6087, 649, 645, 162.25, 1
1345, 5441, 4, 0, 6090, 6093, 652, 648, 163.00, 1
1346, 5444, 6, 0, 6094, 6815, 1371, 1365, 228.50, 1
1347, 5449, 2, 0, 6099, 6100, 651, 649, 325.50, 1
1348, 5450, 2, 0, 6101, 6102, 652, 650, 326.00, 1
1349, 5456, 2, 0, 6106, 6107, 651, 649, 325.50, 1
1350, 5465, 2, 0, 6115, 6116, 651, 649, 325.50, 1
1351, 5467, 6, 0, 6117, 6818, 1351, 1345, 225.17, 1
1352, 5482, 1, 0, 6132, 6132, 650, 649, 650.00, 1
1353, 5485, 2, 0, 6133, 6134, 649, 647, 324.50, 1
1354, 5486, 3, 0, 6135, 6137, 651, 648, 217.00, 1
1355, 5487, 25, 0, 6138, 12828, 7341, 7316, 293.64, 1
1356, 5490, 2, 0, 6146, 6147, 657, 655, 328.50, 1
1357, 5492, 2, 0, 6148, 6149, 657, 655, 328.50, 1
1358, 5499, 5, 0, 6152, 6867, 1368, 1363, 273.60, 1
1359, 5501, 2, 0, 6159, 6160, 659, 657, 329.50, 1
1360, 5505, 1, 0, 6161, 6161, 656, 655, 656.00, 1
1361, 5510, 3, 0, 6165, 6167, 657, 654, 219.00, 1
1362, 5513, 1, 0, 6168, 6168, 655, 654, 655.00, 1
1363, 5514, 6, 0, 6170, 6879, 1365, 1359, 227.50, 1
1364, 5520, 3, 0, 6178, 6180, 660, 657, 220.00, 1
1365, 5521, 2, 0, 6181, 6182, 661, 659, 330.50, 1
1366, 5532, 10, 0, 6184, 7688, 2156, 2146, 215.60, 1
1367, 5533, 8, 0, 6188, 6904, 1371, 1363, 171.38, 1
1368, 5539, 5, 0, 6194, 6909, 1370, 1365, 274.00, 1
1369, 5541, 1, 0, 6198, 6198, 657, 656, 657.00, 1
1370, 5545, 6, 0, 6203, 6922, 1377, 1371, 229.50, 1
1371, 5548, 4, 0, 6207, 6210, 662, 658, 165.50, 1
1372, 5557, 2, 0, 6215, 6216, 659, 657, 329.50, 1
1373, 5560, 2, 0, 6218, 6219, 659, 657, 329.50, 1
1374, 5562, 1, 0, 6220, 6220, 658, 657, 658.00, 1
1375, 5567, 5, 0, 6221, 6929, 1362, 1357, 272.40, 1
1376, 5574, 2, 0, 6229, 6230, 656, 654, 328.00, 1
1377, 5579, 1, 0, 6234, 6234, 655, 654, 655.00, 1
1378, 5580, 1, 0, 6235, 6235, 655, 654, 655.00, 1
1379, 5581, 8, 0, 6236, 6950, 1369, 1361, 171.12, 1
1380, 5590, 5, 0, 6244, 6958, 1368, 1363, 273.60, 1
1381, 5592, 7, 0, 6252, 6975, 1383, 1376, 197.57, 1
1382, 5596, 1, 0, 6260, 6260, 664, 663, 664.00, 1
1383, 5600, 21, 0, 6265, 11521, 5921, 5900, 281.95, 1
1384, 5602, 4, 0, 6269, 6272, 670, 666, 167.50, 1
1385, 5603, 12, 0, 6273, 7784, 2181, 2169, 181.75, 1
1386, 5606, 11, 0, 6277, 7787, 2181, 2170, 198.27, 1
1387, 5610, 1, 0, 6285, 6285, 675, 674, 675.00, 1
1388, 5612, 15, 0, 6286, 8825, 3213, 3198, 214.20, 1
1389, 5613, 1, 0, 6293, 6293, 680, 679, 680.00, 1
1390, 5615, 3, 0, 6294, 6296, 681, 678, 227.00, 1
1391, 5617, 3, 0, 6297, 6299, 682, 679, 227.33, 1
1392, 5635, 1, 0, 6310, 6310, 675, 674, 675.00, 1
1393, 5643, 12, 0, 6316, 7867, 2224, 2212, 185.33, 1
1394, 5645, 1, 0, 6320, 6320, 675, 674, 675.00, 1
1395, 5646, 19, 0, 6321, 10305, 4659, 4640, 245.21, 1
1396, 5649, 3, 0, 6325, 6327, 678, 675, 226.00, 1
1397, 5655, 3, 0, 6328, 6330, 675, 672, 225.00, 1
1398, 5659, 6, 0, 6331, 7093, 1434, 1428, 239.00, 1
1399, 5663, 9, 0, 6337, 7923, 2260, 2251, 251.11, 1
1400, 5664, 2, 0, 6341, 6342, 678, 676, 339.00, 1
1401, 5673, 3, 0, 6347, 6349, 676, 673, 225.33, 1
1402, 5680, 2, 0, 6350, 6351, 671, 669, 335.50, 1
1403, 5700, 2, 0, 6362, 6363, 663, 661, 331.50, 1
1404, 5701, 16, 0, 6367, 9113, 3412, 3396, 213.25, 1
1405, 5704, 4, 0, 6371, 6374, 670, 666, 167.50, 1
1406, 5723, 1, 0, 6382, 6382, 659, 658, 659.00, 1
1407, 5725, 6, 0, 6383, 7154, 1429, 1423, 238.17, 1
1408, 5732, 2, 0, 6391, 6392, 660, 658, 330.00, 1
1409, 5733, 2, 0, 6393, 6394, 661, 659, 330.50, 1
1410, 5738, 1, 0, 6399, 6399, 661, 660, 661.00, 1
1411, 5740, 3, 0, 6400, 6402, 662, 659, 220.67, 1
1412, 5742, 2, 0, 6407, 6408, 666, 664, 333.00, 1
1413, 5750, 4, 0, 6412, 6415, 665, 661, 166.25, 1
1414, 5751, 2, 0, 6416, 6417, 666, 664, 333.00, 1
1415, 5752, 7, 0, 6418, 7184, 1432, 1425, 204.57, 1
1416, 5756, 4, 0, 6426, 6429, 673, 669, 168.25, 1
1417, 5766, 5, 0, 6433, 7197, 1431, 1426, 286.20, 1
1418, 5769, 7, 0, 6438, 7200, 1431, 1424, 204.43, 1
1419, 5773, 3, 0, 6442, 6444, 671, 668, 223.67, 1
1420, 5780, 4, 0, 6449, 6452, 672, 668, 168.00, 1
1421, 5783, 4, 0, 6457, 6460, 677, 673, 169.25, 1
1422, 5789, 4, 0, 6462, 6465, 676, 672, 169.00, 1
1423, 5797, 3, 0, 6470, 6472, 675, 672, 225.00, 1
1424, 5807, 3, 0, 6480, 6482, 675, 672, 225.00, 1
1425, 5808, 1, 0, 6483, 6483, 675, 674, 675.00, 1
1426, 5809, 4, 0, 6484, 6487, 678, 674, 169.50, 1
1427, 5810, 7, 0, 6488, 7243, 1433, 1426, 204.71, 1
1428, 5818, 4, 0, 6496, 6499, 681, 677, 170.25, 1
1429, 5826, 11, 0, 6504, 8141, 2315, 2304, 210.45, 1
1430, 5837, 4, 0, 6512, 6515, 678, 674, 169.50, 1
1431, 5838, 5, 0, 6516, 7269, 1431, 1426, 286.20, 1
1432, 5844, 7, 0, 6524, 7280, 1436, 1429, 205.14, 1
1433, 5852, 4, 0, 6532, 6535, 683, 679, 170.75, 1
1434, 5854, 1, 0, 6536, 6536, 682, 681, 682.00, 1
1435, 5855, 4, 0, 6537, 6540, 685, 681, 171.25, 1
1436, 5858, 5, 0, 6541, 7295, 1437, 1432, 287.40, 1
1437, 5861, 4, 0, 6547, 6550, 689, 685, 172.25, 1
1438, 5863, 1, 0, 6555, 6555, 692, 691, 692.00, 1
1439, 5865, 2, 0, 6556, 6557, 692, 690, 346.00, 1
1440, 5867, 6, 0, 6558, 7312, 1445, 1439, 240.83, 1
1441, 5869, 2, 0, 6562, 6563, 694, 692, 347.00, 1
1442, 5875, 2, 0, 6569, 6570, 695, 693, 347.50, 1
1443, 5879, 6, 0, 6574, 7322, 1443, 1437, 240.50, 1
1444, 5880, 11, 0, 6578, 8206, 2326, 2315, 211.45, 1
1445, 5883, 3, 0, 6582, 6584, 701, 698, 233.67, 1
1446, 5889, 2, 0, 6587, 6588, 699, 697, 349.50, 1
1447, 5892, 1, 0, 6590, 6590, 698, 697, 698.00, 1
1448, 5896, 4, 0, 6595, 6598, 702, 698, 175.50, 1
1449, 5899, 6, 0, 6602, 7347, 1448, 1442, 241.33, 1
1450, 5900, 9, 0, 6606, 8225, 2325, 2316, 258.33, 1
1451, 5901, 2, 0, 6610, 6611, 710, 708, 355.00, 1
1452, 5908, 8, 0, 6617, 7358, 1450, 1442, 181.25, 1
1453, 5909, 7, 0, 6621, 7361, 1452, 1445, 207.43, 1
1454, 5914, 1, 0, 6625, 6625, 711, 710, 711.00, 1
1455, 5918, 3, 0, 6630, 6632, 714, 711, 238.00, 1
1456, 5925, 6, 0, 6633, 7375, 1450, 1444, 241.67, 1
1457, 5926, 1, 0, 6637, 6637, 711, 710, 711.00, 1
1458, 5927, 25, 0, 6638, 14089, 8162, 8137, 326.48, 1
1459, 5933, 4, 0, 6642, 6645, 712, 708, 178.00, 1
1460, 5941, 7, 0, 6651, 7400, 1459, 1452, 208.43, 1
1461, 5942, 2, 0, 6655, 6656, 714, 712, 357.00, 1
1462, 5944, 9, 0, 6661, 8324, 2380, 2371, 264.44, 1
1463, 5945, 3, 0, 6665, 6667, 722, 719, 240.67, 1
1464, 5948, 2, 0, 6672, 6673, 725, 723, 362.50, 1
1465, 5956, 6, 0, 6674, 7429, 1473, 1467, 245.50, 1
1466, 5976, 4, 0, 6686, 6689, 713, 709, 178.25, 1
1467, 5978, 8, 0, 6690, 7446, 1468, 1460, 183.50, 1
1468, 5982, 9, 0, 6694, 8371, 2389, 2380, 265.44, 1
1469, 5992, 1, 0, 6700, 6700, 708, 707, 708.00, 1
1470, 5998, 2, 0, 6701, 6702, 704, 702, 352.00, 1
1471, 6002, 5, 0, 6705, 7456, 1454, 1449, 290.80, 1
1472, 6008, 7, 0, 6713, 7460, 1452, 1445, 207.43, 1
1473, 6010, 2, 0, 6717, 6718, 708, 706, 354.00, 1
1474, 6015, 13, 0, 6720, 9612, 3597, 3584, 276.69, 1
1475, 6017, 7, 0, 6724, 7469, 1452, 1445, 207.43, 1
1476, 6021, 4, 0, 6728, 6731, 710, 706, 177.50, 1
1477, 6028, 2, 0, 6732, 6733, 705, 703, 352.50, 1
1478, 6030, 11, 0, 6734, 8405, 2375, 2364, 215.91, 1
1479, 6034, 9, 0, 6742, 8434, 2400, 2391, 266.67, 1
1480, 6037, 16, 0, 6750, 9696, 3659, 3643, 228.69, 1
1481, 6038, 1, 0, 6754, 6754, 716, 715, 716.00, 1
1482, 6040, 14, 0, 6755, 9716, 3676, 3662, 262.57, 1
1483, 6045, 6, 0, 6763, 7536, 1491, 1485, 248.50, 1
1484, 6052, 9, 0, 6767, 8488, 2436, 2427, 270.67, 1
1485, 6055, 7, 0, 6771, 7556, 1501, 1494, 214.43, 1
1486, 6061, 1, 0, 6776, 6776, 715, 714, 715.00, 1
1487, 6065, 1, 0, 6780, 6780, 715, 714, 715.00, 1
1488, 6071, 4, 0, 6782, 6785, 714, 710, 178.50, 1
1489, 6072, 3, 0, 6786, 6788, 716, 713, 238.67, 1
1490, 6075, 9, 0, 6789, 8529, 2454, 2445, 272.67, 1
1491, 6080, 1, 0, 6794, 6794, 714, 713, 714.00, 1
1492, 6083, 8, 0, 6799, 7580, 1497, 1489, 187.12, 1
1493, 6085, 3, 0, 6803, 6805, 720, 717, 240.00, 1
1494, 6093, 5, 0, 6806, 7581, 1488, 1483, 297.60, 1
1495, 6096, 4, 0, 6810, 6813, 717, 713, 179.25, 1
1496, 6121, 4, 0, 6819, 6822, 701, 697, 175.25, 1
1497, 6122, 4, 0, 6823, 6826, 704, 700, 176.00, 1
1498, 6123, 1, 0, 6827, 6827, 704, 703, 704.00, 1
1499, 6128, 9, 0, 6828, 8551, 2423, 2414, 269.22, 1
1500, 6132, 1, 0, 6832, 6832, 700, 699, 700.00, 1
1501, 6136, 9, 0, 6833, 8554, 2418, 2409, 268.67, 1
1502, 6137, 8, 0, 6837, 7606, 1469, 1461, 183.62, 1
1503, 6138, 1, 0, 6841, 6841, 703, 702, 703.00, 1
1504, 6140, 2, 0, 6842, 6843, 703, 701, 351.50, 1
1505, 6141, 2, 0, 6844, 6845, 704, 702, 352.00, 1
1506, 6142, 3, 0, 6850, 6852, 710, 707, 236.67, 1
1507, 6143, 5, 0, 6853, 7628, 1485, 1480, 297.00, 1
1508, 6144, 1, 0, 6857, 6857, 713, 712, 713.00, 1
1509, 6145, 1, 0, 6858, 6858, 713, 712, 713.00, 1
1510, 6150, 7, 0, 6863, 7644, 1494, 1487, 213.43, 1
1511, 6161, 11, 0, 6868, 8607, 2446, 2435, 222.36, 1
1512, 6166, 4, 0, 6872, 6875, 709, 705, 177.25, 1
1513, 6173, 2, 0, 6876, 6877, 704, 702, 352.00, 1
1514, 6177, 13, 0, 6880, 9917, 3740, 3727, 287.69, 1
1515, 6182, 1, 0, 6887, 6887, 705, 704, 705.00, 1
1516, 6183, 6, 0, 6888, 7675, 1492, 1486, 248.67, 1
1517, 6185, 1, 0, 6892, 6892, 707, 706, 707.00, 1
1518, 6186, 18, 0, 6893, 11373, 5187, 5169, 288.17, 1
1519, 6197, 26, 0, 6905, 14852, 8655, 8629, 332.88, 1
1520, 6198, 6, 0, 6910, 7701, 1503, 1497, 250.50, 1
1521, 6199, 5, 0, 6914, 7703, 1504, 1499, 300.80, 1
1522, 6209, 6, 0, 6923, 7708, 1499, 1493, 249.83, 1
1523, 6220, 2, 0, 6927, 6928, 708, 706, 354.00, 1
1524, 6225, 11, 0, 6930, 8688, 2463, 2452, 223.91, 1
1525, 6227, 1, 0, 6934, 6934, 707, 706, 707.00, 1
1526, 6229, 5, 0, 6935, 7713, 1484, 1479, 296.80, 1
1527, 6232, 5, 0, 6939, 7722, 1490, 1485, 298.00, 1
1528, 6239, 4, 0, 6943, 6946, 707, 703, 176.75, 1
1529, 6240, 1, 0, 6951, 6951, 711, 710, 711.00, 1
1530, 6242, 1, 0, 6952, 6952, 710, 709, 710.00, 1
1531, 6245, 2, 0, 6956, 6957, 712, 710, 356.00, 1
1532, 6248, 2, 0, 6959, 6960, 712, 710, 356.00, 1
1533, 6252, 8, 0, 6965, 7740, 1488, 1480, 186.00, 1
1534, 6255, 4, 0, 6969, 6972, 717, 713, 179.25, 1
1535, 6274, 9, 0, 6987, 8766, 2492, 2483, 276.89, 1
1536, 6277, 4, 0, 6995, 6998, 721, 717, 180.25, 1
1537, 6282, 3, 0, 7003, 7005, 723, 720, 241.00, 1
1538, 6283, 1, 0, 7006, 7006, 723, 722, 723.00, 1
1539, 6284, 14, 0, 7007, 10151, 3867, 3853, 276.21, 1
1540, 6286, 5, 0, 7015, 7798, 1512, 1507, 302.40, 1
1541, 6288, 13, 0, 7019, 10168, 3880, 3867, 298.46, 1
1542, 6290, 1, 0, 7027, 7027, 737, 736, 737.00, 1
1543, 6291, 13, 0, 7028, 10198, 3907, 3894, 300.54, 1
1544, 6293, 12, 0, 7032, 8863, 2570, 2558, 214.17, 1
1545, 6295, 5, 0, 7036, 7836, 1541, 1536, 308.20, 1
1546, 6297, 3, 0, 7040, 7042, 745, 742, 248.33, 1
1547, 6302, 1, 0, 7043, 7043, 741, 740, 741.00, 1
1548, 6303, 2, 0, 7044, 7045, 742, 740, 371.00, 1
1549, 6305, 7, 0, 7049, 7846, 1541, 1534, 220.14, 1
1550, 6306, 3, 0, 7053, 7055, 749, 746, 249.67, 1
1551, 6309, 5, 0, 7056, 7853, 1544, 1539, 308.80, 1
1552, 6312, 4, 0, 7061, 7064, 752, 748, 188.00, 1
1553, 6314, 1, 0, 7065, 7065, 751, 750, 751.00, 1
1554, 6318, 2, 0, 7066, 7067, 749, 747, 374.50, 1
1555, 6319, 1, 0, 7068, 7068, 749, 748, 749.00, 1
1556, 6322, 13, 0, 7073, 10286, 3964, 3951, 304.92, 1
1557, 6326, 1, 0, 7081, 7081, 755, 754, 755.00, 1
1558, 6327, 1, 0, 7082, 7082, 755, 754, 755.00, 1
1559, 6330, 15, 0, 7083, 10330, 4000, 3985, 266.67, 1
1560, 6331, 2, 0, 7087, 7088, 757, 755, 378.50, 1
1561, 6332, 3, 0, 7089, 7091, 759, 756, 253.00, 1
1562, 6335, 7, 0, 7094, 7913, 1578, 1571, 225.43, 1
1563, 6336, 4, 0, 7098, 7101, 765, 761, 191.25, 1
1564, 6338, 1, 0, 7102, 7102, 764, 763, 764.00, 1
1565, 6340, 2, 0, 7103, 7104, 764, 762, 382.00, 1
1566, 6348, 9, 0, 7110, 9018, 2670, 2661, 296.67, 1
1567, 6350, 5, 0, 7114, 7937, 1587, 1582, 317.40, 1
1568, 6355, 9, 0, 7118, 9033, 2678, 2669, 297.56, 1
1569, 6358, 8, 0, 7122, 7956, 1598, 1590, 199.75, 1
1570, 6361, 1, 0, 7126, 7126, 765, 764, 765.00, 1
1571, 6362, 3, 0, 7128, 7130, 768, 765, 256.00, 1
1572, 6364, 3, 0, 7131, 7133, 769, 766, 256.33, 1
1573, 6368, 2, 0, 7134, 7135, 767, 765, 383.50, 1
1574, 6370, 12, 0, 7136, 9095, 2725, 2713, 227.08, 1
1575, 6380, 1, 0, 7144, 7144, 764, 763, 764.00, 1
1576, 6385, 4, 0, 7149, 7152, 767, 763, 191.75, 1
1577, 6388, 2, 0, 7155, 7156, 768, 766, 384.00, 1
1578, 6397, 3, 0, 7161, 7163, 766, 763, 255.33, 1
1579, 6404, 4, 0, 7165, 7168, 764, 760, 191.00, 1
1580, 6409, 2, 0, 7169, 7170, 761, 759, 380.50, 1
1581, 6410, 6, 0, 7171, 8033, 1623, 1617, 270.50, 1
1582, 6412, 2, 0, 7175, 7176, 764, 762, 382.00, 1
1583, 6413, 3, 0, 7177, 7179, 766, 763, 255.33, 1
1584, 6416, 2, 0, 7180, 7181, 765, 763, 382.50, 1
1585, 6428, 2, 0, 7185, 7186, 758, 756, 379.00, 1
1586, 6430, 4, 0, 7187, 7190, 760, 756, 190.00, 1
1587, 6431, 6, 0, 7191, 8065, 1634, 1628, 272.33, 1
1588, 6435, 2, 0, 7195, 7196, 761, 759, 380.50, 1
1589, 6443, 3, 0, 7201, 7203, 760, 757, 253.33, 1
1590, 6450, 10, 0, 7208, 9225, 2775, 2765, 277.50, 1
1591, 6466, 13, 0, 7216, 10611, 4145, 4132, 318.85, 1
1592, 6468, 4, 0, 7220, 7223, 755, 751, 188.75, 1
1593, 6469, 8, 0, 7224, 8108, 1639, 1631, 204.88, 1
1594, 6478, 12, 0, 7231, 9256, 2778, 2766, 231.50, 1
1595, 6479, 1, 0, 7236, 7236, 757, 756, 757.00, 1
1596, 6483, 3, 0, 7237, 7239, 756, 753, 252.00, 1
1597, 6485, 1, 0, 7240, 7240, 755, 754, 755.00, 1
1598, 6493, 1, 0, 7244, 7244, 751, 750, 751.00, 1
1599, 6508, 2, 0, 7257, 7258, 750, 748, 375.00, 1
1600, 6511, 1, 0, 7259, 7259, 748, 747, 748.00, 1
1601, 6513, 15, 0, 7264, 10671, 4158, 4143, 277.20, 1
1602, 6518, 1, 0, 7268, 7268, 750, 749, 750.00, 1
1603, 6523, 15, 0, 7270, 10685, 4162, 4147, 277.47, 1
1604, 6530, 4, 0, 7281, 7284, 754, 750, 188.50, 1
1605, 6531, 2, 0, 7285, 7286, 755, 753, 377.50, 1
1606, 6535, 1, 0, 7291, 7291, 756, 755, 756.00, 1
1607, 6539, 1, 0, 7292, 7292, 753, 752, 753.00, 1
1608, 6541, 2, 0, 7293, 7294, 753, 751, 376.50, 1
1609, 6547, 1, 0, 7296, 7296, 749, 748, 749.00, 1
1610, 6550, 3, 0, 7297, 7299, 749, 746, 249.67, 1
1611, 6554, 4, 0, 7300, 7303, 749, 745, 187.25, 1
1612, 6556, 15, 0, 7307, 10720, 4164, 4149, 277.60, 1
1613, 6566, 2, 0, 7313, 7314, 748, 746, 374.00, 1
1614, 6569, 1, 0, 7315, 7315, 746, 745, 746.00, 1
1615, 6574, 2, 0, 7316, 7317, 743, 741, 371.50, 1
1616, 6575, 3, 0, 7318, 7320, 745, 742, 248.33, 1
1617, 6579, 4, 0, 7323, 7326, 747, 743, 186.75, 1
1618, 6584, 2, 0, 7331, 7332, 748, 746, 374.00, 1
1619, 6585, 1, 0, 7333, 7333, 748, 747, 748.00, 1
1620, 6590, 1, 0, 7334, 7334, 744, 743, 744.00, 1
1621, 6598, 3, 0, 7339, 7341, 743, 740, 247.67, 1
1622, 6601, 5, 0, 7342, 8217, 1616, 1611, 323.20, 1
1623, 6606, 2, 0, 7348, 7349, 743, 741, 371.50, 1
1624, 6609, 1, 0, 7350, 7350, 741, 740, 741.00, 1
1625, 6630, 16, 0, 7366, 10823, 4193, 4177, 262.06, 1
1626, 6636, 15, 0, 7370, 10826, 4190, 4175, 279.33, 1
1627, 6637, 2, 0, 7376, 7377, 740, 738, 370.00, 1
1628, 6645, 1, 0, 7382, 7382, 737, 736, 737.00, 1
1629, 6648, 11, 0, 7383, 9463, 2815, 2804, 255.91, 1
1630, 6650, 4, 0, 7387, 7390, 740, 736, 185.00, 1
1631, 6651, 3, 0, 7391, 7393, 742, 739, 247.33, 1
1632, 6654, 7, 0, 7394, 8288, 1634, 1627, 233.43, 1
1633, 6658, 14, 0, 7401, 10913, 4255, 4241, 303.93, 1
1634, 6659, 2, 0, 7405, 7406, 747, 745, 373.50, 1
1635, 6664, 5, 0, 7408, 8314, 1650, 1645, 330.00, 1
1636, 6667, 2, 0, 7416, 7417, 750, 748, 375.00, 1
1637, 6671, 2, 0, 7418, 7419, 748, 746, 374.00, 1
1638, 6675, 6, 0, 7424, 8349, 1674, 1668, 279.00, 1
1639, 6678, 4, 0, 7430, 7433, 755, 751, 188.75, 1
1640, 6685, 1, 0, 7435, 7435, 750, 749, 750.00, 1
1641, 6691, 1, 0, 7436, 7436, 745, 744, 745.00, 1
1642, 6692, 3, 0, 7437, 7439, 747, 744, 249.00, 1
1643, 6693, 3, 0, 7440, 7442, 749, 746, 249.67, 1
1644, 6695, 4, 0, 7447, 7450, 755, 751, 188.75, 1
1645, 6702, 1, 0, 7455, 7455, 753, 752, 753.00, 1
1646, 6710, 1, 0, 7457, 7457, 747, 746, 747.00, 1
1647, 6717, 1, 0, 7461, 7461, 744, 743, 744.00, 1
1648, 6718, 1, 0, 7462, 7462, 744, 743, 744.00, 1
1649, 6729, 7, 0, 7470, 8398, 1669, 1662, 238.43, 1
1650, 6730, 2, 0, 7474, 7475, 745, 743, 372.50, 1
1651, 6733, 19, 0, 7476, 12562, 5829, 5810, 306.79, 1
1652, 6737, 2, 0, 7480, 7481, 744, 742, 372.00, 1
1653, 6739, 1, 0, 7486, 7486, 747, 746, 747.00, 1
1654, 6742, 1, 0, 7491, 7491, 749, 748, 749.00, 1
1655, 6743, 1, 0, 7492, 7492, 749, 748, 749.00, 1
1656, 6745, 14, 0, 7493, 11120, 4375, 4361, 312.50, 1
1657, 6749, 5, 0, 7501, 8435, 1686, 1681, 337.20, 1
1658, 6753, 1, 0, 7509, 7509, 756, 755, 756.00, 1
1659, 6754, 1, 0, 7514, 7514, 760, 759, 760.00, 1
1660, 6759, 4, 0, 7519, 7522, 763, 759, 190.75, 1
1661, 6762, 3, 0, 7523, 7525, 763, 760, 254.33, 1
1662, 6763, 1, 0, 7530, 7530, 767, 766, 767.00, 1
1663, 6764, 3, 0, 7531, 7533, 769, 766, 256.33, 1
1664, 6765, 1, 0, 7534, 7534, 769, 768, 769.00, 1
1665, 6767, 13, 0, 7537, 11201, 4434, 4421, 341.08, 1
1666, 6771, 6, 0, 7545, 8500, 1729, 1723, 288.17, 1
1667, 6772, 1, 0, 7549, 7549, 777, 776, 777.00, 1
1668, 6773, 4, 0, 7550, 7553, 780, 776, 195.00, 1
1669, 6781, 7, 0, 7557, 8516, 1735, 1728, 247.86, 1
1670, 6782, 16, 0, 7561, 11250, 4468, 4452, 279.25, 1
1671, 6794, 13, 0, 7569, 11251, 4457, 4444, 342.85, 1
1672, 6811, 3, 0, 7582, 7584, 773, 770, 257.67, 1
1673, 6813, 7, 0, 7585, 8543, 1730, 1723, 247.14, 1
1674, 6836, 2, 0, 7593, 7594, 758, 756, 379.00, 1
1675, 6838, 4, 0, 7599, 7602, 764, 760, 191.00, 1
1676, 6841, 5, 0, 7607, 8560, 1719, 1714, 343.80, 1
1677, 6843, 3, 0, 7611, 7613, 770, 767, 256.67, 1
1678, 6847, 2, 0, 7614, 7615, 768, 766, 384.00, 1
1679, 6851, 6, 0, 7620, 8579, 1728, 1722, 288.00, 1
1680, 6852, 5, 0, 7624, 8584, 1732, 1727, 346.40, 1
1681, 6858, 1, 0, 7629, 7629, 771, 770, 771.00, 1
1682, 6859, 1, 0, 7630, 7630, 771, 770, 771.00, 1
1683, 6860, 6, 0, 7631, 8590, 1730, 1724, 288.33, 1
1684, 6861, 10, 0, 7635, 9867, 3006, 2996, 300.60, 1
1685, 6863, 3, 0, 7639, 7641, 778, 775, 259.33, 1
1686, 6871, 5, 0, 7645, 8604, 1733, 1728, 346.60, 1
1687, 6872, 1, 0, 7653, 7653, 781, 780, 781.00, 1
1688, 6874, 2, 0, 7654, 7655, 781, 779, 390.50, 1
1689, 6878, 5, 0, 7656, 8614, 1736, 1731, 347.20, 1
1690, 6879, 1, 0, 7660, 7660, 781, 780, 781.00, 1
1691, 6880, 7, 0, 7661, 8621, 1741, 1734, 248.71, 1
1692, 6887, 1, 0, 7669, 7669, 782, 781, 782.00, 1
1693, 6889, 5, 0, 7670, 8635, 1746, 1741, 349.20, 1
1694, 6895, 3, 0, 7676, 7678, 783, 780, 261.00, 1
1695, 6897, 11, 0, 7683, 9953, 3056, 3045, 277.82, 1
1696, 6901, 14, 0, 7689, 11411, 4510, 4496, 322.14, 1
1697, 6910, 3, 0, 7697, 7699, 789, 786, 263.00, 1
1698, 6915, 1, 0, 7702, 7702, 787, 786, 787.00, 1
1699, 6920, 3, 0, 7704, 7706, 786, 783, 262.00, 1
1700, 6939, 6, 0, 7714, 8690, 1751, 1745, 291.83, 1
1701, 6940, 1, 0, 7718, 7718, 778, 777, 778.00, 1
1702, 6942, 3, 0, 7719, 7721, 779, 776, 259.67, 1
1703, 6950, 1, 0, 7723, 7723, 773, 772, 773.00, 1
1704, 6959, 1, 0, 7724, 7724, 765, 764, 765.00, 1
1705, 6960, 2, 0, 7725, 7726, 766, 764, 383.00, 1
1706, 6965, 6, 0, 7731, 8707, 1742, 1736, 290.33, 1
1707, 6967, 2, 0, 7735, 7736, 769, 767, 384.50, 1
1708, 6971, 18, 0, 7741, 13053, 6082, 6064, 337.89, 1
1709, 6972, 4, 0, 7745, 7748, 776, 772, 194.00, 1
1710, 6974, 3, 0, 7749, 7751, 777, 774, 259.00, 1
1711, 6982, 9, 0, 7756, 10062, 3080, 3071, 342.22, 1
1712, 6985, 3, 0, 7760, 7762, 777, 774, 259.00, 1
1713, 6989, 6, 0, 7767, 8761, 1772, 1766, 295.33, 1
1714, 6993, 2, 0, 7775, 7776, 783, 781, 391.50, 1
1715, 6994, 15, 0, 7777, 11536, 4542, 4527, 302.80, 1
1716, 7005, 2, 0, 7788, 7789, 784, 782, 392.00, 1
1717, 7019, 2, 0, 7799, 7800, 781, 779, 390.50, 1
1718, 7029, 5, 0, 7809, 8830, 1801, 1796, 360.20, 1
1719, 7030, 3, 0, 7813, 7815, 785, 782, 261.67, 1
1720, 7033, 12, 0, 7820, 10206, 3173, 3161, 264.42, 1
1721, 7036, 9, 0, 7828, 10227, 3191, 3182, 354.56, 1
1722, 7039, 20, 0, 7832, 13313, 6274, 6254, 313.70, 1
1723, 7047, 3, 0, 7837, 7839, 792, 789, 264.00, 1
1724, 7050, 8, 0, 7840, 8887, 1837, 1829, 229.62, 1
1725, 7057, 3, 0, 7847, 7849, 792, 789, 264.00, 1
1726, 7058, 3, 0, 7850, 7852, 794, 791, 264.67, 1
1727, 7060, 13, 0, 7854, 11687, 4627, 4614, 355.92, 1
1728, 7070, 9, 0, 7858, 10274, 3204, 3195, 356.00, 1
1729, 7072, 2, 0, 7862, 7863, 791, 789, 395.50, 1
1730, 7077, 6, 0, 7872, 8932, 1855, 1849, 309.17, 1
1731, 7078, 7, 0, 7876, 8943, 1865, 1858, 266.43, 1
1732, 7080, 8, 0, 7880, 8952, 1872, 1864, 234.00, 1
1733, 7085, 4, 0, 7888, 7891, 806, 802, 201.50, 1
1734, 7086, 1, 0, 7892, 7892, 806, 805, 806.00, 1
1735, 7089, 7, 0, 7897, 8976, 1887, 1880, 269.57, 1
1736, 7092, 2, 0, 7901, 7902, 810, 808, 405.00, 1
1737, 7093, 7, 0, 7903, 8985, 1892, 1885, 270.29, 1
1738, 7097, 9, 0, 7907, 10348, 3251, 3242, 361.22, 1
1739, 7098, 1, 0, 7914, 7914, 816, 815, 816.00, 1
1740, 7100, 3, 0, 7915, 7917, 817, 814, 272.33, 1
1741, 7104, 2, 0, 7918, 7919, 815, 813, 407.50, 1
1742, 7105, 3, 0, 7920, 7922, 817, 814, 272.33, 1
1743, 7110, 6, 0, 7924, 9013, 1903, 1897, 317.17, 1
1744, 7115, 1, 0, 7932, 7932, 817, 816, 817.00, 1
1745, 7116, 4, 0, 7933, 7936, 820, 816, 205.00, 1
1746, 7118, 2, 0, 7938, 7939, 821, 819, 410.50, 1
1747, 7119, 7, 0, 7940, 9028, 1909, 1902, 272.71, 1
1748, 7120, 1, 0, 7944, 7944, 824, 823, 824.00, 1
1749, 7123, 4, 0, 7949, 7952, 829, 825, 207.25, 1
1750, 7127, 5, 0, 7957, 9044, 1917, 1912, 383.40, 1
1751, 7128, 1, 0, 7961, 7961, 833, 832, 833.00, 1
1752, 7129, 18, 0, 7962, 13592, 6463, 6445, 359.06, 1
1753, 7130, 6, 0, 7966, 9070, 1940, 1934, 323.33, 1
1754, 7134, 8, 0, 7970, 9074, 1940, 1932, 242.50, 1
1755, 7135, 12, 0, 7974, 10477, 3342, 3330, 278.50, 1
1756, 7139, 6, 0, 7978, 9088, 1949, 1943, 324.83, 1
1757, 7140, 18, 0, 7986, 13649, 6509, 6491, 361.61, 1
1758, 7147, 6, 0, 7994, 9115, 1968, 1962, 328.00, 1
1759, 7148, 2, 0, 7998, 7999, 851, 849, 425.50, 1
1760, 7156, 4, 0, 8004, 8007, 851, 847, 212.75, 1
1761, 7157, 7, 0, 8008, 9130, 1973, 1966, 281.86, 1
1762, 7160, 4, 0, 8012, 8015, 855, 851, 213.75, 1
1763, 7165, 6, 0, 8019, 9133, 1968, 1962, 328.00, 1
1764, 7166, 4, 0, 8023, 8026, 860, 856, 215.00, 1
1765, 7170, 1, 0, 8027, 8027, 857, 856, 857.00, 1
1766, 7174, 8, 0, 8028, 9148, 1974, 1966, 246.75, 1
1767, 7175, 8, 0, 8034, 9152, 1977, 1969, 247.12, 1
1768, 7177, 1, 0, 8038, 8038, 861, 860, 861.00, 1
1769, 7179, 7, 0, 8039, 9159, 1980, 1973, 282.86, 1
1770, 7180, 7, 0, 8043, 9166, 1986, 1979, 283.71, 1
1771, 7182, 8, 0, 8047, 9176, 1994, 1986, 249.25, 1
1772, 7186, 5, 0, 8051, 9184, 1998, 1993, 399.60, 1
1773, 7187, 7, 0, 8055, 9191, 2004, 1997, 286.29, 1
1774, 7189, 2, 0, 8059, 8060, 871, 869, 435.50, 1
1775, 7191, 3, 0, 8061, 8063, 872, 869, 290.67, 1
1776, 7195, 8, 0, 8066, 9204, 2009, 2001, 251.12, 1
1777, 7197, 4, 0, 8070, 8073, 876, 872, 219.00, 1
1778, 7203, 1, 0, 8074, 8074, 871, 870, 871.00, 1
1779, 7206, 3, 0, 8075, 8077, 871, 868, 290.33, 1
1780, 7209, 9, 0, 8082, 10592, 3383, 3374, 375.89, 1
1781, 7216, 6, 0, 8092, 9229, 2013, 2007, 335.50, 1
1782, 7225, 3, 0, 8100, 8102, 877, 874, 292.33, 1
1783, 7226, 2, 0, 8103, 8104, 878, 876, 439.00, 1
1784, 7230, 2, 0, 8109, 8110, 880, 878, 440.00, 1
1785, 7234, 7, 0, 8111, 9248, 2014, 2007, 287.71, 1
1786, 7237, 7, 0, 8119, 9267, 2030, 2023, 290.00, 1
1787, 7240, 2, 0, 8123, 8124, 884, 882, 442.00, 1
1788, 7241, 1, 0, 8125, 8125, 884, 883, 884.00, 1
1789, 7244, 3, 0, 8126, 8128, 884, 881, 294.67, 1
1790, 7246, 1, 0, 8129, 8129, 883, 882, 883.00, 1
1791, 7251, 2, 0, 8131, 8132, 881, 879, 440.50, 1
1792, 7255, 2, 0, 8137, 8138, 883, 881, 441.50, 1
1793, 7266, 4, 0, 8142, 8145, 879, 875, 219.75, 1
1794, 7269, 3, 0, 8150, 8152, 883, 880, 294.33, 1
1795, 7279, 4, 0, 8161, 8164, 885, 881, 221.25, 1
1796, 7282, 7, 0, 8165, 9317, 2035, 2028, 290.71, 1
1797, 7288, 6, 0, 8169, 9323, 2035, 2029, 339.17, 1
1798, 7291, 3, 0, 8177, 8179, 888, 885, 296.00, 1
1799, 7294, 5, 0, 8180, 9331, 2037, 2032, 407.40, 1
1800, 7304, 5, 0, 8184, 9339, 2035, 2030, 407.00, 1
1801, 7314, 1, 0, 8192, 8192, 878, 877, 878.00, 1
1802, 7316, 1, 0, 8193, 8193, 877, 876, 877.00, 1
1803, 7325, 5, 0, 8194, 9358, 2033, 2028, 406.60, 1
1804, 7326, 8, 0, 8198, 9370, 2044, 2036, 255.50, 1
1805, 7327, 1, 0, 8202, 8202, 875, 874, 875.00, 1
1806, 7329, 1, 0, 8203, 8203, 874, 873, 874.00, 1
1807, 7332, 7, 0, 8207, 9385, 2053, 2046, 293.29, 1
1808, 7338, 1, 0, 8211, 8211, 873, 872, 873.00, 1
1809, 7339, 4, 0, 8213, 8216, 877, 873, 219.25, 1
1810, 7347, 20, 0, 8218, 14002, 6655, 6635, 332.75, 1
1811, 7354, 3, 0, 8222, 8224, 870, 867, 290.00, 1
1812, 7356, 5, 0, 8226, 9407, 2051, 2046, 410.20, 1
1813, 7357, 8, 0, 8230, 9412, 2055, 2047, 256.88, 1
1814, 7360, 3, 0, 8234, 8236, 876, 873, 292.00, 1
1815, 7364, 2, 0, 8237, 8238, 874, 872, 437.00, 1
1816, 7367, 3, 0, 8239, 8241, 874, 871, 291.33, 1
1817, 7375, 14, 0, 8250, 12297, 4922, 4908, 351.57, 1
1818, 7380, 20, 0, 8254, 14062, 6682, 6662, 334.10, 1
1819, 7382, 5, 0, 8262, 9460, 2078, 2073, 415.60, 1
1820, 7385, 1, 0, 8266, 8266, 881, 880, 881.00, 1
1821, 7387, 18, 0, 8271, 14103, 6716, 6698, 373.11, 1
1822, 7390, 3, 0, 8275, 8277, 887, 884, 295.67, 1
1823, 7393, 4, 0, 8278, 8281, 888, 884, 222.00, 1
1824, 7395, 4, 0, 8282, 8285, 890, 886, 222.50, 1
1825, 7398, 9, 0, 8289, 10894, 3496, 3487, 388.44, 1
1826, 7400, 3, 0, 8293, 8295, 895, 892, 298.33, 1
1827, 7402, 13, 0, 8296, 12382, 4980, 4967, 383.08, 1
1828, 7403, 8, 0, 8300, 9501, 2098, 2090, 262.25, 1
1829, 7405, 10, 0, 8308, 10916, 3511, 3501, 351.10, 1
1830, 7407, 2, 0, 8312, 8313, 906, 904, 453.00, 1
1831, 7412, 5, 0, 8315, 9519, 2107, 2102, 421.40, 1
1832, 7413, 1, 0, 8319, 8319, 906, 905, 906.00, 1
1833, 7415, 4, 0, 8320, 8323, 908, 904, 227.00, 1
1834, 7416, 13, 0, 8325, 12438, 5022, 5009, 386.31, 1
1835, 7419, 1, 0, 8329, 8329, 910, 909, 910.00, 1
1836, 7421, 9, 0, 8330, 10956, 3535, 3526, 392.78, 1
1837, 7423, 4, 0, 8334, 8337, 914, 910, 228.50, 1
1838, 7425, 4, 0, 8339, 8342, 917, 913, 229.25, 1
1839, 7426, 3, 0, 8343, 8345, 919, 916, 306.33, 1
1840, 7427, 2, 0, 8346, 8347, 920, 918, 460.00, 1
1841, 7434, 2, 0, 8350, 8351, 917, 915, 458.50, 1
1842, 7435, 1, 0, 8352, 8352, 917, 916, 917.00, 1
1843, 7436, 2, 0, 8353, 8354, 918, 916, 459.00, 1
1844, 7439, 15, 0, 8355, 12471, 5032, 5017, 335.47, 1
1845, 7446, 13, 0, 8359, 12483, 5037, 5024, 387.46, 1
1846, 7450, 2, 0, 8363, 8364, 914, 912, 457.00, 1
1847, 7451, 10, 0, 8365, 11011, 3560, 3550, 356.00, 1
1848, 7452, 2, 0, 8369, 8370, 918, 916, 459.00, 1
1849, 7455, 10, 0, 8372, 11027, 3572, 3562, 357.20, 1
1850, 7459, 2, 0, 8376, 8377, 918, 916, 459.00, 1
1851, 7460, 3, 0, 8378, 8380, 920, 917, 306.67, 1
1852, 7461, 3, 0, 8381, 8383, 922, 919, 307.33, 1
1853, 7462, 3, 0, 8384, 8386, 924, 921, 308.00, 1
1854, 7465, 14, 0, 8387, 12536, 5071, 5057, 362.21, 1
1855, 7466, 1, 0, 8391, 8391, 925, 924, 925.00, 1
1856, 7486, 2, 0, 8406, 8407, 921, 919, 460.50, 1
1857, 7487, 9, 0, 8408, 11102, 3615, 3606, 401.67, 1
1858, 7490, 3, 0, 8412, 8414, 924, 921, 308.00, 1
1859, 7492, 7, 0, 8418, 9646, 2154, 2147, 307.71, 1
1860, 7493, 1, 0, 8422, 8422, 929, 928, 929.00, 1
1861, 7496, 10, 0, 8423, 11110, 3614, 3604, 361.40, 1
1862, 7499, 3, 0, 8431, 8433, 934, 931, 311.33, 1
1863, 7507, 7, 0, 8436, 9671, 2164, 2157, 309.14, 1
1864, 7509, 2, 0, 8442, 8443, 934, 932, 467.00, 1
1865, 7511, 5, 0, 8444, 9684, 2173, 2168, 434.60, 1
1866, 7515, 10, 0, 8452, 11168, 3653, 3643, 365.30, 1
1867, 7518, 4, 0, 8456, 8459, 941, 937, 235.25, 1
1868, 7523, 1, 0, 8464, 8464, 941, 940, 941.00, 1
1869, 7527, 1, 0, 8465, 8465, 938, 937, 938.00, 1
1870, 7534, 9, 0, 8467, 11184, 3650, 3641, 405.56, 1
1871, 7535, 6, 0, 8471, 9726, 2191, 2185, 365.17, 1
1872, 7538, 20, 0, 8475, 14527, 6989, 6969, 349.45, 1
1873, 7542, 10, 0, 8483, 11209, 3667, 3657, 366.70, 1
1874, 7544, 1, 0, 8487, 8487, 943, 942, 943.00, 1
1875, 7545, 2, 0, 8489, 8490, 945, 943, 472.50, 1
1876, 7547, 4, 0, 8491, 8494, 947, 943, 236.75, 1
1877, 7548, 9, 0, 8495, 11233, 3685, 3676, 409.44, 1
1878, 7550, 4, 0, 8501, 8504, 954, 950, 238.50, 1
1879, 7552, 3, 0, 8505, 8507, 955, 952, 318.33, 1
1880, 7556, 16, 0, 8508, 12781, 5225, 5209, 326.56, 1
1881, 7558, 2, 0, 8512, 8513, 955, 953, 477.50, 1
1882, 7563, 5, 0, 8517, 9782, 2219, 2214, 443.80, 1
1883, 7567, 5, 0, 8525, 9787, 2220, 2215, 444.00, 1
1884, 7580, 4, 0, 8535, 8538, 958, 954, 239.50, 1
1885, 7586, 2, 0, 8539, 8540, 954, 952, 477.00, 1
1886, 7590, 5, 0, 8544, 9806, 2216, 2211, 443.20, 1
1887, 7592, 3, 0, 8548, 8550, 958, 955, 319.33, 1
1888, 7594, 2, 0, 8552, 8553, 959, 957, 479.50, 1
1889, 7601, 2, 0, 8555, 8556, 955, 953, 477.50, 1
1890, 7610, 3, 0, 8557, 8559, 949, 946, 316.33, 1
1891, 7611, 7, 0, 8561, 9816, 2205, 2198, 315.00, 1
1892, 7612, 8, 0, 8565, 9823, 2211, 2203, 276.38, 1
1893, 7619, 10, 0, 8569, 11287, 3668, 3658, 366.80, 1
1894, 7623, 1, 0, 8577, 8577, 954, 953, 954.00, 1
1895, 7624, 39, 0, 8580, 29567, 21943, 21904, 562.64, 1
1896, 7634, 7, 0, 8585, 9858, 2224, 2217, 317.71, 1
1897, 7636, 1, 0, 8591, 8591, 955, 954, 955.00, 1
1898, 7643, 4, 0, 8596, 8599, 956, 952, 239.00, 1
1899, 7648, 4, 0, 8600, 8603, 955, 951, 238.75, 1
1900, 7654, 5, 0, 8608, 9877, 2223, 2218, 444.60, 1
1901, 7658, 2, 0, 8612, 8613, 955, 953, 477.50, 1
1902, 7663, 12, 0, 8615, 11323, 3660, 3648, 305.00, 1
1903, 7665, 10, 0, 8622, 11342, 3677, 3667, 367.70, 1
1904, 7668, 1, 0, 8626, 8626, 958, 957, 958.00, 1
1905, 7671, 6, 0, 8631, 9924, 2253, 2247, 375.50, 1
1906, 7681, 7, 0, 8636, 9927, 2246, 2239, 320.86, 1
1907, 7682, 9, 0, 8640, 11357, 3675, 3666, 408.33, 1
1908, 7684, 5, 0, 8648, 9942, 2258, 2253, 451.60, 1
1909, 7689, 17, 0, 8656, 14814, 7125, 7108, 419.12, 1
1910, 7690, 8, 0, 8660, 9973, 2283, 2275, 285.38, 1
1911, 7699, 7, 0, 8672, 9988, 2289, 2282, 327.00, 1
1912, 7701, 1, 0, 8676, 8676, 975, 974, 975.00, 1
1913, 7707, 2, 0, 8677, 8678, 971, 969, 485.50, 1
1914, 7708, 3, 0, 8679, 8681, 973, 970, 324.33, 1
1915, 7710, 1, 0, 8682, 8682, 972, 971, 972.00, 1
1916, 7712, 3, 0, 8683, 8685, 973, 970, 324.33, 1
1917, 7721, 3, 0, 8691, 8693, 972, 969, 324.00, 1
1918, 7722, 9, 0, 8694, 11453, 3731, 3722, 414.56, 1
1919, 7723, 1, 0, 8698, 8698, 975, 974, 975.00, 1
1920, 7724, 11, 0, 8699, 11461, 3737, 3726, 339.73, 1
1921, 7734, 3, 0, 8703, 8705, 971, 968, 323.67, 1
1922, 7735, 2, 0, 8708, 8709, 974, 972, 487.00, 1
1923, 7736, 10, 0, 8710, 11463, 3727, 3717, 372.70, 1
1924, 7751, 7, 0, 8718, 10036, 2285, 2278, 326.43, 1
1925, 7752, 9, 0, 8722, 11497, 3745, 3736, 416.11, 1
1926, 7753, 5, 0, 8726, 10049, 2296, 2291, 459.20, 1
1927, 7756, 2, 0, 8730, 8731, 975, 973, 487.50, 1
1928, 7758, 16, 0, 8732, 13104, 5346, 5330, 334.12, 1
1929, 7759, 2, 0, 8736, 8737, 978, 976, 489.00, 1
1930, 7761, 2, 0, 8742, 8743, 982, 980, 491.00, 1
1931, 7763, 16, 0, 8744, 13121, 5358, 5342, 334.88, 1
1932, 7767, 5, 0, 8752, 10079, 2312, 2307, 462.40, 1
1933, 7770, 4, 0, 8756, 8759, 989, 985, 247.25, 1
1934, 7773, 4, 0, 8762, 8765, 992, 988, 248.00, 1
1935, 7776, 4, 0, 8767, 8770, 994, 990, 248.50, 1
1936, 7780, 1, 0, 8771, 8771, 991, 990, 991.00, 1
1937, 7782, 4, 0, 8776, 8779, 997, 993, 249.25, 1
1938, 7783, 20, 0, 8780, 15058, 7275, 7255, 363.75, 1
1939, 7784, 10, 0, 8784, 11556, 3772, 3762, 377.20, 1
1940, 7785, 5, 0, 8788, 10122, 2337, 2332, 467.40, 1
1941, 7787, 1, 0, 8792, 8792, 1005, 1004, 1005.00, 1
1942, 7788, 6, 0, 8793, 10129, 2341, 2335, 390.17, 1
1943, 7790, 8, 0, 8797, 10133, 2343, 2335, 292.88, 1
1944, 7791, 15, 0, 8801, 13190, 5399, 5384, 359.93, 1
1945, 7803, 2, 0, 8813, 8814, 1011, 1009, 505.50, 1
1946, 7804, 16, 0, 8815, 13254, 5450, 5434, 340.62, 1
1947, 7812, 7, 0, 8826, 10175, 2363, 2356, 337.57, 1
1948, 7814, 6, 0, 8831, 10178, 2364, 2358, 394.00, 1
1949, 7815, 2, 0, 8835, 8836, 1021, 1019, 510.50, 1
1950, 7816, 10, 0, 8837, 11636, 3820, 3810, 382.00, 1
1951, 7820, 3, 0, 8845, 8847, 1027, 1024, 342.33, 1
1952, 7826, 6, 0, 8852, 10212, 2386, 2380, 397.67, 1
1953, 7827, 10, 0, 8856, 11661, 3834, 3824, 383.40, 1
1954, 7830, 6, 0, 8864, 10225, 2395, 2389, 399.17, 1
1955, 7835, 5, 0, 8872, 10228, 2393, 2388, 478.60, 1
1956, 7836, 8, 0, 8880, 10244, 2408, 2400, 301.00, 1
1957, 7844, 1, 0, 8888, 8888, 1044, 1043, 1044.00, 1
1958, 7846, 3, 0, 8889, 8891, 1045, 1042, 348.33, 1
1959, 7851, 5, 0, 8892, 10250, 2399, 2394, 479.80, 1
1960, 7852, 3, 0, 8896, 8898, 1046, 1043, 348.67, 1
1961, 7857, 5, 0, 8899, 10257, 2400, 2395, 480.00, 1
1962, 7861, 9, 0, 8907, 11704, 3843, 3834, 427.00, 1
1963, 7862, 5, 0, 8915, 10275, 2413, 2408, 482.60, 1
1964, 7870, 5, 0, 8919, 10276, 2406, 2401, 481.20, 1
1965, 7871, 9, 0, 8923, 11711, 3840, 3831, 426.67, 1
1966, 7876, 5, 0, 8933, 10294, 2418, 2413, 483.60, 1
1967, 7879, 4, 0, 8937, 8940, 1061, 1057, 265.25, 1
1968, 7881, 1, 0, 8944, 8944, 1063, 1062, 1063.00, 1
1969, 7882, 7, 0, 8945, 10301, 2419, 2412, 345.57, 1
1970, 7886, 1, 0, 8953, 8953, 1067, 1066, 1067.00, 1
1971, 7889, 8, 0, 8958, 10317, 2428, 2420, 303.50, 1
1972, 7893, 8, 0, 8962, 10325, 2432, 2424, 304.00, 1
1973, 7897, 2, 0, 8970, 8971, 1074, 1072, 537.00, 1
1974, 7898, 1, 0, 8972, 8972, 1074, 1073, 1074.00, 1
1975, 7900, 1, 0, 8973, 8973, 1073, 1072, 1073.00, 1
1976, 7903, 11, 0, 8977, 11763, 3860, 3849, 350.91, 1
1977, 7905, 2, 0, 8981, 8982, 1077, 1075, 538.50, 1
1978, 7911, 14, 0, 8990, 13448, 5537, 5523, 395.50, 1
1979, 7914, 11, 0, 8994, 11799, 3885, 3874, 353.18, 1
1980, 7916, 2, 0, 8998, 8999, 1083, 1081, 541.50, 1
1981, 7919, 13, 0, 9000, 13490, 5571, 5558, 428.54, 1
1982, 7921, 8, 0, 9004, 10381, 2460, 2452, 307.50, 1
1983, 7925, 4, 0, 9008, 9011, 1086, 1082, 271.50, 1
1984, 7929, 7, 0, 9014, 10393, 2464, 2457, 352.00, 1
1985, 7933, 2, 0, 9019, 9020, 1087, 1085, 543.50, 1
1986, 7934, 10, 0, 9021, 11847, 3913, 3903, 391.30, 1
1987, 7936, 1, 0, 9025, 9025, 1089, 1088, 1089.00, 1
1988, 7946, 3, 0, 9029, 9031, 1085, 1082, 361.67, 1
1989, 7948, 1, 0, 9032, 9032, 1084, 1083, 1084.00, 1
1990, 7950, 6, 0, 9034, 10415, 2465, 2459, 410.83, 1
1991, 7958, 2, 0, 9038, 9039, 1081, 1079, 540.50, 1
1992, 7960, 5, 0, 9040, 10423, 2463, 2458, 492.60, 1
1993, 7962, 10, 0, 9045, 11870, 3908, 3898, 390.80, 1
1994, 7963, 5, 0, 9049, 10439, 2476, 2471, 495.20, 1
1995, 7965, 10, 0, 9053, 11897, 3932, 3922, 393.20, 1
1996, 7966, 5, 0, 9061, 10458, 2492, 2487, 498.40, 1
1997, 7969, 4, 0, 9065, 9068, 1099, 1095, 274.75, 1
1998, 7974, 1, 0, 9075, 9075, 1101, 1100, 1101.00, 1
1999, 7976, 3, 0, 9076, 9078, 1102, 1099, 367.33, 1
2000, 7978, 4, 0, 9083, 9086, 1108, 1104, 277.00, 1
2001, 7983, 2, 0, 9089, 9090, 1107, 1105, 553.50, 1
2002, 7985, 1, 0, 9091, 9091, 1106, 1105, 1106.00, 1
2003, 7988, 4, 0, 9096, 9099, 1111, 1107, 277.75, 1
2004, 7990, 2, 0, 9104, 9105, 1115, 1113, 557.50, 1
2005, 7992, 4, 0, 9106, 9109, 1117, 1113, 279.25, 1
2006, 7999, 4, 0, 9116, 9119, 1120, 1116, 280.00, 1
2007, 8000, 6, 0, 9120, 10521, 2521, 2515, 420.17, 1
2008, 8003, 1, 0, 9124, 9124, 1121, 1120, 1121.00, 1
2009, 8008, 1, 0, 9125, 9125, 1117, 1116, 1117.00, 1
2010, 8010, 2, 0, 9126, 9127, 1117, 1115, 558.50, 1
2011, 8015, 1, 0, 9131, 9131, 1116, 1115, 1116.00, 1
2012, 8023, 5, 0, 9134, 10531, 2508, 2503, 501.60, 1
2013, 8026, 2, 0, 9138, 9139, 1113, 1111, 556.50, 1
2014, 8030, 1, 0, 9140, 9140, 1110, 1109, 1110.00, 1
2015, 8031, 9, 0, 9141, 12001, 3970, 3961, 441.11, 1
2016, 8040, 7, 0, 9153, 10548, 2508, 2501, 358.29, 1
2017, 8046, 4, 0, 9160, 9163, 1117, 1113, 279.25, 1
2018, 8048, 2, 0, 9167, 9168, 1120, 1118, 560.00, 1
2019, 8049, 11, 0, 9169, 12017, 3968, 3957, 360.73, 1
2020, 8051, 1, 0, 9177, 9177, 1126, 1125, 1126.00, 1
2021, 8053, 2, 0, 9178, 9179, 1126, 1124, 563.00, 1
2022, 8054, 8, 0, 9180, 10566, 2512, 2504, 314.00, 1
2023, 8057, 4, 0, 9185, 9188, 1131, 1127, 282.75, 1
2024, 8062, 1, 0, 9192, 9192, 1130, 1129, 1130.00, 1
2025, 8065, 10, 0, 9193, 12030, 3965, 3955, 396.50, 1
2026, 8066, 4, 0, 9197, 9200, 1134, 1130, 283.50, 1
2027, 8070, 1, 0, 9205, 9205, 1135, 1134, 1135.00, 1
2028, 8077, 4, 0, 9206, 9209, 1132, 1128, 283.00, 1
2029, 8088, 12, 0, 9218, 12058, 3970, 3958, 330.83, 1
2030, 8089, 2, 0, 9222, 9223, 1134, 1132, 567.00, 1
2031, 8093, 2, 0, 9226, 9227, 1134, 1132, 567.00, 1
2032, 8099, 6, 0, 9230, 10606, 2507, 2501, 417.83, 1
2033, 8104, 6, 0, 9238, 10613, 2509, 2503, 418.17, 1
2034, 8113, 10, 0, 9242, 12073, 3960, 3950, 396.00, 1
2035, 8115, 16, 0, 9249, 13779, 5664, 5648, 354.00, 1
2036, 8120, 4, 0, 9257, 9260, 1140, 1136, 285.00, 1
2037, 8121, 7, 0, 9261, 10644, 2523, 2516, 360.43, 1
2038, 8125, 2, 0, 9268, 9269, 1144, 1142, 572.00, 1
2039, 8129, 1, 0, 9270, 9270, 1141, 1140, 1141.00, 1
2040, 8134, 4, 0, 9271, 9274, 1140, 1136, 285.00, 1
2041, 8136, 4, 0, 9275, 9278, 1142, 1138, 285.50, 1
2042, 8140, 13, 0, 9283, 13799, 5659, 5646, 435.31, 1
2043, 8141, 1, 0, 9287, 9287, 1146, 1145, 1146.00, 1
2044, 8148, 10, 0, 9288, 12115, 3967, 3957, 396.70, 1
2045, 8149, 2, 0, 9292, 9293, 1144, 1142, 572.00, 1
2046, 8151, 9, 0, 9298, 12144, 3993, 3984, 443.67, 1
2047, 8152, 3, 0, 9302, 9304, 1152, 1149, 384.00, 1
2048, 8164, 1, 0, 9313, 9313, 1149, 1148, 1149.00, 1
2049, 8166, 1, 0, 9314, 9314, 1148, 1147, 1148.00, 1
2050, 8171, 8, 0, 9318, 10695, 2524, 2516, 315.50, 1
2051, 8177, 6, 0, 9324, 10701, 2524, 2518, 420.67, 1
2052, 8178, 3, 0, 9328, 9330, 1152, 1149, 384.00, 1
2053, 8184, 3, 0, 9332, 9334, 1150, 1147, 383.33, 1
2054, 8185, 14, 0, 9335, 13871, 5686, 5672, 406.14, 1
2055, 8192, 12, 0, 9344, 12183, 3991, 3979, 332.58, 1
2056, 8193, 1, 0, 9348, 9348, 1155, 1154, 1155.00, 1
2057, 8194, 2, 0, 9349, 9350, 1156, 1154, 578.00, 1
2058, 8195, 3, 0, 9351, 9353, 1158, 1155, 386.00, 1
2059, 8197, 4, 0, 9354, 9357, 1160, 1156, 290.00, 1
2060, 8199, 8, 0, 9359, 10739, 2540, 2532, 317.50, 1
2061, 8200, 10, 0, 9363, 12207, 4007, 3997, 400.70, 1
2062, 8204, 5, 0, 9371, 10757, 2553, 2548, 510.60, 1
2063, 8205, 14, 0, 9375, 13949, 5744, 5730, 410.29, 1
2064, 8207, 8, 0, 9379, 10773, 2566, 2558, 320.75, 1
2065, 8211, 2, 0, 9386, 9387, 1176, 1174, 588.00, 1
2066, 8212, 3, 0, 9388, 9390, 1178, 1175, 392.67, 1
2067, 8213, 4, 0, 9391, 9394, 1181, 1177, 295.25, 1
2068, 8214, 5, 0, 9395, 10789, 2575, 2570, 515.00, 1
2069, 8220, 7, 0, 9399, 10795, 2575, 2568, 367.86, 1
2070, 8233, 1, 0, 9408, 9408, 1175, 1174, 1175.00, 1
2071, 8234, 10, 0, 9413, 12276, 4042, 4032, 404.20, 1
2072, 8236, 3, 0, 9417, 9419, 1183, 1180, 394.33, 1
2073, 8240, 1, 0, 9420, 9420, 1180, 1179, 1180.00, 1
2074, 8243, 5, 0, 9421, 10814, 2571, 2566, 514.20, 1
2075, 8248, 1, 0, 9429, 9429, 1181, 1180, 1181.00, 1
2076, 8254, 2, 0, 9438, 9439, 1185, 1183, 592.50, 1
2077, 8259, 5, 0, 9444, 10851, 2592, 2587, 518.40, 1
2078, 8260, 4, 0, 9448, 9451, 1191, 1187, 297.75, 1
2079, 8262, 5, 0, 9456, 10861, 2599, 2594, 519.80, 1
2080, 8275, 18, 0, 9468, 16285, 8010, 7992, 445.00, 1
2081, 8278, 1, 0, 9472, 9472, 1194, 1193, 1194.00, 1
2082, 8279, 1, 0, 9473, 9473, 1194, 1193, 1194.00, 1
2083, 8282, 2, 0, 9474, 9475, 1193, 1191, 596.50, 1
2084, 8283, 11, 0, 9476, 12360, 4077, 4066, 370.64, 1
2085, 8286, 1, 0, 9480, 9480, 1194, 1193, 1194.00, 1
2086, 8292, 5, 0, 9481, 10889, 2597, 2592, 519.40, 1
2087, 8295, 1, 0, 9489, 9489, 1194, 1193, 1194.00, 1
2088, 8296, 5, 0, 9490, 10896, 2600, 2595, 520.00, 1
2089, 8304, 1, 0, 9502, 9502, 1198, 1197, 1198.00, 1
2090, 8305, 1, 0, 9503, 9503, 1198, 1197, 1198.00, 1
2091, 8310, 3, 0, 9508, 9510, 1200, 1197, 400.00, 1
2092, 8313, 4, 0, 9515, 9518, 1205, 1201, 301.25, 1
2093, 8326, 7, 0, 9520, 10935, 2609, 2602, 372.71, 1
2094, 8327, 8, 0, 9524, 10945, 2618, 2610, 327.25, 1
2095, 8328, 1, 0, 9528, 9528, 1200, 1199, 1200.00, 1
2096, 8341, 9, 0, 9537, 12451, 4110, 4101, 456.67, 1
2097, 8343, 1, 0, 9541, 9541, 1198, 1197, 1198.00, 1
2098, 8350, 8, 0, 9542, 10970, 2620, 2612, 327.50, 1
2099, 8351, 3, 0, 9546, 9548, 1197, 1194, 399.00, 1
2100, 8352, 8, 0, 9549, 10977, 2625, 2617, 328.12, 1
2101, 8357, 11, 0, 9553, 12467, 4110, 4099, 373.64, 1
2102, 8359, 2, 0, 9561, 9562, 1203, 1201, 601.50, 1
2103, 8362, 11, 0, 9563, 12479, 4117, 4106, 374.27, 1
2104, 8366, 4, 0, 9571, 9574, 1208, 1204, 302.00, 1
2105, 8370, 2, 0, 9579, 9580, 1210, 1208, 605.00, 1
2106, 8373, 4, 0, 9581, 9584, 1211, 1207, 302.75, 1
2107, 8374, 10, 0, 9585, 12492, 4118, 4108, 411.80, 1
2108, 8378, 9, 0, 9593, 12501, 4123, 4114, 458.11, 1
2109, 8386, 5, 0, 9597, 11038, 2652, 2647, 530.40, 1
2110, 8387, 3, 0, 9601, 9603, 1216, 1213, 405.33, 1
2111, 8391, 6, 0, 9608, 11060, 2669, 2663, 444.83, 1
2112, 8397, 9, 0, 9613, 12555, 4158, 4149, 462.00, 1
2113, 8399, 3, 0, 9617, 9619, 1220, 1217, 406.67, 1
2114, 8400, 30, 0, 9620, 25094, 16694, 16664, 556.47, 1
2115, 8405, 15, 0, 9628, 14327, 5922, 5907, 394.80, 1
2116, 8409, 12, 0, 9632, 12579, 4170, 4158, 347.50, 1
2117, 8411, 16, 0, 9636, 14344, 5933, 5917, 370.81, 1
2118, 8428, 2, 0, 9651, 9652, 1224, 1222, 612.00, 1
2119, 8429, 4, 0, 9653, 9656, 1227, 1223, 306.75, 1
2120, 8433, 5, 0, 9661, 11127, 2694, 2689, 538.80, 1
2121, 8435, 4, 0, 9665, 9668, 1233, 1229, 308.25, 1
2122, 8442, 6, 0, 9672, 11137, 2695, 2689, 449.17, 1
2123, 8444, 3, 0, 9676, 9678, 1234, 1231, 411.33, 1
2124, 8445, 2, 0, 9679, 9680, 1235, 1233, 617.50, 1
2125, 8446, 1, 0, 9681, 9681, 1235, 1234, 1235.00, 1
2126, 8447, 2, 0, 9682, 9683, 1236, 1234, 618.00, 1
2127, 8449, 5, 0, 9685, 11154, 2705, 2700, 541.00, 1
2128, 8451, 7, 0, 9689, 11158, 2707, 2700, 386.71, 1
2129, 8454, 2, 0, 9697, 9698, 1244, 1242, 622.00, 1
2130, 8456, 4, 0, 9703, 9706, 1250, 1246, 312.50, 1
2131, 8460, 4, 0, 9707, 9710, 1250, 1246, 312.50, 1
2132, 8463, 7, 0, 9711, 11178, 2715, 2708, 387.86, 1
2133, 8469, 15, 0, 9717, 14488, 6019, 6004, 401.27, 1
2134, 8475, 2, 0, 9727, 9728, 1253, 1251, 626.50, 1
2135, 8476, 3, 0, 9729, 9731, 1255, 1252, 418.33, 1
2136, 8478, 2, 0, 9732, 9733, 1255, 1253, 627.50, 1
2137, 8484, 4, 0, 9742, 9745, 1261, 1257, 315.25, 1
2138, 8485, 4, 0, 9746, 9749, 1264, 1260, 316.00, 1
2139, 8487, 2, 0, 9754, 9755, 1268, 1266, 634.00, 1
2140, 8489, 5, 0, 9756, 11227, 2738, 2733, 547.60, 1
2141, 8500, 2, 0, 9764, 9765, 1265, 1263, 632.50, 1
2142, 8504, 1, 0, 9766, 9766, 1262, 1261, 1262.00, 1
2143, 8505, 5, 0, 9767, 11234, 2729, 2724, 545.80, 1
2144, 8507, 2, 0, 9771, 9772, 1265, 1263, 632.50, 1
2145, 8510, 13, 0, 9773, 14575, 6065, 6052, 466.54, 1
2146, 8511, 1, 0, 9777, 9777, 1266, 1265, 1266.00, 1
2147, 8539, 7, 0, 9792, 11258, 2719, 2712, 388.43, 1
2148, 8543, 5, 0, 9796, 11260, 2717, 2712, 543.40, 1
2149, 8544, 5, 0, 9800, 11261, 2717, 2712, 543.40, 1
2150, 8547, 2, 0, 9804, 9805, 1258, 1256, 629.00, 1
2151, 8554, 3, 0, 9807, 9809, 1255, 1252, 418.33, 1
2152, 8563, 6, 0, 9810, 11271, 2708, 2702, 451.33, 1
2153, 8567, 2, 0, 9817, 9818, 1251, 1249, 625.50, 1
2154, 8568, 1, 0, 9819, 9819, 1251, 1250, 1251.00, 1
2155, 8569, 15, 0, 9824, 14640, 6071, 6056, 404.73, 1
2156, 8570, 5, 0, 9828, 11285, 2715, 2710, 543.00, 1
2157, 8578, 1, 0, 9840, 9840, 1262, 1261, 1262.00, 1
2158, 8581, 4, 0, 9841, 9844, 1263, 1259, 315.75, 1
2159, 8583, 3, 0, 9845, 9847, 1264, 1261, 421.33, 1
2160, 8584, 2, 0, 9852, 9853, 1269, 1267, 634.50, 1
2161, 8587, 2, 0, 9854, 9855, 1268, 1266, 634.00, 1
2162, 8592, 2, 0, 9859, 9860, 1268, 1266, 634.00, 1
2163, 8593, 1, 0, 9861, 9861, 1268, 1267, 1268.00, 1
2164, 8594, 8, 0, 9862, 11314, 2720, 2712, 340.00, 1
2165, 8602, 2, 0, 9868, 9869, 1267, 1265, 633.50, 1
2166, 8604, 3, 0, 9870, 9872, 1268, 1265, 422.67, 1
2167, 8606, 3, 0, 9873, 9875, 1269, 1266, 423.00, 1
2168, 8611, 1, 0, 9876, 9876, 1265, 1264, 1265.00, 1
2169, 8613, 2, 0, 9878, 9879, 1266, 1264, 633.00, 1
2170, 8614, 8, 0, 9880, 11319, 2705, 2697, 338.12, 1
2171, 8619, 2, 0, 9888, 9889, 1270, 1268, 635.00, 1
2172, 8620, 6, 0, 9890, 11325, 2705, 2699, 450.83, 1
2173, 8622, 5, 0, 9894, 11326, 2704, 2699, 540.80, 1
2174, 8623, 4, 0, 9898, 9901, 1278, 1274, 319.50, 1
2175, 8624, 8, 0, 9902, 11336, 2712, 2704, 339.00, 1
2176, 8629, 3, 0, 9910, 9912, 1283, 1280, 427.67, 1
2177, 8630, 5, 0, 9913, 11345, 2715, 2710, 543.00, 1
2178, 8631, 4, 0, 9918, 9921, 1290, 1286, 322.50, 1
2179, 8633, 1, 0, 9922, 9922, 1289, 1288, 1289.00, 1
2180, 8640, 13, 0, 9928, 14760, 6120, 6107, 470.77, 1
2181, 8644, 2, 0, 9936, 9937, 1293, 1291, 646.50, 1
2182, 8653, 3, 0, 9943, 9945, 1292, 1289, 430.67, 1
2183, 8654, 8, 0, 9946, 11382, 2728, 2720, 341.00, 1
2184, 8655, 1, 0, 9950, 9950, 1295, 1294, 1295.00, 1
2185, 8656, 5, 0, 9954, 11384, 2728, 2723, 545.60, 1
2186, 8662, 6, 0, 9962, 11398, 2736, 2730, 456.00, 1
2187, 8663, 4, 0, 9966, 9969, 1306, 1302, 326.50, 1
2188, 8675, 6, 0, 9982, 11421, 2746, 2740, 457.67, 1
2189, 8677, 1, 0, 9989, 9989, 1312, 1311, 1312.00, 1
2190, 8679, 2, 0, 9990, 9991, 1312, 1310, 656.00, 1
2191, 8683, 3, 0, 9992, 9994, 1311, 1308, 437.00, 1
2192, 8684, 1, 0, 9995, 9995, 1311, 1310, 1311.00, 1
2193, 8685, 2, 0, 9996, 9997, 1312, 1310, 656.00, 1
2194, 8686, 20, 0, 9998, 17253, 8567, 8547, 428.35, 1
2195, 8693, 3, 0, 10002, 10004, 1311, 1308, 437.00, 1
2196, 8694, 5, 0, 10005, 11447, 2753, 2748, 550.60, 1
2197, 8701, 1, 0, 10013, 10013, 1312, 1311, 1312.00, 1
2198, 8702, 1, 0, 10014, 10014, 1312, 1311, 1312.00, 1
2199, 8704, 1, 0, 10019, 10019, 1315, 1314, 1315.00, 1
2200, 8714, 8, 0, 10024, 11468, 2754, 2746, 344.25, 1
2201, 8716, 1, 0, 10028, 10028, 1312, 1311, 1312.00, 1
2202, 8717, 1, 0, 10029, 10029, 1312, 1311, 1312.00, 1
2203, 8724, 10, 0, 10037, 13076, 4352, 4342, 435.20, 1
2204, 8729, 13, 0, 10045, 15007, 6278, 6265, 482.92, 1
2205, 8731, 3, 0, 10050, 10052, 1321, 1318, 440.33, 1
2206, 8736, 5, 0, 10057, 11512, 2776, 2771, 555.20, 1
2207, 8739, 1, 0, 10061, 10061, 1322, 1321, 1322.00, 1
2208, 8746, 4, 0, 10063, 10066, 1320, 1316, 330.00, 1
2209, 8752, 5, 0, 10075, 11522, 2770, 2765, 554.00, 1
2210, 8761, 9, 0, 10080, 13124, 4363, 4354, 484.78, 1
2211, 8762, 3, 0, 10084, 10086, 1324, 1321, 441.33, 1
2212, 8763, 3, 0, 10087, 10089, 1326, 1323, 442.00, 1
2213, 8770, 2, 0, 10090, 10091, 1321, 1319, 660.50, 1
2214, 8773, 8, 0, 10092, 11533, 2760, 2752, 345.00, 1
2215, 8777, 1, 0, 10100, 10100, 1323, 1322, 1323.00, 1
2216, 8779, 1, 0, 10101, 10101, 1322, 1321, 1322.00, 1
2217, 8780, 5, 0, 10102, 11537, 2757, 2752, 551.40, 1
2218, 8783, 13, 0, 10106, 15040, 6257, 6244, 481.31, 1
2219, 8790, 5, 0, 10118, 11561, 2771, 2766, 554.20, 1
2220, 8793, 1, 0, 10123, 10123, 1330, 1329, 1330.00, 1
2221, 8796, 4, 0, 10124, 10127, 1331, 1327, 332.75, 1
2222, 8804, 26, 0, 10134, 23278, 14474, 14448, 556.69, 1
2223, 8806, 12, 0, 10142, 13219, 4413, 4401, 367.75, 1
2224, 8808, 5, 0, 10146, 11597, 2789, 2784, 557.80, 1
2225, 8816, 2, 0, 10156, 10157, 1341, 1339, 670.50, 1
2226, 8819, 8, 0, 10162, 11622, 2803, 2795, 350.38, 1
2227, 8822, 2, 0, 10166, 10167, 1345, 1343, 672.50, 1
2228, 8824, 10, 0, 10169, 13258, 4434, 4424, 443.40, 1
2229, 8831, 1, 0, 10176, 10176, 1345, 1344, 1345.00, 1
2230, 8838, 6, 0, 10179, 11634, 2796, 2790, 466.00, 1
2231, 8842, 3, 0, 10187, 10189, 1347, 1344, 449.00, 1
2232, 8843, 4, 0, 10190, 10193, 1350, 1346, 337.50, 1
2233, 8844, 7, 0, 10194, 11647, 2803, 2796, 400.43, 1
2234, 8849, 4, 0, 10199, 10202, 1353, 1349, 338.25, 1
2235, 8854, 6, 0, 10207, 11655, 2801, 2795, 466.83, 1
2236, 8862, 3, 0, 10217, 10219, 1357, 1354, 452.33, 1
2237, 8865, 4, 0, 10220, 10223, 1358, 1354, 339.50, 1
2238, 8871, 1, 0, 10226, 10226, 1355, 1354, 1355.00, 1
2239, 8877, 6, 0, 10229, 11667, 2790, 2784, 465.00, 1
2240, 8883, 9, 0, 10237, 13322, 4439, 4430, 493.22, 1
2241, 8885, 1, 0, 10245, 10245, 1360, 1359, 1360.00, 1
2242, 8895, 4, 0, 10246, 10249, 1354, 1350, 338.50, 1
2243, 8897, 4, 0, 10251, 10254, 1357, 1353, 339.25, 1
2244, 8898, 2, 0, 10255, 10256, 1358, 1356, 679.00, 1
2245, 8905, 5, 0, 10258, 11685, 2780, 2775, 556.00, 1
2246, 8907, 8, 0, 10266, 11695, 2788, 2780, 348.50, 1
2247, 8923, 2, 0, 10277, 10278, 1355, 1353, 677.50, 1
2248, 8925, 3, 0, 10279, 10281, 1356, 1353, 452.00, 1
2249, 8934, 4, 0, 10287, 10290, 1356, 1352, 339.00, 1
2250, 8936, 3, 0, 10291, 10293, 1357, 1354, 452.33, 1
2251, 8942, 15, 0, 10295, 15296, 6354, 6339, 423.60, 1
2252, 8952, 1, 0, 10302, 10302, 1350, 1349, 1350.00, 1
2253, 8958, 7, 0, 10306, 11726, 2768, 2761, 395.43, 1
2254, 8960, 13, 0, 10310, 15323, 6363, 6350, 489.46, 1
2255, 8964, 8, 0, 10318, 11744, 2780, 2772, 347.50, 1
2256, 8968, 2, 0, 10326, 10327, 1359, 1357, 679.50, 1
2257, 8970, 1, 0, 10331, 10331, 1361, 1360, 1361.00, 1
2258, 8973, 4, 0, 10332, 10335, 1362, 1358, 340.50, 1
2259, 8977, 4, 0, 10336, 10339, 1362, 1358, 340.50, 1
2260, 8978, 7, 0, 10340, 11752, 2774, 2767, 396.29, 1
2261, 8991, 7, 0, 10349, 11774, 2783, 2776, 397.57, 1
2262, 8992, 7, 0, 10353, 11780, 2788, 2781, 398.29, 1
2263, 8995, 1, 0, 10361, 10361, 1366, 1365, 1366.00, 1
2264, 8999, 4, 0, 10366, 10369, 1370, 1366, 342.50, 1
2265, 9003, 6, 0, 10370, 11809, 2806, 2800, 467.67, 1
2266, 9010, 1, 0, 10382, 10382, 1372, 1371, 1372.00, 1
2267, 9012, 12, 0, 10383, 13506, 4494, 4482, 374.50, 1
2268, 9015, 4, 0, 10387, 10390, 1375, 1371, 343.75, 1
2269, 9018, 2, 0, 10394, 10395, 1377, 1375, 688.50, 1
2270, 9024, 9, 0, 10396, 13516, 4492, 4483, 499.11, 1
2271, 9025, 7, 0, 10404, 11850, 2825, 2818, 403.57, 1
2272, 9027, 5, 0, 10408, 11851, 2824, 2819, 564.80, 1
2273, 9034, 2, 0, 10412, 10413, 1379, 1377, 689.50, 1
2274, 9039, 3, 0, 10416, 10418, 1379, 1376, 459.67, 1
2275, 9040, 9, 0, 10419, 13527, 4487, 4478, 498.56, 1
2276, 9044, 3, 0, 10424, 10426, 1382, 1379, 460.67, 1
2277, 9049, 4, 0, 10431, 10434, 1385, 1381, 346.25, 1
2278, 9052, 14, 0, 10435, 15628, 6576, 6562, 469.71, 1
2279, 9053, 6, 0, 10440, 11891, 2838, 2832, 473.00, 1
2280, 9055, 2, 0, 10444, 10445, 1390, 1388, 695.00, 1
2281, 9056, 1, 0, 10446, 10446, 1390, 1389, 1390.00, 1
2282, 9063, 3, 0, 10455, 10457, 1394, 1391, 464.67, 1
2283, 9065, 17, 0, 10459, 18100, 9035, 9018, 531.47, 1
2284, 9075, 5, 0, 10463, 11923, 2848, 2843, 569.60, 1
2285, 9077, 2, 0, 10467, 10468, 1391, 1389, 695.50, 1
2286, 9080, 1, 0, 10469, 10469, 1389, 1388, 1389.00, 1
2287, 9081, 5, 0, 10470, 11928, 2847, 2842, 569.40, 1
2288, 9086, 6, 0, 10478, 11935, 2849, 2843, 474.83, 1
2289, 9090, 2, 0, 10482, 10483, 1393, 1391, 696.50, 1
2290, 9092, 5, 0, 10484, 11940, 2848, 2843, 569.60, 1
2291, 9094, 18, 0, 10488, 18119, 9025, 9007, 501.39, 1
2292, 9097, 5, 0, 10492, 11955, 2858, 2853, 571.60, 1
2293, 9100, 1, 0, 10496, 10496, 1396, 1395, 1396.00, 1
2294, 9103, 2, 0, 10497, 10498, 1395, 1393, 697.50, 1
2295, 9104, 3, 0, 10503, 10505, 1401, 1398, 467.00, 1
2296, 9108, 13, 0, 10506, 15743, 6635, 6622, 510.38, 1
2297, 9113, 2, 0, 10510, 10511, 1398, 1396, 699.00, 1
2298, 9116, 16, 0, 10512, 15755, 6639, 6623, 414.94, 1
2299, 9121, 4, 0, 10516, 10519, 1398, 1394, 349.50, 1
2300, 9124, 1, 0, 10522, 10522, 1398, 1397, 1398.00, 1
2301, 9126, 1, 0, 10523, 10523, 1397, 1396, 1397.00, 1
2302, 9132, 6, 0, 10524, 11986, 2854, 2848, 475.67, 1
2303, 9135, 2, 0, 10528, 10529, 1394, 1392, 697.00, 1
2304, 9136, 1, 0, 10530, 10530, 1394, 1393, 1394.00, 1
2305, 9140, 9, 0, 10532, 13672, 4532, 4523, 503.56, 1
2306, 9142, 1, 0, 10536, 10536, 1394, 1393, 1394.00, 1
2307, 9145, 1, 0, 10541, 10541, 1396, 1395, 1396.00, 1
2308, 9148, 2, 0, 10542, 10543, 1395, 1393, 697.50, 1
2309, 9153, 2, 0, 10544, 10545, 1392, 1390, 696.00, 1
2310, 9157, 4, 0, 10549, 10552, 1395, 1391, 348.75, 1
2311, 9174, 5, 0, 10557, 12022, 2848, 2843, 569.60, 1
2312, 9177, 2, 0, 10561, 10562, 1385, 1383, 692.50, 1
2313, 9196, 5, 0, 10567, 12028, 2832, 2827, 566.40, 1
2314, 9199, 9, 0, 10575, 13706, 4507, 4498, 500.78, 1
2315, 9203, 3, 0, 10579, 10581, 1378, 1375, 459.33, 1
2316, 9204, 2, 0, 10582, 10583, 1379, 1377, 689.50, 1
2317, 9213, 2, 0, 10584, 10585, 1372, 1370, 686.00, 1
2318, 9215, 3, 0, 10589, 10591, 1376, 1373, 458.67, 1
2319, 9221, 16, 0, 10593, 15864, 6643, 6627, 415.19, 1
2320, 9227, 2, 0, 10601, 10602, 1375, 1373, 687.50, 1
2321, 9228, 1, 0, 10603, 10603, 1375, 1374, 1375.00, 1
2322, 9231, 1, 0, 10604, 10604, 1373, 1372, 1373.00, 1
2323, 9234, 4, 0, 10607, 10610, 1376, 1372, 344.00, 1
2324, 9245, 4, 0, 10614, 10617, 1372, 1368, 343.00, 1
2325, 9249, 9, 0, 10622, 13773, 4524, 4515, 502.67, 1
2326, 9254, 1, 0, 10630, 10630, 1376, 1375, 1376.00, 1
2327, 9255, 8, 0, 10631, 12090, 2835, 2827, 354.38, 1
2328, 9257, 3, 0, 10635, 10637, 1380, 1377, 460.00, 1
2329, 9262, 4, 0, 10638, 10641, 1379, 1375, 344.75, 1
2330, 9266, 1, 0, 10645, 10645, 1379, 1378, 1379.00, 1
2331, 9271, 1, 0, 10646, 10646, 1375, 1374, 1375.00, 1
2332, 9282, 1, 0, 10647, 10647, 1365, 1364, 1365.00, 1
2333, 9287, 15, 0, 10654, 15948, 6661, 6646, 444.07, 1
2334, 9288, 1, 0, 10658, 10658, 1370, 1369, 1370.00, 1
2335, 9292, 10, 0, 10663, 13820, 4528, 4518, 452.80, 1
2336, 9296, 2, 0, 10667, 10668, 1372, 1370, 686.00, 1
2337, 9298, 1, 0, 10672, 10672, 1374, 1373, 1374.00, 1
2338, 9300, 5, 0, 10673, 12140, 2840, 2835, 568.00, 1
2339, 9305, 2, 0, 10681, 10682, 1377, 1375, 688.50, 1
2340, 9317, 5, 0, 10688, 12146, 2829, 2824, 565.80, 1
2341, 9322, 9, 0, 10696, 13857, 4535, 4526, 503.89, 1
2342, 9331, 1, 0, 10702, 10702, 1371, 1370, 1371.00, 1
2343, 9332, 3, 0, 10703, 10705, 1373, 1370, 457.67, 1
2344, 9333, 12, 0, 10706, 13862, 4529, 4517, 377.42, 1
2345, 9340, 2, 0, 10714, 10715, 1375, 1373, 687.50, 1
2346, 9342, 2, 0, 10716, 10717, 1375, 1373, 687.50, 1
2347, 9346, 2, 0, 10721, 10722, 1376, 1374, 688.00, 1
2348, 9347, 1, 0, 10723, 10723, 1376, 1375, 1376.00, 1
2349, 9358, 4, 0, 10728, 10731, 1373, 1369, 343.25, 1
2350, 9360, 5, 0, 10732, 12196, 2836, 2831, 567.20, 1
2351, 9364, 5, 0, 10740, 12201, 2837, 2832, 567.40, 1
2352, 9366, 1, 0, 10744, 10744, 1378, 1377, 1378.00, 1
2353, 9367, 6, 0, 10749, 12209, 2842, 2836, 473.67, 1
2354, 9373, 4, 0, 10753, 10756, 1383, 1379, 345.75, 1
2355, 9375, 8, 0, 10758, 12219, 2844, 2836, 355.50, 1
2356, 9380, 5, 0, 10766, 12228, 2848, 2843, 569.60, 1
2357, 9384, 12, 0, 10774, 13977, 4593, 4581, 382.75, 1
2358, 9385, 3, 0, 10778, 10780, 1395, 1392, 465.00, 1
2359, 9386, 5, 0, 10781, 12240, 2854, 2849, 570.80, 1
2360, 9396, 7, 0, 10785, 12243, 2847, 2840, 406.71, 1
2361, 9401, 3, 0, 10790, 10792, 1391, 1388, 463.67, 1
2362, 9406, 5, 0, 10796, 12259, 2853, 2848, 570.60, 1
2363, 9411, 9, 0, 10804, 14007, 4596, 4587, 510.67, 1
2364, 9414, 2, 0, 10808, 10809, 1395, 1393, 697.50, 1
2365, 9425, 3, 0, 10815, 10817, 1392, 1389, 464.00, 1
2366, 9427, 1, 0, 10818, 10818, 1391, 1390, 1391.00, 1
2367, 9428, 1, 0, 10819, 10819, 1391, 1390, 1391.00, 1
2368, 9436, 11, 0, 10827, 14033, 4597, 4586, 417.91, 1
2369, 9441, 5, 0, 10835, 12298, 2857, 2852, 571.40, 1
2370, 9443, 11, 0, 10839, 14054, 4611, 4600, 419.18, 1
2371, 9445, 6, 0, 10847, 12318, 2873, 2867, 478.83, 1
2372, 9449, 1, 0, 10852, 10852, 1403, 1402, 1403.00, 1
2373, 9458, 10, 0, 10857, 14093, 4635, 4625, 463.50, 1
2374, 9464, 4, 0, 10862, 10865, 1401, 1397, 350.25, 1
2375, 9477, 6, 0, 10874, 12357, 2880, 2874, 480.00, 1
2376, 9481, 5, 0, 10882, 12364, 2883, 2878, 576.60, 1
2377, 9482, 3, 0, 10886, 10888, 1406, 1403, 468.67, 1
2378, 9486, 7, 0, 10890, 12374, 2888, 2881, 412.57, 1
2379, 9493, 1, 0, 10895, 10895, 1402, 1401, 1402.00, 1
2380, 9500, 6, 0, 10901, 12392, 2892, 2886, 482.00, 1
2381, 9504, 5, 0, 10905, 12398, 2894, 2889, 578.80, 1
2382, 9505, 3, 0, 10909, 10911, 1406, 1403, 468.67, 1
2383, 9511, 1, 0, 10914, 10914, 1403, 1402, 1403.00, 1
2384, 9516, 4, 0, 10917, 10920, 1404, 1400, 351.00, 1
2385, 9519, 4, 0, 10921, 10924, 1405, 1401, 351.25, 1
2386, 9520, 4, 0, 10925, 10928, 1408, 1404, 352.00, 1
2387, 9523, 11, 0, 10929, 14148, 4625, 4614, 420.45, 1
2388, 9526, 15, 0, 10936, 16320, 6794, 6779, 452.93, 1
2389, 9527, 2, 0, 10940, 10941, 1414, 1412, 707.00, 1
2390, 9528, 6, 0, 10946, 12427, 2899, 2893, 483.17, 1
2391, 9531, 2, 0, 10950, 10951, 1420, 1418, 710.00, 1
2392, 9539, 1, 0, 10957, 10957, 1418, 1417, 1418.00, 1
2393, 9540, 13, 0, 10958, 16364, 6824, 6811, 524.92, 1
2394, 9542, 1, 0, 10966, 10966, 1424, 1423, 1424.00, 1
2395, 9546, 1, 0, 10971, 10971, 1425, 1424, 1425.00, 1
2396, 9547, 2, 0, 10972, 10973, 1426, 1424, 713.00, 1
2397, 9555, 1, 0, 10978, 10978, 1423, 1422, 1423.00, 1
2398, 9556, 1, 0, 10979, 10979, 1423, 1422, 1423.00, 1
2399, 9562, 1, 0, 10988, 10988, 1426, 1425, 1426.00, 1
2400, 9567, 5, 0, 10993, 12480, 2913, 2908, 582.60, 1
2401, 9568, 2, 0, 10997, 10998, 1430, 1428, 715.00, 1
2402, 9571, 4, 0, 11003, 11006, 1435, 1431, 358.75, 1
2403, 9573, 2, 0, 11007, 11008, 1435, 1433, 717.50, 1
2404, 9577, 1, 0, 11009, 11009, 1432, 1431, 1432.00, 1
2405, 9583, 3, 0, 11012, 11014, 1431, 1428, 477.00, 1
2406, 9585, 2, 0, 11015, 11016, 1431, 1429, 715.50, 1
2407, 9588, 2, 0, 11017, 11018, 1430, 1428, 715.00, 1
2408, 9589, 3, 0, 11023, 11025, 1436, 1433, 478.67, 1
2409, 9595, 2, 0, 11028, 11029, 1434, 1432, 717.00, 1
2410, 9599, 10, 0, 11034, 14257, 4658, 4648, 465.80, 1
2411, 9601, 14, 0, 11039, 16434, 6833, 6819, 488.07, 1
2412, 9603, 10, 0, 11043, 14274, 4671, 4661, 467.10, 1
2413, 9609, 8, 0, 11051, 12543, 2934, 2926, 366.75, 1
2414, 9611, 5, 0, 11055, 12544, 2933, 2928, 586.60, 1
2415, 9614, 1, 0, 11061, 11061, 1447, 1446, 1447.00, 1
2416, 9615, 14, 0, 11062, 16493, 6878, 6864, 491.29, 1
2417, 9630, 2, 0, 11078, 11079, 1449, 1447, 724.50, 1
2418, 9633, 2, 0, 11084, 11085, 1452, 1450, 726.00, 1
2419, 9639, 9, 0, 11090, 14332, 4693, 4684, 521.44, 1
2420, 9640, 24, 0, 11098, 21917, 12277, 12253, 511.54, 1
2421, 9644, 12, 0, 11103, 14358, 4714, 4702, 392.83, 1
2422, 9650, 2, 0, 11107, 11108, 1458, 1456, 729.00, 1
2423, 9659, 4, 0, 11111, 11114, 1455, 1451, 363.75, 1
2424, 9660, 5, 0, 11115, 12610, 2950, 2945, 590.00, 1
2425, 9661, 2, 0, 11121, 11122, 1461, 1459, 730.50, 1
2426, 9663, 6, 0, 11123, 12616, 2953, 2947, 492.17, 1
2427, 9668, 5, 0, 11128, 12628, 2960, 2955, 592.00, 1
2428, 9675, 5, 0, 11132, 12633, 2958, 2953, 591.60, 1
2429, 9677, 8, 0, 11138, 12641, 2964, 2956, 370.50, 1
2430, 9678, 1, 0, 11142, 11142, 1464, 1463, 1464.00, 1
2431, 9681, 4, 0, 11143, 11146, 1465, 1461, 366.25, 1
2432, 9687, 25, 0, 11147, 25423, 15736, 15711, 629.44, 1
2433, 9688, 3, 0, 11151, 11153, 1465, 1462, 488.33, 1
2434, 9689, 1, 0, 11155, 11155, 1466, 1465, 1466.00, 1
2435, 9695, 14, 0, 11159, 16667, 6972, 6958, 498.00, 1
2436, 9700, 1, 0, 11163, 11163, 1463, 1462, 1463.00, 1
2437, 9702, 3, 0, 11164, 11166, 1464, 1461, 488.00, 1
2438, 9704, 6, 0, 11169, 12684, 2980, 2974, 496.67, 1
2439, 9712, 3, 0, 11173, 11175, 1463, 1460, 487.67, 1
2440, 9717, 1, 0, 11179, 11179, 1462, 1461, 1462.00, 1
2441, 9725, 5, 0, 11185, 12709, 2984, 2979, 596.80, 1
2442, 9731, 7, 0, 11189, 12717, 2986, 2979, 426.57, 1
2443, 9735, 11, 0, 11193, 14510, 4775, 4764, 434.09, 1
2444, 9745, 2, 0, 11202, 11203, 1458, 1456, 729.00, 1
2445, 9748, 17, 0, 11204, 19358, 9610, 9593, 565.29, 1
2446, 9754, 1, 0, 11210, 11210, 1456, 1455, 1456.00, 1
2447, 9755, 5, 0, 11211, 12744, 2989, 2984, 597.80, 1
2448, 9757, 11, 0, 11215, 14546, 4789, 4778, 435.36, 1
2449, 9758, 10, 0, 11219, 14559, 4801, 4791, 480.10, 1
2450, 9759, 5, 0, 11223, 12759, 3000, 2995, 600.00, 1
2451, 9760, 1, 0, 11228, 11228, 1468, 1467, 1468.00, 1
2452, 9762, 5, 0, 11229, 12764, 3002, 2997, 600.40, 1
2453, 9773, 15, 0, 11235, 16823, 7050, 7035, 470.00, 1
2454, 9792, 7, 0, 11252, 12792, 3000, 2993, 428.57, 1
2455, 9796, 1, 0, 11259, 11259, 1463, 1462, 1463.00, 1
2456, 9805, 1, 0, 11262, 11262, 1457, 1456, 1457.00, 1
2457, 9809, 3, 0, 11263, 11265, 1456, 1453, 485.33, 1
2458, 9810, 6, 0, 11266, 12801, 2991, 2985, 498.50, 1
2459, 9818, 3, 0, 11272, 11274, 1456, 1453, 485.33, 1
2460, 9822, 19, 0, 11275, 19505, 9683, 9664, 509.63, 1
2461, 9830, 2, 0, 11283, 11284, 1454, 1452, 727.00, 1
2462, 9849, 2, 0, 11292, 11293, 1444, 1442, 722.00, 1
2463, 9850, 1, 0, 11294, 11294, 1444, 1443, 1444.00, 1
2464, 9857, 3, 0, 11299, 11301, 1444, 1441, 481.33, 1
2465, 9860, 4, 0, 11302, 11305, 1445, 1441, 361.25, 1
2466, 9864, 14, 0, 11306, 16971, 7107, 7093, 507.64, 1
2467, 9865, 1, 0, 11310, 11310, 1445, 1444, 1445.00, 1
2468, 9877, 1, 0, 11315, 11315, 1438, 1437, 1438.00, 1
2469, 9899, 5, 0, 11327, 12860, 2961, 2956, 592.20, 1
2470, 9904, 2, 0, 11331, 11332, 1428, 1426, 714.00, 1
2471, 9909, 14, 0, 11337, 17022, 7113, 7099, 508.07, 1
2472, 9915, 2, 0, 11343, 11344, 1429, 1427, 714.50, 1
2473, 9917, 12, 0, 11346, 14751, 4834, 4822, 402.83, 1
2474, 9919, 1, 0, 11350, 11350, 1431, 1430, 1431.00, 1
2475, 9934, 2, 0, 11355, 11356, 1422, 1420, 711.00, 1
2476, 9936, 2, 0, 11358, 11359, 1423, 1421, 711.50, 1
2477, 9937, 4, 0, 11360, 11363, 1426, 1422, 356.50, 1
2478, 9940, 7, 0, 11364, 12922, 2982, 2975, 426.00, 1
2479, 9941, 6, 0, 11368, 12928, 2987, 2981, 497.83, 1
2480, 9945, 1, 0, 11374, 11374, 1429, 1428, 1429.00, 1
2481, 9946, 4, 0, 11375, 11378, 1432, 1428, 358.00, 1
2482, 9951, 1, 0, 11383, 11383, 1432, 1431, 1432.00, 1
2483, 9964, 10, 0, 11389, 14820, 4856, 4846, 485.60, 1
2484, 9965, 11, 0, 11393, 14823, 4858, 4847, 441.64, 1
2485, 9967, 3, 0, 11399, 11401, 1434, 1431, 478.00, 1
2486, 9969, 4, 0, 11402, 11405, 1436, 1432, 359.00, 1
2487, 9977, 13, 0, 11406, 17141, 7164, 7151, 551.08, 1
2488, 9983, 14, 0, 11416, 17165, 7182, 7168, 513.00, 1
2489, 9988, 11, 0, 11422, 14886, 4898, 4887, 445.27, 1
2490, 9989, 9, 0, 11426, 14895, 4906, 4897, 545.11, 1
2491, 9991, 16, 0, 11430, 17221, 7230, 7214, 451.88, 1
2492, 9994, 6, 0, 11434, 12995, 3001, 2995, 500.17, 1
2493, 9998, 14, 0, 11438, 17232, 7234, 7220, 516.71, 1
2494, 10003, 1, 0, 11446, 11446, 1443, 1442, 1443.00, 1
2495, 10009, 4, 0, 11448, 11451, 1442, 1438, 360.50, 1
2496, 10012, 1, 0, 11452, 11452, 1440, 1439, 1440.00, 1
2497, 10017, 1, 0, 11454, 11454, 1437, 1436, 1437.00, 1
2498, 10018, 5, 0, 11455, 13025, 3007, 3002, 601.40, 1
2499, 10027, 1, 0, 11464, 11464, 1437, 1436, 1437.00, 1
2500, 10029, 7, 0, 11469, 13051, 3022, 3015, 431.71, 1
2501, 10034, 6, 0, 11477, 13059, 3025, 3019, 504.17, 1
2502, 10039, 5, 0, 11481, 13066, 3027, 3022, 605.40, 1
2503, 10042, 23, 0, 11489, 23165, 13123, 13100, 570.57, 1
2504, 10043, 6, 0, 11493, 13083, 3040, 3034, 506.67, 1
2505, 10049, 9, 0, 11502, 15008, 4959, 4950, 551.00, 1
2506, 10059, 2, 0, 11510, 11511, 1452, 1450, 726.00, 1
2507, 10061, 11, 0, 11513, 15019, 4958, 4947, 450.73, 1
2508, 10095, 3, 0, 11527, 11529, 1434, 1431, 478.00, 1
2509, 10109, 12, 0, 11538, 15039, 4930, 4918, 410.83, 1
2510, 10111, 7, 0, 11546, 13150, 3039, 3032, 434.14, 1
2511, 10114, 1, 0, 11554, 11554, 1440, 1439, 1440.00, 1
2512, 10120, 5, 0, 11557, 13168, 3048, 3043, 609.60, 1
2513, 10127, 4, 0, 11562, 11565, 1438, 1434, 359.50, 1
2514, 10138, 5, 0, 11570, 13179, 3041, 3036, 608.20, 1
2515, 10143, 3, 0, 11578, 11580, 1437, 1434, 479.00, 1
2516, 10144, 11, 0, 11581, 15097, 4953, 4942, 450.27, 1
2517, 10145, 16, 0, 11585, 17455, 7310, 7294, 456.88, 1
2518, 10147, 6, 0, 11593, 13228, 3081, 3075, 513.50, 1
2519, 10150, 2, 0, 11598, 11599, 1449, 1447, 724.50, 1
2520, 10153, 1, 0, 11600, 11600, 1447, 1446, 1447.00, 1
2521, 10154, 11, 0, 11601, 15135, 4981, 4970, 452.82, 1
2522, 10159, 2, 0, 11609, 11610, 1451, 1449, 725.50, 1
2523, 10165, 4, 0, 11615, 11618, 1453, 1449, 363.25, 1
2524, 10173, 13, 0, 11627, 17507, 7334, 7321, 564.15, 1
2525, 10175, 1, 0, 11631, 11631, 1456, 1455, 1456.00, 1
2526, 10180, 1, 0, 11632, 11632, 1452, 1451, 1452.00, 1
2527, 10190, 3, 0, 11637, 11639, 1449, 1446, 483.00, 1
2528, 10192, 5, 0, 11640, 13273, 3081, 3076, 616.20, 1
2529, 10193, 1, 0, 11644, 11644, 1451, 1450, 1451.00, 1
2530, 10204, 4, 0, 11648, 11651, 1447, 1443, 361.75, 1
2531, 10210, 2, 0, 11652, 11653, 1443, 1441, 721.50, 1
2532, 10216, 4, 0, 11656, 11659, 1443, 1439, 360.75, 1
2533, 10226, 6, 0, 11662, 13294, 3068, 3062, 511.33, 1
2534, 10236, 1, 0, 11668, 11668, 1432, 1431, 1432.00, 1
2535, 10237, 9, 0, 11673, 15224, 4987, 4978, 554.11, 1
2536, 10242, 2, 0, 11681, 11682, 1440, 1438, 720.00, 1
2537, 10247, 2, 0, 11683, 11684, 1437, 1435, 718.50, 1
2538, 10264, 1, 0, 11686, 11686, 1422, 1421, 1422.00, 1
2539, 10269, 13, 0, 11688, 17596, 7327, 7314, 563.62, 1
2540, 10270, 9, 0, 11696, 15258, 4988, 4979, 554.22, 1
2541, 10271, 5, 0, 11700, 13350, 3079, 3074, 615.80, 1
2542, 10275, 2, 0, 11705, 11706, 1431, 1429, 715.50, 1
2543, 10278, 6, 0, 11707, 13356, 3078, 3072, 513.00, 1
2544, 10286, 4, 0, 11712, 11715, 1429, 1425, 357.25, 1
2545, 10297, 7, 0, 11716, 13359, 3062, 3055, 437.43, 1
2546, 10316, 5, 0, 11731, 13382, 3066, 3061, 613.20, 1
2547, 10318, 2, 0, 11735, 11736, 1418, 1416, 709.00, 1
2548, 10319, 1, 0, 11737, 11737, 1418, 1417, 1418.00, 1
2549, 10320, 3, 0, 11738, 11740, 1420, 1417, 473.33, 1
2550, 10327, 4, 0, 11745, 11748, 1421, 1417, 355.25, 1
2551, 10328, 1, 0, 11749, 11749, 1421, 1420, 1421.00, 1
2552, 10345, 5, 0, 11753, 13412, 3067, 3062, 613.40, 1
2553, 10346, 14, 0, 11757, 17755, 7409, 7395, 529.21, 1
2554, 10349, 9, 0, 11764, 15419, 5070, 5061, 563.33, 1
2555, 10352, 6, 0, 11768, 13429, 3077, 3071, 512.83, 1
2556, 10353, 3, 0, 11775, 11777, 1424, 1421, 474.67, 1
2557, 10360, 5, 0, 11781, 13442, 3082, 3077, 616.40, 1
2558, 10362, 11, 0, 11789, 15460, 5098, 5087, 463.45, 1
2559, 10363, 12, 0, 11793, 15468, 5105, 5093, 425.42, 1
2560, 10372, 15, 0, 11800, 17858, 7486, 7471, 499.07, 1
2561, 10373, 11, 0, 11804, 15494, 5121, 5110, 465.55, 1
2562, 10381, 7, 0, 11814, 13493, 3112, 3105, 444.57, 1
2563, 10385, 4, 0, 11818, 11821, 1436, 1432, 359.00, 1
2564, 10386, 5, 0, 11822, 13502, 3116, 3111, 623.20, 1
2565, 10387, 6, 0, 11830, 13508, 3121, 3115, 520.17, 1
2566, 10392, 6, 0, 11834, 13514, 3122, 3116, 520.33, 1
2567, 10396, 1, 0, 11838, 11838, 1442, 1441, 1442.00, 1
2568, 10398, 3, 0, 11839, 11841, 1443, 1440, 481.00, 1
2569, 10416, 1, 0, 11852, 11852, 1436, 1435, 1436.00, 1
2570, 10420, 17, 0, 11853, 20720, 10300, 10283, 605.88, 1
2571, 10421, 15, 0, 11857, 17986, 7565, 7550, 504.33, 1
2572, 10428, 6, 0, 11865, 13537, 3109, 3103, 518.17, 1
2573, 10431, 14, 0, 11871, 18013, 7582, 7568, 541.57, 1
2574, 10434, 5, 0, 11875, 13552, 3118, 3113, 623.60, 1
2575, 10435, 3, 0, 11879, 11881, 1446, 1443, 482.00, 1
2576, 10437, 2, 0, 11882, 11883, 1446, 1444, 723.00, 1
2577, 10442, 2, 0, 11888, 11889, 1447, 1445, 723.50, 1
2578, 10449, 4, 0, 11892, 11895, 1446, 1442, 361.50, 1
2579, 10453, 8, 0, 11898, 13584, 3131, 3123, 391.38, 1
2580, 10459, 10, 0, 11906, 15669, 5210, 5200, 521.00, 1
2581, 10462, 6, 0, 11910, 13606, 3144, 3138, 524.00, 1
2582, 10463, 5, 0, 11918, 13612, 3149, 3144, 629.80, 1
2583, 10465, 1, 0, 11922, 11922, 1457, 1456, 1457.00, 1
2584, 10468, 1, 0, 11924, 11924, 1456, 1455, 1456.00, 1
2585, 10470, 2, 0, 11925, 11926, 1456, 1454, 728.00, 1
2586, 10471, 1, 0, 11927, 11927, 1456, 1455, 1456.00, 1
2587, 10474, 5, 0, 11929, 13622, 3148, 3143, 629.60, 1
2588, 10476, 1, 0, 11933, 11933, 1457, 1456, 1457.00, 1
2589, 10487, 5, 0, 11936, 13627, 3140, 3135, 628.00, 1
2590, 10490, 3, 0, 11941, 11943, 1453, 1450, 484.33, 1
2591, 10491, 2, 0, 11944, 11945, 1454, 1452, 727.00, 1
2592, 10492, 1, 0, 11950, 11950, 1458, 1457, 1458.00, 1
2593, 10493, 8, 0, 11951, 13644, 3151, 3143, 393.88, 1
2594, 10499, 1, 0, 11956, 11956, 1457, 1456, 1457.00, 1
2595, 10504, 11, 0, 11961, 15738, 5234, 5223, 475.82, 1
2596, 10508, 3, 0, 11965, 11967, 1459, 1456, 486.33, 1
2597, 10513, 4, 0, 11972, 11975, 1462, 1458, 365.50, 1
2598, 10518, 5, 0, 11980, 13668, 3150, 3145, 630.00, 1
2599, 10523, 1, 0, 11984, 11984, 1461, 1460, 1461.00, 1
2600, 10528, 2, 0, 11987, 11988, 1460, 1458, 730.00, 1
2601, 10530, 2, 0, 11989, 11990, 1460, 1458, 730.00, 1
2602, 10532, 2, 0, 11991, 11992, 1460, 1458, 730.00, 1
2603, 10534, 3, 0, 11993, 11995, 1461, 1458, 487.00, 1
2604, 10536, 1, 0, 12000, 12000, 1464, 1463, 1464.00, 1
2605, 10541, 4, 0, 12002, 12005, 1464, 1460, 366.00, 1
2606, 10543, 2, 0, 12006, 12007, 1464, 1462, 732.00, 1
2607, 10544, 3, 0, 12008, 12010, 1466, 1463, 488.67, 1
2608, 10546, 10, 0, 12011, 15779, 5233, 5223, 523.30, 1
2609, 10560, 10, 0, 12018, 15795, 5235, 5225, 523.50, 1
2610, 10562, 5, 0, 12023, 13705, 3143, 3138, 628.60, 1
2611, 10564, 1, 0, 12027, 12027, 1463, 1462, 1463.00, 1
2612, 10580, 2, 0, 12035, 12036, 1456, 1454, 728.00, 1
2613, 10583, 18, 0, 12037, 20980, 10397, 10379, 577.61, 1
2614, 10585, 4, 0, 12041, 12044, 1459, 1455, 364.75, 1
2615, 10588, 1, 0, 12045, 12045, 1457, 1456, 1457.00, 1
2616, 10592, 1, 0, 12046, 12046, 1454, 1453, 1454.00, 1
2617, 10593, 18, 0, 12047, 21009, 10416, 10398, 578.67, 1
2618, 10602, 11, 0, 12059, 15871, 5269, 5258, 479.00, 1
2619, 10610, 6, 0, 12063, 13758, 3148, 3142, 524.67, 1
2620, 10611, 1, 0, 12067, 12067, 1456, 1455, 1456.00, 1
2621, 10621, 6, 0, 12068, 13768, 3147, 3141, 524.50, 1
2622, 10628, 1, 0, 12078, 12078, 1450, 1449, 1450.00, 1
2623, 10629, 6, 0, 12079, 13775, 3146, 3140, 524.33, 1
2624, 10635, 3, 0, 12091, 12093, 1458, 1455, 486.00, 1
2625, 10644, 9, 0, 12094, 15920, 5276, 5267, 586.22, 1
2626, 10646, 10, 0, 12098, 15931, 5285, 5275, 528.50, 1
2627, 10655, 4, 0, 12106, 12109, 1454, 1450, 363.50, 1
2628, 10664, 1, 0, 12116, 12116, 1452, 1451, 1452.00, 1
2629, 10666, 6, 0, 12117, 13818, 3152, 3146, 525.33, 1
2630, 10668, 22, 0, 12125, 24472, 13804, 13782, 627.45, 1
2631, 10669, 3, 0, 12129, 12131, 1462, 1459, 487.33, 1
2632, 10670, 31, 0, 12132, 32083, 21413, 21382, 690.74, 1
2633, 10672, 1, 0, 12136, 12136, 1464, 1463, 1464.00, 1
2634, 10676, 3, 0, 12137, 12139, 1463, 1460, 487.67, 1
2635, 10678, 3, 0, 12141, 12143, 1465, 1462, 488.33, 1
2636, 10682, 1, 0, 12145, 12145, 1463, 1462, 1463.00, 1
2637, 10692, 3, 0, 12147, 12149, 1457, 1454, 485.67, 1
2638, 10699, 1, 0, 12150, 12150, 1451, 1450, 1451.00, 1
2639, 10705, 2, 0, 12155, 12156, 1451, 1449, 725.50, 1
2640, 10713, 3, 0, 12161, 12163, 1450, 1447, 483.33, 1
2641, 10716, 8, 0, 12168, 13875, 3159, 3151, 394.88, 1
2642, 10717, 12, 0, 12172, 16040, 5323, 5311, 443.58, 1
2643, 10724, 11, 0, 12176, 16053, 5329, 5318, 484.45, 1
2644, 10728, 4, 0, 12184, 12187, 1459, 1455, 364.75, 1
2645, 10731, 5, 0, 12188, 13903, 3172, 3167, 634.40, 1
2646, 10735, 10, 0, 12192, 16062, 5327, 5317, 532.70, 1
2647, 10737, 1, 0, 12197, 12197, 1460, 1459, 1460.00, 1
2648, 10739, 3, 0, 12198, 12200, 1461, 1458, 487.00, 1
2649, 10745, 1, 0, 12202, 12202, 1457, 1456, 1457.00, 1
2650, 10748, 3, 0, 12203, 12205, 1457, 1454, 485.67, 1
2651, 10754, 2, 0, 12210, 12211, 1457, 1455, 728.50, 1
2652, 10758, 6, 0, 12212, 13944, 3186, 3180, 531.00, 1
2653, 10766, 14, 0, 12224, 18626, 7860, 7846, 561.43, 1
2654, 10770, 3, 0, 12229, 12231, 1461, 1458, 487.00, 1
2655, 10774, 14, 0, 12232, 18631, 7857, 7843, 561.21, 1
2656, 10789, 7, 0, 12244, 13984, 3195, 3188, 456.43, 1
2657, 10791, 7, 0, 12248, 13991, 3200, 3193, 457.14, 1
2658, 10796, 6, 0, 12252, 13998, 3202, 3196, 533.67, 1
2659, 10797, 3, 0, 12256, 12258, 1461, 1458, 487.00, 1
2660, 10807, 1, 0, 12264, 12264, 1457, 1456, 1457.00, 1
2661, 10808, 1, 0, 12269, 12269, 1461, 1460, 1461.00, 1
2662, 10810, 1, 0, 12270, 12270, 1460, 1459, 1460.00, 1
2663, 10813, 14, 0, 12271, 18677, 7864, 7850, 561.71, 1
2664, 10816, 4, 0, 12277, 12280, 1464, 1460, 366.00, 1
2665, 10817, 3, 0, 12281, 12283, 1466, 1463, 488.67, 1
2666, 10831, 16, 0, 12288, 18737, 7906, 7890, 494.12, 1
2667, 10832, 10, 0, 12292, 16226, 5394, 5384, 539.40, 1
2668, 10842, 3, 0, 12299, 12301, 1459, 1456, 486.33, 1
2669, 10843, 2, 0, 12306, 12307, 1464, 1462, 732.00, 1
2670, 10844, 4, 0, 12308, 12311, 1467, 1463, 366.75, 1
2671, 10850, 1, 0, 12316, 12316, 1466, 1465, 1466.00, 1
2672, 10851, 2, 0, 12319, 12320, 1469, 1467, 734.50, 1
2673, 10854, 7, 0, 12321, 14069, 3215, 3208, 459.29, 1
2674, 10855, 1, 0, 12325, 12325, 1470, 1469, 1470.00, 1
2675, 10856, 8, 0, 12326, 14080, 3224, 3216, 403.00, 1
2676, 10857, 2, 0, 12334, 12335, 1478, 1476, 739.00, 1
2677, 10858, 3, 0, 12336, 12338, 1480, 1477, 493.33, 1
2678, 10867, 8, 0, 12343, 14097, 3230, 3222, 403.75, 1
2679, 10869, 1, 0, 12347, 12347, 1478, 1477, 1478.00, 1
2680, 10883, 2, 0, 12361, 12362, 1479, 1477, 739.50, 1
2681, 10885, 1, 0, 12363, 12363, 1478, 1477, 1478.00, 1
2682, 10887, 2, 0, 12365, 12366, 1479, 1477, 739.50, 1
2683, 10888, 7, 0, 12367, 14110, 3222, 3215, 460.29, 1
2684, 10890, 1, 0, 12371, 12371, 1481, 1480, 1481.00, 1
2685, 10894, 5, 0, 12375, 14119, 3225, 3220, 645.00, 1
2686, 10897, 1, 0, 12379, 12379, 1482, 1481, 1482.00, 1
2687, 10898, 2, 0, 12380, 12381, 1483, 1481, 741.50, 1
2688, 10902, 4, 0, 12383, 12386, 1484, 1480, 371.00, 1
2689, 10904, 7, 0, 12387, 14128, 3224, 3217, 460.57, 1
2690, 10905, 1, 0, 12393, 12393, 1488, 1487, 1488.00, 1
2691, 10907, 7, 0, 12394, 14138, 3231, 3224, 461.57, 1
2692, 10914, 2, 0, 12399, 12400, 1486, 1484, 743.00, 1
2693, 10926, 4, 0, 12401, 12404, 1478, 1474, 369.50, 1
2694, 10928, 2, 0, 12405, 12406, 1478, 1476, 739.00, 1
2695, 10930, 2, 0, 12407, 12408, 1478, 1476, 739.00, 1
2696, 10936, 5, 0, 12413, 14153, 3217, 3212, 643.40, 1
2697, 10943, 8, 0, 12421, 14165, 3222, 3214, 402.75, 1
2698, 10947, 1, 0, 12425, 12425, 1478, 1477, 1478.00, 1
2699, 10951, 9, 0, 12428, 16329, 5378, 5369, 597.56, 1
2700, 10952, 7, 0, 12432, 14173, 3221, 3214, 460.14, 1
2701, 10955, 2, 0, 12436, 12437, 1482, 1480, 741.00, 1
2702, 10960, 8, 0, 12439, 14192, 3232, 3224, 404.00, 1
2703, 10964, 9, 0, 12447, 16366, 5402, 5393, 600.22, 1
2704, 10970, 8, 0, 12452, 14213, 3243, 3235, 405.38, 1
2705, 10972, 4, 0, 12456, 12459, 1487, 1483, 371.75, 1
2706, 10974, 2, 0, 12460, 12461, 1487, 1485, 743.50, 1
2707, 10975, 1, 0, 12462, 12462, 1487, 1486, 1487.00, 1
2708, 10983, 2, 0, 12463, 12464, 1481, 1479, 740.50, 1
2709, 10987, 1, 0, 12468, 12468, 1481, 1480, 1481.00, 1
2710, 10989, 4, 0, 12472, 12475, 1486, 1482, 371.50, 1
2711, 10991, 1, 0, 12476, 12476, 1485, 1484, 1485.00, 1
2712, 11001, 2, 0, 12481, 12482, 1481, 1479, 740.50, 1
2713, 11017, 4, 0, 12484, 12487, 1470, 1466, 367.50, 1
2714, 11020, 3, 0, 12488, 12490, 1470, 1467, 490.00, 1
2715, 11028, 4, 0, 12493, 12496, 1468, 1464, 367.00, 1
2716, 11029, 6, 0, 12497, 14241, 3212, 3206, 535.33, 1
2717, 11034, 12, 0, 12502, 16424, 5390, 5378, 449.17, 1
2718, 11037, 4, 0, 12506, 12509, 1472, 1468, 368.00, 1
2719, 11038, 2, 0, 12514, 12515, 1477, 1475, 738.50, 1
2720, 11040, 6, 0, 12516, 14263, 3223, 3217, 537.17, 1
2721, 11041, 1, 0, 12520, 12520, 1479, 1478, 1479.00, 1
2722, 11047, 2, 0, 12529, 12530, 1483, 1481, 741.50, 1
2723, 11050, 6, 0, 12531, 14277, 3227, 3221, 537.83, 1
2724, 11052, 3, 0, 12537, 12539, 1487, 1484, 495.67, 1
2725, 11064, 5, 0, 12545, 14301, 3237, 3232, 647.40, 1
2726, 11069, 2, 0, 12553, 12554, 1485, 1483, 742.50, 1
2727, 11078, 4, 0, 12563, 12566, 1488, 1484, 372.00, 1
2728, 11083, 1, 0, 12567, 12567, 1484, 1483, 1484.00, 1
2729, 11086, 5, 0, 12572, 14329, 3243, 3238, 648.60, 1
2730, 11092, 2, 0, 12580, 12581, 1489, 1487, 744.50, 1
2731, 11093, 1, 0, 12582, 12582, 1489, 1488, 1489.00, 1
2732, 11094, 1, 0, 12587, 12587, 1493, 1492, 1493.00, 1
2733, 11098, 2, 0, 12592, 12593, 1495, 1493, 747.50, 1
2734, 11102, 1, 0, 12598, 12598, 1496, 1495, 1496.00, 1
2735, 11106, 1, 0, 12599, 12599, 1493, 1492, 1493.00, 1
2736, 11111, 1, 0, 12604, 12604, 1493, 1492, 1493.00, 1
2737, 11115, 1, 0, 12605, 12605, 1490, 1489, 1490.00, 1
2738, 11116, 3, 0, 12606, 12608, 1492, 1489, 497.33, 1
2739, 11117, 1, 0, 12609, 12609, 1492, 1491, 1492.00, 1
2740, 11121, 4, 0, 12611, 12614, 1493, 1489, 373.25, 1
2741, 11127, 6, 0, 12617, 14376, 3249, 3243, 541.50, 1
2742, 11128, 6, 0, 12621, 14379, 3251, 3245, 541.83, 1
2743, 11130, 3, 0, 12625, 12627, 1497, 1494, 499.00, 1
2744, 11135, 6, 0, 12629, 14384, 3249, 3243, 541.50, 1
2745, 11139, 21, 0, 12634, 25317, 14178, 14157, 675.14, 1
2746, 11143, 4, 0, 12642, 12645, 1502, 1498, 375.50, 1
2747, 11145, 9, 0, 12646, 16623, 5478, 5469, 608.67, 1
2748, 11147, 3, 0, 12650, 12652, 1505, 1502, 501.67, 1
2749, 11148, 8, 0, 12653, 14423, 3275, 3267, 409.38, 1
2750, 11152, 7, 0, 12661, 14438, 3286, 3279, 469.43, 1
2751, 11156, 2, 0, 12665, 12666, 1510, 1508, 755.00, 1
2752, 11163, 6, 0, 12671, 14456, 3293, 3287, 548.83, 1
2753, 11165, 4, 0, 12675, 12678, 1513, 1509, 378.25, 1
2754, 11171, 5, 0, 12679, 14467, 3296, 3291, 659.20, 1
2755, 11174, 17, 0, 12685, 22192, 11018, 11001, 648.12, 1
2756, 11176, 5, 0, 12689, 14479, 3303, 3298, 660.60, 1
2757, 11177, 6, 0, 12693, 14481, 3304, 3298, 550.67, 1
2758, 11186, 7, 0, 12701, 14491, 3305, 3298, 472.14, 1
2759, 11188, 6, 0, 12705, 14497, 3309, 3303, 551.50, 1
2760, 11191, 1, 0, 12710, 12710, 1519, 1518, 1519.00, 1
2761, 11192, 5, 0, 12711, 14502, 3310, 3305, 662.00, 1
2762, 11194, 1, 0, 12718, 12718, 1524, 1523, 1524.00, 1
2763, 11208, 9, 0, 12731, 16771, 5563, 5554, 618.11, 1
2764, 11210, 1, 0, 12735, 12735, 1525, 1524, 1525.00, 1
2765, 11211, 11, 0, 12736, 16776, 5565, 5554, 505.91, 1
2766, 11214, 4, 0, 12740, 12743, 1529, 1525, 382.25, 1
2767, 11215, 2, 0, 12745, 12746, 1531, 1529, 765.50, 1
2768, 11220, 19, 0, 12751, 22328, 11108, 11089, 584.63, 1
2769, 11228, 16, 0, 12760, 19406, 8178, 8162, 511.12, 1
2770, 11235, 1, 0, 12765, 12765, 1530, 1529, 1530.00, 1
2771, 11240, 11, 0, 12770, 16826, 5586, 5575, 507.82, 1
2772, 11250, 7, 0, 12782, 14583, 3333, 3326, 476.14, 1
2773, 11252, 11, 0, 12786, 16852, 5600, 5589, 509.09, 1
2774, 11262, 2, 0, 12793, 12794, 1532, 1530, 766.00, 1
2775, 11264, 1, 0, 12795, 12795, 1531, 1530, 1531.00, 1
2776, 11268, 12, 0, 12796, 16871, 5603, 5591, 466.92, 1
2777, 11271, 4, 0, 12802, 12805, 1534, 1530, 383.50, 1
2778, 11273, 2, 0, 12806, 12807, 1534, 1532, 767.00, 1
2779, 11282, 4, 0, 12812, 12815, 1533, 1529, 383.25, 1
2780, 11285, 8, 0, 12820, 14652, 3367, 3359, 420.88, 1
2781, 11288, 4, 0, 12824, 12827, 1539, 1535, 384.75, 1
2782, 11298, 13, 0, 12829, 19538, 8240, 8227, 633.85, 1
2783, 11306, 2, 0, 12837, 12838, 1532, 1530, 766.00, 1
2784, 11307, 11, 0, 12839, 16969, 5662, 5651, 514.73, 1
2785, 11310, 5, 0, 12847, 14692, 3382, 3377, 676.40, 1
2786, 11312, 1, 0, 12851, 12851, 1539, 1538, 1539.00, 1
2787, 11315, 7, 0, 12852, 14698, 3383, 3376, 483.29, 1
2788, 11316, 3, 0, 12856, 12858, 1542, 1539, 514.00, 1
2789, 11323, 1, 0, 12859, 12859, 1536, 1535, 1536.00, 1
2790, 11334, 6, 0, 12861, 14706, 3372, 3366, 562.00, 1
2791, 11335, 9, 0, 12865, 17000, 5665, 5656, 629.44, 1
2792, 11336, 16, 0, 12869, 19635, 8299, 8283, 518.69, 1
2793, 11339, 12, 0, 12873, 17009, 5670, 5658, 472.50, 1
2794, 11341, 11, 0, 12881, 17025, 5684, 5673, 516.73, 1
2795, 11342, 1, 0, 12885, 12885, 1543, 1542, 1543.00, 1
2796, 11345, 2, 0, 12886, 12887, 1542, 1540, 771.00, 1
2797, 11351, 6, 0, 12892, 14755, 3404, 3398, 567.33, 1
2798, 11356, 2, 0, 12900, 12901, 1545, 1543, 772.50, 1
2799, 11359, 4, 0, 12902, 12905, 1546, 1542, 386.50, 1
2800, 11360, 13, 0, 12906, 19685, 8325, 8312, 640.38, 1
2801, 11361, 2, 0, 12910, 12911, 1550, 1548, 775.00, 1
2802, 11364, 12, 0, 12912, 17053, 5689, 5677, 474.08, 1
2803, 11366, 10, 0, 12916, 17066, 5700, 5690, 570.00, 1
2804, 11368, 9, 0, 12923, 17084, 5716, 5707, 635.11, 1
2805, 11374, 18, 0, 12929, 22771, 11397, 11379, 633.17, 1
2806, 11378, 1, 0, 12933, 12933, 1555, 1554, 1555.00, 1
2807, 11402, 5, 0, 12946, 14829, 3427, 3422, 685.40, 1
2808, 11412, 9, 0, 12954, 17146, 5734, 5725, 637.11, 1
2809, 11418, 4, 0, 12962, 12965, 1547, 1543, 386.75, 1
2810, 11420, 8, 0, 12970, 14875, 3455, 3447, 431.88, 1
2811, 11424, 2, 0, 12974, 12975, 1551, 1549, 775.50, 1
2812, 11426, 1, 0, 12980, 12980, 1554, 1553, 1554.00, 1
2813, 11427, 1, 0, 12981, 12981, 1554, 1553, 1554.00, 1
2814, 11430, 2, 0, 12986, 12987, 1557, 1555, 778.50, 1
2815, 11431, 1, 0, 12988, 12988, 1557, 1556, 1557.00, 1
2816, 11435, 1, 0, 12993, 12993, 1558, 1557, 1558.00, 1
2817, 11439, 5, 0, 12996, 14923, 3484, 3479, 696.80, 1
2818, 11440, 3, 0, 13000, 13002, 1562, 1559, 520.67, 1
2819, 11443, 5, 0, 13007, 14934, 3491, 3486, 698.20, 1
2820, 11445, 30, 0, 13011, 34559, 23114, 23084, 770.47, 1
2821, 11451, 2, 0, 13019, 13020, 1569, 1567, 784.50, 1
2822, 11456, 6, 0, 13021, 14953, 3497, 3491, 582.83, 1
2823, 11459, 1, 0, 13026, 13026, 1567, 1566, 1567.00, 1
2824, 11460, 2, 0, 13027, 13028, 1568, 1566, 784.00, 1
2825, 11462, 7, 0, 13029, 14956, 3494, 3487, 499.14, 1
2826, 11465, 4, 0, 13033, 13036, 1571, 1567, 392.75, 1
2827, 11468, 6, 0, 13037, 14958, 3490, 3484, 581.67, 1
2828, 11470, 5, 0, 13041, 14961, 3491, 3486, 698.20, 1
2829, 11471, 4, 0, 13045, 13048, 1577, 1573, 394.25, 1
2830, 11478, 5, 0, 13054, 14974, 3496, 3491, 699.20, 1
2831, 11482, 3, 0, 13060, 13062, 1580, 1577, 526.67, 1
2832, 11483, 3, 0, 13063, 13065, 1582, 1579, 527.33, 1
2833, 11486, 18, 0, 13067, 23109, 11623, 11605, 645.72, 1
2834, 11488, 7, 0, 13071, 14993, 3505, 3498, 500.71, 1
2835, 11493, 1, 0, 13081, 13081, 1588, 1587, 1588.00, 1
2836, 11498, 3, 0, 13084, 13086, 1588, 1585, 529.33, 1
2837, 11503, 2, 0, 13091, 13092, 1589, 1587, 794.50, 1
2838, 11506, 15, 0, 13097, 20086, 8580, 8565, 572.00, 1
2839, 11513, 4, 0, 13105, 13108, 1595, 1591, 398.75, 1
2840, 11514, 1, 0, 13109, 13109, 1595, 1594, 1595.00, 1
2841, 11517, 1, 0, 13114, 13114, 1597, 1596, 1597.00, 1
2842, 11519, 3, 0, 13115, 13117, 1598, 1595, 532.67, 1
2843, 11521, 2, 0, 13122, 13123, 1602, 1600, 801.00, 1
2844, 11538, 1, 0, 13125, 13125, 1587, 1586, 1587.00, 1
2845, 11542, 2, 0, 13130, 13131, 1589, 1587, 794.50, 1
2846, 11543, 2, 0, 13132, 13133, 1590, 1588, 795.00, 1
2847, 11546, 6, 0, 13138, 15049, 3503, 3497, 583.83, 1
2848, 11547, 3, 0, 13142, 13144, 1597, 1594, 532.33, 1
2849, 11548, 3, 0, 13145, 13147, 1599, 1596, 533.00, 1
2850, 11551, 2, 0, 13151, 13152, 1601, 1599, 800.50, 1
2851, 11552, 3, 0, 13153, 13155, 1603, 1600, 534.33, 1
2852, 11554, 3, 0, 13160, 13162, 1608, 1605, 536.00, 1
2853, 11558, 1, 0, 13163, 13163, 1605, 1604, 1605.00, 1
2854, 11559, 4, 0, 13164, 13167, 1608, 1604, 402.00, 1
2855, 11568, 1, 0, 13169, 13169, 1601, 1600, 1601.00, 1
2856, 11569, 1, 0, 13170, 13170, 1601, 1600, 1601.00, 1
2857, 11572, 14, 0, 13175, 20169, 8597, 8583, 614.07, 1
2858, 11574, 6, 0, 13180, 15080, 3506, 3500, 584.33, 1
2859, 11575, 5, 0, 13184, 15087, 3512, 3507, 702.40, 1
2860, 11578, 5, 0, 13191, 15092, 3514, 3509, 702.80, 1
2861, 11580, 3, 0, 13195, 13197, 1617, 1614, 539.00, 1
2862, 11583, 3, 0, 13198, 13200, 1617, 1614, 539.00, 1
2863, 11586, 6, 0, 13205, 15104, 3518, 3512, 586.33, 1
2864, 11591, 3, 0, 13213, 13215, 1624, 1621, 541.33, 1
2865, 11594, 5, 0, 13220, 15117, 3523, 3518, 704.60, 1
2866, 11595, 3, 0, 13224, 13226, 1631, 1628, 543.67, 1
2867, 11599, 1, 0, 13229, 13229, 1630, 1629, 1630.00, 1
2868, 11600, 4, 0, 13230, 13233, 1633, 1629, 408.25, 1
2869, 11601, 12, 0, 13234, 17472, 5871, 5859, 489.25, 1
2870, 11608, 8, 0, 13242, 15144, 3536, 3528, 442.00, 1
2871, 11613, 5, 0, 13247, 15145, 3532, 3527, 706.40, 1
2872, 11619, 2, 0, 13255, 13256, 1637, 1635, 818.50, 1
2873, 11631, 6, 0, 13263, 15163, 3532, 3526, 588.67, 1
2874, 11635, 10, 0, 13267, 17517, 5882, 5872, 588.20, 1
2875, 11643, 2, 0, 13271, 13272, 1629, 1627, 814.50, 1
2876, 11645, 5, 0, 13274, 15172, 3527, 3522, 705.40, 1
2877, 11651, 1, 0, 13278, 13278, 1627, 1626, 1627.00, 1
2878, 11653, 2, 0, 13279, 13280, 1627, 1625, 813.50, 1
2879, 11654, 8, 0, 13281, 15184, 3530, 3522, 441.25, 1
2880, 11656, 5, 0, 13285, 15188, 3532, 3527, 706.40, 1
2881, 11662, 4, 0, 13289, 13292, 1630, 1626, 407.50, 1
2882, 11666, 9, 0, 13295, 17549, 5883, 5874, 653.67, 1
2883, 11669, 3, 0, 13299, 13301, 1632, 1629, 544.00, 1
2884, 11671, 10, 0, 13302, 17555, 5884, 5874, 588.40, 1
2885, 11672, 8, 0, 13306, 15211, 3539, 3531, 442.38, 1
2886, 11674, 19, 0, 13314, 23496, 11822, 11803, 622.21, 1
2887, 11686, 1, 0, 13323, 13323, 1637, 1636, 1637.00, 1
2888, 11694, 6, 0, 13328, 15241, 3547, 3541, 591.17, 1
2889, 11695, 2, 0, 13332, 13333, 1638, 1636, 819.00, 1
2890, 11697, 14, 0, 13334, 20374, 8677, 8663, 619.79, 1
2891, 11699, 4, 0, 13338, 13341, 1642, 1638, 410.50, 1
2892, 11702, 4, 0, 13346, 13349, 1647, 1643, 411.75, 1
2893, 11709, 4, 0, 13351, 13354, 1645, 1641, 411.25, 1
2894, 11723, 7, 0, 13360, 15288, 3565, 3558, 509.29, 1
2895, 11724, 8, 0, 13368, 15304, 3580, 3572, 447.50, 1
2896, 11727, 2, 0, 13372, 13373, 1646, 1644, 823.00, 1
2897, 11730, 12, 0, 13374, 17661, 5931, 5919, 494.25, 1
2898, 11735, 2, 0, 13383, 13384, 1649, 1647, 824.50, 1
2899, 11737, 5, 0, 13385, 15332, 3595, 3590, 719.00, 1
2900, 11740, 10, 0, 13389, 17679, 5939, 5929, 593.90, 1
2901, 11741, 6, 0, 13393, 15348, 3607, 3601, 601.17, 1
2902, 11743, 3, 0, 13397, 13399, 1656, 1653, 552.00, 1
2903, 11747, 7, 0, 13400, 15365, 3618, 3611, 516.86, 1
2904, 11749, 21, 0, 13404, 27224, 15475, 15454, 736.90, 1
2905, 11756, 6, 0, 13408, 15382, 3626, 3620, 604.33, 1
2906, 11761, 14, 0, 13417, 20551, 8790, 8776, 627.86, 1
2907, 11763, 2, 0, 13421, 13422, 1659, 1657, 829.50, 1
2908, 11765, 1, 0, 13423, 13423, 1658, 1657, 1658.00, 1
2909, 11772, 6, 0, 13430, 15421, 3649, 3643, 608.17, 1
2910, 11774, 6, 0, 13434, 15427, 3653, 3647, 608.83, 1
2911, 11784, 5, 0, 13438, 15436, 3652, 3647, 730.40, 1
2912, 11787, 10, 0, 13443, 17809, 6022, 6012, 602.20, 1
2913, 11792, 1, 0, 13449, 13449, 1657, 1656, 1657.00, 1
2914, 11799, 10, 0, 13458, 17840, 6041, 6031, 604.10, 1
2915, 11800, 1, 0, 13462, 13462, 1662, 1661, 1662.00, 1
2916, 11802, 9, 0, 13463, 17846, 6044, 6035, 671.56, 1
2917, 11804, 3, 0, 13471, 13473, 1669, 1666, 556.33, 1
2918, 11808, 15, 0, 13478, 20644, 8836, 8821, 589.07, 1
2919, 11810, 6, 0, 13482, 15503, 3693, 3687, 615.50, 1
2920, 11811, 7, 0, 13486, 15506, 3695, 3688, 527.86, 1
2921, 11818, 7, 0, 13494, 15521, 3703, 3696, 529.00, 1
2922, 11819, 4, 0, 13498, 13501, 1682, 1678, 420.50, 1
2923, 11836, 5, 0, 13509, 15553, 3717, 3712, 743.40, 1
2924, 11840, 1, 0, 13515, 13515, 1675, 1674, 1675.00, 1
2925, 11858, 2, 0, 13521, 13522, 1664, 1662, 832.00, 1
2926, 11865, 5, 0, 13528, 15585, 3720, 3715, 744.00, 1
2927, 11868, 7, 0, 13532, 15590, 3722, 3715, 531.71, 1
2928, 11871, 6, 0, 13538, 15592, 3721, 3715, 620.17, 1
2929, 11876, 2, 0, 13546, 13547, 1671, 1669, 835.50, 1
2930, 11878, 9, 0, 13548, 18018, 6140, 6131, 682.22, 1
2931, 11879, 15, 0, 13553, 20784, 8905, 8890, 593.67, 1
2932, 11881, 4, 0, 13557, 13560, 1679, 1675, 419.75, 1
2933, 11884, 37, 0, 13561, 46001, 34117, 34080, 922.08, 1
2934, 11892, 3, 0, 13569, 13571, 1679, 1676, 559.67, 1
2935, 11894, 8, 0, 13572, 15640, 3746, 3738, 468.25, 1
2936, 11896, 1, 0, 13576, 13576, 1680, 1679, 1680.00, 1
2937, 11898, 10, 0, 13577, 18068, 6170, 6160, 617.00, 1
2938, 11902, 5, 0, 13585, 15663, 3761, 3756, 752.20, 1
2939, 11903, 2, 0, 13589, 13590, 1687, 1685, 843.50, 1
2940, 11908, 19, 0, 13593, 24012, 12104, 12085, 637.05, 1
2941, 11911, 5, 0, 13601, 15673, 3762, 3757, 752.40, 1
2942, 11915, 1, 0, 13607, 13607, 1692, 1691, 1692.00, 1
2943, 11925, 1, 0, 13613, 13613, 1688, 1687, 1688.00, 1
2944, 11929, 7, 0, 13614, 15690, 3761, 3754, 537.29, 1
2945, 11930, 4, 0, 13618, 13621, 1691, 1687, 422.75, 1
2946, 11933, 1, 0, 13623, 13623, 1690, 1689, 1690.00, 1
2947, 11934, 2, 0, 13624, 13625, 1691, 1689, 845.50, 1
2948, 11939, 1, 0, 13626, 13626, 1687, 1686, 1687.00, 1
2949, 11943, 5, 0, 13628, 15702, 3759, 3754, 751.80, 1
2950, 11944, 2, 0, 13632, 13633, 1689, 1687, 844.50, 1
2951, 11948, 3, 0, 13634, 13636, 1688, 1685, 562.67, 1
2952, 11959, 3, 0, 13645, 13647, 1688, 1685, 562.67, 1
2953, 11962, 1, 0, 13650, 13650, 1688, 1687, 1688.00, 1
2954, 11964, 10, 0, 13651, 18145, 6181, 6171, 618.10, 1
2955, 11974, 1, 0, 13663, 13663, 1689, 1688, 1689.00, 1
2956, 11984, 3, 0, 13669, 13671, 1687, 1684, 562.33, 1
2957, 12009, 2, 0, 13673, 13674, 1665, 1663, 832.50, 1
2958, 12011, 2, 0, 13675, 13676, 1665, 1663, 832.50, 1
2959, 12012, 12, 0, 13677, 18183, 6171, 6159, 514.25, 1
2960, 12013, 1, 0, 13681, 13681, 1668, 1667, 1668.00, 1
2961, 12016, 8, 0, 13686, 15783, 3767, 3759, 470.88, 1
2962, 12017, 13, 0, 13690, 20947, 8930, 8917, 686.92, 1
2963, 12021, 15, 0, 13694, 20960, 8939, 8924, 595.93, 1
2964, 12025, 3, 0, 13702, 13704, 1679, 1676, 559.67, 1
2965, 12038, 6, 0, 13707, 15805, 3767, 3761, 627.83, 1
2966, 12042, 7, 0, 13715, 15813, 3771, 3764, 538.71, 1
2967, 12044, 3, 0, 13719, 13721, 1677, 1674, 559.00, 1
2968, 12046, 1, 0, 13722, 13722, 1676, 1675, 1676.00, 1
2969, 12047, 11, 0, 13723, 18237, 6190, 6179, 562.73, 1
2970, 12051, 15, 0, 13731, 21026, 8975, 8960, 598.33, 1
2971, 12053, 6, 0, 13735, 15850, 3797, 3791, 632.83, 1
2972, 12054, 3, 0, 13739, 13741, 1687, 1684, 562.33, 1
2973, 12060, 3, 0, 13746, 13748, 1688, 1685, 562.67, 1
2974, 12063, 19, 0, 13753, 24268, 12205, 12186, 642.37, 1
2975, 12067, 5, 0, 13759, 15884, 3817, 3812, 763.40, 1
2976, 12069, 8, 0, 13763, 15896, 3827, 3819, 478.38, 1
2977, 12073, 7, 0, 13769, 15902, 3829, 3822, 547.00, 1
2978, 12092, 11, 0, 13780, 18359, 6267, 6256, 569.73, 1
2979, 12100, 2, 0, 13788, 13789, 1689, 1687, 844.50, 1
2980, 12103, 1, 0, 13794, 13794, 1691, 1690, 1691.00, 1
2981, 12105, 12, 0, 13795, 18375, 6270, 6258, 522.50, 1
2982, 12109, 2, 0, 13800, 13801, 1692, 1690, 846.00, 1
2983, 12114, 3, 0, 13806, 13808, 1694, 1691, 564.67, 1
2984, 12116, 19, 0, 13809, 24378, 12262, 12243, 645.37, 1
2985, 12117, 7, 0, 13813, 15964, 3847, 3840, 549.57, 1
2986, 12125, 2, 0, 13821, 13822, 1697, 1695, 848.50, 1
2987, 12128, 4, 0, 13823, 13826, 1698, 1694, 424.50, 1
2988, 12129, 4, 0, 13831, 13834, 1705, 1701, 426.25, 1
2989, 12134, 6, 0, 13835, 15991, 3857, 3851, 642.83, 1
2990, 12135, 5, 0, 13839, 15993, 3858, 3853, 771.60, 1
2991, 12136, 1, 0, 13847, 13847, 1711, 1710, 1711.00, 1
2992, 12137, 2, 0, 13848, 13849, 1712, 1710, 856.00, 1
2993, 12144, 1, 0, 13850, 13850, 1706, 1705, 1706.00, 1
2994, 12151, 3, 0, 13851, 13853, 1702, 1699, 567.33, 1
2995, 12154, 3, 0, 13854, 13856, 1702, 1699, 567.33, 1
2996, 12157, 1, 0, 13858, 13858, 1701, 1700, 1701.00, 1
2997, 12165, 2, 0, 13863, 13864, 1699, 1697, 849.50, 1
2998, 12166, 1, 0, 13865, 13865, 1699, 1698, 1699.00, 1
2999, 12167, 12, 0, 13866, 18492, 6325, 6313, 527.08, 1
3000, 12172, 9, 0, 13876, 18502, 6330, 6321, 703.33, 1
3001, 12176, 11, 0, 13884, 18533, 6357, 6346, 577.91, 1
3002, 12179, 8, 0, 13888, 16050, 3871, 3863, 483.88, 1
3003, 12183, 3, 0, 13896, 13898, 1715, 1712, 571.67, 1
3004, 12184, 3, 0, 13899, 13901, 1717, 1714, 572.33, 1
3005, 12188, 1, 0, 13902, 13902, 1714, 1713, 1714.00, 1
3006, 12195, 2, 0, 13904, 13905, 1710, 1708, 855.00, 1
3007, 12197, 2, 0, 13910, 13911, 1714, 1712, 857.00, 1
3008, 12198, 10, 0, 13912, 18572, 6374, 6364, 637.40, 1
3009, 12200, 2, 0, 13916, 13917, 1717, 1715, 858.50, 1
3010, 12201, 8, 0, 13918, 16084, 3883, 3875, 485.38, 1
3011, 12204, 6, 0, 13922, 16090, 3886, 3880, 647.67, 1
3012, 12206, 2, 0, 13926, 13927, 1721, 1719, 860.50, 1
3013, 12207, 3, 0, 13928, 13930, 1723, 1720, 574.33, 1
3014, 12208, 10, 0, 13931, 18603, 6395, 6385, 639.50, 1
3015, 12210, 5, 0, 13935, 16110, 3900, 3895, 780.00, 1
3016, 12211, 4, 0, 13939, 13942, 1731, 1727, 432.75, 1
3017, 12223, 3, 0, 13945, 13947, 1724, 1721, 574.67, 1
3018, 12226, 4, 0, 13950, 13953, 1727, 1723, 431.75, 1
3019, 12228, 7, 0, 13958, 16127, 3899, 3892, 557.00, 1
3020, 12229, 1, 0, 13962, 13962, 1733, 1732, 1733.00, 1
3021, 12232, 1, 0, 13963, 13963, 1731, 1730, 1731.00, 1
3022, 12235, 2, 0, 13964, 13965, 1730, 1728, 865.00, 1
3023, 12238, 9, 0, 13970, 18632, 6394, 6385, 710.44, 1
3024, 12241, 6, 0, 13978, 16144, 3903, 3897, 650.50, 1
3025, 12250, 4, 0, 13985, 13988, 1738, 1734, 434.50, 1
3026, 12253, 1, 0, 13992, 13992, 1739, 1738, 1739.00, 1
3027, 12254, 4, 0, 13993, 13996, 1742, 1738, 435.50, 1
3028, 12266, 5, 0, 14003, 16160, 3894, 3889, 778.80, 1
3029, 12271, 8, 0, 14008, 16166, 3895, 3887, 486.88, 1
3030, 12272, 2, 0, 14012, 14013, 1741, 1739, 870.50, 1
3031, 12278, 15, 0, 14018, 21505, 9227, 9212, 615.13, 1
3032, 12279, 3, 0, 14022, 14024, 1745, 1742, 581.67, 1
3033, 12282, 6, 0, 14025, 16194, 3912, 3906, 652.00, 1
3034, 12283, 1, 0, 14029, 14029, 1746, 1745, 1746.00, 1
3035, 12284, 1, 0, 14030, 14030, 1746, 1745, 1746.00, 1
3036, 12290, 13, 0, 14034, 21533, 9243, 9230, 711.00, 1
3037, 12292, 1, 0, 14042, 14042, 1750, 1749, 1750.00, 1
3038, 12296, 7, 0, 14047, 16236, 3940, 3933, 562.86, 1
3039, 12300, 1, 0, 14051, 14051, 1751, 1750, 1751.00, 1
3040, 12311, 6, 0, 14055, 16238, 3927, 3921, 654.50, 1
3041, 12317, 2, 0, 14063, 14064, 1747, 1745, 873.50, 1
3042, 12320, 2, 0, 14065, 14066, 1746, 1744, 873.00, 1
3043, 12327, 6, 0, 14070, 16249, 3922, 3916, 653.67, 1
3044, 12329, 3, 0, 14074, 14076, 1747, 1744, 582.33, 1
3045, 12330, 11, 0, 14081, 18772, 6442, 6431, 585.64, 1
3046, 12332, 7, 0, 14085, 16261, 3929, 3922, 561.29, 1
3047, 12335, 2, 0, 14090, 14091, 1756, 1754, 878.00, 1
3048, 12349, 8, 0, 14098, 16279, 3930, 3922, 491.25, 1
3049, 12372, 2, 0, 14111, 14112, 1740, 1738, 870.00, 1
3050, 12376, 7, 0, 14113, 16293, 3917, 3910, 559.57, 1
3051, 12377, 2, 0, 14117, 14118, 1741, 1739, 870.50, 1
3052, 12383, 5, 0, 14120, 16301, 3918, 3913, 783.60, 1
3053, 12390, 2, 0, 14124, 14125, 1735, 1733, 867.50, 1
3054, 12394, 4, 0, 14129, 14132, 1738, 1734, 434.50, 1
3055, 12397, 3, 0, 14133, 14135, 1738, 1735, 579.33, 1
3056, 12403, 1, 0, 14139, 14139, 1736, 1735, 1736.00, 1
3057, 12404, 2, 0, 14140, 14141, 1737, 1735, 868.50, 1
3058, 12410, 17, 0, 14142, 24843, 12433, 12416, 731.35, 1
3059, 12413, 10, 0, 14149, 18811, 6398, 6388, 639.80, 1
3060, 12424, 7, 0, 14158, 16327, 3903, 3896, 557.57, 1
3061, 12433, 1, 0, 14170, 14170, 1737, 1736, 1737.00, 1
3062, 12437, 5, 0, 14174, 16335, 3898, 3893, 779.60, 1
3063, 12438, 4, 0, 14178, 14181, 1743, 1739, 435.75, 1
3064, 12441, 3, 0, 14182, 14184, 1743, 1740, 581.00, 1
3065, 12442, 15, 0, 14185, 21654, 9212, 9197, 614.13, 1
3066, 12443, 4, 0, 14193, 14196, 1753, 1749, 438.25, 1
3067, 12446, 1, 0, 14197, 14197, 1751, 1750, 1751.00, 1
3068, 12452, 11, 0, 14206, 18862, 6410, 6399, 582.73, 1
3069, 12465, 12, 0, 14214, 18868, 6403, 6391, 533.58, 1
3070, 12469, 5, 0, 14218, 16393, 3924, 3919, 784.80, 1
3071, 12480, 7, 0, 14222, 16400, 3920, 3913, 560.00, 1
3072, 12481, 1, 0, 14226, 14226, 1745, 1744, 1745.00, 1
3073, 12483, 14, 0, 14227, 21702, 9219, 9205, 658.50, 1
3074, 12485, 3, 0, 14231, 14233, 1748, 1745, 582.67, 1
3075, 12487, 2, 0, 14234, 14235, 1748, 1746, 874.00, 1
3076, 12490, 6, 0, 14236, 16409, 3919, 3913, 653.17, 1
3077, 12501, 2, 0, 14242, 14243, 1742, 1740, 871.00, 1
3078, 12505, 3, 0, 14244, 14246, 1741, 1738, 580.33, 1
3079, 12511, 4, 0, 14251, 14254, 1743, 1739, 435.75, 1
3080, 12512, 1, 0, 14255, 14255, 1743, 1742, 1743.00, 1
3081, 12514, 6, 0, 14258, 16431, 3917, 3911, 652.83, 1
3082, 12520, 2, 0, 14264, 14265, 1745, 1743, 872.50, 1
3083, 12524, 1, 0, 14266, 14266, 1742, 1741, 1742.00, 1
3084, 12525, 1, 0, 14271, 14271, 1746, 1745, 1746.00, 1
3085, 12528, 1, 0, 14272, 14272, 1744, 1743, 1744.00, 1
3086, 12531, 1, 0, 14275, 14275, 1744, 1743, 1744.00, 1
3087, 12537, 3, 0, 14278, 14280, 1743, 1740, 581.00, 1
3088, 12539, 4, 0, 14281, 14284, 1745, 1741, 436.25, 1
3089, 12540, 1, 0, 14285, 14285, 1745, 1744, 1745.00, 1
3090, 12541, 2, 0, 14286, 14287, 1746, 1744, 873.00, 1
3091, 12542, 1, 0, 14288, 14288, 1746, 1745, 1746.00, 1
3092, 12545, 5, 0, 14289, 16465, 3920, 3915, 784.00, 1
3093, 12546, 6, 0, 14293, 16471, 3925, 3919, 654.17, 1
3094, 12547, 8, 0, 14297, 16487, 3940, 3932, 492.50, 1
3095, 12550, 2, 0, 14302, 14303, 1753, 1751, 876.50, 1
3096, 12557, 3, 0, 14308, 14310, 1753, 1750, 584.33, 1
3097, 12568, 8, 0, 14315, 16510, 3942, 3934, 492.75, 1
3098, 12569, 2, 0, 14319, 14320, 1751, 1749, 875.50, 1
3099, 12571, 5, 0, 14321, 16511, 3940, 3935, 788.00, 1
3100, 12572, 1, 0, 14328, 14328, 1756, 1755, 1756.00, 1
3101, 12577, 2, 0, 14330, 14331, 1754, 1752, 877.00, 1
3102, 12587, 6, 0, 14333, 16524, 3937, 3931, 656.17, 1
3103, 12589, 9, 0, 14337, 19047, 6458, 6449, 717.56, 1
3104, 12599, 14, 0, 14349, 21919, 9320, 9306, 665.71, 1
3105, 12601, 2, 0, 14353, 14354, 1753, 1751, 876.50, 1
3106, 12604, 9, 0, 14359, 19085, 6481, 6472, 720.11, 1
3107, 12609, 5, 0, 14363, 16577, 3968, 3963, 793.60, 1
3108, 12618, 12, 0, 14367, 19111, 6493, 6481, 541.08, 1
3109, 12620, 5, 0, 14371, 16591, 3971, 3966, 794.20, 1
3110, 12621, 1, 0, 14377, 14377, 1756, 1755, 1756.00, 1
3111, 12628, 3, 0, 14380, 14382, 1754, 1751, 584.67, 1
3112, 12633, 5, 0, 14385, 16600, 3967, 3962, 793.40, 1
3113, 12634, 5, 0, 14389, 16601, 3967, 3962, 793.40, 1
3114, 12643, 8, 0, 14397, 16610, 3967, 3959, 495.88, 1
3115, 12644, 3, 0, 14401, 14403, 1759, 1756, 586.33, 1
3116, 12646, 9, 0, 14404, 19163, 6517, 6508, 724.11, 1
3117, 12648, 5, 0, 14408, 16620, 3972, 3967, 794.40, 1
3118, 12650, 15, 0, 14416, 22079, 9429, 9414, 628.60, 1
3119, 12660, 9, 0, 14424, 19198, 6538, 6529, 726.44, 1
3120, 12663, 10, 0, 14432, 19226, 6563, 6553, 656.30, 1
3121, 12666, 6, 0, 14439, 16664, 3998, 3992, 666.33, 1
3122, 12668, 5, 0, 14443, 16665, 3997, 3992, 799.40, 1
3123, 12671, 10, 0, 14451, 19246, 6575, 6565, 657.50, 1
3124, 12676, 3, 0, 14457, 14459, 1783, 1780, 594.33, 1
3125, 12679, 3, 0, 14460, 14462, 1783, 1780, 594.33, 1
3126, 12682, 11, 0, 14463, 19256, 6574, 6563, 597.64, 1
3127, 12684, 3, 0, 14468, 14470, 1786, 1783, 595.33, 1
3128, 12691, 2, 0, 14475, 14476, 1785, 1783, 892.50, 1
3129, 12692, 2, 0, 14477, 14478, 1786, 1784, 893.00, 1
3130, 12699, 6, 0, 14482, 16703, 4004, 3998, 667.33, 1
3131, 12708, 6, 0, 14492, 16714, 4006, 4000, 667.67, 1
3132, 12710, 11, 0, 14498, 19310, 6600, 6589, 600.00, 1
3133, 12719, 18, 0, 14503, 25573, 12854, 12836, 714.11, 1
3134, 12720, 1, 0, 14507, 14507, 1787, 1786, 1787.00, 1
3135, 12723, 1, 0, 14511, 14511, 1788, 1787, 1788.00, 1
3136, 12724, 5, 0, 14512, 16737, 4013, 4008, 802.60, 1
3137, 12725, 5, 0, 14516, 16742, 4017, 4012, 803.40, 1
3138, 12726, 13, 0, 14520, 22259, 9533, 9520, 733.31, 1
3139, 12740, 12, 0, 14540, 19381, 6641, 6629, 553.42, 1
3140, 12753, 3, 0, 14547, 14549, 1796, 1793, 598.67, 1
3141, 12757, 8, 0, 14554, 16807, 4050, 4042, 506.25, 1
3142, 12763, 1, 0, 14560, 14560, 1797, 1796, 1797.00, 1
3143, 12772, 2, 0, 14569, 14570, 1798, 1796, 899.00, 1
3144, 12780, 6, 0, 14576, 16832, 4052, 4046, 675.33, 1
3145, 12781, 1, 0, 14580, 14580, 1799, 1798, 1799.00, 1
3146, 12786, 2, 0, 14584, 14585, 1799, 1797, 899.50, 1
3147, 12789, 2, 0, 14586, 14587, 1798, 1796, 899.00, 1
3148, 12790, 13, 0, 14592, 22432, 9642, 9629, 741.69, 1
3149, 12794, 2, 0, 14596, 14597, 1803, 1801, 901.50, 1
3150, 12796, 13, 0, 14598, 22438, 9642, 9629, 741.69, 1
3151, 12800, 11, 0, 14606, 19483, 6683, 6672, 607.55, 1
3152, 12803, 5, 0, 14610, 16880, 4077, 4072, 815.40, 1
3153, 12804, 8, 0, 14614, 16888, 4084, 4076, 510.50, 1
3154, 12809, 1, 0, 14618, 14618, 1809, 1808, 1809.00, 1
3155, 12811, 22, 0, 14619, 29481, 16670, 16648, 757.73, 1
3156, 12813, 2, 0, 14627, 14628, 1815, 1813, 907.50, 1
3157, 12814, 5, 0, 14629, 16904, 4090, 4085, 818.00, 1
3158, 12818, 9, 0, 14633, 19512, 6694, 6685, 743.78, 1
3159, 12819, 1, 0, 14637, 14637, 1818, 1817, 1818.00, 1
3160, 12820, 7, 0, 14641, 16920, 4100, 4093, 585.71, 1
3161, 12823, 5, 0, 14645, 16924, 4101, 4096, 820.20, 1
3162, 12833, 1, 0, 14657, 14657, 1824, 1823, 1824.00, 1
3163, 12834, 18, 0, 14658, 25890, 13056, 13038, 725.33, 1
3164, 12838, 6, 0, 14666, 16954, 4116, 4110, 686.00, 1
3165, 12840, 15, 0, 14670, 22550, 9710, 9695, 647.33, 1
3166, 12841, 3, 0, 14674, 14676, 1835, 1832, 611.67, 1
3167, 12842, 2, 0, 14677, 14678, 1836, 1834, 918.00, 1
3168, 12848, 1, 0, 14687, 14687, 1839, 1838, 1839.00, 1
3169, 12849, 4, 0, 14688, 14691, 1842, 1838, 460.50, 1
3170, 12851, 3, 0, 14693, 14695, 1844, 1841, 614.67, 1
3171, 12860, 2, 0, 14699, 14700, 1840, 1838, 920.00, 1
3172, 12863, 24, 0, 14701, 29653, 16790, 16766, 699.58, 1
3173, 12865, 1, 0, 14707, 14707, 1842, 1841, 1842.00, 1
3174, 12866, 24, 0, 14708, 29677, 16811, 16787, 700.46, 1
3175, 12875, 1, 0, 14720, 14720, 1845, 1844, 1845.00, 1
3176, 12876, 4, 0, 14721, 14724, 1848, 1844, 462.00, 1
3177, 12880, 7, 0, 14729, 17012, 4132, 4125, 590.29, 1
3178, 12888, 8, 0, 14741, 17034, 4146, 4138, 518.25, 1
3179, 12891, 3, 0, 14745, 14747, 1856, 1853, 618.67, 1
3180, 12892, 2, 0, 14752, 14753, 1861, 1859, 930.50, 1
3181, 12897, 5, 0, 14756, 17037, 4140, 4135, 828.00, 1
3182, 12903, 1, 0, 14761, 14761, 1858, 1857, 1858.00, 1
3183, 12905, 2, 0, 14762, 14763, 1858, 1856, 929.00, 1
3184, 12908, 5, 0, 14764, 17038, 4130, 4125, 826.00, 1
3185, 12917, 6, 0, 14776, 17060, 4143, 4137, 690.50, 1
3186, 12918, 1, 0, 14780, 14780, 1862, 1861, 1862.00, 1
3187, 12923, 11, 0, 14785, 19712, 6789, 6778, 617.18, 1
3188, 12925, 1, 0, 14789, 14789, 1864, 1863, 1864.00, 1
3189, 12926, 5, 0, 14790, 17079, 4153, 4148, 830.60, 1
3190, 12930, 13, 0, 14798, 22749, 9819, 9806, 755.31, 1
3191, 12932, 12, 0, 14802, 19759, 6827, 6815, 568.92, 1
3192, 12937, 8, 0, 14810, 17108, 4171, 4163, 521.38, 1
3193, 12940, 9, 0, 14815, 19785, 6845, 6836, 760.56, 1
3194, 12947, 1, 0, 14824, 14824, 1877, 1876, 1877.00, 1
3195, 12949, 4, 0, 14825, 14828, 1879, 1875, 469.75, 1
3196, 12952, 4, 0, 14830, 14833, 1881, 1877, 470.25, 1
3197, 12953, 13, 0, 14834, 22843, 9890, 9877, 760.77, 1
3198, 12957, 1, 0, 14842, 14842, 1885, 1884, 1885.00, 1
3199, 12958, 8, 0, 14847, 17154, 4196, 4188, 524.50, 1
3200, 12962, 2, 0, 14853, 14854, 1892, 1890, 946.00, 1
3201, 12963, 5, 0, 14855, 17159, 4196, 4191, 839.20, 1
3202, 12964, 1, 0, 14859, 14859, 1895, 1894, 1895.00, 1
3203, 12966, 8, 0, 14860, 17163, 4197, 4189, 524.62, 1
3204, 12970, 13, 0, 14868, 22908, 9938, 9925, 764.46, 1
3205, 12974, 13, 0, 14876, 22923, 9949, 9936, 765.31, 1
3206, 12979, 14, 0, 14880, 22937, 9958, 9944, 711.29, 1
3207, 12981, 4, 0, 14887, 14890, 1909, 1905, 477.25, 1
3208, 12983, 7, 0, 14891, 17203, 4220, 4213, 602.86, 1
3209, 12987, 8, 0, 14896, 17209, 4222, 4214, 527.75, 1
3210, 12989, 2, 0, 14900, 14901, 1912, 1910, 956.00, 1
3211, 12991, 3, 0, 14902, 14904, 1913, 1910, 637.67, 1
3212, 12992, 10, 0, 14905, 19924, 6932, 6922, 693.20, 1
3213, 12994, 2, 0, 14913, 14914, 1920, 1918, 960.00, 1
3214, 12995, 1, 0, 14915, 14915, 1920, 1919, 1920.00, 1
3215, 12997, 7, 0, 14916, 17230, 4233, 4226, 604.71, 1
3216, 12998, 3, 0, 14920, 14922, 1924, 1921, 641.33, 1
3217, 13008, 4, 0, 14928, 14931, 1923, 1919, 480.75, 1
3218, 13010, 2, 0, 14932, 14933, 1923, 1921, 961.50, 1
3219, 13018, 1, 0, 14939, 14939, 1921, 1920, 1921.00, 1
3220, 13022, 4, 0, 14944, 14947, 1925, 1921, 481.25, 1
3221, 13024, 19, 0, 14948, 26548, 13524, 13505, 711.79, 1
3222, 13042, 2, 0, 14959, 14960, 1918, 1916, 959.00, 1
3223, 13045, 13, 0, 14962, 23063, 10018, 10005, 770.62, 1
3224, 13055, 6, 0, 14966, 17277, 4222, 4216, 703.67, 1
3225, 13057, 8, 0, 14970, 17281, 4224, 4216, 528.00, 1
3226, 13059, 1, 0, 14975, 14975, 1916, 1915, 1916.00, 1
3227, 13060, 3, 0, 14976, 14978, 1918, 1915, 639.33, 1
3228, 13067, 5, 0, 14979, 17289, 4222, 4217, 844.40, 1
3229, 13074, 5, 0, 14987, 17307, 4233, 4228, 846.60, 1
3230, 13079, 3, 0, 14994, 14996, 1917, 1914, 639.00, 1
3231, 13082, 2, 0, 15001, 15002, 1920, 1918, 960.00, 1
3232, 13085, 2, 0, 15003, 15004, 1919, 1917, 959.50, 1
3233, 13087, 2, 0, 15005, 15006, 1919, 1917, 959.50, 1
3234, 13104, 4, 0, 15013, 15016, 1912, 1908, 478.00, 1
3235, 13114, 4, 0, 15020, 15023, 1909, 1905, 477.25, 1
3236, 13118, 1, 0, 15024, 15024, 1906, 1905, 1906.00, 1
3237, 13121, 5, 0, 15025, 17356, 4235, 4230, 847.00, 1
3238, 13122, 7, 0, 15029, 17359, 4237, 4230, 605.29, 1
3239, 13125, 2, 0, 15033, 15034, 1909, 1907, 954.50, 1
3240, 13128, 1, 0, 15035, 15035, 1907, 1906, 1907.00, 1
3241, 13140, 4, 0, 15041, 15044, 1904, 1900, 476.00, 1
3242, 13141, 3, 0, 15045, 15047, 1906, 1903, 635.33, 1
3243, 13153, 2, 0, 15050, 15051, 1898, 1896, 949.00, 1
3244, 13158, 3, 0, 15052, 15054, 1896, 1893, 632.00, 1
3245, 13162, 3, 0, 15059, 15061, 1899, 1896, 633.00, 1
3246, 13163, 8, 0, 15062, 17392, 4229, 4221, 528.62, 1
3247, 13167, 9, 0, 15066, 20150, 6983, 6974, 775.89, 1
3248, 13174, 1, 0, 15070, 15070, 1896, 1895, 1896.00, 1
3249, 13185, 2, 0, 15081, 15082, 1897, 1895, 948.50, 1
3250, 13187, 4, 0, 15083, 15086, 1899, 1895, 474.75, 1
3251, 13188, 4, 0, 15088, 15091, 1903, 1899, 475.75, 1
3252, 13195, 1, 0, 15093, 15093, 1898, 1897, 1898.00, 1
3253, 13201, 1, 0, 15094, 15094, 1893, 1892, 1893.00, 1
3254, 13207, 1, 0, 15098, 15098, 1891, 1890, 1891.00, 1
3255, 13208, 7, 0, 15099, 17434, 4226, 4219, 603.71, 1
3256, 13209, 5, 0, 15105, 17435, 4226, 4221, 845.20, 1
3257, 13212, 10, 0, 15109, 20208, 6996, 6986, 699.60, 1
3258, 13226, 8, 0, 15118, 17460, 4234, 4226, 529.25, 1
3259, 13234, 8, 0, 15122, 17464, 4230, 4222, 528.75, 1
3260, 13237, 2, 0, 15126, 15127, 1890, 1888, 945.00, 1
3261, 13241, 1, 0, 15132, 15132, 1891, 1890, 1891.00, 1
3262, 13244, 3, 0, 15136, 15138, 1894, 1891, 631.33, 1
3263, 13245, 2, 0, 15139, 15140, 1895, 1893, 947.50, 1
3264, 13251, 1, 0, 15146, 15146, 1895, 1894, 1895.00, 1
3265, 13261, 3, 0, 15147, 15149, 1888, 1885, 629.33, 1
3266, 13264, 2, 0, 15154, 15155, 1891, 1889, 945.50, 1
3267, 13265, 2, 0, 15156, 15157, 1892, 1890, 946.00, 1
3268, 13266, 12, 0, 15158, 20283, 7017, 7005, 584.75, 1
3269, 13268, 3, 0, 15164, 15166, 1898, 1895, 632.67, 1
3270, 13269, 1, 0, 15167, 15167, 1898, 1897, 1898.00, 1
3271, 13282, 5, 0, 15173, 17526, 4244, 4239, 848.80, 1
3272, 13283, 4, 0, 15177, 15180, 1897, 1893, 474.25, 1
3273, 13285, 3, 0, 15185, 15187, 1902, 1899, 634.00, 1
3274, 13291, 4, 0, 15189, 15192, 1901, 1897, 475.25, 1
3275, 13304, 3, 0, 15197, 15199, 1895, 1892, 631.67, 1
3276, 13306, 23, 0, 15204, 30898, 17592, 17569, 764.87, 1
3277, 13314, 9, 0, 15212, 20347, 7033, 7024, 781.44, 1
3278, 13318, 7, 0, 15220, 17586, 4268, 4261, 609.71, 1
3279, 13322, 4, 0, 15225, 15228, 1906, 1902, 476.50, 1
3280, 13325, 3, 0, 15229, 15231, 1906, 1903, 635.33, 1
3281, 13330, 6, 0, 15236, 17599, 4269, 4263, 711.50, 1
3282, 13342, 12, 0, 15246, 20378, 7036, 7024, 586.33, 1
3283, 13343, 7, 0, 15250, 17618, 4275, 4268, 610.71, 1
3284, 13344, 4, 0, 15254, 15257, 1913, 1909, 478.25, 1
3285, 13346, 1, 0, 15259, 15259, 1913, 1912, 1913.00, 1
3286, 13347, 5, 0, 15260, 17619, 4272, 4267, 854.40, 1
3287, 13348, 5, 0, 15264, 17624, 4276, 4271, 855.20, 1
3288, 13352, 5, 0, 15268, 17625, 4273, 4268, 854.60, 1
3289, 13356, 6, 0, 15272, 17629, 4273, 4267, 712.17, 1
3290, 13357, 4, 0, 15276, 15279, 1922, 1918, 480.50, 1
3291, 13360, 2, 0, 15280, 15281, 1921, 1919, 960.50, 1
3292, 13363, 5, 0, 15282, 17636, 4273, 4268, 854.60, 1
3293, 13364, 3, 0, 15289, 15291, 1927, 1924, 642.33, 1
3294, 13366, 2, 0, 15292, 15293, 1927, 1925, 963.50, 1
3295, 13369, 14, 0, 15297, 23529, 10160, 10146, 725.71, 1
3296, 13373, 4, 0, 15305, 15308, 1935, 1931, 483.75, 1
3297, 13374, 7, 0, 15309, 17653, 4279, 4272, 611.29, 1
3298, 13379, 2, 0, 15317, 15318, 1939, 1937, 969.50, 1
3299, 13381, 5, 0, 15319, 17667, 4286, 4281, 857.20, 1
3300, 13387, 6, 0, 15324, 17671, 4284, 4278, 714.00, 1
3301, 13388, 4, 0, 15328, 15331, 1943, 1939, 485.75, 1
3302, 13389, 2, 0, 15333, 15334, 1945, 1943, 972.50, 1
3303, 13393, 3, 0, 15339, 15341, 1948, 1945, 649.33, 1
3304, 13395, 1, 0, 15342, 15342, 1947, 1946, 1947.00, 1
3305, 13396, 6, 0, 15343, 17688, 4292, 4286, 715.33, 1
3306, 13397, 10, 0, 15349, 20447, 7050, 7040, 705.00, 1
3307, 13399, 5, 0, 15353, 17701, 4302, 4297, 860.40, 1
3308, 13402, 2, 0, 15357, 15358, 1956, 1954, 978.00, 1
3309, 13403, 7, 0, 15359, 17709, 4306, 4299, 615.14, 1
3310, 13405, 3, 0, 15366, 15368, 1963, 1960, 654.33, 1
3311, 13410, 4, 0, 15373, 15376, 1966, 1962, 491.50, 1
3312, 13411, 9, 0, 15377, 20493, 7082, 7073, 786.89, 1
3313, 13412, 4, 0, 15383, 15386, 1974, 1970, 493.50, 1
3314, 13414, 1, 0, 15387, 15387, 1973, 1972, 1973.00, 1
3315, 13415, 13, 0, 15388, 23675, 10260, 10247, 789.23, 1
3316, 13416, 8, 0, 15392, 17752, 4336, 4328, 542.00, 1
3317, 13418, 18, 0, 15400, 27283, 13865, 13847, 770.28, 1
3318, 13419, 5, 0, 15404, 17769, 4350, 4345, 870.00, 1
3319, 13423, 3, 0, 15412, 15414, 1991, 1988, 663.67, 1
3320, 13427, 5, 0, 15415, 17786, 4359, 4354, 871.80, 1
3321, 13437, 13, 0, 15422, 23727, 10290, 10277, 791.54, 1
3322, 13438, 7, 0, 15428, 17794, 4356, 4349, 622.29, 1
3323, 13439, 8, 0, 15432, 17802, 4363, 4355, 545.38, 1
3324, 13448, 5, 0, 15441, 17815, 4367, 4362, 873.40, 1
3325, 13449, 3, 0, 15445, 15447, 1998, 1995, 666.00, 1
3326, 13451, 6, 0, 15448, 17825, 4374, 4368, 729.00, 1
3327, 13452, 4, 0, 15452, 15455, 2003, 1999, 500.75, 1
3328, 13453, 2, 0, 15456, 15457, 2004, 2002, 1002.00, 1
3329, 13456, 4, 0, 15461, 15464, 2008, 2004, 502.00, 1
3330, 13471, 1, 0, 15481, 15481, 2010, 2009, 2010.00, 1
3331, 13472, 7, 0, 15482, 17863, 4391, 4384, 627.29, 1
3332, 13473, 2, 0, 15486, 15487, 2014, 2012, 1007.00, 1
3333, 13474, 9, 0, 15488, 20634, 7160, 7151, 795.56, 1
3334, 13480, 1, 0, 15495, 15495, 2015, 2014, 2015.00, 1
3335, 13483, 2, 0, 15500, 15501, 2018, 2016, 1009.00, 1
3336, 13490, 21, 0, 15507, 31320, 17830, 17809, 849.05, 1
3337, 13491, 6, 0, 15511, 17900, 4409, 4403, 734.83, 1
3338, 13494, 4, 0, 15515, 15518, 2024, 2020, 506.00, 1
3339, 13498, 15, 0, 15522, 23819, 10321, 10306, 688.07, 1
3340, 13500, 6, 0, 15526, 17910, 4410, 4404, 735.00, 1
3341, 13501, 16, 0, 15530, 23843, 10342, 10326, 646.38, 1
3342, 13502, 6, 0, 15534, 17924, 4422, 4416, 737.00, 1
3343, 13503, 3, 0, 15538, 15540, 2037, 2034, 679.00, 1
3344, 13506, 2, 0, 15541, 15542, 2036, 2034, 1018.00, 1
3345, 13507, 6, 0, 15543, 17930, 4423, 4417, 737.17, 1
3346, 13508, 7, 0, 15547, 17935, 4427, 4420, 632.43, 1
3347, 13509, 2, 0, 15551, 15552, 2043, 2041, 1021.50, 1
3348, 13513, 7, 0, 15554, 17946, 4433, 4426, 633.29, 1
3349, 13520, 8, 0, 15558, 17951, 4431, 4423, 553.88, 1
3350, 13523, 24, 0, 15566, 31427, 17904, 17880, 746.00, 1
3351, 13524, 3, 0, 15570, 15572, 2048, 2045, 682.67, 1
3352, 13526, 7, 0, 15573, 17979, 4453, 4446, 636.14, 1
3353, 13527, 18, 0, 15581, 27551, 14024, 14006, 779.11, 1
3354, 13535, 2, 0, 15586, 15587, 2052, 2050, 1026.00, 1
3355, 13543, 3, 0, 15593, 15595, 2052, 2049, 684.00, 1
3356, 13544, 5, 0, 15596, 18007, 4463, 4458, 892.60, 1
3357, 13553, 2, 0, 15608, 15609, 2056, 2054, 1028.00, 1
3358, 13554, 2, 0, 15610, 15611, 2057, 2055, 1028.50, 1
3359, 13559, 4, 0, 15616, 15619, 2060, 2056, 515.00, 1
3360, 13566, 3, 0, 15624, 15626, 2060, 2057, 686.67, 1
3361, 13573, 10, 0, 15629, 20796, 7223, 7213, 722.30, 1
3362, 13575, 13, 0, 15633, 23973, 10398, 10385, 799.85, 1
3363, 13577, 2, 0, 15641, 15642, 2065, 2063, 1032.50, 1
3364, 13578, 8, 0, 15643, 18062, 4484, 4476, 560.50, 1
3365, 13580, 1, 0, 15647, 15647, 2067, 2066, 2067.00, 1
3366, 13582, 4, 0, 15652, 15655, 2073, 2069, 518.25, 1
3367, 13585, 4, 0, 15656, 15659, 2074, 2070, 518.50, 1
3368, 13586, 1, 0, 15660, 15660, 2074, 2073, 2074.00, 1
3369, 13588, 2, 0, 15661, 15662, 2074, 2072, 1037.00, 1
3370, 13604, 3, 0, 15670, 15672, 2068, 2065, 689.33, 1
3371, 13606, 8, 0, 15674, 18087, 4481, 4473, 560.12, 1
3372, 13608, 6, 0, 15678, 18097, 4489, 4483, 748.17, 1
3373, 13610, 2, 0, 15682, 15683, 2073, 2071, 1036.50, 1
3374, 13622, 3, 0, 15691, 15693, 2071, 2068, 690.33, 1
3375, 13624, 7, 0, 15694, 18104, 4480, 4473, 640.00, 1
3376, 13625, 1, 0, 15698, 15698, 2073, 2072, 2073.00, 1
3377, 13631, 3, 0, 15699, 15701, 2070, 2067, 690.00, 1
3378, 13633, 3, 0, 15703, 15705, 2072, 2069, 690.67, 1
3379, 13639, 7, 0, 15706, 18115, 4476, 4469, 639.43, 1
3380, 13642, 10, 0, 15714, 20882, 7240, 7230, 724.00, 1
3381, 13643, 4, 0, 15718, 15721, 2078, 2074, 519.50, 1
3382, 13644, 2, 0, 15722, 15723, 2079, 2077, 1039.50, 1
3383, 13647, 6, 0, 15724, 18132, 4485, 4479, 747.50, 1
3384, 13652, 2, 0, 15728, 15729, 2077, 2075, 1038.50, 1
3385, 13653, 2, 0, 15730, 15731, 2078, 2076, 1039.00, 1
3386, 13662, 4, 0, 15739, 15742, 2080, 2076, 520.00, 1
3387, 13665, 4, 0, 15744, 15747, 2082, 2078, 520.50, 1
3388, 13666, 10, 0, 15748, 20916, 7250, 7240, 725.00, 1
3389, 13672, 4, 0, 15756, 15759, 2087, 2083, 521.75, 1
3390, 13674, 4, 0, 15760, 15763, 2089, 2085, 522.25, 1
3391, 13675, 10, 0, 15764, 20931, 7256, 7246, 725.60, 1
3392, 13676, 2, 0, 15768, 15769, 2093, 2091, 1046.50, 1
3393, 13678, 1, 0, 15770, 15770, 2092, 2091, 2092.00, 1
3394, 13685, 3, 0, 15775, 15777, 2092, 2089, 697.33, 1
3395, 13693, 2, 0, 15784, 15785, 2092, 2090, 1046.00, 1
3396, 13707, 1, 0, 15796, 15796, 2089, 2088, 2089.00, 1
3397, 13708, 3, 0, 15797, 15799, 2091, 2088, 697.00, 1
3398, 13710, 9, 0, 15800, 20975, 7265, 7256, 807.22, 1
3399, 13716, 1, 0, 15810, 15810, 2094, 2093, 2094.00, 1
3400, 13721, 11, 0, 15814, 20999, 7278, 7267, 661.64, 1
3401, 13725, 6, 0, 15818, 18234, 4509, 4503, 751.50, 1
3402, 13726, 2, 0, 15822, 15823, 2097, 2095, 1048.50, 1
3403, 13730, 5, 0, 15828, 18238, 4508, 4503, 901.60, 1
3404, 13731, 4, 0, 15836, 15839, 2108, 2104, 527.00, 1
3405, 13733, 1, 0, 15840, 15840, 2107, 2106, 2107.00, 1
3406, 13738, 5, 0, 15845, 18261, 4523, 4518, 904.60, 1
3407, 13739, 12, 0, 15851, 21043, 7304, 7292, 608.67, 1
3408, 13740, 7, 0, 15855, 18284, 4544, 4537, 649.14, 1
3409, 13743, 2, 0, 15859, 15860, 2117, 2115, 1058.50, 1
3410, 13749, 7, 0, 15865, 18292, 4543, 4536, 649.00, 1
3411, 13754, 4, 0, 15872, 15875, 2121, 2117, 530.25, 1
3412, 13762, 6, 0, 15880, 18317, 4555, 4549, 759.17, 1
3413, 13763, 5, 0, 15885, 18325, 4562, 4557, 912.40, 1
3414, 13764, 4, 0, 15889, 15892, 2128, 2124, 532.00, 1
3415, 13767, 2, 0, 15897, 15898, 2131, 2129, 1065.50, 1
3416, 13768, 1, 0, 15899, 15899, 2131, 2130, 2131.00, 1
3417, 13773, 7, 0, 15903, 18350, 4577, 4570, 653.86, 1
3418, 13776, 6, 0, 15907, 18352, 4576, 4570, 762.67, 1
3419, 13781, 2, 0, 15911, 15912, 2131, 2129, 1065.50, 1
3420, 13784, 3, 0, 15917, 15919, 2135, 2132, 711.67, 1
3421, 13788, 6, 0, 15921, 18365, 4577, 4571, 762.83, 1
3422, 13790, 3, 0, 15925, 15927, 2137, 2134, 712.33, 1
3423, 13792, 2, 0, 15928, 15929, 2137, 2135, 1068.50, 1
3424, 13796, 4, 0, 15932, 15935, 2139, 2135, 534.75, 1
3425, 13802, 4, 0, 15940, 15943, 2141, 2137, 535.25, 1
3426, 13803, 2, 0, 15944, 15945, 2142, 2140, 1071.00, 1
3427, 13810, 5, 0, 15949, 18379, 4569, 4564, 913.80, 1
3428, 13811, 1, 0, 15953, 15953, 2142, 2141, 2142.00, 1
3429, 13812, 5, 0, 15954, 18390, 4578, 4573, 915.60, 1
3430, 13817, 7, 0, 15965, 18409, 4592, 4585, 656.00, 1
3431, 13819, 10, 0, 15969, 21188, 7369, 7359, 736.90, 1
3432, 13820, 15, 0, 15973, 24429, 10609, 10594, 707.27, 1
3433, 13821, 1, 0, 15977, 15977, 2156, 2155, 2156.00, 1
3434, 13824, 4, 0, 15978, 15981, 2157, 2153, 539.25, 1
3435, 13828, 1, 0, 15982, 15982, 2154, 2153, 2154.00, 1
3436, 13829, 3, 0, 15983, 15985, 2156, 2153, 718.67, 1
3437, 13839, 1, 0, 15992, 15992, 2153, 2152, 2153.00, 1
3438, 13845, 6, 0, 15994, 18454, 4609, 4603, 768.17, 1
3439, 13846, 7, 0, 15998, 18460, 4614, 4607, 659.14, 1
3440, 13851, 4, 0, 16006, 16009, 2158, 2154, 539.50, 1
3441, 13854, 4, 0, 16010, 16013, 2159, 2155, 539.75, 1
3442, 13859, 9, 0, 16014, 21292, 7433, 7424, 825.89, 1
3443, 13874, 3, 0, 16022, 16024, 2150, 2147, 716.67, 1
3444, 13881, 9, 0, 16029, 21313, 7432, 7423, 825.78, 1
3445, 13883, 7, 0, 16033, 18512, 4629, 4622, 661.29, 1
3446, 13885, 2, 0, 16041, 16042, 2157, 2155, 1078.50, 1
3447, 13903, 4, 0, 16054, 16057, 2154, 2150, 538.50, 1
3448, 13904, 3, 0, 16058, 16060, 2156, 2153, 718.67, 1
3449, 13912, 10, 0, 16063, 21369, 7457, 7447, 745.70, 1
3450, 13913, 6, 0, 16067, 18566, 4653, 4647, 775.50, 1
3451, 13917, 2, 0, 16075, 16076, 2159, 2157, 1079.50, 1
3452, 13919, 13, 0, 16077, 24615, 10696, 10683, 822.77, 1
3453, 13922, 1, 0, 16085, 16085, 2163, 2162, 2163.00, 1
3454, 13924, 3, 0, 16086, 16088, 2164, 2161, 721.33, 1
3455, 13930, 3, 0, 16091, 16093, 2163, 2160, 721.00, 1
3456, 13932, 13, 0, 16094, 24645, 10713, 10700, 824.08, 1
3457, 13933, 2, 0, 16098, 16099, 2166, 2164, 1083.00, 1
3458, 13936, 4, 0, 16104, 16107, 2171, 2167, 542.75, 1
3459, 13938, 2, 0, 16108, 16109, 2171, 2169, 1085.50, 1
3460, 13949, 3, 0, 16111, 16113, 2164, 2161, 721.33, 1
3461, 13952, 2, 0, 16114, 16115, 2163, 2161, 1081.50, 1
3462, 13953, 7, 0, 16116, 18620, 4667, 4660, 666.71, 1
3463, 13961, 1, 0, 16124, 16124, 2163, 2162, 2163.00, 1
3464, 13965, 2, 0, 16128, 16129, 2164, 2162, 1082.00, 1
3465, 13968, 1, 0, 16130, 16130, 2162, 2161, 2162.00, 1
3466, 13972, 1, 0, 16135, 16135, 2163, 2162, 2163.00, 1
3467, 13974, 1, 0, 16140, 16140, 2166, 2165, 2166.00, 1
3468, 13975, 1, 0, 16141, 16141, 2166, 2165, 2166.00, 1
3469, 13979, 1, 0, 16142, 16142, 2163, 2162, 2163.00, 1
3470, 13984, 8, 0, 16145, 18645, 4661, 4653, 582.62, 1
3471, 13994, 6, 0, 16149, 18647, 4653, 4647, 775.50, 1
3472, 13995, 3, 0, 16153, 16155, 2160, 2157, 720.00, 1
3473, 14006, 8, 0, 16156, 18663, 4657, 4649, 582.12, 1
3474, 14011, 2, 0, 16161, 16162, 2151, 2149, 1075.50, 1
3475, 14016, 12, 0, 16167, 21470, 7454, 7442, 621.17, 1
3476, 14020, 6, 0, 16175, 18691, 4671, 4665, 778.50, 1
3477, 14024, 3, 0, 16183, 16185, 2161, 2158, 720.33, 1
3478, 14025, 25, 0, 16186, 36964, 22939, 22914, 917.56, 1
3479, 14026, 3, 0, 16190, 16192, 2166, 2163, 722.00, 1
3480, 14029, 6, 0, 16195, 18713, 4684, 4678, 780.67, 1
3481, 14031, 3, 0, 16199, 16201, 2170, 2167, 723.33, 1
3482, 14034, 4, 0, 16202, 16205, 2171, 2167, 542.75, 1
3483, 14038, 1, 0, 16210, 16210, 2172, 2171, 2172.00, 1
3484, 14041, 11, 0, 16211, 21538, 7497, 7486, 681.55, 1
3485, 14042, 2, 0, 16219, 16220, 2178, 2176, 1089.00, 1
3486, 14043, 8, 0, 16221, 18745, 4702, 4694, 587.75, 1
3487, 14048, 3, 0, 16227, 16229, 2181, 2178, 727.00, 1
3488, 14049, 4, 0, 16230, 16233, 2184, 2180, 546.00, 1
3489, 14059, 5, 0, 16239, 18755, 4696, 4691, 939.20, 1
3490, 14061, 1, 0, 16243, 16243, 2182, 2181, 2182.00, 1
3491, 14063, 7, 0, 16244, 18764, 4701, 4694, 671.57, 1
3492, 14080, 1, 0, 16250, 16250, 2170, 2169, 2170.00, 1
3493, 14084, 5, 0, 16251, 18769, 4685, 4680, 937.00, 1
3494, 14089, 7, 0, 16262, 18783, 4694, 4687, 670.57, 1
3495, 14090, 8, 0, 16266, 18791, 4701, 4693, 587.62, 1
3496, 14092, 2, 0, 16270, 16271, 2179, 2177, 1089.50, 1
3497, 14095, 1, 0, 16272, 16272, 2177, 2176, 2177.00, 1
3498, 14097, 3, 0, 16273, 16275, 2178, 2175, 726.00, 1
3499, 14107, 6, 0, 16280, 18795, 4688, 4682, 781.33, 1
3500, 14108, 1, 0, 16286, 16286, 2178, 2177, 2178.00, 1
3501, 14114, 9, 0, 16287, 21604, 7490, 7481, 832.22, 1
3502, 14118, 3, 0, 16294, 16296, 2178, 2175, 726.00, 1
3503, 14120, 4, 0, 16297, 16300, 2180, 2176, 545.00, 1
3504, 14126, 2, 0, 16302, 16303, 2177, 2175, 1088.50, 1
3505, 14146, 6, 0, 16308, 18809, 4663, 4657, 777.17, 1
3506, 14153, 2, 0, 16316, 16317, 2164, 2162, 1082.00, 1
3507, 14159, 11, 0, 16321, 21618, 7459, 7448, 678.09, 1
3508, 14167, 1, 0, 16328, 16328, 2161, 2160, 2161.00, 1
3509, 14173, 4, 0, 16330, 16333, 2160, 2156, 540.00, 1
3510, 14177, 1, 0, 16334, 16334, 2157, 2156, 2157.00, 1
3511, 14178, 1, 0, 16336, 16336, 2158, 2157, 2158.00, 1
3512, 14179, 16, 0, 16337, 24867, 10688, 10672, 668.00, 1
3513, 14181, 5, 0, 16341, 18828, 4647, 4642, 929.40, 1
3514, 14189, 1, 0, 16349, 16349, 2160, 2159, 2160.00, 1
3515, 14191, 2, 0, 16350, 16351, 2160, 2158, 1080.00, 1
3516, 14194, 1, 0, 16352, 16352, 2158, 2157, 2158.00, 1
3517, 14195, 27, 0, 16353, 37167, 22972, 22945, 850.81, 1
3518, 14199, 6, 0, 16357, 18844, 4645, 4639, 774.17, 1
3519, 14200, 3, 0, 16361, 16363, 2163, 2160, 721.00, 1
3520, 14202, 1, 0, 16365, 16365, 2163, 2162, 2163.00, 1
3521, 14206, 17, 0, 16367, 28597, 14391, 14374, 846.53, 1
3522, 14209, 5, 0, 16371, 18853, 4644, 4639, 928.80, 1
3523, 14214, 1, 0, 16379, 16379, 2165, 2164, 2165.00, 1
3524, 14216, 1, 0, 16380, 16380, 2164, 2163, 2164.00, 1
3525, 14219, 14, 0, 16385, 24936, 10717, 10703, 765.50, 1
3526, 14220, 4, 0, 16389, 16392, 2172, 2168, 543.00, 1
3527, 14222, 4, 0, 16394, 16397, 2175, 2171, 543.75, 1
3528, 14229, 1, 0, 16401, 16401, 2172, 2171, 2172.00, 1
3529, 14234, 1, 0, 16406, 16406, 2172, 2171, 2172.00, 1
3530, 14239, 1, 0, 16407, 16407, 2168, 2167, 2168.00, 1
3531, 14241, 3, 0, 16410, 16412, 2171, 2168, 723.67, 1
3532, 14247, 19, 0, 16413, 28661, 14414, 14395, 758.63, 1
3533, 14249, 6, 0, 16417, 18915, 4666, 4660, 777.67, 1
3534, 14251, 2, 0, 16425, 16426, 2175, 2173, 1087.50, 1
3535, 14257, 2, 0, 16427, 16428, 2171, 2169, 1085.50, 1
3536, 14258, 1, 0, 16429, 16429, 2171, 2170, 2171.00, 1
3537, 14266, 1, 0, 16432, 16432, 2166, 2165, 2166.00, 1
3538, 14271, 4, 0, 16435, 16438, 2167, 2163, 541.75, 1
3539, 14274, 5, 0, 16439, 18940, 4666, 4661, 933.20, 1
3540, 14275, 4, 0, 16443, 16446, 2171, 2167, 542.75, 1
3541, 14277, 2, 0, 16447, 16448, 2171, 2169, 1085.50, 1
3542, 14281, 2, 0, 16449, 16450, 2169, 2167, 1084.50, 1
3543, 14282, 3, 0, 16451, 16453, 2171, 2168, 723.67, 1
3544, 14284, 2, 0, 16454, 16455, 2171, 2169, 1085.50, 1
3545, 14285, 1, 0, 16456, 16456, 2171, 2170, 2171.00, 1
3546, 14286, 1, 0, 16457, 16457, 2171, 2170, 2171.00, 1
3547, 14288, 14, 0, 16458, 25029, 10741, 10727, 767.21, 1
3548, 14291, 3, 0, 16462, 16464, 2173, 2170, 724.33, 1
3549, 14295, 4, 0, 16466, 16469, 2174, 2170, 543.50, 1
3550, 14297, 13, 0, 16472, 25046, 10749, 10736, 826.85, 1
3551, 14298, 13, 0, 16476, 25056, 10758, 10745, 827.54, 1
3552, 14299, 7, 0, 16480, 18996, 4697, 4690, 671.00, 1
3553, 14302, 6, 0, 16488, 19000, 4698, 4692, 783.00, 1
3554, 14311, 5, 0, 16494, 19003, 4692, 4687, 938.40, 1
3555, 14313, 3, 0, 16498, 16500, 2187, 2184, 729.00, 1
3556, 14314, 2, 0, 16501, 16502, 2188, 2186, 1094.00, 1
3557, 14325, 2, 0, 16512, 16513, 2188, 2186, 1094.00, 1
3558, 14326, 2, 0, 16514, 16515, 2189, 2187, 1094.50, 1
3559, 14328, 1, 0, 16516, 16516, 2188, 2187, 2188.00, 1
3560, 14332, 2, 0, 16517, 16518, 2186, 2184, 1093.00, 1
3561, 14335, 4, 0, 16519, 16522, 2187, 2183, 546.75, 1
3562, 14340, 2, 0, 16525, 16526, 2186, 2184, 1093.00, 1
3563, 14342, 6, 0, 16531, 19049, 4707, 4701, 784.50, 1
3564, 14345, 3, 0, 16535, 16537, 2192, 2189, 730.67, 1
3565, 14347, 4, 0, 16538, 16541, 2194, 2190, 548.50, 1
3566, 14351, 3, 0, 16546, 16548, 2197, 2194, 732.33, 1
3567, 14353, 4, 0, 16553, 16556, 2203, 2199, 550.75, 1
3568, 14356, 5, 0, 16557, 19077, 4721, 4716, 944.20, 1
3569, 14358, 4, 0, 16561, 16564, 2206, 2202, 551.50, 1
3570, 14360, 2, 0, 16565, 16566, 2206, 2204, 1103.00, 1
3571, 14361, 2, 0, 16567, 16568, 2207, 2205, 1103.50, 1
3572, 14363, 9, 0, 16573, 21945, 7582, 7573, 842.44, 1
3573, 14368, 1, 0, 16578, 16578, 2210, 2209, 2210.00, 1
3574, 14370, 5, 0, 16579, 19103, 4733, 4728, 946.60, 1
3575, 14374, 4, 0, 16587, 16590, 2216, 2212, 554.00, 1
3576, 14378, 8, 0, 16592, 19133, 4755, 4747, 594.38, 1
3577, 14384, 1, 0, 16596, 16596, 2212, 2211, 2212.00, 1
3578, 14386, 3, 0, 16597, 16599, 2213, 2210, 737.67, 1
3579, 14395, 1, 0, 16602, 16602, 2207, 2206, 2207.00, 1
3580, 14404, 1, 0, 16611, 16611, 2207, 2206, 2207.00, 1
3581, 14407, 14, 0, 16612, 25328, 10921, 10907, 780.07, 1
3582, 14414, 2, 0, 16621, 16622, 2208, 2206, 1104.00, 1
3583, 14416, 8, 0, 16624, 19179, 4763, 4755, 595.38, 1
3584, 14420, 4, 0, 16632, 16635, 2215, 2211, 553.75, 1
3585, 14422, 1, 0, 16636, 16636, 2214, 2213, 2214.00, 1
3586, 14427, 12, 0, 16637, 22094, 7667, 7655, 638.92, 1
3587, 14428, 16, 0, 16645, 25407, 10979, 10963, 686.19, 1
3588, 14430, 2, 0, 16649, 16650, 2220, 2218, 1110.00, 1
3589, 14439, 5, 0, 16659, 19235, 4796, 4791, 959.20, 1
3590, 14452, 2, 0, 16668, 16669, 2217, 2215, 1108.50, 1
3591, 14455, 1, 0, 16674, 16674, 2219, 2218, 2219.00, 1
3592, 14457, 6, 0, 16675, 19251, 4794, 4788, 799.00, 1
3593, 14459, 1, 0, 16679, 16679, 2220, 2219, 2220.00, 1
3594, 14463, 2, 0, 16680, 16681, 2218, 2216, 1109.00, 1
3595, 14466, 2, 0, 16682, 16683, 2217, 2215, 1108.50, 1
3596, 14471, 16, 0, 16688, 25516, 11045, 11029, 690.31, 1
3597, 14478, 1, 0, 16696, 16696, 2218, 2217, 2218.00, 1
3598, 14479, 1, 0, 16697, 16697, 2218, 2217, 2218.00, 1
3599, 14481, 7, 0, 16698, 19280, 4799, 4792, 685.57, 1
3600, 14489, 7, 0, 16704, 19288, 4799, 4792, 685.57, 1
3601, 14490, 3, 0, 16708, 16710, 2220, 2217, 740.00, 1
3602, 14494, 2, 0, 16711, 16712, 2218, 2216, 1109.00, 1
3603, 14498, 3, 0, 16715, 16717, 2219, 2216, 739.67, 1
3604, 14500, 1, 0, 16718, 16718, 2218, 2217, 2218.00, 1
3605, 14502, 3, 0, 16723, 16725, 2223, 2220, 741.00, 1
3606, 14503, 1, 0, 16726, 16726, 2223, 2222, 2223.00, 1
3607, 14507, 5, 0, 16731, 19325, 4818, 4813, 963.60, 1
3608, 14510, 2, 0, 16735, 16736, 2226, 2224, 1113.00, 1
3609, 14519, 7, 0, 16738, 19332, 4813, 4806, 687.57, 1
3610, 14520, 6, 0, 16743, 19334, 4814, 4808, 802.33, 1
3611, 14523, 8, 0, 16747, 19338, 4815, 4807, 601.88, 1
3612, 14526, 2, 0, 16755, 16756, 2230, 2228, 1115.00, 1
3613, 14527, 12, 0, 16757, 22277, 7750, 7738, 645.83, 1
3614, 14530, 5, 0, 16761, 19357, 4827, 4822, 965.40, 1
3615, 14531, 2, 0, 16765, 16766, 2235, 2233, 1117.50, 1
3616, 14537, 2, 0, 16772, 16773, 2236, 2234, 1118.00, 1
3617, 14540, 6, 0, 16777, 19377, 4837, 4831, 806.17, 1
3618, 14541, 1, 0, 16781, 16781, 2240, 2239, 2240.00, 1
3619, 14547, 5, 0, 16786, 19384, 4837, 4832, 967.40, 1
3620, 14548, 1, 0, 16790, 16790, 2242, 2241, 2242.00, 1
3621, 14550, 4, 0, 16791, 16794, 2244, 2240, 561.00, 1
3622, 14553, 1, 0, 16795, 16795, 2242, 2241, 2242.00, 1
3623, 14556, 6, 0, 16800, 19395, 4839, 4833, 806.50, 1
3624, 14559, 1, 0, 16808, 16808, 2249, 2248, 2249.00, 1
3625, 14563, 1, 0, 16809, 16809, 2246, 2245, 2246.00, 1
3626, 14566, 3, 0, 16814, 16816, 2250, 2247, 750.00, 1
3627, 14568, 16, 0, 16817, 25699, 11131, 11115, 695.69, 1
3628, 14578, 4, 0, 16827, 16830, 2252, 2248, 563.00, 1
3629, 14580, 3, 0, 16833, 16835, 2255, 2252, 751.67, 1
3630, 14584, 2, 0, 16836, 16837, 2253, 2251, 1126.50, 1
3631, 14587, 21, 0, 16838, 33547, 18960, 18939, 902.86, 1
3632, 14589, 5, 0, 16842, 19443, 4854, 4849, 970.80, 1
3633, 14590, 16, 0, 16846, 25802, 11212, 11196, 700.75, 1
3634, 14599, 15, 0, 16857, 25806, 11207, 11192, 747.13, 1
3635, 14600, 3, 0, 16861, 16863, 2263, 2260, 754.33, 1
3636, 14608, 33, 0, 16872, 47031, 32423, 32390, 982.52, 1
3637, 14617, 5, 0, 16881, 19488, 4871, 4866, 974.20, 1
3638, 14621, 3, 0, 16889, 16891, 2270, 2267, 756.67, 1
3639, 14622, 4, 0, 16892, 16895, 2273, 2269, 568.25, 1
3640, 14640, 1, 0, 16909, 16909, 2269, 2268, 2269.00, 1
3641, 14642, 10, 0, 16910, 22476, 7834, 7824, 783.40, 1
3642, 14644, 4, 0, 16914, 16917, 2273, 2269, 568.25, 1
3643, 14645, 2, 0, 16921, 16922, 2277, 2275, 1138.50, 1
3644, 14647, 1, 0, 16923, 16923, 2276, 2275, 2276.00, 1
3645, 14649, 9, 0, 16925, 22496, 7847, 7838, 871.89, 1
3646, 14666, 21, 0, 16941, 33749, 19083, 19062, 908.71, 1
3647, 14667, 7, 0, 16945, 19565, 4898, 4891, 699.71, 1
3648, 14669, 7, 0, 16949, 19576, 4907, 4900, 701.00, 1
3649, 14670, 4, 0, 16955, 16958, 2288, 2284, 572.00, 1
3650, 14679, 6, 0, 16963, 19587, 4908, 4902, 818.00, 1
3651, 14692, 1, 0, 16972, 16972, 2280, 2279, 2280.00, 1
3652, 14694, 2, 0, 16973, 16974, 2280, 2278, 1140.00, 1
3653, 14701, 19, 0, 16975, 29640, 14939, 14920, 786.26, 1
3654, 14702, 3, 0, 16979, 16981, 2279, 2276, 759.67, 1
3655, 14705, 23, 0, 16986, 33840, 19135, 19112, 831.96, 1
3656, 14708, 6, 0, 16990, 19617, 4909, 4903, 818.17, 1
3657, 14713, 2, 0, 16998, 16999, 2286, 2284, 1143.00, 1
3658, 14724, 1, 0, 17005, 17005, 2281, 2280, 2281.00, 1
3659, 14734, 3, 0, 17013, 17015, 2281, 2278, 760.33, 1
3660, 14735, 12, 0, 17016, 22627, 7892, 7880, 657.67, 1
3661, 14736, 1, 0, 17020, 17020, 2284, 2283, 2284.00, 1
3662, 14741, 1, 0, 17026, 17026, 2285, 2284, 2285.00, 1
3663, 14742, 6, 0, 17027, 19672, 4930, 4924, 821.67, 1
3664, 14751, 2, 0, 17035, 17036, 2285, 2283, 1142.50, 1
3665, 14768, 6, 0, 17039, 19684, 4916, 4910, 819.33, 1
3666, 14771, 1, 0, 17043, 17043, 2272, 2271, 2272.00, 1
3667, 14772, 2, 0, 17048, 17049, 2277, 2275, 1138.50, 1
3668, 14776, 6, 0, 17054, 19694, 4918, 4912, 819.67, 1
3669, 14778, 1, 0, 17058, 17058, 2280, 2279, 2280.00, 1
3670, 14781, 3, 0, 17061, 17063, 2282, 2279, 760.67, 1
3671, 14784, 1, 0, 17064, 17064, 2280, 2279, 2280.00, 1
3672, 14789, 11, 0, 17071, 22710, 7921, 7910, 720.09, 1
3673, 14792, 8, 0, 17075, 19728, 4936, 4928, 617.00, 1
3674, 14796, 7, 0, 17080, 19735, 4939, 4932, 705.57, 1
3675, 14800, 11, 0, 17085, 22735, 7935, 7924, 721.36, 1
3676, 14809, 5, 0, 17097, 19764, 4955, 4950, 991.00, 1
3677, 14817, 8, 0, 17109, 19780, 4963, 4955, 620.38, 1
3678, 14821, 10, 0, 17117, 22797, 7976, 7966, 797.60, 1
3679, 14826, 5, 0, 17121, 19798, 4972, 4967, 994.40, 1
3680, 14827, 1, 0, 17125, 17125, 2298, 2297, 2298.00, 1
3681, 14829, 1, 0, 17126, 17126, 2297, 2296, 2297.00, 1
3682, 14832, 2, 0, 17127, 17128, 2296, 2294, 1148.00, 1
3683, 14838, 5, 0, 17133, 19819, 4981, 4976, 996.20, 1
3684, 14839, 4, 0, 17137, 17140, 2301, 2297, 575.25, 1
3685, 14843, 5, 0, 17142, 19832, 4989, 4984, 997.80, 1
3686, 14849, 12, 0, 17147, 22869, 8020, 8008, 668.33, 1
3687, 14853, 5, 0, 17155, 19841, 4988, 4983, 997.60, 1
3688, 14868, 11, 0, 17166, 22899, 8031, 8020, 730.09, 1
3689, 14872, 2, 0, 17174, 17175, 2303, 2301, 1151.50, 1
3690, 14874, 4, 0, 17176, 17179, 2305, 2301, 576.25, 1
3691, 14875, 1, 0, 17180, 17180, 2305, 2304, 2305.00, 1
3692, 14881, 6, 0, 17185, 19888, 5007, 5001, 834.50, 1
3693, 14891, 6, 0, 17193, 19894, 5003, 4997, 833.83, 1
3694, 14893, 8, 0, 17197, 19902, 5009, 5001, 626.12, 1
3695, 14898, 2, 0, 17204, 17205, 2307, 2305, 1153.50, 1
3696, 14910, 4, 0, 17214, 17217, 2307, 2303, 576.75, 1
3697, 14915, 2, 0, 17222, 17223, 2308, 2306, 1154.00, 1
3698, 14918, 4, 0, 17224, 17227, 2309, 2305, 577.25, 1
3699, 14930, 7, 0, 17233, 19937, 5007, 5000, 715.29, 1
3700, 14931, 13, 0, 17237, 26485, 11554, 11541, 888.77, 1
3701, 14936, 1, 0, 17241, 17241, 2305, 2304, 2305.00, 1
3702, 14938, 22, 0, 17242, 34553, 19615, 19593, 891.59, 1
3703, 14944, 3, 0, 17254, 17256, 2312, 2309, 770.67, 1
3704, 14946, 1, 0, 17257, 17257, 2311, 2310, 2311.00, 1
3705, 14950, 3, 0, 17258, 17260, 2310, 2307, 770.00, 1
3706, 14954, 2, 0, 17265, 17266, 2312, 2310, 1156.00, 1
3707, 14956, 4, 0, 17267, 17270, 2314, 2310, 578.50, 1
3708, 14969, 1, 0, 17275, 17275, 2306, 2305, 2306.00, 1
3709, 14977, 1, 0, 17282, 17282, 2305, 2304, 2305.00, 1
3710, 14979, 3, 0, 17283, 17285, 2306, 2303, 768.67, 1
3711, 14982, 3, 0, 17286, 17288, 2306, 2303, 768.67, 1
3712, 14984, 14, 0, 17290, 26606, 11622, 11608, 830.14, 1
3713, 14987, 1, 0, 17298, 17298, 2311, 2310, 2311.00, 1
3714, 14988, 9, 0, 17299, 23129, 8141, 8132, 904.56, 1
3715, 14990, 10, 0, 17303, 23135, 8145, 8135, 814.50, 1
3716, 14992, 2, 0, 17308, 17309, 2317, 2315, 1158.50, 1
3717, 14993, 21, 0, 17310, 34756, 19763, 19742, 941.10, 1
3718, 14997, 2, 0, 17314, 17315, 2318, 2316, 1159.00, 1
3719, 15001, 6, 0, 17320, 20063, 5062, 5056, 843.67, 1
3720, 15005, 8, 0, 17324, 20071, 5066, 5058, 633.25, 1
3721, 15008, 18, 0, 17328, 30517, 15509, 15491, 861.61, 1
3722, 15009, 2, 0, 17332, 17333, 2324, 2322, 1162.00, 1
3723, 15011, 2, 0, 17334, 17335, 2324, 2322, 1162.00, 1
3724, 15015, 2, 0, 17340, 17341, 2326, 2324, 1163.00, 1
3725, 15017, 4, 0, 17342, 17345, 2328, 2324, 582.00, 1
3726, 15019, 22, 0, 17346, 34828, 19809, 19787, 900.41, 1
3727, 15024, 2, 0, 17350, 17351, 2327, 2325, 1163.50, 1
3728, 15027, 13, 0, 17352, 26720, 11693, 11680, 899.46, 1
3729, 15039, 1, 0, 17360, 17360, 2321, 2320, 2321.00, 1
3730, 15041, 11, 0, 17361, 23222, 8181, 8170, 743.73, 1
3731, 15043, 7, 0, 17365, 20115, 5072, 5065, 724.57, 1
3732, 15045, 1, 0, 17369, 17369, 2324, 2323, 2324.00, 1
3733, 15048, 3, 0, 17370, 17372, 2324, 2321, 774.67, 1
3734, 15050, 4, 0, 17373, 17376, 2326, 2322, 581.50, 1
3735, 15053, 16, 0, 17377, 26783, 11730, 11714, 733.12, 1
3736, 15054, 1, 0, 17381, 17381, 2327, 2326, 2327.00, 1
3737, 15056, 5, 0, 17382, 20140, 5084, 5079, 1016.80, 1
3738, 15064, 3, 0, 17386, 17388, 2324, 2321, 774.67, 1
3739, 15069, 1, 0, 17393, 17393, 2324, 2323, 2324.00, 1
3740, 15072, 3, 0, 17398, 17400, 2328, 2325, 776.00, 1
3741, 15076, 1, 0, 17405, 17405, 2329, 2328, 2329.00, 1
3742, 15083, 1, 0, 17410, 17410, 2327, 2326, 2327.00, 1
3743, 15086, 5, 0, 17411, 20170, 5084, 5079, 1016.80, 1
3744, 15092, 3, 0, 17415, 17417, 2325, 2322, 775.00, 1
3745, 15094, 6, 0, 17418, 20176, 5082, 5076, 847.00, 1
3746, 15096, 7, 0, 17422, 20184, 5088, 5081, 726.86, 1
3747, 15100, 8, 0, 17426, 20188, 5088, 5080, 636.00, 1
3748, 15101, 1, 0, 17430, 17430, 2329, 2328, 2329.00, 1
3749, 15102, 1, 0, 17431, 17431, 2329, 2328, 2329.00, 1
3750, 15109, 6, 0, 17436, 20202, 5093, 5087, 848.83, 1
3751, 15113, 7, 0, 17444, 20218, 5105, 5098, 729.29, 1
3752, 15114, 7, 0, 17448, 20225, 5111, 5104, 730.14, 1
3753, 15119, 1, 0, 17456, 17456, 2337, 2336, 2337.00, 1
3754, 15129, 4, 0, 17465, 17468, 2339, 2335, 584.75, 1
3755, 15135, 1, 0, 17473, 17473, 2338, 2337, 2338.00, 1
3756, 15137, 2, 0, 17474, 17475, 2338, 2336, 1169.00, 1
3757, 15140, 5, 0, 17476, 20249, 5109, 5104, 1021.80, 1
3758, 15142, 3, 0, 17480, 17482, 2340, 2337, 780.00, 1
3759, 15143, 12, 0, 17483, 23363, 8220, 8208, 685.00, 1
3760, 15148, 5, 0, 17487, 20258, 5110, 5105, 1022.00, 1
3761, 15149, 17, 0, 17491, 30746, 15597, 15580, 917.47, 1
3762, 15150, 5, 0, 17495, 20271, 5121, 5116, 1024.20, 1
3763, 15151, 4, 0, 17499, 17502, 2351, 2347, 587.75, 1
3764, 15152, 6, 0, 17503, 20278, 5126, 5120, 854.33, 1
3765, 15163, 7, 0, 17512, 20290, 5127, 5120, 732.43, 1
3766, 15175, 8, 0, 17518, 20298, 5123, 5115, 640.38, 1
3767, 15176, 4, 0, 17522, 17525, 2349, 2345, 587.25, 1
3768, 15177, 1, 0, 17527, 17527, 2350, 2349, 2350.00, 1
3769, 15184, 5, 0, 17528, 20315, 5131, 5126, 1026.20, 1
3770, 15185, 7, 0, 17532, 20319, 5134, 5127, 733.43, 1
3771, 15186, 3, 0, 17536, 17538, 2352, 2349, 784.00, 1
3772, 15188, 5, 0, 17539, 20330, 5142, 5137, 1028.40, 1
3773, 15191, 10, 0, 17543, 23473, 8282, 8272, 828.20, 1
3774, 15193, 2, 0, 17547, 17548, 2355, 2353, 1177.50, 1
3775, 15201, 5, 0, 17550, 20339, 5138, 5133, 1027.60, 1
3776, 15213, 2, 0, 17560, 17561, 2348, 2346, 1174.00, 1
3777, 15215, 2, 0, 17562, 17563, 2348, 2346, 1174.00, 1
3778, 15216, 4, 0, 17568, 17571, 2355, 2351, 588.75, 1
3779, 15219, 4, 0, 17572, 17575, 2356, 2352, 589.00, 1
3780, 15220, 24, 0, 17580, 35292, 20072, 20048, 836.33, 1
3781, 15225, 14, 0, 17587, 27094, 11869, 11855, 847.79, 1
3782, 15228, 5, 0, 17591, 20368, 5140, 5135, 1028.00, 1
3783, 15233, 1, 0, 17595, 17595, 2362, 2361, 2362.00, 1
3784, 15238, 1, 0, 17597, 17597, 2359, 2358, 2359.00, 1
3785, 15240, 7, 0, 17600, 20372, 5132, 5125, 733.14, 1
3786, 15244, 4, 0, 17604, 17607, 2363, 2359, 590.75, 1
3787, 15265, 7, 0, 17620, 20383, 5118, 5111, 731.14, 1
3788, 15272, 1, 0, 17626, 17626, 2354, 2353, 2354.00, 1
3789, 15273, 1, 0, 17627, 17627, 2354, 2353, 2354.00, 1
3790, 15277, 1, 0, 17630, 17630, 2353, 2352, 2353.00, 1
3791, 15278, 5, 0, 17631, 20389, 5111, 5106, 1022.20, 1
3792, 15281, 1, 0, 17635, 17635, 2354, 2353, 2354.00, 1
3793, 15289, 1, 0, 17637, 17637, 2348, 2347, 2348.00, 1
3794, 15291, 1, 0, 17638, 17638, 2347, 2346, 2347.00, 1
3795, 15304, 5, 0, 17643, 20394, 5090, 5085, 1018.00, 1
3796, 15308, 3, 0, 17647, 17649, 2341, 2338, 780.33, 1
3797, 15312, 1, 0, 17650, 17650, 2338, 2337, 2338.00, 1
3798, 15314, 5, 0, 17654, 20412, 5098, 5093, 1019.60, 1
3799, 15317, 2, 0, 17662, 17663, 2346, 2344, 1173.00, 1
3800, 15321, 2, 0, 17664, 17665, 2344, 2342, 1172.00, 1
3801, 15322, 1, 0, 17666, 17666, 2344, 2343, 2344.00, 1
3802, 15326, 2, 0, 17668, 17669, 2343, 2341, 1171.50, 1
3803, 15328, 2, 0, 17672, 17673, 2345, 2343, 1172.50, 1
3804, 15329, 3, 0, 17674, 17676, 2347, 2344, 782.33, 1
3805, 15331, 1, 0, 17677, 17677, 2346, 2345, 2346.00, 1
3806, 15345, 3, 0, 17680, 17682, 2337, 2334, 779.00, 1
3807, 15346, 5, 0, 17683, 20439, 5093, 5088, 1018.60, 1
3808, 15349, 5, 0, 17689, 20445, 5096, 5091, 1019.20, 1
3809, 15356, 13, 0, 17697, 27190, 11834, 11821, 910.31, 1
3810, 15358, 13, 0, 17702, 27200, 11842, 11829, 910.92, 1
3811, 15360, 1, 0, 17706, 17706, 2346, 2345, 2346.00, 1
3812, 15366, 1, 0, 17710, 17710, 2344, 2343, 2344.00, 1
3813, 15372, 11, 0, 17711, 23629, 8257, 8246, 750.64, 1
3814, 15374, 3, 0, 17719, 17721, 2347, 2344, 782.33, 1
3815, 15377, 4, 0, 17722, 17725, 2348, 2344, 587.00, 1
3816, 15383, 2, 0, 17730, 17731, 2348, 2346, 1174.00, 1
3817, 15385, 1, 0, 17732, 17732, 2347, 2346, 2347.00, 1
3818, 15389, 4, 0, 17733, 17736, 2347, 2343, 586.75, 1
3819, 15391, 9, 0, 17737, 23664, 8273, 8264, 919.22, 1
3820, 15393, 4, 0, 17745, 17748, 2355, 2351, 588.75, 1
3821, 15396, 1, 0, 17753, 17753, 2357, 2356, 2357.00, 1
3822, 15400, 3, 0, 17756, 17758, 2358, 2355, 786.00, 1
3823, 15404, 2, 0, 17763, 17764, 2360, 2358, 1180.00, 1
3824, 15405, 14, 0, 17765, 27297, 11892, 11878, 849.43, 1
3825, 15408, 2, 0, 17770, 17771, 2363, 2361, 1181.50, 1
3826, 15411, 5, 0, 17772, 20543, 5132, 5127, 1026.40, 1
3827, 15414, 3, 0, 17780, 17782, 2368, 2365, 789.33, 1
3828, 15418, 3, 0, 17783, 17785, 2367, 2364, 789.00, 1
3829, 15429, 1, 0, 17791, 17791, 2362, 2361, 2362.00, 1
3830, 15432, 4, 0, 17795, 17798, 2366, 2362, 591.50, 1
3831, 15437, 1, 0, 17803, 17803, 2366, 2365, 2366.00, 1
3832, 15439, 5, 0, 17804, 20572, 5133, 5128, 1026.60, 1
3833, 15441, 1, 0, 17810, 17810, 2369, 2368, 2369.00, 1
3834, 15442, 5, 0, 17811, 20581, 5139, 5134, 1027.80, 1
3835, 15445, 4, 0, 17816, 17819, 2374, 2370, 593.50, 1
3836, 15449, 11, 0, 17820, 23748, 8299, 8288, 754.45, 1
3837, 15457, 2, 0, 17826, 17827, 2370, 2368, 1185.00, 1
3838, 15461, 6, 0, 17828, 20604, 5143, 5137, 857.17, 1
3839, 15467, 3, 0, 17832, 17834, 2367, 2364, 789.00, 1
3840, 15472, 4, 0, 17835, 17838, 2366, 2362, 591.50, 1
3841, 15474, 2, 0, 17841, 17842, 2368, 2366, 1184.00, 1
3842, 15476, 3, 0, 17843, 17845, 2369, 2366, 789.67, 1
3843, 15477, 1, 0, 17847, 17847, 2370, 2369, 2370.00, 1
3844, 15478, 4, 0, 17848, 17851, 2373, 2369, 593.25, 1
3845, 15479, 7, 0, 17852, 20627, 5148, 5141, 735.43, 1
3846, 15483, 2, 0, 17859, 17860, 2377, 2375, 1188.50, 1
3847, 15488, 4, 0, 17864, 17867, 2379, 2375, 594.75, 1
3848, 15491, 1, 0, 17868, 17868, 2377, 2376, 2377.00, 1
3849, 15492, 2, 0, 17873, 17874, 2382, 2380, 1191.00, 1
3850, 15495, 5, 0, 17875, 20641, 5146, 5141, 1029.20, 1
3851, 15505, 4, 0, 17883, 17886, 2381, 2377, 595.25, 1
3852, 15506, 6, 0, 17887, 20649, 5143, 5137, 857.17, 1
3853, 15514, 15, 0, 17895, 27425, 11911, 11896, 794.07, 1
3854, 15518, 2, 0, 17901, 17902, 2384, 2382, 1192.00, 1
3855, 15527, 2, 0, 17907, 17908, 2381, 2379, 1190.50, 1
3856, 15532, 1, 0, 17911, 17911, 2379, 2378, 2379.00, 1
3857, 15536, 3, 0, 17916, 17918, 2382, 2379, 794.00, 1
3858, 15537, 5, 0, 17919, 20686, 5149, 5144, 1029.80, 1
3859, 15538, 1, 0, 17925, 17925, 2387, 2386, 2387.00, 1
3860, 15540, 3, 0, 17926, 17928, 2388, 2385, 796.00, 1
3861, 15550, 2, 0, 17931, 17932, 2382, 2380, 1191.00, 1
3862, 15552, 3, 0, 17936, 17938, 2386, 2383, 795.33, 1
3863, 15554, 4, 0, 17939, 17942, 2388, 2384, 597.00, 1
3864, 15556, 1, 0, 17943, 17943, 2387, 2386, 2387.00, 1
3865, 15559, 1, 0, 17947, 17947, 2388, 2387, 2388.00, 1
3866, 15562, 3, 0, 17952, 17954, 2392, 2389, 797.33, 1
3867, 15563, 5, 0, 17955, 20719, 5156, 5151, 1031.20, 1
3868, 15567, 3, 0, 17963, 17965, 2398, 2395, 799.33, 1
3869, 15569, 3, 0, 17966, 17968, 2399, 2396, 799.67, 1
3870, 15571, 9, 0, 17973, 23889, 8318, 8309, 924.22, 1
3871, 15578, 5, 0, 17980, 20741, 5163, 5158, 1032.60, 1
3872, 15583, 7, 0, 17987, 20748, 5165, 5158, 737.86, 1
3873, 15584, 1, 0, 17991, 17991, 2407, 2406, 2407.00, 1
3874, 15592, 7, 0, 17996, 20759, 5167, 5160, 738.14, 1
3875, 15595, 8, 0, 18000, 20763, 5168, 5160, 646.00, 1
3876, 15596, 1, 0, 18004, 18004, 2408, 2407, 2408.00, 1
3877, 15597, 2, 0, 18005, 18006, 2409, 2407, 1204.50, 1
3878, 15600, 27, 0, 18008, 40980, 25380, 25353, 940.00, 1
3879, 15607, 8, 0, 18014, 20781, 5174, 5166, 646.75, 1
3880, 15617, 2, 0, 18023, 18024, 2407, 2405, 1203.50, 1
3881, 15622, 2, 0, 18025, 18026, 2404, 2402, 1202.00, 1
3882, 15629, 1, 0, 18031, 18031, 2402, 2401, 2402.00, 1
3883, 15638, 4, 0, 18040, 18043, 2405, 2401, 601.25, 1
3884, 15641, 3, 0, 18044, 18046, 2405, 2402, 801.67, 1
3885, 15642, 12, 0, 18047, 23993, 8351, 8339, 695.92, 1
3886, 15643, 6, 0, 18051, 20818, 5175, 5169, 862.50, 1
3887, 15645, 6, 0, 18055, 20824, 5179, 5173, 863.17, 1
3888, 15648, 15, 0, 18063, 27649, 12001, 11986, 800.07, 1
3889, 15664, 6, 0, 18069, 20839, 5175, 5169, 862.50, 1
3890, 15669, 3, 0, 18077, 18079, 2410, 2407, 803.33, 1
3891, 15674, 11, 0, 18080, 24019, 8345, 8334, 758.64, 1
3892, 15678, 5, 0, 18088, 20850, 5172, 5167, 1034.40, 1
3893, 15679, 8, 0, 18092, 20858, 5179, 5171, 647.38, 1
3894, 15682, 1, 0, 18098, 18098, 2416, 2415, 2416.00, 1
3895, 15684, 1, 0, 18099, 18099, 2415, 2414, 2415.00, 1
3896, 15692, 1, 0, 18101, 18101, 2409, 2408, 2409.00, 1
3897, 15703, 4, 0, 18105, 18108, 2405, 2401, 601.25, 1
3898, 15704, 11, 0, 18109, 24036, 8332, 8321, 757.45, 1
3899, 15713, 2, 0, 18116, 18117, 2404, 2402, 1202.00, 1
3900, 15715, 1, 0, 18120, 18120, 2405, 2404, 2405.00, 1
3901, 15717, 2, 0, 18121, 18122, 2405, 2403, 1202.50, 1
3902, 15720, 4, 0, 18127, 18130, 2410, 2406, 602.50, 1
3903, 15728, 3, 0, 18133, 18135, 2407, 2404, 802.33, 1
3904, 15729, 5, 0, 18136, 20897, 5168, 5163, 1033.60, 1
3905, 15732, 10, 0, 18140, 24070, 8338, 8328, 833.80, 1
3906, 15737, 3, 0, 18146, 18148, 2411, 2408, 803.67, 1
3907, 15750, 3, 0, 18149, 18151, 2401, 2398, 800.33, 1
3908, 15758, 4, 0, 18156, 18159, 2401, 2397, 600.25, 1
3909, 15764, 8, 0, 18160, 20924, 5160, 5152, 645.00, 1
3910, 15765, 3, 0, 18164, 18166, 2401, 2398, 800.33, 1
3911, 15768, 12, 0, 18171, 24090, 8322, 8310, 693.50, 1
3912, 15769, 1, 0, 18175, 18175, 2406, 2405, 2406.00, 1
3913, 15770, 6, 0, 18176, 20941, 5171, 5165, 861.83, 1
3914, 15785, 6, 0, 18184, 20944, 5159, 5153, 859.83, 1
3915, 15791, 18, 0, 18192, 31648, 15857, 15839, 880.94, 1
3916, 15794, 9, 0, 18200, 24114, 8320, 8311, 924.44, 1
3917, 15798, 8, 0, 18204, 20972, 5174, 5166, 646.75, 1
3918, 15799, 5, 0, 18208, 20973, 5174, 5169, 1034.80, 1
3919, 15810, 1, 0, 18220, 18220, 2410, 2409, 2410.00, 1
3920, 15816, 5, 0, 18221, 20989, 5173, 5168, 1034.60, 1
3921, 15817, 7, 0, 18225, 20996, 5179, 5172, 739.86, 1
3922, 15834, 2, 0, 18239, 18240, 2406, 2404, 1203.00, 1
3923, 15839, 2, 0, 18245, 18246, 2407, 2405, 1203.50, 1
3924, 15842, 10, 0, 18247, 24166, 8324, 8314, 832.40, 1
3925, 15843, 2, 0, 18251, 18252, 2409, 2407, 1204.50, 1
3926, 15848, 15, 0, 18257, 27823, 11975, 11960, 798.33, 1
3927, 15849, 13, 0, 18262, 27827, 11978, 11965, 921.38, 1
3928, 15850, 5, 0, 18266, 21039, 5189, 5184, 1037.80, 1
3929, 15855, 5, 0, 18274, 21048, 5193, 5188, 1038.60, 1
3930, 15858, 6, 0, 18278, 21054, 5196, 5190, 866.00, 1
3931, 15862, 2, 0, 18285, 18286, 2424, 2422, 1212.00, 1
3932, 15863, 3, 0, 18287, 18289, 2426, 2423, 808.67, 1
3933, 15869, 8, 0, 18293, 21068, 5199, 5191, 649.88, 1
3934, 15870, 1, 0, 18297, 18297, 2427, 2426, 2427.00, 1
3935, 15874, 6, 0, 18298, 21074, 5200, 5194, 866.67, 1
3936, 15879, 4, 0, 18302, 18305, 2426, 2422, 606.50, 1
3937, 15880, 8, 0, 18310, 21094, 5214, 5206, 651.75, 1
3938, 15882, 2, 0, 18314, 18315, 2433, 2431, 1216.50, 1
3939, 15886, 6, 0, 18318, 21105, 5219, 5213, 869.83, 1
3940, 15888, 3, 0, 18322, 18324, 2436, 2433, 812.00, 1
3941, 15891, 1, 0, 18326, 18326, 2435, 2434, 2435.00, 1
3942, 15892, 6, 0, 18327, 21109, 5217, 5211, 869.50, 1
3943, 15896, 1, 0, 18331, 18331, 2435, 2434, 2435.00, 1
3944, 15897, 4, 0, 18332, 18335, 2438, 2434, 609.50, 1
3945, 15898, 2, 0, 18336, 18337, 2439, 2437, 1219.50, 1
3946, 15901, 10, 0, 18338, 24315, 8414, 8404, 841.40, 1
3947, 15902, 1, 0, 18342, 18342, 2440, 2439, 2440.00, 1
3948, 15903, 6, 0, 18343, 21126, 5223, 5217, 870.50, 1
3949, 15904, 1, 0, 18347, 18347, 2443, 2442, 2443.00, 1
3950, 15912, 5, 0, 18353, 21136, 5224, 5219, 1044.80, 1
3951, 15922, 6, 0, 18360, 21149, 5227, 5221, 871.17, 1
3952, 15931, 1, 0, 18366, 18366, 2435, 2434, 2435.00, 1
3953, 15932, 4, 0, 18367, 18370, 2438, 2434, 609.50, 1
3954, 15934, 1, 0, 18371, 18371, 2437, 2436, 2437.00, 1
3955, 15940, 1, 0, 18376, 18376, 2436, 2435, 2436.00, 1
3956, 15950, 2, 0, 18377, 18378, 2428, 2426, 1214.00, 1
3957, 15953, 3, 0, 18380, 18382, 2429, 2426, 809.67, 1
3958, 15954, 3, 0, 18383, 18385, 2431, 2428, 810.33, 1
3959, 15957, 7, 0, 18386, 21164, 5207, 5200, 743.86, 1
3960, 15961, 2, 0, 18391, 18392, 2431, 2429, 1215.50, 1
3961, 15963, 3, 0, 18397, 18399, 2436, 2433, 812.00, 1
3962, 15964, 3, 0, 18400, 18402, 2438, 2435, 812.67, 1
3963, 15966, 7, 0, 18403, 21184, 5218, 5211, 745.43, 1
3964, 15974, 12, 0, 18414, 24413, 8439, 8427, 703.25, 1
3965, 15977, 3, 0, 18422, 18424, 2447, 2444, 815.67, 1
3966, 15979, 6, 0, 18425, 21214, 5235, 5229, 872.50, 1
3967, 15981, 7, 0, 18429, 21221, 5240, 5233, 748.57, 1
3968, 15982, 9, 0, 18433, 24461, 8479, 8470, 942.11, 1
3969, 15987, 1, 0, 18437, 18437, 2450, 2449, 2450.00, 1
3970, 15989, 3, 0, 18438, 18440, 2451, 2448, 817.00, 1
3971, 15990, 6, 0, 18445, 21245, 5255, 5249, 875.83, 1
3972, 15995, 6, 0, 18449, 21249, 5254, 5248, 875.67, 1
3973, 16001, 3, 0, 18455, 18457, 2456, 2453, 818.67, 1
3974, 16002, 8, 0, 18461, 21268, 5266, 5258, 658.25, 1
3975, 16007, 5, 0, 18469, 21278, 5271, 5266, 1054.20, 1
3976, 16008, 6, 0, 18473, 21284, 5276, 5270, 879.33, 1
3977, 16009, 6, 0, 18477, 21288, 5279, 5273, 879.83, 1
3978, 16020, 8, 0, 18485, 21299, 5279, 5271, 659.88, 1
3979, 16022, 1, 0, 18493, 18493, 2471, 2470, 2471.00, 1
3980, 16023, 4, 0, 18494, 18497, 2474, 2470, 618.50, 1
3981, 16024, 7, 0, 18498, 21312, 5288, 5281, 755.43, 1
3982, 16036, 3, 0, 18507, 18509, 2473, 2470, 824.33, 1
3983, 16037, 8, 0, 18513, 21333, 5296, 5288, 662.00, 1
3984, 16038, 10, 0, 18517, 24583, 8545, 8535, 854.50, 1
3985, 16041, 4, 0, 18521, 18524, 2483, 2479, 620.75, 1
3986, 16043, 2, 0, 18525, 18526, 2483, 2481, 1241.50, 1
3987, 16045, 8, 0, 18527, 21347, 5302, 5294, 662.75, 1
3988, 16048, 3, 0, 18534, 18536, 2488, 2485, 829.33, 1
3989, 16049, 4, 0, 18537, 18540, 2491, 2487, 622.75, 1
3990, 16050, 2, 0, 18541, 18542, 2492, 2490, 1246.00, 1
3991, 16053, 2, 0, 18543, 18544, 2491, 2489, 1245.50, 1
3992, 16057, 2, 0, 18545, 18546, 2489, 2487, 1244.50, 1
3993, 16058, 4, 0, 18547, 18550, 2492, 2488, 623.00, 1
3994, 16062, 1, 0, 18551, 18551, 2489, 2488, 2489.00, 1
3995, 16064, 5, 0, 18552, 21355, 5291, 5286, 1058.20, 1
3996, 16065, 1, 0, 18556, 18556, 2491, 2490, 2491.00, 1
3997, 16066, 1, 0, 18557, 18557, 2491, 2490, 2491.00, 1
3998, 16067, 3, 0, 18562, 18564, 2497, 2494, 832.33, 1
3999, 16071, 9, 0, 18567, 24614, 8543, 8534, 949.22, 1
4000, 16077, 5, 0, 18573, 21380, 5303, 5298, 1060.60, 1
4001, 16080, 3, 0, 18577, 18579, 2499, 2496, 833.00, 1
4002, 16083, 8, 0, 18584, 21395, 5312, 5304, 664.00, 1
4003, 16087, 1, 0, 18588, 18588, 2501, 2500, 2501.00, 1
4004, 16088, 5, 0, 18589, 21400, 5312, 5307, 1062.40, 1
4005, 16090, 1, 0, 18593, 18593, 2503, 2502, 2503.00, 1
4006, 16092, 3, 0, 18594, 18596, 2504, 2501, 834.67, 1
4007, 16097, 1, 0, 18597, 18597, 2500, 2499, 2500.00, 1
4008, 16109, 9, 0, 18604, 24650, 8541, 8532, 949.00, 1
4009, 16110, 18, 0, 18608, 32245, 16135, 16117, 896.39, 1
4010, 16111, 5, 0, 18612, 21423, 5312, 5307, 1062.40, 1
4011, 16116, 1, 0, 18616, 18616, 2500, 2499, 2500.00, 1
4012, 16118, 1, 0, 18617, 18617, 2499, 2498, 2499.00, 1
4013, 16120, 7, 0, 18621, 21429, 5309, 5302, 758.43, 1
4014, 16129, 3, 0, 18627, 18629, 2500, 2497, 833.33, 1
4015, 16141, 3, 0, 18633, 18635, 2494, 2491, 831.33, 1
4016, 16144, 2, 0, 18636, 18637, 2493, 2491, 1246.50, 1
4017, 16148, 13, 0, 18638, 28294, 12146, 12133, 934.31, 1
4018, 16156, 11, 0, 18648, 24681, 8525, 8514, 775.00, 1
4019, 16157, 5, 0, 18652, 21451, 5294, 5289, 1058.80, 1
4020, 16159, 11, 0, 18656, 24684, 8525, 8514, 775.00, 1
4021, 16160, 3, 0, 18664, 18666, 2506, 2503, 835.33, 1
4022, 16162, 2, 0, 18667, 18668, 2506, 2504, 1253.00, 1
4023, 16167, 3, 0, 18669, 18671, 2504, 2501, 834.67, 1
4024, 16175, 7, 0, 18678, 21478, 5303, 5296, 757.57, 1
4025, 16176, 13, 0, 18682, 28348, 12172, 12159, 936.31, 1
4026, 16178, 6, 0, 18686, 21493, 5315, 5309, 885.83, 1
4027, 16184, 5, 0, 18696, 21514, 5330, 5325, 1066.00, 1
4028, 16193, 4, 0, 18704, 18707, 2514, 2510, 628.50, 1
4029, 16198, 8, 0, 18708, 21526, 5328, 5320, 666.00, 1
4030, 16202, 5, 0, 18714, 21527, 5325, 5320, 1065.00, 1
4031, 16209, 4, 0, 18718, 18721, 2512, 2508, 628.00, 1
4032, 16211, 3, 0, 18726, 18728, 2517, 2514, 839.00, 1
4033, 16215, 1, 0, 18733, 18733, 2518, 2517, 2518.00, 1
4034, 16224, 6, 0, 18738, 21547, 5323, 5317, 887.17, 1
4035, 16232, 2, 0, 18746, 18747, 2515, 2513, 1257.50, 1
4036, 16234, 4, 0, 18748, 18751, 2517, 2513, 629.25, 1
4037, 16241, 3, 0, 18752, 18754, 2513, 2510, 837.67, 1
4038, 16243, 11, 0, 18756, 24801, 8558, 8547, 778.00, 1
4039, 16247, 2, 0, 18760, 18761, 2514, 2512, 1257.00, 1
4040, 16248, 1, 0, 18765, 18765, 2517, 2516, 2517.00, 1
4041, 16251, 3, 0, 18766, 18768, 2517, 2514, 839.00, 1
4042, 16260, 5, 0, 18773, 21586, 5326, 5321, 1065.20, 1
4043, 16263, 3, 0, 18777, 18779, 2516, 2513, 838.67, 1
4044, 16264, 1, 0, 18780, 18780, 2516, 2515, 2516.00, 1
4045, 16268, 16, 0, 18784, 28481, 12213, 12197, 763.31, 1
4046, 16271, 1, 0, 18792, 18792, 2521, 2520, 2521.00, 1
4047, 16278, 1, 0, 18793, 18793, 2515, 2514, 2515.00, 1
4048, 16292, 6, 0, 18800, 21609, 5317, 5311, 886.17, 1
4049, 16330, 3, 0, 18816, 18818, 2488, 2485, 829.33, 1
4050, 16338, 1, 0, 18819, 18819, 2481, 2480, 2481.00, 1
4051, 16340, 12, 0, 18820, 24861, 8521, 8509, 710.08, 1
4052, 16345, 9, 0, 18829, 24877, 8532, 8523, 948.00, 1
4053, 16348, 2, 0, 18833, 18834, 2486, 2484, 1243.00, 1
4054, 16366, 1, 0, 18845, 18845, 2479, 2478, 2479.00, 1
4055, 16370, 3, 0, 18846, 18848, 2478, 2475, 826.00, 1
4056, 16375, 2, 0, 18854, 18855, 2480, 2478, 1240.00, 1
4057, 16377, 7, 0, 18856, 21688, 5311, 5304, 758.71, 1
4058, 16384, 2, 0, 18863, 18864, 2480, 2478, 1240.00, 1
4059, 16386, 1, 0, 18869, 18869, 2483, 2482, 2483.00, 1
4060, 16388, 4, 0, 18870, 18873, 2485, 2481, 621.25, 1
4061, 16391, 1, 0, 18878, 18878, 2487, 2486, 2487.00, 1
4062, 16405, 3, 0, 18879, 18881, 2476, 2473, 825.33, 1
4063, 16406, 1, 0, 18886, 18886, 2480, 2479, 2480.00, 1
4064, 16407, 7, 0, 18887, 21705, 5298, 5291, 756.86, 1
4065, 16409, 9, 0, 18891, 24955, 8546, 8537, 949.56, 1
4066, 16410, 6, 0, 18895, 21715, 5305, 5299, 884.17, 1
4067, 16412, 1, 0, 18899, 18899, 2487, 2486, 2487.00, 1
4068, 16414, 2, 0, 18900, 18901, 2487, 2485, 1243.50, 1
4069, 16415, 4, 0, 18902, 18905, 2490, 2486, 622.50, 1
4070, 16417, 5, 0, 18910, 21728, 5311, 5306, 1062.20, 1
4071, 16421, 4, 0, 18916, 18919, 2498, 2494, 624.50, 1
4072, 16426, 2, 0, 18920, 18921, 2495, 2493, 1247.50, 1
4073, 16427, 8, 0, 18922, 21745, 5318, 5310, 664.75, 1
4074, 16429, 6, 0, 18926, 21747, 5318, 5312, 886.33, 1
4075, 16432, 7, 0, 18930, 21754, 5322, 5315, 760.29, 1
4076, 16437, 2, 0, 18934, 18935, 2498, 2496, 1249.00, 1
4077, 16442, 8, 0, 18936, 21758, 5316, 5308, 664.50, 1
4078, 16446, 5, 0, 18941, 21767, 5321, 5316, 1064.20, 1
4079, 16448, 6, 0, 18945, 21771, 5323, 5317, 887.17, 1
4080, 16449, 6, 0, 18949, 21777, 5328, 5322, 888.00, 1
4081, 16451, 3, 0, 18953, 18955, 2504, 2501, 834.67, 1
4082, 16452, 5, 0, 18956, 21778, 5326, 5321, 1065.20, 1
4083, 16456, 6, 0, 18960, 21784, 5328, 5322, 888.00, 1
4084, 16461, 5, 0, 18964, 21786, 5325, 5320, 1065.00, 1
4085, 16465, 3, 0, 18972, 18974, 2509, 2506, 836.33, 1
4086, 16468, 3, 0, 18975, 18977, 2509, 2506, 836.33, 1
4087, 16474, 6, 0, 18978, 21801, 5327, 5321, 887.83, 1
4088, 16475, 2, 0, 18982, 18983, 2508, 2506, 1254.00, 1
4089, 16480, 2, 0, 18992, 18993, 2513, 2511, 1256.50, 1
4090, 16488, 2, 0, 18997, 18998, 2510, 2508, 1255.00, 1
4091, 16496, 2, 0, 19001, 19002, 2506, 2504, 1253.00, 1
4092, 16499, 11, 0, 19004, 25078, 8579, 8568, 779.91, 1
4093, 16500, 9, 0, 19008, 25085, 8585, 8576, 953.89, 1
4094, 16510, 7, 0, 19016, 21858, 5348, 5341, 764.00, 1
4095, 16512, 14, 0, 19020, 28793, 12281, 12267, 877.21, 1
4096, 16513, 4, 0, 19024, 19027, 2514, 2510, 628.50, 1
4097, 16516, 3, 0, 19028, 19030, 2514, 2511, 838.00, 1
4098, 16518, 15, 0, 19031, 28802, 12284, 12269, 818.93, 1
4099, 16519, 10, 0, 19035, 25137, 8618, 8608, 861.80, 1
4100, 16520, 1, 0, 19039, 19039, 2519, 2518, 2519.00, 1
4101, 16521, 12, 0, 19040, 25148, 8627, 8615, 718.92, 1
4102, 16522, 3, 0, 19044, 19046, 2524, 2521, 841.33, 1
4103, 16538, 1, 0, 19050, 19050, 2512, 2511, 2512.00, 1
4104, 16541, 4, 0, 19051, 19054, 2513, 2509, 628.25, 1
4105, 16544, 4, 0, 19055, 19058, 2514, 2510, 628.50, 1
4106, 16549, 2, 0, 19063, 19064, 2515, 2513, 1257.50, 1
4107, 16554, 8, 0, 19069, 21923, 5369, 5361, 671.12, 1
4108, 16557, 13, 0, 19073, 28837, 12280, 12267, 944.62, 1
4109, 16567, 2, 0, 19078, 19079, 2512, 2510, 1256.00, 1
4110, 16570, 14, 0, 19080, 28844, 12274, 12260, 876.71, 1
4111, 16571, 1, 0, 19084, 19084, 2513, 2512, 2513.00, 1
4112, 16573, 2, 0, 19086, 19087, 2514, 2512, 1257.00, 1
4113, 16577, 3, 0, 19092, 19094, 2517, 2514, 839.00, 1
4114, 16580, 17, 0, 19095, 32869, 16289, 16272, 958.18, 1
4115, 16581, 4, 0, 19099, 19102, 2521, 2517, 630.25, 1
4116, 16585, 11, 0, 19104, 25208, 8623, 8612, 783.91, 1
4117, 16587, 13, 0, 19112, 28898, 12311, 12298, 947.00, 1
4118, 16589, 8, 0, 19116, 21997, 5408, 5400, 676.00, 1
4119, 16590, 1, 0, 19120, 19120, 2530, 2529, 2530.00, 1
4120, 16592, 1, 0, 19121, 19121, 2529, 2528, 2529.00, 1
4121, 16594, 5, 0, 19122, 22005, 5411, 5406, 1082.20, 1
4122, 16595, 7, 0, 19126, 22014, 5419, 5412, 774.14, 1
4123, 16597, 6, 0, 19134, 22020, 5423, 5417, 903.83, 1
4124, 16598, 6, 0, 19138, 22027, 5429, 5423, 904.83, 1
4125, 16600, 7, 0, 19142, 22030, 5430, 5423, 775.71, 1
4126, 16604, 1, 0, 19146, 19146, 2542, 2541, 2542.00, 1
4127, 16606, 6, 0, 19147, 22040, 5434, 5428, 905.67, 1
4128, 16614, 10, 0, 19155, 25321, 8707, 8697, 870.70, 1
4129, 16621, 12, 0, 19164, 25337, 8716, 8704, 726.33, 1
4130, 16622, 3, 0, 19168, 19170, 2548, 2545, 849.33, 1
4131, 16626, 24, 0, 19171, 37632, 21006, 20982, 875.25, 1
4132, 16627, 1, 0, 19175, 19175, 2548, 2547, 2548.00, 1
4133, 16629, 1, 0, 19180, 19180, 2551, 2550, 2551.00, 1
4134, 16635, 4, 0, 19185, 19188, 2553, 2549, 638.25, 1
4135, 16639, 7, 0, 19189, 22086, 5447, 5440, 778.14, 1
4136, 16644, 1, 0, 19197, 19197, 2553, 2552, 2553.00, 1
4137, 16649, 1, 0, 19203, 19203, 2554, 2553, 2554.00, 1
4138, 16650, 9, 0, 19204, 25413, 8763, 8754, 973.67, 1
4139, 16652, 4, 0, 19208, 19211, 2559, 2555, 639.75, 1
4140, 16654, 3, 0, 19212, 19214, 2560, 2557, 853.33, 1
4141, 16657, 2, 0, 19219, 19220, 2563, 2561, 1281.50, 1
4142, 16658, 8, 0, 19221, 22138, 5480, 5472, 685.00, 1
4143, 16659, 3, 0, 19227, 19229, 2570, 2567, 856.67, 1
4144, 16661, 17, 0, 19230, 33158, 16497, 16480, 970.41, 1
4145, 16662, 1, 0, 19234, 19234, 2572, 2571, 2572.00, 1
4146, 16668, 3, 0, 19236, 19238, 2570, 2567, 856.67, 1
4147, 16669, 11, 0, 19239, 25473, 8804, 8793, 800.36, 1
4148, 16673, 2, 0, 19243, 19244, 2571, 2569, 1285.50, 1
4149, 16676, 3, 0, 19247, 19249, 2573, 2570, 857.67, 1
4150, 16683, 2, 0, 19252, 19253, 2570, 2568, 1285.00, 1
4151, 16695, 3, 0, 19261, 19263, 2568, 2565, 856.00, 1
4152, 16698, 3, 0, 19268, 19270, 2572, 2569, 857.33, 1
4153, 16699, 3, 0, 19271, 19273, 2574, 2571, 858.00, 1
4154, 16700, 5, 0, 19274, 22204, 5504, 5499, 1100.80, 1
4155, 16702, 1, 0, 19281, 19281, 2579, 2578, 2579.00, 1
4156, 16706, 4, 0, 19282, 19285, 2579, 2575, 644.75, 1
4157, 16709, 9, 0, 19289, 25545, 8836, 8827, 981.78, 1
4158, 16710, 3, 0, 19293, 19295, 2585, 2582, 861.67, 1
4159, 16717, 15, 0, 19296, 29197, 12480, 12465, 832.00, 1
4160, 16718, 18, 0, 19300, 33308, 16590, 16572, 921.67, 1
4161, 16720, 4, 0, 19304, 19307, 2587, 2583, 646.75, 1
4162, 16723, 5, 0, 19311, 22240, 5517, 5512, 1103.40, 1
4163, 16725, 1, 0, 19315, 19315, 2590, 2589, 2590.00, 1
4164, 16727, 1, 0, 19316, 19316, 2589, 2588, 2589.00, 1
4165, 16731, 4, 0, 19321, 19324, 2593, 2589, 648.25, 1
4166, 16740, 5, 0, 19326, 22254, 5514, 5509, 1102.80, 1
4167, 16752, 2, 0, 19339, 19340, 2588, 2586, 1294.00, 1
4168, 16755, 9, 0, 19345, 25593, 8838, 8829, 982.00, 1
4169, 16762, 5, 0, 19353, 22278, 5516, 5511, 1103.20, 1
4170, 16771, 5, 0, 19359, 22285, 5514, 5509, 1102.80, 1
4171, 16773, 1, 0, 19363, 19363, 2590, 2589, 2590.00, 1
4172, 16776, 4, 0, 19364, 19367, 2591, 2587, 647.75, 1
4173, 16778, 4, 0, 19368, 19371, 2593, 2589, 648.25, 1
4174, 16780, 12, 0, 19372, 25634, 8854, 8842, 737.83, 1
4175, 16786, 1, 0, 19382, 19382, 2596, 2595, 2596.00, 1
4176, 16789, 1, 0, 19383, 19383, 2594, 2593, 2594.00, 1
4177, 16790, 1, 0, 19385, 19385, 2595, 2594, 2595.00, 1
4178, 16794, 7, 0, 19386, 22325, 5531, 5524, 790.14, 1
4179, 16806, 3, 0, 19396, 19398, 2592, 2589, 864.00, 1
4180, 16807, 1, 0, 19399, 19399, 2592, 2591, 2592.00, 1
4181, 16808, 3, 0, 19400, 19402, 2594, 2591, 864.67, 1
4182, 16817, 1, 0, 19407, 19407, 2590, 2589, 2590.00, 1
4183, 16819, 6, 0, 19408, 22353, 5534, 5528, 922.33, 1
4184, 16821, 13, 0, 19416, 29338, 12517, 12504, 962.85, 1
4185, 16825, 7, 0, 19420, 22378, 5553, 5546, 793.29, 1
4186, 16830, 3, 0, 19424, 19426, 2596, 2593, 865.33, 1
4187, 16833, 2, 0, 19427, 19428, 2595, 2593, 1297.50, 1
4188, 16835, 5, 0, 19429, 22395, 5560, 5555, 1112.00, 1
4189, 16839, 14, 0, 19433, 29384, 12545, 12531, 896.07, 1
4190, 16842, 2, 0, 19441, 19442, 2600, 2598, 1300.00, 1
4191, 16848, 3, 0, 19444, 19446, 2598, 2595, 866.00, 1
4192, 16849, 4, 0, 19447, 19450, 2601, 2597, 650.25, 1
4193, 16850, 1, 0, 19455, 19455, 2605, 2604, 2605.00, 1
4194, 16854, 2, 0, 19456, 19457, 2603, 2601, 1301.50, 1
4195, 16864, 1, 0, 19466, 19466, 2602, 2601, 2602.00, 1
4196, 16870, 4, 0, 19471, 19474, 2604, 2600, 651.00, 1
4197, 16876, 1, 0, 19479, 19479, 2603, 2602, 2603.00, 1
4198, 16879, 1, 0, 19480, 19480, 2601, 2600, 2601.00, 1
4199, 16883, 5, 0, 19484, 22449, 5566, 5561, 1113.20, 1
4200, 16888, 1, 0, 19489, 19489, 2601, 2600, 2601.00, 1
4201, 16889, 6, 0, 19490, 22451, 5562, 5556, 927.00, 1
4202, 16893, 1, 0, 19494, 19494, 2601, 2600, 2601.00, 1
4203, 16895, 8, 0, 19495, 22459, 5564, 5556, 695.50, 1
4204, 16905, 1, 0, 19506, 19506, 2601, 2600, 2601.00, 1
4205, 16907, 11, 0, 19507, 25844, 8937, 8926, 812.45, 1
4206, 16908, 1, 0, 19511, 19511, 2603, 2602, 2603.00, 1
4207, 16909, 3, 0, 19513, 19515, 2606, 2603, 868.67, 1
4208, 16910, 2, 0, 19516, 19517, 2607, 2605, 1303.50, 1
4209, 16917, 8, 0, 19522, 22480, 5563, 5555, 695.38, 1
4210, 16918, 1, 0, 19526, 19526, 2608, 2607, 2608.00, 1
4211, 16924, 10, 0, 19527, 25867, 8943, 8933, 894.30, 1
4212, 16932, 3, 0, 19535, 19537, 2605, 2602, 868.33, 1
4213, 16935, 4, 0, 19539, 19542, 2607, 2603, 651.75, 1
4214, 16944, 4, 0, 19551, 19554, 2610, 2606, 652.50, 1
4215, 16947, 4, 0, 19559, 19562, 2615, 2611, 653.75, 1
4216, 16949, 9, 0, 19566, 25924, 8975, 8966, 997.22, 1
4217, 16950, 15, 0, 19570, 29619, 12669, 12654, 844.60, 1
4218, 16963, 4, 0, 19581, 19584, 2621, 2617, 655.25, 1
4219, 16964, 1, 0, 19585, 19585, 2621, 2620, 2621.00, 1
4220, 16972, 5, 0, 19588, 22555, 5583, 5578, 1116.60, 1
4221, 16978, 2, 0, 19592, 19593, 2615, 2613, 1307.50, 1
4222, 16985, 2, 0, 19598, 19599, 2614, 2612, 1307.00, 1
4223, 16988, 6, 0, 19604, 22572, 5584, 5578, 930.67, 1
4224, 16993, 4, 0, 19612, 19615, 2622, 2618, 655.50, 1
4225, 16995, 7, 0, 19618, 22588, 5593, 5586, 799.00, 1
4226, 17001, 2, 0, 19626, 19627, 2626, 2624, 1313.00, 1
4227, 17003, 4, 0, 19628, 19631, 2628, 2624, 657.00, 1
4228, 17007, 2, 0, 19636, 19637, 2630, 2628, 1315.00, 1
4229, 17011, 9, 0, 19638, 26004, 8993, 8984, 999.22, 1
4230, 17013, 4, 0, 19642, 19645, 2632, 2628, 658.00, 1
4231, 17014, 2, 0, 19646, 19647, 2633, 2631, 1316.50, 1
4232, 17015, 2, 0, 19648, 19649, 2634, 2632, 1317.00, 1
4233, 17016, 1, 0, 19650, 19650, 2634, 2633, 2634.00, 1
4234, 17017, 12, 0, 19651, 26023, 9006, 8994, 750.50, 1
4235, 17019, 4, 0, 19655, 19658, 2639, 2635, 659.75, 1
4236, 17022, 4, 0, 19663, 19666, 2644, 2640, 661.00, 1
4237, 17024, 11, 0, 19667, 26055, 9031, 9020, 821.00, 1
4238, 17031, 1, 0, 19673, 19673, 2642, 2641, 2642.00, 1
4239, 17032, 1, 0, 19674, 19674, 2642, 2641, 2642.00, 1
4240, 17033, 8, 0, 19675, 22651, 5618, 5610, 702.25, 1
4241, 17034, 10, 0, 19679, 26063, 9029, 9019, 902.90, 1
4242, 17048, 1, 0, 19686, 19686, 2638, 2637, 2638.00, 1
4243, 17049, 2, 0, 19687, 19688, 2639, 2637, 1319.50, 1
4244, 17056, 9, 0, 19689, 26090, 9034, 9025, 1003.78, 1
4245, 17060, 6, 0, 19695, 22687, 5627, 5621, 937.83, 1
4246, 17063, 2, 0, 19699, 19700, 2637, 2635, 1318.50, 1
4247, 17064, 1, 0, 19701, 19701, 2637, 2636, 2637.00, 1
4248, 17067, 4, 0, 19702, 19705, 2638, 2634, 659.50, 1
4249, 17068, 4, 0, 19706, 19709, 2641, 2637, 660.25, 1
4250, 17073, 5, 0, 19713, 22701, 5628, 5623, 1125.60, 1
4251, 17074, 2, 0, 19717, 19718, 2644, 2642, 1322.00, 1
4252, 17076, 2, 0, 19723, 19724, 2648, 2646, 1324.00, 1
4253, 17082, 6, 0, 19729, 22716, 5634, 5628, 939.00, 1
4254, 17086, 3, 0, 19736, 19738, 2652, 2649, 884.00, 1
4255, 17091, 4, 0, 19743, 19746, 2655, 2651, 663.75, 1
4256, 17093, 13, 0, 19751, 29916, 12823, 12810, 986.38, 1
4257, 17095, 1, 0, 19755, 19755, 2660, 2659, 2660.00, 1
4258, 17098, 6, 0, 19760, 22760, 5662, 5656, 943.67, 1
4259, 17104, 9, 0, 19765, 26204, 9100, 9091, 1011.11, 1
4260, 17111, 4, 0, 19773, 19776, 2665, 2661, 666.25, 1
4261, 17113, 7, 0, 19781, 22795, 5682, 5675, 811.71, 1
4262, 17122, 22, 0, 19790, 38961, 21839, 21817, 992.68, 1
4263, 17124, 5, 0, 19794, 22815, 5691, 5686, 1138.20, 1
4264, 17125, 2, 0, 19799, 19800, 2675, 2673, 1337.50, 1
4265, 17126, 6, 0, 19801, 22831, 5705, 5699, 950.83, 1
4266, 17127, 7, 0, 19805, 22834, 5707, 5700, 815.29, 1
4267, 17132, 7, 0, 19809, 22842, 5710, 5703, 815.71, 1
4268, 17135, 2, 0, 19817, 19818, 2683, 2681, 1341.50, 1
4269, 17138, 3, 0, 19820, 19822, 2684, 2681, 894.67, 1
4270, 17140, 1, 0, 19823, 19823, 2683, 2682, 2683.00, 1
4271, 17141, 3, 0, 19824, 19826, 2685, 2682, 895.00, 1
4272, 17143, 1, 0, 19827, 19827, 2684, 2683, 2684.00, 1
4273, 17144, 8, 0, 19828, 22857, 5713, 5705, 714.12, 1
4274, 17149, 19, 0, 19833, 34270, 17121, 17102, 901.11, 1
4275, 17162, 21, 0, 19842, 39082, 21920, 21899, 1043.81, 1
4276, 17163, 10, 0, 19846, 26343, 9180, 9170, 918.00, 1
4277, 17164, 9, 0, 19850, 26356, 9192, 9183, 1021.33, 1
4278, 17173, 7, 0, 19858, 22902, 5729, 5722, 818.43, 1
4279, 17175, 1, 0, 19866, 19866, 2691, 2690, 2691.00, 1
4280, 17178, 5, 0, 19867, 22909, 5731, 5726, 1146.20, 1
4281, 17182, 10, 0, 19871, 26384, 9202, 9192, 920.20, 1
4282, 17183, 5, 0, 19875, 22921, 5738, 5733, 1147.60, 1
4283, 17186, 5, 0, 19883, 22924, 5738, 5733, 1147.60, 1
4284, 17200, 6, 0, 19895, 22943, 5743, 5737, 957.17, 1
4285, 17203, 12, 0, 19903, 26425, 9222, 9210, 768.50, 1
4286, 17205, 2, 0, 19907, 19908, 2703, 2701, 1351.50, 1
4287, 17206, 4, 0, 19909, 19912, 2706, 2702, 676.50, 1
4288, 17207, 2, 0, 19913, 19914, 2707, 2705, 1353.50, 1
4289, 17211, 5, 0, 19915, 22964, 5753, 5748, 1150.60, 1
4290, 17213, 4, 0, 19919, 19922, 2709, 2705, 677.25, 1
4291, 17221, 1, 0, 19925, 19925, 2704, 2703, 2704.00, 1
4292, 17222, 10, 0, 19926, 26443, 9221, 9211, 922.10, 1
4293, 17224, 7, 0, 19930, 22983, 5759, 5752, 822.71, 1
4294, 17233, 1, 0, 19934, 19934, 2701, 2700, 2701.00, 1
4295, 17239, 3, 0, 19938, 19940, 2701, 2698, 900.33, 1
4296, 17242, 3, 0, 19945, 19947, 2705, 2702, 901.67, 1
4297, 17244, 10, 0, 19948, 26503, 9259, 9249, 925.90, 1
4298, 17248, 2, 0, 19956, 19957, 2709, 2707, 1354.50, 1
4299, 17256, 5, 0, 19962, 23029, 5773, 5768, 1154.60, 1
4300, 17260, 3, 0, 19966, 19968, 2708, 2705, 902.67, 1
4301, 17262, 9, 0, 19969, 26535, 9273, 9264, 1030.33, 1
4302, 17270, 8, 0, 19977, 23054, 5784, 5776, 723.00, 1
4303, 17271, 6, 0, 19981, 23056, 5785, 5779, 964.17, 1
4304, 17275, 3, 0, 19989, 19991, 2716, 2713, 905.33, 1
4305, 17278, 2, 0, 19992, 19993, 2715, 2713, 1357.50, 1
4306, 17279, 5, 0, 19994, 23074, 5795, 5790, 1159.00, 1
4307, 17285, 14, 0, 19998, 30341, 13056, 13042, 932.57, 1
4308, 17286, 7, 0, 20002, 23087, 5801, 5794, 828.71, 1
4309, 17288, 4, 0, 20006, 20009, 2721, 2717, 680.25, 1
4310, 17289, 1, 0, 20010, 20010, 2721, 2720, 2721.00, 1
4311, 17296, 2, 0, 20015, 20016, 2720, 2718, 1360.00, 1
4312, 17299, 5, 0, 20021, 23114, 5815, 5810, 1163.00, 1
4313, 17301, 14, 0, 20025, 30418, 13117, 13103, 936.93, 1
4314, 17303, 3, 0, 20033, 20035, 2732, 2729, 910.67, 1
4315, 17312, 1, 0, 20040, 20040, 2728, 2727, 2728.00, 1
4316, 17316, 1, 0, 20045, 20045, 2729, 2728, 2729.00, 1
4317, 17318, 13, 0, 20046, 30463, 13145, 13132, 1011.15, 1
4318, 17319, 5, 0, 20050, 23158, 5839, 5834, 1167.80, 1
4319, 17323, 5, 0, 20058, 23171, 5848, 5843, 1169.60, 1
4320, 17325, 8, 0, 20064, 23180, 5855, 5847, 731.88, 1
4321, 17329, 3, 0, 20072, 20074, 2745, 2742, 915.00, 1
4322, 17332, 2, 0, 20079, 20080, 2748, 2746, 1374.00, 1
4323, 17333, 1, 0, 20081, 20081, 2748, 2747, 2748.00, 1
4324, 17337, 2, 0, 20082, 20083, 2746, 2744, 1373.00, 1
4325, 17344, 1, 0, 20087, 20087, 2743, 2742, 2743.00, 1
4326, 17355, 2, 0, 20092, 20093, 2738, 2736, 1369.00, 1
4327, 17361, 13, 0, 20098, 30543, 13182, 13169, 1014.00, 1
4328, 17363, 32, 0, 20102, 47757, 30394, 30362, 949.81, 1
4329, 17365, 2, 0, 20110, 20111, 2746, 2744, 1373.00, 1
4330, 17367, 1, 0, 20112, 20112, 2745, 2744, 2745.00, 1
4331, 17372, 8, 0, 20116, 23232, 5860, 5852, 732.50, 1
4332, 17374, 5, 0, 20120, 23239, 5865, 5860, 1173.00, 1
4333, 17376, 5, 0, 20124, 23244, 5868, 5863, 1173.60, 1
4334, 17377, 5, 0, 20128, 23245, 5868, 5863, 1173.60, 1
4335, 17380, 10, 0, 20132, 26771, 9391, 9381, 939.10, 1
4336, 17388, 3, 0, 20141, 20143, 2755, 2752, 918.33, 1
4337, 17393, 2, 0, 20144, 20145, 2752, 2750, 1376.00, 1
4338, 17396, 9, 0, 20146, 26797, 9401, 9392, 1044.56, 1
4339, 17398, 4, 0, 20151, 20154, 2756, 2752, 689.00, 1
4340, 17401, 1, 0, 20155, 20155, 2754, 2753, 2754.00, 1
4341, 17404, 16, 0, 20156, 30644, 13240, 13224, 827.50, 1
4342, 17408, 9, 0, 20164, 26822, 9414, 9405, 1046.00, 1
4343, 17421, 7, 0, 20171, 23295, 5874, 5867, 839.14, 1
4344, 17423, 3, 0, 20177, 20179, 2756, 2753, 918.67, 1
4345, 17425, 2, 0, 20180, 20181, 2756, 2754, 1378.00, 1
4346, 17430, 5, 0, 20189, 23302, 5872, 5867, 1174.40, 1
4347, 17437, 7, 0, 20193, 23307, 5870, 5863, 838.57, 1
4348, 17438, 10, 0, 20197, 26858, 9420, 9410, 942.00, 1
4349, 17440, 7, 0, 20203, 23320, 5880, 5873, 840.00, 1
4350, 17445, 3, 0, 20209, 20211, 2766, 2763, 922.00, 1
4351, 17447, 4, 0, 20212, 20215, 2768, 2764, 692.00, 1
4352, 17448, 5, 0, 20219, 23323, 5875, 5870, 1175.00, 1
4353, 17455, 6, 0, 20226, 23338, 5883, 5877, 980.50, 1
4354, 17462, 4, 0, 20230, 20233, 2771, 2767, 692.75, 1
4355, 17463, 2, 0, 20234, 20235, 2772, 2770, 1386.00, 1
4356, 17469, 2, 0, 20236, 20237, 2768, 2766, 1384.00, 1
4357, 17470, 17, 0, 20238, 35063, 17593, 17576, 1034.88, 1
4358, 17477, 3, 0, 20242, 20244, 2767, 2764, 922.33, 1
4359, 17478, 5, 0, 20245, 23356, 5878, 5873, 1175.60, 1
4360, 17484, 2, 0, 20250, 20251, 2767, 2765, 1383.50, 1
4361, 17486, 2, 0, 20252, 20253, 2767, 2765, 1383.50, 1
4362, 17491, 17, 0, 20259, 35064, 17573, 17556, 1033.71, 1
4363, 17497, 6, 0, 20267, 23383, 5886, 5880, 981.00, 1
4364, 17505, 7, 0, 20272, 23390, 5885, 5878, 840.71, 1
4365, 17506, 1, 0, 20276, 20276, 2770, 2769, 2770.00, 1
4366, 17510, 1, 0, 20279, 20279, 2769, 2768, 2769.00, 1
4367, 17515, 10, 0, 20284, 26935, 9420, 9410, 942.00, 1
4368, 17519, 4, 0, 20291, 20294, 2775, 2771, 693.75, 1
4369, 17524, 4, 0, 20299, 20302, 2778, 2774, 694.50, 1
4370, 17525, 9, 0, 20303, 26959, 9434, 9425, 1048.22, 1
4371, 17527, 13, 0, 20307, 30798, 13271, 13258, 1020.85, 1
4372, 17531, 13, 0, 20311, 30825, 13294, 13281, 1022.62, 1
4373, 17534, 1, 0, 20316, 20316, 2782, 2781, 2782.00, 1
4374, 17536, 5, 0, 20320, 23452, 5916, 5911, 1183.20, 1
4375, 17537, 5, 0, 20324, 23454, 5917, 5912, 1183.40, 1
4376, 17538, 2, 0, 20328, 20329, 2791, 2789, 1395.50, 1
4377, 17543, 10, 0, 20331, 27025, 9482, 9472, 948.20, 1
4378, 17558, 2, 0, 20340, 20341, 2783, 2781, 1391.50, 1
4379, 17564, 1, 0, 20346, 20346, 2782, 2781, 2782.00, 1
4380, 17570, 4, 0, 20348, 20351, 2781, 2777, 695.25, 1
4381, 17571, 1, 0, 20352, 20352, 2781, 2780, 2781.00, 1
4382, 17583, 1, 0, 20357, 20357, 2774, 2773, 2774.00, 1
4383, 17587, 1, 0, 20362, 20362, 2775, 2774, 2775.00, 1
4384, 17594, 1, 0, 20367, 20367, 2773, 2772, 2773.00, 1
4385, 17603, 1, 0, 20369, 20369, 2766, 2765, 2766.00, 1
4386, 17620, 2, 0, 20379, 20380, 2760, 2758, 1380.00, 1
4387, 17626, 4, 0, 20384, 20387, 2761, 2757, 690.25, 1
4388, 17634, 1, 0, 20388, 20388, 2754, 2753, 2754.00, 1
4389, 17649, 2, 0, 20395, 20396, 2747, 2745, 1373.50, 1
4390, 17650, 10, 0, 20397, 27131, 9481, 9471, 948.10, 1
4391, 17654, 7, 0, 20401, 23541, 5887, 5880, 841.00, 1
4392, 17655, 6, 0, 20405, 23548, 5893, 5887, 982.17, 1
4393, 17656, 3, 0, 20409, 20411, 2755, 2752, 918.33, 1
4394, 17658, 4, 0, 20413, 20416, 2758, 2754, 689.50, 1
4395, 17659, 10, 0, 20417, 27153, 9494, 9484, 949.40, 1
4396, 17661, 1, 0, 20421, 20421, 2760, 2759, 2760.00, 1
4397, 17666, 5, 0, 20422, 23573, 5907, 5902, 1181.40, 1
4398, 17672, 4, 0, 20426, 20429, 2757, 2753, 689.25, 1
4399, 17673, 2, 0, 20430, 20431, 2758, 2756, 1379.00, 1
4400, 17676, 22, 0, 20432, 40371, 22695, 22673, 1031.59, 1
4401, 17678, 2, 0, 20436, 20437, 2759, 2757, 1379.50, 1
4402, 17684, 1, 0, 20438, 20438, 2754, 2753, 2754.00, 1
4403, 17691, 5, 0, 20440, 23598, 5907, 5902, 1181.40, 1
4404, 17692, 1, 0, 20444, 20444, 2752, 2751, 2752.00, 1
4405, 17703, 1, 0, 20452, 20452, 2749, 2748, 2749.00, 1
4406, 17706, 4, 0, 20457, 20460, 2754, 2750, 688.50, 1
4407, 17711, 1, 0, 20461, 20461, 2750, 2749, 2750.00, 1
4408, 17713, 1, 0, 20462, 20462, 2749, 2748, 2749.00, 1
4409, 17716, 5, 0, 20467, 23632, 5916, 5911, 1183.20, 1
4410, 17719, 9, 0, 20475, 27229, 9510, 9501, 1056.67, 1
4411, 17720, 3, 0, 20479, 20481, 2761, 2758, 920.33, 1
4412, 17721, 4, 0, 20482, 20485, 2764, 2760, 691.00, 1
4413, 17724, 3, 0, 20486, 20488, 2764, 2761, 921.33, 1
4414, 17725, 8, 0, 20489, 23651, 5926, 5918, 740.75, 1
4415, 17731, 2, 0, 20494, 20495, 2764, 2762, 1382.00, 1
4416, 17737, 1, 0, 20496, 20496, 2759, 2758, 2759.00, 1
4417, 17739, 9, 0, 20497, 27247, 9508, 9499, 1056.44, 1
4418, 17741, 9, 0, 20505, 27256, 9515, 9506, 1057.22, 1
4419, 17742, 3, 0, 20509, 20511, 2769, 2766, 923.00, 1
4420, 17746, 4, 0, 20516, 20519, 2773, 2769, 693.25, 1
4421, 17750, 1, 0, 20520, 20520, 2770, 2769, 2770.00, 1
4422, 17760, 4, 0, 20521, 20524, 2764, 2760, 691.00, 1
4423, 17762, 1, 0, 20525, 20525, 2763, 2762, 2763.00, 1
4424, 17772, 1, 0, 20534, 20534, 2762, 2761, 2762.00, 1
4425, 17774, 11, 0, 20535, 27301, 9527, 9516, 866.09, 1
4426, 17775, 9, 0, 20539, 27310, 9535, 9526, 1059.44, 1
4427, 17776, 12, 0, 20544, 27324, 9548, 9536, 795.67, 1
4428, 17779, 2, 0, 20548, 20549, 2770, 2768, 1385.00, 1
4429, 17781, 1, 0, 20552, 20552, 2771, 2770, 2771.00, 1
4430, 17795, 4, 0, 20557, 20560, 2765, 2761, 691.25, 1
4431, 17797, 3, 0, 20561, 20563, 2766, 2763, 922.00, 1
4432, 17799, 4, 0, 20564, 20567, 2768, 2764, 692.00, 1
4433, 17801, 4, 0, 20568, 20571, 2770, 2766, 692.50, 1
4434, 17808, 4, 0, 20573, 20576, 2768, 2764, 692.00, 1
4435, 17811, 4, 0, 20577, 20580, 2769, 2765, 692.25, 1
4436, 17821, 12, 0, 20582, 27350, 9529, 9517, 794.08, 1
4437, 17822, 1, 0, 20586, 20586, 2764, 2763, 2764.00, 1
4438, 17825, 9, 0, 20591, 27352, 9527, 9518, 1058.56, 1
4439, 17826, 9, 0, 20595, 27357, 9531, 9522, 1059.00, 1
4440, 17828, 5, 0, 20599, 23761, 5933, 5928, 1186.60, 1
4441, 17834, 10, 0, 20605, 27365, 9531, 9521, 953.10, 1
4442, 17837, 1, 0, 20609, 20609, 2772, 2771, 2772.00, 1
4443, 17844, 6, 0, 20610, 23773, 5929, 5923, 988.17, 1
4444, 17845, 4, 0, 20614, 20617, 2772, 2768, 693.00, 1
4445, 17848, 3, 0, 20618, 20620, 2772, 2769, 924.00, 1
4446, 17851, 10, 0, 20621, 27390, 9539, 9529, 953.90, 1
4447, 17857, 2, 0, 20628, 20629, 2772, 2770, 1386.00, 1
4448, 17859, 5, 0, 20630, 23789, 5930, 5925, 1186.00, 1
4449, 17873, 2, 0, 20635, 20636, 2763, 2761, 1381.50, 1
4450, 17877, 34, 0, 20637, 48922, 31045, 31011, 913.09, 1
4451, 17889, 3, 0, 20645, 20647, 2758, 2755, 919.33, 1
4452, 17898, 3, 0, 20654, 20656, 2758, 2755, 919.33, 1
4453, 17904, 1, 0, 20661, 20661, 2757, 2756, 2757.00, 1
4454, 17907, 4, 0, 20666, 20669, 2762, 2758, 690.50, 1
4455, 17908, 1, 0, 20670, 20670, 2762, 2761, 2762.00, 1
4456, 17909, 2, 0, 20671, 20672, 2763, 2761, 1381.50, 1
4457, 17910, 10, 0, 20673, 27434, 9524, 9514, 952.40, 1
4458, 17918, 2, 0, 20681, 20682, 2764, 2762, 1382.00, 1
4459, 17919, 3, 0, 20683, 20685, 2766, 2763, 922.00, 1
4460, 17924, 5, 0, 20687, 23845, 5921, 5916, 1184.20, 1
4461, 17925, 17, 0, 20691, 35836, 17911, 17894, 1053.59, 1
4462, 17930, 6, 0, 20695, 23855, 5925, 5919, 987.50, 1
4463, 17933, 4, 0, 20699, 20702, 2769, 2765, 692.25, 1
4464, 17934, 3, 0, 20703, 20705, 2771, 2768, 923.67, 1
4465, 17936, 11, 0, 20706, 27481, 9545, 9534, 867.73, 1
4466, 17942, 11, 0, 20710, 27487, 9545, 9534, 867.73, 1
4467, 17953, 1, 0, 20714, 20714, 2761, 2760, 2761.00, 1
4468, 17954, 6, 0, 20715, 23872, 5918, 5912, 986.33, 1
4469, 17964, 1, 0, 20721, 20721, 2757, 2756, 2757.00, 1
4470, 17966, 14, 0, 20722, 31419, 13453, 13439, 960.93, 1
4471, 17968, 1, 0, 20726, 20726, 2758, 2757, 2758.00, 1
4472, 17971, 1, 0, 20727, 20727, 2756, 2755, 2756.00, 1
4473, 17977, 1, 0, 20736, 20736, 2759, 2758, 2759.00, 1
4474, 17983, 7, 0, 20737, 23905, 5922, 5915, 846.00, 1
4475, 17985, 7, 0, 20742, 23914, 5929, 5922, 847.00, 1
4476, 17991, 1, 0, 20749, 20749, 2758, 2757, 2758.00, 1
4477, 17999, 3, 0, 20754, 20756, 2757, 2754, 919.00, 1
4478, 18005, 2, 0, 20764, 20765, 2760, 2758, 1380.00, 1
4479, 18011, 4, 0, 20766, 20769, 2758, 2754, 689.50, 1
4480, 18017, 6, 0, 20774, 23946, 5929, 5923, 988.17, 1
4481, 18023, 1, 0, 20785, 20785, 2762, 2761, 2762.00, 1
4482, 18029, 1, 0, 20786, 20786, 2757, 2756, 2757.00, 1
4483, 18034, 8, 0, 20791, 23968, 5934, 5926, 741.75, 1
4484, 18039, 2, 0, 20797, 20798, 2759, 2757, 1379.50, 1
4485, 18041, 4, 0, 20803, 20806, 2765, 2761, 691.25, 1
4486, 18045, 3, 0, 20807, 20809, 2764, 2761, 921.33, 1
4487, 18051, 2, 0, 20814, 20815, 2764, 2762, 1382.00, 1
4488, 18054, 1, 0, 20816, 20816, 2762, 2761, 2762.00, 1
4489, 18055, 3, 0, 20819, 20821, 2766, 2763, 922.00, 1
4490, 18058, 1, 0, 20822, 20822, 2764, 2763, 2764.00, 1
4491, 18059, 2, 0, 20825, 20826, 2767, 2765, 1383.50, 1
4492, 18060, 2, 0, 20827, 20828, 2768, 2766, 1384.00, 1
4493, 18066, 4, 0, 20829, 20832, 2766, 2762, 691.50, 1
4494, 18072, 1, 0, 20837, 20837, 2765, 2764, 2765.00, 1
4495, 18083, 1, 0, 20844, 20844, 2761, 2760, 2761.00, 1
4496, 18088, 1, 0, 20849, 20849, 2761, 2760, 2761.00, 1
4497, 18093, 6, 0, 20851, 24025, 5932, 5926, 988.67, 1
4498, 18099, 1, 0, 20859, 20859, 2760, 2759, 2760.00, 1
4499, 18102, 8, 0, 20860, 24033, 5931, 5923, 741.38, 1
4500, 18112, 1, 0, 20864, 20864, 2752, 2751, 2752.00, 1
4501, 18115, 1, 0, 20869, 20869, 2754, 2753, 2754.00, 1
4502, 18118, 6, 0, 20870, 24044, 5926, 5920, 987.67, 1
4503, 18124, 3, 0, 20874, 20876, 2752, 2749, 917.33, 1
4504, 18126, 7, 0, 20877, 24051, 5925, 5918, 846.43, 1
4505, 18127, 3, 0, 20883, 20885, 2758, 2755, 919.33, 1
4506, 18129, 14, 0, 20886, 31608, 13479, 13465, 962.79, 1
4507, 18130, 2, 0, 20890, 20891, 2761, 2759, 1380.50, 1
4508, 18131, 6, 0, 20892, 24061, 5930, 5924, 988.33, 1
4509, 18137, 1, 0, 20896, 20896, 2759, 2758, 2759.00, 1
4510, 18144, 4, 0, 20902, 20905, 2761, 2757, 690.25, 1
4511, 18146, 10, 0, 20906, 27714, 9568, 9558, 956.80, 1
4512, 18149, 2, 0, 20910, 20911, 2762, 2760, 1381.00, 1
4513, 18151, 3, 0, 20912, 20914, 2763, 2760, 921.00, 1
4514, 18160, 4, 0, 20917, 20920, 2760, 2756, 690.00, 1
4515, 18164, 1, 0, 20925, 20925, 2761, 2760, 2761.00, 1
4516, 18167, 9, 0, 20926, 27717, 9550, 9541, 1061.11, 1
4517, 18176, 4, 0, 20936, 20939, 2763, 2759, 690.75, 1
4518, 18180, 1, 0, 20942, 20942, 2762, 2761, 2762.00, 1
4519, 18190, 2, 0, 20945, 20946, 2756, 2754, 1378.00, 1
4520, 18193, 8, 0, 20948, 24104, 5911, 5903, 738.88, 1
4521, 18196, 2, 0, 20956, 20957, 2761, 2759, 1380.50, 1
4522, 18205, 13, 0, 20965, 31656, 13451, 13438, 1034.69, 1
4523, 18212, 1, 0, 20974, 20974, 2762, 2761, 2762.00, 1
4524, 18216, 1, 0, 20976, 20976, 2760, 2759, 2760.00, 1
4525, 18219, 2, 0, 20977, 20978, 2759, 2757, 1379.50, 1
4526, 18220, 10, 0, 20981, 27764, 9544, 9534, 954.40, 1
4527, 18224, 4, 0, 20985, 20988, 2764, 2760, 691.00, 1
4528, 18228, 7, 0, 20990, 24137, 5909, 5902, 844.14, 1
4529, 18238, 7, 0, 21000, 24148, 5910, 5903, 844.29, 1
4530, 18241, 4, 0, 21004, 21007, 2766, 2762, 691.50, 1
4531, 18245, 7, 0, 21010, 24156, 5911, 5904, 844.43, 1
4532, 18250, 1, 0, 21014, 21014, 2764, 2763, 2764.00, 1
4533, 18251, 9, 0, 21019, 27795, 9544, 9535, 1060.44, 1
4534, 18255, 1, 0, 21023, 21023, 2768, 2767, 2768.00, 1
4535, 18259, 8, 0, 21027, 24186, 5927, 5919, 740.88, 1
4536, 18277, 9, 0, 21044, 27830, 9553, 9544, 1061.44, 1
4537, 18280, 9, 0, 21049, 27836, 9556, 9547, 1061.78, 1
4538, 18283, 1, 0, 21055, 21055, 2772, 2771, 2772.00, 1
4539, 18285, 16, 0, 21056, 31793, 13508, 13492, 844.25, 1
4540, 18292, 2, 0, 21060, 21061, 2769, 2767, 1384.50, 1
4541, 18295, 3, 0, 21062, 21064, 2769, 2766, 923.00, 1
4542, 18298, 4, 0, 21069, 21072, 2774, 2770, 693.50, 1
4543, 18302, 7, 0, 21075, 24256, 5954, 5947, 850.57, 1
4544, 18304, 4, 0, 21079, 21082, 2778, 2774, 694.50, 1
4545, 18306, 5, 0, 21083, 24265, 5959, 5954, 1191.80, 1
4546, 18317, 1, 0, 21095, 21095, 2778, 2777, 2778.00, 1
4547, 18320, 7, 0, 21096, 24277, 5957, 5950, 851.00, 1
4548, 18321, 10, 0, 21100, 27900, 9579, 9569, 957.90, 1
4549, 18329, 2, 0, 21106, 21107, 2778, 2776, 1389.00, 1
4550, 18332, 2, 0, 21110, 21111, 2779, 2777, 1389.50, 1
4551, 18340, 1, 0, 21112, 21112, 2772, 2771, 2772.00, 1
4552, 18344, 2, 0, 21117, 21118, 2774, 2772, 1387.00, 1
4553, 18345, 4, 0, 21119, 21122, 2777, 2773, 694.25, 1
4554, 18346, 2, 0, 21123, 21124, 2778, 2776, 1389.00, 1
4555, 18348, 4, 0, 21127, 21130, 2782, 2778, 695.50, 1
4556, 18355, 2, 0, 21131, 21132, 2777, 2775, 1388.50, 1
4557, 18356, 3, 0, 21133, 21135, 2779, 2776, 926.33, 1
4558, 18357, 18, 0, 21137, 36368, 18011, 17993, 1000.61, 1
4559, 18360, 3, 0, 21141, 21143, 2783, 2780, 927.67, 1
4560, 18361, 5, 0, 21144, 24345, 5984, 5979, 1196.80, 1
4561, 18365, 1, 0, 21150, 21150, 2785, 2784, 2785.00, 1
4562, 18369, 1, 0, 21151, 21151, 2782, 2781, 2782.00, 1
4563, 18378, 1, 0, 21152, 21152, 2774, 2773, 2774.00, 1
4564, 18385, 7, 0, 21153, 24363, 5978, 5971, 854.00, 1
4565, 18386, 2, 0, 21157, 21158, 2772, 2770, 1386.00, 1
4566, 18388, 3, 0, 21159, 21161, 2773, 2770, 924.33, 1
4567, 18390, 1, 0, 21165, 21165, 2775, 2774, 2775.00, 1
4568, 18397, 5, 0, 21170, 24381, 5984, 5979, 1196.80, 1
4569, 18400, 2, 0, 21174, 21175, 2775, 2773, 1387.50, 1
4570, 18402, 4, 0, 21176, 21179, 2777, 2773, 694.25, 1
4571, 18406, 2, 0, 21180, 21181, 2775, 2773, 1387.50, 1
4572, 18409, 1, 0, 21185, 21185, 2776, 2775, 2776.00, 1
4573, 18412, 1, 0, 21186, 21186, 2774, 2773, 2774.00, 1
4574, 18414, 7, 0, 21189, 24400, 5986, 5979, 855.14, 1
4575, 18415, 5, 0, 21193, 24405, 5990, 5985, 1198.00, 1
4576, 18421, 6, 0, 21201, 24418, 5997, 5991, 999.50, 1
4577, 18424, 10, 0, 21209, 28062, 9638, 9628, 963.80, 1
4578, 18432, 21, 0, 21215, 41657, 23225, 23204, 1105.95, 1
4579, 18433, 4, 0, 21222, 21225, 2792, 2788, 698.00, 1
4580, 18436, 15, 0, 21226, 32013, 13577, 13562, 905.13, 1
4581, 18438, 3, 0, 21234, 21236, 2798, 2795, 932.67, 1
4582, 18441, 3, 0, 21237, 21239, 2798, 2795, 932.67, 1
4583, 18452, 2, 0, 21246, 21247, 2795, 2793, 1397.50, 1
4584, 18456, 11, 0, 21250, 28117, 9661, 9650, 878.27, 1
4585, 18458, 2, 0, 21254, 21255, 2797, 2795, 1398.50, 1
4586, 18459, 9, 0, 21256, 28118, 9659, 9650, 1073.22, 1
4587, 18460, 4, 0, 21260, 21263, 2803, 2799, 700.75, 1
4588, 18463, 1, 0, 21264, 21264, 2801, 2800, 2801.00, 1
4589, 18469, 4, 0, 21273, 21276, 2807, 2803, 701.75, 1
4590, 18472, 1, 0, 21277, 21277, 2805, 2804, 2805.00, 1
4591, 18473, 5, 0, 21279, 24528, 6055, 6050, 1211.00, 1
4592, 18477, 2, 0, 21285, 21286, 2809, 2807, 1404.50, 1
4593, 18484, 3, 0, 21289, 21291, 2807, 2804, 935.67, 1
4594, 18486, 3, 0, 21293, 21295, 2809, 2806, 936.33, 1
4595, 18490, 1, 0, 21300, 21300, 2810, 2809, 2810.00, 1
4596, 18491, 2, 0, 21301, 21302, 2811, 2809, 1405.50, 1
4597, 18497, 3, 0, 21303, 21305, 2808, 2805, 936.00, 1
4598, 18499, 7, 0, 21306, 24554, 6055, 6048, 865.00, 1
4599, 18507, 6, 0, 21314, 24565, 6058, 6052, 1009.67, 1
4600, 18510, 5, 0, 21318, 24566, 6056, 6051, 1211.20, 1
4601, 18512, 4, 0, 21322, 21325, 2813, 2809, 703.25, 1
4602, 18515, 12, 0, 21326, 28194, 9679, 9667, 806.58, 1
4603, 18526, 9, 0, 21338, 28205, 9679, 9670, 1075.44, 1
4604, 18528, 2, 0, 21342, 21343, 2815, 2813, 1407.50, 1
4605, 18535, 1, 0, 21348, 21348, 2813, 2812, 2813.00, 1
4606, 18545, 4, 0, 21349, 21352, 2807, 2803, 701.75, 1
4607, 18553, 2, 0, 21353, 21354, 2801, 2799, 1400.50, 1
4608, 18556, 8, 0, 21356, 24598, 6042, 6034, 755.25, 1
4609, 18559, 7, 0, 21360, 24601, 6042, 6035, 863.14, 1
4610, 18560, 4, 0, 21364, 21367, 2807, 2803, 701.75, 1
4611, 18563, 2, 0, 21370, 21371, 2808, 2806, 1404.00, 1
4612, 18566, 14, 0, 21372, 32166, 13600, 13586, 971.43, 1
4613, 18577, 1, 0, 21381, 21381, 2804, 2803, 2804.00, 1
4614, 18579, 1, 0, 21382, 21382, 2803, 2802, 2803.00, 1
4615, 18583, 2, 0, 21383, 21384, 2801, 2799, 1400.50, 1
4616, 18586, 3, 0, 21389, 21391, 2805, 2802, 935.00, 1
4617, 18588, 10, 0, 21396, 28243, 9655, 9645, 965.50, 1
4618, 18596, 13, 0, 21401, 32203, 13607, 13594, 1046.69, 1
4619, 18601, 2, 0, 21405, 21406, 2805, 2803, 1402.50, 1
4620, 18607, 1, 0, 21411, 21411, 2804, 2803, 2804.00, 1
4621, 18610, 3, 0, 21416, 21418, 2808, 2805, 936.00, 1
4622, 18622, 2, 0, 21424, 21425, 2803, 2801, 1401.50, 1
4623, 18623, 1, 0, 21426, 21426, 2803, 2802, 2803.00, 1
4624, 18626, 2, 0, 21430, 21431, 2805, 2803, 1402.50, 1
4625, 18631, 1, 0, 21432, 21432, 2801, 2800, 2801.00, 1
4626, 18636, 4, 0, 21433, 21436, 2800, 2796, 700.00, 1
4627, 18643, 7, 0, 21441, 24674, 6031, 6024, 861.57, 1
4628, 18653, 2, 0, 21449, 21450, 2797, 2795, 1398.50, 1
4629, 18660, 7, 0, 21456, 24696, 6036, 6029, 862.29, 1
4630, 18661, 13, 0, 21460, 32306, 13645, 13632, 1049.62, 1
4631, 18666, 3, 0, 21464, 21466, 2800, 2797, 933.33, 1
4632, 18680, 18, 0, 21471, 36883, 18203, 18185, 1011.28, 1
4633, 18681, 1, 0, 21475, 21475, 2794, 2793, 2794.00, 1
4634, 18686, 1, 0, 21483, 21483, 2797, 2796, 2797.00, 1
4635, 18687, 3, 0, 21484, 21486, 2799, 2796, 933.00, 1
4636, 18688, 2, 0, 21487, 21488, 2800, 2798, 1400.00, 1
4637, 18689, 3, 0, 21489, 21491, 2802, 2799, 934.00, 1
4638, 18693, 1, 0, 21494, 21494, 2801, 2800, 2801.00, 1
4639, 18694, 8, 0, 21495, 24730, 6036, 6028, 754.50, 1
4640, 18695, 7, 0, 21499, 24737, 6042, 6035, 863.14, 1
4641, 18697, 5, 0, 21506, 24743, 6046, 6041, 1209.20, 1
4642, 18698, 6, 0, 21510, 24747, 6049, 6043, 1008.17, 1
4643, 18706, 9, 0, 21519, 28407, 9701, 9692, 1077.89, 1
4644, 18721, 1, 0, 21528, 21528, 2807, 2806, 2807.00, 1
4645, 18724, 6, 0, 21529, 24766, 6042, 6036, 1007.00, 1
4646, 18726, 1, 0, 21534, 21534, 2808, 2807, 2808.00, 1
4647, 18732, 1, 0, 21535, 21535, 2803, 2802, 2803.00, 1
4648, 18733, 6, 0, 21539, 24774, 6041, 6035, 1006.83, 1
4649, 18734, 3, 0, 21543, 21545, 2811, 2808, 937.00, 1
4650, 18743, 2, 0, 21548, 21549, 2806, 2804, 1403.00, 1
4651, 18746, 1, 0, 21550, 21550, 2804, 2803, 2804.00, 1
4652, 18747, 1, 0, 21551, 21551, 2804, 2803, 2804.00, 1
4653, 18748, 11, 0, 21552, 28416, 9668, 9657, 878.91, 1
4654, 18752, 2, 0, 21556, 21557, 2805, 2803, 1402.50, 1
4655, 18756, 18, 0, 21558, 36991, 18235, 18217, 1013.06, 1
4656, 18757, 7, 0, 21562, 24790, 6033, 6026, 861.86, 1
4657, 18758, 11, 0, 21566, 28437, 9679, 9668, 879.91, 1
4658, 18760, 3, 0, 21574, 21576, 2816, 2813, 938.67, 1
4659, 18765, 1, 0, 21577, 21577, 2812, 2811, 2812.00, 1
4660, 18766, 4, 0, 21578, 21581, 2815, 2811, 703.75, 1
4661, 18773, 24, 0, 21582, 42291, 23518, 23494, 979.92, 1
4662, 18778, 6, 0, 21587, 24824, 6046, 6040, 1007.67, 1
4663, 18784, 6, 0, 21591, 24826, 6042, 6036, 1007.00, 1
4664, 18793, 1, 0, 21599, 21599, 2806, 2805, 2806.00, 1
4665, 18798, 10, 0, 21600, 28487, 9689, 9679, 968.90, 1
4666, 18802, 3, 0, 21605, 21607, 2805, 2802, 935.00, 1
4667, 18812, 2, 0, 21614, 21615, 2803, 2801, 1401.50, 1
4668, 18816, 1, 0, 21619, 21619, 2803, 2802, 2803.00, 1
4669, 18817, 5, 0, 21620, 24857, 6040, 6035, 1208.00, 1
4670, 18818, 2, 0, 21624, 21625, 2807, 2805, 1403.50, 1
4671, 18829, 4, 0, 21634, 21637, 2808, 2804, 702.00, 1
4672, 18830, 6, 0, 21638, 24876, 6046, 6040, 1007.67, 1
4673, 18834, 9, 0, 21646, 28545, 9711, 9702, 1079.00, 1
4674, 18838, 2, 0, 21650, 21651, 2813, 2811, 1406.50, 1
4675, 18839, 6, 0, 21655, 24894, 6055, 6049, 1009.17, 1
4676, 18840, 5, 0, 21659, 24903, 6063, 6058, 1212.60, 1
4677, 18842, 5, 0, 21663, 24906, 6064, 6059, 1212.80, 1
4678, 18853, 1, 0, 21675, 21675, 2822, 2821, 2822.00, 1
4679, 18856, 2, 0, 21676, 21677, 2821, 2819, 1410.50, 1
4680, 18857, 3, 0, 21678, 21680, 2823, 2820, 941.00, 1
4681, 18858, 1, 0, 21681, 21681, 2823, 2822, 2823.00, 1
4682, 18859, 4, 0, 21682, 21685, 2826, 2822, 706.50, 1
4683, 18865, 1, 0, 21689, 21689, 2824, 2823, 2824.00, 1
4684, 18867, 2, 0, 21690, 21691, 2824, 2822, 1412.00, 1
4685, 18878, 1, 0, 21696, 21696, 2818, 2817, 2818.00, 1
4686, 18881, 1, 0, 21697, 21697, 2816, 2815, 2816.00, 1
4687, 18883, 3, 0, 21698, 21700, 2817, 2814, 939.00, 1
4688, 18894, 2, 0, 21706, 21707, 2813, 2811, 1406.50, 1
4689, 18895, 2, 0, 21712, 21713, 2818, 2816, 1409.00, 1
4690, 18903, 4, 0, 21716, 21719, 2816, 2812, 704.00, 1
4691, 18908, 8, 0, 21720, 24965, 6057, 6049, 757.12, 1
4692, 18915, 2, 0, 21729, 21730, 2815, 2813, 1407.50, 1
4693, 18917, 2, 0, 21731, 21732, 2815, 2813, 1407.50, 1
4694, 18920, 2, 0, 21733, 21734, 2814, 2812, 1407.00, 1
4695, 18921, 3, 0, 21735, 21737, 2816, 2813, 938.67, 1
4696, 18923, 10, 0, 21738, 28671, 9748, 9738, 974.80, 1
4697, 18933, 4, 0, 21748, 21751, 2818, 2814, 704.50, 1
4698, 18940, 7, 0, 21759, 24999, 6059, 6052, 865.57, 1
4699, 18941, 4, 0, 21763, 21766, 2825, 2821, 706.25, 1
4700, 18948, 2, 0, 21768, 21769, 2821, 2819, 1410.50, 1
4701, 18950, 8, 0, 21772, 25013, 6063, 6055, 757.88, 1
4702, 18962, 7, 0, 21779, 25019, 6057, 6050, 865.29, 1
4703, 18966, 1, 0, 21785, 21785, 2819, 2818, 2819.00, 1
4704, 18968, 1, 0, 21787, 21787, 2819, 2818, 2819.00, 1
4705, 18973, 6, 0, 21792, 25031, 6058, 6052, 1009.67, 1
4706, 18978, 7, 0, 21796, 25038, 6060, 6053, 865.71, 1
4707, 18982, 2, 0, 21802, 21803, 2821, 2819, 1410.50, 1
4708, 18989, 6, 0, 21808, 25054, 6065, 6059, 1010.83, 1
4709, 18999, 3, 0, 21816, 21818, 2819, 2816, 939.67, 1
4710, 19000, 21, 0, 21819, 42561, 23561, 23540, 1121.95, 1
4711, 19001, 1, 0, 21823, 21823, 2822, 2821, 2822.00, 1
4712, 19002, 5, 0, 21824, 25073, 6071, 6066, 1214.20, 1
4713, 19004, 3, 0, 21828, 21830, 2826, 2823, 942.00, 1
4714, 19008, 3, 0, 21835, 21837, 2829, 2826, 943.00, 1
4715, 19010, 1, 0, 21838, 21838, 2828, 2827, 2828.00, 1
4716, 19014, 5, 0, 21843, 25086, 6072, 6067, 1214.40, 1
4717, 19018, 8, 0, 21851, 25101, 6083, 6075, 760.38, 1
4718, 19019, 1, 0, 21855, 21855, 2836, 2835, 2836.00, 1
4719, 19020, 7, 0, 21859, 25108, 6088, 6081, 869.71, 1
4720, 19022, 10, 0, 21863, 28786, 9764, 9754, 976.40, 1
4721, 19023, 5, 0, 21867, 25118, 6095, 6090, 1219.00, 1
4722, 19027, 8, 0, 21875, 25127, 6100, 6092, 762.50, 1
4723, 19031, 2, 0, 21879, 21880, 2849, 2847, 1424.50, 1
4724, 19039, 7, 0, 21889, 25140, 6101, 6094, 871.57, 1
4725, 19041, 3, 0, 21893, 21895, 2854, 2851, 951.33, 1
4726, 19042, 1, 0, 21896, 21896, 2854, 2853, 2854.00, 1
4727, 19043, 3, 0, 21897, 21899, 2856, 2853, 952.00, 1
4728, 19045, 1, 0, 21904, 21904, 2859, 2858, 2859.00, 1
4729, 19048, 7, 0, 21905, 25151, 6103, 6096, 871.86, 1
4730, 19050, 5, 0, 21909, 25157, 6107, 6102, 1221.40, 1
4731, 19054, 1, 0, 21913, 21913, 2859, 2858, 2859.00, 1
4732, 19075, 7, 0, 21924, 25170, 6095, 6088, 870.71, 1
4733, 19082, 3, 0, 21932, 21934, 2852, 2849, 950.67, 1
4734, 19084, 7, 0, 21939, 25188, 6104, 6097, 872.00, 1
4735, 19085, 2, 0, 21943, 21944, 2859, 2857, 1429.50, 1
4736, 19092, 4, 0, 21946, 21949, 2857, 2853, 714.25, 1
4737, 19093, 5, 0, 21950, 25194, 6101, 6096, 1220.20, 1
4738, 19099, 1, 0, 21958, 21958, 2859, 2858, 2859.00, 1
4739, 19104, 3, 0, 21959, 21961, 2857, 2854, 952.33, 1
4740, 19106, 2, 0, 21962, 21963, 2857, 2855, 1428.50, 1
4741, 19108, 6, 0, 21968, 25218, 6110, 6104, 1018.33, 1
4742, 19109, 1, 0, 21972, 21972, 2863, 2862, 2863.00, 1
4743, 19110, 24, 0, 21973, 42710, 23600, 23576, 983.33, 1
4744, 19112, 9, 0, 21977, 28888, 9776, 9767, 1086.22, 1
4745, 19113, 5, 0, 21981, 25235, 6122, 6117, 1224.40, 1
4746, 19114, 1, 0, 21985, 21985, 2871, 2870, 2871.00, 1
4747, 19119, 4, 0, 21990, 21993, 2874, 2870, 718.50, 1
4748, 19123, 6, 0, 21998, 25246, 6123, 6117, 1020.50, 1
4749, 19124, 3, 0, 22002, 22004, 2880, 2877, 960.00, 1
4750, 19126, 8, 0, 22006, 25255, 6129, 6121, 766.12, 1
4751, 19128, 2, 0, 22010, 22011, 2883, 2881, 1441.50, 1
4752, 19130, 10, 0, 22015, 28915, 9785, 9775, 978.50, 1
4753, 19138, 2, 0, 22021, 22022, 2884, 2882, 1442.00, 1
4754, 19140, 3, 0, 22023, 22025, 2885, 2882, 961.67, 1
4755, 19147, 1, 0, 22031, 22031, 2884, 2883, 2884.00, 1
4756, 19148, 3, 0, 22032, 22034, 2886, 2883, 962.00, 1
4757, 19149, 8, 0, 22035, 25299, 6150, 6142, 768.75, 1
4758, 19153, 11, 0, 22041, 28950, 9797, 9786, 890.64, 1
4759, 19166, 1, 0, 22057, 22057, 2891, 2890, 2891.00, 1
4760, 19170, 2, 0, 22062, 22063, 2893, 2891, 1446.50, 1
4761, 19171, 12, 0, 22064, 28978, 9807, 9795, 817.25, 1
4762, 19182, 9, 0, 22072, 28989, 9807, 9798, 1089.67, 1
4763, 19183, 1, 0, 22076, 22076, 2893, 2892, 2893.00, 1
4764, 19188, 7, 0, 22080, 25364, 6176, 6169, 882.29, 1
4765, 19196, 4, 0, 22087, 22090, 2894, 2890, 723.50, 1
4766, 19199, 2, 0, 22095, 22096, 2897, 2895, 1448.50, 1
4767, 19200, 1, 0, 22097, 22097, 2897, 2896, 2897.00, 1
4768, 19202, 15, 0, 22098, 33093, 13891, 13876, 926.07, 1
4769, 19205, 3, 0, 22106, 22108, 2903, 2900, 967.67, 1
4770, 19208, 7, 0, 22113, 25422, 6214, 6207, 887.71, 1
4771, 19215, 4, 0, 22117, 22120, 2905, 2901, 726.25, 1
4772, 19216, 3, 0, 22121, 22123, 2907, 2904, 969.00, 1
4773, 19217, 1, 0, 22124, 22124, 2907, 2906, 2907.00, 1
4774, 19221, 2, 0, 22129, 22130, 2909, 2907, 1454.50, 1
4775, 19224, 10, 0, 22131, 29075, 9851, 9841, 985.10, 1
4776, 19234, 2, 0, 22143, 22144, 2910, 2908, 1455.00, 1
4777, 19235, 2, 0, 22145, 22146, 2911, 2909, 1455.50, 1
4778, 19236, 6, 0, 22147, 25454, 6218, 6212, 1036.33, 1
4779, 19240, 3, 0, 22151, 22153, 2913, 2910, 971.00, 1
4780, 19242, 9, 0, 22154, 29102, 9860, 9851, 1095.56, 1
4781, 19244, 6, 0, 22162, 25475, 6231, 6225, 1038.50, 1
4782, 19247, 5, 0, 22166, 25480, 6233, 6228, 1246.60, 1
4783, 19248, 5, 0, 22170, 25485, 6237, 6232, 1247.40, 1
4784, 19252, 1, 0, 22174, 22174, 2922, 2921, 2922.00, 1
4785, 19256, 9, 0, 22175, 29134, 9878, 9869, 1097.56, 1
4786, 19257, 2, 0, 22179, 22180, 2923, 2921, 1461.50, 1
4787, 19260, 2, 0, 22181, 22182, 2922, 2920, 1461.00, 1
4788, 19264, 14, 0, 22187, 33260, 13996, 13982, 999.71, 1
4789, 19265, 1, 0, 22191, 22191, 2926, 2925, 2926.00, 1
4790, 19271, 5, 0, 22193, 25530, 6259, 6254, 1251.80, 1
4791, 19274, 8, 0, 22197, 25534, 6260, 6252, 782.50, 1
4792, 19275, 2, 0, 22201, 22202, 2927, 2925, 1463.50, 1
4793, 19276, 1, 0, 22203, 22203, 2927, 2926, 2927.00, 1
4794, 19278, 1, 0, 22205, 22205, 2927, 2926, 2927.00, 1
4795, 19279, 1, 0, 22206, 22206, 2927, 2926, 2927.00, 1
4796, 19284, 4, 0, 22207, 22210, 2926, 2922, 731.50, 1
4797, 19289, 4, 0, 22211, 22214, 2925, 2921, 731.25, 1
4798, 19292, 2, 0, 22215, 22216, 2924, 2922, 1462.00, 1
4799, 19295, 9, 0, 22221, 29180, 9885, 9876, 1098.33, 1
4800, 19304, 1, 0, 22233, 22233, 2929, 2928, 2929.00, 1
4801, 19305, 3, 0, 22234, 22236, 2931, 2928, 977.00, 1
4802, 19306, 1, 0, 22237, 22237, 2931, 2930, 2931.00, 1
4803, 19313, 2, 0, 22238, 22239, 2926, 2924, 1463.00, 1
4804, 19315, 1, 0, 22241, 22241, 2926, 2925, 2926.00, 1
4805, 19319, 2, 0, 22242, 22243, 2924, 2922, 1462.00, 1
4806, 19325, 5, 0, 22248, 25575, 6250, 6245, 1250.00, 1
4807, 19327, 2, 0, 22252, 22253, 2926, 2924, 1463.00, 1
4808, 19334, 7, 0, 22255, 25582, 6248, 6241, 892.57, 1
4809, 19348, 5, 0, 22260, 25587, 6239, 6234, 1247.80, 1
4810, 19349, 3, 0, 22268, 22270, 2921, 2918, 973.67, 1
4811, 19351, 3, 0, 22271, 22273, 2922, 2919, 974.00, 1
4812, 19358, 4, 0, 22279, 22282, 2924, 2920, 731.00, 1
4813, 19362, 2, 0, 22283, 22284, 2922, 2920, 1461.00, 1
4814, 19363, 8, 0, 22286, 25617, 6254, 6246, 781.75, 1
4815, 19365, 9, 0, 22290, 29242, 9877, 9868, 1097.44, 1
4816, 19367, 2, 0, 22294, 22295, 2928, 2926, 1464.00, 1
4817, 19375, 4, 0, 22296, 22299, 2924, 2920, 731.00, 1
4818, 19378, 6, 0, 22304, 25640, 6262, 6256, 1043.67, 1
4819, 19380, 18, 0, 22308, 38031, 18651, 18633, 1036.17, 1
4820, 19381, 1, 0, 22312, 22312, 2931, 2930, 2931.00, 1
4821, 19384, 11, 0, 22313, 29268, 9884, 9873, 898.55, 1
4822, 19385, 1, 0, 22317, 22317, 2932, 2931, 2932.00, 1
4823, 19387, 7, 0, 22318, 25658, 6271, 6264, 895.86, 1
4824, 19388, 1, 0, 22322, 22322, 2934, 2933, 2934.00, 1
4825, 19394, 7, 0, 22329, 25666, 6272, 6265, 896.00, 1
4826, 19397, 2, 0, 22333, 22334, 2937, 2935, 1468.50, 1
4827, 19398, 4, 0, 22335, 22338, 2940, 2936, 735.00, 1
4828, 19406, 5, 0, 22339, 25675, 6269, 6264, 1253.80, 1
4829, 19407, 7, 0, 22343, 25679, 6272, 6265, 896.00, 1
4830, 19408, 9, 0, 22347, 29304, 9896, 9887, 1099.56, 1
4831, 19409, 1, 0, 22351, 22351, 2942, 2941, 2942.00, 1
4832, 19412, 3, 0, 22354, 22356, 2944, 2941, 981.33, 1
4833, 19417, 4, 0, 22361, 22364, 2947, 2943, 736.75, 1
4834, 19418, 5, 0, 22365, 25707, 6289, 6284, 1257.80, 1
4835, 19419, 3, 0, 22369, 22371, 2952, 2949, 984.00, 1
4836, 19425, 3, 0, 22379, 22381, 2956, 2953, 985.33, 1
4837, 19426, 9, 0, 22382, 29349, 9923, 9914, 1102.56, 1
4838, 19430, 2, 0, 22386, 22387, 2957, 2955, 1478.50, 1
4839, 19431, 6, 0, 22388, 25732, 6301, 6295, 1050.17, 1
4840, 19432, 3, 0, 22392, 22394, 2962, 2959, 987.33, 1
4841, 19439, 4, 0, 22400, 22403, 2964, 2960, 741.00, 1
4842, 19442, 7, 0, 22408, 25767, 6325, 6318, 903.57, 1
4843, 19443, 6, 0, 22412, 25781, 6338, 6332, 1056.33, 1
4844, 19444, 2, 0, 22416, 22417, 2973, 2971, 1486.50, 1
4845, 19445, 3, 0, 22418, 22420, 2975, 2972, 991.67, 1
4846, 19447, 2, 0, 22421, 22422, 2975, 2973, 1487.50, 1
4847, 19452, 1, 0, 22423, 22423, 2971, 2970, 2971.00, 1
4848, 19454, 11, 0, 22424, 29437, 9983, 9972, 907.55, 1
4849, 19465, 1, 0, 22433, 22433, 2968, 2967, 2968.00, 1
4850, 19477, 2, 0, 22439, 22440, 2963, 2961, 1481.50, 1
4851, 19481, 1, 0, 22445, 22445, 2964, 2963, 2964.00, 1
4852, 19487, 3, 0, 22446, 22448, 2961, 2958, 987.00, 1
4853, 19494, 4, 0, 22452, 22455, 2961, 2957, 740.25, 1
4854, 19501, 3, 0, 22460, 22462, 2961, 2958, 987.00, 1
4855, 19502, 10, 0, 22463, 29475, 9973, 9963, 997.30, 1
4856, 19526, 5, 0, 22481, 25853, 6327, 6322, 1265.40, 1
4857, 19530, 3, 0, 22485, 22487, 2957, 2954, 985.67, 1
4858, 19533, 4, 0, 22492, 22495, 2962, 2958, 740.50, 1
4859, 19538, 4, 0, 22497, 22500, 2962, 2958, 740.50, 1
4860, 19539, 4, 0, 22501, 22504, 2965, 2961, 741.25, 1
4861, 19541, 4, 0, 22505, 22508, 2967, 2963, 741.75, 1
4862, 19543, 4, 0, 22509, 22512, 2969, 2965, 742.25, 1
4863, 19547, 3, 0, 22517, 22519, 2972, 2969, 990.67, 1
4864, 19549, 12, 0, 22520, 29540, 9991, 9979, 832.58, 1
4865, 19553, 1, 0, 22528, 22528, 2975, 2974, 2975.00, 1
4866, 19568, 2, 0, 22533, 22534, 2966, 2964, 1483.00, 1
4867, 19573, 11, 0, 22539, 29607, 10034, 10023, 912.18, 1
4868, 19579, 1, 0, 22547, 22547, 2968, 2967, 2968.00, 1
4869, 19583, 18, 0, 22551, 38523, 18940, 18922, 1052.22, 1
4870, 19599, 4, 0, 22560, 22563, 2964, 2960, 741.00, 1
4871, 19604, 2, 0, 22568, 22569, 2965, 2963, 1482.50, 1
4872, 19605, 1, 0, 22570, 22570, 2965, 2964, 2965.00, 1
4873, 19611, 2, 0, 22573, 22574, 2963, 2961, 1481.50, 1
4874, 19612, 1, 0, 22579, 22579, 2967, 2966, 2967.00, 1
4875, 19613, 5, 0, 22580, 25986, 6373, 6368, 1274.60, 1
4876, 19617, 2, 0, 22584, 22585, 2968, 2966, 1484.00, 1
4877, 19633, 5, 0, 22593, 25999, 6366, 6361, 1273.20, 1
4878, 19635, 3, 0, 22597, 22599, 2964, 2961, 988.00, 1
4879, 19643, 8, 0, 22604, 26008, 6365, 6357, 795.62, 1
4880, 19644, 1, 0, 22608, 22608, 2964, 2963, 2964.00, 1
4881, 19647, 4, 0, 22609, 22612, 2965, 2961, 741.25, 1
4882, 19653, 5, 0, 22613, 26019, 6366, 6361, 1273.20, 1
4883, 19657, 2, 0, 22621, 22622, 2965, 2963, 1482.50, 1
4884, 19661, 1, 0, 22623, 22623, 2962, 2961, 2962.00, 1
4885, 19663, 4, 0, 22628, 22631, 2968, 2964, 742.00, 1
4886, 19664, 2, 0, 22632, 22633, 2969, 2967, 1484.50, 1
4887, 19665, 2, 0, 22634, 22635, 2970, 2968, 1485.00, 1
4888, 19668, 1, 0, 22636, 22636, 2968, 2967, 2968.00, 1
4889, 19669, 1, 0, 22637, 22637, 2968, 2967, 2968.00, 1
4890, 19670, 2, 0, 22638, 22639, 2969, 2967, 1484.50, 1
4891, 19674, 3, 0, 22644, 22646, 2972, 2969, 990.67, 1
4892, 19676, 1, 0, 22647, 22647, 2971, 2970, 2971.00, 1
4893, 19685, 31, 0, 22656, 48577, 28892, 28861, 932.00, 1
4894, 19686, 27, 0, 22660, 47274, 27588, 27561, 1021.78, 1
4895, 19688, 4, 0, 22664, 22667, 2979, 2975, 744.75, 1
4896, 19690, 4, 0, 22668, 22671, 2981, 2977, 745.25, 1
4897, 19693, 9, 0, 22676, 29798, 10105, 10096, 1122.78, 1
4898, 19695, 2, 0, 22680, 22681, 2986, 2984, 1493.00, 1
4899, 19697, 8, 0, 22682, 26112, 6415, 6407, 801.88, 1
4900, 19703, 1, 0, 22688, 22688, 2985, 2984, 2985.00, 1
4901, 19704, 19, 0, 22689, 38821, 19117, 19098, 1006.16, 1
4902, 19708, 4, 0, 22693, 22696, 2988, 2984, 747.00, 1
4903, 19709, 1, 0, 22697, 22697, 2988, 2987, 2988.00, 1
4904, 19710, 1, 0, 22698, 22698, 2988, 2987, 2988.00, 1
4905, 19713, 2, 0, 22699, 22700, 2987, 2985, 1493.50, 1
4906, 19719, 8, 0, 22702, 26128, 6409, 6401, 801.12, 1
4907, 19722, 2, 0, 22706, 22707, 2985, 2983, 1492.50, 1
4908, 19726, 14, 0, 22711, 34078, 14352, 14338, 1025.14, 1
4909, 19733, 29, 0, 22717, 48612, 28879, 28850, 995.83, 1
4910, 19738, 8, 0, 22721, 26148, 6410, 6402, 801.25, 1
4911, 19740, 9, 0, 22725, 29882, 10142, 10133, 1126.89, 1
4912, 19742, 9, 0, 22729, 29888, 10146, 10137, 1127.33, 1
4913, 19744, 3, 0, 22736, 22738, 2994, 2991, 998.00, 1
4914, 19745, 5, 0, 22739, 26177, 6432, 6427, 1286.40, 1
4915, 19749, 2, 0, 22743, 22744, 2995, 2993, 1497.50, 1
4916, 19750, 4, 0, 22745, 22748, 2998, 2994, 749.50, 1
4917, 19761, 1, 0, 22754, 22754, 2993, 2992, 2993.00, 1
4918, 19763, 4, 0, 22755, 22758, 2995, 2991, 748.75, 1
4919, 19768, 1, 0, 22761, 22761, 2993, 2992, 2993.00, 1
4920, 19769, 12, 0, 22766, 29936, 10167, 10155, 847.25, 1
4921, 19775, 4, 0, 22772, 22775, 3000, 2996, 750.00, 1
4922, 19776, 1, 0, 22776, 22776, 3000, 2999, 3000.00, 1
4923, 19778, 4, 0, 22777, 22780, 3002, 2998, 750.50, 1
4924, 19779, 4, 0, 22781, 22784, 3005, 3001, 751.25, 1
4925, 19780, 14, 0, 22785, 34160, 14380, 14366, 1027.14, 1
4926, 19783, 8, 0, 22789, 26228, 6445, 6437, 805.62, 1
4927, 19791, 8, 0, 22798, 26235, 6444, 6436, 805.50, 1
4928, 19794, 1, 0, 22806, 22806, 3012, 3011, 3012.00, 1
4929, 19795, 7, 0, 22807, 26249, 6454, 6447, 922.00, 1
4930, 19796, 7, 0, 22811, 26252, 6456, 6449, 922.29, 1
4931, 19799, 14, 0, 22816, 34197, 14398, 14384, 1028.43, 1
4932, 19800, 10, 0, 22820, 29984, 10184, 10174, 1018.40, 1
4933, 19801, 9, 0, 22824, 29985, 10184, 10175, 1131.56, 1
4934, 19802, 2, 0, 22828, 22829, 3027, 3025, 1513.50, 1
4935, 19810, 1, 0, 22835, 22835, 3025, 3024, 3025.00, 1
4936, 19811, 5, 0, 22836, 26287, 6476, 6471, 1295.20, 1
4937, 19817, 1, 0, 22844, 22844, 3027, 3026, 3027.00, 1
4938, 19820, 1, 0, 22845, 22845, 3025, 3024, 3025.00, 1
4939, 19821, 13, 0, 22846, 34239, 14418, 14405, 1109.08, 1
4940, 19823, 19, 0, 22850, 39013, 19190, 19171, 1010.00, 1
4941, 19836, 4, 0, 22858, 22861, 3025, 3021, 756.25, 1
4942, 19841, 4, 0, 22870, 22873, 3032, 3028, 758.00, 1
4943, 19847, 6, 0, 22878, 26337, 6490, 6484, 1081.67, 1
4944, 19850, 4, 0, 22886, 22889, 3039, 3035, 759.75, 1
4945, 19856, 3, 0, 22894, 22896, 3040, 3037, 1013.33, 1
4946, 19862, 1, 0, 22903, 22903, 3041, 3040, 3041.00, 1
4947, 19864, 10, 0, 22904, 30104, 10240, 10230, 1024.00, 1
4948, 19871, 3, 0, 22910, 22912, 3041, 3038, 1013.67, 1
4949, 19873, 7, 0, 22913, 26380, 6507, 6500, 929.57, 1
4950, 19879, 1, 0, 22922, 22922, 3043, 3042, 3043.00, 1
4951, 19887, 3, 0, 22925, 22927, 3040, 3037, 1013.33, 1
4952, 19888, 25, 0, 22928, 47481, 27593, 27568, 1103.72, 1
4953, 19889, 6, 0, 22932, 26401, 6512, 6506, 1085.33, 1
4954, 19893, 9, 0, 22938, 30138, 10245, 10236, 1138.33, 1
4955, 19903, 5, 0, 22944, 26417, 6514, 6509, 1302.80, 1
4956, 19905, 2, 0, 22948, 22949, 3044, 3042, 1522.00, 1
4957, 19910, 4, 0, 22954, 22957, 3047, 3043, 761.75, 1
4958, 19913, 3, 0, 22958, 22960, 3047, 3044, 1015.67, 1
4959, 19917, 3, 0, 22961, 22963, 3046, 3043, 1015.33, 1
4960, 19919, 2, 0, 22965, 22966, 3047, 3045, 1523.50, 1
4961, 19924, 1, 0, 22967, 22967, 3043, 3042, 3043.00, 1
4962, 19927, 2, 0, 22968, 22969, 3042, 3040, 1521.00, 1
4963, 19929, 2, 0, 22970, 22971, 3042, 3040, 1521.00, 1
4964, 19930, 1, 0, 22976, 22976, 3046, 3045, 3046.00, 1
4965, 19933, 29, 0, 22977, 48691, 28758, 28729, 991.66, 1
4966, 19934, 5, 0, 22984, 26456, 6522, 6517, 1304.40, 1
4967, 19941, 10, 0, 22988, 30186, 10245, 10235, 1024.50, 1
4968, 19943, 6, 0, 22992, 26473, 6530, 6524, 1088.33, 1
4969, 19944, 8, 0, 22996, 26483, 6539, 6531, 817.38, 1
4970, 19945, 4, 0, 23004, 23007, 3062, 3058, 765.50, 1
4971, 19948, 1, 0, 23008, 23008, 3060, 3059, 3060.00, 1
4972, 19950, 16, 0, 23009, 34502, 14552, 14536, 909.50, 1
4973, 19952, 2, 0, 23017, 23018, 3066, 3064, 1533.00, 1
4974, 19956, 2, 0, 23023, 23024, 3068, 3066, 1534.00, 1
4975, 19967, 2, 0, 23030, 23031, 3064, 3062, 1532.00, 1
4976, 19970, 3, 0, 23032, 23034, 3064, 3061, 1021.33, 1
4977, 19975, 11, 0, 23039, 30292, 10317, 10306, 937.91, 1
4978, 19979, 5, 0, 23047, 26553, 6574, 6569, 1314.80, 1
4979, 19986, 2, 0, 23057, 23058, 3072, 3070, 1536.00, 1
4980, 19988, 7, 0, 23059, 26557, 6569, 6562, 938.43, 1
4981, 19990, 15, 0, 23064, 34629, 14639, 14624, 975.93, 1
4982, 19993, 2, 0, 23068, 23069, 3076, 3074, 1538.00, 1
4983, 19996, 4, 0, 23070, 23073, 3077, 3073, 769.25, 1
4984, 19999, 4, 0, 23075, 23078, 3079, 3075, 769.75, 1
4985, 20003, 2, 0, 23083, 23084, 3081, 3079, 1540.50, 1
4986, 20007, 1, 0, 23088, 23088, 3081, 3080, 3081.00, 1
4987, 20009, 2, 0, 23089, 23090, 3081, 3079, 1540.50, 1
4988, 20010, 2, 0, 23091, 23092, 3082, 3080, 1541.00, 1
4989, 20013, 4, 0, 23093, 23096, 3083, 3079, 770.75, 1
4990, 20014, 10, 0, 23097, 30377, 10363, 10353, 1036.30, 1
4991, 20018, 3, 0, 23105, 23107, 3089, 3086, 1029.67, 1
4992, 20021, 8, 0, 23110, 26611, 6590, 6582, 823.75, 1
4993, 20026, 10, 0, 23115, 30403, 10377, 10367, 1037.70, 1
4994, 20029, 10, 0, 23123, 30422, 10393, 10383, 1039.30, 1
4995, 20031, 2, 0, 23127, 23128, 3097, 3095, 1548.50, 1
4996, 20036, 6, 0, 23130, 26637, 6601, 6595, 1100.17, 1
4997, 20040, 5, 0, 23136, 26642, 6602, 6597, 1320.40, 1
4998, 20046, 7, 0, 23144, 26654, 6608, 6601, 944.00, 1
4999, 20050, 2, 0, 23152, 23153, 3103, 3101, 1551.50, 1
5000, 20051, 6, 0, 23154, 26669, 6618, 6612, 1103.00, 1
5001, 20056, 6, 0, 23159, 26672, 6616, 6610, 1102.67, 1
5002, 20058, 9, 0, 23166, 30484, 10426, 10417, 1158.44, 1
5003, 20060, 1, 0, 23170, 23170, 3110, 3109, 3110.00, 1
5004, 20063, 1, 0, 23172, 23172, 3109, 3108, 3109.00, 1
5005, 20065, 4, 0, 23173, 23176, 3111, 3107, 777.75, 1
5006, 20070, 14, 0, 23181, 34791, 14721, 14707, 1051.50, 1
5007, 20071, 1, 0, 23185, 23185, 3114, 3113, 3114.00, 1
5008, 20073, 4, 0, 23186, 23189, 3116, 3112, 779.00, 1
5009, 20077, 3, 0, 23190, 23192, 3115, 3112, 1038.33, 1
5010, 20080, 1, 0, 23197, 23197, 3117, 3116, 3117.00, 1
5011, 20083, 2, 0, 23198, 23199, 3116, 3114, 1558.00, 1
5012, 20084, 3, 0, 23200, 23202, 3118, 3115, 1039.33, 1
5013, 20106, 1, 0, 23219, 23219, 3113, 3112, 3113.00, 1
5014, 20112, 4, 0, 23223, 23226, 3114, 3110, 778.50, 1
5015, 20118, 2, 0, 23227, 23228, 3110, 3108, 1555.00, 1
5016, 20121, 2, 0, 23233, 23234, 3113, 3111, 1556.50, 1
5017, 20122, 4, 0, 23235, 23238, 3116, 3112, 779.00, 1
5018, 20126, 5, 0, 23240, 26765, 6639, 6634, 1327.80, 1
5019, 20142, 8, 0, 23254, 26791, 6649, 6641, 831.12, 1
5020, 20145, 5, 0, 23258, 26796, 6651, 6646, 1330.20, 1
5021, 20150, 2, 0, 23266, 23267, 3117, 3115, 1558.50, 1
5022, 20151, 1, 0, 23268, 23268, 3117, 3116, 3117.00, 1
5023, 20158, 4, 0, 23269, 23272, 3114, 3110, 778.50, 1
5024, 20165, 1, 0, 23279, 23279, 3114, 3113, 3114.00, 1
5025, 20168, 5, 0, 23284, 26827, 6659, 6654, 1331.80, 1
5026, 20172, 8, 0, 23288, 26834, 6662, 6654, 832.75, 1
5027, 20173, 1, 0, 23292, 23292, 3119, 3118, 3119.00, 1
5028, 20180, 1, 0, 23296, 23296, 3116, 3115, 3116.00, 1
5029, 20184, 1, 0, 23297, 23297, 3113, 3112, 3113.00, 1
5030, 20191, 7, 0, 23298, 26849, 6658, 6651, 951.14, 1
5031, 20195, 2, 0, 23303, 23304, 3109, 3107, 1554.50, 1
5032, 20199, 2, 0, 23308, 23309, 3110, 3108, 1555.00, 1
5033, 20205, 4, 0, 23314, 23317, 3112, 3108, 778.00, 1
5034, 20221, 2, 0, 23321, 23322, 3101, 3099, 1550.50, 1
5035, 20224, 3, 0, 23324, 23326, 3102, 3099, 1034.00, 1
5036, 20227, 5, 0, 23327, 26873, 6646, 6641, 1329.20, 1
5037, 20228, 2, 0, 23331, 23332, 3104, 3102, 1552.00, 1
5038, 20229, 6, 0, 23333, 26876, 6647, 6641, 1107.83, 1
5039, 20232, 10, 0, 23339, 30712, 10480, 10470, 1048.00, 1
5040, 20237, 4, 0, 23343, 23346, 3109, 3105, 777.25, 1
5041, 20238, 13, 0, 23347, 35050, 14812, 14799, 1139.38, 1
5042, 20242, 1, 0, 23355, 23355, 3113, 3112, 3113.00, 1
5043, 20255, 3, 0, 23357, 23359, 3104, 3101, 1034.67, 1
5044, 20260, 5, 0, 23364, 26911, 6651, 6646, 1330.20, 1
5045, 20261, 4, 0, 23368, 23371, 3110, 3106, 777.50, 1
5046, 20262, 2, 0, 23372, 23373, 3111, 3109, 1555.50, 1
5047, 20274, 10, 0, 23384, 30752, 10478, 10468, 1047.80, 1
5048, 20289, 8, 0, 23395, 26943, 6654, 6646, 831.75, 1
5049, 20294, 5, 0, 23399, 26944, 6650, 6645, 1330.00, 1
5050, 20296, 24, 0, 23403, 45594, 25298, 25274, 1054.08, 1
5051, 20306, 3, 0, 23407, 23409, 3103, 3100, 1034.33, 1
5052, 20310, 6, 0, 23414, 26965, 6655, 6649, 1109.17, 1
5053, 20311, 9, 0, 23422, 30812, 10501, 10492, 1166.78, 1
5054, 20313, 9, 0, 23426, 30818, 10505, 10496, 1167.22, 1
5055, 20316, 4, 0, 23434, 23437, 3121, 3117, 780.25, 1
5056, 20317, 9, 0, 23438, 30835, 10518, 10509, 1168.67, 1
5057, 20319, 4, 0, 23442, 23445, 3126, 3122, 781.50, 1
5058, 20321, 2, 0, 23446, 23447, 3126, 3124, 1563.00, 1
5059, 20323, 7, 0, 23448, 27010, 6687, 6680, 955.29, 1
5060, 20327, 1, 0, 23453, 23453, 3126, 3125, 3126.00, 1
5061, 20332, 13, 0, 23455, 35221, 14889, 14876, 1145.31, 1
5062, 20333, 4, 0, 23459, 23462, 3129, 3125, 782.25, 1
5063, 20336, 4, 0, 23467, 23470, 3134, 3130, 783.50, 1
5064, 20337, 1, 0, 23471, 23471, 3134, 3133, 3134.00, 1
5065, 20340, 4, 0, 23474, 23477, 3137, 3133, 784.25, 1
5066, 20342, 1, 0, 23478, 23478, 3136, 3135, 3136.00, 1
5067, 20344, 9, 0, 23479, 30881, 10537, 10528, 1170.78, 1
5068, 20349, 3, 0, 23487, 23489, 3140, 3137, 1046.67, 1
5069, 20350, 9, 0, 23490, 30911, 10561, 10552, 1173.44, 1
5070, 20357, 2, 0, 23497, 23498, 3141, 3139, 1570.50, 1
5071, 20359, 5, 0, 23499, 27072, 6713, 6708, 1342.60, 1
5072, 20362, 4, 0, 23507, 23510, 3148, 3144, 787.00, 1
5073, 20372, 3, 0, 23515, 23517, 3145, 3142, 1048.33, 1
5074, 20378, 1, 0, 23518, 23518, 3140, 3139, 3140.00, 1
5075, 20380, 4, 0, 23519, 23522, 3142, 3138, 785.50, 1
5076, 20382, 3, 0, 23523, 23525, 3143, 3140, 1047.67, 1
5077, 20387, 2, 0, 23526, 23527, 3140, 3138, 1570.00, 1
5078, 20395, 9, 0, 23530, 30983, 10588, 10579, 1176.44, 1
5079, 20402, 1, 0, 23538, 23538, 3136, 3135, 3136.00, 1
5080, 20406, 2, 0, 23542, 23543, 3137, 3135, 1568.50, 1
5081, 20408, 3, 0, 23544, 23546, 3138, 3135, 1046.00, 1
5082, 20409, 6, 0, 23549, 27143, 6734, 6728, 1122.33, 1
5083, 20410, 4, 0, 23553, 23556, 3146, 3142, 786.50, 1
5084, 20415, 2, 0, 23557, 23558, 3143, 3141, 1571.50, 1
5085, 20416, 1, 0, 23559, 23559, 3143, 3142, 3143.00, 1
5086, 20417, 4, 0, 23560, 23563, 3146, 3142, 786.50, 1
5087, 20421, 9, 0, 23568, 31009, 10588, 10579, 1176.44, 1
5088, 20422, 1, 0, 23572, 23572, 3150, 3149, 3150.00, 1
5089, 20426, 1, 0, 23574, 23574, 3148, 3147, 3148.00, 1
5090, 20432, 4, 0, 23575, 23578, 3146, 3142, 786.50, 1
5091, 20436, 4, 0, 23583, 23586, 3150, 3146, 787.50, 1
5092, 20439, 3, 0, 23587, 23589, 3150, 3147, 1050.00, 1
5093, 20440, 10, 0, 23590, 31036, 10596, 10586, 1059.60, 1
5094, 20441, 4, 0, 23594, 23597, 3156, 3152, 789.00, 1
5095, 20446, 2, 0, 23599, 23600, 3154, 3152, 1577.00, 1
5096, 20453, 18, 0, 23605, 40423, 19970, 19952, 1109.44, 1
5097, 20459, 6, 0, 23613, 27206, 6747, 6741, 1124.50, 1
5098, 20460, 18, 0, 23617, 40430, 19970, 19952, 1109.44, 1
5099, 20461, 4, 0, 23621, 23624, 3163, 3159, 790.75, 1
5100, 20463, 1, 0, 23625, 23625, 3162, 3161, 3162.00, 1
5101, 20464, 1, 0, 23626, 23626, 3162, 3161, 3162.00, 1
5102, 20469, 2, 0, 23630, 23631, 3162, 3160, 1581.00, 1
5103, 20471, 2, 0, 23633, 23634, 3163, 3161, 1581.50, 1
5104, 20472, 1, 0, 23635, 23635, 3163, 3162, 3163.00, 1
5105, 20479, 1, 0, 23644, 23644, 3165, 3164, 3165.00, 1
5106, 20489, 3, 0, 23645, 23647, 3158, 3155, 1052.67, 1
5107, 20494, 6, 0, 23652, 27236, 6742, 6736, 1123.67, 1
5108, 20496, 6, 0, 23656, 27238, 6742, 6736, 1123.67, 1
5109, 20505, 2, 0, 23665, 23666, 3161, 3159, 1580.50, 1
5110, 20506, 4, 0, 23667, 23670, 3164, 3160, 791.00, 1
5111, 20517, 10, 0, 23676, 31171, 10654, 10644, 1065.40, 1
5112, 20520, 9, 0, 23680, 31173, 10653, 10644, 1183.67, 1
5113, 20521, 9, 0, 23684, 31175, 10654, 10645, 1183.78, 1
5114, 20526, 7, 0, 23688, 27273, 6747, 6740, 963.86, 1
5115, 20530, 7, 0, 23696, 27290, 6760, 6753, 965.71, 1
5116, 20531, 1, 0, 23700, 23700, 3169, 3168, 3169.00, 1
5117, 20532, 2, 0, 23701, 23702, 3170, 3168, 1585.00, 1
5118, 20540, 1, 0, 23711, 23711, 3171, 3170, 3171.00, 1
5119, 20542, 1, 0, 23712, 23712, 3170, 3169, 3170.00, 1
5120, 20543, 7, 0, 23717, 27316, 6773, 6766, 967.57, 1
5121, 20548, 2, 0, 23725, 23726, 3178, 3176, 1589.00, 1
5122, 20559, 3, 0, 23728, 23730, 3171, 3168, 1057.00, 1
5123, 20563, 2, 0, 23731, 23732, 3169, 3167, 1584.50, 1
5124, 20564, 1, 0, 23733, 23733, 3169, 3168, 3169.00, 1
5125, 20567, 7, 0, 23734, 27331, 6764, 6757, 966.29, 1
5126, 20584, 30, 0, 23738, 48920, 28336, 28306, 944.53, 1
5127, 20596, 9, 0, 23753, 31262, 10666, 10657, 1185.11, 1
5128, 20608, 2, 0, 23762, 23763, 3155, 3153, 1577.50, 1
5129, 20611, 5, 0, 23768, 27366, 6755, 6750, 1351.00, 1
5130, 20614, 2, 0, 23774, 23775, 3161, 3159, 1580.50, 1
5131, 20618, 8, 0, 23776, 27374, 6756, 6748, 844.50, 1
5132, 20619, 5, 0, 23780, 27382, 6763, 6758, 1352.60, 1
5133, 20624, 1, 0, 23784, 23784, 3160, 3159, 3160.00, 1
5134, 20636, 1, 0, 23790, 23790, 3154, 3153, 3154.00, 1
5135, 20646, 2, 0, 23795, 23796, 3150, 3148, 1575.00, 1
5136, 20653, 6, 0, 23797, 27405, 6752, 6746, 1125.33, 1
5137, 20657, 18, 0, 23805, 40767, 20110, 20092, 1117.22, 1
5138, 20659, 4, 0, 23809, 23812, 3153, 3149, 788.25, 1
5139, 20668, 4, 0, 23820, 23823, 3155, 3151, 788.75, 1
5140, 20670, 2, 0, 23824, 23825, 3155, 3153, 1577.50, 1
5141, 20671, 4, 0, 23826, 23829, 3158, 3154, 789.50, 1
5142, 20677, 2, 0, 23834, 23835, 3158, 3156, 1579.00, 1
5143, 20678, 4, 0, 23836, 23839, 3161, 3157, 790.25, 1
5144, 20682, 1, 0, 23844, 23844, 3162, 3161, 3162.00, 1
5145, 20696, 6, 0, 23850, 27470, 6774, 6768, 1129.00, 1
5146, 20701, 2, 0, 23856, 23857, 3156, 3154, 1578.00, 1
5147, 20708, 8, 0, 23858, 27478, 6770, 6762, 846.25, 1
5148, 20717, 1, 0, 23870, 23870, 3153, 3152, 3153.00, 1
5149, 20721, 3, 0, 23873, 23875, 3154, 3151, 1051.33, 1
5150, 20725, 1, 0, 23876, 23876, 3151, 3150, 3151.00, 1
5151, 20729, 13, 0, 23881, 35869, 15140, 15127, 1164.62, 1
5152, 20736, 6, 0, 23890, 27516, 6780, 6774, 1130.00, 1
5153, 20737, 4, 0, 23894, 23897, 3160, 3156, 790.00, 1
5154, 20738, 3, 0, 23898, 23900, 3162, 3159, 1054.00, 1
5155, 20739, 2, 0, 23901, 23902, 3163, 3161, 1581.50, 1
5156, 20743, 2, 0, 23906, 23907, 3164, 3162, 1582.00, 1
5157, 20744, 3, 0, 23908, 23910, 3166, 3163, 1055.33, 1
5158, 20745, 1, 0, 23911, 23911, 3166, 3165, 3166.00, 1
5159, 20746, 1, 0, 23915, 23915, 3169, 3168, 3169.00, 1
5160, 20747, 1, 0, 23916, 23916, 3169, 3168, 3169.00, 1
5161, 20748, 1, 0, 23917, 23917, 3169, 3168, 3169.00, 1
5162, 20749, 9, 0, 23918, 31459, 10710, 10701, 1190.00, 1
5163, 20752, 5, 0, 23922, 27548, 6796, 6791, 1359.20, 1
5164, 20753, 5, 0, 23926, 27549, 6796, 6791, 1359.20, 1
5165, 20755, 1, 0, 23934, 23934, 3179, 3178, 3179.00, 1
5166, 20758, 7, 0, 23935, 27555, 6797, 6790, 971.00, 1
5167, 20774, 2, 0, 23943, 23944, 3170, 3168, 1585.00, 1
5168, 20778, 2, 0, 23947, 23948, 3170, 3168, 1585.00, 1
5169, 20780, 4, 0, 23949, 23952, 3172, 3168, 793.00, 1
5170, 20783, 10, 0, 23953, 31498, 10715, 10705, 1071.50, 1
5171, 20784, 3, 0, 23957, 23959, 3175, 3172, 1058.33, 1
5172, 20791, 1, 0, 23964, 23964, 3173, 3172, 3173.00, 1
5173, 20795, 4, 0, 23969, 23972, 3177, 3173, 794.25, 1
5174, 20807, 14, 0, 23974, 35960, 15153, 15139, 1082.36, 1
5175, 20808, 11, 0, 23978, 31519, 10711, 10700, 973.73, 1
5176, 20809, 4, 0, 23982, 23985, 3176, 3172, 794.00, 1
5177, 20812, 6, 0, 23986, 27618, 6806, 6800, 1134.33, 1
5178, 20817, 7, 0, 23994, 27625, 6808, 6801, 972.57, 1
5179, 20831, 3, 0, 23998, 24000, 3169, 3166, 1056.33, 1
5180, 20833, 15, 0, 24001, 35995, 15162, 15147, 1010.80, 1
5181, 20841, 1, 0, 24009, 24009, 3168, 3167, 3168.00, 1
5182, 20848, 9, 0, 24013, 31564, 10716, 10707, 1190.67, 1
5183, 20850, 12, 0, 24020, 31571, 10721, 10709, 893.42, 1
5184, 20858, 1, 0, 24026, 24026, 3168, 3167, 3168.00, 1
5185, 20863, 3, 0, 24027, 24029, 3166, 3163, 1055.33, 1
5186, 20869, 2, 0, 24037, 24038, 3169, 3167, 1584.50, 1
5187, 20872, 2, 0, 24039, 24040, 3168, 3166, 1584.00, 1
5188, 20873, 2, 0, 24041, 24042, 3169, 3167, 1584.50, 1
5189, 20878, 4, 0, 24045, 24048, 3170, 3166, 792.50, 1
5190, 20883, 19, 0, 24052, 41161, 20278, 20259, 1067.26, 1
5191, 20896, 5, 0, 24062, 27708, 6812, 6807, 1362.40, 1
5192, 20900, 2, 0, 24066, 24067, 3167, 3165, 1583.50, 1
5193, 20901, 1, 0, 24068, 24068, 3167, 3166, 3167.00, 1
5194, 20908, 1, 0, 24071, 24071, 3163, 3162, 3163.00, 1
5195, 20924, 1, 0, 24076, 24076, 3152, 3151, 3152.00, 1
5196, 20930, 2, 0, 24081, 24082, 3152, 3150, 1576.00, 1
5197, 20931, 8, 0, 24083, 27725, 6794, 6786, 849.25, 1
5198, 20939, 4, 0, 24091, 24094, 3155, 3151, 788.75, 1
5199, 20941, 6, 0, 24095, 27733, 6792, 6786, 1132.00, 1
5200, 20945, 2, 0, 24099, 24100, 3155, 3153, 1577.50, 1
5201, 20954, 1, 0, 24105, 24105, 3151, 3150, 3151.00, 1
5202, 20959, 2, 0, 24110, 24111, 3152, 3150, 1576.00, 1
5203, 20961, 1, 0, 24112, 24112, 3151, 3150, 3151.00, 1
5204, 20962, 1, 0, 24113, 24113, 3151, 3150, 3151.00, 1
5205, 20966, 5, 0, 24115, 27749, 6783, 6778, 1356.60, 1
5206, 20983, 3, 0, 24123, 24125, 3142, 3139, 1047.33, 1
5207, 20988, 1, 0, 24130, 24130, 3142, 3141, 3142.00, 1
5208, 20993, 7, 0, 24131, 27768, 6775, 6768, 967.86, 1
5209, 20995, 1, 0, 24138, 24138, 3143, 3142, 3143.00, 1
5210, 20996, 3, 0, 24139, 24141, 3145, 3142, 1048.33, 1
5211, 20999, 4, 0, 24142, 24145, 3146, 3142, 786.50, 1
5212, 21009, 2, 0, 24149, 24150, 3141, 3139, 1570.50, 1
5213, 21010, 3, 0, 24151, 24153, 3143, 3140, 1047.67, 1
5214, 21014, 9, 0, 24157, 31685, 10671, 10662, 1185.67, 1
5215, 21015, 24, 0, 24161, 46114, 25099, 25075, 1045.79, 1
5216, 21022, 3, 0, 24167, 24169, 3147, 3144, 1049.00, 1
5217, 21024, 1, 0, 24174, 24174, 3150, 3149, 3150.00, 1
5218, 21027, 9, 0, 24175, 31709, 10682, 10673, 1186.89, 1
5219, 21028, 4, 0, 24179, 24182, 3154, 3150, 788.50, 1
5220, 21032, 4, 0, 24187, 24190, 3158, 3154, 789.50, 1
5221, 21033, 1, 0, 24191, 24191, 3158, 3157, 3158.00, 1
5222, 21034, 7, 0, 24192, 27812, 6778, 6771, 968.29, 1
5223, 21035, 3, 0, 24200, 24202, 3167, 3164, 1055.67, 1
5224, 21036, 3, 0, 24203, 24205, 3169, 3166, 1056.33, 1
5225, 21038, 6, 0, 24206, 27825, 6787, 6781, 1131.17, 1
5226, 21052, 4, 0, 24218, 24221, 3169, 3165, 792.25, 1
5227, 21057, 12, 0, 24226, 31770, 10713, 10701, 892.75, 1
5228, 21059, 15, 0, 24230, 36240, 15181, 15166, 1012.07, 1
5229, 21060, 3, 0, 24238, 24240, 3180, 3177, 1060.00, 1
5230, 21062, 3, 0, 24241, 24243, 3181, 3178, 1060.33, 1
5231, 21063, 1, 0, 24244, 24244, 3181, 3180, 3181.00, 1
5232, 21065, 1, 0, 24245, 24245, 3180, 3179, 3180.00, 1
5233, 21072, 5, 0, 24246, 27870, 6798, 6793, 1359.60, 1
5234, 21074, 10, 0, 24250, 31813, 10739, 10729, 1073.90, 1
5235, 21082, 1, 0, 24257, 24257, 3175, 3174, 3175.00, 1
5236, 21083, 15, 0, 24258, 36298, 15215, 15200, 1014.33, 1
5237, 21085, 2, 0, 24262, 24263, 3178, 3176, 1589.00, 1
5238, 21086, 1, 0, 24264, 24264, 3178, 3177, 3178.00, 1
5239, 21093, 5, 0, 24269, 27893, 6800, 6795, 1360.00, 1
5240, 21094, 2, 0, 24273, 24274, 3180, 3178, 1590.00, 1
5241, 21104, 17, 0, 24282, 41471, 20367, 20350, 1198.06, 1
5242, 21105, 5, 0, 24286, 27912, 6807, 6802, 1361.40, 1
5243, 21107, 2, 0, 24290, 24291, 3184, 3182, 1592.00, 1
5244, 21108, 5, 0, 24292, 27913, 6805, 6800, 1361.00, 1
5245, 21109, 6, 0, 24296, 27915, 6806, 6800, 1134.33, 1
5246, 21112, 2, 0, 24300, 24301, 3189, 3187, 1594.50, 1
5247, 21113, 12, 0, 24302, 31860, 10747, 10735, 895.58, 1
5248, 21114, 7, 0, 24306, 27930, 6816, 6809, 973.71, 1
5249, 21116, 5, 0, 24310, 27934, 6818, 6813, 1363.60, 1
5250, 21125, 2, 0, 24316, 24317, 3192, 3190, 1596.00, 1
5251, 21128, 7, 0, 24318, 27937, 6809, 6802, 972.71, 1
5252, 21129, 11, 0, 24322, 31874, 10745, 10734, 976.82, 1
5253, 21133, 1, 0, 24326, 24326, 3193, 3192, 3193.00, 1
5254, 21138, 1, 0, 24327, 24327, 3189, 3188, 3189.00, 1
5255, 21142, 7, 0, 24332, 27956, 6814, 6807, 973.43, 1
5256, 21143, 6, 0, 24336, 27958, 6815, 6809, 1135.83, 1
5257, 21144, 10, 0, 24340, 31903, 10759, 10749, 1075.90, 1
5258, 21146, 1, 0, 24344, 24344, 3198, 3197, 3198.00, 1
5259, 21148, 1, 0, 24346, 24346, 3198, 3197, 3198.00, 1
5260, 21149, 12, 0, 24347, 31907, 10758, 10746, 896.50, 1
5261, 21152, 3, 0, 24351, 24353, 3201, 3198, 1067.00, 1
5262, 21154, 3, 0, 24354, 24356, 3202, 3199, 1067.33, 1
5263, 21156, 6, 0, 24357, 27981, 6825, 6819, 1137.50, 1
5264, 21160, 2, 0, 24364, 24365, 3205, 3203, 1602.50, 1
5265, 21164, 3, 0, 24366, 24368, 3204, 3201, 1068.00, 1
5266, 21165, 2, 0, 24369, 24370, 3205, 3203, 1602.50, 1
5267, 21167, 1, 0, 24371, 24371, 3204, 3203, 3204.00, 1
5268, 21169, 5, 0, 24372, 27996, 6827, 6822, 1365.40, 1
5269, 21170, 2, 0, 24379, 24380, 3210, 3208, 1605.00, 1
5270, 21176, 2, 0, 24382, 24383, 3207, 3205, 1603.50, 1
5271, 21178, 1, 0, 24384, 24384, 3206, 3205, 3206.00, 1
5272, 21187, 6, 0, 24385, 28006, 6819, 6813, 1136.50, 1
5273, 21188, 15, 0, 24389, 36440, 15252, 15237, 1016.80, 1
5274, 21189, 2, 0, 24393, 24394, 3205, 3203, 1602.50, 1
5275, 21192, 3, 0, 24395, 24397, 3205, 3202, 1068.33, 1
5276, 21193, 4, 0, 24401, 24404, 3211, 3207, 802.75, 1
5277, 21200, 4, 0, 24406, 24409, 3209, 3205, 802.25, 1
5278, 21203, 3, 0, 24414, 24416, 3213, 3210, 1071.00, 1
5279, 21205, 6, 0, 24419, 28047, 6842, 6836, 1140.33, 1
5280, 21207, 10, 0, 24423, 31991, 10784, 10774, 1078.40, 1
5281, 21215, 2, 0, 24434, 24435, 3220, 3218, 1610.00, 1
5282, 21219, 3, 0, 24440, 24442, 3223, 3220, 1074.33, 1
5283, 21223, 3, 0, 24443, 24445, 3222, 3219, 1074.00, 1
5284, 21226, 1, 0, 24446, 24446, 3220, 3219, 3220.00, 1
5285, 21228, 8, 0, 24447, 28075, 6847, 6839, 855.88, 1
5286, 21229, 4, 0, 24451, 24454, 3225, 3221, 806.25, 1
5287, 21231, 2, 0, 24459, 24460, 3229, 3227, 1614.50, 1
5288, 21239, 1, 0, 24462, 24462, 3223, 3222, 3223.00, 1
5289, 21241, 7, 0, 24463, 28097, 6856, 6849, 979.43, 1
5290, 21242, 6, 0, 24467, 28101, 6859, 6853, 1143.17, 1
5291, 21246, 5, 0, 24473, 28106, 6860, 6855, 1372.00, 1
5292, 21248, 4, 0, 24477, 24480, 3232, 3228, 808.00, 1
5293, 21249, 2, 0, 24481, 24482, 3233, 3231, 1616.50, 1
5294, 21251, 4, 0, 24483, 24486, 3235, 3231, 808.75, 1
5295, 21253, 4, 0, 24487, 24490, 3237, 3233, 809.25, 1
5296, 21262, 7, 0, 24499, 28125, 6863, 6856, 980.43, 1
5297, 21263, 4, 0, 24503, 24506, 3243, 3239, 810.75, 1
5298, 21266, 9, 0, 24507, 32069, 10803, 10794, 1200.33, 1
5299, 21271, 1, 0, 24511, 24511, 3240, 3239, 3240.00, 1
5300, 21272, 4, 0, 24512, 24515, 3243, 3239, 810.75, 1
5301, 21273, 1, 0, 24520, 24520, 3247, 3246, 3247.00, 1
5302, 21276, 1, 0, 24521, 24521, 3245, 3244, 3245.00, 1
5303, 21279, 3, 0, 24522, 24524, 3245, 3242, 1081.67, 1
5304, 21280, 3, 0, 24525, 24527, 3247, 3244, 1082.33, 1
5305, 21288, 3, 0, 24529, 24531, 3243, 3240, 1081.00, 1
5306, 21290, 6, 0, 24532, 28153, 6863, 6857, 1143.83, 1
5307, 21293, 6, 0, 24536, 28155, 6862, 6856, 1143.67, 1
5308, 21296, 14, 0, 24540, 36639, 15343, 15329, 1095.93, 1
5309, 21298, 2, 0, 24544, 24545, 3247, 3245, 1623.50, 1
5310, 21301, 3, 0, 24546, 24548, 3247, 3244, 1082.33, 1
5311, 21303, 3, 0, 24549, 24551, 3248, 3245, 1082.67, 1
5312, 21310, 4, 0, 24555, 24558, 3248, 3244, 812.00, 1
5313, 21313, 1, 0, 24559, 24559, 3246, 3245, 3246.00, 1
5314, 21314, 4, 0, 24560, 24563, 3249, 3245, 812.25, 1
5315, 21325, 1, 0, 24567, 24567, 3242, 3241, 3242.00, 1
5316, 21327, 4, 0, 24568, 24571, 3244, 3240, 811.00, 1
5317, 21332, 2, 0, 24576, 24577, 3245, 3243, 1622.50, 1
5318, 21334, 3, 0, 24578, 24580, 3246, 3243, 1082.00, 1
5319, 21336, 1, 0, 24581, 24581, 3245, 3244, 3245.00, 1
5320, 21348, 1, 0, 24588, 24588, 3240, 3239, 3240.00, 1
5321, 21351, 2, 0, 24589, 24590, 3239, 3237, 1619.50, 1
5322, 21357, 2, 0, 24591, 24592, 3235, 3233, 1617.50, 1
5323, 21359, 2, 0, 24593, 24594, 3235, 3233, 1617.50, 1
5324, 21373, 4, 0, 24602, 24605, 3232, 3228, 808.00, 1
5325, 21378, 10, 0, 24610, 32172, 10794, 10784, 1079.40, 1
5326, 21391, 4, 0, 24616, 24619, 3228, 3224, 807.00, 1
5327, 21394, 2, 0, 24620, 24621, 3227, 3225, 1613.50, 1
5328, 21398, 3, 0, 24622, 24624, 3226, 3223, 1075.33, 1
5329, 21402, 6, 0, 24629, 28245, 6843, 6837, 1140.50, 1
5330, 21404, 5, 0, 24633, 28246, 6842, 6837, 1368.40, 1
5331, 21405, 4, 0, 24641, 24644, 3239, 3235, 809.75, 1
5332, 21413, 10, 0, 24646, 32220, 10807, 10797, 1080.70, 1
5333, 21423, 11, 0, 24655, 32251, 10828, 10817, 984.36, 1
5334, 21428, 2, 0, 24659, 24660, 3232, 3230, 1616.00, 1
5335, 21437, 7, 0, 24661, 28286, 6849, 6842, 978.43, 1
5336, 21441, 1, 0, 24669, 24669, 3228, 3227, 3228.00, 1
5337, 21443, 2, 0, 24670, 24671, 3228, 3226, 1614.00, 1
5338, 21445, 14, 0, 24675, 36832, 15387, 15373, 1099.07, 1
5339, 21456, 10, 0, 24685, 32305, 10849, 10839, 1084.90, 1
5340, 21457, 5, 0, 24689, 28329, 6872, 6867, 1374.40, 1
5341, 21458, 1, 0, 24693, 24693, 3235, 3234, 3235.00, 1
5342, 21466, 1, 0, 24701, 24701, 3235, 3234, 3235.00, 1
5343, 21470, 4, 0, 24702, 24705, 3235, 3231, 808.75, 1
5344, 21476, 7, 0, 24710, 28347, 6871, 6864, 981.57, 1
5345, 21482, 1, 0, 24714, 24714, 3232, 3231, 3232.00, 1
5346, 21485, 5, 0, 24719, 28353, 6868, 6863, 1373.60, 1
5347, 21495, 19, 0, 24723, 42095, 20600, 20581, 1084.21, 1
5348, 21500, 16, 0, 24731, 36917, 15417, 15401, 963.56, 1
5349, 21507, 4, 0, 24738, 24741, 3234, 3230, 808.50, 1
5350, 21508, 1, 0, 24742, 24742, 3234, 3233, 3234.00, 1
5351, 21510, 1, 0, 24744, 24744, 3234, 3233, 3234.00, 1
5352, 21511, 1, 0, 24745, 24745, 3234, 3233, 3234.00, 1
5353, 21516, 4, 0, 24748, 24751, 3235, 3231, 808.75, 1
5354, 21518, 33, 0, 24752, 49305, 27787, 27754, 842.03, 1
5355, 21529, 1, 0, 24764, 24764, 3235, 3234, 3235.00, 1
5356, 21535, 2, 0, 24767, 24768, 3233, 3231, 1616.50, 1
5357, 21536, 2, 0, 24769, 24770, 3234, 3232, 1617.00, 1
5358, 21538, 2, 0, 24771, 24772, 3234, 3232, 1617.00, 1
5359, 21559, 1, 0, 24779, 24779, 3220, 3219, 3220.00, 1
5360, 21565, 8, 0, 24784, 28425, 6860, 6852, 857.50, 1
5361, 21566, 5, 0, 24791, 28434, 6868, 6863, 1373.60, 1
5362, 21575, 2, 0, 24802, 24803, 3228, 3226, 1614.00, 1
5363, 21576, 11, 0, 24804, 32434, 10858, 10847, 987.09, 1
5364, 21577, 12, 0, 24808, 32444, 10867, 10855, 905.58, 1
5365, 21580, 11, 0, 24812, 32454, 10874, 10863, 988.55, 1
5366, 21584, 3, 0, 24816, 24818, 3234, 3231, 1078.00, 1
5367, 21610, 7, 0, 24835, 28490, 6880, 6873, 982.86, 1
5368, 21613, 7, 0, 24839, 28495, 6882, 6875, 983.14, 1
5369, 21616, 12, 0, 24844, 32499, 10883, 10871, 906.92, 1
5370, 21618, 11, 0, 24848, 32502, 10884, 10873, 989.45, 1
5371, 21622, 2, 0, 24852, 24853, 3231, 3229, 1615.50, 1
5372, 21623, 3, 0, 24854, 24856, 3233, 3230, 1077.67, 1
5373, 21630, 1, 0, 24862, 24862, 3232, 3231, 3232.00, 1
5374, 21633, 1, 0, 24863, 24863, 3230, 3229, 3230.00, 1
5375, 21634, 3, 0, 24868, 24870, 3236, 3233, 1078.67, 1
5376, 21639, 8, 0, 24871, 28531, 6892, 6884, 861.50, 1
5377, 21646, 3, 0, 24878, 24880, 3234, 3231, 1078.00, 1
5378, 21652, 3, 0, 24885, 24887, 3235, 3232, 1078.33, 1
5379, 21653, 2, 0, 24888, 24889, 3236, 3234, 1618.00, 1
5380, 21656, 2, 0, 24890, 24891, 3235, 3233, 1617.50, 1
5381, 21658, 1, 0, 24892, 24892, 3234, 3233, 3234.00, 1
5382, 21659, 11, 0, 24895, 32567, 10908, 10897, 991.64, 1
5383, 21661, 9, 0, 24899, 32576, 10915, 10906, 1212.78, 1
5384, 21663, 1, 0, 24904, 24904, 3241, 3240, 3241.00, 1
5385, 21665, 1, 0, 24905, 24905, 3240, 3239, 3240.00, 1
5386, 21668, 3, 0, 24907, 24909, 3241, 3238, 1080.33, 1
5387, 21669, 1, 0, 24910, 24910, 3241, 3240, 3241.00, 1
5388, 21672, 10, 0, 24915, 32598, 10926, 10916, 1092.60, 1
5389, 21679, 6, 0, 24923, 28603, 6924, 6918, 1154.00, 1
5390, 21682, 3, 0, 24927, 24929, 3247, 3244, 1082.33, 1
5391, 21686, 1, 0, 24930, 24930, 3244, 3243, 3244.00, 1
5392, 21692, 3, 0, 24931, 24933, 3241, 3238, 1080.33, 1
5393, 21695, 1, 0, 24934, 24934, 3239, 3238, 3239.00, 1
5394, 21698, 7, 0, 24937, 28621, 6923, 6916, 989.00, 1
5395, 21699, 3, 0, 24941, 24943, 3244, 3241, 1081.33, 1
5396, 21703, 3, 0, 24944, 24946, 3243, 3240, 1081.00, 1
5397, 21708, 9, 0, 24947, 32633, 10925, 10916, 1213.89, 1
5398, 21711, 5, 0, 24951, 28635, 6924, 6919, 1384.80, 1
5399, 21714, 7, 0, 24956, 28645, 6931, 6924, 990.14, 1
5400, 21716, 2, 0, 24960, 24961, 3245, 3243, 1622.50, 1
5401, 21725, 3, 0, 24966, 24968, 3243, 3240, 1081.00, 1
5402, 21731, 7, 0, 24973, 28668, 6937, 6930, 991.00, 1
5403, 21732, 1, 0, 24977, 24977, 3245, 3244, 3245.00, 1
5404, 21743, 5, 0, 24982, 28673, 6930, 6925, 1386.00, 1
5405, 21751, 3, 0, 24986, 24988, 3237, 3234, 1079.00, 1
5406, 21756, 5, 0, 24989, 28684, 6928, 6923, 1385.60, 1
5407, 21758, 7, 0, 24993, 28688, 6930, 6923, 990.00, 1
5408, 21763, 1, 0, 25000, 25000, 3237, 3236, 3237.00, 1
5409, 21768, 16, 0, 25001, 37264, 15496, 15480, 968.50, 1
5410, 21769, 13, 0, 25005, 37276, 15507, 15494, 1192.85, 1
5411, 21773, 1, 0, 25009, 25009, 3236, 3235, 3236.00, 1
5412, 21781, 3, 0, 25014, 25016, 3235, 3232, 1078.33, 1
5413, 21789, 5, 0, 25020, 28713, 6924, 6919, 1384.80, 1
5414, 21790, 11, 0, 25024, 32724, 10934, 10923, 994.00, 1
5415, 21797, 5, 0, 25032, 28720, 6923, 6918, 1384.60, 1
5416, 21804, 4, 0, 25039, 25042, 3238, 3234, 809.50, 1
5417, 21805, 3, 0, 25043, 25045, 3240, 3237, 1080.00, 1
5418, 21808, 2, 0, 25047, 25048, 3240, 3238, 1620.00, 1
5419, 21811, 6, 0, 25049, 28726, 6915, 6909, 1152.50, 1
5420, 21813, 1, 0, 25055, 25055, 3242, 3241, 3242.00, 1
5421, 21816, 13, 0, 25057, 37328, 15512, 15499, 1193.23, 1
5422, 21821, 3, 0, 25061, 25063, 3242, 3239, 1080.67, 1
5423, 21825, 2, 0, 25068, 25069, 3244, 3242, 1622.00, 1
5424, 21827, 3, 0, 25070, 25072, 3245, 3242, 1081.67, 1
5425, 21831, 2, 0, 25074, 25075, 3244, 3242, 1622.00, 1
5426, 21839, 2, 0, 25079, 25080, 3241, 3239, 1620.50, 1
5427, 21842, 7, 0, 25081, 28768, 6926, 6919, 989.43, 1
5428, 21849, 7, 0, 25087, 28776, 6927, 6920, 989.57, 1
5429, 21850, 2, 0, 25091, 25092, 3242, 3240, 1621.00, 1
5430, 21854, 3, 0, 25095, 25097, 3243, 3240, 1081.00, 1
5431, 21858, 3, 0, 25102, 25104, 3246, 3243, 1082.00, 1
5432, 21859, 1, 0, 25105, 25105, 3246, 3245, 3246.00, 1
5433, 21868, 1, 0, 25113, 25113, 3245, 3244, 3245.00, 1
5434, 21869, 2, 0, 25114, 25115, 3246, 3244, 1623.00, 1
5435, 21870, 2, 0, 25116, 25117, 3247, 3245, 1623.50, 1
5436, 21874, 1, 0, 25119, 25119, 3245, 3244, 3245.00, 1
5437, 21881, 7, 0, 25128, 28798, 6917, 6910, 988.14, 1
5438, 21897, 11, 0, 25141, 32813, 10916, 10905, 992.36, 1
5439, 21909, 13, 0, 25152, 37434, 15525, 15512, 1194.23, 1
5440, 21912, 1, 0, 25156, 25156, 3244, 3243, 3244.00, 1
5441, 21915, 8, 0, 25158, 28828, 6913, 6905, 864.12, 1
5442, 21924, 3, 0, 25162, 25164, 3240, 3237, 1080.00, 1
5443, 21925, 2, 0, 25165, 25166, 3241, 3239, 1620.50, 1
5444, 21926, 1, 0, 25167, 25167, 3241, 3240, 3241.00, 1
5445, 21932, 5, 0, 25175, 28838, 6906, 6901, 1381.20, 1
5446, 21933, 1, 0, 25179, 25179, 3246, 3245, 3246.00, 1
5447, 21937, 1, 0, 25180, 25180, 3243, 3242, 3243.00, 1
5448, 21940, 1, 0, 25185, 25185, 3245, 3244, 3245.00, 1
5449, 21951, 1, 0, 25189, 25189, 3238, 3237, 3238.00, 1
5450, 21953, 5, 0, 25190, 28846, 6893, 6888, 1378.60, 1
5451, 21955, 1, 0, 25195, 25195, 3240, 3239, 3240.00, 1
5452, 21963, 2, 0, 25200, 25201, 3238, 3236, 1619.00, 1
5453, 21967, 5, 0, 25202, 28862, 6895, 6890, 1379.00, 1
5454, 21968, 4, 0, 25209, 25212, 3244, 3240, 811.00, 1
5455, 21970, 4, 0, 25213, 25216, 3246, 3242, 811.50, 1
5456, 21974, 4, 0, 25219, 25222, 3248, 3244, 812.00, 1
5457, 21980, 5, 0, 25227, 28875, 6895, 6890, 1379.00, 1
5458, 21985, 1, 0, 25236, 25236, 3251, 3250, 3251.00, 1
5459, 21988, 4, 0, 25237, 25240, 3252, 3248, 813.00, 1
5460, 22003, 1, 0, 25247, 25247, 3244, 3243, 3244.00, 1
5461, 22005, 3, 0, 25248, 25250, 3245, 3242, 1081.67, 1
5462, 22006, 1, 0, 25251, 25251, 3245, 3244, 3245.00, 1
5463, 22014, 5, 0, 25256, 28908, 6894, 6889, 1378.80, 1
5464, 22017, 14, 0, 25260, 37558, 15541, 15527, 1110.07, 1
5465, 22019, 5, 0, 25268, 28916, 6897, 6892, 1379.40, 1
5466, 22020, 12, 0, 25272, 32951, 10931, 10919, 910.92, 1
5467, 22022, 3, 0, 25276, 25278, 3256, 3253, 1085.33, 1
5468, 22025, 3, 0, 25279, 25281, 3256, 3253, 1085.33, 1
5469, 22027, 1, 0, 25282, 25282, 3255, 3254, 3255.00, 1
5470, 22028, 3, 0, 25283, 25285, 3257, 3254, 1085.67, 1
5471, 22031, 8, 0, 25286, 28933, 6902, 6894, 862.75, 1
5472, 22037, 3, 0, 25290, 25292, 3255, 3252, 1085.00, 1
5473, 22038, 3, 0, 25293, 25295, 3257, 3254, 1085.67, 1
5474, 22042, 5, 0, 25300, 28938, 6896, 6891, 1379.20, 1
5475, 22043, 22, 0, 25304, 46730, 24687, 24665, 1122.14, 1
5476, 22046, 2, 0, 25312, 25313, 3267, 3265, 1633.50, 1
5477, 22047, 3, 0, 25314, 25316, 3269, 3266, 1089.67, 1
5478, 22052, 2, 0, 25318, 25319, 3267, 3265, 1633.50, 1
5479, 22054, 1, 0, 25322, 25322, 3268, 3267, 3268.00, 1
5480, 22056, 4, 0, 25323, 25326, 3270, 3266, 817.50, 1
5481, 22058, 1, 0, 25329, 25329, 3271, 3270, 3271.00, 1
5482, 22059, 10, 0, 25330, 33003, 10944, 10934, 1094.40, 1
5483, 22064, 1, 0, 25338, 25338, 3274, 3273, 3274.00, 1
5484, 22071, 4, 0, 25343, 25346, 3275, 3271, 818.75, 1
5485, 22072, 4, 0, 25351, 25354, 3282, 3278, 820.50, 1
5486, 22077, 3, 0, 25359, 25361, 3284, 3281, 1094.67, 1
5487, 22085, 24, 0, 25365, 46770, 24685, 24661, 1028.54, 1
5488, 22086, 6, 0, 25369, 29011, 6925, 6919, 1154.17, 1
5489, 22088, 10, 0, 25373, 33077, 10989, 10979, 1098.90, 1
5490, 22090, 1, 0, 25377, 25377, 3287, 3286, 3287.00, 1
5491, 22093, 2, 0, 25378, 25379, 3286, 3284, 1643.00, 1
5492, 22094, 5, 0, 25380, 29021, 6927, 6922, 1385.40, 1
5493, 22098, 11, 0, 25384, 33086, 10988, 10977, 998.91, 1
5494, 22100, 4, 0, 25388, 25391, 3291, 3287, 822.75, 1
5495, 22101, 4, 0, 25392, 25395, 3294, 3290, 823.50, 1
5496, 22104, 4, 0, 25400, 25403, 3299, 3295, 824.75, 1
5497, 22106, 13, 0, 25408, 37752, 15646, 15633, 1203.54, 1
5498, 22109, 1, 0, 25412, 25412, 3303, 3302, 3303.00, 1
5499, 22114, 2, 0, 25414, 25415, 3301, 3299, 1650.50, 1
5500, 22116, 11, 0, 25416, 33142, 11026, 11015, 1002.36, 1
5501, 22131, 4, 0, 25424, 25427, 3296, 3292, 824.00, 1
5502, 22136, 3, 0, 25432, 25434, 3298, 3295, 1099.33, 1
5503, 22138, 4, 0, 25435, 25438, 3300, 3296, 825.00, 1
5504, 22141, 1, 0, 25439, 25439, 3298, 3297, 3298.00, 1
5505, 22143, 1, 0, 25444, 25444, 3301, 3300, 3301.00, 1
5506, 22147, 6, 0, 25445, 29090, 6943, 6937, 1157.17, 1
5507, 22150, 19, 0, 25449, 42979, 20829, 20810, 1096.26, 1
5508, 22152, 5, 0, 25455, 29097, 6945, 6940, 1389.00, 1
5509, 22157, 4, 0, 25459, 25462, 3305, 3301, 826.25, 1
5510, 22158, 4, 0, 25467, 25470, 3312, 3308, 828.00, 1
5511, 22169, 5, 0, 25476, 29113, 6944, 6939, 1388.80, 1
5512, 22170, 5, 0, 25481, 29114, 6944, 6939, 1388.80, 1
5513, 22176, 3, 0, 25486, 25488, 3312, 3309, 1104.00, 1
5514, 22177, 5, 0, 25489, 29122, 6945, 6940, 1389.00, 1
5515, 22178, 7, 0, 25493, 29129, 6951, 6944, 993.00, 1
5516, 22182, 15, 0, 25501, 37873, 15691, 15676, 1046.07, 1
5517, 22184, 7, 0, 25505, 29146, 6962, 6955, 994.57, 1
5518, 22185, 5, 0, 25509, 29147, 6962, 6957, 1392.40, 1
5519, 22188, 2, 0, 25517, 25518, 3330, 3328, 1665.00, 1
5520, 22190, 3, 0, 25519, 25521, 3331, 3328, 1110.33, 1
5521, 22194, 6, 0, 25526, 29164, 6970, 6964, 1161.67, 1
5522, 22201, 5, 0, 25535, 29169, 6968, 6963, 1393.60, 1
5523, 22205, 1, 0, 25539, 25539, 3334, 3333, 3334.00, 1
5524, 22206, 3, 0, 25540, 25542, 3336, 3333, 1112.00, 1
5525, 22209, 1, 0, 25543, 25543, 3334, 3333, 3334.00, 1
5526, 22220, 1, 0, 25544, 25544, 3324, 3323, 3324.00, 1
5527, 22226, 1, 0, 25550, 25550, 3324, 3323, 3324.00, 1
5528, 22227, 7, 0, 25551, 29187, 6960, 6953, 994.29, 1
5529, 22230, 1, 0, 25559, 25559, 3329, 3328, 3329.00, 1
5530, 22235, 4, 0, 25564, 25567, 3332, 3328, 833.00, 1
5531, 22239, 5, 0, 25568, 29207, 6968, 6963, 1393.60, 1
5532, 22251, 1, 0, 25574, 25574, 3323, 3322, 3323.00, 1
5533, 22256, 4, 0, 25576, 25579, 3323, 3319, 830.75, 1
5534, 22260, 6, 0, 25583, 29217, 6957, 6951, 1159.50, 1
5535, 22264, 3, 0, 25588, 25590, 3326, 3323, 1108.67, 1
5536, 22267, 2, 0, 25591, 25592, 3325, 3323, 1662.50, 1
5537, 22273, 10, 0, 25594, 33320, 11047, 11037, 1104.70, 1
5538, 22276, 1, 0, 25598, 25598, 3322, 3321, 3322.00, 1
5539, 22277, 6, 0, 25599, 29228, 6951, 6945, 1158.50, 1
5540, 22278, 5, 0, 25603, 29233, 6955, 6950, 1391.00, 1
5541, 22281, 1, 0, 25607, 25607, 3326, 3325, 3326.00, 1
5542, 22283, 1, 0, 25608, 25608, 3325, 3324, 3325.00, 1
5543, 22288, 3, 0, 25609, 25611, 3323, 3320, 1107.67, 1
5544, 22289, 2, 0, 25612, 25613, 3324, 3322, 1662.00, 1
5545, 22296, 4, 0, 25622, 25625, 3329, 3325, 832.25, 1
5546, 22298, 1, 0, 25626, 25626, 3328, 3327, 3328.00, 1
5547, 22301, 5, 0, 25627, 29248, 6947, 6942, 1389.40, 1
5548, 22305, 6, 0, 25635, 29251, 6946, 6940, 1157.67, 1
5549, 22309, 10, 0, 25641, 33346, 11037, 11027, 1103.70, 1
5550, 22310, 1, 0, 25645, 25645, 3335, 3334, 3335.00, 1
5551, 22320, 2, 0, 25654, 25655, 3335, 3333, 1667.50, 1
5552, 22323, 9, 0, 25659, 33381, 11058, 11049, 1228.67, 1
5553, 22332, 1, 0, 25663, 25663, 3331, 3330, 3331.00, 1
5554, 22334, 13, 0, 25667, 38072, 15738, 15725, 1210.62, 1
5555, 22338, 3, 0, 25671, 25673, 3335, 3332, 1111.67, 1
5556, 22339, 1, 0, 25674, 25674, 3335, 3334, 3335.00, 1
5557, 22343, 1, 0, 25676, 25676, 3333, 3332, 3333.00, 1
5558, 22353, 5, 0, 25684, 29309, 6956, 6951, 1391.20, 1
5559, 22354, 6, 0, 25688, 29314, 6960, 6954, 1160.00, 1
5560, 22355, 7, 0, 25692, 29318, 6963, 6956, 994.71, 1
5561, 22362, 3, 0, 25700, 25702, 3340, 3337, 1113.33, 1
5562, 22367, 7, 0, 25703, 29325, 6958, 6951, 994.00, 1
5563, 22370, 1, 0, 25708, 25708, 3338, 3337, 3338.00, 1
5564, 22372, 4, 0, 25709, 25712, 3340, 3336, 835.00, 1
5565, 22375, 2, 0, 25713, 25714, 3339, 3337, 1669.50, 1
5566, 22381, 2, 0, 25719, 25720, 3339, 3337, 1669.50, 1
5567, 22383, 3, 0, 25721, 25723, 3340, 3337, 1113.33, 1
5568, 22391, 3, 0, 25728, 25730, 3339, 3336, 1113.00, 1
5569, 22396, 8, 0, 25733, 29369, 6973, 6965, 871.62, 1
5570, 22398, 6, 0, 25737, 29374, 6976, 6970, 1162.67, 1
5571, 22400, 4, 0, 25745, 25748, 3348, 3344, 837.00, 1
5572, 22402, 17, 0, 25749, 43440, 21038, 21021, 1237.53, 1
5573, 22403, 17, 0, 25753, 43459, 21056, 21039, 1238.59, 1
5574, 22407, 1, 0, 25757, 25757, 3350, 3349, 3350.00, 1
5575, 22408, 1, 0, 25762, 25762, 3354, 3353, 3354.00, 1
5576, 22411, 2, 0, 25763, 25764, 3353, 3351, 1676.50, 1
5577, 22412, 4, 0, 25768, 25771, 3359, 3355, 839.75, 1
5578, 22414, 6, 0, 25772, 29424, 7010, 7004, 1168.33, 1
5579, 22415, 6, 0, 25776, 29429, 7014, 7008, 1169.00, 1
5580, 22416, 3, 0, 25782, 25784, 3368, 3365, 1122.67, 1
5581, 22421, 2, 0, 25785, 25786, 3365, 3363, 1682.50, 1
5582, 22423, 2, 0, 25787, 25788, 3365, 3363, 1682.50, 1
5583, 22425, 2, 0, 25789, 25790, 3365, 3363, 1682.50, 1
5584, 22429, 2, 0, 25795, 25796, 3367, 3365, 1683.50, 1
5585, 22431, 2, 0, 25797, 25798, 3367, 3365, 1683.50, 1
5586, 22434, 1, 0, 25803, 25803, 3369, 3368, 3369.00, 1
5587, 22438, 4, 0, 25807, 25810, 3372, 3368, 843.00, 1
5588, 22443, 1, 0, 25811, 25811, 3368, 3367, 3368.00, 1
5589, 22445, 24, 0, 25816, 47045, 24600, 24576, 1025.00, 1
5590, 22447, 2, 0, 25820, 25821, 3374, 3372, 1687.00, 1
5591, 22449, 15, 0, 25822, 38296, 15847, 15832, 1056.47, 1
5592, 22454, 4, 0, 25826, 25829, 3375, 3371, 843.75, 1
5593, 22460, 2, 0, 25830, 25831, 3371, 3369, 1685.50, 1
5594, 22470, 2, 0, 25836, 25837, 3367, 3365, 1683.50, 1
5595, 22476, 4, 0, 25845, 25848, 3372, 3368, 843.00, 1
5596, 22477, 1, 0, 25849, 25849, 3372, 3371, 3372.00, 1
5597, 22482, 2, 0, 25850, 25851, 3369, 3367, 1684.50, 1
5598, 22484, 1, 0, 25852, 25852, 3368, 3367, 3368.00, 1
5599, 22487, 4, 0, 25854, 25857, 3370, 3366, 842.50, 1
5600, 22489, 6, 0, 25858, 29498, 7009, 7003, 1168.17, 1
5601, 22491, 5, 0, 25862, 29499, 7008, 7003, 1401.60, 1
5602, 22492, 4, 0, 25868, 25871, 3379, 3375, 844.75, 1
5603, 22494, 8, 0, 25872, 29513, 7019, 7011, 877.38, 1
5604, 22499, 11, 0, 25876, 33687, 11188, 11177, 1017.09, 1
5605, 22503, 1, 0, 25880, 25880, 3377, 3376, 3377.00, 1
5606, 22510, 8, 0, 25881, 29529, 7019, 7011, 877.38, 1
5607, 22514, 22, 0, 25885, 47107, 24593, 24571, 1117.86, 1
5608, 22517, 7, 0, 25891, 29536, 7019, 7012, 1002.71, 1
5609, 22521, 2, 0, 25895, 25896, 3375, 3373, 1687.50, 1
5610, 22525, 9, 0, 25901, 33724, 11199, 11190, 1244.33, 1
5611, 22528, 9, 0, 25909, 33733, 11205, 11196, 1245.00, 1
5612, 22531, 2, 0, 25913, 25914, 3383, 3381, 1691.50, 1
5613, 22532, 3, 0, 25915, 25917, 3385, 3382, 1128.33, 1
5614, 22536, 2, 0, 25922, 25923, 3387, 3385, 1693.50, 1
5615, 22541, 8, 0, 25925, 29599, 7058, 7050, 882.25, 1
5616, 22543, 2, 0, 25933, 25934, 3391, 3389, 1695.50, 1
5617, 22547, 1, 0, 25939, 25939, 3392, 3391, 3392.00, 1
5618, 22549, 1, 0, 25940, 25940, 3391, 3390, 3391.00, 1
5619, 22555, 10, 0, 25945, 33801, 11246, 11236, 1124.60, 1
5620, 22561, 4, 0, 25953, 25956, 3395, 3391, 848.75, 1
5621, 22563, 5, 0, 25957, 29649, 7086, 7081, 1417.20, 1
5622, 22569, 3, 0, 25965, 25967, 3398, 3395, 1132.67, 1
5623, 22572, 7, 0, 25968, 29656, 7084, 7077, 1012.00, 1
5624, 22575, 6, 0, 25972, 29661, 7086, 7080, 1181.00, 1
5625, 22577, 9, 0, 25976, 33837, 11260, 11251, 1251.11, 1
5626, 22580, 1, 0, 25984, 25984, 3404, 3403, 3404.00, 1
5627, 22582, 1, 0, 25985, 25985, 3403, 3402, 3403.00, 1
5628, 22592, 1, 0, 25987, 25987, 3395, 3394, 3395.00, 1
5629, 22593, 3, 0, 25992, 25994, 3401, 3398, 1133.67, 1
5630, 22594, 7, 0, 25995, 29689, 7095, 7088, 1013.57, 1
5631, 22602, 14, 0, 26000, 38604, 16002, 15988, 1143.00, 1
5632, 22609, 13, 0, 26009, 38618, 16009, 15996, 1231.46, 1
5633, 22614, 3, 0, 26013, 26015, 3401, 3398, 1133.67, 1
5634, 22616, 3, 0, 26016, 26018, 3402, 3399, 1134.00, 1
5635, 22621, 6, 0, 26024, 29722, 7101, 7095, 1183.50, 1
5636, 22622, 6, 0, 26028, 29728, 7106, 7100, 1184.33, 1
5637, 22624, 4, 0, 26032, 26035, 3411, 3407, 852.75, 1
5638, 22625, 2, 0, 26036, 26037, 3412, 3410, 1706.00, 1
5639, 22628, 3, 0, 26038, 26040, 3412, 3409, 1137.33, 1
5640, 22632, 6, 0, 26041, 29737, 7105, 7099, 1184.17, 1
5641, 22634, 7, 0, 26045, 29746, 7112, 7105, 1016.00, 1
5642, 22643, 6, 0, 26049, 29752, 7109, 7103, 1184.83, 1
5643, 22644, 2, 0, 26056, 26057, 3413, 3411, 1706.50, 1
5644, 22645, 13, 0, 26058, 38706, 16061, 16048, 1235.46, 1
5645, 22657, 4, 0, 26064, 26067, 3410, 3406, 852.50, 1
5646, 22666, 4, 0, 26076, 26079, 3413, 3409, 853.25, 1
5647, 22667, 9, 0, 26080, 33986, 11319, 11310, 1257.67, 1
5648, 22670, 2, 0, 26084, 26085, 3415, 3413, 1707.50, 1
5649, 22673, 4, 0, 26086, 26089, 3416, 3412, 854.00, 1
5650, 22678, 1, 0, 26091, 26091, 3413, 3412, 3413.00, 1
5651, 22681, 6, 0, 26096, 29804, 7123, 7117, 1187.17, 1
5652, 22683, 5, 0, 26100, 29815, 7132, 7127, 1426.40, 1
5653, 22684, 1, 0, 26104, 26104, 3420, 3419, 3420.00, 1
5654, 22685, 4, 0, 26105, 26108, 3423, 3419, 855.75, 1
5655, 22687, 1, 0, 26113, 26113, 3426, 3425, 3426.00, 1
5656, 22698, 3, 0, 26118, 26120, 3422, 3419, 1140.67, 1
5657, 22705, 11, 0, 26121, 34062, 11357, 11346, 1032.45, 1
5658, 22708, 2, 0, 26129, 26130, 3422, 3420, 1711.00, 1
5659, 22715, 16, 0, 26135, 38874, 16159, 16143, 1009.94, 1
5660, 22718, 2, 0, 26139, 26140, 3422, 3420, 1711.00, 1
5661, 22725, 8, 0, 26149, 29877, 7152, 7144, 894.00, 1
5662, 22729, 2, 0, 26157, 26158, 3429, 3427, 1714.50, 1
5663, 22730, 5, 0, 26159, 29884, 7154, 7149, 1430.80, 1
5664, 22732, 2, 0, 26163, 26164, 3432, 3430, 1716.00, 1
5665, 22733, 8, 0, 26169, 29900, 7167, 7159, 895.88, 1
5666, 22734, 5, 0, 26173, 29901, 7167, 7162, 1433.40, 1
5667, 22745, 1, 0, 26178, 26178, 3433, 3432, 3433.00, 1
5668, 22748, 5, 0, 26179, 29908, 7160, 7155, 1432.00, 1
5669, 22749, 12, 0, 26183, 34125, 11376, 11364, 948.00, 1
5670, 22756, 3, 0, 26191, 26193, 3437, 3434, 1145.67, 1
5671, 22757, 1, 0, 26194, 26194, 3437, 3436, 3437.00, 1
5672, 22758, 6, 0, 26195, 29922, 7164, 7158, 1194.00, 1
5673, 22759, 7, 0, 26199, 29932, 7173, 7166, 1024.71, 1
5674, 22764, 1, 0, 26203, 26203, 3439, 3438, 3439.00, 1
5675, 22769, 1, 0, 26205, 26205, 3436, 3435, 3436.00, 1
5676, 22770, 1, 0, 26210, 26210, 3440, 3439, 3440.00, 1
5677, 22781, 6, 0, 26211, 29938, 7157, 7151, 1192.83, 1
5678, 22786, 4, 0, 26215, 26218, 3432, 3428, 858.00, 1
5679, 22790, 2, 0, 26223, 26224, 3434, 3432, 1717.00, 1
5680, 22795, 2, 0, 26229, 26230, 3435, 3433, 1717.50, 1
5681, 22797, 1, 0, 26231, 26231, 3434, 3433, 3434.00, 1
5682, 22808, 6, 0, 26240, 29959, 7151, 7145, 1191.83, 1
5683, 22809, 3, 0, 26244, 26246, 3437, 3434, 1145.67, 1
5684, 22815, 5, 0, 26253, 29973, 7158, 7153, 1431.60, 1
5685, 22816, 2, 0, 26257, 26258, 3442, 3440, 1721.00, 1
5686, 22819, 3, 0, 26259, 26261, 3442, 3439, 1147.33, 1
5687, 22821, 1, 0, 26266, 26266, 3445, 3444, 3445.00, 1
5688, 22825, 1, 0, 26271, 26271, 3446, 3445, 3446.00, 1
5689, 22830, 2, 0, 26276, 26277, 3447, 3445, 1723.50, 1
5690, 22834, 1, 0, 26278, 26278, 3444, 3443, 3444.00, 1
5691, 22836, 3, 0, 26279, 26281, 3445, 3442, 1148.33, 1
5692, 22837, 8, 0, 26282, 30005, 7168, 7160, 896.00, 1
5693, 22839, 1, 0, 26286, 26286, 3447, 3446, 3447.00, 1
5694, 22842, 2, 0, 26288, 26289, 3447, 3445, 1723.50, 1
5695, 22846, 1, 0, 26290, 26290, 3444, 3443, 3444.00, 1
5696, 22848, 3, 0, 26291, 26293, 3445, 3442, 1148.33, 1
5697, 22850, 2, 0, 26298, 26299, 3449, 3447, 1724.50, 1
5698, 22854, 4, 0, 26304, 26307, 3453, 3449, 863.25, 1
5699, 22860, 9, 0, 26308, 34263, 11403, 11394, 1267.00, 1
5700, 22866, 11, 0, 26316, 34273, 11407, 11396, 1037.00, 1
5701, 22872, 2, 0, 26320, 26321, 3449, 3447, 1724.50, 1
5702, 22877, 2, 0, 26322, 26323, 3446, 3444, 1723.00, 1
5703, 22878, 4, 0, 26328, 26331, 3453, 3449, 863.25, 1
5704, 22879, 10, 0, 26332, 34296, 11417, 11407, 1141.70, 1
5705, 22883, 6, 0, 26338, 30072, 7189, 7183, 1198.17, 1
5706, 22887, 3, 0, 26344, 26346, 3459, 3456, 1153.00, 1
5707, 22888, 8, 0, 26347, 30080, 7192, 7184, 899.00, 1
5708, 22890, 1, 0, 26351, 26351, 3461, 3460, 3461.00, 1
5709, 22891, 6, 0, 26352, 30087, 7196, 7190, 1199.33, 1
5710, 22894, 4, 0, 26357, 26360, 3466, 3462, 866.50, 1
5711, 22897, 3, 0, 26361, 26363, 3466, 3463, 1155.33, 1
5712, 22898, 7, 0, 26364, 30102, 7204, 7197, 1029.14, 1
5713, 22902, 3, 0, 26368, 26370, 3468, 3465, 1156.00, 1
5714, 22912, 3, 0, 26375, 26377, 3465, 3462, 1155.00, 1
5715, 22919, 2, 0, 26381, 26382, 3463, 3461, 1731.50, 1
5716, 22925, 6, 0, 26385, 30120, 7195, 7189, 1199.17, 1
5717, 22927, 1, 0, 26389, 26389, 3462, 3461, 3462.00, 1
5718, 22930, 3, 0, 26390, 26392, 3462, 3459, 1154.00, 1
5719, 22932, 3, 0, 26397, 26399, 3467, 3464, 1155.67, 1
5720, 22936, 3, 0, 26402, 26404, 3468, 3465, 1156.00, 1
5721, 22945, 6, 0, 26409, 30140, 7195, 7189, 1199.17, 1
5722, 22946, 22, 0, 26413, 47509, 24563, 24541, 1116.50, 1
5723, 22950, 7, 0, 26418, 30150, 7200, 7193, 1028.57, 1
5724, 22961, 4, 0, 26426, 26429, 3468, 3464, 867.00, 1
5725, 22962, 5, 0, 26430, 30156, 7194, 7189, 1438.80, 1
5726, 22963, 2, 0, 26434, 26435, 3472, 3470, 1736.00, 1
5727, 22969, 4, 0, 26436, 26439, 3470, 3466, 867.50, 1
5728, 22974, 2, 0, 26440, 26441, 3467, 3465, 1733.50, 1
5729, 22981, 7, 0, 26448, 30171, 7190, 7183, 1027.14, 1
5730, 22987, 4, 0, 26452, 26455, 3468, 3464, 867.00, 1
5731, 22990, 9, 0, 26457, 34433, 11443, 11434, 1271.44, 1
5732, 22991, 5, 0, 26461, 30181, 7190, 7185, 1438.00, 1
5733, 22994, 2, 0, 26469, 26470, 3476, 3474, 1738.00, 1
5734, 22995, 1, 0, 26471, 26471, 3476, 3475, 3476.00, 1
5735, 22998, 4, 0, 26474, 26477, 3479, 3475, 869.75, 1
5736, 22999, 2, 0, 26478, 26479, 3480, 3478, 1740.00, 1
5737, 23003, 1, 0, 26484, 26484, 3481, 3480, 3481.00, 1
5738, 23004, 13, 0, 26486, 39314, 16310, 16297, 1254.62, 1
5739, 23011, 5, 0, 26490, 30215, 7204, 7199, 1440.80, 1
5740, 23013, 10, 0, 26498, 34524, 11511, 11501, 1151.10, 1
5741, 23019, 6, 0, 26504, 30247, 7228, 7222, 1204.67, 1
5742, 23021, 9, 0, 26508, 34551, 11530, 11521, 1281.11, 1
5743, 23022, 2, 0, 26512, 26513, 3491, 3489, 1745.50, 1
5744, 23026, 2, 0, 26518, 26519, 3493, 3491, 1746.50, 1
5745, 23030, 13, 0, 26524, 39424, 16394, 16381, 1261.08, 1
5746, 23031, 8, 0, 26528, 30277, 7246, 7238, 905.75, 1
5747, 23036, 3, 0, 26532, 26534, 3498, 3495, 1166.00, 1
5748, 23039, 1, 0, 26536, 26536, 3497, 3496, 3497.00, 1
5749, 23041, 4, 0, 26537, 26540, 3499, 3495, 874.75, 1
5750, 23043, 1, 0, 26545, 26545, 3502, 3501, 3502.00, 1
5751, 23048, 18, 0, 26549, 44952, 21904, 21886, 1216.89, 1
5752, 23058, 1, 0, 26554, 26554, 3496, 3495, 3496.00, 1
5753, 23063, 2, 0, 26558, 26559, 3496, 3494, 1748.00, 1
5754, 23072, 6, 0, 26564, 30325, 7253, 7247, 1208.83, 1
5755, 23079, 9, 0, 26568, 34640, 11561, 11552, 1284.56, 1
5756, 23083, 2, 0, 26576, 26577, 3494, 3492, 1747.00, 1
5757, 23084, 7, 0, 26578, 30352, 7268, 7261, 1038.29, 1
5758, 23088, 12, 0, 26582, 34664, 11576, 11564, 964.67, 1
5759, 23090, 1, 0, 26586, 26586, 3496, 3495, 3496.00, 1
5760, 23093, 6, 0, 26587, 30364, 7271, 7265, 1211.83, 1
5761, 23096, 14, 0, 26591, 39554, 16458, 16444, 1175.57, 1
5762, 23097, 6, 0, 26595, 30374, 7277, 7271, 1212.83, 1
5763, 23102, 2, 0, 26603, 26604, 3502, 3500, 1751.00, 1
5764, 23112, 1, 0, 26607, 26607, 3495, 3494, 3495.00, 1
5765, 23118, 13, 0, 26612, 39595, 16477, 16464, 1267.46, 1
5766, 23122, 6, 0, 26620, 30408, 7286, 7280, 1214.33, 1
5767, 23131, 7, 0, 26632, 30433, 7302, 7295, 1043.14, 1
5768, 23135, 4, 0, 26638, 26641, 3506, 3502, 876.50, 1
5769, 23141, 1, 0, 26643, 26643, 3502, 3501, 3502.00, 1
5770, 23142, 5, 0, 26644, 30444, 7302, 7297, 1460.40, 1
5771, 23148, 1, 0, 26655, 26655, 3507, 3506, 3507.00, 1
5772, 23151, 6, 0, 26656, 30460, 7309, 7303, 1218.17, 1
5773, 23157, 6, 0, 26664, 30465, 7308, 7302, 1218.00, 1
5774, 23160, 1, 0, 26670, 26670, 3510, 3509, 3510.00, 1
5775, 23163, 8, 0, 26673, 30479, 7316, 7308, 914.50, 1
5776, 23164, 8, 0, 26677, 30483, 7319, 7311, 914.88, 1
5777, 23175, 5, 0, 26685, 30493, 7318, 7313, 1463.60, 1
5778, 23176, 2, 0, 26689, 26690, 3514, 3512, 1757.00, 1
5779, 23186, 13, 0, 26695, 39695, 16509, 16496, 1269.92, 1
5780, 23192, 1, 0, 26699, 26699, 3507, 3506, 3507.00, 1
5781, 23194, 7, 0, 26700, 30511, 7317, 7310, 1045.29, 1
5782, 23200, 2, 0, 26708, 26709, 3509, 3507, 1754.50, 1
5783, 23201, 3, 0, 26710, 26712, 3511, 3508, 1170.33, 1
5784, 23209, 3, 0, 26717, 26719, 3510, 3507, 1170.00, 1
5785, 23211, 2, 0, 26721, 26722, 3511, 3509, 1755.50, 1
5786, 23213, 3, 0, 26723, 26725, 3512, 3509, 1170.67, 1
5787, 23214, 2, 0, 26726, 26727, 3513, 3511, 1756.50, 1
5788, 23219, 7, 0, 26736, 30554, 7335, 7328, 1047.86, 1
5789, 23220, 16, 0, 26740, 39773, 16553, 16537, 1034.56, 1
5790, 23221, 2, 0, 26744, 26745, 3524, 3522, 1762.00, 1
5791, 23224, 11, 0, 26746, 34879, 11655, 11644, 1059.55, 1
5792, 23229, 2, 0, 26750, 26751, 3522, 3520, 1761.00, 1
5793, 23233, 1, 0, 26752, 26752, 3519, 3518, 3519.00, 1
5794, 23235, 6, 0, 26753, 30577, 7342, 7336, 1223.67, 1
5795, 23236, 7, 0, 26757, 30584, 7348, 7341, 1049.71, 1
5796, 23239, 9, 0, 26761, 34906, 11667, 11658, 1296.33, 1
5797, 23248, 1, 0, 26766, 26766, 3518, 3517, 3518.00, 1
5798, 23249, 3, 0, 26767, 26769, 3520, 3517, 1173.33, 1
5799, 23250, 14, 0, 26772, 39830, 16580, 16566, 1184.29, 1
5800, 23252, 7, 0, 26776, 30604, 7352, 7345, 1050.29, 1
5801, 23254, 6, 0, 26784, 30614, 7360, 7354, 1226.67, 1
5802, 23259, 6, 0, 26792, 30624, 7365, 7359, 1227.50, 1
5803, 23268, 5, 0, 26798, 30631, 7363, 7358, 1472.60, 1
5804, 23272, 2, 0, 26802, 26803, 3531, 3529, 1765.50, 1
5805, 23273, 6, 0, 26804, 30636, 7363, 7357, 1227.17, 1
5806, 23275, 2, 0, 26808, 26809, 3534, 3532, 1767.00, 1
5807, 23280, 4, 0, 26814, 26817, 3537, 3533, 884.25, 1
5808, 23281, 5, 0, 26818, 30653, 7372, 7367, 1474.40, 1
5809, 23284, 7, 0, 26823, 30659, 7375, 7368, 1053.57, 1
5810, 23291, 3, 0, 26828, 26830, 3539, 3536, 1179.67, 1
5811, 23294, 3, 0, 26835, 26837, 3543, 3540, 1181.00, 1
5812, 23297, 3, 0, 26838, 26840, 3543, 3540, 1181.00, 1
5813, 23299, 17, 0, 26841, 45402, 22103, 22086, 1300.18, 1
5814, 23300, 2, 0, 26845, 26846, 3546, 3544, 1773.00, 1
5815, 23303, 1, 0, 26850, 26850, 3547, 3546, 3547.00, 1
5816, 23306, 6, 0, 26851, 30684, 7378, 7372, 1229.67, 1
5817, 23307, 2, 0, 26855, 26856, 3549, 3547, 1774.50, 1
5818, 23316, 11, 0, 26859, 35012, 11696, 11685, 1063.27, 1
5819, 23322, 2, 0, 26863, 26864, 3542, 3540, 1771.00, 1
5820, 23325, 2, 0, 26865, 26866, 3541, 3539, 1770.50, 1
5821, 23328, 5, 0, 26867, 30697, 7369, 7364, 1473.80, 1
5822, 23330, 2, 0, 26871, 26872, 3542, 3540, 1771.00, 1
5823, 23335, 1, 0, 26874, 26874, 3539, 3538, 3539.00, 1
5824, 23339, 13, 0, 26877, 39966, 16627, 16614, 1279.00, 1
5825, 23340, 6, 0, 26881, 30710, 7370, 7364, 1228.33, 1
5826, 23348, 2, 0, 26889, 26890, 3542, 3540, 1771.00, 1
5827, 23351, 5, 0, 26895, 30721, 7370, 7365, 1474.00, 1
5828, 23352, 6, 0, 26899, 30723, 7371, 7365, 1228.50, 1
5829, 23366, 5, 0, 26907, 30730, 7364, 7359, 1472.80, 1
5830, 23368, 4, 0, 26912, 26915, 3547, 3543, 886.75, 1
5831, 23384, 2, 0, 26924, 26925, 3541, 3539, 1770.50, 1
5832, 23390, 6, 0, 26930, 30754, 7364, 7358, 1227.33, 1
5833, 23398, 11, 0, 26936, 35104, 11706, 11695, 1064.18, 1
5834, 23403, 6, 0, 26945, 30770, 7367, 7361, 1227.83, 1
5835, 23405, 3, 0, 26949, 26951, 3546, 3543, 1182.00, 1
5836, 23409, 1, 0, 26956, 26956, 3547, 3546, 3547.00, 1
5837, 23411, 2, 0, 26957, 26958, 3547, 3545, 1773.50, 1
5838, 23415, 1, 0, 26960, 26960, 3545, 3544, 3545.00, 1
5839, 23416, 3, 0, 26961, 26963, 3547, 3544, 1182.33, 1
5840, 23419, 5, 0, 26966, 30797, 7378, 7373, 1475.60, 1
5841, 23423, 8, 0, 26974, 30807, 7384, 7376, 923.00, 1
5842, 23436, 3, 0, 26990, 26992, 3556, 3553, 1185.33, 1
5843, 23439, 6, 0, 26993, 30830, 7391, 7385, 1231.83, 1
5844, 23440, 2, 0, 26997, 26998, 3558, 3556, 1779.00, 1
5845, 23445, 12, 0, 27003, 35213, 11768, 11756, 980.67, 1
5846, 23450, 1, 0, 27007, 27007, 3557, 3556, 3557.00, 1
5847, 23462, 8, 0, 27015, 30857, 7395, 7387, 924.38, 1
5848, 23464, 3, 0, 27019, 27021, 3557, 3554, 1185.67, 1
5849, 23466, 2, 0, 27022, 27023, 3557, 3555, 1778.50, 1
5850, 23471, 9, 0, 27026, 35232, 11761, 11752, 1306.78, 1
5851, 23475, 2, 0, 27030, 27031, 3556, 3554, 1778.00, 1
5852, 23476, 1, 0, 27032, 27032, 3556, 3555, 3556.00, 1
5853, 23482, 11, 0, 27033, 35237, 11755, 11744, 1068.64, 1
5854, 23483, 14, 0, 27041, 40237, 16754, 16740, 1196.71, 1
5855, 23485, 6, 0, 27045, 30892, 7407, 7401, 1234.50, 1
5856, 23490, 10, 0, 27053, 35270, 11780, 11770, 1178.00, 1
5857, 23492, 5, 0, 27057, 30909, 7417, 7412, 1483.40, 1
5858, 23495, 2, 0, 27065, 27066, 3571, 3569, 1785.50, 1
5859, 23499, 4, 0, 27067, 27070, 3571, 3567, 892.75, 1
5860, 23502, 1, 0, 27071, 27071, 3569, 3568, 3569.00, 1
5861, 23503, 5, 0, 27073, 30919, 7416, 7411, 1483.20, 1
5862, 23506, 2, 0, 27077, 27078, 3572, 3570, 1786.00, 1
5863, 23509, 4, 0, 27083, 27086, 3577, 3573, 894.25, 1
5864, 23510, 2, 0, 27087, 27088, 3578, 3576, 1789.00, 1
5865, 23513, 4, 0, 27089, 27092, 3579, 3575, 894.75, 1
5866, 23519, 1, 0, 27095, 27095, 3576, 3575, 3576.00, 1
5867, 23521, 18, 0, 27096, 45748, 22227, 22209, 1234.83, 1
5868, 23523, 11, 0, 27100, 35315, 11792, 11781, 1072.00, 1
5869, 23524, 5, 0, 27104, 30963, 7439, 7434, 1487.80, 1
5870, 23526, 3, 0, 27108, 27110, 3584, 3581, 1194.67, 1
5871, 23528, 22, 0, 27111, 47995, 24467, 24445, 1112.14, 1
5872, 23529, 4, 0, 27115, 27118, 3589, 3585, 897.25, 1
5873, 23530, 10, 0, 27119, 35344, 11814, 11804, 1181.40, 1
5874, 23533, 3, 0, 27123, 27125, 3592, 3589, 1197.33, 1
5875, 23539, 2, 0, 27132, 27133, 3594, 3592, 1797.00, 1
5876, 23544, 5, 0, 27134, 30988, 7444, 7439, 1488.80, 1
5877, 23549, 9, 0, 27138, 35368, 11819, 11810, 1313.22, 1
5878, 23557, 4, 0, 27144, 27147, 3590, 3586, 897.50, 1
5879, 23566, 14, 0, 27148, 40350, 16784, 16770, 1198.86, 1
5880, 23573, 2, 0, 27158, 27159, 3586, 3584, 1793.00, 1
5881, 23574, 8, 0, 27160, 31017, 7443, 7435, 930.38, 1
5882, 23575, 3, 0, 27164, 27166, 3591, 3588, 1197.00, 1
5883, 23582, 10, 0, 27167, 35395, 11813, 11803, 1181.30, 1
5884, 23594, 1, 0, 27179, 27179, 3585, 3584, 3585.00, 1
5885, 23595, 1, 0, 27180, 27180, 3585, 3584, 3585.00, 1
5886, 23597, 8, 0, 27181, 31048, 7451, 7443, 931.38, 1
5887, 23598, 6, 0, 27185, 31053, 7455, 7449, 1242.50, 1
5888, 23601, 1, 0, 27189, 27189, 3588, 3587, 3588.00, 1
5889, 23605, 1, 0, 27191, 27191, 3586, 3585, 3586.00, 1
5890, 23608, 4, 0, 27192, 27195, 3587, 3583, 896.75, 1
5891, 23615, 8, 0, 27201, 31080, 7465, 7457, 933.12, 1
5892, 23617, 1, 0, 27207, 27207, 3590, 3589, 3590.00, 1
5893, 23620, 2, 0, 27208, 27209, 3589, 3587, 1794.50, 1
5894, 23621, 1, 0, 27214, 27214, 3593, 3592, 3593.00, 1
5895, 23624, 1, 0, 27215, 27215, 3591, 3590, 3591.00, 1
5896, 23625, 1, 0, 27216, 27216, 3591, 3590, 3591.00, 1
5897, 23627, 1, 0, 27217, 27217, 3590, 3589, 3590.00, 1
5898, 23631, 9, 0, 27218, 35448, 11817, 11808, 1313.00, 1
5899, 23638, 2, 0, 27222, 27223, 3585, 3583, 1792.50, 1
5900, 23643, 6, 0, 27225, 31120, 7477, 7471, 1246.17, 1
5901, 23647, 2, 0, 27230, 27231, 3584, 3582, 1792.00, 1
5902, 23653, 3, 0, 27232, 27234, 3581, 3578, 1193.67, 1
5903, 23662, 8, 0, 27239, 31142, 7480, 7472, 935.00, 1
5904, 23663, 5, 0, 27243, 31149, 7486, 7481, 1497.20, 1
5905, 23666, 3, 0, 27248, 27250, 3584, 3581, 1194.67, 1
5906, 23671, 11, 0, 27251, 35525, 11854, 11843, 1077.64, 1
5907, 23672, 1, 0, 27255, 27255, 3583, 3582, 3583.00, 1
5908, 23676, 1, 0, 27257, 27257, 3581, 3580, 3581.00, 1
5909, 23678, 1, 0, 27258, 27258, 3580, 3579, 3580.00, 1
5910, 23693, 8, 0, 27274, 31183, 7490, 7482, 936.25, 1
5911, 23694, 7, 0, 27278, 31190, 7496, 7489, 1070.86, 1
5912, 23696, 6, 0, 27284, 31193, 7497, 7491, 1249.50, 1
5913, 23702, 1, 0, 27291, 27291, 3589, 3588, 3589.00, 1
5914, 23706, 4, 0, 27292, 27295, 3589, 3585, 897.25, 1
5915, 23709, 1, 0, 27298, 27298, 3589, 3588, 3589.00, 1
5916, 23712, 7, 0, 27302, 31205, 7493, 7486, 1070.43, 1
5917, 23713, 7, 0, 27306, 31210, 7497, 7490, 1071.00, 1
5918, 23720, 3, 0, 27311, 27313, 3593, 3590, 1197.67, 1
5919, 23724, 6, 0, 27317, 31215, 7491, 7485, 1248.50, 1
5920, 23728, 2, 0, 27325, 27326, 3598, 3596, 1799.00, 1
5921, 23732, 2, 0, 27327, 27328, 3596, 3594, 1798.00, 1
5922, 23738, 1, 0, 27332, 27332, 3594, 3593, 3594.00, 1
5923, 23739, 2, 0, 27333, 27334, 3595, 3593, 1797.50, 1
5924, 23740, 5, 0, 27335, 31235, 7495, 7490, 1499.00, 1
5925, 23741, 13, 0, 27339, 40665, 16924, 16911, 1301.85, 1
5926, 23751, 1, 0, 27351, 27351, 3600, 3599, 3600.00, 1
5927, 23761, 1, 0, 27358, 27358, 3597, 3596, 3597.00, 1
5928, 23762, 1, 0, 27359, 27359, 3597, 3596, 3597.00, 1
5929, 23766, 4, 0, 27360, 27363, 3597, 3593, 899.25, 1
5930, 23774, 12, 0, 27367, 35661, 11887, 11875, 990.58, 1
5931, 23781, 12, 0, 27375, 35670, 11889, 11877, 990.75, 1
5932, 23782, 3, 0, 27379, 27381, 3599, 3596, 1199.67, 1
5933, 23785, 6, 0, 27383, 31299, 7514, 7508, 1252.33, 1
5934, 23788, 2, 0, 27387, 27388, 3600, 3598, 1800.00, 1
5935, 23794, 1, 0, 27391, 27391, 3597, 3596, 3597.00, 1
5936, 23796, 4, 0, 27396, 27399, 3603, 3599, 900.75, 1
5937, 23800, 7, 0, 27400, 31316, 7516, 7509, 1073.71, 1
5938, 23803, 5, 0, 27406, 31319, 7516, 7511, 1503.20, 1
5939, 23813, 3, 0, 27418, 27420, 3607, 3604, 1202.33, 1
5940, 23815, 2, 0, 27421, 27422, 3607, 3605, 1803.50, 1
5941, 23817, 5, 0, 27426, 31351, 7534, 7529, 1506.80, 1
5942, 23819, 2, 0, 27430, 27431, 3612, 3610, 1806.00, 1
5943, 23832, 1, 0, 27432, 27432, 3600, 3599, 3600.00, 1
5944, 23834, 2, 0, 27435, 27436, 3602, 3600, 1801.00, 1
5945, 23835, 7, 0, 27437, 31368, 7533, 7526, 1076.14, 1
5946, 23838, 11, 0, 27441, 35793, 11955, 11944, 1086.82, 1
5947, 23839, 1, 0, 27445, 27445, 3606, 3605, 3606.00, 1
5948, 23840, 2, 0, 27446, 27447, 3607, 3605, 1803.50, 1
5949, 23841, 14, 0, 27448, 40844, 17003, 16989, 1214.50, 1
5950, 23842, 3, 0, 27452, 27454, 3612, 3609, 1204.00, 1
5951, 23845, 4, 0, 27455, 27458, 3613, 3609, 903.25, 1
5952, 23846, 7, 0, 27459, 31389, 7543, 7536, 1077.57, 1
5953, 23851, 2, 0, 27467, 27468, 3617, 3615, 1808.50, 1
5954, 23858, 20, 0, 27471, 45953, 22095, 22075, 1104.75, 1
5955, 23867, 2, 0, 27482, 27483, 3616, 3614, 1808.00, 1
5956, 23868, 1, 0, 27484, 27484, 3616, 3615, 3616.00, 1
5957, 23877, 4, 0, 27488, 27491, 3614, 3610, 903.50, 1
5958, 23878, 3, 0, 27492, 27494, 3616, 3613, 1205.33, 1
5959, 23881, 3, 0, 27499, 27501, 3620, 3617, 1206.67, 1
5960, 23891, 1, 0, 27510, 27510, 3619, 3618, 3619.00, 1
5961, 23893, 4, 0, 27511, 27514, 3621, 3617, 905.25, 1
5962, 23894, 9, 0, 27517, 35890, 11996, 11987, 1332.89, 1
5963, 23896, 4, 0, 27521, 27524, 3628, 3624, 907.00, 1
5964, 23898, 2, 0, 27525, 27526, 3628, 3626, 1814.00, 1
5965, 23899, 6, 0, 27527, 31446, 7547, 7541, 1257.83, 1
5966, 23904, 4, 0, 27531, 27534, 3630, 3626, 907.50, 1
5967, 23910, 4, 0, 27535, 27538, 3628, 3624, 907.00, 1
5968, 23913, 1, 0, 27539, 27539, 3626, 3625, 3626.00, 1
5969, 23922, 9, 0, 27544, 35908, 11986, 11977, 1331.78, 1
5970, 23934, 1, 0, 27552, 27552, 3618, 3617, 3618.00, 1
5971, 23945, 10, 0, 27560, 35928, 11983, 11973, 1198.30, 1
5972, 23946, 1, 0, 27564, 27564, 3618, 3617, 3618.00, 1
5973, 23947, 6, 0, 27565, 31487, 7540, 7534, 1256.67, 1
5974, 23951, 3, 0, 27569, 27571, 3620, 3617, 1206.67, 1
5975, 23953, 6, 0, 27572, 31490, 7537, 7531, 1256.17, 1
5976, 23954, 6, 0, 27576, 31492, 7538, 7532, 1256.33, 1
5977, 23957, 3, 0, 27584, 27586, 3629, 3626, 1209.67, 1
5978, 23965, 3, 0, 27591, 27593, 3628, 3625, 1209.33, 1
5979, 23967, 2, 0, 27594, 27595, 3628, 3626, 1814.00, 1
5980, 23968, 1, 0, 27596, 27596, 3628, 3627, 3628.00, 1
5981, 23971, 13, 0, 27597, 41011, 17040, 17027, 1310.77, 1
5982, 23973, 3, 0, 27601, 27603, 3630, 3627, 1210.00, 1
5983, 23978, 1, 0, 27608, 27608, 3630, 3629, 3630.00, 1
5984, 23981, 4, 0, 27609, 27612, 3631, 3627, 907.75, 1
5985, 23993, 5, 0, 27619, 31526, 7533, 7528, 1506.60, 1
5986, 24001, 2, 0, 27626, 27627, 3626, 3624, 1813.00, 1
5987, 24002, 5, 0, 27628, 31533, 7531, 7526, 1506.20, 1
5988, 24003, 9, 0, 27632, 35992, 11989, 11980, 1332.11, 1
5989, 24005, 6, 0, 27640, 31553, 7548, 7542, 1258.00, 1
5990, 24008, 3, 0, 27644, 27646, 3638, 3635, 1212.67, 1
5991, 24016, 3, 0, 27650, 27652, 3636, 3633, 1212.00, 1
5992, 24017, 2, 0, 27657, 27658, 3641, 3639, 1820.50, 1
5993, 24025, 5, 0, 27663, 31574, 7549, 7544, 1509.80, 1
5994, 24034, 2, 0, 27667, 27668, 3634, 3632, 1817.00, 1
5995, 24036, 5, 0, 27669, 31583, 7547, 7542, 1509.40, 1
5996, 24039, 2, 0, 27673, 27674, 3635, 3633, 1817.50, 1
5997, 24041, 4, 0, 27675, 27678, 3637, 3633, 909.25, 1
5998, 24042, 3, 0, 27679, 27681, 3639, 3636, 1213.00, 1
5999, 24046, 4, 0, 27682, 27685, 3639, 3635, 909.75, 1
6000, 24055, 14, 0, 27686, 41157, 17102, 17088, 1221.57, 1
6001, 24058, 3, 0, 27694, 27696, 3638, 3635, 1212.67, 1
6002, 24063, 11, 0, 27701, 36089, 12026, 12015, 1093.27, 1
6003, 24065, 3, 0, 27705, 27707, 3642, 3639, 1214.00, 1
6004, 24069, 8, 0, 27709, 31626, 7557, 7549, 944.62, 1
6005, 24080, 2, 0, 27715, 27716, 3636, 3634, 1818.00, 1
6006, 24082, 12, 0, 27718, 36117, 12035, 12023, 1002.92, 1
6007, 24088, 2, 0, 27726, 27727, 3639, 3637, 1819.50, 1
6008, 24090, 4, 0, 27728, 27731, 3641, 3637, 910.25, 1
6009, 24100, 5, 0, 27734, 31643, 7543, 7538, 1508.60, 1
6010, 24101, 1, 0, 27738, 27738, 3637, 3636, 3637.00, 1
6011, 24109, 2, 0, 27739, 27740, 3631, 3629, 1815.50, 1
6012, 24111, 1, 0, 27745, 27745, 3634, 3633, 3634.00, 1
6013, 24115, 2, 0, 27746, 27747, 3632, 3630, 1816.00, 1
6014, 24116, 1, 0, 27748, 27748, 3632, 3631, 3632.00, 1
6015, 24122, 3, 0, 27750, 27752, 3630, 3627, 1210.00, 1
6016, 24124, 3, 0, 27757, 27759, 3635, 3632, 1211.67, 1
6017, 24127, 3, 0, 27760, 27762, 3635, 3632, 1211.67, 1
6018, 24134, 1, 0, 27765, 27765, 3631, 3630, 3631.00, 1
6019, 24140, 3, 0, 27769, 27771, 3631, 3628, 1210.33, 1
6020, 24147, 3, 0, 27772, 27774, 3627, 3624, 1209.00, 1
6021, 24155, 6, 0, 27775, 31678, 7523, 7517, 1253.83, 1
6022, 24164, 8, 0, 27783, 31694, 7530, 7522, 941.25, 1
6023, 24172, 4, 0, 27791, 27794, 3622, 3618, 905.50, 1
6024, 24179, 4, 0, 27800, 27803, 3624, 3620, 906.00, 1
6025, 24185, 2, 0, 27804, 27805, 3620, 3618, 1810.00, 1
6026, 24188, 6, 0, 27806, 31724, 7536, 7530, 1256.00, 1
6027, 24197, 6, 0, 27813, 31740, 7543, 7537, 1257.17, 1
6028, 24199, 8, 0, 27817, 31745, 7546, 7538, 943.25, 1
6029, 24211, 1, 0, 27826, 27826, 3615, 3614, 3615.00, 1
6030, 24216, 2, 0, 27828, 27829, 3613, 3611, 1806.50, 1
6031, 24221, 1, 0, 27831, 27831, 3610, 3609, 3610.00, 1
6032, 24225, 5, 0, 27832, 31762, 7537, 7532, 1507.40, 1
6033, 24230, 6, 0, 27841, 31773, 7543, 7537, 1257.17, 1
6034, 24237, 4, 0, 27849, 27852, 3615, 3611, 903.75, 1
6035, 24242, 5, 0, 27857, 31794, 7552, 7547, 1510.40, 1
6036, 24244, 13, 0, 27861, 41423, 17179, 17166, 1321.46, 1
6037, 24246, 1, 0, 27865, 27865, 3619, 3618, 3619.00, 1
6038, 24247, 2, 0, 27866, 27867, 3620, 3618, 1810.00, 1
6039, 24249, 2, 0, 27868, 27869, 3620, 3618, 1810.00, 1
6040, 24255, 11, 0, 27875, 36295, 12040, 12029, 1094.55, 1
6041, 24258, 2, 0, 27879, 27880, 3622, 3620, 1811.00, 1
6042, 24265, 4, 0, 27885, 27888, 3623, 3619, 905.75, 1
6043, 24266, 3, 0, 27889, 27891, 3625, 3622, 1208.33, 1
6044, 24267, 1, 0, 27892, 27892, 3625, 3624, 3625.00, 1
6045, 24273, 1, 0, 27894, 27894, 3621, 3620, 3621.00, 1
6046, 24277, 4, 0, 27895, 27898, 3621, 3617, 905.25, 1
6047, 24284, 1, 0, 27901, 27901, 3617, 3616, 3617.00, 1
6048, 24285, 2, 0, 27902, 27903, 3618, 3616, 1809.00, 1
6049, 24287, 9, 0, 27908, 36325, 12038, 12029, 1337.56, 1
6050, 24301, 1, 0, 27916, 27916, 3615, 3614, 3615.00, 1
6051, 24303, 4, 0, 27917, 27920, 3617, 3613, 904.25, 1
6052, 24305, 3, 0, 27921, 27923, 3618, 3615, 1206.00, 1
6053, 24311, 3, 0, 27931, 27933, 3622, 3619, 1207.33, 1
6054, 24322, 3, 0, 27938, 27940, 3618, 3615, 1206.00, 1
6055, 24325, 6, 0, 27941, 31867, 7542, 7536, 1257.00, 1
6056, 24332, 1, 0, 27953, 27953, 3621, 3620, 3621.00, 1
6057, 24342, 5, 0, 27959, 31895, 7553, 7548, 1510.60, 1
6058, 24344, 2, 0, 27967, 27968, 3624, 3622, 1812.00, 1
6059, 24345, 2, 0, 27969, 27970, 3625, 3623, 1812.50, 1
6060, 24353, 3, 0, 27975, 27977, 3624, 3621, 1208.00, 1
6061, 24356, 1, 0, 27978, 27978, 3622, 3621, 3622.00, 1
6062, 24357, 1, 0, 27979, 27979, 3622, 3621, 3622.00, 1
6063, 24366, 3, 0, 27982, 27984, 3618, 3615, 1206.00, 1
6064, 24367, 9, 0, 27985, 36413, 12046, 12037, 1338.44, 1
6065, 24370, 2, 0, 27989, 27990, 3620, 3618, 1810.00, 1
6066, 24374, 1, 0, 27991, 27991, 3617, 3616, 3617.00, 1
6067, 24375, 7, 0, 27992, 31931, 7556, 7549, 1079.43, 1
6068, 24378, 2, 0, 27997, 27998, 3620, 3618, 1810.00, 1
6069, 24379, 5, 0, 27999, 31939, 7560, 7555, 1512.00, 1
6070, 24386, 1, 0, 28003, 28003, 3617, 3616, 3617.00, 1
6071, 24388, 1, 0, 28004, 28004, 3616, 3615, 3616.00, 1
6072, 24391, 3, 0, 28007, 28009, 3618, 3615, 1206.00, 1
6073, 24394, 5, 0, 28014, 31951, 7557, 7552, 1511.40, 1
6074, 24396, 3, 0, 28018, 28020, 3624, 3621, 1208.00, 1
6075, 24400, 1, 0, 28021, 28021, 3621, 3620, 3621.00, 1
6076, 24402, 8, 0, 28022, 31967, 7565, 7557, 945.62, 1
6077, 24406, 6, 0, 28026, 31973, 7567, 7561, 1261.17, 1
6078, 24412, 1, 0, 28030, 28030, 3618, 3617, 3618.00, 1
6079, 24413, 7, 0, 28031, 31981, 7568, 7561, 1081.14, 1
6080, 24416, 4, 0, 28035, 28038, 3622, 3618, 905.50, 1
6081, 24418, 3, 0, 28039, 28041, 3623, 3620, 1207.67, 1
6082, 24419, 18, 0, 28042, 46272, 21853, 21835, 1214.06, 1
6083, 24425, 6, 0, 28048, 31989, 7564, 7558, 1260.67, 1
6084, 24428, 1, 0, 28056, 28056, 3628, 3627, 3628.00, 1
6085, 24429, 3, 0, 28057, 28059, 3630, 3627, 1210.00, 1
6086, 24430, 1, 0, 28060, 28060, 3630, 3629, 3630.00, 1
6087, 24434, 3, 0, 28063, 28065, 3631, 3628, 1210.33, 1
6088, 24441, 1, 0, 28070, 28070, 3629, 3628, 3629.00, 1
6089, 24443, 1, 0, 28071, 28071, 3628, 3627, 3628.00, 1
6090, 24457, 2, 0, 28076, 28077, 3620, 3618, 1810.00, 1
6091, 24460, 3, 0, 28082, 28084, 3624, 3621, 1208.00, 1
6092, 24464, 5, 0, 28085, 32014, 7550, 7545, 1510.00, 1
6093, 24465, 7, 0, 28089, 32017, 7552, 7545, 1078.86, 1
6094, 24466, 2, 0, 28093, 28094, 3628, 3626, 1814.00, 1
6095, 24468, 2, 0, 28098, 28099, 3631, 3629, 1815.50, 1
6096, 24473, 13, 0, 28102, 41690, 17217, 17204, 1324.38, 1
6097, 24481, 10, 0, 28107, 36543, 12062, 12052, 1206.20, 1
6098, 24483, 2, 0, 28111, 28112, 3629, 3627, 1814.50, 1
6099, 24492, 2, 0, 28113, 28114, 3622, 3620, 1811.00, 1
6100, 24499, 2, 0, 28119, 28120, 3621, 3619, 1810.50, 1
6101, 24502, 2, 0, 28121, 28122, 3620, 3618, 1810.00, 1
6102, 24506, 6, 0, 28126, 32063, 7557, 7551, 1259.50, 1
6103, 24509, 1, 0, 28130, 28130, 3621, 3620, 3621.00, 1
6104, 24519, 12, 0, 28135, 36593, 12074, 12062, 1006.17, 1
6105, 24522, 12, 0, 28143, 36615, 12093, 12081, 1007.75, 1
6106, 24525, 1, 0, 28147, 28147, 3622, 3621, 3622.00, 1
6107, 24527, 7, 0, 28148, 32098, 7571, 7564, 1081.57, 1
6108, 24543, 2, 0, 28156, 28157, 3614, 3612, 1807.00, 1
6109, 24544, 1, 0, 28162, 28162, 3618, 3617, 3618.00, 1
6110, 24545, 1, 0, 28163, 28163, 3618, 3617, 3618.00, 1
6111, 24546, 3, 0, 28164, 28166, 3620, 3617, 1206.67, 1
6112, 24548, 6, 0, 28167, 32112, 7564, 7558, 1260.67, 1
6113, 24550, 7, 0, 28171, 32119, 7569, 7562, 1081.29, 1
6114, 24554, 3, 0, 28175, 28177, 3623, 3620, 1207.67, 1
6115, 24558, 10, 0, 28178, 36657, 12099, 12089, 1209.90, 1
6116, 24566, 6, 0, 28182, 32139, 7573, 7567, 1262.17, 1
6117, 24568, 1, 0, 28186, 28186, 3618, 3617, 3618.00, 1
6118, 24575, 11, 0, 28187, 36676, 12101, 12090, 1100.09, 1
6119, 24577, 1, 0, 28195, 28195, 3618, 3617, 3618.00, 1
6120, 24578, 1, 0, 28196, 28196, 3618, 3617, 3618.00, 1
6121, 24580, 2, 0, 28197, 28198, 3618, 3616, 1809.00, 1
6122, 24581, 2, 0, 28199, 28200, 3619, 3617, 1809.50, 1
6123, 24587, 11, 0, 28201, 36684, 12097, 12086, 1099.73, 1
6124, 24594, 5, 0, 28206, 32158, 7564, 7559, 1512.80, 1
6125, 24595, 2, 0, 28210, 28211, 3616, 3614, 1808.00, 1
6126, 24604, 11, 0, 28212, 36699, 12095, 12084, 1099.55, 1
6127, 24612, 1, 0, 28220, 28220, 3608, 3607, 3608.00, 1
6128, 24614, 4, 0, 28225, 28228, 3614, 3610, 903.50, 1
6129, 24616, 4, 0, 28229, 28232, 3616, 3612, 904.00, 1
6130, 24617, 1, 0, 28233, 28233, 3616, 3615, 3616.00, 1
6131, 24621, 6, 0, 28234, 32185, 7564, 7558, 1260.67, 1
6132, 24624, 5, 0, 28238, 32186, 7562, 7557, 1512.40, 1
6133, 24640, 13, 0, 28247, 41921, 17281, 17268, 1329.31, 1
6134, 24646, 12, 0, 28255, 36745, 12099, 12087, 1008.25, 1
6135, 24648, 2, 0, 28259, 28260, 3612, 3610, 1806.00, 1
6136, 24650, 3, 0, 28265, 28267, 3617, 3614, 1205.67, 1
6137, 24652, 9, 0, 28268, 36761, 12109, 12100, 1345.44, 1
6138, 24653, 6, 0, 28272, 32238, 7585, 7579, 1264.17, 1
6139, 24666, 3, 0, 28287, 28289, 3623, 3620, 1207.67, 1
6140, 24668, 4, 0, 28290, 28293, 3625, 3621, 906.25, 1
6141, 24674, 7, 0, 28295, 32260, 7586, 7579, 1083.71, 1
6142, 24676, 13, 0, 28299, 42012, 17336, 17323, 1333.54, 1
6143, 24680, 21, 0, 28307, 48255, 23575, 23554, 1122.62, 1
6144, 24681, 4, 0, 28311, 28314, 3633, 3629, 908.25, 1
6145, 24685, 2, 0, 28315, 28316, 3631, 3629, 1815.50, 1
6146, 24687, 9, 0, 28317, 36870, 12183, 12174, 1353.67, 1
6147, 24688, 16, 0, 28321, 42076, 17388, 17372, 1086.75, 1
6148, 24700, 1, 0, 28330, 28330, 3630, 3629, 3630.00, 1
6149, 24708, 5, 0, 28335, 32310, 7602, 7597, 1520.40, 1
6150, 24709, 2, 0, 28339, 28340, 3631, 3629, 1815.50, 1
6151, 24721, 7, 0, 28349, 32326, 7605, 7598, 1086.43, 1
6152, 24730, 2, 0, 28358, 28359, 3629, 3627, 1814.50, 1
6153, 24732, 2, 0, 28360, 28361, 3629, 3627, 1814.50, 1
6154, 24733, 4, 0, 28362, 28365, 3632, 3628, 908.00, 1
6155, 24738, 4, 0, 28370, 28373, 3635, 3631, 908.75, 1
6156, 24743, 5, 0, 28374, 32362, 7619, 7614, 1523.80, 1
6157, 24744, 6, 0, 28378, 32366, 7622, 7616, 1270.33, 1
6158, 24749, 5, 0, 28382, 32375, 7626, 7621, 1525.20, 1
6159, 24754, 1, 0, 28386, 28386, 3632, 3631, 3632.00, 1
6160, 24757, 5, 0, 28391, 32382, 7625, 7620, 1525.00, 1
6161, 24762, 7, 0, 28399, 32389, 7627, 7620, 1089.57, 1
6162, 24763, 29, 0, 28403, 49306, 24543, 24514, 846.31, 1
6163, 24765, 2, 0, 28408, 28409, 3644, 3642, 1822.00, 1
6164, 24770, 4, 0, 28410, 28413, 3643, 3639, 910.75, 1
6165, 24779, 1, 0, 28417, 28417, 3638, 3637, 3638.00, 1
6166, 24788, 1, 0, 28426, 28426, 3638, 3637, 3638.00, 1
6167, 24789, 4, 0, 28427, 28430, 3641, 3637, 910.25, 1
6168, 24792, 3, 0, 28431, 28433, 3641, 3638, 1213.67, 1
6169, 24801, 6, 0, 28438, 32422, 7621, 7615, 1270.17, 1
6170, 24805, 7, 0, 28442, 32429, 7624, 7617, 1089.14, 1
6171, 24818, 9, 0, 28458, 37037, 12219, 12210, 1357.67, 1
6172, 24822, 4, 0, 28462, 28465, 3643, 3639, 910.75, 1
6173, 24825, 8, 0, 28470, 32475, 7650, 7642, 956.25, 1
6174, 24826, 4, 0, 28474, 28477, 3651, 3647, 912.75, 1
6175, 24834, 23, 0, 28482, 48307, 23473, 23450, 1020.57, 1
6176, 24842, 2, 0, 28491, 28492, 3650, 3648, 1825.00, 1
6177, 24855, 5, 0, 28504, 32504, 7649, 7644, 1529.80, 1
6178, 24858, 3, 0, 28508, 28510, 3652, 3649, 1217.33, 1
6179, 24860, 2, 0, 28511, 28512, 3652, 3650, 1826.00, 1
6180, 24862, 5, 0, 28513, 32510, 7648, 7643, 1529.60, 1
6181, 24865, 3, 0, 28517, 28519, 3654, 3651, 1218.00, 1
6182, 24867, 5, 0, 28520, 32521, 7654, 7649, 1530.80, 1
6183, 24874, 8, 0, 28524, 32528, 7654, 7646, 956.75, 1
6184, 24877, 7, 0, 28532, 32543, 7666, 7659, 1095.14, 1
6185, 24879, 3, 0, 28536, 28538, 3659, 3656, 1219.67, 1
6186, 24881, 1, 0, 28539, 28539, 3658, 3657, 3658.00, 1
6187, 24883, 7, 0, 28540, 32546, 7663, 7656, 1094.71, 1
6188, 24884, 1, 0, 28544, 28544, 3660, 3659, 3660.00, 1
6189, 24886, 6, 0, 28546, 32548, 7662, 7656, 1277.00, 1
6190, 24887, 1, 0, 28550, 28550, 3663, 3662, 3663.00, 1
6191, 24888, 5, 0, 28551, 32557, 7669, 7664, 1533.80, 1
6192, 24891, 1, 0, 28555, 28555, 3664, 3663, 3664.00, 1
6193, 24892, 2, 0, 28556, 28557, 3665, 3663, 1832.50, 1
6194, 24897, 1, 0, 28558, 28558, 3661, 3660, 3661.00, 1
6195, 24899, 7, 0, 28563, 32571, 7672, 7665, 1096.00, 1
6196, 24901, 3, 0, 28567, 28569, 3668, 3665, 1222.67, 1
6197, 24908, 3, 0, 28574, 28576, 3668, 3665, 1222.67, 1
6198, 24909, 12, 0, 28577, 37160, 12251, 12239, 1020.92, 1
6199, 24910, 3, 0, 28581, 28583, 3673, 3670, 1224.33, 1
6200, 24911, 1, 0, 28584, 28584, 3673, 3672, 3673.00, 1
6201, 24922, 4, 0, 28593, 28596, 3674, 3670, 918.50, 1
6202, 24923, 9, 0, 28598, 37172, 12249, 12240, 1361.00, 1
6203, 24927, 13, 0, 28604, 42386, 17459, 17446, 1343.00, 1
6204, 24928, 3, 0, 28608, 28610, 3682, 3679, 1227.33, 1
6205, 24929, 2, 0, 28611, 28612, 3683, 3681, 1841.50, 1
6206, 24934, 3, 0, 28613, 28615, 3681, 3678, 1227.00, 1
6207, 24937, 3, 0, 28616, 28618, 3681, 3678, 1227.00, 1
6208, 24945, 6, 0, 28622, 32624, 7679, 7673, 1279.83, 1
6209, 24949, 3, 0, 28626, 28628, 3679, 3676, 1226.33, 1
6210, 24952, 2, 0, 28633, 28634, 3682, 3680, 1841.00, 1
6211, 24955, 1, 0, 28636, 28636, 3681, 3680, 3681.00, 1
6212, 24957, 5, 0, 28637, 32640, 7683, 7678, 1536.60, 1
6213, 24959, 2, 0, 28641, 28642, 3683, 3681, 1841.50, 1
6214, 24960, 3, 0, 28646, 28648, 3688, 3685, 1229.33, 1
6215, 24965, 1, 0, 28649, 28649, 3684, 3683, 3684.00, 1
6216, 24966, 3, 0, 28650, 28652, 3686, 3683, 1228.67, 1
6217, 24968, 1, 0, 28653, 28653, 3685, 3684, 3685.00, 1
6218, 24969, 1, 0, 28654, 28654, 3685, 3684, 3685.00, 1
6219, 24970, 5, 0, 28655, 32657, 7687, 7682, 1537.40, 1
6220, 24976, 4, 0, 28662, 28665, 3689, 3685, 922.25, 1
6221, 24978, 1, 0, 28669, 28669, 3691, 3690, 3691.00, 1
6222, 24984, 1, 0, 28672, 28672, 3688, 3687, 3688.00, 1
6223, 24987, 4, 0, 28674, 28677, 3690, 3686, 922.50, 1
6224, 24989, 8, 0, 28678, 32685, 7696, 7688, 962.00, 1
6225, 24991, 2, 0, 28682, 28683, 3692, 3690, 1846.00, 1
6226, 24994, 1, 0, 28685, 28685, 3691, 3690, 3691.00, 1
6227, 24999, 2, 0, 28689, 28690, 3691, 3689, 1845.50, 1
6228, 25001, 1, 0, 28691, 28691, 3690, 3689, 3690.00, 1
6229, 25009, 3, 0, 28700, 28702, 3693, 3690, 1231.00, 1
6230, 25010, 2, 0, 28703, 28704, 3694, 3692, 1847.00, 1
6231, 25014, 11, 0, 28705, 37292, 12278, 12267, 1116.18, 1
6232, 25017, 2, 0, 28709, 28710, 3693, 3691, 1846.50, 1
6233, 25020, 2, 0, 28711, 28712, 3692, 3690, 1846.00, 1
6234, 25026, 2, 0, 28714, 28715, 3689, 3687, 1844.50, 1
6235, 25037, 6, 0, 28721, 32726, 7689, 7683, 1281.50, 1
6236, 25053, 6, 0, 28727, 32728, 7675, 7669, 1279.17, 1
6237, 25058, 8, 0, 28731, 32736, 7678, 7670, 959.75, 1
6238, 25059, 3, 0, 28735, 28737, 3678, 3675, 1226.00, 1
6239, 25062, 3, 0, 28742, 28744, 3682, 3679, 1227.33, 1
6240, 25065, 11, 0, 28745, 37344, 12279, 12268, 1116.27, 1
6241, 25067, 5, 0, 28749, 32753, 7686, 7681, 1537.20, 1
6242, 25069, 21, 0, 28757, 48354, 23285, 23264, 1108.81, 1
6243, 25070, 1, 0, 28761, 28761, 3691, 3690, 3691.00, 1
6244, 25081, 5, 0, 28762, 32770, 7689, 7684, 1537.80, 1
6245, 25089, 3, 0, 28769, 28771, 3682, 3679, 1227.33, 1
6246, 25090, 2, 0, 28772, 28773, 3683, 3681, 1841.50, 1
6247, 25092, 1, 0, 28777, 28777, 3685, 3684, 3685.00, 1
6248, 25095, 2, 0, 28778, 28779, 3684, 3682, 1842.00, 1
6249, 25099, 22, 0, 28780, 48360, 23261, 23239, 1057.32, 1
6250, 25109, 1, 0, 28784, 28784, 3675, 3674, 3675.00, 1
6251, 25116, 1, 0, 28787, 28787, 3671, 3670, 3671.00, 1
6252, 25120, 12, 0, 28788, 37413, 12293, 12281, 1024.42, 1
6253, 25126, 2, 0, 28794, 28795, 3669, 3667, 1834.50, 1
6254, 25132, 1, 0, 28799, 28799, 3667, 3666, 3667.00, 1
6255, 25137, 3, 0, 28803, 28805, 3668, 3665, 1222.67, 1
6256, 25144, 2, 0, 28806, 28807, 3663, 3661, 1831.50, 1
6257, 25147, 1, 0, 28812, 28812, 3665, 3664, 3665.00, 1
6258, 25148, 4, 0, 28813, 28816, 3668, 3664, 917.00, 1
6259, 25153, 7, 0, 28817, 32824, 7671, 7664, 1095.86, 1
6260, 25162, 6, 0, 28829, 32836, 7674, 7668, 1279.00, 1
6261, 25165, 4, 0, 28833, 28836, 3671, 3667, 917.75, 1
6262, 25179, 4, 0, 28839, 28842, 3663, 3659, 915.75, 1
6263, 25190, 1, 0, 28845, 28845, 3655, 3654, 3655.00, 1
6264, 25194, 11, 0, 28847, 37458, 12264, 12253, 1114.91, 1
6265, 25198, 1, 0, 28851, 28851, 3653, 3652, 3653.00, 1
6266, 25199, 2, 0, 28852, 28853, 3654, 3652, 1827.00, 1
6267, 25200, 9, 0, 28858, 37474, 12274, 12265, 1363.78, 1
6268, 25206, 2, 0, 28863, 28864, 3658, 3656, 1829.00, 1
6269, 25217, 2, 0, 28865, 28866, 3649, 3647, 1824.50, 1
6270, 25223, 6, 0, 28867, 32882, 7659, 7653, 1276.50, 1
6271, 25231, 12, 0, 28876, 37533, 12302, 12290, 1025.17, 1
6272, 25232, 8, 0, 28880, 32917, 7685, 7677, 960.62, 1
6273, 25233, 3, 0, 28884, 28886, 3653, 3650, 1217.67, 1
6274, 25234, 1, 0, 28887, 28887, 3653, 3652, 3653.00, 1
6275, 25235, 5, 0, 28889, 32927, 7692, 7687, 1538.40, 1
6276, 25236, 1, 0, 28893, 28893, 3657, 3656, 3657.00, 1
6277, 25237, 7, 0, 28894, 32931, 7694, 7687, 1099.14, 1
6278, 25249, 1, 0, 28899, 28899, 3650, 3649, 3650.00, 1
6279, 25250, 2, 0, 28900, 28901, 3651, 3649, 1825.50, 1
6280, 25252, 3, 0, 28902, 28904, 3652, 3649, 1217.33, 1
6281, 25256, 3, 0, 28905, 28907, 3651, 3648, 1217.00, 1
6282, 25261, 1, 0, 28909, 28909, 3648, 3647, 3648.00, 1
6283, 25278, 1, 0, 28921, 28921, 3643, 3642, 3643.00, 1
6284, 25285, 5, 0, 28922, 32952, 7667, 7662, 1533.40, 1
6285, 25286, 8, 0, 28926, 32961, 7675, 7667, 959.38, 1
6286, 25293, 11, 0, 28934, 37565, 12272, 12261, 1115.64, 1
6287, 25304, 10, 0, 28939, 37575, 12271, 12261, 1227.10, 1
6288, 25308, 1, 0, 28947, 28947, 3639, 3638, 3639.00, 1
6289, 25314, 5, 0, 28951, 32985, 7671, 7666, 1534.20, 1
6290, 25327, 3, 0, 28955, 28957, 3630, 3627, 1210.00, 1
6291, 25333, 12, 0, 28958, 37590, 12257, 12245, 1021.42, 1
6292, 25335, 1, 0, 28966, 28966, 3631, 3630, 3631.00, 1
6293, 25339, 13, 0, 28967, 42801, 17462, 17449, 1343.23, 1
6294, 25342, 9, 0, 28971, 37606, 12264, 12255, 1362.67, 1
6295, 25352, 1, 0, 28983, 28983, 3631, 3630, 3631.00, 1
6296, 25356, 2, 0, 28984, 28985, 3629, 3627, 1814.50, 1
6297, 25357, 3, 0, 28986, 28988, 3631, 3628, 1210.33, 1
6298, 25360, 2, 0, 28990, 28991, 3631, 3629, 1815.50, 1
6299, 25362, 15, 0, 28992, 42864, 17502, 17487, 1166.80, 1
6300, 25364, 2, 0, 28996, 28997, 3633, 3631, 1816.50, 1
6301, 25367, 2, 0, 28998, 28999, 3632, 3630, 1816.00, 1
6302, 25370, 2, 0, 29004, 29005, 3635, 3633, 1817.50, 1
6303, 25372, 5, 0, 29006, 33071, 7699, 7694, 1539.80, 1
6304, 25375, 2, 0, 29012, 29013, 3638, 3636, 1819.00, 1
6305, 25377, 3, 0, 29018, 29020, 3643, 3640, 1214.33, 1
6306, 25387, 4, 0, 29022, 29025, 3638, 3634, 909.50, 1
6307, 25390, 2, 0, 29030, 29031, 3641, 3639, 1820.50, 1
6308, 25392, 1, 0, 29032, 29032, 3640, 3639, 3640.00, 1
6309, 25396, 4, 0, 29033, 29036, 3640, 3636, 910.00, 1
6310, 25402, 1, 0, 29041, 29041, 3639, 3638, 3639.00, 1
6311, 25404, 9, 0, 29042, 37728, 12324, 12315, 1369.33, 1
6312, 25409, 13, 0, 29046, 42922, 17513, 17500, 1347.15, 1
6313, 25411, 1, 0, 29050, 29050, 3639, 3638, 3639.00, 1
6314, 25413, 8, 0, 29055, 33128, 7715, 7707, 964.38, 1
6315, 25415, 1, 0, 29059, 29059, 3644, 3643, 3644.00, 1
6316, 25416, 4, 0, 29060, 29063, 3647, 3643, 911.75, 1
6317, 25417, 2, 0, 29064, 29065, 3648, 3646, 1824.00, 1
6318, 25420, 6, 0, 29070, 33145, 7725, 7719, 1287.50, 1
6319, 25434, 11, 0, 29076, 37785, 12351, 12340, 1122.82, 1
6320, 25438, 5, 0, 29080, 33153, 7715, 7710, 1543.00, 1
6321, 25447, 1, 0, 29088, 29088, 3641, 3640, 3641.00, 1
6322, 25455, 2, 0, 29095, 29096, 3641, 3639, 1820.50, 1
6323, 25462, 10, 0, 29098, 37812, 12350, 12340, 1235.00, 1
6324, 25469, 4, 0, 29103, 29106, 3637, 3633, 909.25, 1
6325, 25478, 2, 0, 29107, 29108, 3630, 3628, 1815.00, 1
6326, 25479, 5, 0, 29109, 33191, 7712, 7707, 1542.40, 1
6327, 25485, 3, 0, 29115, 29117, 3632, 3629, 1210.67, 1
6328, 25487, 3, 0, 29118, 29120, 3633, 3630, 1211.00, 1
6329, 25491, 1, 0, 29121, 29121, 3630, 3629, 3630.00, 1
6330, 25493, 4, 0, 29123, 29126, 3633, 3629, 908.25, 1
6331, 25497, 5, 0, 29130, 33213, 7716, 7711, 1543.20, 1
6332, 25503, 1, 0, 29135, 29135, 3632, 3631, 3632.00, 1
6333, 25508, 5, 0, 29140, 33237, 7729, 7724, 1545.80, 1
6334, 25514, 2, 0, 29148, 29149, 3635, 3633, 1817.50, 1
6335, 25516, 4, 0, 29150, 29153, 3637, 3633, 909.25, 1
6336, 25524, 2, 0, 29154, 29155, 3631, 3629, 1815.50, 1
6337, 25528, 3, 0, 29160, 29162, 3634, 3631, 1211.33, 1
6338, 25532, 17, 0, 29165, 46877, 21345, 21328, 1255.59, 1
6339, 25542, 1, 0, 29170, 29170, 3628, 3627, 3628.00, 1
6340, 25543, 8, 0, 29171, 33282, 7739, 7731, 967.38, 1
6341, 25544, 3, 0, 29175, 29177, 3633, 3630, 1211.00, 1
6342, 25548, 2, 0, 29178, 29179, 3631, 3629, 1815.50, 1
6343, 25551, 5, 0, 29181, 33295, 7744, 7739, 1548.80, 1
6344, 25556, 6, 0, 29188, 33299, 7743, 7737, 1290.50, 1
6345, 25557, 3, 0, 29192, 29194, 3637, 3634, 1212.33, 1
6346, 25561, 3, 0, 29198, 29200, 3639, 3636, 1213.00, 1
6347, 25571, 2, 0, 29205, 29206, 3635, 3633, 1817.50, 1
6348, 25575, 3, 0, 29208, 29210, 3635, 3632, 1211.67, 1
6349, 25579, 1, 0, 29211, 29211, 3632, 3631, 3632.00, 1
6350, 25580, 4, 0, 29212, 29215, 3635, 3631, 908.75, 1
6351, 25588, 6, 0, 29218, 33316, 7728, 7722, 1288.00, 1
6352, 25589, 1, 0, 29222, 29222, 3633, 3632, 3633.00, 1
6353, 25603, 11, 0, 29229, 38005, 12402, 12391, 1127.45, 1
6354, 25610, 3, 0, 29234, 29236, 3626, 3623, 1208.67, 1
6355, 25614, 1, 0, 29237, 29237, 3623, 3622, 3623.00, 1
6356, 25619, 8, 0, 29238, 33334, 7715, 7707, 964.38, 1
6357, 25628, 6, 0, 29243, 33341, 7713, 7707, 1285.50, 1
6358, 25630, 1, 0, 29247, 29247, 3617, 3616, 3617.00, 1
6359, 25638, 1, 0, 29249, 29249, 3611, 3610, 3611.00, 1
6360, 25639, 2, 0, 29252, 29253, 3614, 3612, 1807.00, 1
6361, 25650, 2, 0, 29262, 29263, 3613, 3611, 1806.50, 1
6362, 25653, 2, 0, 29264, 29265, 3612, 3610, 1806.00, 1
6363, 25655, 6, 0, 29269, 33365, 7710, 7704, 1285.00, 1
6364, 25657, 2, 0, 29273, 29274, 3617, 3615, 1808.50, 1
6365, 25663, 5, 0, 29279, 33386, 7723, 7718, 1544.60, 1
6366, 25665, 5, 0, 29283, 33387, 7722, 7717, 1544.40, 1
6367, 25669, 7, 0, 29287, 33390, 7721, 7714, 1103.00, 1
6368, 25674, 3, 0, 29295, 29297, 3623, 3620, 1207.67, 1
6369, 25681, 2, 0, 29298, 29299, 3618, 3616, 1809.00, 1
6370, 25682, 7, 0, 29300, 33406, 7724, 7717, 1103.43, 1
6371, 25686, 4, 0, 29305, 29308, 3622, 3618, 905.50, 1
6372, 25689, 2, 0, 29310, 29311, 3622, 3620, 1811.00, 1
6373, 25691, 1, 0, 29312, 29312, 3621, 3620, 3621.00, 1
6374, 25695, 1, 0, 29315, 29315, 3620, 3619, 3620.00, 1
6375, 25704, 6, 0, 29319, 33413, 7709, 7703, 1284.83, 1
6376, 25707, 4, 0, 29326, 29329, 3622, 3618, 905.50, 1
6377, 25714, 12, 0, 29330, 38088, 12374, 12362, 1031.17, 1
6378, 25718, 18, 0, 29334, 46959, 21241, 21223, 1180.06, 1
6379, 25721, 10, 0, 29339, 38111, 12390, 12380, 1239.00, 1
6380, 25722, 14, 0, 29343, 43352, 17630, 17616, 1259.29, 1
6381, 25724, 1, 0, 29347, 29347, 3623, 3622, 3623.00, 1
6382, 25725, 1, 0, 29348, 29348, 3623, 3622, 3623.00, 1
6383, 25729, 4, 0, 29350, 29353, 3624, 3620, 906.00, 1
6384, 25731, 3, 0, 29354, 29356, 3625, 3622, 1208.33, 1
6385, 25732, 1, 0, 29357, 29357, 3625, 3624, 3625.00, 1
6386, 25733, 13, 0, 29358, 43384, 17651, 17638, 1357.77, 1
6387, 25735, 8, 0, 29362, 33472, 7737, 7729, 967.12, 1
6388, 25739, 3, 0, 29370, 29372, 3633, 3630, 1211.00, 1
6389, 25743, 10, 0, 29375, 38173, 12430, 12420, 1243.00, 1
6390, 25744, 5, 0, 29379, 33489, 7745, 7740, 1549.00, 1
6391, 25746, 2, 0, 29385, 29386, 3640, 3638, 1820.00, 1
6392, 25753, 10, 0, 29391, 38207, 12454, 12444, 1245.40, 1
6393, 25757, 10, 0, 29399, 38224, 12467, 12457, 1246.70, 1
6394, 25759, 3, 0, 29403, 29405, 3646, 3643, 1215.33, 1
6395, 25767, 6, 0, 29410, 33550, 7783, 7777, 1297.17, 1
6396, 25768, 5, 0, 29414, 33551, 7783, 7778, 1556.60, 1
6397, 25771, 1, 0, 29418, 29418, 3647, 3646, 3647.00, 1
6398, 25772, 5, 0, 29419, 33554, 7782, 7777, 1556.40, 1
6399, 25776, 3, 0, 29425, 29427, 3651, 3648, 1217.00, 1
6400, 25781, 1, 0, 29430, 29430, 3649, 3648, 3649.00, 1
6401, 25784, 10, 0, 29431, 38240, 12456, 12446, 1245.60, 1
6402, 25795, 2, 0, 29438, 29439, 3644, 3642, 1822.00, 1
6403, 25796, 9, 0, 29440, 38241, 12445, 12436, 1382.78, 1
6404, 25805, 1, 0, 29444, 29444, 3639, 3638, 3639.00, 1
6405, 25806, 1, 0, 29445, 29445, 3639, 3638, 3639.00, 1
6406, 25807, 6, 0, 29446, 33580, 7773, 7767, 1295.50, 1
6407, 25811, 7, 0, 29450, 33586, 7775, 7768, 1110.71, 1
6408, 25812, 3, 0, 29454, 29456, 3644, 3641, 1214.67, 1
6409, 25813, 1, 0, 29457, 29457, 3644, 3643, 3644.00, 1
6410, 25826, 4, 0, 29470, 29473, 3647, 3643, 911.75, 1
6411, 25839, 9, 0, 29476, 38309, 12470, 12461, 1385.56, 1
6412, 25843, 1, 0, 29482, 29482, 3639, 3638, 3639.00, 1
6413, 25856, 2, 0, 29483, 29484, 3628, 3626, 1814.00, 1
6414, 25857, 8, 0, 29485, 33636, 7779, 7771, 972.38, 1
6415, 25858, 14, 0, 29489, 43595, 17737, 17723, 1266.93, 1
6416, 25861, 5, 0, 29493, 33657, 7796, 7791, 1559.20, 1
6417, 25866, 7, 0, 29500, 33667, 7801, 7794, 1114.43, 1
6418, 25870, 2, 0, 29504, 29505, 3635, 3633, 1817.50, 1
6419, 25873, 7, 0, 29506, 33674, 7801, 7794, 1114.43, 1
6420, 25879, 6, 0, 29514, 33681, 7802, 7796, 1300.33, 1
6421, 25883, 12, 0, 29522, 38390, 12507, 12495, 1042.25, 1
6422, 25901, 1, 0, 29541, 29541, 3640, 3639, 3640.00, 1
6423, 25902, 8, 0, 29542, 33715, 7813, 7805, 976.62, 1
6424, 25903, 4, 0, 29546, 29549, 3646, 3642, 911.50, 1
6425, 25905, 7, 0, 29554, 33731, 7826, 7819, 1118.00, 1
6426, 25906, 4, 0, 29558, 29561, 3655, 3651, 913.75, 1
6427, 25908, 3, 0, 29562, 29564, 3656, 3653, 1218.67, 1
6428, 25913, 3, 0, 29572, 29574, 3661, 3658, 1220.33, 1
6429, 25914, 1, 0, 29575, 29575, 3661, 3660, 3661.00, 1
6430, 25918, 9, 0, 29576, 38453, 12535, 12526, 1392.78, 1
6431, 25919, 12, 0, 29580, 38467, 12548, 12536, 1045.67, 1
6432, 25922, 8, 0, 29588, 33761, 7839, 7831, 979.88, 1
6433, 25926, 5, 0, 29592, 33762, 7836, 7831, 1567.20, 1
6434, 25930, 4, 0, 29600, 29603, 3673, 3669, 918.25, 1
6435, 25932, 1, 0, 29604, 29604, 3672, 3671, 3672.00, 1
6436, 25933, 5, 0, 29608, 33769, 7836, 7831, 1567.20, 1
6437, 25937, 1, 0, 29612, 29612, 3675, 3674, 3675.00, 1
6438, 25938, 5, 0, 29613, 33774, 7836, 7831, 1567.20, 1
6439, 25940, 1, 0, 29620, 29620, 3680, 3679, 3680.00, 1
6440, 25946, 8, 0, 29625, 33799, 7853, 7845, 981.62, 1
6441, 25949, 3, 0, 29633, 29635, 3686, 3683, 1228.67, 1
6442, 25951, 2, 0, 29636, 29637, 3686, 3684, 1843.00, 1
6443, 25957, 4, 0, 29641, 29644, 3687, 3683, 921.75, 1
6444, 25958, 5, 0, 29645, 33821, 7863, 7858, 1572.60, 1
6445, 25974, 3, 0, 29657, 29659, 3685, 3682, 1228.33, 1
6446, 25977, 2, 0, 29662, 29663, 3686, 3684, 1843.00, 1
6447, 25979, 1, 0, 29664, 29664, 3685, 3684, 3685.00, 1
6448, 25984, 1, 0, 29673, 29673, 3689, 3688, 3689.00, 1
6449, 25992, 9, 0, 29678, 38581, 12589, 12580, 1398.78, 1
6450, 25995, 2, 0, 29682, 29683, 3688, 3686, 1844.00, 1
6451, 25998, 3, 0, 29684, 29686, 3688, 3685, 1229.33, 1
6452, 26000, 4, 0, 29690, 29693, 3693, 3689, 923.25, 1
6453, 26010, 2, 0, 29698, 29699, 3689, 3687, 1844.50, 1
6454, 26013, 3, 0, 29704, 29706, 3693, 3690, 1231.00, 1
6455, 26016, 2, 0, 29707, 29708, 3692, 3690, 1846.00, 1
6456, 26018, 7, 0, 29709, 33897, 7879, 7872, 1125.57, 1
6457, 26024, 6, 0, 29713, 33899, 7875, 7869, 1312.50, 1
6458, 26025, 13, 0, 29717, 43973, 17948, 17935, 1380.62, 1
6459, 26028, 11, 0, 29723, 38670, 12642, 12631, 1149.27, 1
6460, 26034, 2, 0, 29729, 29730, 3696, 3694, 1848.00, 1
6461, 26040, 2, 0, 29731, 29732, 3692, 3690, 1846.00, 1
6462, 26042, 3, 0, 29733, 29735, 3693, 3690, 1231.00, 1
6463, 26045, 2, 0, 29738, 29739, 3694, 3692, 1847.00, 1
6464, 26048, 9, 0, 29740, 38680, 12632, 12623, 1403.56, 1
6465, 26052, 4, 0, 29747, 29750, 3698, 3694, 924.50, 1
6466, 26056, 2, 0, 29753, 29754, 3698, 3696, 1849.00, 1
6467, 26060, 6, 0, 29755, 33949, 7889, 7883, 1314.83, 1
6468, 26076, 8, 0, 29771, 33979, 7903, 7895, 987.88, 1
6469, 26078, 2, 0, 29775, 29776, 3698, 3696, 1849.00, 1
6470, 26079, 4, 0, 29777, 29780, 3701, 3697, 925.25, 1
6471, 26081, 1, 0, 29781, 29781, 3700, 3699, 3700.00, 1
6472, 26084, 10, 0, 29786, 38750, 12666, 12656, 1266.60, 1
6473, 26090, 6, 0, 29790, 33998, 7908, 7902, 1318.00, 1
6474, 26095, 5, 0, 29794, 34005, 7910, 7905, 1582.00, 1
6475, 26099, 10, 0, 29799, 38768, 12669, 12659, 1266.90, 1
6476, 26101, 4, 0, 29805, 29808, 3707, 3703, 926.75, 1
6477, 26102, 7, 0, 29809, 34022, 7920, 7913, 1131.43, 1
6478, 26103, 2, 0, 29813, 29814, 3711, 3709, 1855.50, 1
6479, 26107, 8, 0, 29816, 34046, 7939, 7931, 992.38, 1
6480, 26112, 1, 0, 29820, 29820, 3708, 3707, 3708.00, 1
6481, 26118, 2, 0, 29825, 29826, 3708, 3706, 1854.00, 1
6482, 26121, 1, 0, 29827, 29827, 3706, 3705, 3706.00, 1
6483, 26123, 3, 0, 29828, 29830, 3707, 3704, 1235.67, 1
6484, 26124, 6, 0, 29831, 34053, 7929, 7923, 1321.50, 1
6485, 26127, 7, 0, 29839, 34065, 7938, 7931, 1134.00, 1
6486, 26130, 2, 0, 29843, 29844, 3714, 3712, 1857.00, 1
6487, 26131, 2, 0, 29845, 29846, 3715, 3713, 1857.50, 1
6488, 26134, 8, 0, 29847, 34073, 7939, 7931, 992.38, 1
6489, 26136, 19, 0, 29855, 47332, 21196, 21177, 1115.58, 1
6490, 26138, 2, 0, 29859, 29860, 3722, 3720, 1861.00, 1
6491, 26146, 1, 0, 29869, 29869, 3723, 3722, 3723.00, 1
6492, 26151, 8, 0, 29870, 34100, 7949, 7941, 993.62, 1
6493, 26156, 6, 0, 29878, 34106, 7950, 7944, 1325.00, 1
6494, 26157, 1, 0, 29883, 29883, 3726, 3725, 3726.00, 1
6495, 26165, 3, 0, 29885, 29887, 3722, 3719, 1240.67, 1
6496, 26169, 7, 0, 29889, 34112, 7943, 7936, 1134.71, 1
6497, 26170, 5, 0, 29893, 34120, 7950, 7945, 1590.00, 1
6498, 26180, 2, 0, 29902, 29903, 3723, 3721, 1861.50, 1
6499, 26182, 4, 0, 29904, 29907, 3725, 3721, 931.25, 1
6500, 26184, 3, 0, 29909, 29911, 3727, 3724, 1242.33, 1
6501, 26198, 16, 0, 29917, 44282, 18084, 18068, 1130.25, 1
6502, 26199, 1, 0, 29923, 29923, 3724, 3723, 3724.00, 1
6503, 26200, 1, 0, 29924, 29924, 3724, 3723, 3724.00, 1
6504, 26201, 8, 0, 29925, 34140, 7939, 7931, 992.38, 1
6505, 26202, 1, 0, 29929, 29929, 3727, 3726, 3727.00, 1
6506, 26221, 2, 0, 29939, 29940, 3719, 3717, 1859.50, 1
6507, 26232, 5, 0, 29945, 34167, 7935, 7930, 1587.00, 1
6508, 26236, 5, 0, 29949, 34169, 7933, 7928, 1586.60, 1
6509, 26242, 1, 0, 29957, 29957, 3715, 3714, 3715.00, 1
6510, 26244, 6, 0, 29960, 34186, 7942, 7936, 1323.67, 1
6511, 26246, 4, 0, 29964, 29967, 3721, 3717, 930.25, 1
6512, 26247, 1, 0, 29968, 29968, 3721, 3720, 3721.00, 1
6513, 26248, 4, 0, 29969, 29972, 3724, 3720, 931.00, 1
6514, 26259, 1, 0, 29974, 29974, 3715, 3714, 3715.00, 1
6515, 26266, 15, 0, 29979, 44352, 18086, 18071, 1205.73, 1
6516, 26278, 6, 0, 29986, 34211, 7933, 7927, 1322.17, 1
6517, 26279, 8, 0, 29990, 34215, 7936, 7928, 992.00, 1
6518, 26281, 3, 0, 29994, 29996, 3715, 3712, 1238.33, 1
6519, 26282, 8, 0, 29997, 34223, 7941, 7933, 992.62, 1
6520, 26284, 1, 0, 30001, 30001, 3717, 3716, 3717.00, 1
6521, 26286, 6, 0, 30006, 34228, 7942, 7936, 1323.67, 1
6522, 26291, 1, 0, 30010, 30010, 3719, 3718, 3719.00, 1
6523, 26293, 4, 0, 30011, 30014, 3721, 3717, 930.25, 1
6524, 26294, 3, 0, 30015, 30017, 3723, 3720, 1241.00, 1
6525, 26297, 3, 0, 30018, 30020, 3723, 3720, 1241.00, 1
6526, 26305, 3, 0, 30029, 30031, 3726, 3723, 1242.00, 1
6527, 26306, 2, 0, 30032, 30033, 3727, 3725, 1863.50, 1
6528, 26321, 1, 0, 30046, 30046, 3725, 3724, 3725.00, 1
6529, 26322, 5, 0, 30047, 34274, 7952, 7947, 1590.40, 1
6530, 26324, 5, 0, 30051, 34280, 7956, 7951, 1591.20, 1
6531, 26325, 6, 0, 30055, 34290, 7965, 7959, 1327.50, 1
6532, 26336, 1, 0, 30067, 30067, 3731, 3730, 3731.00, 1
6533, 26338, 1, 0, 30068, 30068, 3730, 3729, 3730.00, 1
6534, 26339, 1, 0, 30069, 30069, 3730, 3729, 3730.00, 1
6535, 26341, 1, 0, 30070, 30070, 3729, 3728, 3729.00, 1
6536, 26344, 4, 0, 30073, 30076, 3732, 3728, 933.00, 1
6537, 26352, 13, 0, 30081, 44520, 18168, 18155, 1397.54, 1
6538, 26355, 1, 0, 30085, 30085, 3730, 3729, 3730.00, 1
6539, 26359, 3, 0, 30088, 30090, 3731, 3728, 1243.67, 1
6540, 26361, 9, 0, 30091, 39112, 12751, 12742, 1416.78, 1
6541, 26363, 6, 0, 30095, 34328, 7965, 7959, 1327.50, 1
6542, 26366, 1, 0, 30099, 30099, 3733, 3732, 3733.00, 1
6543, 26377, 6, 0, 30105, 34335, 7958, 7952, 1326.33, 1
6544, 26383, 4, 0, 30109, 30112, 3729, 3725, 932.25, 1
6545, 26385, 2, 0, 30113, 30114, 3729, 3727, 1864.50, 1
6546, 26387, 14, 0, 30115, 44575, 18188, 18174, 1299.14, 1
6547, 26390, 1, 0, 30121, 30121, 3731, 3730, 3731.00, 1
6548, 26391, 1, 0, 30122, 30122, 3731, 3730, 3731.00, 1
6549, 26393, 3, 0, 30123, 30125, 3732, 3729, 1244.00, 1
6550, 26402, 5, 0, 30130, 34366, 7964, 7959, 1592.80, 1
6551, 26408, 10, 0, 30134, 39183, 12775, 12765, 1277.50, 1
6552, 26414, 1, 0, 30141, 30141, 3727, 3726, 3727.00, 1
6553, 26416, 1, 0, 30142, 30142, 3726, 3725, 3726.00, 1
6554, 26418, 1, 0, 30147, 30147, 3729, 3728, 3729.00, 1
6555, 26424, 1, 0, 30151, 30151, 3727, 3726, 3727.00, 1
6556, 26427, 5, 0, 30152, 34393, 7966, 7961, 1593.20, 1
6557, 26438, 7, 0, 30157, 34404, 7966, 7959, 1138.00, 1
6558, 26439, 1, 0, 30161, 30161, 3722, 3721, 3722.00, 1
6559, 26449, 3, 0, 30166, 30168, 3719, 3716, 1239.67, 1
6560, 26452, 6, 0, 30172, 34431, 7979, 7973, 1329.83, 1
6561, 26455, 1, 0, 30176, 30176, 3721, 3720, 3721.00, 1
6562, 26465, 2, 0, 30182, 30183, 3718, 3716, 1859.00, 1
6563, 26467, 1, 0, 30184, 30184, 3717, 3716, 3717.00, 1
6564, 26474, 5, 0, 30187, 34444, 7970, 7965, 1594.00, 1
6565, 26475, 9, 0, 30191, 39271, 12796, 12787, 1421.78, 1
6566, 26479, 22, 0, 30195, 48702, 22223, 22201, 1010.14, 1
6567, 26481, 6, 0, 30199, 34476, 7995, 7989, 1332.50, 1
6568, 26490, 1, 0, 30207, 30207, 3717, 3716, 3717.00, 1
6569, 26491, 3, 0, 30208, 30210, 3719, 3716, 1239.67, 1
6570, 26493, 4, 0, 30211, 30214, 3721, 3717, 930.25, 1
6571, 26495, 3, 0, 30216, 30218, 3723, 3720, 1241.00, 1
6572, 26497, 2, 0, 30219, 30220, 3723, 3721, 1861.50, 1
6573, 26499, 4, 0, 30225, 30228, 3729, 3725, 932.25, 1
6574, 26500, 11, 0, 30229, 39351, 12851, 12840, 1168.27, 1
6575, 26502, 3, 0, 30237, 30239, 3737, 3734, 1245.67, 1
6576, 26504, 7, 0, 30240, 34542, 8038, 8031, 1148.29, 1
6577, 26505, 2, 0, 30244, 30245, 3740, 3738, 1870.00, 1
6578, 26509, 16, 0, 30248, 44854, 18345, 18329, 1146.56, 1
6579, 26521, 1, 0, 30260, 30260, 3739, 3738, 3739.00, 1
6580, 26525, 2, 0, 30265, 30266, 3741, 3739, 1870.50, 1
6581, 26530, 3, 0, 30271, 30273, 3743, 3740, 1247.67, 1
6582, 26535, 6, 0, 30278, 34587, 8052, 8046, 1342.00, 1
6583, 26536, 4, 0, 30282, 30285, 3749, 3745, 937.25, 1
6584, 26544, 4, 0, 30286, 30289, 3745, 3741, 936.25, 1
6585, 26545, 1, 0, 30293, 30293, 3748, 3747, 3748.00, 1
6586, 26546, 2, 0, 30294, 30295, 3749, 3747, 1874.50, 1
6587, 26550, 2, 0, 30296, 30297, 3747, 3745, 1873.50, 1
6588, 26554, 2, 0, 30302, 30303, 3749, 3747, 1874.50, 1
6589, 26557, 2, 0, 30304, 30305, 3748, 3746, 1874.00, 1
6590, 26560, 2, 0, 30306, 30307, 3747, 3745, 1873.50, 1
6591, 26561, 8, 0, 30308, 34615, 8054, 8046, 1006.75, 1
6592, 26563, 4, 0, 30312, 30315, 3752, 3748, 938.00, 1
6593, 26564, 6, 0, 30320, 34631, 8067, 8061, 1344.50, 1
6594, 26568, 16, 0, 30326, 44999, 18431, 18415, 1151.94, 1
6595, 26569, 2, 0, 30330, 30331, 3762, 3760, 1881.00, 1
6596, 26573, 4, 0, 30336, 30339, 3766, 3762, 941.50, 1
6597, 26579, 6, 0, 30342, 34644, 8065, 8059, 1344.17, 1
6598, 26581, 9, 0, 30346, 39527, 12946, 12937, 1438.44, 1
6599, 26585, 3, 0, 30353, 30355, 3770, 3767, 1256.67, 1
6600, 26587, 1, 0, 30360, 30360, 3773, 3772, 3773.00, 1
6601, 26589, 2, 0, 30361, 30362, 3773, 3771, 1886.50, 1
6602, 26598, 5, 0, 30369, 34681, 8083, 8078, 1616.60, 1
6603, 26600, 1, 0, 30375, 30375, 3775, 3774, 3775.00, 1
6604, 26603, 5, 0, 30378, 34688, 8085, 8080, 1617.00, 1
6605, 26606, 1, 0, 30382, 30382, 3776, 3775, 3776.00, 1
6606, 26607, 13, 0, 30383, 45066, 18459, 18446, 1419.92, 1
6607, 26608, 3, 0, 30387, 30389, 3781, 3778, 1260.33, 1
6608, 26612, 1, 0, 30390, 30390, 3778, 3777, 3778.00, 1
6609, 26616, 3, 0, 30395, 30397, 3781, 3778, 1260.33, 1
6610, 26619, 6, 0, 30398, 34706, 8087, 8081, 1347.83, 1
6611, 26620, 3, 0, 30404, 30406, 3786, 3783, 1262.00, 1
6612, 26624, 7, 0, 30409, 34718, 8094, 8087, 1156.29, 1
6613, 26627, 4, 0, 30413, 30416, 3789, 3785, 947.25, 1
6614, 26630, 2, 0, 30419, 30420, 3790, 3788, 1895.00, 1
6615, 26632, 7, 0, 30423, 34735, 8103, 8096, 1157.57, 1
6616, 26633, 10, 0, 30427, 39658, 13025, 13015, 1302.50, 1
6617, 26636, 1, 0, 30434, 30434, 3798, 3797, 3798.00, 1
6618, 26638, 4, 0, 30435, 30438, 3800, 3796, 950.00, 1
6619, 26639, 1, 0, 30439, 30439, 3800, 3799, 3800.00, 1
6620, 26645, 7, 0, 30440, 34750, 8105, 8098, 1157.86, 1
6621, 26651, 1, 0, 30445, 30445, 3794, 3793, 3794.00, 1
6622, 26652, 1, 0, 30450, 30450, 3798, 3797, 3798.00, 1
6623, 26654, 5, 0, 30451, 34759, 8105, 8100, 1621.00, 1
6624, 26658, 11, 0, 30455, 39665, 13007, 12996, 1182.45, 1
6625, 26662, 2, 0, 30461, 30462, 3800, 3798, 1900.00, 1
6626, 26668, 5, 0, 30466, 34770, 8102, 8097, 1620.40, 1
6627, 26672, 1, 0, 30470, 30470, 3798, 3797, 3798.00, 1
6628, 26674, 10, 0, 30471, 39672, 12998, 12988, 1299.80, 1
6629, 26676, 1, 0, 30475, 30475, 3799, 3798, 3799.00, 1
6630, 26685, 1, 0, 30485, 30485, 3800, 3799, 3800.00, 1
6631, 26687, 6, 0, 30486, 34787, 8100, 8094, 1350.00, 1
6632, 26688, 3, 0, 30490, 30492, 3804, 3801, 1268.00, 1
6633, 26691, 2, 0, 30494, 30495, 3804, 3802, 1902.00, 1
6634, 26696, 1, 0, 30500, 30500, 3804, 3803, 3804.00, 1
6635, 26698, 4, 0, 30501, 30504, 3806, 3802, 951.50, 1
6636, 26704, 7, 0, 30512, 34810, 8106, 8099, 1158.00, 1
6637, 26708, 5, 0, 30518, 34816, 8108, 8103, 1621.60, 1
6638, 26713, 1, 0, 30522, 30522, 3809, 3808, 3809.00, 1
6639, 26715, 10, 0, 30523, 39714, 12999, 12989, 1299.90, 1
6640, 26717, 14, 0, 30531, 45181, 18464, 18450, 1318.86, 1
6641, 26722, 6, 0, 30535, 34840, 8118, 8112, 1353.00, 1
6642, 26726, 16, 0, 30539, 45193, 18467, 18451, 1154.19, 1
6643, 26737, 7, 0, 30548, 34856, 8119, 8112, 1159.86, 1
6644, 26742, 7, 0, 30555, 34864, 8122, 8115, 1160.29, 1
6645, 26746, 1, 0, 30563, 30563, 3817, 3816, 3817.00, 1
6646, 26748, 11, 0, 30564, 39780, 13032, 13021, 1184.73, 1
6647, 26753, 7, 0, 30572, 34890, 8137, 8130, 1162.43, 1
6648, 26758, 25, 0, 30578, 49230, 22472, 22447, 898.88, 1
6649, 26761, 6, 0, 30585, 34904, 8143, 8137, 1357.17, 1
6650, 26773, 5, 0, 30593, 34911, 8138, 8133, 1627.60, 1
6651, 26775, 1, 0, 30597, 30597, 3822, 3821, 3822.00, 1
6652, 26780, 4, 0, 30605, 30608, 3828, 3824, 957.00, 1
6653, 26781, 1, 0, 30609, 30609, 3828, 3827, 3828.00, 1
6654, 26783, 2, 0, 30610, 30611, 3828, 3826, 1914.00, 1
6655, 26785, 1, 0, 30612, 30612, 3827, 3826, 3827.00, 1
6656, 26790, 7, 0, 30615, 34942, 8152, 8145, 1164.57, 1
6657, 26794, 12, 0, 30619, 39867, 13073, 13061, 1089.42, 1
6658, 26797, 4, 0, 30625, 30628, 3831, 3827, 957.75, 1
6659, 26801, 2, 0, 30629, 30630, 3829, 3827, 1914.50, 1
6660, 26806, 3, 0, 30632, 30634, 3828, 3825, 1276.00, 1
6661, 26809, 2, 0, 30637, 30638, 3829, 3827, 1914.50, 1
6662, 26811, 2, 0, 30639, 30640, 3829, 3827, 1914.50, 1
6663, 26817, 8, 0, 30645, 34969, 8152, 8144, 1019.00, 1
6664, 26819, 4, 0, 30649, 30652, 3833, 3829, 958.25, 1
6665, 26824, 1, 0, 30654, 30654, 3830, 3829, 3830.00, 1
6666, 26825, 2, 0, 30655, 30656, 3831, 3829, 1915.50, 1
6667, 26830, 5, 0, 30660, 34974, 8144, 8139, 1628.80, 1
6668, 26833, 4, 0, 30664, 30667, 3834, 3830, 958.50, 1
6669, 26835, 2, 0, 30668, 30669, 3834, 3832, 1917.00, 1
6670, 26844, 5, 0, 30670, 34986, 8142, 8137, 1628.40, 1
6671, 26846, 9, 0, 30678, 39936, 13090, 13081, 1454.44, 1
6672, 26848, 1, 0, 30682, 30682, 3834, 3833, 3834.00, 1
6673, 26857, 7, 0, 30685, 35009, 8152, 8145, 1164.57, 1
6674, 26867, 21, 0, 30693, 48851, 21984, 21963, 1046.86, 1
6675, 26876, 3, 0, 30698, 30700, 3824, 3821, 1274.67, 1
6676, 26879, 4, 0, 30701, 30704, 3825, 3821, 956.25, 1
6677, 26898, 12, 0, 30717, 39981, 13083, 13071, 1090.25, 1
6678, 26905, 2, 0, 30724, 30725, 3820, 3818, 1910.00, 1
6679, 26915, 3, 0, 30731, 30733, 3818, 3815, 1272.67, 1
6680, 26920, 9, 0, 30738, 39999, 13079, 13070, 1453.22, 1
6681, 26921, 20, 0, 30742, 47907, 20986, 20966, 1049.30, 1
6682, 26924, 6, 0, 30747, 35095, 8171, 8165, 1361.83, 1
6683, 26935, 1, 0, 30755, 30755, 3820, 3819, 3820.00, 1
6684, 26940, 6, 0, 30760, 35110, 8170, 8164, 1361.67, 1
6685, 26941, 6, 0, 30764, 35112, 8171, 8165, 1361.83, 1
6686, 26947, 1, 0, 30768, 30768, 3821, 3820, 3821.00, 1
6687, 26950, 5, 0, 30771, 35121, 8171, 8166, 1634.20, 1
6688, 26951, 7, 0, 30775, 35124, 8173, 8166, 1167.57, 1
6689, 26957, 2, 0, 30783, 30784, 3827, 3825, 1913.50, 1
6690, 26959, 1, 0, 30785, 30785, 3826, 3825, 3826.00, 1
6691, 26960, 3, 0, 30786, 30788, 3828, 3825, 1276.00, 1
6692, 26961, 10, 0, 30789, 40102, 13141, 13131, 1314.10, 1
6693, 26965, 2, 0, 30793, 30794, 3829, 3827, 1914.50, 1
6694, 26967, 2, 0, 30795, 30796, 3829, 3827, 1914.50, 1
6695, 26974, 4, 0, 30799, 30802, 3828, 3824, 957.00, 1
6696, 26976, 1, 0, 30803, 30803, 3827, 3826, 3827.00, 1
6697, 26979, 7, 0, 30808, 35174, 8195, 8188, 1170.71, 1
6698, 26982, 11, 0, 30813, 40120, 13138, 13127, 1194.36, 1
6699, 26983, 1, 0, 30817, 30817, 3834, 3833, 3834.00, 1
6700, 26986, 5, 0, 30819, 35183, 8197, 8192, 1639.40, 1
6701, 26989, 2, 0, 30823, 30824, 3835, 3833, 1917.50, 1
6702, 26990, 1, 0, 30826, 30826, 3836, 3835, 3836.00, 1
6703, 26995, 2, 0, 30827, 30828, 3833, 3831, 1916.50, 1
6704, 27001, 7, 0, 30831, 35201, 8200, 8193, 1171.43, 1
6705, 27004, 14, 0, 30836, 45694, 18690, 18676, 1335.00, 1
6706, 27005, 2, 0, 30840, 30841, 3836, 3834, 1918.00, 1
6707, 27009, 1, 0, 30846, 30846, 3837, 3836, 3837.00, 1
6708, 27013, 2, 0, 30847, 30848, 3835, 3833, 1917.50, 1
6709, 27015, 1, 0, 30853, 30853, 3838, 3837, 3838.00, 1
6710, 27023, 5, 0, 30858, 35224, 8201, 8196, 1640.20, 1
6711, 27026, 2, 0, 30862, 30863, 3837, 3835, 1918.50, 1
6712, 27029, 1, 0, 30864, 30864, 3835, 3834, 3835.00, 1
6713, 27032, 6, 0, 30869, 35234, 8202, 8196, 1367.00, 1
6714, 27036, 1, 0, 30873, 30873, 3837, 3836, 3837.00, 1
6715, 27039, 3, 0, 30878, 30880, 3841, 3838, 1280.33, 1
6716, 27041, 3, 0, 30882, 30884, 3843, 3840, 1281.00, 1
6717, 27044, 1, 0, 30885, 30885, 3841, 3840, 3841.00, 1
6718, 27046, 1, 0, 30890, 30890, 3844, 3843, 3844.00, 1
6719, 27050, 3, 0, 30893, 30895, 3845, 3842, 1281.67, 1
6720, 27054, 2, 0, 30899, 30900, 3846, 3844, 1923.00, 1
6721, 27055, 6, 0, 30901, 35264, 8209, 8203, 1368.17, 1
6722, 27063, 1, 0, 30910, 30910, 3847, 3846, 3847.00, 1
6723, 27071, 3, 0, 30912, 30914, 3843, 3840, 1281.00, 1
6724, 27073, 2, 0, 30915, 30916, 3843, 3841, 1921.50, 1
6725, 27075, 2, 0, 30917, 30918, 3843, 3841, 1921.50, 1
6726, 27077, 1, 0, 30920, 30920, 3843, 3842, 3843.00, 1
6727, 27079, 5, 0, 30921, 35281, 8202, 8197, 1640.40, 1
6728, 27082, 3, 0, 30925, 30927, 3845, 3842, 1281.67, 1
6729, 27084, 4, 0, 30932, 30935, 3851, 3847, 962.75, 1
6730, 27089, 8, 0, 30936, 35297, 8208, 8200, 1026.00, 1
6731, 27096, 3, 0, 30940, 30942, 3846, 3843, 1282.00, 1
6732, 27100, 2, 0, 30947, 30948, 3848, 3846, 1924.00, 1
6733, 27101, 1, 0, 30949, 30949, 3848, 3847, 3848.00, 1
6734, 27103, 1, 0, 30950, 30950, 3847, 3846, 3847.00, 1
6735, 27104, 4, 0, 30955, 30958, 3854, 3850, 963.50, 1
6736, 27107, 7, 0, 30959, 35323, 8216, 8209, 1173.71, 1
6737, 27112, 1, 0, 30964, 30964, 3852, 3851, 3852.00, 1
6738, 27115, 6, 0, 30969, 35335, 8220, 8214, 1370.00, 1
6739, 27120, 1, 0, 30973, 30973, 3853, 3852, 3853.00, 1
6740, 27121, 1, 0, 30974, 30974, 3853, 3852, 3853.00, 1
6741, 27127, 6, 0, 30979, 35350, 8223, 8217, 1370.50, 1
6742, 27135, 1, 0, 30984, 30984, 3849, 3848, 3849.00, 1
6743, 27137, 3, 0, 30985, 30987, 3850, 3847, 1283.33, 1
6744, 27141, 7, 0, 30989, 35364, 8223, 8216, 1174.71, 1
6745, 27146, 5, 0, 30997, 35371, 8225, 8220, 1645.00, 1
6746, 27147, 9, 0, 31001, 40348, 13201, 13192, 1466.78, 1
6747, 27159, 12, 0, 31010, 40359, 13200, 13188, 1100.00, 1
6748, 27169, 9, 0, 31018, 40365, 13196, 13187, 1466.22, 1
6749, 27173, 1, 0, 31026, 31026, 3853, 3852, 3853.00, 1
6750, 27176, 8, 0, 31031, 35403, 8227, 8219, 1028.38, 1
6751, 27181, 8, 0, 31037, 35409, 8228, 8220, 1028.50, 1
6752, 27182, 5, 0, 31041, 35411, 8229, 8224, 1645.80, 1
6753, 27187, 3, 0, 31049, 31051, 3864, 3861, 1288.00, 1
6754, 27192, 4, 0, 31054, 31057, 3865, 3861, 966.25, 1
6755, 27195, 2, 0, 31058, 31059, 3864, 3862, 1932.00, 1
6756, 27196, 4, 0, 31060, 31063, 3867, 3863, 966.75, 1
6757, 27197, 18, 0, 31064, 48012, 20815, 20797, 1156.39, 1
6758, 27199, 8, 0, 31068, 35426, 8227, 8219, 1028.38, 1
6759, 27202, 1, 0, 31076, 31076, 3874, 3873, 3874.00, 1
6760, 27206, 1, 0, 31081, 31081, 3875, 3874, 3875.00, 1
6761, 27210, 4, 0, 31082, 31085, 3875, 3871, 968.75, 1
6762, 27212, 7, 0, 31086, 35433, 8221, 8214, 1174.43, 1
6763, 27214, 5, 0, 31094, 35443, 8229, 8224, 1645.80, 1
6764, 27219, 3, 0, 31098, 31100, 3881, 3878, 1293.67, 1
6765, 27223, 1, 0, 31105, 31105, 3882, 3881, 3882.00, 1
6766, 27224, 1, 0, 31106, 31106, 3882, 3881, 3882.00, 1
6767, 27226, 7, 0, 31107, 35461, 8235, 8228, 1176.43, 1
6768, 27227, 7, 0, 31111, 35464, 8237, 8230, 1176.71, 1
6769, 27228, 13, 0, 31115, 45819, 18591, 18578, 1430.08, 1
6770, 27232, 4, 0, 31121, 31124, 3892, 3888, 973.00, 1
6771, 27234, 11, 0, 31125, 40473, 13239, 13228, 1203.55, 1
6772, 27237, 3, 0, 31129, 31131, 3894, 3891, 1298.00, 1
6773, 27239, 5, 0, 31132, 35479, 8240, 8235, 1648.00, 1
6774, 27240, 2, 0, 31136, 31137, 3897, 3895, 1948.50, 1
6775, 27241, 1, 0, 31138, 31138, 3897, 3896, 3897.00, 1
6776, 27243, 4, 0, 31143, 31146, 3903, 3899, 975.75, 1
6777, 27245, 2, 0, 31147, 31148, 3903, 3901, 1951.50, 1
6778, 27248, 13, 0, 31150, 45831, 18583, 18570, 1429.46, 1
6779, 27250, 1, 0, 31154, 31154, 3904, 3903, 3904.00, 1
6780, 27252, 2, 0, 31155, 31156, 3904, 3902, 1952.00, 1
6781, 27254, 1, 0, 31157, 31157, 3903, 3902, 3903.00, 1
6782, 27258, 4, 0, 31162, 31165, 3907, 3903, 976.75, 1
6783, 27259, 11, 0, 31166, 40567, 13308, 13297, 1209.82, 1
6784, 27266, 1, 0, 31172, 31172, 3906, 3905, 3906.00, 1
6785, 27268, 1, 0, 31174, 31174, 3906, 3905, 3906.00, 1
6786, 27271, 11, 0, 31176, 40588, 13317, 13306, 1210.64, 1
6787, 27278, 4, 0, 31184, 31187, 3909, 3905, 977.25, 1
6788, 27287, 1, 0, 31191, 31191, 3904, 3903, 3904.00, 1
6789, 27291, 5, 0, 31194, 35578, 8287, 8282, 1657.40, 1
6790, 27297, 1, 0, 31198, 31198, 3901, 3900, 3901.00, 1
6791, 27304, 8, 0, 31199, 35586, 8282, 8274, 1035.25, 1
6792, 27306, 2, 0, 31206, 31207, 3901, 3899, 1950.50, 1
6793, 27313, 3, 0, 31211, 31213, 3900, 3897, 1300.00, 1
6794, 27323, 1, 0, 31216, 31216, 3893, 3892, 3893.00, 1
6795, 27326, 12, 0, 31217, 40631, 13305, 13293, 1108.75, 1
6796, 27327, 7, 0, 31221, 35606, 8279, 8272, 1182.71, 1
6797, 27328, 10, 0, 31225, 40645, 13317, 13307, 1331.70, 1
6798, 27332, 2, 0, 31229, 31230, 3898, 3896, 1949.00, 1
6799, 27335, 17, 0, 31231, 48032, 20697, 20680, 1217.47, 1
6800, 27339, 3, 0, 31236, 31238, 3899, 3896, 1299.67, 1
6801, 27340, 3, 0, 31239, 31241, 3901, 3898, 1300.33, 1
6802, 27344, 3, 0, 31246, 31248, 3904, 3901, 1301.33, 1
6803, 27345, 1, 0, 31249, 31249, 3904, 3903, 3904.00, 1
6804, 27350, 5, 0, 31254, 35641, 8291, 8286, 1658.20, 1
6805, 27351, 5, 0, 31258, 35642, 8291, 8286, 1658.20, 1
6806, 27359, 2, 0, 31263, 31264, 3905, 3903, 1952.50, 1
6807, 27362, 7, 0, 31265, 35646, 8284, 8277, 1183.43, 1
6808, 27365, 7, 0, 31269, 35653, 8288, 8281, 1184.00, 1
6809, 27366, 2, 0, 31273, 31274, 3908, 3906, 1954.00, 1
6810, 27380, 17, 0, 31283, 48042, 20662, 20645, 1215.41, 1
6811, 27381, 3, 0, 31287, 31289, 3908, 3905, 1302.67, 1
6812, 27382, 16, 0, 31290, 45892, 18510, 18494, 1156.88, 1
6813, 27384, 9, 0, 31294, 40721, 13337, 13328, 1481.89, 1
6814, 27395, 1, 0, 31300, 31300, 3905, 3904, 3905.00, 1
6815, 27400, 4, 0, 31305, 31308, 3908, 3904, 977.00, 1
6816, 27402, 6, 0, 31309, 35706, 8304, 8298, 1384.00, 1
6817, 27403, 1, 0, 31313, 31313, 3910, 3909, 3910.00, 1
6818, 27409, 2, 0, 31317, 31318, 3909, 3907, 1954.50, 1
6819, 27414, 8, 0, 31321, 35723, 8309, 8301, 1038.62, 1
6820, 27416, 3, 0, 31325, 31327, 3911, 3908, 1303.67, 1
6821, 27423, 5, 0, 31332, 35739, 8316, 8311, 1663.20, 1
6822, 27425, 3, 0, 31336, 31338, 3913, 3910, 1304.33, 1
6823, 27426, 4, 0, 31339, 31342, 3916, 3912, 979.00, 1
6824, 27427, 12, 0, 31343, 40791, 13364, 13352, 1113.67, 1
6825, 27429, 4, 0, 31347, 31350, 3921, 3917, 980.25, 1
6826, 27430, 2, 0, 31352, 31353, 3923, 3921, 1961.50, 1
6827, 27431, 8, 0, 31354, 35772, 8341, 8333, 1042.62, 1
6828, 27437, 5, 0, 31358, 35773, 8336, 8331, 1667.20, 1
6829, 27439, 11, 0, 31362, 40825, 13386, 13375, 1216.91, 1
6830, 27449, 2, 0, 31373, 31374, 3925, 3923, 1962.50, 1
6831, 27453, 8, 0, 31379, 35814, 8361, 8353, 1045.12, 1
6832, 27458, 6, 0, 31383, 35822, 8364, 8358, 1394.00, 1
6833, 27463, 1, 0, 31390, 31390, 3927, 3926, 3927.00, 1
6834, 27465, 3, 0, 31391, 31393, 3928, 3925, 1309.33, 1
6835, 27469, 6, 0, 31398, 35842, 8373, 8367, 1395.50, 1
6836, 27473, 4, 0, 31402, 31405, 3932, 3928, 983.00, 1
6837, 27492, 4, 0, 31410, 31413, 3921, 3917, 980.25, 1
6838, 27497, 5, 0, 31414, 35860, 8363, 8358, 1672.60, 1
6839, 27512, 3, 0, 31428, 31430, 3918, 3915, 1306.00, 1
6840, 27514, 2, 0, 31431, 31432, 3918, 3916, 1959.00, 1
6841, 27518, 11, 0, 31433, 40926, 13408, 13397, 1218.91, 1
6842, 27520, 11, 0, 31437, 40938, 13418, 13407, 1219.82, 1
6843, 27534, 7, 0, 31447, 35893, 8359, 8352, 1194.14, 1
6844, 27539, 3, 0, 31451, 31453, 3914, 3911, 1304.67, 1
6845, 27540, 20, 0, 31454, 48076, 20536, 20516, 1026.80, 1
6846, 27541, 1, 0, 31458, 31458, 3917, 3916, 3917.00, 1
6847, 27546, 1, 0, 31460, 31460, 3914, 3913, 3914.00, 1
6848, 27548, 2, 0, 31465, 31466, 3918, 3916, 1959.00, 1
6849, 27549, 3, 0, 31467, 31469, 3920, 3917, 1306.67, 1
6850, 27550, 5, 0, 31470, 35915, 8365, 8360, 1673.00, 1
6851, 27568, 7, 0, 31482, 35933, 8365, 8358, 1195.00, 1
6852, 27572, 1, 0, 31488, 31488, 3916, 3915, 3916.00, 1
6853, 27580, 1, 0, 31493, 31493, 3913, 3912, 3913.00, 1
6854, 27581, 1, 0, 31494, 31494, 3913, 3912, 3913.00, 1
6855, 27583, 2, 0, 31495, 31496, 3913, 3911, 1956.50, 1
6856, 27593, 1, 0, 31503, 31503, 3910, 3909, 3910.00, 1
6857, 27600, 1, 0, 31504, 31504, 3904, 3903, 3904.00, 1
6858, 27610, 8, 0, 31513, 35964, 8354, 8346, 1044.25, 1
6859, 27617, 2, 0, 31520, 31521, 3904, 3902, 1952.00, 1
6860, 27621, 12, 0, 31522, 41050, 13429, 13417, 1119.08, 1
6861, 27623, 3, 0, 31527, 31529, 3906, 3903, 1302.00, 1
6862, 27630, 3, 0, 31530, 31532, 3902, 3899, 1300.67, 1
6863, 27634, 17, 0, 31534, 48083, 20449, 20432, 1202.88, 1
6864, 27640, 7, 0, 31546, 35998, 8358, 8351, 1194.00, 1
6865, 27643, 2, 0, 31550, 31551, 3908, 3906, 1954.00, 1
6866, 27645, 2, 0, 31554, 31555, 3910, 3908, 1955.00, 1
6867, 27647, 13, 0, 31556, 46043, 18396, 18383, 1415.08, 1
6868, 27655, 5, 0, 31560, 36026, 8371, 8366, 1674.20, 1
6869, 27658, 2, 0, 31565, 31566, 3908, 3906, 1954.00, 1
6870, 27660, 1, 0, 31567, 31567, 3907, 3906, 3907.00, 1
6871, 27665, 2, 0, 31572, 31573, 3908, 3906, 1954.00, 1
6872, 27667, 4, 0, 31575, 31578, 3911, 3907, 977.75, 1
6873, 27669, 6, 0, 31579, 36045, 8376, 8370, 1396.00, 1
6874, 27674, 12, 0, 31584, 41151, 13477, 13465, 1123.08, 1
6875, 27678, 9, 0, 31588, 41153, 13475, 13466, 1497.22, 1
6876, 27683, 1, 0, 31592, 31592, 3909, 3908, 3909.00, 1
6877, 27688, 2, 0, 31593, 31594, 3906, 3904, 1953.00, 1
6878, 27695, 6, 0, 31603, 36082, 8387, 8381, 1397.83, 1
6879, 27704, 7, 0, 31609, 36085, 8381, 8374, 1197.29, 1
6880, 27705, 1, 0, 31617, 31617, 3912, 3911, 3912.00, 1
6881, 27709, 6, 0, 31618, 36092, 8383, 8377, 1397.17, 1
6882, 27710, 1, 0, 31622, 31622, 3912, 3911, 3912.00, 1
6883, 27716, 1, 0, 31627, 31627, 3911, 3910, 3911.00, 1
6884, 27718, 1, 0, 31628, 31628, 3910, 3909, 3910.00, 1
6885, 27721, 2, 0, 31629, 31630, 3909, 3907, 1954.50, 1
6886, 27724, 3, 0, 31635, 31637, 3913, 3910, 1304.33, 1
6887, 27725, 1, 0, 31638, 31638, 3913, 3912, 3913.00, 1
6888, 27726, 1, 0, 31639, 31639, 3913, 3912, 3913.00, 1
6889, 27728, 3, 0, 31640, 31642, 3914, 3911, 1304.67, 1
6890, 27739, 2, 0, 31644, 31645, 3906, 3904, 1953.00, 1
6891, 27741, 1, 0, 31646, 31646, 3905, 3904, 3905.00, 1
6892, 27747, 9, 0, 31649, 41227, 13480, 13471, 1497.78, 1
6893, 27752, 3, 0, 31653, 31655, 3903, 3900, 1301.00, 1
6894, 27760, 1, 0, 31657, 31657, 3897, 3896, 3897.00, 1
6895, 27765, 5, 0, 31658, 36141, 8376, 8371, 1675.20, 1
6896, 27767, 13, 0, 31662, 46095, 18328, 18315, 1409.85, 1
6897, 27771, 4, 0, 31666, 31669, 3898, 3894, 974.50, 1
6898, 27775, 2, 0, 31670, 31671, 3896, 3894, 1948.00, 1
6899, 27776, 3, 0, 31672, 31674, 3898, 3895, 1299.33, 1
6900, 27777, 2, 0, 31675, 31676, 3899, 3897, 1949.50, 1
6901, 27779, 2, 0, 31679, 31680, 3901, 3899, 1950.50, 1
6902, 27780, 4, 0, 31681, 31684, 3904, 3900, 976.00, 1
6903, 27784, 1, 0, 31686, 31686, 3902, 3901, 3902.00, 1
6904, 27786, 14, 0, 31687, 46101, 18315, 18301, 1308.21, 1
6905, 27787, 1, 0, 31695, 31695, 3908, 3907, 3908.00, 1
6906, 27795, 6, 0, 31700, 36174, 8379, 8373, 1396.50, 1
6907, 27797, 5, 0, 31704, 36176, 8379, 8374, 1675.80, 1
6908, 27798, 1, 0, 31708, 31708, 3910, 3909, 3910.00, 1
6909, 27801, 4, 0, 31710, 31713, 3912, 3908, 978.00, 1
6910, 27802, 1, 0, 31714, 31714, 3912, 3911, 3912.00, 1
6911, 27803, 1, 0, 31715, 31715, 3912, 3911, 3912.00, 1
6912, 27806, 3, 0, 31716, 31718, 3912, 3909, 1304.00, 1
6913, 27808, 6, 0, 31719, 36180, 8372, 8366, 1395.33, 1
6914, 27810, 2, 0, 31725, 31726, 3916, 3914, 1958.00, 1
6915, 27811, 7, 0, 31727, 36185, 8374, 8367, 1196.29, 1
6916, 27813, 4, 0, 31731, 31734, 3921, 3917, 980.25, 1
6917, 27816, 4, 0, 31735, 31738, 3922, 3918, 980.50, 1
6918, 27817, 1, 0, 31741, 31741, 3924, 3923, 3924.00, 1
6919, 27821, 8, 0, 31746, 36196, 8375, 8367, 1046.88, 1
6920, 27822, 1, 0, 31750, 31750, 3928, 3927, 3928.00, 1
6921, 27823, 4, 0, 31751, 31754, 3931, 3927, 982.75, 1
6922, 27824, 3, 0, 31755, 31757, 3933, 3930, 1311.00, 1
6923, 27825, 2, 0, 31758, 31759, 3934, 3932, 1967.00, 1
6924, 27831, 2, 0, 31760, 31761, 3930, 3928, 1965.00, 1
6925, 27837, 8, 0, 31763, 36222, 8385, 8377, 1048.12, 1
6926, 27842, 1, 0, 31771, 31771, 3929, 3928, 3929.00, 1
6927, 27846, 1, 0, 31774, 31774, 3928, 3927, 3928.00, 1
6928, 27847, 1, 0, 31775, 31775, 3928, 3927, 3928.00, 1
6929, 27850, 6, 0, 31780, 36243, 8393, 8387, 1398.83, 1
6930, 27851, 10, 0, 31784, 41377, 13526, 13516, 1352.60, 1
6931, 27853, 2, 0, 31788, 31789, 3936, 3934, 1968.00, 1
6932, 27861, 15, 0, 31795, 46176, 18315, 18300, 1221.00, 1
6933, 27864, 3, 0, 31799, 31801, 3937, 3934, 1312.33, 1
6934, 27866, 1, 0, 31806, 31806, 3940, 3939, 3940.00, 1
6935, 27872, 1, 0, 31807, 31807, 3935, 3934, 3935.00, 1
6936, 27874, 12, 0, 31808, 41435, 13561, 13549, 1130.08, 1
6937, 27875, 3, 0, 31814, 31816, 3941, 3938, 1313.67, 1
6938, 27887, 9, 0, 31825, 41457, 13570, 13561, 1507.78, 1
6939, 27896, 2, 0, 31829, 31830, 3934, 3932, 1967.00, 1
6940, 27898, 9, 0, 31831, 41461, 13563, 13554, 1507.00, 1
6941, 27902, 1, 0, 31835, 31835, 3933, 3932, 3933.00, 1
6942, 27908, 4, 0, 31840, 31843, 3935, 3931, 983.75, 1
6943, 27911, 2, 0, 31844, 31845, 3934, 3932, 1967.00, 1
6944, 27912, 8, 0, 31850, 36336, 8424, 8416, 1053.00, 1
6945, 27924, 2, 0, 31854, 31855, 3931, 3929, 1965.50, 1
6946, 27926, 1, 0, 31856, 31856, 3930, 3929, 3930.00, 1
6947, 27931, 2, 0, 31861, 31862, 3931, 3929, 1965.50, 1
6948, 27936, 3, 0, 31863, 31865, 3929, 3926, 1309.67, 1
6949, 27947, 9, 0, 31868, 41501, 13554, 13545, 1506.00, 1
6950, 27951, 14, 0, 31875, 46217, 18266, 18252, 1304.71, 1
6951, 27953, 5, 0, 31883, 36371, 8418, 8413, 1683.60, 1
6952, 27955, 10, 0, 31887, 41519, 13564, 13554, 1356.40, 1
6953, 27957, 4, 0, 31891, 31894, 3937, 3933, 984.25, 1
6954, 27963, 2, 0, 31896, 31897, 3934, 3932, 1967.00, 1
6955, 27964, 5, 0, 31898, 36383, 8419, 8414, 1683.80, 1
6956, 27977, 8, 0, 31908, 36395, 8418, 8410, 1052.25, 1
6957, 27979, 8, 0, 31912, 36403, 8424, 8416, 1053.00, 1
6958, 27980, 15, 0, 31916, 46242, 18262, 18247, 1217.47, 1
6959, 27984, 1, 0, 31920, 31920, 3936, 3935, 3936.00, 1
6960, 27995, 7, 0, 31925, 36420, 8425, 8418, 1203.57, 1
6961, 27996, 5, 0, 31932, 36431, 8435, 8430, 1687.00, 1
6962, 27998, 3, 0, 31936, 31938, 3940, 3937, 1313.33, 1
6963, 28003, 1, 0, 31940, 31940, 3937, 3936, 3937.00, 1
6964, 28006, 10, 0, 31941, 41583, 13577, 13567, 1357.70, 1
6965, 28010, 2, 0, 31945, 31946, 3936, 3934, 1968.00, 1
6966, 28021, 4, 0, 31952, 31955, 3934, 3930, 983.50, 1
6967, 28023, 8, 0, 31956, 36448, 8425, 8417, 1053.12, 1
6968, 28024, 6, 0, 31960, 36455, 8431, 8425, 1405.17, 1
6969, 28026, 11, 0, 31968, 41607, 13581, 13570, 1234.64, 1
6970, 28030, 16, 0, 31974, 46260, 18230, 18214, 1139.38, 1
6971, 28032, 1, 0, 31978, 31978, 3946, 3945, 3946.00, 1
6972, 28046, 2, 0, 31986, 31987, 3941, 3939, 1970.50, 1
6973, 28062, 4, 0, 31992, 31995, 3933, 3929, 983.25, 1
6974, 28063, 5, 0, 31996, 36491, 8428, 8423, 1685.60, 1
6975, 28068, 2, 0, 32000, 32001, 3933, 3931, 1966.50, 1
6976, 28070, 3, 0, 32006, 32008, 3938, 3935, 1312.67, 1
6977, 28071, 2, 0, 32009, 32010, 3939, 3937, 1969.50, 1
6978, 28093, 4, 0, 32018, 32021, 3928, 3924, 982.00, 1
6979, 28096, 15, 0, 32022, 46293, 18197, 18182, 1213.13, 1
6980, 28101, 3, 0, 32026, 32028, 3927, 3924, 1309.00, 1
6981, 28107, 1, 0, 32033, 32033, 3926, 3925, 3926.00, 1
6982, 28108, 2, 0, 32034, 32035, 3927, 3925, 1963.50, 1
6983, 28109, 22, 0, 32036, 48990, 20881, 20859, 949.14, 1
6984, 28111, 1, 0, 32044, 32044, 3933, 3932, 3933.00, 1
6985, 28113, 7, 0, 32045, 36550, 8437, 8430, 1205.29, 1
6986, 28115, 13, 0, 32049, 46313, 18198, 18185, 1399.85, 1
6987, 28117, 7, 0, 32053, 36557, 8440, 8433, 1205.71, 1
6988, 28123, 1, 0, 32057, 32057, 3934, 3933, 3934.00, 1
6989, 28128, 7, 0, 32058, 36568, 8440, 8433, 1205.71, 1
6990, 28130, 1, 0, 32064, 32064, 3934, 3933, 3934.00, 1
6991, 28131, 10, 0, 32065, 41764, 13633, 13623, 1363.30, 1
6992, 28140, 3, 0, 32074, 32076, 3936, 3933, 1312.00, 1
6993, 28142, 7, 0, 32077, 36599, 8457, 8450, 1208.14, 1
6994, 28148, 19, 0, 32088, 48211, 20063, 20044, 1055.95, 1
6995, 28149, 15, 0, 32092, 46356, 18207, 18192, 1213.80, 1
6996, 28157, 2, 0, 32099, 32100, 3943, 3941, 1971.50, 1
6997, 28167, 2, 0, 32105, 32106, 3939, 3937, 1969.50, 1
6998, 28170, 12, 0, 32107, 41823, 13653, 13641, 1137.75, 1
6999, 28174, 12, 0, 32113, 41827, 13653, 13641, 1137.75, 1
7000, 28177, 1, 0, 32120, 32120, 3943, 3942, 3943.00, 1
7001, 28178, 3, 0, 32121, 32123, 3945, 3942, 1315.00, 1
7002, 28180, 6, 0, 32124, 36652, 8472, 8466, 1412.00, 1
7003, 28181, 1, 0, 32128, 32128, 3947, 3946, 3947.00, 1
7004, 28183, 1, 0, 32133, 32133, 3950, 3949, 3950.00, 1
7005, 28184, 5, 0, 32134, 36658, 8474, 8469, 1694.80, 1
7006, 28190, 3, 0, 32140, 32142, 3952, 3949, 1317.33, 1
7007, 28193, 3, 0, 32147, 32149, 3956, 3953, 1318.67, 1
7008, 28205, 14, 0, 32154, 46378, 18173, 18159, 1298.07, 1
7009, 28213, 1, 0, 32159, 32159, 3946, 3945, 3946.00, 1
7010, 28219, 1, 0, 32164, 32164, 3945, 3944, 3945.00, 1
7011, 28223, 4, 0, 32167, 32170, 3947, 3943, 986.75, 1
7012, 28226, 1, 0, 32173, 32173, 3947, 3946, 3947.00, 1
7013, 28229, 3, 0, 32174, 32176, 3947, 3944, 1315.67, 1
7014, 28235, 15, 0, 32177, 46388, 18153, 18138, 1210.20, 1
7015, 28237, 3, 0, 32181, 32183, 3946, 3943, 1315.33, 1
7016, 28243, 9, 0, 32187, 41911, 13668, 13659, 1518.67, 1
7017, 28250, 15, 0, 32191, 46396, 18146, 18131, 1209.73, 1
7018, 28252, 6, 0, 32199, 36739, 8487, 8481, 1414.50, 1
7019, 28256, 3, 0, 32204, 32206, 3950, 3947, 1316.67, 1
7020, 28257, 1, 0, 32207, 32207, 3950, 3949, 3950.00, 1
7021, 28260, 4, 0, 32212, 32215, 3955, 3951, 988.75, 1
7022, 28262, 3, 0, 32216, 32218, 3956, 3953, 1318.67, 1
7023, 28266, 4, 0, 32221, 32224, 3958, 3954, 989.50, 1
7024, 28272, 7, 0, 32229, 36766, 8494, 8487, 1213.43, 1
7025, 28275, 5, 0, 32233, 36770, 8495, 8490, 1699.00, 1
7026, 28276, 6, 0, 32239, 36786, 8510, 8504, 1418.33, 1
7027, 28278, 1, 0, 32243, 32243, 3965, 3964, 3965.00, 1
7028, 28283, 3, 0, 32246, 32248, 3965, 3962, 1321.67, 1
7029, 28285, 4, 0, 32252, 32255, 3970, 3966, 992.50, 1
7030, 28293, 2, 0, 32256, 32257, 3964, 3962, 1982.00, 1
7031, 28299, 2, 0, 32261, 32262, 3963, 3961, 1981.50, 1
7032, 28301, 25, 0, 32263, 49304, 21003, 20978, 840.12, 1
7033, 28302, 1, 0, 32267, 32267, 3965, 3964, 3965.00, 1
7034, 28307, 5, 0, 32276, 36833, 8526, 8521, 1705.20, 1
7035, 28309, 6, 0, 32280, 36843, 8534, 8528, 1422.33, 1
7036, 28312, 7, 0, 32288, 36858, 8546, 8539, 1220.86, 1
7037, 28313, 5, 0, 32292, 36865, 8552, 8547, 1710.40, 1
7038, 28336, 1, 0, 32307, 32307, 3971, 3970, 3971.00, 1
7039, 28337, 2, 0, 32308, 32309, 3972, 3970, 1986.00, 1
7040, 28339, 2, 0, 32311, 32312, 3973, 3971, 1986.50, 1
7041, 28347, 1, 0, 32317, 32317, 3970, 3969, 3970.00, 1
7042, 28348, 3, 0, 32318, 32320, 3972, 3969, 1324.00, 1
7043, 28349, 3, 0, 32321, 32323, 3974, 3971, 1324.67, 1
7044, 28353, 4, 0, 32327, 32330, 3977, 3973, 994.25, 1
7045, 28354, 19, 0, 32331, 48262, 19908, 19889, 1047.79, 1
7046, 28360, 2, 0, 32339, 32340, 3980, 3978, 1990.00, 1
7047, 28363, 4, 0, 32341, 32344, 3981, 3977, 995.25, 1
7048, 28367, 4, 0, 32345, 32348, 3981, 3977, 995.25, 1
7049, 28368, 3, 0, 32349, 32351, 3983, 3980, 1327.67, 1
7050, 28370, 1, 0, 32356, 32356, 3986, 3985, 3986.00, 1
7051, 28372, 9, 0, 32357, 42128, 13756, 13747, 1528.44, 1
7052, 28373, 1, 0, 32361, 32361, 3988, 3987, 3988.00, 1
7053, 28379, 1, 0, 32363, 32363, 3984, 3983, 3984.00, 1
7054, 28381, 1, 0, 32364, 32364, 3983, 3982, 3983.00, 1
7055, 28382, 16, 0, 32367, 46480, 18098, 18082, 1131.12, 1
7056, 28385, 5, 0, 32371, 36946, 8561, 8556, 1712.20, 1
7057, 28390, 2, 0, 32376, 32377, 3987, 3985, 1993.50, 1
7058, 28419, 3, 0, 32394, 32396, 3977, 3974, 1325.67, 1
7059, 28421, 8, 0, 32397, 36989, 8568, 8560, 1071.00, 1
7060, 28424, 1, 0, 32405, 32405, 3981, 3980, 3981.00, 1
7061, 28429, 4, 0, 32406, 32409, 3980, 3976, 995.00, 1
7062, 28433, 2, 0, 32410, 32411, 3978, 3976, 1989.00, 1
7063, 28438, 7, 0, 32412, 36997, 8559, 8552, 1222.71, 1
7064, 28440, 1, 0, 32416, 32416, 3976, 3975, 3976.00, 1
7065, 28441, 4, 0, 32417, 32420, 3979, 3975, 994.75, 1
7066, 28443, 8, 0, 32423, 37013, 8570, 8562, 1071.25, 1
7067, 28447, 2, 0, 32430, 32431, 3984, 3982, 1992.00, 1
7068, 28450, 1, 0, 32435, 32435, 3985, 3984, 3985.00, 1
7069, 28451, 1, 0, 32436, 32436, 3985, 3984, 3985.00, 1
7070, 28452, 4, 0, 32437, 32440, 3988, 3984, 997.00, 1
7071, 28455, 6, 0, 32445, 37031, 8576, 8570, 1429.33, 1
7072, 28456, 3, 0, 32449, 32451, 3995, 3992, 1331.67, 1
7073, 28464, 1, 0, 32459, 32459, 3995, 3994, 3995.00, 1
7074, 28466, 9, 0, 32460, 42271, 13805, 13796, 1533.89, 1
7075, 28469, 4, 0, 32464, 32467, 3998, 3994, 999.50, 1
7076, 28475, 4, 0, 32476, 32479, 4004, 4000, 1001.00, 1
7077, 28478, 2, 0, 32480, 32481, 4003, 4001, 2001.50, 1
7078, 28483, 2, 0, 32482, 32483, 4000, 3998, 2000.00, 1
7079, 28484, 10, 0, 32484, 42319, 13835, 13825, 1383.50, 1
7080, 28496, 3, 0, 32492, 32494, 3998, 3995, 1332.67, 1
7081, 28499, 1, 0, 32495, 32495, 3996, 3995, 3996.00, 1
7082, 28507, 1, 0, 32503, 32503, 3996, 3995, 3996.00, 1
7083, 28513, 1, 0, 32505, 32505, 3992, 3991, 3992.00, 1
7084, 28514, 11, 0, 32506, 42349, 13835, 13824, 1257.73, 1
7085, 28517, 8, 0, 32511, 37110, 8593, 8585, 1074.12, 1
7086, 28519, 2, 0, 32515, 32516, 3997, 3995, 1998.50, 1
7087, 28521, 2, 0, 32517, 32518, 3997, 3995, 1998.50, 1
7088, 28523, 2, 0, 32519, 32520, 3997, 3995, 1998.50, 1
7089, 28527, 3, 0, 32522, 32524, 3997, 3994, 1332.33, 1
7090, 28529, 5, 0, 32529, 37116, 8587, 8582, 1717.40, 1
7091, 28532, 6, 0, 32533, 37120, 8588, 8582, 1431.33, 1
7092, 28533, 8, 0, 32537, 37127, 8594, 8586, 1074.25, 1
7093, 28550, 4, 0, 32549, 32552, 4002, 3998, 1000.50, 1
7094, 28552, 13, 0, 32553, 46573, 18021, 18008, 1386.23, 1
7095, 28560, 3, 0, 32558, 32560, 4000, 3997, 1333.33, 1
7096, 28561, 7, 0, 32561, 37138, 8577, 8570, 1225.29, 1
7097, 28564, 1, 0, 32568, 32568, 4004, 4003, 4004.00, 1
7098, 28567, 2, 0, 32572, 32573, 4006, 4004, 2003.00, 1
7099, 28572, 2, 0, 32574, 32575, 4003, 4001, 2001.50, 1
7100, 28576, 2, 0, 32577, 32578, 4002, 4000, 2001.00, 1
7101, 28578, 22, 0, 32579, 49031, 20453, 20431, 929.68, 1
7102, 28581, 2, 0, 32587, 32588, 4007, 4005, 2003.50, 1
7103, 28592, 7, 0, 32593, 37170, 8578, 8571, 1225.43, 1
7104, 28600, 3, 0, 32599, 32601, 4001, 3998, 1333.67, 1
7105, 28607, 6, 0, 32606, 37175, 8568, 8562, 1428.00, 1
7106, 28610, 1, 0, 32614, 32614, 4004, 4003, 4004.00, 1
7107, 28618, 4, 0, 32615, 32618, 4000, 3996, 1000.00, 1
7108, 28620, 6, 0, 32619, 37182, 8562, 8556, 1427.00, 1
7109, 28627, 3, 0, 32625, 32627, 4000, 3997, 1333.33, 1
7110, 28628, 4, 0, 32628, 32631, 4003, 3999, 1000.75, 1
7111, 28632, 1, 0, 32632, 32632, 4000, 3999, 4000.00, 1
7112, 28633, 2, 0, 32634, 32635, 4002, 4000, 2001.00, 1
7113, 28636, 4, 0, 32636, 32639, 4003, 3999, 1000.75, 1
7114, 28645, 3, 0, 32641, 32643, 3998, 3995, 1332.67, 1
7115, 28648, 10, 0, 32644, 42415, 13767, 13757, 1376.70, 1
7116, 28649, 8, 0, 32648, 37214, 8565, 8557, 1070.62, 1
7117, 28650, 2, 0, 32652, 32653, 4003, 4001, 2001.50, 1
7118, 28653, 1, 0, 32654, 32654, 4001, 4000, 4001.00, 1
7119, 28657, 2, 0, 32655, 32656, 3999, 3997, 1999.50, 1
7120, 28659, 5, 0, 32658, 37223, 8564, 8559, 1712.80, 1
7121, 28660, 1, 0, 32662, 32662, 4002, 4001, 4002.00, 1
7122, 28661, 4, 0, 32663, 32666, 4005, 4001, 1001.25, 1
7123, 28665, 3, 0, 32667, 32669, 4004, 4001, 1334.67, 1
7124, 28666, 1, 0, 32670, 32670, 4004, 4003, 4004.00, 1
7125, 28672, 3, 0, 32671, 32673, 4001, 3998, 1333.67, 1
7126, 28673, 5, 0, 32674, 37237, 8564, 8559, 1712.80, 1
7127, 28680, 7, 0, 32678, 37240, 8560, 8553, 1222.86, 1
7128, 28683, 11, 0, 32686, 42481, 13798, 13787, 1254.36, 1
7129, 28689, 2, 0, 32690, 32691, 4002, 4000, 2001.00, 1
7130, 28696, 3, 0, 32696, 32698, 4002, 3999, 1334.00, 1
7131, 28697, 3, 0, 32699, 32701, 4004, 4001, 1334.67, 1
7132, 28699, 2, 0, 32702, 32703, 4004, 4002, 2002.00, 1
7133, 28704, 1, 0, 32708, 32708, 4004, 4003, 4004.00, 1
7134, 28705, 1, 0, 32709, 32709, 4004, 4003, 4004.00, 1
7135, 28716, 26, 0, 32714, 49310, 20594, 20568, 792.08, 1
7136, 28718, 9, 0, 32718, 42531, 13813, 13804, 1534.78, 1
7137, 28732, 6, 0, 32729, 37321, 8589, 8583, 1431.50, 1
7138, 28740, 1, 0, 32737, 32737, 3997, 3996, 3997.00, 1
7139, 28743, 1, 0, 32742, 32742, 3999, 3998, 3999.00, 1
7140, 28748, 2, 0, 32743, 32744, 3996, 3994, 1998.00, 1
7141, 28751, 5, 0, 32749, 37349, 8598, 8593, 1719.60, 1
7142, 28754, 4, 0, 32754, 32757, 4003, 3999, 1000.75, 1
7143, 28757, 10, 0, 32762, 42575, 13818, 13808, 1381.80, 1
7144, 28766, 3, 0, 32771, 32773, 4007, 4004, 1335.67, 1
7145, 28770, 9, 0, 32774, 42593, 13823, 13814, 1535.89, 1
7146, 28776, 5, 0, 32778, 37390, 8614, 8609, 1722.80, 1
7147, 28779, 4, 0, 32782, 32785, 4006, 4002, 1001.50, 1
7148, 28782, 2, 0, 32786, 32787, 4005, 4003, 2002.50, 1
7149, 28787, 1, 0, 32792, 32792, 4005, 4004, 4005.00, 1
7150, 28788, 4, 0, 32793, 32796, 4008, 4004, 1002.00, 1
7151, 28789, 2, 0, 32797, 32798, 4009, 4007, 2004.50, 1
7152, 28792, 3, 0, 32803, 32805, 4013, 4010, 1337.67, 1
7153, 28801, 2, 0, 32806, 32807, 4006, 4004, 2003.00, 1
7154, 28804, 2, 0, 32808, 32809, 4005, 4003, 2002.50, 1
7155, 28811, 1, 0, 32810, 32810, 3999, 3998, 3999.00, 1
7156, 28812, 4, 0, 32814, 32817, 4005, 4001, 1001.25, 1
7157, 28817, 4, 0, 32818, 32821, 4004, 4000, 1001.00, 1
7158, 28828, 17, 0, 32829, 48366, 19538, 19521, 1149.29, 1
7159, 28830, 2, 0, 32833, 32834, 4004, 4002, 2002.00, 1
7160, 28835, 2, 0, 32837, 32838, 4003, 4001, 2001.50, 1
7161, 28836, 6, 0, 32839, 37448, 8612, 8606, 1435.33, 1
7162, 28842, 5, 0, 32843, 37449, 8607, 8602, 1721.40, 1
7163, 28843, 6, 0, 32847, 37451, 8608, 8602, 1434.67, 1
7164, 28844, 2, 0, 32851, 32852, 4008, 4006, 2004.00, 1
7165, 28847, 1, 0, 32853, 32853, 4006, 4005, 4006.00, 1
7166, 28853, 3, 0, 32858, 32860, 4007, 4004, 1335.67, 1
7167, 28855, 9, 0, 32861, 42671, 13816, 13807, 1535.11, 1
7168, 28856, 4, 0, 32865, 32868, 4012, 4008, 1003.00, 1
7169, 28859, 2, 0, 32870, 32871, 4012, 4010, 2006.00, 1
7170, 28860, 1, 0, 32872, 32872, 4012, 4011, 4012.00, 1
7171, 28861, 11, 0, 32873, 42678, 13817, 13806, 1256.09, 1
7172, 28872, 3, 0, 32883, 32885, 4013, 4010, 1337.67, 1
7173, 28875, 11, 0, 32890, 42717, 13842, 13831, 1258.36, 1
7174, 28877, 6, 0, 32894, 37509, 8632, 8626, 1438.67, 1
7175, 28879, 11, 0, 32898, 42738, 13859, 13848, 1259.91, 1
7176, 28881, 14, 0, 32906, 46721, 17840, 17826, 1274.29, 1
7177, 28883, 6, 0, 32910, 37539, 8656, 8650, 1442.67, 1
7178, 28884, 3, 0, 32918, 32920, 4036, 4033, 1345.33, 1
7179, 28887, 3, 0, 32921, 32923, 4036, 4033, 1345.33, 1
7180, 28892, 3, 0, 32924, 32926, 4034, 4031, 1344.67, 1
7181, 28896, 1, 0, 32928, 32928, 4032, 4031, 4032.00, 1
7182, 28898, 2, 0, 32932, 32933, 4035, 4033, 2017.50, 1
7183, 28908, 5, 0, 32934, 37550, 8642, 8637, 1728.40, 1
7184, 28909, 2, 0, 32938, 32939, 4030, 4028, 2015.00, 1
7185, 28919, 4, 0, 32944, 32947, 4028, 4024, 1007.00, 1
7186, 28926, 5, 0, 32953, 37560, 8634, 8629, 1726.80, 1
7187, 28929, 1, 0, 32957, 32957, 4028, 4027, 4028.00, 1
7188, 28932, 4, 0, 32962, 32965, 4033, 4029, 1008.25, 1
7189, 28939, 9, 0, 32970, 42766, 13827, 13818, 1536.33, 1
7190, 28951, 3, 0, 32982, 32984, 4033, 4030, 1344.33, 1
7191, 28955, 5, 0, 32986, 37585, 8630, 8625, 1726.00, 1
7192, 28963, 7, 0, 32994, 37593, 8630, 8623, 1232.86, 1
7193, 28964, 20, 0, 32998, 48376, 19412, 19392, 970.60, 1
7194, 28968, 6, 0, 33004, 37599, 8631, 8625, 1438.50, 1
7195, 28970, 4, 0, 33008, 33011, 4041, 4037, 1010.25, 1
7196, 28977, 3, 0, 33020, 33022, 4045, 4042, 1348.33, 1
7197, 28979, 6, 0, 33023, 37622, 8643, 8637, 1440.50, 1
7198, 28981, 5, 0, 33027, 37627, 8646, 8641, 1729.20, 1
7199, 28984, 9, 0, 33035, 42835, 13851, 13842, 1539.00, 1
7200, 28985, 4, 0, 33039, 33042, 4057, 4053, 1014.25, 1
7201, 28986, 3, 0, 33043, 33045, 4059, 4056, 1353.00, 1
7202, 28990, 2, 0, 33046, 33047, 4057, 4055, 2028.50, 1
7203, 28994, 6, 0, 33048, 37657, 8663, 8657, 1443.83, 1
7204, 28996, 6, 0, 33056, 37667, 8671, 8665, 1445.17, 1
7205, 29005, 4, 0, 33064, 33067, 4062, 4058, 1015.50, 1
7206, 29007, 3, 0, 33068, 33070, 4063, 4060, 1354.33, 1
7207, 29016, 8, 0, 33072, 37693, 8677, 8669, 1084.62, 1
7208, 29021, 1, 0, 33078, 33078, 4057, 4056, 4057.00, 1
7209, 29022, 2, 0, 33079, 33080, 4058, 4056, 2029.00, 1
7210, 29023, 3, 0, 33081, 33083, 4060, 4057, 1353.33, 1
7211, 29036, 3, 0, 33087, 33089, 4053, 4050, 1351.00, 1
7212, 29039, 1, 0, 33090, 33090, 4051, 4050, 4051.00, 1
7213, 29042, 2, 0, 33094, 33095, 4053, 4051, 2026.50, 1
7214, 29045, 6, 0, 33096, 37720, 8675, 8669, 1445.83, 1
7215, 29048, 10, 0, 33104, 42916, 13868, 13858, 1386.80, 1
7216, 29054, 4, 0, 33112, 33115, 4061, 4057, 1015.25, 1
7217, 29055, 1, 0, 33120, 33120, 4065, 4064, 4065.00, 1
7218, 29057, 5, 0, 33121, 37761, 8704, 8699, 1740.80, 1
7219, 29059, 5, 0, 33129, 37768, 8709, 8704, 1741.80, 1
7220, 29061, 5, 0, 33133, 37773, 8712, 8707, 1742.40, 1
7221, 29065, 3, 0, 33137, 33139, 4074, 4071, 1358.00, 1
7222, 29070, 1, 0, 33143, 33143, 4073, 4072, 4073.00, 1
7223, 29074, 1, 0, 33146, 33146, 4072, 4071, 4072.00, 1
7224, 29079, 2, 0, 33147, 33148, 4069, 4067, 2034.50, 1
7225, 29084, 17, 0, 33154, 48406, 19322, 19305, 1136.59, 1
7226, 29089, 2, 0, 33159, 33160, 4071, 4069, 2035.50, 1
7227, 29095, 1, 0, 33165, 33165, 4070, 4069, 4070.00, 1
7228, 29098, 2, 0, 33166, 33167, 4069, 4067, 2034.50, 1
7229, 29099, 3, 0, 33168, 33170, 4071, 4068, 1357.00, 1
7230, 29103, 6, 0, 33175, 37817, 8714, 8708, 1452.33, 1
7231, 29104, 15, 0, 33179, 46821, 17717, 17702, 1181.13, 1
7232, 29108, 9, 0, 33183, 43005, 13897, 13888, 1544.11, 1
7233, 29110, 4, 0, 33187, 33190, 4080, 4076, 1020.00, 1
7234, 29114, 11, 0, 33192, 43021, 13907, 13896, 1264.27, 1
7235, 29117, 8, 0, 33196, 37849, 8732, 8724, 1091.50, 1
7236, 29118, 7, 0, 33200, 37856, 8738, 8731, 1248.29, 1
7237, 29119, 4, 0, 33204, 33207, 4088, 4084, 1022.00, 1
7238, 29122, 2, 0, 33208, 33209, 4087, 4085, 2043.50, 1
7239, 29127, 3, 0, 33210, 33212, 4085, 4082, 1361.67, 1
7240, 29134, 4, 0, 33214, 33217, 4083, 4079, 1020.75, 1
7241, 29135, 3, 0, 33218, 33220, 4085, 4082, 1361.67, 1
7242, 29138, 4, 0, 33221, 33224, 4086, 4082, 1021.50, 1
7243, 29141, 5, 0, 33229, 37874, 8733, 8728, 1746.60, 1
7244, 29143, 6, 0, 33233, 37883, 8740, 8734, 1456.67, 1
7245, 29144, 9, 0, 33238, 43075, 13931, 13922, 1547.89, 1
7246, 29145, 9, 0, 33242, 43103, 13958, 13949, 1550.89, 1
7247, 29147, 10, 0, 33246, 43107, 13960, 13950, 1396.00, 1
7248, 29153, 1, 0, 33250, 33250, 4097, 4096, 4097.00, 1
7249, 29156, 11, 0, 33251, 43117, 13961, 13950, 1269.18, 1
7250, 29157, 7, 0, 33255, 37921, 8764, 8757, 1252.00, 1
7251, 29163, 12, 0, 33261, 43133, 13970, 13958, 1164.17, 1
7252, 29165, 12, 0, 33265, 43139, 13974, 13962, 1164.50, 1
7253, 29166, 2, 0, 33269, 33270, 4104, 4102, 2052.00, 1
7254, 29167, 1, 0, 33271, 33271, 4104, 4103, 4104.00, 1
7255, 29171, 3, 0, 33276, 33278, 4107, 4104, 1369.00, 1
7256, 29176, 10, 0, 33283, 43150, 13974, 13964, 1397.40, 1
7257, 29177, 21, 0, 33287, 49078, 19901, 19880, 947.67, 1
7258, 29179, 5, 0, 33291, 37969, 8790, 8785, 1758.00, 1
7259, 29186, 1, 0, 33296, 33296, 4110, 4109, 4110.00, 1
7260, 29188, 1, 0, 33297, 33297, 4109, 4108, 4109.00, 1
7261, 29192, 7, 0, 33300, 37975, 8783, 8776, 1254.71, 1
7262, 29194, 2, 0, 33304, 33305, 4111, 4109, 2055.50, 1
7263, 29197, 1, 0, 33306, 33306, 4109, 4108, 4109.00, 1
7264, 29213, 2, 0, 33309, 33310, 4097, 4095, 2048.50, 1
7265, 29214, 3, 0, 33311, 33313, 4099, 4096, 1366.33, 1
7266, 29217, 1, 0, 33314, 33314, 4097, 4096, 4097.00, 1
7267, 29226, 2, 0, 33317, 33318, 4092, 4090, 2046.00, 1
7268, 29227, 6, 0, 33321, 37996, 8769, 8763, 1461.50, 1
7269, 29239, 2, 0, 33329, 33330, 4091, 4089, 2045.50, 1
7270, 29242, 4, 0, 33335, 33338, 4096, 4092, 1024.00, 1
7271, 29245, 1, 0, 33339, 33339, 4094, 4093, 4094.00, 1
7272, 29252, 3, 0, 33342, 33344, 4092, 4089, 1364.00, 1
7273, 29258, 4, 0, 33347, 33350, 4092, 4088, 1023.00, 1
7274, 29263, 1, 0, 33355, 33355, 4092, 4091, 4092.00, 1
7275, 29269, 7, 0, 33356, 38040, 8771, 8764, 1253.00, 1
7276, 29272, 4, 0, 33360, 33363, 4091, 4087, 1022.75, 1
7277, 29273, 7, 0, 33366, 38057, 8784, 8777, 1254.86, 1
7278, 29274, 1, 0, 33370, 33370, 4096, 4095, 4096.00, 1
7279, 29275, 2, 0, 33371, 33372, 4097, 4095, 2048.50, 1
7280, 29276, 7, 0, 33373, 38060, 8784, 8777, 1254.86, 1
7281, 29278, 5, 0, 33377, 38061, 8783, 8778, 1756.60, 1
7282, 29280, 4, 0, 33382, 33385, 4105, 4101, 1026.25, 1
7283, 29292, 6, 0, 33391, 38066, 8774, 8768, 1462.33, 1
7284, 29299, 1, 0, 33399, 33399, 4100, 4099, 4100.00, 1
7285, 29303, 4, 0, 33400, 33403, 4100, 4096, 1025.00, 1
7286, 29304, 3, 0, 33407, 33409, 4105, 4102, 1368.33, 1
7287, 29305, 1, 0, 33410, 33410, 4105, 4104, 4105.00, 1
7288, 29319, 1, 0, 33411, 33411, 4092, 4091, 4092.00, 1
7289, 29327, 7, 0, 33414, 38079, 8752, 8745, 1250.29, 1
7290, 29329, 1, 0, 33418, 33418, 4089, 4088, 4089.00, 1
7291, 29337, 4, 0, 33423, 33426, 4089, 4085, 1022.25, 1
7292, 29339, 6, 0, 33431, 38109, 8770, 8764, 1461.67, 1
7293, 29342, 1, 0, 33435, 33435, 4093, 4092, 4093.00, 1
7294, 29349, 3, 0, 33444, 33446, 4097, 4094, 1365.67, 1
7295, 29350, 6, 0, 33447, 38132, 8782, 8776, 1463.67, 1
7296, 29351, 2, 0, 33451, 33452, 4101, 4099, 2050.50, 1
7297, 29354, 6, 0, 33453, 38142, 8788, 8782, 1464.67, 1
7298, 29361, 2, 0, 33457, 33458, 4097, 4095, 2048.50, 1
7299, 29362, 2, 0, 33463, 33464, 4102, 4100, 2051.00, 1
7300, 29365, 20, 0, 33465, 48467, 19102, 19082, 955.10, 1
7301, 29366, 4, 0, 33473, 33476, 4110, 4106, 1027.50, 1
7302, 29376, 2, 0, 33477, 33478, 4102, 4100, 2051.00, 1
7303, 29378, 2, 0, 33479, 33480, 4102, 4100, 2051.00, 1
7304, 29379, 3, 0, 33485, 33487, 4108, 4105, 1369.33, 1
7305, 29380, 1, 0, 33488, 33488, 4108, 4107, 4108.00, 1
7306, 29383, 2, 0, 33490, 33491, 4108, 4106, 2054.00, 1
7307, 29384, 2, 0, 33492, 33493, 4109, 4107, 2054.50, 1
7308, 29385, 15, 0, 33494, 47004, 17619, 17604, 1174.60, 1
7309, 29386, 2, 0, 33498, 33499, 4113, 4111, 2056.50, 1
7310, 29391, 2, 0, 33504, 33505, 4114, 4112, 2057.00, 1
7311, 29394, 4, 0, 33506, 33509, 4115, 4111, 1028.75, 1
7312, 29396, 2, 0, 33514, 33515, 4119, 4117, 2059.50, 1
7313, 29398, 4, 0, 33516, 33519, 4121, 4117, 1030.25, 1
7314, 29399, 5, 0, 33524, 38216, 8817, 8812, 1763.40, 1
7315, 29400, 5, 0, 33528, 38217, 8817, 8812, 1763.40, 1
7316, 29403, 3, 0, 33536, 33538, 4135, 4132, 1378.33, 1
7317, 29406, 5, 0, 33539, 38225, 8819, 8814, 1763.80, 1
7318, 29408, 10, 0, 33543, 43477, 14069, 14059, 1406.90, 1
7319, 29411, 1, 0, 33548, 33548, 4137, 4136, 4137.00, 1
7320, 29422, 2, 0, 33552, 33553, 4131, 4129, 2065.50, 1
7321, 29429, 9, 0, 33555, 43478, 14049, 14040, 1561.00, 1
7322, 29430, 4, 0, 33559, 33562, 4132, 4128, 1033.00, 1
7323, 29432, 2, 0, 33563, 33564, 4132, 4130, 2066.00, 1
7324, 29434, 2, 0, 33565, 33566, 4132, 4130, 2066.00, 1
7325, 29448, 14, 0, 33575, 47025, 17577, 17563, 1255.50, 1
7326, 29451, 3, 0, 33581, 33583, 4132, 4129, 1377.33, 1
7327, 29457, 2, 0, 33587, 33588, 4131, 4129, 2065.50, 1
7328, 29460, 1, 0, 33589, 33589, 4129, 4128, 4129.00, 1
7329, 29461, 3, 0, 33590, 33592, 4131, 4128, 1377.00, 1
7330, 29465, 19, 0, 33597, 48490, 19025, 19006, 1001.32, 1
7331, 29467, 7, 0, 33605, 38289, 8822, 8815, 1260.29, 1
7332, 29468, 19, 0, 33609, 48501, 19033, 19014, 1001.74, 1
7333, 29472, 4, 0, 33617, 33620, 4148, 4144, 1037.00, 1
7334, 29478, 11, 0, 33621, 43578, 14100, 14089, 1281.82, 1
7335, 29483, 10, 0, 33629, 43582, 14099, 14089, 1409.90, 1
7336, 29490, 3, 0, 33637, 33639, 4149, 4146, 1383.00, 1
7337, 29491, 5, 0, 33640, 38330, 8839, 8834, 1767.80, 1
7338, 29493, 5, 0, 33648, 38339, 8846, 8841, 1769.20, 1
7339, 29495, 1, 0, 33652, 33652, 4157, 4156, 4157.00, 1
7340, 29496, 10, 0, 33653, 43616, 14120, 14110, 1412.00, 1
7341, 29500, 3, 0, 33658, 33660, 4160, 4157, 1386.67, 1
7342, 29502, 6, 0, 33661, 38356, 8854, 8848, 1475.67, 1
7343, 29508, 18, 0, 33668, 48519, 19011, 18993, 1056.17, 1
7344, 29512, 1, 0, 33675, 33675, 4163, 4162, 4163.00, 1
7345, 29516, 3, 0, 33676, 33678, 4162, 4159, 1387.33, 1
7346, 29517, 1, 0, 33679, 33679, 4162, 4161, 4162.00, 1
7347, 29519, 3, 0, 33682, 33684, 4165, 4162, 1388.33, 1
7348, 29524, 2, 0, 33688, 33689, 4165, 4163, 2082.50, 1
7349, 29531, 7, 0, 33694, 38397, 8866, 8859, 1266.57, 1
7350, 29538, 2, 0, 33702, 33703, 4165, 4163, 2082.50, 1
7351, 29540, 4, 0, 33704, 33707, 4167, 4163, 1041.75, 1
7352, 29541, 18, 0, 33708, 48535, 18994, 18976, 1055.22, 1
7353, 29549, 11, 0, 33716, 43710, 14161, 14150, 1287.36, 1
7354, 29553, 6, 0, 33720, 38438, 8885, 8879, 1480.83, 1
7355, 29555, 18, 0, 33725, 48537, 18982, 18964, 1054.56, 1
7356, 29559, 1, 0, 33732, 33732, 4173, 4172, 4173.00, 1
7357, 29572, 3, 0, 33734, 33736, 4164, 4161, 1388.00, 1
7358, 29574, 6, 0, 33737, 38452, 8878, 8872, 1479.67, 1
7359, 29588, 7, 0, 33750, 38471, 8883, 8876, 1269.00, 1
7360, 29589, 5, 0, 33754, 38478, 8889, 8884, 1777.80, 1
7361, 29599, 2, 0, 33763, 33764, 4165, 4163, 2082.50, 1
7362, 29607, 13, 0, 33765, 47145, 17538, 17525, 1349.08, 1
7363, 29614, 4, 0, 33770, 33773, 4159, 4155, 1039.75, 1
7364, 29617, 9, 0, 33775, 43804, 14187, 14178, 1576.33, 1
7365, 29618, 1, 0, 33779, 33779, 4161, 4160, 4161.00, 1
7366, 29622, 8, 0, 33780, 38514, 8892, 8884, 1111.50, 1
7367, 29623, 6, 0, 33784, 38516, 8893, 8887, 1482.17, 1
7368, 29624, 1, 0, 33788, 33788, 4164, 4163, 4164.00, 1
7369, 29628, 3, 0, 33793, 33795, 4167, 4164, 1389.00, 1
7370, 29635, 6, 0, 33802, 38529, 8894, 8888, 1482.33, 1
7371, 29638, 7, 0, 33806, 38534, 8896, 8889, 1270.86, 1
7372, 29642, 14, 0, 33810, 47180, 17538, 17524, 1252.71, 1
7373, 29645, 14, 0, 33814, 47185, 17540, 17526, 1252.86, 1
7374, 29648, 3, 0, 33818, 33820, 4172, 4169, 1390.67, 1
7375, 29654, 2, 0, 33822, 33823, 4169, 4167, 2084.50, 1
7376, 29658, 7, 0, 33824, 38559, 8901, 8894, 1271.57, 1
7377, 29660, 6, 0, 33828, 38571, 8911, 8905, 1485.17, 1
7378, 29665, 1, 0, 33832, 33832, 4167, 4166, 4167.00, 1
7379, 29666, 8, 0, 33833, 38575, 8909, 8901, 1113.62, 1
7380, 29673, 3, 0, 33841, 33843, 4170, 4167, 1390.00, 1
7381, 29677, 3, 0, 33844, 33846, 4169, 4166, 1389.67, 1
7382, 29684, 3, 0, 33851, 33853, 4169, 4166, 1389.67, 1
7383, 29685, 3, 0, 33854, 33856, 4171, 4168, 1390.33, 1
7384, 29688, 2, 0, 33857, 33858, 4170, 4168, 2085.00, 1
7385, 29691, 2, 0, 33859, 33860, 4169, 4167, 2084.50, 1
7386, 29693, 2, 0, 33861, 33862, 4169, 4167, 2084.50, 1
7387, 29694, 7, 0, 33863, 38602, 8908, 8901, 1272.57, 1
7388, 29698, 2, 0, 33871, 33872, 4174, 4172, 2087.00, 1
7389, 29703, 7, 0, 33873, 38613, 8910, 8903, 1272.86, 1
7390, 29707, 9, 0, 33881, 43937, 14230, 14221, 1581.11, 1
7391, 29708, 1, 0, 33885, 33885, 4177, 4176, 4177.00, 1
7392, 29709, 21, 0, 33886, 49128, 19419, 19398, 924.71, 1
7393, 29710, 3, 0, 33890, 33892, 4182, 4179, 1394.00, 1
7394, 29712, 2, 0, 33893, 33894, 4182, 4180, 2091.00, 1
7395, 29717, 1, 0, 33900, 33900, 4183, 4182, 4183.00, 1
7396, 29719, 17, 0, 33901, 48565, 18846, 18829, 1108.59, 1
7397, 29722, 18, 0, 33909, 48567, 18845, 18827, 1046.94, 1
7398, 29724, 2, 0, 33913, 33914, 4190, 4188, 2095.00, 1
7399, 29726, 6, 0, 33915, 38663, 8937, 8931, 1489.50, 1
7400, 29728, 4, 0, 33923, 33926, 4198, 4194, 1049.50, 1
7401, 29729, 4, 0, 33927, 33930, 4201, 4197, 1050.25, 1
7402, 29732, 4, 0, 33931, 33934, 4202, 4198, 1050.50, 1
7403, 29754, 5, 0, 33939, 38684, 8930, 8925, 1786.00, 1
7404, 29756, 1, 0, 33943, 33943, 4187, 4186, 4187.00, 1
7405, 29758, 16, 0, 33944, 47249, 17491, 17475, 1093.19, 1
7406, 29759, 2, 0, 33950, 33951, 4192, 4190, 2096.00, 1
7407, 29761, 3, 0, 33952, 33954, 4193, 4190, 1397.67, 1
7408, 29762, 10, 0, 33955, 44037, 14275, 14265, 1427.50, 1
7409, 29768, 1, 0, 33967, 33967, 4199, 4198, 4199.00, 1
7410, 29774, 7, 0, 33972, 38730, 8956, 8949, 1279.43, 1
7411, 29779, 2, 0, 33980, 33981, 4202, 4200, 2101.00, 1
7412, 29783, 5, 0, 33982, 38740, 8957, 8952, 1791.40, 1
7413, 29786, 1, 0, 33987, 33987, 4201, 4200, 4201.00, 1
7414, 29791, 2, 0, 33992, 33993, 4202, 4200, 2101.00, 1
7415, 29793, 3, 0, 33994, 33996, 4203, 4200, 1401.00, 1
7416, 29795, 5, 0, 33999, 38755, 8960, 8955, 1792.00, 1
7417, 29797, 2, 0, 34003, 34004, 4207, 4205, 2103.50, 1
7418, 29801, 13, 0, 34006, 47288, 17487, 17474, 1345.15, 1
7419, 29803, 1, 0, 34014, 34014, 4211, 4210, 4211.00, 1
7420, 29806, 7, 0, 34015, 38775, 8969, 8962, 1281.29, 1
7421, 29810, 1, 0, 34019, 34019, 4209, 4208, 4209.00, 1
7422, 29813, 9, 0, 34023, 44136, 14323, 14314, 1591.44, 1
7423, 29814, 10, 0, 34027, 44146, 14332, 14322, 1433.20, 1
7424, 29815, 2, 0, 34031, 34032, 4217, 4215, 2108.50, 1
7425, 29816, 2, 0, 34033, 34034, 4218, 4216, 2109.00, 1
7426, 29818, 4, 0, 34035, 34038, 4220, 4216, 1055.00, 1
7427, 29819, 4, 0, 34039, 34042, 4223, 4219, 1055.75, 1
7428, 29824, 1, 0, 34047, 34047, 4223, 4222, 4223.00, 1
7429, 29836, 2, 0, 34054, 34055, 4219, 4217, 2109.50, 1
7430, 29838, 4, 0, 34056, 34059, 4221, 4217, 1055.25, 1
7431, 29847, 4, 0, 34066, 34069, 4222, 4218, 1055.50, 1
7432, 29853, 3, 0, 34074, 34076, 4223, 4220, 1407.67, 1
7433, 29858, 8, 0, 34079, 38862, 9004, 8996, 1125.50, 1
7434, 29865, 2, 0, 34091, 34092, 4227, 4225, 2113.50, 1
7435, 29881, 6, 0, 34101, 38891, 9010, 9004, 1501.67, 1
7436, 29883, 2, 0, 34107, 34108, 4225, 4223, 2112.50, 1
7437, 29886, 1, 0, 34109, 34109, 4223, 4222, 4223.00, 1
7438, 29895, 6, 0, 34113, 38898, 9003, 8997, 1500.50, 1
7439, 29896, 3, 0, 34117, 34119, 4223, 4220, 1407.67, 1
7440, 29905, 1, 0, 34121, 34121, 4216, 4215, 4216.00, 1
7441, 29919, 10, 0, 34126, 44264, 14345, 14335, 1434.50, 1
7442, 29921, 3, 0, 34134, 34136, 4215, 4212, 1405.00, 1
7443, 29930, 4, 0, 34141, 34144, 4214, 4210, 1053.50, 1
7444, 29933, 2, 0, 34145, 34146, 4213, 4211, 2106.50, 1
7445, 29934, 2, 0, 34147, 34148, 4214, 4212, 2107.00, 1
7446, 29935, 10, 0, 34149, 44298, 14363, 14353, 1436.30, 1
7447, 29937, 8, 0, 34153, 38938, 9001, 8993, 1125.12, 1
7448, 29940, 2, 0, 34157, 34158, 4218, 4216, 2109.00, 1
7449, 29945, 2, 0, 34161, 34162, 4217, 4215, 2108.50, 1
7450, 29946, 5, 0, 34163, 38945, 8999, 8994, 1799.80, 1
7451, 29952, 1, 0, 34168, 34168, 4216, 4215, 4216.00, 1
7452, 29956, 8, 0, 34170, 38957, 9001, 8993, 1125.12, 1
7453, 29961, 3, 0, 34178, 34180, 4219, 4216, 1406.33, 1
7454, 29962, 4, 0, 34181, 34184, 4222, 4218, 1055.50, 1
7455, 29968, 3, 0, 34187, 34189, 4221, 4218, 1407.00, 1
7456, 29970, 7, 0, 34190, 38970, 9000, 8993, 1285.71, 1
7457, 29973, 1, 0, 34194, 34194, 4221, 4220, 4221.00, 1
7458, 29976, 1, 0, 34195, 34195, 4219, 4218, 4219.00, 1
7459, 29983, 3, 0, 34202, 34204, 4221, 4218, 1407.00, 1
7460, 29985, 10, 0, 34205, 44355, 14370, 14360, 1437.00, 1
7461, 29989, 1, 0, 34209, 34209, 4220, 4219, 4220.00, 1
7462, 30000, 4, 0, 34216, 34219, 4219, 4215, 1054.75, 1
7463, 30001, 2, 0, 34224, 34225, 4224, 4222, 2112.00, 1
7464, 30003, 1, 0, 34226, 34226, 4223, 4222, 4223.00, 1
7465, 30010, 6, 0, 34229, 39006, 8996, 8990, 1499.33, 1
7466, 30012, 1, 0, 34233, 34233, 4221, 4220, 4221.00, 1
7467, 30015, 1, 0, 34234, 34234, 4219, 4218, 4219.00, 1
7468, 30018, 2, 0, 34235, 34236, 4218, 4216, 2109.00, 1
7469, 30021, 2, 0, 34237, 34238, 4217, 4215, 2108.50, 1
7470, 30026, 14, 0, 34240, 47407, 17381, 17367, 1241.50, 1
7471, 30029, 5, 0, 34248, 39018, 8989, 8984, 1797.80, 1
7472, 30031, 2, 0, 34252, 34253, 4222, 4220, 2111.00, 1
7473, 30035, 13, 0, 34254, 47418, 17383, 17370, 1337.15, 1
7474, 30036, 1, 0, 34258, 34258, 4222, 4221, 4222.00, 1
7475, 30037, 13, 0, 34259, 47428, 17391, 17378, 1337.77, 1
7476, 30040, 4, 0, 34264, 34267, 4227, 4223, 1056.75, 1
7477, 30052, 3, 0, 34275, 34277, 4225, 4222, 1408.33, 1
7478, 30054, 2, 0, 34278, 34279, 4225, 4223, 2112.50, 1
7479, 30055, 15, 0, 34281, 47448, 17393, 17378, 1159.53, 1
7480, 30057, 4, 0, 34285, 34288, 4231, 4227, 1057.75, 1
7481, 30071, 11, 0, 34297, 44497, 14426, 14415, 1311.45, 1
7482, 30078, 2, 0, 34301, 34302, 4224, 4222, 2112.00, 1
7483, 30084, 2, 0, 34303, 34304, 4220, 4218, 2110.00, 1
7484, 30085, 3, 0, 34309, 34311, 4226, 4223, 1408.67, 1
7485, 30088, 3, 0, 34312, 34314, 4226, 4223, 1408.67, 1
7486, 30089, 4, 0, 34315, 34318, 4229, 4225, 1057.25, 1
7487, 30095, 6, 0, 34323, 39118, 9023, 9017, 1503.83, 1
7488, 30100, 1, 0, 34329, 34329, 4229, 4228, 4229.00, 1
7489, 30106, 16, 0, 34330, 47465, 17359, 17343, 1084.94, 1
7490, 30109, 11, 0, 34336, 44551, 14442, 14431, 1312.91, 1
7491, 30111, 6, 0, 34340, 39135, 9024, 9018, 1504.00, 1
7492, 30115, 3, 0, 34344, 34346, 4231, 4228, 1410.33, 1
7493, 30122, 2, 0, 34351, 34352, 4230, 4228, 2115.00, 1
7494, 30129, 1, 0, 34353, 34353, 4224, 4223, 4224.00, 1
7495, 30130, 13, 0, 34358, 47482, 17352, 17339, 1334.77, 1
7496, 30131, 24, 0, 34362, 49180, 19049, 19025, 793.71, 1
7497, 30134, 3, 0, 34367, 34369, 4235, 4232, 1411.67, 1
7498, 30140, 14, 0, 34374, 47503, 17363, 17349, 1240.21, 1
7499, 30142, 2, 0, 34378, 34379, 4237, 4235, 2118.50, 1
7500, 30150, 2, 0, 34384, 34385, 4235, 4233, 2117.50, 1
7501, 30151, 3, 0, 34386, 34388, 4237, 4234, 1412.33, 1
7502, 30154, 3, 0, 34389, 34391, 4237, 4234, 1412.33, 1
7503, 30155, 1, 0, 34392, 34392, 4237, 4236, 4237.00, 1
7504, 30156, 18, 0, 34394, 48690, 18534, 18516, 1029.67, 1
7505, 30158, 6, 0, 34398, 39216, 9058, 9052, 1509.67, 1
7506, 30162, 6, 0, 34405, 39220, 9058, 9052, 1509.67, 1
7507, 30163, 6, 0, 34409, 39225, 9062, 9056, 1510.33, 1
7508, 30167, 1, 0, 34417, 34417, 4250, 4249, 4250.00, 1
7509, 30168, 1, 0, 34418, 34418, 4250, 4249, 4250.00, 1
7510, 30170, 6, 0, 34419, 39238, 9068, 9062, 1511.33, 1
7511, 30171, 3, 0, 34423, 34425, 4254, 4251, 1418.00, 1
7512, 30173, 9, 0, 34426, 44708, 14535, 14526, 1615.00, 1
7513, 30180, 1, 0, 34432, 34432, 4252, 4251, 4252.00, 1
7514, 30182, 1, 0, 34434, 34434, 4252, 4251, 4252.00, 1
7515, 30186, 1, 0, 34435, 34435, 4249, 4248, 4249.00, 1
7516, 30187, 6, 0, 34436, 39258, 9071, 9065, 1511.83, 1
7517, 30190, 4, 0, 34440, 34443, 4253, 4249, 1063.25, 1
7518, 30192, 3, 0, 34445, 34447, 4255, 4252, 1418.33, 1
7519, 30194, 3, 0, 34448, 34450, 4256, 4253, 1418.67, 1
7520, 30195, 7, 0, 34455, 39274, 9079, 9072, 1297.00, 1
7521, 30197, 4, 0, 34459, 34462, 4265, 4261, 1066.25, 1
7522, 30198, 1, 0, 34463, 34463, 4265, 4264, 4265.00, 1
7523, 30199, 3, 0, 34468, 34470, 4271, 4268, 1423.67, 1
7524, 30201, 7, 0, 34471, 39295, 9094, 9087, 1299.14, 1
7525, 30204, 2, 0, 34477, 34478, 4274, 4272, 2137.00, 1
7526, 30205, 4, 0, 34479, 34482, 4277, 4273, 1069.25, 1
7527, 30209, 2, 0, 34487, 34488, 4279, 4277, 2139.50, 1
7528, 30216, 2, 0, 34489, 34490, 4274, 4272, 2137.00, 1
7529, 30217, 3, 0, 34491, 34493, 4276, 4273, 1425.33, 1
7530, 30218, 1, 0, 34494, 34494, 4276, 4275, 4276.00, 1
7531, 30224, 8, 0, 34495, 39334, 9110, 9102, 1138.75, 1
7532, 30226, 5, 0, 34503, 39341, 9115, 9110, 1823.00, 1
7533, 30229, 6, 0, 34507, 39344, 9115, 9109, 1519.17, 1
7534, 30233, 12, 0, 34515, 44822, 14589, 14577, 1215.75, 1
7535, 30236, 28, 0, 34519, 49380, 19144, 19116, 683.71, 1
7536, 30238, 4, 0, 34525, 34528, 4290, 4286, 1072.50, 1
7537, 30239, 6, 0, 34529, 39373, 9134, 9128, 1522.33, 1
7538, 30242, 4, 0, 34533, 34536, 4294, 4290, 1073.50, 1
7539, 30243, 3, 0, 34537, 34539, 4296, 4293, 1432.00, 1
7540, 30248, 1, 0, 34543, 34543, 4295, 4294, 4295.00, 1
7541, 30252, 3, 0, 34548, 34550, 4298, 4295, 1432.67, 1
7542, 30262, 5, 0, 34554, 39405, 9143, 9138, 1828.60, 1
7543, 30265, 7, 0, 34560, 39412, 9147, 9140, 1306.71, 1
7544, 30267, 2, 0, 34564, 34565, 4298, 4296, 2149.00, 1
7545, 30268, 4, 0, 34566, 34569, 4301, 4297, 1075.25, 1
7546, 30278, 7, 0, 34574, 39427, 9149, 9142, 1307.00, 1
7547, 30279, 4, 0, 34578, 34581, 4302, 4298, 1075.50, 1
7548, 30280, 8, 0, 34582, 39438, 9158, 9150, 1144.75, 1
7549, 30283, 7, 0, 34588, 39444, 9161, 9154, 1308.71, 1
7550, 30289, 3, 0, 34592, 34594, 4305, 4302, 1435.00, 1
7551, 30294, 2, 0, 34595, 34596, 4302, 4300, 2151.00, 1
7552, 30295, 19, 0, 34597, 48740, 18445, 18426, 970.79, 1
7553, 30300, 3, 0, 34601, 34603, 4303, 4300, 1434.33, 1
7554, 30308, 6, 0, 34608, 39475, 9167, 9161, 1527.83, 1
7555, 30312, 8, 0, 34616, 39495, 9183, 9175, 1147.88, 1
7556, 30314, 2, 0, 34620, 34621, 4307, 4305, 2153.50, 1
7557, 30317, 1, 0, 34622, 34622, 4305, 4304, 4305.00, 1
7558, 30318, 3, 0, 34623, 34625, 4307, 4304, 1435.67, 1
7559, 30319, 1, 0, 34626, 34626, 4307, 4306, 4307.00, 1
7560, 30326, 8, 0, 34632, 39514, 9188, 9180, 1148.50, 1
7561, 30340, 2, 0, 34641, 34642, 4302, 4300, 2151.00, 1
7562, 30354, 3, 0, 34649, 34651, 4297, 4294, 1432.33, 1
7563, 30355, 3, 0, 34652, 34654, 4299, 4296, 1433.00, 1
7564, 30356, 2, 0, 34655, 34656, 4300, 4298, 2150.00, 1
7565, 30357, 22, 0, 34657, 49216, 18859, 18837, 857.23, 1
7566, 30361, 4, 0, 34665, 34668, 4307, 4303, 1076.75, 1
7567, 30362, 4, 0, 34669, 34672, 4310, 4306, 1077.50, 1
7568, 30369, 3, 0, 34677, 34679, 4310, 4307, 1436.67, 1
7569, 30370, 1, 0, 34680, 34680, 4310, 4309, 4310.00, 1
7570, 30373, 1, 0, 34682, 34682, 4309, 4308, 4309.00, 1
7571, 30374, 1, 0, 34683, 34683, 4309, 4308, 4309.00, 1
7572, 30376, 1, 0, 34684, 34684, 4308, 4307, 4308.00, 1
7573, 30381, 3, 0, 34685, 34687, 4306, 4303, 1435.33, 1
7574, 30385, 8, 0, 34689, 39584, 9199, 9191, 1149.88, 1
7575, 30391, 1, 0, 34697, 34697, 4306, 4305, 4306.00, 1
7576, 30394, 3, 0, 34698, 34700, 4306, 4303, 1435.33, 1
7577, 30408, 1, 0, 34707, 34707, 4299, 4298, 4299.00, 1
7578, 30411, 10, 0, 34708, 45073, 14662, 14652, 1466.20, 1
7579, 30412, 20, 0, 34712, 48775, 18363, 18343, 918.15, 1
7580, 30414, 3, 0, 34719, 34721, 4307, 4304, 1435.67, 1
7581, 30421, 5, 0, 34722, 39629, 9208, 9203, 1841.60, 1
7582, 30424, 3, 0, 34726, 34728, 4304, 4301, 1434.67, 1
7583, 30425, 5, 0, 34729, 39632, 9207, 9202, 1841.40, 1
7584, 30427, 12, 0, 34736, 45113, 14686, 14674, 1223.83, 1
7585, 30428, 10, 0, 34740, 45118, 14690, 14680, 1469.00, 1
7586, 30445, 3, 0, 34751, 34753, 4308, 4305, 1436.00, 1
7587, 30447, 2, 0, 34754, 34755, 4308, 4306, 2154.00, 1
7588, 30450, 1, 0, 34757, 34757, 4307, 4306, 4307.00, 1
7589, 30453, 1, 0, 34758, 34758, 4305, 4304, 4305.00, 1
7590, 30458, 4, 0, 34760, 34763, 4305, 4301, 1076.25, 1
7591, 30463, 1, 0, 34768, 34768, 4305, 4304, 4305.00, 1
7592, 30467, 1, 0, 34769, 34769, 4302, 4301, 4302.00, 1
7593, 30472, 4, 0, 34771, 34774, 4302, 4298, 1075.50, 1
7594, 30478, 3, 0, 34779, 34781, 4303, 4300, 1434.33, 1
7595, 30484, 4, 0, 34782, 34785, 4301, 4297, 1075.25, 1
7596, 30495, 2, 0, 34788, 34789, 4294, 4292, 2147.00, 1
7597, 30501, 4, 0, 34792, 34795, 4294, 4290, 1073.50, 1
7598, 30508, 2, 0, 34796, 34797, 4289, 4287, 2144.50, 1
7599, 30509, 4, 0, 34802, 34805, 4296, 4292, 1074.00, 1
7600, 30512, 2, 0, 34806, 34807, 4295, 4293, 2147.50, 1
7601, 30516, 5, 0, 34811, 39712, 9196, 9191, 1839.20, 1
7602, 30518, 1, 0, 34815, 34815, 4297, 4296, 4297.00, 1
7603, 30527, 2, 0, 34821, 34822, 4295, 4293, 2147.50, 1
7604, 30530, 4, 0, 34823, 34826, 4296, 4292, 1074.00, 1
7605, 30535, 1, 0, 34833, 34833, 4298, 4297, 4298.00, 1
7606, 30536, 2, 0, 34834, 34835, 4299, 4297, 2149.50, 1
7607, 30538, 3, 0, 34836, 34838, 4300, 4297, 1433.33, 1
7608, 30539, 1, 0, 34841, 34841, 4302, 4301, 4302.00, 1
7609, 30551, 4, 0, 34850, 34853, 4302, 4298, 1075.50, 1
7610, 30552, 8, 0, 34857, 39750, 9198, 9190, 1149.75, 1
7611, 30556, 1, 0, 34861, 34861, 4305, 4304, 4305.00, 1
7612, 30559, 14, 0, 34865, 47760, 17201, 17187, 1228.64, 1
7613, 30572, 4, 0, 34880, 34883, 4311, 4307, 1077.75, 1
7614, 30573, 5, 0, 34884, 39785, 9212, 9207, 1842.40, 1
7615, 30576, 10, 0, 34891, 45262, 14686, 14676, 1468.60, 1
7616, 30582, 3, 0, 34899, 34901, 4319, 4316, 1439.67, 1
7617, 30585, 1, 0, 34902, 34902, 4317, 4316, 4317.00, 1
7618, 30592, 1, 0, 34905, 34905, 4313, 4312, 4313.00, 1
7619, 30595, 5, 0, 34907, 39816, 9221, 9216, 1844.20, 1
7620, 30600, 18, 0, 34912, 48806, 18206, 18188, 1011.44, 1
7621, 30602, 1, 0, 34920, 34920, 4318, 4317, 4318.00, 1
7622, 30604, 3, 0, 34921, 34923, 4319, 4316, 1439.67, 1
7623, 30606, 2, 0, 34924, 34925, 4319, 4317, 2159.50, 1
7624, 30608, 2, 0, 34926, 34927, 4319, 4317, 2159.50, 1
7625, 30609, 12, 0, 34928, 45312, 14703, 14691, 1225.25, 1
7626, 30610, 32, 0, 34932, 49469, 18859, 18827, 589.34, 1
7627, 30615, 9, 0, 34936, 45320, 14705, 14696, 1633.89, 1
7628, 30620, 3, 0, 34943, 34945, 4325, 4322, 1441.67, 1
7629, 30624, 10, 0, 34950, 45348, 14724, 14714, 1472.40, 1
7630, 30625, 3, 0, 34954, 34956, 4331, 4328, 1443.67, 1
7631, 30627, 5, 0, 34957, 39888, 9261, 9256, 1852.20, 1
7632, 30631, 1, 0, 34961, 34961, 4330, 4329, 4330.00, 1
7633, 30645, 8, 0, 34962, 39892, 9247, 9239, 1155.88, 1
7634, 30650, 5, 0, 34970, 39899, 9249, 9244, 1849.80, 1
7635, 30664, 2, 0, 34975, 34976, 4312, 4310, 2156.00, 1
7636, 30665, 1, 0, 34977, 34977, 4312, 4311, 4312.00, 1
7637, 30667, 12, 0, 34978, 45384, 14717, 14705, 1226.42, 1
7638, 30668, 8, 0, 34982, 39917, 9249, 9241, 1156.12, 1
7639, 30676, 2, 0, 34987, 34988, 4312, 4310, 2156.00, 1
7640, 30679, 7, 0, 34993, 39931, 9252, 9245, 1321.71, 1
7641, 30683, 4, 0, 35001, 35004, 4321, 4317, 1080.25, 1
7642, 30686, 2, 0, 35005, 35006, 4320, 4318, 2160.00, 1
7643, 30694, 3, 0, 35013, 35015, 4321, 4318, 1440.33, 1
7644, 30695, 3, 0, 35016, 35018, 4323, 4320, 1441.00, 1
7645, 30696, 4, 0, 35019, 35022, 4326, 4322, 1081.50, 1
7646, 30697, 2, 0, 35027, 35028, 4331, 4329, 2165.50, 1
7647, 30699, 8, 0, 35029, 39951, 9252, 9244, 1156.50, 1
7648, 30705, 11, 0, 35033, 45457, 14752, 14741, 1341.09, 1
7649, 30707, 2, 0, 35037, 35038, 4331, 4329, 2165.50, 1
7650, 30708, 3, 0, 35039, 35041, 4333, 4330, 1444.33, 1
7651, 30709, 5, 0, 35046, 39975, 9266, 9261, 1853.20, 1
7652, 30719, 6, 0, 35051, 39977, 9258, 9252, 1543.00, 1
7653, 30725, 8, 0, 35059, 39988, 9263, 9255, 1157.88, 1
7654, 30739, 2, 0, 35065, 35066, 4327, 4325, 2163.50, 1
7655, 30742, 5, 0, 35071, 40002, 9260, 9255, 1852.00, 1
7656, 30743, 1, 0, 35075, 35075, 4332, 4331, 4332.00, 1
7657, 30744, 10, 0, 35076, 45523, 14779, 14769, 1477.90, 1
7658, 30747, 13, 0, 35084, 47908, 17161, 17148, 1320.08, 1
7659, 30748, 3, 0, 35088, 35090, 4342, 4339, 1447.33, 1
7660, 30750, 3, 0, 35091, 35093, 4343, 4340, 1447.67, 1
7661, 30753, 1, 0, 35096, 35096, 4343, 4342, 4343.00, 1
7662, 30754, 1, 0, 35097, 35097, 4343, 4342, 4343.00, 1
7663, 30756, 6, 0, 35098, 40035, 9279, 9273, 1546.50, 1
7664, 30761, 7, 0, 35105, 40049, 9288, 9281, 1326.86, 1
7665, 30773, 4, 0, 35113, 35116, 4343, 4339, 1085.75, 1
7666, 30774, 5, 0, 35117, 40059, 9285, 9280, 1857.00, 1
7667, 30780, 2, 0, 35125, 35126, 4346, 4344, 2173.00, 1
7668, 30781, 10, 0, 35127, 45587, 14806, 14796, 1480.60, 1
7669, 30782, 8, 0, 35131, 40075, 9293, 9285, 1161.62, 1
7670, 30783, 11, 0, 35139, 45618, 14835, 14824, 1348.64, 1
7671, 30787, 2, 0, 35143, 35144, 4357, 4355, 2178.50, 1
7672, 30789, 3, 0, 35145, 35147, 4358, 4355, 1452.67, 1
7673, 30791, 4, 0, 35148, 35151, 4360, 4356, 1090.00, 1
7674, 30792, 12, 0, 35152, 45626, 14834, 14822, 1236.17, 1
7675, 30796, 1, 0, 35160, 35160, 4364, 4363, 4364.00, 1
7676, 30799, 3, 0, 35161, 35163, 4364, 4361, 1454.67, 1
7677, 30800, 3, 0, 35164, 35166, 4366, 4363, 1455.33, 1
7678, 30807, 4, 0, 35167, 35170, 4363, 4359, 1090.75, 1
7679, 30811, 1, 0, 35171, 35171, 4360, 4359, 4360.00, 1
7680, 30820, 12, 0, 35179, 45655, 14835, 14823, 1236.25, 1
7681, 30823, 7, 0, 35184, 40132, 9309, 9302, 1329.86, 1
7682, 30824, 1, 0, 35188, 35188, 4364, 4363, 4364.00, 1
7683, 30826, 9, 0, 35189, 45675, 14849, 14840, 1649.89, 1
7684, 30833, 2, 0, 35193, 35194, 4361, 4359, 2180.50, 1
7685, 30834, 4, 0, 35195, 35198, 4364, 4360, 1091.00, 1
7686, 30835, 2, 0, 35202, 35203, 4368, 4366, 2184.00, 1
7687, 30838, 1, 0, 35204, 35204, 4366, 4365, 4366.00, 1
7688, 30844, 1, 0, 35209, 35209, 4365, 4364, 4365.00, 1
7689, 30849, 9, 0, 35214, 45706, 14857, 14848, 1650.78, 1
7690, 30850, 3, 0, 35218, 35220, 4370, 4367, 1456.67, 1
7691, 30854, 2, 0, 35222, 35223, 4369, 4367, 2184.50, 1
7692, 30862, 3, 0, 35225, 35227, 4365, 4362, 1455.00, 1
7693, 30864, 7, 0, 35228, 40198, 9334, 9327, 1333.43, 1
7694, 30884, 16, 0, 35238, 47980, 17096, 17080, 1068.50, 1
7695, 30886, 4, 0, 35242, 35245, 4359, 4355, 1089.75, 1
7696, 30887, 12, 0, 35246, 45725, 14838, 14826, 1236.50, 1
7697, 30888, 3, 0, 35250, 35252, 4364, 4361, 1454.67, 1
7698, 30894, 3, 0, 35257, 35259, 4365, 4362, 1455.00, 1
7699, 30896, 2, 0, 35260, 35261, 4365, 4363, 2182.50, 1
7700, 30901, 1, 0, 35262, 35262, 4361, 4360, 4361.00, 1
7701, 30905, 4, 0, 35265, 35268, 4363, 4359, 1090.75, 1
7702, 30917, 6, 0, 35271, 40261, 9344, 9338, 1557.33, 1
7703, 30919, 2, 0, 35275, 35276, 4357, 4355, 2178.50, 1
7704, 30920, 6, 0, 35277, 40267, 9347, 9341, 1557.83, 1
7705, 30925, 6, 0, 35282, 40269, 9344, 9338, 1557.33, 1
7706, 30931, 3, 0, 35286, 35288, 4357, 4354, 1452.33, 1
7707, 30937, 1, 0, 35293, 35293, 4356, 4355, 4356.00, 1
7708, 30943, 6, 0, 35298, 40282, 9339, 9333, 1556.50, 1
7709, 30950, 4, 0, 35306, 35309, 4359, 4355, 1089.75, 1
7710, 30952, 3, 0, 35310, 35312, 4360, 4357, 1453.33, 1
7711, 30955, 1, 0, 35316, 35316, 4361, 4360, 4361.00, 1
7712, 30962, 7, 0, 35317, 40293, 9331, 9324, 1333.00, 1
7713, 30963, 6, 0, 35324, 40299, 9336, 9330, 1556.00, 1
7714, 30972, 2, 0, 35332, 35333, 4361, 4359, 2180.50, 1
7715, 30976, 18, 0, 35336, 48905, 17929, 17911, 996.06, 1
7716, 30977, 3, 0, 35340, 35342, 4365, 4362, 1455.00, 1
7717, 30980, 10, 0, 35345, 45762, 14782, 14772, 1478.20, 1
7718, 30983, 4, 0, 35351, 35354, 4371, 4367, 1092.75, 1
7719, 30986, 3, 0, 35355, 35357, 4371, 4368, 1457.00, 1
7720, 30992, 8, 0, 35358, 40342, 9350, 9342, 1168.75, 1
7721, 30993, 1, 0, 35365, 35365, 4372, 4371, 4372.00, 1
7722, 30994, 2, 0, 35366, 35367, 4373, 4371, 2186.50, 1
7723, 30997, 2, 0, 35369, 35370, 4373, 4371, 2186.50, 1
7724, 31008, 2, 0, 35376, 35377, 4369, 4367, 2184.50, 1
7725, 31017, 4, 0, 35386, 35389, 4372, 4368, 1093.00, 1
7726, 31038, 2, 0, 35404, 35405, 4367, 4365, 2183.50, 1
7727, 31043, 1, 0, 35410, 35410, 4367, 4366, 4367.00, 1
7728, 31051, 3, 0, 35412, 35414, 4363, 4360, 1454.33, 1
7729, 31063, 9, 0, 35415, 45794, 14731, 14722, 1636.78, 1
7730, 31090, 1, 0, 35434, 35434, 4344, 4343, 4344.00, 1
7731, 31094, 5, 0, 35439, 40431, 9337, 9332, 1867.40, 1
7732, 31101, 8, 0, 35444, 40441, 9340, 9332, 1167.50, 1
7733, 31106, 2, 0, 35449, 35450, 4344, 4342, 2172.00, 1
7734, 31107, 6, 0, 35451, 40448, 9341, 9335, 1556.83, 1
7735, 31110, 6, 0, 35455, 40450, 9340, 9334, 1556.67, 1
7736, 31117, 14, 0, 35465, 48019, 16902, 16888, 1207.29, 1
7737, 31119, 2, 0, 35473, 35474, 4355, 4353, 2177.50, 1
7738, 31139, 4, 0, 35480, 35483, 4344, 4340, 1086.00, 1
7739, 31140, 3, 0, 35484, 35486, 4346, 4343, 1448.67, 1
7740, 31141, 5, 0, 35487, 40492, 9351, 9346, 1870.20, 1
7741, 31143, 7, 0, 35491, 40495, 9352, 9345, 1336.00, 1
7742, 31146, 7, 0, 35495, 40506, 9360, 9353, 1337.14, 1
7743, 31149, 9, 0, 35499, 45830, 14681, 14672, 1631.22, 1
7744, 31154, 8, 0, 35507, 40524, 9370, 9362, 1171.25, 1
7745, 31155, 6, 0, 35511, 40530, 9375, 9369, 1562.50, 1
7746, 31156, 8, 0, 35515, 40536, 9380, 9372, 1172.50, 1
7747, 31160, 11, 0, 35519, 45838, 14678, 14667, 1334.36, 1
7748, 31166, 8, 0, 35526, 40559, 9393, 9385, 1174.12, 1
7749, 31167, 5, 0, 35530, 40560, 9393, 9388, 1878.60, 1
7750, 31173, 18, 0, 35538, 48918, 17745, 17727, 985.83, 1
7751, 31176, 2, 0, 35542, 35543, 4367, 4365, 2183.50, 1
7752, 31177, 4, 0, 35544, 35547, 4370, 4366, 1092.50, 1
7753, 31179, 3, 0, 35548, 35550, 4371, 4368, 1457.00, 1
7754, 31181, 3, 0, 35555, 35557, 4376, 4373, 1458.67, 1
7755, 31182, 4, 0, 35558, 35561, 4379, 4375, 1094.75, 1
7756, 31187, 1, 0, 35562, 35562, 4375, 4374, 4375.00, 1
7757, 31189, 5, 0, 35563, 40603, 9414, 9409, 1882.80, 1
7758, 31191, 3, 0, 35567, 35569, 4378, 4375, 1459.33, 1
7759, 31195, 14, 0, 35570, 48031, 16836, 16822, 1202.57, 1
7760, 31196, 5, 0, 35574, 40609, 9413, 9408, 1882.60, 1
7761, 31202, 8, 0, 35579, 40613, 9411, 9403, 1176.38, 1
7762, 31209, 1, 0, 35587, 35587, 4378, 4377, 4378.00, 1
7763, 31211, 6, 0, 35588, 40619, 9408, 9402, 1568.00, 1
7764, 31214, 6, 0, 35592, 40621, 9407, 9401, 1567.83, 1
7765, 31219, 8, 0, 35596, 40625, 9406, 9398, 1175.75, 1
7766, 31226, 3, 0, 35607, 35609, 4383, 4380, 1461.00, 1
7767, 31228, 1, 0, 35610, 35610, 4382, 4381, 4382.00, 1
7768, 31230, 1, 0, 35615, 35615, 4385, 4384, 4385.00, 1
7769, 31231, 5, 0, 35616, 40652, 9421, 9416, 1884.20, 1
7770, 31241, 4, 0, 35624, 35627, 4386, 4382, 1096.50, 1
7771, 31242, 1, 0, 35628, 35628, 4386, 4385, 4386.00, 1
7772, 31249, 2, 0, 35633, 35634, 4385, 4383, 2192.50, 1
7773, 31253, 2, 0, 35635, 35636, 4383, 4381, 2191.50, 1
7774, 31264, 1, 0, 35643, 35643, 4379, 4378, 4379.00, 1
7775, 31272, 14, 0, 35647, 48038, 16766, 16752, 1197.57, 1
7776, 31275, 1, 0, 35654, 35654, 4379, 4378, 4379.00, 1
7777, 31278, 3, 0, 35655, 35657, 4379, 4376, 1459.67, 1
7778, 31280, 2, 0, 35662, 35663, 4383, 4381, 2191.50, 1
7779, 31281, 2, 0, 35664, 35665, 4384, 4382, 2192.00, 1
7780, 31282, 1, 0, 35666, 35666, 4384, 4383, 4384.00, 1
7781, 31291, 4, 0, 35675, 35678, 4387, 4383, 1096.75, 1
7782, 31293, 1, 0, 35679, 35679, 4386, 4385, 4386.00, 1
7783, 31301, 4, 0, 35688, 35691, 4390, 4386, 1097.50, 1
7784, 31304, 9, 0, 35692, 45897, 14593, 14584, 1621.44, 1
7785, 31306, 6, 0, 35700, 40739, 9433, 9427, 1572.17, 1
7786, 31308, 1, 0, 35704, 35704, 4396, 4395, 4396.00, 1
7787, 31313, 2, 0, 35707, 35708, 4395, 4393, 2197.50, 1
7788, 31314, 5, 0, 35709, 40747, 9433, 9428, 1886.60, 1
7789, 31320, 3, 0, 35713, 35715, 4395, 4392, 1465.00, 1
7790, 31322, 6, 0, 35716, 40749, 9427, 9421, 1571.17, 1
7791, 31326, 4, 0, 35724, 35727, 4401, 4397, 1100.25, 1
7792, 31327, 3, 0, 35728, 35730, 4403, 4400, 1467.67, 1
7793, 31334, 4, 0, 35735, 35738, 4404, 4400, 1101.00, 1
7794, 31336, 3, 0, 35740, 35742, 4406, 4403, 1468.67, 1
7795, 31338, 6, 0, 35743, 40780, 9442, 9436, 1573.67, 1
7796, 31340, 1, 0, 35747, 35747, 4407, 4406, 4407.00, 1
7797, 31341, 3, 0, 35748, 35750, 4409, 4406, 1469.67, 1
7798, 31342, 1, 0, 35751, 35751, 4409, 4408, 4409.00, 1
7799, 31349, 4, 0, 35756, 35759, 4410, 4406, 1102.50, 1
7800, 31350, 13, 0, 35760, 48047, 16697, 16684, 1284.38, 1
7801, 31351, 4, 0, 35764, 35767, 4416, 4412, 1104.00, 1
7802, 31355, 1, 0, 35768, 35768, 4413, 4412, 4413.00, 1
7803, 31362, 1, 0, 35774, 35774, 4412, 4411, 4412.00, 1
7804, 31363, 3, 0, 35775, 35777, 4414, 4411, 1471.33, 1
7805, 31364, 1, 0, 35778, 35778, 4414, 4413, 4414.00, 1
7806, 31365, 3, 0, 35779, 35781, 4416, 4413, 1472.00, 1
7807, 31368, 1, 0, 35786, 35786, 4418, 4417, 4418.00, 1
7808, 31372, 7, 0, 35787, 40828, 9456, 9449, 1350.86, 1
7809, 31373, 5, 0, 35794, 40836, 9463, 9458, 1892.60, 1
7810, 31374, 2, 0, 35798, 35799, 4425, 4423, 2212.50, 1
7811, 31377, 3, 0, 35800, 35802, 4425, 4422, 1475.00, 1
7812, 31378, 6, 0, 35803, 40842, 9464, 9458, 1577.33, 1
7813, 31383, 1, 0, 35815, 35815, 4432, 4431, 4432.00, 1
7814, 31384, 1, 0, 35816, 35816, 4432, 4431, 4432.00, 1
7815, 31385, 5, 0, 35817, 40858, 9473, 9468, 1894.60, 1
7816, 31391, 3, 0, 35823, 35825, 4434, 4431, 1478.00, 1
7817, 31395, 10, 0, 35826, 45945, 14550, 14540, 1455.00, 1
7818, 31396, 6, 0, 35830, 40870, 9474, 9468, 1579.00, 1
7819, 31397, 2, 0, 35834, 35835, 4438, 4436, 2219.00, 1
7820, 31398, 8, 0, 35837, 40874, 9476, 9468, 1184.50, 1
7821, 31405, 2, 0, 35843, 35844, 4439, 4437, 2219.50, 1
7822, 31406, 1, 0, 35845, 35845, 4439, 4438, 4439.00, 1
7823, 31408, 4, 0, 35846, 35849, 4441, 4437, 1110.25, 1
7824, 31409, 6, 0, 35850, 40885, 9476, 9470, 1579.33, 1
7825, 31410, 1, 0, 35858, 35858, 4448, 4447, 4448.00, 1
7826, 31414, 1, 0, 35859, 35859, 4445, 4444, 4445.00, 1
7827, 31418, 2, 0, 35861, 35862, 4444, 4442, 2222.00, 1
7828, 31420, 8, 0, 35863, 40905, 9485, 9477, 1185.62, 1
7829, 31422, 2, 0, 35867, 35868, 4446, 4444, 2223.00, 1
7830, 31425, 1, 0, 35870, 35870, 4445, 4444, 4445.00, 1
7831, 31427, 13, 0, 35871, 48066, 16639, 16626, 1279.92, 1
7832, 31431, 1, 0, 35875, 35875, 4444, 4443, 4444.00, 1
7833, 31432, 2, 0, 35876, 35877, 4445, 4443, 2222.50, 1
7834, 31437, 4, 0, 35882, 35885, 4448, 4444, 1112.00, 1
7835, 31451, 8, 0, 35894, 40953, 9502, 9494, 1187.75, 1
7836, 31453, 1, 0, 35898, 35898, 4445, 4444, 4445.00, 1
7837, 31458, 11, 0, 35903, 45988, 14530, 14519, 1320.91, 1
7838, 31464, 1, 0, 35907, 35907, 4443, 4442, 4443.00, 1
7839, 31471, 2, 0, 35909, 35910, 4439, 4437, 2219.50, 1
7840, 31472, 11, 0, 35911, 45991, 14519, 14508, 1319.91, 1
7841, 31475, 2, 0, 35916, 35917, 4442, 4440, 2221.00, 1
7842, 31477, 1, 0, 35918, 35918, 4441, 4440, 4441.00, 1
7843, 31481, 12, 0, 35923, 45996, 14515, 14503, 1209.58, 1
7844, 31482, 2, 0, 35929, 35930, 4448, 4446, 2224.00, 1
7845, 31489, 3, 0, 35934, 35936, 4447, 4444, 1482.33, 1
7846, 31490, 1, 0, 35937, 35937, 4447, 4446, 4447.00, 1
7847, 31494, 3, 0, 35938, 35940, 4446, 4443, 1482.00, 1
7848, 31502, 2, 0, 35941, 35942, 4440, 4438, 2220.00, 1
7849, 31503, 3, 0, 35947, 35949, 4446, 4443, 1482.00, 1
7850, 31507, 1, 0, 35950, 35950, 4443, 4442, 4443.00, 1
7851, 31509, 1, 0, 35955, 35955, 4446, 4445, 4446.00, 1
7852, 31511, 3, 0, 35956, 35958, 4447, 4444, 1482.33, 1
7853, 31517, 3, 0, 35965, 35967, 4450, 4447, 1483.33, 1
7854, 31518, 3, 0, 35968, 35970, 4452, 4449, 1484.00, 1
7855, 31520, 5, 0, 35971, 41037, 9517, 9512, 1903.40, 1
7856, 31531, 1, 0, 35979, 35979, 4448, 4447, 4448.00, 1
7857, 31534, 1, 0, 35980, 35980, 4446, 4445, 4446.00, 1
7858, 31539, 3, 0, 35985, 35987, 4448, 4445, 1482.67, 1
7859, 31540, 4, 0, 35988, 35991, 4451, 4447, 1112.75, 1
7860, 31550, 3, 0, 35999, 36001, 4451, 4448, 1483.67, 1
7861, 31554, 14, 0, 36002, 48089, 16535, 16521, 1181.07, 1
7862, 31556, 13, 0, 36006, 48090, 16534, 16521, 1271.85, 1
7863, 31559, 8, 0, 36010, 41091, 9532, 9524, 1191.50, 1
7864, 31561, 6, 0, 36018, 41097, 9536, 9530, 1589.33, 1
7865, 31563, 12, 0, 36022, 46047, 14484, 14472, 1207.00, 1
7866, 31569, 1, 0, 36027, 36027, 4458, 4457, 4458.00, 1
7867, 31573, 5, 0, 36028, 41108, 9535, 9530, 1907.00, 1
7868, 31576, 10, 0, 36032, 46053, 14477, 14467, 1447.70, 1
7869, 31577, 23, 0, 36036, 49272, 17695, 17672, 769.35, 1
7870, 31582, 16, 0, 36040, 48098, 16516, 16500, 1032.25, 1
7871, 31585, 4, 0, 36046, 36049, 4464, 4460, 1116.00, 1
7872, 31590, 2, 0, 36054, 36055, 4465, 4463, 2232.50, 1
7873, 31591, 5, 0, 36056, 41152, 9561, 9556, 1912.20, 1
7874, 31597, 6, 0, 36064, 41155, 9558, 9552, 1593.00, 1
7875, 31601, 5, 0, 36072, 41158, 9557, 9552, 1911.40, 1
7876, 31606, 1, 0, 36080, 36080, 4474, 4473, 4474.00, 1
7877, 31616, 1, 0, 36086, 36086, 4470, 4469, 4470.00, 1
7878, 31621, 1, 0, 36090, 36090, 4469, 4468, 4469.00, 1
7879, 31622, 3, 0, 36093, 36095, 4473, 4470, 1491.00, 1
7880, 31624, 15, 0, 36096, 48105, 16481, 16466, 1098.73, 1
7881, 31625, 1, 0, 36100, 36100, 4475, 4474, 4475.00, 1
7882, 31628, 3, 0, 36101, 36103, 4475, 4472, 1491.67, 1
7883, 31631, 1, 0, 36104, 36104, 4473, 4472, 4473.00, 1
7884, 31632, 8, 0, 36105, 41186, 9554, 9546, 1194.25, 1
7885, 31633, 4, 0, 36109, 36112, 4479, 4475, 1119.75, 1
7886, 31634, 1, 0, 36113, 36113, 4479, 4478, 4479.00, 1
7887, 31637, 1, 0, 36118, 36118, 4481, 4480, 4481.00, 1
7888, 31638, 10, 0, 36119, 46081, 14443, 14433, 1444.30, 1
7889, 31641, 11, 0, 36123, 46084, 14443, 14432, 1313.00, 1
7890, 31648, 8, 0, 36127, 41216, 9568, 9560, 1196.00, 1
7891, 31650, 2, 0, 36131, 36132, 4482, 4480, 2241.00, 1
7892, 31651, 8, 0, 36133, 41226, 9575, 9567, 1196.88, 1
7893, 31662, 2, 0, 36142, 36143, 4481, 4479, 2240.50, 1
7894, 31663, 2, 0, 36144, 36145, 4482, 4480, 2241.00, 1
7895, 31667, 1, 0, 36150, 36150, 4483, 4482, 4483.00, 1
7896, 31671, 2, 0, 36151, 36152, 4481, 4479, 2240.50, 1
7897, 31674, 1, 0, 36153, 36153, 4479, 4478, 4479.00, 1
7898, 31676, 3, 0, 36154, 36156, 4480, 4477, 1493.33, 1
7899, 31680, 6, 0, 36157, 41255, 9575, 9569, 1595.83, 1
7900, 31692, 10, 0, 36165, 46107, 14415, 14405, 1441.50, 1
7901, 31704, 1, 0, 36175, 36175, 4471, 4470, 4471.00, 1
7902, 31716, 2, 0, 36177, 36178, 4462, 4460, 2231.00, 1
7903, 31724, 2, 0, 36181, 36182, 4458, 4456, 2229.00, 1
7904, 31737, 7, 0, 36186, 41312, 9575, 9568, 1367.86, 1
7905, 31745, 3, 0, 36190, 36192, 4447, 4444, 1482.33, 1
7906, 31750, 1, 0, 36197, 36197, 4447, 4446, 4447.00, 1
7907, 31752, 4, 0, 36198, 36201, 4449, 4445, 1112.25, 1
7908, 31754, 7, 0, 36202, 41329, 9575, 9568, 1367.86, 1
7909, 31756, 4, 0, 36206, 36209, 4453, 4449, 1113.25, 1
7910, 31759, 1, 0, 36210, 36210, 4451, 4450, 4451.00, 1
7911, 31761, 5, 0, 36211, 41336, 9575, 9570, 1915.00, 1
7912, 31763, 7, 0, 36215, 41340, 9577, 9570, 1368.14, 1
7913, 31767, 3, 0, 36223, 36225, 4458, 4455, 1486.00, 1
7914, 31774, 6, 0, 36226, 41354, 9580, 9574, 1596.67, 1
7915, 31775, 21, 0, 36230, 49291, 17516, 17495, 834.10, 1
7916, 31778, 5, 0, 36234, 41367, 9589, 9584, 1917.80, 1
7917, 31783, 1, 0, 36241, 36241, 4458, 4457, 4458.00, 1
7918, 31793, 8, 0, 36248, 41385, 9592, 9584, 1199.00, 1
7919, 31796, 12, 0, 36252, 46171, 14375, 14363, 1197.92, 1
7920, 31801, 4, 0, 36260, 36263, 4462, 4458, 1115.50, 1
7921, 31803, 9, 0, 36264, 46181, 14378, 14369, 1597.56, 1
7922, 31805, 2, 0, 36268, 36269, 4464, 4462, 2232.00, 1
7923, 31809, 19, 0, 36274, 48971, 17162, 17143, 903.26, 1
7924, 31810, 3, 0, 36278, 36280, 4470, 4467, 1490.00, 1
7925, 31814, 6, 0, 36285, 41437, 9623, 9617, 1603.83, 1
7926, 31819, 4, 0, 36289, 36292, 4473, 4469, 1118.25, 1
7927, 31827, 3, 0, 36299, 36301, 4474, 4471, 1491.33, 1
7928, 31834, 1, 0, 36306, 36306, 4472, 4471, 4472.00, 1
7929, 31837, 25, 0, 36311, 49426, 17589, 17564, 703.56, 1
7930, 31839, 2, 0, 36315, 36316, 4477, 4475, 2238.50, 1
7931, 31848, 6, 0, 36321, 41476, 9628, 9622, 1604.67, 1
7932, 31851, 1, 0, 36326, 36326, 4475, 4474, 4475.00, 1
7933, 31852, 3, 0, 36327, 36329, 4477, 4474, 1492.33, 1
7934, 31853, 3, 0, 36330, 36332, 4479, 4476, 1493.00, 1
7935, 31854, 7, 0, 36337, 41486, 9632, 9625, 1376.00, 1
7936, 31855, 3, 0, 36341, 36343, 4488, 4485, 1496.00, 1
7937, 31856, 4, 0, 36344, 36347, 4491, 4487, 1122.75, 1
7938, 31858, 4, 0, 36348, 36351, 4493, 4489, 1123.25, 1
7939, 31877, 2, 0, 36356, 36357, 4480, 4478, 2240.00, 1
7940, 31880, 4, 0, 36362, 36365, 4485, 4481, 1121.25, 1
7941, 31881, 1, 0, 36366, 36366, 4485, 4484, 4485.00, 1
7942, 31886, 2, 0, 36369, 36370, 4484, 4482, 2242.00, 1
7943, 31896, 3, 0, 36376, 36378, 4482, 4479, 1494.00, 1
7944, 31901, 10, 0, 36379, 46227, 14326, 14316, 1432.60, 1
7945, 31903, 4, 0, 36384, 36387, 4484, 4480, 1121.00, 1
7946, 31906, 27, 0, 36388, 49429, 17523, 17496, 649.00, 1
7947, 31914, 10, 0, 36396, 46239, 14325, 14315, 1432.50, 1
7948, 31917, 2, 0, 36404, 36405, 4488, 4486, 2244.00, 1
7949, 31922, 2, 0, 36410, 36411, 4489, 4487, 2244.50, 1
7950, 31923, 1, 0, 36412, 36412, 4489, 4488, 4489.00, 1
7951, 31927, 4, 0, 36414, 36417, 4490, 4486, 1122.50, 1
7952, 31931, 6, 0, 36421, 41572, 9641, 9635, 1606.83, 1
7953, 31934, 2, 0, 36425, 36426, 4492, 4490, 2246.00, 1
7954, 31935, 5, 0, 36427, 41577, 9642, 9637, 1928.40, 1
7955, 31949, 2, 0, 36436, 36437, 4488, 4486, 2244.00, 1
7956, 31953, 4, 0, 36441, 36444, 4491, 4487, 1122.75, 1
7957, 31960, 7, 0, 36449, 41597, 9637, 9630, 1376.71, 1
7958, 31961, 1, 0, 36453, 36453, 4492, 4491, 4492.00, 1
7959, 31964, 3, 0, 36456, 36458, 4494, 4491, 1498.00, 1
7960, 31970, 2, 0, 36459, 36460, 4490, 4488, 2245.00, 1
7961, 31973, 7, 0, 36465, 41615, 9642, 9635, 1377.43, 1
7962, 31975, 10, 0, 36469, 46256, 14281, 14271, 1428.10, 1
7963, 31986, 1, 0, 36481, 36481, 4495, 4494, 4495.00, 1
7964, 31992, 4, 0, 36482, 36485, 4493, 4489, 1123.25, 1
7965, 31997, 2, 0, 36486, 36487, 4490, 4488, 2245.00, 1
7966, 31998, 3, 0, 36488, 36490, 4492, 4489, 1497.33, 1
7967, 32001, 4, 0, 36492, 36495, 4494, 4490, 1123.50, 1
7968, 32004, 9, 0, 36496, 46277, 14273, 14264, 1585.89, 1
7969, 32006, 5, 0, 36504, 41663, 9657, 9652, 1931.40, 1
7970, 32008, 2, 0, 36508, 36509, 4501, 4499, 2250.50, 1
7971, 32013, 2, 0, 36510, 36511, 4498, 4496, 2249.00, 1
7972, 32019, 8, 0, 36512, 41677, 9658, 9650, 1207.25, 1
7973, 32020, 3, 0, 36516, 36518, 4498, 4495, 1499.33, 1
7974, 32022, 2, 0, 36519, 36520, 4498, 4496, 2249.00, 1
7975, 32028, 1, 0, 36525, 36525, 4497, 4496, 4497.00, 1
7976, 32032, 5, 0, 36526, 41686, 9654, 9649, 1930.80, 1
7977, 32033, 10, 0, 36534, 46304, 14271, 14261, 1427.10, 1
7978, 32047, 8, 0, 36544, 41719, 9672, 9664, 1209.00, 1
7979, 32058, 11, 0, 36558, 46320, 14262, 14251, 1296.55, 1
7980, 32060, 11, 0, 36562, 46323, 14263, 14252, 1296.64, 1
7981, 32062, 3, 0, 36569, 36571, 4509, 4506, 1503.00, 1
7982, 32064, 8, 0, 36572, 41753, 9689, 9681, 1211.12, 1
7983, 32066, 3, 0, 36576, 36578, 4512, 4509, 1504.00, 1
7984, 32069, 5, 0, 36583, 41765, 9696, 9691, 1939.20, 1
7985, 32071, 1, 0, 36587, 36587, 4516, 4515, 4516.00, 1
7986, 32072, 2, 0, 36588, 36589, 4517, 4515, 2258.50, 1
7987, 32078, 1, 0, 36594, 36594, 4516, 4515, 4516.00, 1
7988, 32079, 2, 0, 36595, 36596, 4517, 4515, 2258.50, 1
7989, 32082, 1, 0, 36600, 36600, 4518, 4517, 4518.00, 1
7990, 32083, 6, 0, 36601, 41775, 9692, 9686, 1615.33, 1
7991, 32085, 3, 0, 36605, 36607, 4522, 4519, 1507.33, 1
7992, 32086, 7, 0, 36608, 41786, 9700, 9693, 1385.71, 1
7993, 32089, 4, 0, 36616, 36619, 4530, 4526, 1132.50, 1
7994, 32092, 4, 0, 36624, 36627, 4535, 4531, 1133.75, 1
7995, 32094, 2, 0, 36628, 36629, 4535, 4533, 2267.50, 1
7996, 32095, 1, 0, 36630, 36630, 4535, 4534, 4535.00, 1
7997, 32096, 1, 0, 36635, 36635, 4539, 4538, 4539.00, 1
7998, 32100, 1, 0, 36636, 36636, 4536, 4535, 4536.00, 1
7999, 32104, 1, 0, 36637, 36637, 4533, 4532, 4533.00, 1
8000, 32107, 3, 0, 36640, 36642, 4535, 4532, 1511.67, 1
8001, 32132, 3, 0, 36653, 36655, 4523, 4520, 1507.67, 1
8002, 32138, 11, 0, 36659, 46366, 14228, 14217, 1293.45, 1
8003, 32139, 1, 0, 36663, 36663, 4524, 4523, 4524.00, 1
8004, 32141, 9, 0, 36664, 46367, 14226, 14217, 1580.67, 1
8005, 32144, 3, 0, 36668, 36670, 4526, 4523, 1508.67, 1
8006, 32146, 3, 0, 36671, 36673, 4527, 4524, 1509.00, 1
8007, 32147, 17, 0, 36677, 48996, 16849, 16832, 991.12, 1
8008, 32151, 1, 0, 36681, 36681, 4530, 4529, 4530.00, 1
8009, 32158, 8, 0, 36689, 41876, 9718, 9710, 1214.75, 1
8010, 32159, 4, 0, 36693, 36696, 4537, 4533, 1134.25, 1
8011, 32172, 2, 0, 36700, 36701, 4529, 4527, 2264.50, 1
8012, 32173, 2, 0, 36702, 36703, 4530, 4528, 2265.00, 1
8013, 32175, 9, 0, 36704, 46384, 14209, 14200, 1578.78, 1
8014, 32177, 3, 0, 36708, 36710, 4533, 4530, 1511.00, 1
8015, 32179, 9, 0, 36711, 46385, 14206, 14197, 1578.44, 1
8016, 32183, 3, 0, 36719, 36721, 4538, 4535, 1512.67, 1
8017, 32188, 16, 0, 36722, 48231, 16043, 16027, 1002.69, 1
8018, 32203, 2, 0, 36740, 36741, 4538, 4536, 2269.00, 1
8019, 32213, 15, 0, 36746, 48238, 16025, 16010, 1068.33, 1
8020, 32220, 9, 0, 36750, 46405, 14185, 14176, 1576.11, 1
8021, 32226, 3, 0, 36754, 36756, 4530, 4527, 1510.00, 1
8022, 32227, 6, 0, 36757, 41946, 9719, 9713, 1619.83, 1
8023, 32229, 2, 0, 36762, 36763, 4534, 4532, 2267.00, 1
8024, 32234, 3, 0, 36767, 36769, 4535, 4532, 1511.67, 1
8025, 32237, 9, 0, 36771, 46409, 14172, 14163, 1574.67, 1
8026, 32240, 4, 0, 36775, 36778, 4538, 4534, 1134.50, 1
8027, 32241, 6, 0, 36779, 41964, 9723, 9717, 1620.50, 1
8028, 32242, 2, 0, 36783, 36784, 4542, 4540, 2271.00, 1
8029, 32243, 3, 0, 36787, 36789, 4546, 4543, 1515.33, 1
8030, 32247, 7, 0, 36790, 41982, 9735, 9728, 1390.71, 1
8031, 32248, 8, 0, 36794, 41986, 9738, 9730, 1217.25, 1
8032, 32253, 1, 0, 36798, 36798, 4545, 4544, 4545.00, 1
8033, 32254, 3, 0, 36799, 36801, 4547, 4544, 1515.67, 1
8034, 32256, 7, 0, 36802, 42000, 9744, 9737, 1392.00, 1
8035, 32259, 1, 0, 36806, 36806, 4547, 4546, 4547.00, 1
8036, 32270, 5, 0, 36811, 42008, 9738, 9733, 1947.60, 1
8037, 32273, 5, 0, 36819, 42017, 9744, 9739, 1948.80, 1
8038, 32274, 5, 0, 36823, 42018, 9744, 9739, 1948.80, 1
8039, 32275, 5, 0, 36827, 42025, 9750, 9745, 1950.00, 1
8040, 32280, 5, 0, 36834, 42033, 9753, 9748, 1950.60, 1
8041, 32282, 4, 0, 36838, 36841, 4559, 4555, 1139.75, 1
8042, 32288, 5, 0, 36848, 42049, 9761, 9756, 1952.20, 1
8043, 32291, 9, 0, 36852, 46437, 14146, 14137, 1571.78, 1
8044, 32292, 4, 0, 36859, 36862, 4570, 4566, 1142.50, 1
8045, 32295, 2, 0, 36863, 36864, 4569, 4567, 2284.50, 1
8046, 32299, 15, 0, 36866, 48258, 15959, 15944, 1063.93, 1
8047, 32303, 4, 0, 36871, 36874, 4571, 4567, 1142.75, 1
8048, 32305, 3, 0, 36879, 36881, 4576, 4573, 1525.33, 1
8049, 32332, 2, 0, 36884, 36885, 4553, 4551, 2276.50, 1
8050, 32342, 6, 0, 36894, 42101, 9759, 9753, 1626.50, 1
8051, 32344, 19, 0, 36898, 49008, 16664, 16645, 877.05, 1
8052, 32346, 5, 0, 36902, 42112, 9766, 9761, 1953.20, 1
8053, 32347, 8, 0, 36906, 42116, 9769, 9761, 1221.12, 1
8054, 32355, 5, 0, 36910, 42117, 9762, 9757, 1952.40, 1
8055, 32357, 4, 0, 36918, 36921, 4564, 4560, 1141.00, 1
8056, 32360, 1, 0, 36922, 36922, 4562, 4561, 4562.00, 1
8057, 32361, 4, 0, 36927, 36930, 4569, 4565, 1142.25, 1
8058, 32370, 3, 0, 36931, 36933, 4563, 4560, 1521.00, 1
8059, 32371, 5, 0, 36938, 42148, 9777, 9772, 1955.40, 1
8060, 32374, 4, 0, 36942, 36945, 4571, 4567, 1142.75, 1
8061, 32375, 2, 0, 36947, 36948, 4573, 4571, 2286.50, 1
8062, 32378, 6, 0, 36949, 42160, 9782, 9776, 1630.33, 1
8063, 32379, 1, 0, 36953, 36953, 4574, 4573, 4574.00, 1
8064, 32380, 1, 0, 36954, 36954, 4574, 4573, 4574.00, 1
8065, 32381, 3, 0, 36955, 36957, 4576, 4573, 1525.33, 1
8066, 32382, 2, 0, 36962, 36963, 4581, 4579, 2290.50, 1
8067, 32392, 8, 0, 36965, 42183, 9791, 9783, 1223.88, 1
8068, 32394, 10, 0, 36973, 46503, 14109, 14099, 1410.90, 1
8069, 32395, 1, 0, 36977, 36977, 4582, 4581, 4582.00, 1
8070, 32397, 7, 0, 36978, 42199, 9802, 9795, 1400.29, 1
8071, 32399, 8, 0, 36982, 42203, 9804, 9796, 1225.50, 1
8072, 32409, 3, 0, 36992, 36994, 4585, 4582, 1528.33, 1
8073, 32416, 20, 0, 36998, 49024, 16608, 16588, 830.40, 1
8074, 32418, 5, 0, 37002, 42225, 9807, 9802, 1961.40, 1
8075, 32425, 4, 0, 37006, 37009, 4584, 4580, 1146.00, 1
8076, 32429, 12, 0, 37014, 46527, 14098, 14086, 1174.83, 1
8077, 32432, 9, 0, 37018, 46528, 14096, 14087, 1566.22, 1
8078, 32435, 3, 0, 37022, 37024, 4589, 4586, 1529.67, 1
8079, 32436, 4, 0, 37025, 37028, 4592, 4588, 1148.00, 1
8080, 32447, 1, 0, 37029, 37029, 4582, 4581, 4582.00, 1
8081, 32451, 5, 0, 37032, 42267, 9816, 9811, 1963.20, 1
8082, 32454, 1, 0, 37036, 37036, 4582, 4581, 4582.00, 1
8083, 32460, 2, 0, 37038, 37039, 4579, 4577, 2289.50, 1
8084, 32461, 2, 0, 37040, 37041, 4580, 4578, 2290.00, 1
8085, 32464, 9, 0, 37046, 46539, 14075, 14066, 1563.89, 1
8086, 32467, 12, 0, 37050, 46543, 14076, 14064, 1173.00, 1
8087, 32468, 3, 0, 37054, 37056, 4588, 4585, 1529.33, 1
8088, 32469, 3, 0, 37057, 37059, 4590, 4587, 1530.00, 1
8089, 32472, 1, 0, 37064, 37064, 4592, 4591, 4592.00, 1
8090, 32477, 2, 0, 37065, 37066, 4589, 4587, 2294.50, 1
8091, 32479, 11, 0, 37067, 46551, 14072, 14061, 1279.27, 1
8092, 32485, 6, 0, 37071, 42310, 9825, 9819, 1637.50, 1
8093, 32486, 2, 0, 37075, 37076, 4590, 4588, 2295.00, 1
8094, 32488, 5, 0, 37081, 42323, 9835, 9830, 1967.00, 1
8095, 32491, 13, 0, 37085, 48304, 15813, 15800, 1216.38, 1
8096, 32493, 8, 0, 37093, 42340, 9847, 9839, 1230.88, 1
8097, 32500, 2, 0, 37097, 37098, 4598, 4596, 2299.00, 1
8098, 32503, 5, 0, 37099, 42346, 9843, 9838, 1968.60, 1
8099, 32517, 1, 0, 37111, 37111, 4594, 4593, 4594.00, 1
8100, 32522, 9, 0, 37112, 46570, 14048, 14039, 1560.89, 1
8101, 32535, 2, 0, 37117, 37118, 4583, 4581, 2291.50, 1
8102, 32538, 3, 0, 37121, 37123, 4585, 4582, 1528.33, 1
8103, 32541, 10, 0, 37128, 46572, 14031, 14021, 1403.10, 1
8104, 32566, 5, 0, 37139, 42369, 9803, 9798, 1960.60, 1
8105, 32568, 17, 0, 37143, 49029, 16461, 16444, 968.29, 1
8106, 32575, 2, 0, 37147, 37148, 4573, 4571, 2286.50, 1
8107, 32579, 2, 0, 37149, 37150, 4571, 4569, 2285.50, 1
8108, 32585, 2, 0, 37155, 37156, 4571, 4569, 2285.50, 1
8109, 32588, 1, 0, 37161, 37161, 4573, 4572, 4573.00, 1
8110, 32592, 3, 0, 37162, 37164, 4572, 4569, 1524.00, 1
8111, 32598, 1, 0, 37171, 37171, 4573, 4572, 4573.00, 1
8112, 32608, 1, 0, 37173, 37173, 4565, 4564, 4565.00, 1
8113, 32618, 1, 0, 37180, 37180, 4562, 4561, 4562.00, 1
8114, 32625, 2, 0, 37183, 37184, 4559, 4557, 2279.50, 1
8115, 32629, 2, 0, 37185, 37186, 4557, 4555, 2278.50, 1
8116, 32630, 9, 0, 37187, 46591, 13961, 13952, 1551.22, 1
8117, 32632, 2, 0, 37191, 37192, 4560, 4558, 2280.00, 1
8118, 32634, 2, 0, 37193, 37194, 4560, 4558, 2280.00, 1
8119, 32639, 3, 0, 37195, 37197, 4558, 4555, 1519.33, 1
8120, 32640, 11, 0, 37198, 46595, 13955, 13944, 1268.64, 1
8121, 32645, 1, 0, 37202, 37202, 4557, 4556, 4557.00, 1
8122, 32649, 5, 0, 37207, 42420, 9771, 9766, 1954.20, 1
8123, 32652, 8, 0, 37215, 42432, 9780, 9772, 1222.50, 1
8124, 32660, 4, 0, 37219, 37222, 4562, 4558, 1140.50, 1
8125, 32669, 5, 0, 37224, 42449, 9780, 9775, 1956.00, 1
8126, 32671, 2, 0, 37228, 37229, 4558, 4556, 2279.00, 1
8127, 32673, 4, 0, 37230, 37233, 4560, 4556, 1140.00, 1
8128, 32675, 3, 0, 37234, 37236, 4561, 4558, 1520.33, 1
8129, 32683, 11, 0, 37241, 46621, 13938, 13927, 1267.09, 1
8130, 32687, 7, 0, 37245, 42474, 9787, 9780, 1398.14, 1
8131, 32689, 1, 0, 37249, 37249, 4560, 4559, 4560.00, 1
8132, 32690, 3, 0, 37254, 37256, 4566, 4563, 1522.00, 1
8133, 32692, 15, 0, 37257, 48331, 15639, 15624, 1042.60, 1
8134, 32698, 3, 0, 37265, 37267, 4569, 4566, 1523.00, 1
8135, 32702, 6, 0, 37268, 42505, 9803, 9797, 1633.83, 1
8136, 32704, 5, 0, 37272, 42510, 9806, 9801, 1961.20, 1
8137, 32708, 2, 0, 37277, 37278, 4570, 4568, 2285.00, 1
8138, 32709, 3, 0, 37279, 37281, 4572, 4569, 1524.00, 1
8139, 32711, 4, 0, 37282, 37285, 4574, 4570, 1143.50, 1
8140, 32713, 6, 0, 37286, 42518, 9805, 9799, 1634.17, 1
8141, 32715, 3, 0, 37293, 37295, 4580, 4577, 1526.67, 1
8142, 32718, 4, 0, 37300, 37303, 4585, 4581, 1146.25, 1
8143, 32719, 1, 0, 37304, 37304, 4585, 4584, 4585.00, 1
8144, 32722, 8, 0, 37309, 42535, 9813, 9805, 1226.62, 1
8145, 32724, 1, 0, 37313, 37313, 4589, 4588, 4589.00, 1
8146, 32725, 2, 0, 37314, 37315, 4590, 4588, 2295.00, 1
8147, 32726, 1, 0, 37316, 37316, 4590, 4589, 4590.00, 1
8148, 32731, 3, 0, 37317, 37319, 4588, 4585, 1529.33, 1
8149, 32734, 2, 0, 37322, 37323, 4589, 4587, 2294.50, 1
8150, 32741, 10, 0, 37324, 46655, 13914, 13904, 1391.40, 1
8151, 32742, 5, 0, 37329, 42541, 9799, 9794, 1959.80, 1
8152, 32744, 12, 0, 37333, 46659, 13915, 13903, 1159.58, 1
8153, 32745, 5, 0, 37337, 42549, 9804, 9799, 1960.80, 1
8154, 32747, 1, 0, 37341, 37341, 4594, 4593, 4594.00, 1
8155, 32751, 12, 0, 37345, 46663, 13912, 13900, 1159.33, 1
8156, 32753, 4, 0, 37350, 37353, 4600, 4596, 1150.00, 1
8157, 32760, 1, 0, 37354, 37354, 4594, 4593, 4594.00, 1
8158, 32762, 8, 0, 37359, 42565, 9803, 9795, 1225.38, 1
8159, 32763, 4, 0, 37363, 37366, 4603, 4599, 1150.75, 1
8160, 32767, 4, 0, 37371, 37374, 4607, 4603, 1151.75, 1
8161, 32774, 1, 0, 37379, 37379, 4605, 4604, 4605.00, 1
8162, 32775, 5, 0, 37380, 42586, 9811, 9806, 1962.20, 1
8163, 32776, 2, 0, 37384, 37385, 4609, 4607, 2304.50, 1
8164, 32791, 3, 0, 37391, 37393, 4602, 4599, 1534.00, 1
8165, 32795, 2, 0, 37398, 37399, 4604, 4602, 2302.00, 1
8166, 32798, 2, 0, 37400, 37401, 4603, 4601, 2301.50, 1
8167, 32800, 4, 0, 37402, 37405, 4605, 4601, 1151.25, 1
8168, 32801, 5, 0, 37406, 42617, 9816, 9811, 1963.20, 1
8169, 32805, 1, 0, 37414, 37414, 4609, 4608, 4609.00, 1
8170, 32806, 3, 0, 37415, 37417, 4611, 4608, 1537.00, 1
8171, 32808, 1, 0, 37418, 37418, 4610, 4609, 4610.00, 1
8172, 32810, 5, 0, 37419, 42626, 9816, 9811, 1963.20, 1
8173, 32812, 4, 0, 37423, 37426, 4614, 4610, 1153.50, 1
8174, 32813, 5, 0, 37427, 42636, 9823, 9818, 1964.60, 1
8175, 32817, 1, 0, 37431, 37431, 4614, 4613, 4614.00, 1
8176, 32826, 1, 0, 37432, 37432, 4606, 4605, 4606.00, 1
8177, 32828, 1, 0, 37433, 37433, 4605, 4604, 4605.00, 1
8178, 32838, 1, 0, 37439, 37439, 4601, 4600, 4601.00, 1
8179, 32840, 6, 0, 37440, 42647, 9807, 9801, 1634.50, 1
8180, 32841, 3, 0, 37444, 37446, 4605, 4602, 1535.00, 1
8181, 32852, 4, 0, 37452, 37455, 4603, 4599, 1150.75, 1
8182, 32859, 1, 0, 37459, 37459, 4600, 4599, 4600.00, 1
8183, 32864, 10, 0, 37460, 46708, 13844, 13834, 1384.40, 1
8184, 32867, 1, 0, 37468, 37468, 4601, 4600, 4601.00, 1
8185, 32873, 1, 0, 37469, 37469, 4596, 4595, 4596.00, 1
8186, 32883, 6, 0, 37475, 42685, 9802, 9796, 1633.67, 1
8187, 32884, 4, 0, 37479, 37482, 4598, 4594, 1149.50, 1
8188, 32887, 8, 0, 37483, 42693, 9806, 9798, 1225.75, 1
8189, 32888, 2, 0, 37487, 37488, 4600, 4598, 2300.00, 1
8190, 32889, 9, 0, 37489, 46715, 13826, 13817, 1536.22, 1
8191, 32890, 1, 0, 37497, 37497, 4607, 4606, 4607.00, 1
8192, 32893, 2, 0, 37498, 37499, 4606, 4604, 2303.00, 1
8193, 32897, 4, 0, 37504, 37507, 4610, 4606, 1152.50, 1
8194, 32899, 8, 0, 37510, 42721, 9822, 9814, 1227.75, 1
8195, 32900, 5, 0, 37514, 42724, 9824, 9819, 1964.80, 1
8196, 32901, 8, 0, 37518, 42733, 9832, 9824, 1229.00, 1
8197, 32902, 4, 0, 37526, 37529, 4627, 4623, 1156.75, 1
8198, 32916, 4, 0, 37540, 37543, 4627, 4623, 1156.75, 1
8199, 32926, 10, 0, 37544, 46723, 13797, 13787, 1379.70, 1
8200, 32927, 1, 0, 37548, 37548, 4621, 4620, 4621.00, 1
8201, 32933, 1, 0, 37549, 37549, 4616, 4615, 4616.00, 1
8202, 32938, 2, 0, 37551, 37552, 4614, 4612, 2307.00, 1
8203, 32941, 5, 0, 37553, 42761, 9820, 9815, 1964.00, 1
8204, 32955, 1, 0, 37559, 37559, 4604, 4603, 4604.00, 1
8205, 32969, 2, 0, 37561, 37562, 4593, 4591, 2296.50, 1
8206, 32974, 6, 0, 37570, 42768, 9794, 9788, 1632.33, 1
8207, 32984, 2, 0, 37580, 37581, 4597, 4595, 2298.50, 1
8208, 32986, 3, 0, 37582, 37584, 4598, 4595, 1532.67, 1
8209, 32992, 1, 0, 37586, 37586, 4594, 4593, 4594.00, 1
8210, 33013, 1, 0, 37600, 37600, 4587, 4586, 4587.00, 1
8211, 33014, 1, 0, 37601, 37601, 4587, 4586, 4587.00, 1
8212, 33020, 6, 0, 37607, 42803, 9783, 9777, 1630.50, 1
8213, 33021, 3, 0, 37611, 37613, 4592, 4589, 1530.67, 1
8214, 33023, 5, 0, 37614, 42817, 9794, 9789, 1958.80, 1
8215, 33024, 3, 0, 37618, 37620, 4596, 4593, 1532.00, 1
8216, 33030, 12, 0, 37623, 46749, 13719, 13707, 1143.25, 1
8217, 33032, 1, 0, 37628, 37628, 4596, 4595, 4596.00, 1
8218, 33037, 2, 0, 37633, 37634, 4597, 4595, 2298.50, 1
8219, 33039, 9, 0, 37639, 46751, 13712, 13703, 1523.56, 1
8220, 33040, 2, 0, 37643, 37644, 4604, 4602, 2302.00, 1
8221, 33043, 3, 0, 37645, 37647, 4604, 4601, 1534.67, 1
8222, 33045, 4, 0, 37648, 37651, 4606, 4602, 1151.50, 1
8223, 33048, 11, 0, 37652, 46760, 13712, 13701, 1246.55, 1
8224, 33059, 4, 0, 37662, 37665, 4606, 4602, 1151.50, 1
8225, 33061, 12, 0, 37668, 46764, 13703, 13691, 1141.92, 1
8226, 33063, 10, 0, 37672, 46766, 13703, 13693, 1370.30, 1
8227, 33067, 6, 0, 37680, 42883, 9816, 9810, 1636.00, 1
8228, 33068, 2, 0, 37684, 37685, 4617, 4615, 2308.50, 1
8229, 33070, 3, 0, 37686, 37688, 4618, 4615, 1539.33, 1
8230, 33073, 1, 0, 37689, 37689, 4616, 4615, 4616.00, 1
8231, 33078, 1, 0, 37694, 37694, 4616, 4615, 4616.00, 1
8232, 33080, 6, 0, 37695, 42888, 9808, 9802, 1634.67, 1
8233, 33084, 4, 0, 37699, 37702, 4618, 4614, 1154.50, 1
8234, 33088, 2, 0, 37703, 37704, 4616, 4614, 2308.00, 1
8235, 33090, 2, 0, 37705, 37706, 4616, 4614, 2308.00, 1
8236, 33094, 4, 0, 37707, 37710, 4616, 4612, 1154.00, 1
8237, 33097, 10, 0, 37711, 46781, 13684, 13674, 1368.40, 1
8238, 33098, 4, 0, 37715, 37718, 4620, 4616, 1155.00, 1
8239, 33101, 8, 0, 37721, 42911, 9810, 9802, 1226.25, 1
8240, 33102, 3, 0, 37725, 37727, 4625, 4622, 1541.67, 1
8241, 33105, 1, 0, 37729, 37729, 4624, 4623, 4624.00, 1
8242, 33109, 4, 0, 37734, 37737, 4628, 4624, 1157.00, 1
8243, 33110, 3, 0, 37738, 37740, 4630, 4627, 1543.33, 1
8244, 33112, 2, 0, 37745, 37746, 4634, 4632, 2317.00, 1
8245, 33115, 3, 0, 37747, 37749, 4634, 4631, 1544.67, 1
8246, 33116, 2, 0, 37750, 37751, 4635, 4633, 2317.50, 1
8247, 33120, 2, 0, 37753, 37754, 4634, 4632, 2317.00, 1
8248, 33122, 2, 0, 37755, 37756, 4634, 4632, 2317.00, 1
8249, 33124, 6, 0, 37757, 42933, 9809, 9803, 1634.83, 1
8250, 33128, 17, 0, 37762, 49063, 15935, 15918, 937.35, 1
8251, 33129, 2, 0, 37766, 37767, 4638, 4636, 2319.00, 1
8252, 33135, 21, 0, 37769, 49317, 16182, 16161, 770.57, 1
8253, 33138, 3, 0, 37774, 37776, 4638, 4635, 1546.00, 1
8254, 33141, 2, 0, 37777, 37778, 4637, 4635, 2318.50, 1
8255, 33145, 6, 0, 37779, 42951, 9806, 9800, 1634.33, 1
8256, 33153, 4, 0, 37786, 37789, 4636, 4632, 1159.00, 1
8257, 33156, 2, 0, 37790, 37791, 4635, 4633, 2317.50, 1
8258, 33157, 3, 0, 37792, 37794, 4637, 4634, 1545.67, 1
8259, 33172, 10, 0, 37803, 46813, 13641, 13631, 1364.10, 1
8260, 33174, 4, 0, 37807, 37810, 4636, 4632, 1159.00, 1
8261, 33175, 3, 0, 37813, 37815, 4640, 4637, 1546.67, 1
8262, 33183, 2, 0, 37822, 37823, 4640, 4638, 2320.00, 1
8263, 33190, 3, 0, 37828, 37830, 4640, 4637, 1546.67, 1
8264, 33192, 6, 0, 37831, 43018, 9826, 9820, 1637.67, 1
8265, 33194, 3, 0, 37835, 37837, 4643, 4640, 1547.67, 1
8266, 33199, 5, 0, 37842, 43026, 9827, 9822, 1965.40, 1
8267, 33200, 6, 0, 37850, 43032, 9832, 9826, 1638.67, 1
8268, 33210, 2, 0, 37857, 37858, 4648, 4646, 2324.00, 1
8269, 33211, 12, 0, 37859, 46839, 13628, 13616, 1135.67, 1
8270, 33217, 5, 0, 37863, 43049, 9832, 9827, 1966.40, 1
8271, 33220, 2, 0, 37867, 37868, 4648, 4646, 2324.00, 1
8272, 33227, 2, 0, 37869, 37870, 4643, 4641, 2321.50, 1
8273, 33233, 6, 0, 37875, 43058, 9825, 9819, 1637.50, 1
8274, 33235, 3, 0, 37879, 37881, 4646, 4643, 1548.67, 1
8275, 33239, 6, 0, 37884, 43068, 9829, 9823, 1638.17, 1
8276, 33245, 7, 0, 37892, 43092, 9847, 9840, 1406.71, 1
8277, 33246, 1, 0, 37900, 37900, 4654, 4653, 4654.00, 1
8278, 33249, 6, 0, 37901, 43105, 9856, 9850, 1642.67, 1
8279, 33250, 1, 0, 37909, 37909, 4659, 4658, 4659.00, 1
8280, 33252, 5, 0, 37910, 43114, 9862, 9857, 1972.40, 1
8281, 33254, 1, 0, 37914, 37914, 4660, 4659, 4660.00, 1
8282, 33262, 10, 0, 37922, 46875, 13613, 13603, 1361.30, 1
8283, 33264, 3, 0, 37926, 37928, 4664, 4661, 1554.67, 1
8284, 33265, 5, 0, 37933, 43135, 9870, 9865, 1974.00, 1
8285, 33274, 2, 0, 37941, 37942, 4668, 4666, 2334.00, 1
8286, 33276, 1, 0, 37947, 37947, 4671, 4670, 4671.00, 1
8287, 33280, 2, 0, 37948, 37949, 4669, 4667, 2334.50, 1
8288, 33287, 6, 0, 37954, 43164, 9877, 9871, 1646.17, 1
8289, 33288, 2, 0, 37958, 37959, 4671, 4669, 2335.50, 1
8290, 33290, 1, 0, 37960, 37960, 4670, 4669, 4670.00, 1
8291, 33292, 6, 0, 37965, 43179, 9887, 9881, 1647.83, 1
8292, 33303, 3, 0, 37970, 37972, 4669, 4666, 1556.33, 1
8293, 33305, 2, 0, 37976, 37977, 4672, 4670, 2336.00, 1
8294, 33306, 14, 0, 37978, 48442, 15136, 15122, 1081.14, 1
8295, 33312, 3, 0, 37982, 37984, 4672, 4669, 1557.33, 1
8296, 33314, 10, 0, 37985, 46902, 13588, 13578, 1358.80, 1
8297, 33316, 3, 0, 37989, 37991, 4675, 4672, 1558.33, 1
8298, 33320, 3, 0, 37992, 37994, 4674, 4671, 1558.00, 1
8299, 33325, 20, 0, 37997, 49082, 15757, 15737, 787.85, 1
8300, 33327, 2, 0, 38001, 38002, 4675, 4673, 2337.50, 1
8301, 33332, 5, 0, 38006, 43205, 9873, 9868, 1974.60, 1
8302, 33334, 6, 0, 38010, 43219, 9885, 9879, 1647.50, 1
8303, 33337, 9, 0, 38014, 46918, 13581, 13572, 1509.00, 1
8304, 33340, 1, 0, 38018, 38018, 4678, 4677, 4678.00, 1
8305, 33343, 2, 0, 38019, 38020, 4677, 4675, 2338.50, 1
8306, 33346, 1, 0, 38021, 38021, 4675, 4674, 4675.00, 1
8307, 33351, 12, 0, 38022, 46926, 13575, 13563, 1131.25, 1
8308, 33353, 7, 0, 38026, 43235, 9882, 9875, 1411.71, 1
8309, 33356, 2, 0, 38032, 38033, 4677, 4675, 2338.50, 1
8310, 33359, 8, 0, 38034, 43243, 9884, 9876, 1235.50, 1
8311, 33361, 2, 0, 38041, 38042, 4681, 4679, 2340.50, 1
8312, 33362, 6, 0, 38043, 43258, 9896, 9890, 1649.33, 1
8313, 33365, 4, 0, 38047, 38050, 4685, 4681, 1171.25, 1
8314, 33369, 4, 0, 38051, 38054, 4685, 4681, 1171.25, 1
8315, 33383, 1, 0, 38062, 38062, 4679, 4678, 4679.00, 1
8316, 33390, 2, 0, 38063, 38064, 4674, 4672, 2337.00, 1
8317, 33395, 6, 0, 38067, 43280, 9885, 9879, 1647.50, 1
8318, 33397, 1, 0, 38071, 38071, 4674, 4673, 4674.00, 1
8319, 33407, 10, 0, 38073, 46946, 13539, 13529, 1353.90, 1
8320, 33419, 1, 0, 38080, 38080, 4661, 4660, 4661.00, 1
8321, 33422, 9, 0, 38081, 46947, 13525, 13516, 1502.78, 1
8322, 33423, 5, 0, 38089, 43306, 9883, 9878, 1976.60, 1
8323, 33424, 4, 0, 38093, 38096, 4672, 4668, 1168.00, 1
8324, 33426, 3, 0, 38097, 38099, 4673, 4670, 1557.67, 1
8325, 33429, 10, 0, 38100, 46956, 13527, 13517, 1352.70, 1
8326, 33440, 1, 0, 38112, 38112, 4672, 4671, 4672.00, 1
8327, 33441, 1, 0, 38113, 38113, 4672, 4671, 4672.00, 1
8328, 33442, 12, 0, 38114, 46964, 13522, 13510, 1126.83, 1
8329, 33443, 3, 0, 38118, 38120, 4677, 4674, 1559.00, 1
8330, 33446, 6, 0, 38125, 43362, 9916, 9910, 1652.67, 1
8331, 33450, 2, 0, 38129, 38130, 4680, 4678, 2340.00, 1
8332, 33451, 7, 0, 38133, 43371, 9920, 9913, 1417.14, 1
8333, 33453, 5, 0, 38137, 43376, 9923, 9918, 1984.60, 1
8334, 33457, 5, 0, 38143, 43381, 9924, 9919, 1984.80, 1
8335, 33465, 1, 0, 38151, 38151, 4686, 4685, 4686.00, 1
8336, 33477, 1, 0, 38156, 38156, 4679, 4678, 4679.00, 1
8337, 33479, 6, 0, 38157, 43400, 9921, 9915, 1653.50, 1
8338, 33480, 2, 0, 38161, 38162, 4682, 4680, 2341.00, 1
8339, 33481, 2, 0, 38163, 38164, 4683, 4681, 2341.50, 1
8340, 33482, 3, 0, 38165, 38167, 4685, 4682, 1561.67, 1
8341, 33484, 12, 0, 38168, 46995, 13511, 13499, 1125.92, 1
8342, 33485, 8, 0, 38174, 43417, 9932, 9924, 1241.50, 1
8343, 33487, 1, 0, 38178, 38178, 4691, 4690, 4691.00, 1
8344, 33494, 4, 0, 38179, 38182, 4688, 4684, 1172.00, 1
8345, 33498, 6, 0, 38187, 43433, 9935, 9929, 1655.83, 1
8346, 33499, 3, 0, 38191, 38193, 4694, 4691, 1564.67, 1
8347, 33501, 5, 0, 38194, 43439, 9938, 9933, 1987.60, 1
8348, 33507, 35, 0, 38202, 49504, 15997, 15962, 457.06, 1
8349, 33515, 10, 0, 38208, 47011, 13496, 13486, 1349.60, 1
8350, 33532, 1, 0, 38218, 38218, 4686, 4685, 4686.00, 1
8351, 33535, 17, 0, 38219, 49103, 15568, 15551, 915.76, 1
8352, 33543, 2, 0, 38226, 38227, 4684, 4682, 2342.00, 1
8353, 33559, 2, 0, 38236, 38237, 4678, 4676, 2339.00, 1
8354, 33562, 1, 0, 38238, 38238, 4676, 4675, 4676.00, 1
8355, 33576, 7, 0, 38242, 43483, 9907, 9900, 1415.29, 1
8356, 33582, 4, 0, 38250, 38253, 4671, 4667, 1167.75, 1
8357, 33593, 3, 0, 38254, 38256, 4663, 4660, 1554.33, 1
8358, 33594, 6, 0, 38257, 43509, 9915, 9909, 1652.50, 1
8359, 33595, 4, 0, 38261, 38264, 4669, 4665, 1167.25, 1
8360, 33597, 1, 0, 38269, 38269, 4672, 4671, 4672.00, 1
8361, 33600, 6, 0, 38270, 43521, 9921, 9915, 1653.50, 1
8362, 33601, 1, 0, 38278, 38278, 4677, 4676, 4677.00, 1
8363, 33608, 7, 0, 38283, 43537, 9929, 9922, 1418.43, 1
8364, 33618, 8, 0, 38297, 43563, 9945, 9937, 1243.12, 1
8365, 33622, 4, 0, 38301, 38304, 4682, 4678, 1170.50, 1
8366, 33632, 3, 0, 38310, 38312, 4680, 4677, 1560.00, 1
8367, 33640, 8, 0, 38317, 43586, 9946, 9938, 1243.25, 1
8368, 33641, 16, 0, 38321, 48509, 14868, 14852, 929.25, 1
8369, 33642, 2, 0, 38325, 38326, 4684, 4682, 2342.00, 1
8370, 33643, 3, 0, 38327, 38329, 4686, 4683, 1562.00, 1
8371, 33649, 14, 0, 38335, 48513, 14864, 14850, 1061.71, 1
8372, 33652, 2, 0, 38340, 38341, 4689, 4687, 2344.50, 1
8373, 33655, 4, 0, 38342, 38345, 4690, 4686, 1172.50, 1
8374, 33656, 2, 0, 38346, 38347, 4691, 4689, 2345.50, 1
8375, 33663, 3, 0, 38352, 38354, 4691, 4688, 1563.67, 1
8376, 33665, 4, 0, 38357, 38360, 4695, 4691, 1173.75, 1
8377, 33666, 3, 0, 38361, 38363, 4697, 4694, 1565.67, 1
8378, 33669, 2, 0, 38364, 38365, 4696, 4694, 2348.00, 1
8379, 33670, 1, 0, 38366, 38366, 4696, 4695, 4696.00, 1
8380, 33679, 2, 0, 38371, 38372, 4693, 4691, 2346.50, 1
8381, 33683, 11, 0, 38373, 47084, 13401, 13390, 1218.27, 1
8382, 33688, 5, 0, 38377, 43633, 9945, 9940, 1989.00, 1
8383, 33690, 1, 0, 38381, 38381, 4691, 4690, 4691.00, 1
8384, 33691, 6, 0, 38382, 43641, 9950, 9944, 1658.33, 1
8385, 33692, 1, 0, 38386, 38386, 4694, 4693, 4694.00, 1
8386, 33696, 12, 0, 38391, 47095, 13399, 13387, 1116.58, 1
8387, 33699, 5, 0, 38398, 43664, 9965, 9960, 1993.00, 1
8388, 33700, 15, 0, 38402, 48526, 14826, 14811, 988.40, 1
8389, 33701, 7, 0, 38406, 43681, 9980, 9973, 1425.71, 1
8390, 33706, 2, 0, 38414, 38415, 4709, 4707, 2354.50, 1
8391, 33708, 4, 0, 38416, 38419, 4711, 4707, 1177.75, 1
8392, 33714, 3, 0, 38424, 38426, 4712, 4709, 1570.67, 1
8393, 33721, 4, 0, 38431, 38434, 4713, 4709, 1178.25, 1
8394, 33723, 2, 0, 38435, 38436, 4713, 4711, 2356.50, 1
8395, 33729, 7, 0, 38443, 43726, 9997, 9990, 1428.14, 1
8396, 33736, 11, 0, 38447, 47136, 13400, 13389, 1218.18, 1
8397, 33745, 4, 0, 38454, 38457, 4712, 4708, 1178.00, 1
8398, 33746, 2, 0, 38458, 38459, 4713, 4711, 2356.50, 1
8399, 33748, 5, 0, 38460, 43754, 10006, 10001, 2001.20, 1
8400, 33750, 1, 0, 38468, 38468, 4718, 4717, 4718.00, 1
8401, 33754, 9, 0, 38472, 47140, 13386, 13377, 1487.33, 1
8402, 33756, 2, 0, 38476, 38477, 4721, 4719, 2360.50, 1
8403, 33768, 20, 0, 38479, 49122, 15354, 15334, 767.70, 1
8404, 33771, 4, 0, 38487, 38490, 4719, 4715, 1179.75, 1
8405, 33777, 4, 0, 38491, 38494, 4717, 4713, 1179.25, 1
8406, 33779, 7, 0, 38499, 43814, 10035, 10028, 1433.57, 1
8407, 33780, 12, 0, 38503, 47156, 13376, 13364, 1114.67, 1
8408, 33782, 4, 0, 38507, 38510, 4728, 4724, 1182.00, 1
8409, 33789, 1, 0, 38517, 38517, 4728, 4727, 4728.00, 1
8410, 33790, 4, 0, 38518, 38521, 4731, 4727, 1182.75, 1
8411, 33798, 3, 0, 38524, 38526, 4728, 4725, 1576.00, 1
8412, 33804, 1, 0, 38527, 38527, 4723, 4722, 4723.00, 1
8413, 33808, 2, 0, 38530, 38531, 4723, 4721, 2361.50, 1
8414, 33810, 6, 0, 38535, 43851, 10041, 10035, 1673.50, 1
8415, 33811, 7, 0, 38539, 43862, 10051, 10044, 1435.86, 1
8416, 33814, 1, 0, 38547, 38547, 4733, 4732, 4733.00, 1
8417, 33816, 1, 0, 38548, 38548, 4732, 4731, 4732.00, 1
8418, 33817, 8, 0, 38549, 43875, 10058, 10050, 1257.25, 1
8419, 33828, 3, 0, 38560, 38562, 4734, 4731, 1578.00, 1
8420, 33829, 2, 0, 38563, 38564, 4735, 4733, 2367.50, 1
8421, 33830, 1, 0, 38565, 38565, 4735, 4734, 4735.00, 1
8422, 33831, 4, 0, 38566, 38569, 4738, 4734, 1184.50, 1
8423, 33847, 2, 0, 38576, 38577, 4730, 4728, 2365.00, 1
8424, 33848, 2, 0, 38578, 38579, 4731, 4729, 2365.50, 1
8425, 33849, 1, 0, 38580, 38580, 4731, 4730, 4731.00, 1
8426, 33858, 2, 0, 38582, 38583, 4725, 4723, 2362.50, 1
8427, 33859, 7, 0, 38584, 43897, 10038, 10031, 1434.00, 1
8428, 33860, 3, 0, 38588, 38590, 4730, 4727, 1576.67, 1
8429, 33862, 1, 0, 38591, 38591, 4729, 4728, 4729.00, 1
8430, 33863, 11, 0, 38592, 47192, 13329, 13318, 1211.73, 1
8431, 33865, 6, 0, 38596, 43908, 10043, 10037, 1673.83, 1
8432, 33873, 11, 0, 38605, 47199, 13326, 13315, 1211.45, 1
8433, 33876, 2, 0, 38609, 38610, 4734, 4732, 2367.00, 1
8434, 33877, 17, 0, 38614, 49127, 15250, 15233, 897.06, 1
8435, 33889, 14, 0, 38623, 48560, 14671, 14657, 1047.93, 1
8436, 33892, 4, 0, 38631, 38634, 4742, 4738, 1185.50, 1
8437, 33898, 10, 0, 38635, 47223, 13325, 13315, 1332.50, 1
8438, 33902, 1, 0, 38639, 38639, 4737, 4736, 4737.00, 1
8439, 33907, 10, 0, 38644, 47229, 13322, 13312, 1332.20, 1
8440, 33913, 2, 0, 38656, 38657, 4744, 4742, 2372.00, 1
8441, 33916, 4, 0, 38658, 38661, 4745, 4741, 1186.25, 1
8442, 33920, 11, 0, 38664, 47240, 13320, 13309, 1210.91, 1
8443, 33928, 4, 0, 38671, 38674, 4746, 4742, 1186.50, 1
8444, 33931, 2, 0, 38675, 38676, 4745, 4743, 2372.50, 1
8445, 33938, 3, 0, 38677, 38679, 4741, 4738, 1580.33, 1
8446, 33942, 3, 0, 38681, 38683, 4741, 4738, 1580.33, 1
8447, 33944, 9, 0, 38685, 47245, 13301, 13292, 1477.89, 1
8448, 33949, 9, 0, 38693, 47255, 13306, 13297, 1478.44, 1
8449, 33957, 11, 0, 38697, 47262, 13305, 13294, 1209.55, 1
8450, 33959, 1, 0, 38705, 38705, 4746, 4745, 4746.00, 1
8451, 33968, 6, 0, 38711, 44049, 10081, 10075, 1680.17, 1
8452, 33970, 13, 0, 38715, 48578, 14608, 14595, 1123.69, 1
8453, 33971, 4, 0, 38719, 38722, 4751, 4747, 1187.75, 1
8454, 33975, 1, 0, 38727, 38727, 4752, 4751, 4752.00, 1
8455, 33976, 3, 0, 38731, 38733, 4757, 4754, 1585.67, 1
8456, 33977, 1, 0, 38734, 38734, 4757, 4756, 4757.00, 1
8457, 33980, 5, 0, 38735, 44070, 10090, 10085, 2018.00, 1
8458, 33983, 1, 0, 38739, 38739, 4756, 4755, 4756.00, 1
8459, 33987, 1, 0, 38741, 38741, 4754, 4753, 4754.00, 1
8460, 33989, 6, 0, 38742, 44076, 10087, 10081, 1681.17, 1
8461, 33990, 3, 0, 38746, 38748, 4758, 4755, 1586.00, 1
8462, 33996, 11, 0, 38751, 47283, 13287, 13276, 1207.91, 1
8463, 34007, 2, 0, 38756, 38757, 4750, 4748, 2375.00, 1
8464, 34008, 1, 0, 38758, 38758, 4750, 4749, 4750.00, 1
8465, 34012, 26, 0, 38763, 49455, 15443, 15417, 593.96, 1
8466, 34018, 10, 0, 38769, 47294, 13276, 13266, 1327.60, 1
8467, 34021, 6, 0, 38776, 44128, 10107, 10101, 1684.50, 1
8468, 34022, 2, 0, 38780, 38781, 4759, 4757, 2379.50, 1
8469, 34023, 3, 0, 38782, 38784, 4761, 4758, 1587.00, 1
8470, 34024, 7, 0, 38785, 44131, 10107, 10100, 1443.86, 1
8471, 34035, 5, 0, 38797, 44151, 10116, 10111, 2023.20, 1
8472, 34036, 3, 0, 38801, 38803, 4767, 4764, 1589.00, 1
8473, 34039, 12, 0, 38804, 47304, 13265, 13253, 1105.42, 1
8474, 34044, 2, 0, 38808, 38809, 4765, 4763, 2382.50, 1
8475, 34045, 4, 0, 38810, 38813, 4768, 4764, 1192.00, 1
8476, 34047, 5, 0, 38814, 44164, 10117, 10112, 2023.40, 1
8477, 34050, 1, 0, 38818, 38818, 4768, 4767, 4768.00, 1
8478, 34052, 10, 0, 38822, 47312, 13260, 13250, 1326.00, 1
8479, 34055, 5, 0, 38826, 44184, 10129, 10124, 2025.80, 1
8480, 34056, 1, 0, 38830, 38830, 4774, 4773, 4774.00, 1
8481, 34058, 3, 0, 38831, 38833, 4775, 4772, 1591.67, 1
8482, 34059, 5, 0, 38834, 44201, 10142, 10137, 2028.40, 1
8483, 34064, 1, 0, 38838, 38838, 4774, 4773, 4774.00, 1
8484, 34066, 5, 0, 38839, 44210, 10144, 10139, 2028.80, 1
8485, 34072, 2, 0, 38843, 38844, 4772, 4770, 2386.00, 1
8486, 34073, 15, 0, 38845, 48609, 14536, 14521, 969.07, 1
8487, 34078, 3, 0, 38849, 38851, 4773, 4770, 1591.00, 1
8488, 34079, 3, 0, 38852, 38854, 4775, 4772, 1591.67, 1
8489, 34082, 4, 0, 38855, 38858, 4776, 4772, 1194.00, 1
8490, 34089, 4, 0, 38867, 38870, 4781, 4777, 1195.25, 1
8491, 34091, 2, 0, 38875, 38876, 4785, 4783, 2392.50, 1
8492, 34096, 3, 0, 38877, 38879, 4783, 4780, 1594.33, 1
8493, 34100, 4, 0, 38884, 38887, 4787, 4783, 1196.75, 1
8494, 34104, 2, 0, 38888, 38889, 4785, 4783, 2392.50, 1
8495, 34105, 1, 0, 38892, 38892, 4787, 4786, 4787.00, 1
8496, 34112, 7, 0, 38893, 44250, 10138, 10131, 1448.29, 1
8497, 34125, 7, 0, 38899, 44257, 10132, 10125, 1447.43, 1
8498, 34127, 4, 0, 38903, 38906, 4779, 4775, 1194.75, 1
8499, 34132, 7, 0, 38911, 44271, 10139, 10132, 1448.43, 1
8500, 34133, 1, 0, 38915, 38915, 4782, 4781, 4782.00, 1
8501, 34145, 3, 0, 38920, 38922, 4777, 4774, 1592.33, 1
8502, 34150, 10, 0, 38923, 47354, 13204, 13194, 1320.40, 1
8503, 34154, 6, 0, 38931, 44309, 10155, 10149, 1692.50, 1
8504, 34160, 3, 0, 38939, 38941, 4781, 4778, 1593.67, 1
8505, 34161, 2, 0, 38942, 38943, 4782, 4780, 2391.00, 1
8506, 34165, 1, 0, 38944, 38944, 4779, 4778, 4779.00, 1
8507, 34167, 1, 0, 38946, 38946, 4779, 4778, 4779.00, 1
8508, 34171, 3, 0, 38947, 38949, 4778, 4775, 1592.67, 1
8509, 34173, 6, 0, 38950, 44323, 10150, 10144, 1691.67, 1
8510, 34177, 2, 0, 38958, 38959, 4782, 4780, 2391.00, 1
8511, 34181, 11, 0, 38962, 47383, 13202, 13191, 1200.18, 1
8512, 34188, 1, 0, 38966, 38966, 4778, 4777, 4778.00, 1
8513, 34193, 1, 0, 38967, 38967, 4774, 4773, 4774.00, 1
8514, 34201, 6, 0, 38971, 44349, 10148, 10142, 1691.33, 1
8515, 34211, 5, 0, 38983, 44361, 10150, 10145, 2030.00, 1
8516, 34212, 11, 0, 38987, 47397, 13185, 13174, 1198.64, 1
8517, 34215, 1, 0, 38991, 38991, 4776, 4775, 4776.00, 1
8518, 34218, 4, 0, 38992, 38995, 4777, 4773, 1194.25, 1
8519, 34219, 2, 0, 38996, 38997, 4778, 4776, 2389.00, 1
8520, 34223, 1, 0, 38998, 38998, 4775, 4774, 4775.00, 1
8521, 34225, 1, 0, 38999, 38999, 4774, 4773, 4774.00, 1
8522, 34228, 5, 0, 39000, 44382, 10154, 10149, 2030.80, 1
8523, 34230, 1, 0, 39004, 39004, 4774, 4773, 4774.00, 1
8524, 34251, 4, 0, 39014, 39017, 4766, 4762, 1191.50, 1
8525, 34254, 7, 0, 39019, 44413, 10159, 10152, 1451.29, 1
8526, 34255, 5, 0, 39023, 44414, 10159, 10154, 2031.80, 1
8527, 34256, 10, 0, 39027, 47417, 13161, 13151, 1316.10, 1
8528, 34257, 1, 0, 39031, 39031, 4774, 4773, 4774.00, 1
8529, 34258, 1, 0, 39036, 39036, 4778, 4777, 4778.00, 1
8530, 34259, 12, 0, 39037, 47423, 13164, 13152, 1097.00, 1
8531, 34262, 4, 0, 39041, 39044, 4782, 4778, 1195.50, 1
8532, 34265, 3, 0, 39049, 39051, 4786, 4783, 1595.33, 1
8533, 34273, 4, 0, 39052, 39055, 4782, 4778, 1195.50, 1
8534, 34277, 10, 0, 39056, 47438, 13161, 13151, 1316.10, 1
8535, 34278, 6, 0, 39060, 44468, 10190, 10184, 1698.33, 1
8536, 34280, 3, 0, 39064, 39066, 4786, 4783, 1595.33, 1
8537, 34283, 1, 0, 39067, 39067, 4784, 4783, 4784.00, 1
8538, 34285, 11, 0, 39072, 47451, 13166, 13155, 1196.91, 1
8539, 34289, 4, 0, 39076, 39079, 4790, 4786, 1197.50, 1
8540, 34294, 2, 0, 39080, 39081, 4787, 4785, 2393.50, 1
8541, 34297, 2, 0, 39083, 39084, 4787, 4785, 2393.50, 1
8542, 34303, 4, 0, 39089, 39092, 4789, 4785, 1197.25, 1
8543, 34306, 3, 0, 39093, 39095, 4789, 4786, 1596.33, 1
8544, 34307, 7, 0, 39096, 44508, 10201, 10194, 1457.29, 1
8545, 34308, 7, 0, 39100, 44519, 10211, 10204, 1458.71, 1
8546, 34314, 1, 0, 39108, 39108, 4794, 4793, 4794.00, 1
8547, 34320, 1, 0, 39109, 39109, 4789, 4788, 4789.00, 1
8548, 34321, 2, 0, 39110, 39111, 4790, 4788, 2395.00, 1
8549, 34324, 4, 0, 39113, 39116, 4792, 4788, 1198.00, 1
8550, 34330, 1, 0, 39119, 39119, 4789, 4788, 4789.00, 1
8551, 34338, 5, 0, 39124, 44541, 10203, 10198, 2040.60, 1
8552, 34341, 2, 0, 39132, 39133, 4792, 4790, 2396.00, 1
8553, 34344, 8, 0, 39136, 44562, 10218, 10210, 1277.25, 1
8554, 34345, 3, 0, 39140, 39142, 4797, 4794, 1599.00, 1
8555, 34349, 1, 0, 39143, 39143, 4794, 4793, 4794.00, 1
8556, 34350, 4, 0, 39144, 39147, 4797, 4793, 1199.25, 1
8557, 34355, 5, 0, 39152, 44584, 10229, 10224, 2045.80, 1
8558, 34356, 18, 0, 39156, 49176, 14820, 14802, 823.33, 1
8559, 34363, 15, 0, 39168, 48665, 14302, 14287, 953.47, 1
8560, 34367, 2, 0, 39176, 39177, 4810, 4808, 2405.00, 1
8561, 34370, 15, 0, 39178, 48675, 14305, 14290, 953.67, 1
8562, 34380, 1, 0, 39188, 39188, 4808, 4807, 4808.00, 1
8563, 34382, 4, 0, 39189, 39192, 4810, 4806, 1202.50, 1
8564, 34383, 6, 0, 39193, 44642, 10259, 10253, 1709.83, 1
8565, 34385, 1, 0, 39201, 39201, 4816, 4815, 4816.00, 1
8566, 34388, 2, 0, 39202, 39203, 4815, 4813, 2407.50, 1
8567, 34392, 16, 0, 39204, 48686, 14294, 14278, 893.38, 1
8568, 34399, 3, 0, 39212, 39214, 4815, 4812, 1605.00, 1
8569, 34403, 2, 0, 39217, 39218, 4815, 4813, 2407.50, 1
8570, 34411, 3, 0, 39221, 39223, 4812, 4809, 1604.00, 1
8571, 34416, 3, 0, 39226, 39228, 4812, 4809, 1604.00, 1
8572, 34420, 9, 0, 39233, 47540, 13120, 13111, 1457.78, 1
8573, 34434, 16, 0, 39243, 48695, 14261, 14245, 891.31, 1
8574, 34435, 5, 0, 39247, 44719, 10284, 10279, 2056.80, 1
8575, 34436, 2, 0, 39251, 39252, 4816, 4814, 2408.00, 1
8576, 34438, 9, 0, 39253, 47551, 13113, 13104, 1457.00, 1
8577, 34447, 13, 0, 39259, 48696, 14249, 14236, 1096.08, 1
8578, 34448, 4, 0, 39263, 39266, 4818, 4814, 1204.50, 1
8579, 34452, 12, 0, 39267, 47564, 13112, 13100, 1092.67, 1
8580, 34461, 2, 0, 39275, 39276, 4815, 4813, 2407.50, 1
8581, 34463, 2, 0, 39277, 39278, 4815, 4813, 2407.50, 1
8582, 34464, 6, 0, 39279, 44753, 10289, 10283, 1714.83, 1
8583, 34466, 1, 0, 39283, 39283, 4817, 4816, 4817.00, 1
8584, 34467, 6, 0, 39284, 44755, 10288, 10282, 1714.67, 1
8585, 34473, 1, 0, 39292, 39292, 4819, 4818, 4819.00, 1
8586, 34475, 7, 0, 39296, 44768, 10293, 10286, 1470.43, 1
8587, 34476, 7, 0, 39300, 44778, 10302, 10295, 1471.71, 1
8588, 34479, 5, 0, 39304, 44781, 10302, 10297, 2060.40, 1
8589, 34480, 4, 0, 39308, 39311, 4831, 4827, 1207.75, 1
8590, 34484, 1, 0, 39312, 39312, 4828, 4827, 4828.00, 1
8591, 34485, 1, 0, 39313, 39313, 4828, 4827, 4828.00, 1
8592, 34487, 4, 0, 39315, 39318, 4831, 4827, 1207.75, 1
8593, 34488, 10, 0, 39319, 47579, 13091, 13081, 1309.10, 1
8594, 34490, 1, 0, 39323, 39323, 4833, 4832, 4833.00, 1
8595, 34491, 3, 0, 39324, 39326, 4835, 4832, 1611.67, 1
8596, 34497, 4, 0, 39327, 39330, 4833, 4829, 1208.25, 1
8597, 34500, 2, 0, 39335, 39336, 4836, 4834, 2418.00, 1
8598, 34503, 4, 0, 39337, 39340, 4837, 4833, 1209.25, 1
8599, 34507, 1, 0, 39342, 39342, 4835, 4834, 4835.00, 1
8600, 34512, 6, 0, 39345, 44809, 10297, 10291, 1716.17, 1
8601, 34515, 4, 0, 39352, 39355, 4840, 4836, 1210.00, 1
8602, 34522, 3, 0, 39360, 39362, 4840, 4837, 1613.33, 1
8603, 34523, 1, 0, 39367, 39367, 4844, 4843, 4844.00, 1
8604, 34532, 6, 0, 39368, 44840, 10308, 10302, 1718.00, 1
8605, 34536, 7, 0, 39374, 44844, 10308, 10301, 1472.57, 1
8606, 34538, 1, 0, 39378, 39378, 4840, 4839, 4840.00, 1
8607, 34540, 1, 0, 39379, 39379, 4839, 4838, 4839.00, 1
8608, 34541, 3, 0, 39380, 39382, 4841, 4838, 1613.67, 1
8609, 34542, 1, 0, 39383, 39383, 4841, 4840, 4841.00, 1
8610, 34547, 4, 0, 39384, 39387, 4840, 4836, 1210.00, 1
8611, 34548, 2, 0, 39392, 39393, 4845, 4843, 2422.50, 1
8612, 34552, 3, 0, 39394, 39396, 4844, 4841, 1614.67, 1
8613, 34553, 5, 0, 39397, 44858, 10305, 10300, 2061.00, 1
8614, 34554, 27, 0, 39401, 49465, 14911, 14884, 552.26, 1
8615, 34559, 5, 0, 39406, 44873, 10314, 10309, 2062.80, 1
8616, 34564, 3, 0, 39413, 39415, 4851, 4848, 1617.00, 1
8617, 34568, 8, 0, 39416, 44884, 10316, 10308, 1289.50, 1
8618, 34570, 2, 0, 39420, 39421, 4851, 4849, 2425.50, 1
8619, 34573, 2, 0, 39422, 39423, 4850, 4848, 2425.00, 1
8620, 34580, 3, 0, 39428, 39430, 4850, 4847, 1616.67, 1
8621, 34582, 8, 0, 39431, 44904, 10322, 10314, 1290.25, 1
8622, 34590, 3, 0, 39439, 39441, 4851, 4848, 1617.00, 1
8623, 34593, 10, 0, 39445, 47638, 13045, 13035, 1304.50, 1
8624, 34594, 5, 0, 39449, 44921, 10327, 10322, 2065.40, 1
8625, 34595, 5, 0, 39453, 44926, 10331, 10326, 2066.20, 1
8626, 34601, 1, 0, 39461, 39461, 4860, 4859, 4860.00, 1
8627, 34603, 7, 0, 39462, 44933, 10330, 10323, 1475.71, 1
8628, 34607, 21, 0, 39466, 49387, 14780, 14759, 703.81, 1
8629, 34612, 16, 0, 39476, 48752, 14140, 14124, 883.75, 1
8630, 34614, 4, 0, 39480, 39483, 4869, 4865, 1217.25, 1
8631, 34617, 7, 0, 39484, 44964, 10347, 10340, 1478.14, 1
8632, 34618, 6, 0, 39488, 44974, 10356, 10350, 1726.00, 1
8633, 34622, 2, 0, 39496, 39497, 4875, 4873, 2437.50, 1
8634, 34630, 3, 0, 39498, 39500, 4870, 4867, 1623.33, 1
8635, 34631, 3, 0, 39501, 39503, 4872, 4869, 1624.00, 1
8636, 34633, 3, 0, 39504, 39506, 4873, 4870, 1624.33, 1
8637, 34634, 5, 0, 39507, 44990, 10356, 10351, 2071.20, 1
8638, 34638, 4, 0, 39515, 39518, 4880, 4876, 1220.00, 1
8639, 34643, 6, 0, 39523, 45001, 10358, 10352, 1726.33, 1
8640, 34656, 1, 0, 39528, 39528, 4872, 4871, 4872.00, 1
8641, 34658, 15, 0, 39529, 48755, 14097, 14082, 939.80, 1
8642, 34660, 1, 0, 39533, 39533, 4873, 4872, 4873.00, 1
8643, 34661, 3, 0, 39538, 39540, 4879, 4876, 1626.33, 1
8644, 34665, 5, 0, 39541, 45018, 10353, 10348, 2070.60, 1
8645, 34666, 5, 0, 39545, 45019, 10353, 10348, 2070.60, 1
8646, 34675, 4, 0, 39549, 39552, 4877, 4873, 1219.25, 1
8647, 34677, 1, 0, 39555, 39555, 4878, 4877, 4878.00, 1
8648, 34678, 7, 0, 39556, 45027, 10349, 10342, 1478.43, 1
8649, 34679, 4, 0, 39560, 39563, 4884, 4880, 1221.00, 1
8650, 34680, 1, 0, 39564, 39564, 4884, 4883, 4884.00, 1
8651, 34681, 1, 0, 39565, 39565, 4884, 4883, 4884.00, 1
8652, 34682, 6, 0, 39566, 45037, 10355, 10349, 1725.83, 1
8653, 34683, 4, 0, 39570, 39573, 4890, 4886, 1222.50, 1
8654, 34686, 6, 0, 39574, 45047, 10361, 10355, 1726.83, 1
8655, 34691, 3, 0, 39578, 39580, 4889, 4886, 1629.67, 1
8656, 34695, 6, 0, 39585, 45061, 10366, 10360, 1727.67, 1
8657, 34699, 2, 0, 39593, 39594, 4895, 4893, 2447.50, 1
8658, 34709, 15, 0, 39596, 48771, 14062, 14047, 937.47, 1
8659, 34711, 5, 0, 39600, 45071, 10360, 10355, 2072.00, 1
8660, 34712, 1, 0, 39608, 39608, 4896, 4895, 4896.00, 1
8661, 34715, 4, 0, 39609, 39612, 4897, 4893, 1224.25, 1
8662, 34719, 6, 0, 39617, 45091, 10372, 10366, 1728.67, 1
8663, 34722, 16, 0, 39621, 48780, 14058, 14042, 878.62, 1
8664, 34723, 4, 0, 39625, 39628, 4905, 4901, 1226.25, 1
8665, 34727, 2, 0, 39630, 39631, 4904, 4902, 2452.00, 1
8666, 34737, 4, 0, 39633, 39636, 4899, 4895, 1224.75, 1
8667, 34739, 8, 0, 39637, 45105, 10366, 10358, 1295.75, 1
8668, 34742, 5, 0, 39645, 45116, 10374, 10369, 2074.80, 1
8669, 34744, 5, 0, 39653, 45127, 10383, 10378, 2076.60, 1
8670, 34766, 7, 0, 39659, 45138, 10372, 10365, 1481.71, 1
8671, 34774, 5, 0, 39666, 45142, 10368, 10363, 2073.60, 1
8672, 34775, 1, 0, 39670, 39670, 4895, 4894, 4895.00, 1
8673, 34780, 2, 0, 39673, 39674, 4894, 4892, 2447.00, 1
8674, 34784, 2, 0, 39675, 39676, 4892, 4890, 2446.00, 1
8675, 34789, 4, 0, 39677, 39680, 4891, 4887, 1222.75, 1
8676, 34790, 10, 0, 39681, 47728, 12938, 12928, 1293.80, 1
8677, 34794, 1, 0, 39685, 39685, 4891, 4890, 4891.00, 1
8678, 34796, 4, 0, 39686, 39689, 4893, 4889, 1223.25, 1
8679, 34797, 1, 0, 39690, 39690, 4893, 4892, 4893.00, 1
8680, 34801, 5, 0, 39691, 45154, 10353, 10348, 2070.60, 1
8681, 34803, 11, 0, 39696, 47731, 12928, 12917, 1175.27, 1
8682, 34805, 6, 0, 39700, 45163, 10358, 10352, 1726.33, 1
8683, 34808, 13, 0, 39704, 48785, 13977, 13964, 1075.15, 1
8684, 34811, 14, 0, 39708, 48792, 13981, 13967, 998.64, 1
8685, 34838, 1, 0, 39719, 39719, 4881, 4880, 4881.00, 1
8686, 34839, 6, 0, 39720, 45187, 10348, 10342, 1724.67, 1
8687, 34841, 4, 0, 39724, 39727, 4886, 4882, 1221.50, 1
8688, 34848, 8, 0, 39732, 45206, 10358, 10350, 1294.75, 1
8689, 34856, 5, 0, 39740, 45211, 10355, 10350, 2071.00, 1
8690, 34859, 3, 0, 39744, 39746, 4887, 4884, 1629.00, 1
8691, 34862, 1, 0, 39751, 39751, 4889, 4888, 4889.00, 1
8692, 34863, 2, 0, 39752, 39753, 4890, 4888, 2445.00, 1
8693, 34866, 7, 0, 39754, 45226, 10360, 10353, 1480.00, 1
8694, 34871, 17, 0, 39762, 49225, 14354, 14337, 844.35, 1
8695, 34872, 4, 0, 39766, 39769, 4897, 4893, 1224.25, 1
8696, 34874, 7, 0, 39774, 45241, 10367, 10360, 1481.00, 1
8697, 34884, 6, 0, 39781, 45244, 10360, 10354, 1726.67, 1
8698, 34890, 4, 0, 39786, 39789, 4899, 4895, 1224.75, 1
8699, 34893, 6, 0, 39790, 45256, 10363, 10357, 1727.17, 1
8700, 34897, 1, 0, 39798, 39798, 4901, 4900, 4901.00, 1
8701, 34901, 2, 0, 39803, 39804, 4903, 4901, 2451.50, 1
8702, 34903, 1, 0, 39805, 39805, 4902, 4901, 4902.00, 1
8703, 34904, 4, 0, 39806, 39809, 4905, 4901, 1226.25, 1
8704, 34905, 2, 0, 39810, 39811, 4906, 4904, 2453.00, 1
8705, 34908, 5, 0, 39812, 45273, 10365, 10360, 2073.00, 1
8706, 34911, 7, 0, 39817, 45280, 10369, 10362, 1481.29, 1
8707, 34912, 4, 0, 39821, 39824, 4912, 4908, 1228.00, 1
8708, 34924, 1, 0, 39831, 39831, 4907, 4906, 4907.00, 1
8709, 34925, 7, 0, 39832, 45299, 10374, 10367, 1482.00, 1
8710, 34931, 4, 0, 39836, 39839, 4908, 4904, 1227.00, 1
8711, 34940, 8, 0, 39852, 45328, 10388, 10380, 1298.50, 1
8712, 34946, 4, 0, 39856, 39859, 4913, 4909, 1228.25, 1
8713, 34948, 14, 0, 39860, 48820, 13872, 13858, 990.86, 1
8714, 34951, 7, 0, 39868, 45342, 10391, 10384, 1484.43, 1
8715, 34954, 17, 0, 39876, 49246, 14292, 14275, 840.71, 1
8716, 34957, 5, 0, 39880, 45358, 10401, 10396, 2080.20, 1
8717, 34958, 6, 0, 39884, 45362, 10404, 10398, 1734.00, 1
8718, 34968, 2, 0, 39893, 39894, 4926, 4924, 2463.00, 1
8719, 34970, 15, 0, 39895, 48831, 13861, 13846, 924.07, 1
8720, 34980, 4, 0, 39900, 39903, 4923, 4919, 1230.75, 1
8721, 34984, 11, 0, 39908, 47833, 12849, 12838, 1168.09, 1
8722, 34985, 2, 0, 39912, 39913, 4928, 4926, 2464.00, 1
8723, 34993, 15, 0, 39922, 48840, 13847, 13832, 923.13, 1
8724, 34995, 3, 0, 39926, 39928, 4933, 4930, 1644.33, 1
8725, 34998, 6, 0, 39932, 45425, 10427, 10421, 1737.83, 1
8726, 35001, 3, 0, 39937, 39939, 4938, 4935, 1646.00, 1
8727, 35009, 3, 0, 39940, 39942, 4933, 4930, 1644.33, 1
8728, 35016, 1, 0, 39943, 39943, 4927, 4926, 4927.00, 1
8729, 35035, 9, 0, 39952, 47867, 12832, 12823, 1425.78, 1
8730, 35037, 16, 0, 39960, 48862, 13825, 13809, 864.06, 1
8731, 35038, 1, 0, 39964, 39964, 4926, 4925, 4926.00, 1
8732, 35042, 1, 0, 39965, 39965, 4923, 4922, 4923.00, 1
8733, 35047, 1, 0, 39967, 39967, 4920, 4919, 4920.00, 1
8734, 35048, 3, 0, 39968, 39970, 4922, 4919, 1640.67, 1
8735, 35049, 8, 0, 39971, 45486, 10437, 10429, 1304.62, 1
8736, 35059, 3, 0, 39982, 39984, 4925, 4922, 1641.67, 1
8737, 35063, 8, 0, 39989, 45511, 10448, 10440, 1306.00, 1
8738, 35068, 2, 0, 39993, 39994, 4926, 4924, 2463.00, 1
8739, 35070, 4, 0, 39995, 39998, 4928, 4924, 1232.00, 1
8740, 35072, 2, 0, 40000, 40001, 4929, 4927, 2464.50, 1
8741, 35081, 4, 0, 40007, 40010, 4929, 4925, 1232.25, 1
8742, 35082, 1, 0, 40011, 40011, 4929, 4928, 4929.00, 1
8743, 35085, 5, 0, 40016, 45543, 10458, 10453, 2091.60, 1
8744, 35091, 2, 0, 40024, 40025, 4934, 4932, 2467.00, 1
8745, 35093, 5, 0, 40026, 45554, 10461, 10456, 2092.20, 1
8746, 35098, 1, 0, 40030, 40030, 4932, 4931, 4932.00, 1
8747, 35099, 3, 0, 40031, 40033, 4934, 4931, 1644.67, 1
8748, 35104, 5, 0, 40036, 45568, 10464, 10459, 2092.80, 1
8749, 35105, 5, 0, 40040, 45573, 10468, 10463, 2093.60, 1
8750, 35106, 1, 0, 40044, 40044, 4938, 4937, 4938.00, 1
8751, 35108, 2, 0, 40045, 40046, 4938, 4936, 2469.00, 1
8752, 35111, 5, 0, 40050, 45576, 10465, 10460, 2093.00, 1
8753, 35114, 4, 0, 40054, 40057, 4943, 4939, 1235.75, 1
8754, 35119, 1, 0, 40058, 40058, 4939, 4938, 4939.00, 1
8755, 35124, 5, 0, 40060, 45577, 10453, 10448, 2090.60, 1
8756, 35130, 37, 0, 40064, 49522, 14392, 14355, 388.97, 1
8757, 35136, 3, 0, 40076, 40078, 4942, 4939, 1647.33, 1
8758, 35141, 17, 0, 40083, 49254, 14113, 14096, 830.18, 1
8759, 35142, 6, 0, 40087, 45607, 10465, 10459, 1744.17, 1
8760, 35151, 2, 0, 40095, 40096, 4945, 4943, 2472.50, 1
8761, 35163, 21, 0, 40103, 49409, 14246, 14225, 678.38, 1
8762, 35165, 1, 0, 40107, 40107, 4942, 4941, 4942.00, 1
8763, 35166, 1, 0, 40108, 40108, 4942, 4941, 4942.00, 1
8764, 35168, 2, 0, 40109, 40110, 4942, 4940, 2471.00, 1
8765, 35170, 3, 0, 40111, 40113, 4943, 4940, 1647.67, 1
8766, 35175, 6, 0, 40114, 45651, 10476, 10470, 1746.00, 1
8767, 35183, 1, 0, 40125, 40125, 4942, 4941, 4942.00, 1
8768, 35187, 10, 0, 40126, 47950, 12763, 12753, 1276.30, 1
8769, 35189, 16, 0, 40133, 48895, 13706, 13690, 856.62, 1
8770, 35193, 4, 0, 40141, 40144, 4951, 4947, 1237.75, 1
8771, 35198, 6, 0, 40145, 45687, 10489, 10483, 1748.17, 1
8772, 35199, 2, 0, 40149, 40150, 4951, 4949, 2475.50, 1
8773, 35204, 5, 0, 40151, 45692, 10488, 10483, 2097.60, 1
8774, 35211, 7, 0, 40159, 45697, 10486, 10479, 1498.00, 1
8775, 35213, 8, 0, 40163, 45701, 10488, 10480, 1311.00, 1
8776, 35216, 14, 0, 40167, 48900, 13684, 13670, 977.43, 1
8777, 35217, 4, 0, 40171, 40174, 4957, 4953, 1239.25, 1
8778, 35220, 8, 0, 40179, 45710, 10490, 10482, 1311.25, 1
8779, 35223, 10, 0, 40183, 47976, 12753, 12743, 1275.30, 1
8780, 35228, 3, 0, 40187, 40189, 4961, 4958, 1653.67, 1
8781, 35229, 3, 0, 40190, 40192, 4963, 4960, 1654.33, 1
8782, 35230, 3, 0, 40193, 40195, 4965, 4962, 1655.00, 1
8783, 35233, 2, 0, 40199, 40200, 4967, 4965, 2483.50, 1
8784, 35237, 5, 0, 40201, 45715, 10478, 10473, 2095.60, 1
8785, 35240, 4, 0, 40205, 40208, 4968, 4964, 1242.00, 1
8786, 35243, 6, 0, 40213, 45721, 10478, 10472, 1746.33, 1
8787, 35244, 3, 0, 40217, 40219, 4975, 4972, 1658.33, 1
8788, 35250, 4, 0, 40224, 40227, 4977, 4973, 1244.25, 1
8789, 35254, 14, 0, 40228, 48902, 13648, 13634, 974.86, 1
8790, 35255, 13, 0, 40232, 48903, 13648, 13635, 1049.85, 1
8791, 35257, 5, 0, 40238, 45734, 10477, 10472, 2095.40, 1
8792, 35258, 1, 0, 40242, 40242, 4984, 4983, 4984.00, 1
8793, 35264, 12, 0, 40243, 47992, 12728, 12716, 1060.67, 1
8794, 35267, 5, 0, 40247, 45739, 10472, 10467, 2094.40, 1
8795, 35270, 1, 0, 40251, 40251, 4981, 4980, 4981.00, 1
8796, 35271, 3, 0, 40252, 40254, 4983, 4980, 1661.00, 1
8797, 35272, 9, 0, 40255, 47993, 12721, 12712, 1413.44, 1
8798, 35273, 1, 0, 40259, 40259, 4986, 4985, 4986.00, 1
8799, 35275, 5, 0, 40262, 45744, 10469, 10464, 2093.80, 1
8800, 35287, 5, 0, 40270, 45745, 10458, 10453, 2091.60, 1
8801, 35288, 1, 0, 40274, 40274, 4986, 4985, 4986.00, 1
8802, 35289, 3, 0, 40275, 40277, 4988, 4985, 1662.67, 1
8803, 35293, 3, 0, 40278, 40280, 4987, 4984, 1662.33, 1
8804, 35302, 5, 0, 40283, 45746, 10444, 10439, 2088.80, 1
8805, 35325, 7, 0, 40294, 45751, 10426, 10419, 1489.43, 1
8806, 35329, 1, 0, 40300, 40300, 4971, 4970, 4971.00, 1
8807, 35334, 4, 0, 40305, 40308, 4974, 4970, 1243.50, 1
8808, 35336, 3, 0, 40309, 40311, 4975, 4972, 1658.33, 1
8809, 35337, 5, 0, 40312, 45756, 10419, 10414, 2083.80, 1
8810, 35342, 2, 0, 40320, 40321, 4979, 4977, 2489.50, 1
8811, 35350, 6, 0, 40326, 45764, 10414, 10408, 1735.67, 1
8812, 35351, 12, 0, 40330, 48003, 12652, 12640, 1054.33, 1
8813, 35353, 1, 0, 40334, 40334, 4981, 4980, 4981.00, 1
8814, 35360, 4, 0, 40335, 40338, 4978, 4974, 1244.50, 1
8815, 35365, 5, 0, 40343, 45769, 10404, 10399, 2080.80, 1
8816, 35369, 1, 0, 40347, 40347, 4978, 4977, 4978.00, 1
8817, 35382, 1, 0, 40351, 40351, 4969, 4968, 4969.00, 1
8818, 35384, 10, 0, 40352, 48005, 12621, 12611, 1262.10, 1
8819, 35389, 5, 0, 40360, 45774, 10385, 10380, 2077.00, 1
8820, 35391, 1, 0, 40364, 40364, 4973, 4972, 4973.00, 1
8821, 35396, 8, 0, 40366, 45778, 10382, 10374, 1297.75, 1
8822, 35400, 5, 0, 40372, 45779, 10379, 10374, 2075.80, 1
8823, 35402, 2, 0, 40376, 40377, 4975, 4973, 2487.50, 1
8824, 35404, 2, 0, 40378, 40379, 4975, 4973, 2487.50, 1
8825, 35406, 7, 0, 40380, 45782, 10376, 10369, 1482.29, 1
8826, 35409, 7, 0, 40384, 45785, 10376, 10369, 1482.29, 1
8827, 35410, 2, 0, 40388, 40389, 4979, 4977, 2489.50, 1
8828, 35411, 7, 0, 40390, 45788, 10377, 10370, 1482.43, 1
8829, 35413, 1, 0, 40394, 40394, 4981, 4980, 4981.00, 1
8830, 35414, 5, 0, 40395, 45789, 10375, 10370, 2075.00, 1
8831, 35415, 9, 0, 40399, 48006, 12591, 12582, 1399.00, 1
8832, 35420, 15, 0, 40407, 48908, 13488, 13473, 899.20, 1
8833, 35421, 5, 0, 40411, 45799, 10378, 10373, 2075.60, 1
8834, 35425, 2, 0, 40419, 40420, 4995, 4993, 2497.50, 1
8835, 35429, 1, 0, 40421, 40421, 4992, 4991, 4992.00, 1
8836, 35433, 7, 0, 40424, 45806, 10373, 10366, 1481.86, 1
8837, 35437, 1, 0, 40428, 40428, 4991, 4990, 4991.00, 1
8838, 35444, 20, 0, 40432, 49262, 13818, 13798, 690.90, 1
8839, 35446, 2, 0, 40436, 40437, 4991, 4989, 2495.50, 1
8840, 35451, 1, 0, 40442, 40442, 4991, 4990, 4991.00, 1
8841, 35453, 9, 0, 40443, 48017, 12564, 12555, 1396.00, 1
8842, 35459, 1, 0, 40451, 40451, 4992, 4991, 4992.00, 1
8843, 35460, 3, 0, 40452, 40454, 4994, 4991, 1664.67, 1
8844, 35461, 1, 0, 40455, 40455, 4994, 4993, 4994.00, 1
8845, 35463, 3, 0, 40456, 40458, 4995, 4992, 1665.00, 1
8846, 35472, 1, 0, 40463, 40463, 4991, 4990, 4991.00, 1
8847, 35473, 1, 0, 40468, 40468, 4995, 4994, 4995.00, 1
8848, 35476, 2, 0, 40469, 40470, 4994, 4992, 2497.00, 1
8849, 35481, 5, 0, 40474, 45820, 10339, 10334, 2067.80, 1
8850, 35483, 9, 0, 40478, 48020, 12537, 12528, 1393.00, 1
8851, 35484, 5, 0, 40482, 45825, 10341, 10336, 2068.20, 1
8852, 35487, 2, 0, 40486, 40487, 5000, 4998, 2500.00, 1
8853, 35488, 4, 0, 40488, 40491, 5003, 4999, 1250.75, 1
8854, 35495, 4, 0, 40496, 40499, 5004, 5000, 1251.00, 1
8855, 35498, 4, 0, 40500, 40503, 5005, 5001, 1251.25, 1
8856, 35499, 9, 0, 40507, 48021, 12522, 12513, 1391.33, 1
8857, 35510, 2, 0, 40519, 40520, 5010, 5008, 2505.00, 1
8858, 35512, 19, 0, 40525, 49265, 13753, 13734, 723.84, 1
8859, 35516, 2, 0, 40531, 40532, 5016, 5014, 2508.00, 1
8860, 35520, 4, 0, 40537, 40540, 5020, 5016, 1255.00, 1
8861, 35521, 3, 0, 40541, 40543, 5022, 5019, 1674.00, 1
8862, 35526, 1, 0, 40548, 40548, 5022, 5021, 5022.00, 1
8863, 35527, 4, 0, 40549, 40552, 5025, 5021, 1256.25, 1
8864, 35528, 3, 0, 40553, 40555, 5027, 5024, 1675.67, 1
8865, 35537, 8, 0, 40561, 45842, 10305, 10297, 1288.12, 1
8866, 35540, 1, 0, 40568, 40568, 5028, 5027, 5028.00, 1
8867, 35543, 4, 0, 40573, 40576, 5033, 5029, 1258.25, 1
8868, 35546, 3, 0, 40577, 40579, 5033, 5030, 1677.67, 1
8869, 35552, 1, 0, 40580, 40580, 5028, 5027, 5028.00, 1
8870, 35553, 7, 0, 40581, 45849, 10296, 10289, 1470.86, 1
8871, 35554, 1, 0, 40585, 40585, 5031, 5030, 5031.00, 1
8872, 35557, 2, 0, 40589, 40590, 5033, 5031, 2516.50, 1
8873, 35558, 2, 0, 40591, 40592, 5034, 5032, 2517.00, 1
8874, 35560, 8, 0, 40593, 45853, 10293, 10285, 1286.62, 1
8875, 35561, 2, 0, 40597, 40598, 5037, 5035, 2518.50, 1
8876, 35564, 5, 0, 40599, 45854, 10290, 10285, 2058.00, 1
8877, 35573, 1, 0, 40604, 40604, 5031, 5030, 5031.00, 1
8878, 35586, 6, 0, 40614, 45860, 10274, 10268, 1712.33, 1
8879, 35600, 2, 0, 40626, 40627, 5027, 5025, 2513.50, 1
8880, 35604, 4, 0, 40632, 40635, 5031, 5027, 1257.75, 1
8881, 35606, 4, 0, 40636, 40639, 5033, 5029, 1258.25, 1
8882, 35613, 5, 0, 40640, 45861, 10248, 10243, 2049.60, 1
8883, 35615, 5, 0, 40646, 45862, 10247, 10242, 2049.40, 1
8884, 35617, 2, 0, 40650, 40651, 5034, 5032, 2517.00, 1
8885, 35620, 1, 0, 40653, 40653, 5033, 5032, 5033.00, 1
8886, 35625, 2, 0, 40658, 40659, 5034, 5032, 2517.00, 1
8887, 35629, 4, 0, 40660, 40663, 5034, 5030, 1258.50, 1
8888, 35630, 1, 0, 40664, 40664, 5034, 5033, 5034.00, 1
8889, 35634, 2, 0, 40666, 40667, 5033, 5031, 2516.50, 1
8890, 35635, 7, 0, 40668, 45869, 10234, 10227, 1462.00, 1
8891, 35638, 6, 0, 40672, 45871, 10233, 10227, 1705.50, 1
8892, 35639, 4, 0, 40676, 40679, 5040, 5036, 1260.00, 1
8893, 35642, 3, 0, 40684, 40686, 5044, 5041, 1681.33, 1
8894, 35651, 3, 0, 40691, 40693, 5042, 5039, 1680.67, 1
8895, 35663, 3, 0, 40694, 40696, 5033, 5030, 1677.67, 1
8896, 35669, 11, 0, 40697, 48041, 12372, 12361, 1124.73, 1
8897, 35674, 1, 0, 40701, 40701, 5027, 5026, 5027.00, 1
8898, 35681, 5, 0, 40706, 45888, 10207, 10202, 2041.40, 1
8899, 35684, 5, 0, 40714, 45893, 10209, 10204, 2041.80, 1
8900, 35687, 3, 0, 40718, 40720, 5033, 5030, 1677.67, 1
8901, 35689, 7, 0, 40722, 45896, 10207, 10200, 1458.14, 1
8902, 35699, 7, 0, 40730, 45900, 10201, 10194, 1457.29, 1
8903, 35705, 2, 0, 40740, 40741, 5036, 5034, 2518.00, 1
8904, 35706, 4, 0, 40742, 40745, 5039, 5035, 1259.75, 1
8905, 35712, 1, 0, 40746, 40746, 5034, 5033, 5034.00, 1
8906, 35720, 5, 0, 40750, 45905, 10185, 10180, 2037.00, 1
8907, 35724, 7, 0, 40754, 45908, 10184, 10177, 1454.86, 1
8908, 35725, 1, 0, 40758, 40758, 5033, 5032, 5033.00, 1
8909, 35729, 3, 0, 40759, 40761, 5032, 5029, 1677.33, 1
8910, 35733, 4, 0, 40762, 40765, 5032, 5028, 1258.00, 1
8911, 35737, 8, 0, 40768, 45912, 10175, 10167, 1271.88, 1
8912, 35741, 4, 0, 40772, 40775, 5034, 5030, 1258.50, 1
8913, 35743, 2, 0, 40776, 40777, 5034, 5032, 2517.00, 1
8914, 35745, 1, 0, 40778, 40778, 5033, 5032, 5033.00, 1
8915, 35747, 1, 0, 40781, 40781, 5034, 5033, 5034.00, 1
8916, 35752, 3, 0, 40782, 40784, 5032, 5029, 1677.33, 1
8917, 35755, 3, 0, 40785, 40787, 5032, 5029, 1677.33, 1
8918, 35760, 5, 0, 40792, 45913, 10153, 10148, 2030.60, 1
8919, 35772, 3, 0, 40800, 40802, 5030, 5027, 1676.67, 1
8920, 35773, 5, 0, 40803, 45918, 10145, 10140, 2029.00, 1
8921, 35775, 1, 0, 40807, 40807, 5032, 5031, 5032.00, 1
8922, 35777, 12, 0, 40808, 48051, 12274, 12262, 1022.83, 1
8923, 35778, 1, 0, 40812, 40812, 5034, 5033, 5034.00, 1
8924, 35781, 1, 0, 40813, 40813, 5032, 5031, 5032.00, 1
8925, 35782, 1, 0, 40814, 40814, 5032, 5031, 5032.00, 1
8926, 35783, 9, 0, 40815, 48052, 12269, 12260, 1363.22, 1
8927, 35785, 5, 0, 40819, 45927, 10142, 10137, 2028.40, 1
8928, 35791, 3, 0, 40829, 40831, 5040, 5037, 1680.00, 1
8929, 35794, 4, 0, 40832, 40835, 5041, 5037, 1260.25, 1
8930, 35798, 9, 0, 40837, 48053, 12255, 12246, 1361.67, 1
8931, 35812, 11, 0, 40845, 48056, 12244, 12233, 1113.09, 1
8932, 35815, 4, 0, 40849, 40852, 5037, 5033, 1259.25, 1
8933, 35818, 1, 0, 40853, 40853, 5035, 5034, 5035.00, 1
8934, 35820, 8, 0, 40854, 45939, 10119, 10111, 1264.88, 1
8935, 35825, 2, 0, 40859, 40860, 5035, 5033, 2517.50, 1
8936, 35826, 9, 0, 40861, 48057, 12231, 12222, 1359.00, 1
8937, 35845, 4, 0, 40875, 40878, 5033, 5029, 1258.25, 1
8938, 35846, 8, 0, 40879, 45949, 10103, 10095, 1262.88, 1
8939, 35848, 1, 0, 40883, 40883, 5035, 5034, 5035.00, 1
8940, 35859, 9, 0, 40890, 48058, 12199, 12190, 1355.44, 1
8941, 35860, 15, 0, 40894, 48925, 13065, 13050, 871.00, 1
8942, 35861, 4, 0, 40898, 40901, 5040, 5036, 1260.00, 1
8943, 35868, 11, 0, 40906, 48065, 12197, 12186, 1108.82, 1
8944, 35874, 1, 0, 40910, 40910, 5036, 5035, 5036.00, 1
8945, 35876, 3, 0, 40915, 40917, 5041, 5038, 1680.33, 1
8946, 35877, 15, 0, 40918, 48928, 13051, 13036, 870.07, 1
8947, 35878, 2, 0, 40922, 40923, 5045, 5043, 2522.50, 1
8948, 35882, 1, 0, 40927, 40927, 5045, 5044, 5045.00, 1
8949, 35885, 4, 0, 40928, 40931, 5046, 5042, 1261.50, 1
8950, 35886, 8, 0, 40932, 45977, 10091, 10083, 1261.38, 1
8951, 35890, 1, 0, 40939, 40939, 5049, 5048, 5049.00, 1
8952, 35891, 3, 0, 40940, 40942, 5051, 5048, 1683.67, 1
8953, 35892, 4, 0, 40943, 40946, 5054, 5050, 1263.50, 1
8954, 35893, 3, 0, 40947, 40949, 5056, 5053, 1685.33, 1
8955, 35900, 10, 0, 40954, 48072, 12172, 12162, 1217.20, 1
8956, 35903, 3, 0, 40962, 40964, 5061, 5058, 1687.00, 1
8957, 35904, 1, 0, 40965, 40965, 5061, 5060, 5061.00, 1
8958, 35907, 1, 0, 40970, 40970, 5063, 5062, 5063.00, 1
8959, 35918, 3, 0, 40975, 40977, 5059, 5056, 1686.33, 1
8960, 35925, 1, 0, 40981, 40981, 5056, 5055, 5056.00, 1
8961, 35926, 5, 0, 40982, 45992, 10066, 10061, 2013.20, 1
8962, 35936, 2, 0, 40990, 40991, 5055, 5053, 2527.50, 1
8963, 35937, 2, 0, 40992, 40993, 5056, 5054, 2528.00, 1
8964, 35940, 9, 0, 40994, 48077, 12137, 12128, 1348.56, 1
8965, 35947, 2, 0, 41002, 41003, 5056, 5054, 2528.00, 1
8966, 35948, 3, 0, 41004, 41006, 5058, 5055, 1686.00, 1
8967, 35953, 6, 0, 41007, 46003, 10050, 10044, 1675.00, 1
8968, 35957, 6, 0, 41012, 46005, 10048, 10042, 1674.67, 1
8969, 35958, 10, 0, 41016, 48079, 12121, 12111, 1212.10, 1
8970, 35961, 6, 0, 41020, 46011, 10050, 10044, 1675.00, 1
8971, 35963, 2, 0, 41024, 41025, 5062, 5060, 2531.00, 1
8972, 35965, 1, 0, 41026, 41026, 5061, 5060, 5061.00, 1
8973, 35967, 6, 0, 41027, 46013, 10046, 10040, 1674.33, 1
8974, 35969, 4, 0, 41031, 41034, 5065, 5061, 1266.25, 1
8975, 35974, 2, 0, 41035, 41036, 5062, 5060, 2531.00, 1
8976, 35976, 1, 0, 41038, 41038, 5062, 5061, 5062.00, 1
8977, 35977, 10, 0, 41039, 48081, 12104, 12094, 1210.40, 1
8978, 35978, 8, 0, 41043, 46021, 10043, 10035, 1255.38, 1
8979, 35980, 9, 0, 41051, 48082, 12102, 12093, 1344.67, 1
8980, 35989, 4, 0, 41059, 41062, 5073, 5069, 1268.25, 1
8981, 35991, 20, 0, 41063, 49269, 13278, 13258, 663.90, 1
8982, 35992, 5, 0, 41067, 46034, 10042, 10037, 2008.40, 1
8983, 35993, 3, 0, 41071, 41073, 5080, 5077, 1693.33, 1
8984, 35994, 3, 0, 41074, 41076, 5082, 5079, 1694.00, 1
8985, 36012, 3, 0, 41085, 41087, 5075, 5072, 1691.67, 1
8986, 36029, 5, 0, 41102, 46048, 10019, 10014, 2003.80, 1
8987, 36030, 2, 0, 41106, 41107, 5077, 5075, 2538.50, 1
8988, 36033, 5, 0, 41109, 46049, 10016, 10011, 2003.20, 1
8989, 36034, 6, 0, 41113, 46051, 10017, 10011, 1669.50, 1
8990, 36035, 1, 0, 41117, 41117, 5082, 5081, 5082.00, 1
8991, 36036, 4, 0, 41122, 41125, 5089, 5085, 1272.25, 1
8992, 36037, 6, 0, 41126, 46055, 10018, 10012, 1669.67, 1
8993, 36047, 4, 0, 41138, 41141, 5094, 5090, 1273.50, 1
8994, 36048, 5, 0, 41142, 46064, 10016, 10011, 2003.20, 1
8995, 36051, 2, 0, 41146, 41147, 5096, 5094, 2548.00, 1
8996, 36087, 1, 0, 41162, 41162, 5075, 5074, 5075.00, 1
8997, 36088, 3, 0, 41163, 41165, 5077, 5074, 1692.33, 1
8998, 36089, 1, 0, 41166, 41166, 5077, 5076, 5077.00, 1
8999, 36090, 1, 0, 41167, 41167, 5077, 5076, 5077.00, 1
9000, 36091, 24, 0, 41168, 49413, 13322, 13298, 555.08, 1
9001, 36096, 3, 0, 41172, 41174, 5078, 5075, 1692.67, 1
9002, 36102, 5, 0, 41179, 46073, 9971, 9966, 1994.20, 1
9003, 36110, 3, 0, 41187, 41189, 5079, 5076, 1693.00, 1
9004, 36115, 8, 0, 41190, 46077, 9962, 9954, 1245.25, 1
9005, 36117, 6, 0, 41194, 46079, 9962, 9956, 1660.33, 1
9006, 36125, 3, 0, 41202, 41204, 5079, 5076, 1693.00, 1
9007, 36129, 5, 0, 41209, 46085, 9956, 9951, 1991.20, 1
9008, 36133, 2, 0, 41217, 41218, 5085, 5083, 2542.50, 1
9009, 36136, 5, 0, 41219, 46086, 9950, 9945, 1990.00, 1
9010, 36141, 14, 0, 41228, 48942, 12801, 12787, 914.36, 1
9011, 36142, 2, 0, 41232, 41233, 5091, 5089, 2545.50, 1
9012, 36144, 4, 0, 41234, 41237, 5093, 5089, 1273.25, 1
9013, 36147, 3, 0, 41238, 41240, 5093, 5090, 1697.67, 1
9014, 36148, 27, 0, 41241, 49476, 13328, 13301, 493.63, 1
9015, 36150, 26, 0, 41249, 49478, 13328, 13302, 512.62, 1
9016, 36156, 1, 0, 41253, 41253, 5097, 5096, 5097.00, 1
9017, 36162, 2, 0, 41256, 41257, 5095, 5093, 2547.50, 1
9018, 36164, 1, 0, 41258, 41258, 5094, 5093, 5094.00, 1
9019, 36165, 8, 0, 41263, 46105, 9940, 9932, 1242.50, 1
9020, 36168, 4, 0, 41267, 41270, 5102, 5098, 1275.50, 1
9021, 36171, 3, 0, 41275, 41277, 5106, 5103, 1702.00, 1
9022, 36172, 7, 0, 41278, 46110, 9938, 9931, 1419.71, 1
9023, 36176, 14, 0, 41286, 48952, 12776, 12762, 912.57, 1
9024, 36177, 6, 0, 41290, 46120, 9943, 9937, 1657.17, 1
9025, 36179, 8, 0, 41294, 46124, 9945, 9937, 1243.12, 1
9026, 36180, 6, 0, 41298, 46126, 9946, 9940, 1657.67, 1
9027, 36184, 5, 0, 41302, 46127, 9943, 9938, 1988.60, 1
9028, 36188, 6, 0, 41306, 46129, 9941, 9935, 1656.83, 1
9029, 36193, 8, 0, 41313, 46133, 9940, 9932, 1242.50, 1
9030, 36194, 2, 0, 41317, 41318, 5124, 5122, 2562.00, 1
9031, 36200, 5, 0, 41319, 46134, 9934, 9929, 1986.80, 1
9032, 36202, 4, 0, 41323, 41326, 5124, 5120, 1281.00, 1
9033, 36209, 9, 0, 41330, 48122, 11913, 11904, 1323.67, 1
9034, 36210, 2, 0, 41334, 41335, 5125, 5123, 2562.50, 1
9035, 36216, 1, 0, 41337, 41337, 5121, 5120, 5121.00, 1
9036, 36219, 26, 0, 41341, 49480, 13261, 13235, 510.04, 1
9037, 36223, 7, 0, 41345, 46145, 9922, 9915, 1417.43, 1
9038, 36224, 11, 0, 41349, 48129, 11905, 11894, 1082.27, 1
9039, 36231, 18, 0, 41355, 49290, 13059, 13041, 725.50, 1
9040, 36232, 16, 0, 41359, 48964, 12732, 12716, 795.75, 1
9041, 36240, 2, 0, 41368, 41369, 5129, 5127, 2564.50, 1
9042, 36243, 3, 0, 41370, 41372, 5129, 5126, 1709.67, 1
9043, 36247, 3, 0, 41373, 41375, 5128, 5125, 1709.33, 1
9044, 36248, 11, 0, 41378, 48144, 11896, 11885, 1081.45, 1
9045, 36254, 6, 0, 41386, 46167, 9913, 9907, 1652.17, 1
9046, 36256, 6, 0, 41394, 46173, 9917, 9911, 1652.83, 1
9047, 36264, 3, 0, 41402, 41404, 5140, 5137, 1713.33, 1
9048, 36265, 2, 0, 41405, 41406, 5141, 5139, 2570.50, 1
9049, 36267, 11, 0, 41407, 48147, 11880, 11869, 1080.00, 1
9050, 36269, 5, 0, 41415, 46182, 9913, 9908, 1982.60, 1
9051, 36270, 11, 0, 41419, 48150, 11880, 11869, 1080.00, 1
9052, 36276, 7, 0, 41424, 46189, 9913, 9906, 1416.14, 1
9053, 36290, 1, 0, 41438, 41438, 5148, 5147, 5148.00, 1
9054, 36291, 1, 0, 41439, 41439, 5148, 5147, 5148.00, 1
9055, 36293, 10, 0, 41440, 48156, 11863, 11853, 1186.30, 1
9056, 36296, 2, 0, 41444, 41445, 5149, 5147, 2574.50, 1
9057, 36298, 5, 0, 41446, 46198, 9900, 9895, 1980.00, 1
9058, 36303, 9, 0, 41450, 48157, 11854, 11845, 1317.11, 1
9059, 36305, 3, 0, 41454, 41456, 5151, 5148, 1717.00, 1
9060, 36310, 3, 0, 41458, 41460, 5150, 5147, 1716.67, 1
9061, 36317, 1, 0, 41466, 41466, 5149, 5148, 5149.00, 1
9062, 36320, 12, 0, 41467, 48165, 11845, 11833, 987.08, 1
9063, 36324, 3, 0, 41472, 41474, 5150, 5147, 1716.67, 1
9064, 36326, 2, 0, 41477, 41478, 5152, 5150, 2576.00, 1
9065, 36331, 2, 0, 41479, 41480, 5149, 5147, 2574.50, 1
9066, 36333, 3, 0, 41481, 41483, 5150, 5147, 1716.67, 1
9067, 36341, 2, 0, 41487, 41488, 5147, 5145, 2573.50, 1
9068, 36342, 3, 0, 41489, 41491, 5149, 5146, 1716.33, 1
9069, 36345, 2, 0, 41492, 41493, 5148, 5146, 2574.00, 1
9070, 36346, 2, 0, 41494, 41495, 5149, 5147, 2574.50, 1
9071, 36349, 5, 0, 41496, 46211, 9862, 9857, 1972.40, 1
9072, 36351, 1, 0, 41500, 41500, 5149, 5148, 5149.00, 1
9073, 36356, 8, 0, 41502, 46215, 9859, 9851, 1232.38, 1
9074, 36364, 14, 0, 41510, 48977, 12613, 12599, 900.93, 1
9075, 36370, 9, 0, 41514, 48170, 11800, 11791, 1311.11, 1
9076, 36376, 1, 0, 41520, 41520, 5144, 5143, 5144.00, 1
9077, 36377, 1, 0, 41521, 41521, 5144, 5143, 5144.00, 1
9078, 36382, 2, 0, 41522, 41523, 5141, 5139, 2570.50, 1
9079, 36384, 4, 0, 41528, 41531, 5147, 5143, 1286.75, 1
9080, 36385, 8, 0, 41532, 46231, 9846, 9838, 1230.75, 1
9081, 36391, 2, 0, 41536, 41537, 5146, 5144, 2573.00, 1
9082, 36394, 6, 0, 41542, 46237, 9843, 9837, 1640.50, 1
9083, 36403, 1, 0, 41550, 41550, 5147, 5146, 5147.00, 1
9084, 36409, 2, 0, 41551, 41552, 5143, 5141, 2571.50, 1
9085, 36410, 3, 0, 41557, 41559, 5149, 5146, 1716.33, 1
9086, 36412, 2, 0, 41560, 41561, 5149, 5147, 2574.50, 1
9087, 36415, 1, 0, 41562, 41562, 5147, 5146, 5147.00, 1
9088, 36418, 4, 0, 41563, 41566, 5148, 5144, 1287.00, 1
9089, 36424, 16, 0, 41567, 48985, 12561, 12545, 785.06, 1
9090, 36429, 6, 0, 41573, 46248, 9819, 9813, 1636.50, 1
9091, 36434, 4, 0, 41578, 41581, 5147, 5143, 1286.75, 1
9092, 36439, 3, 0, 41584, 41586, 5147, 5144, 1715.67, 1
9093, 36443, 6, 0, 41587, 46250, 9807, 9801, 1634.50, 1
9094, 36449, 4, 0, 41591, 41594, 5145, 5141, 1286.25, 1
9095, 36453, 5, 0, 41598, 46251, 9798, 9793, 1959.60, 1
9096, 36455, 3, 0, 41602, 41604, 5149, 5146, 1716.33, 1
9097, 36466, 1, 0, 41608, 41608, 5142, 5141, 5142.00, 1
9098, 36468, 7, 0, 41609, 46254, 9786, 9779, 1398.00, 1
9099, 36475, 1, 0, 41620, 41620, 5145, 5144, 5145.00, 1
9100, 36476, 2, 0, 41621, 41622, 5146, 5144, 2573.00, 1
9101, 36478, 12, 0, 41627, 48182, 11704, 11692, 975.33, 1
9102, 36479, 6, 0, 41631, 46266, 9787, 9781, 1631.17, 1
9103, 36480, 8, 0, 41635, 46270, 9790, 9782, 1223.75, 1
9104, 36484, 5, 0, 41643, 46273, 9789, 9784, 1957.80, 1
9105, 36486, 7, 0, 41647, 46276, 9790, 9783, 1398.57, 1
9106, 36489, 1, 0, 41651, 41651, 5162, 5161, 5162.00, 1
9107, 36496, 1, 0, 41652, 41652, 5156, 5155, 5156.00, 1
9108, 36505, 7, 0, 41658, 46280, 9775, 9768, 1396.43, 1
9109, 36506, 1, 0, 41662, 41662, 5156, 5155, 5156.00, 1
9110, 36508, 6, 0, 41664, 46282, 9774, 9768, 1629.00, 1
9111, 36509, 8, 0, 41668, 46286, 9777, 9769, 1222.12, 1
9112, 36512, 2, 0, 41672, 41673, 5161, 5159, 2580.50, 1
9113, 36524, 9, 0, 41678, 48183, 11659, 11650, 1295.44, 1
9114, 36532, 3, 0, 41687, 41689, 5157, 5154, 1719.00, 1
9115, 36534, 15, 0, 41691, 48988, 12454, 12439, 830.27, 1
9116, 36535, 10, 0, 41695, 48189, 11654, 11644, 1165.40, 1
9117, 36536, 5, 0, 41699, 46302, 9766, 9761, 1953.20, 1
9118, 36542, 1, 0, 41711, 41711, 5169, 5168, 5169.00, 1
9119, 36544, 11, 0, 41712, 48196, 11652, 11641, 1059.27, 1
9120, 36557, 3, 0, 41724, 41726, 5169, 5166, 1723.00, 1
9121, 36559, 21, 0, 41727, 49430, 12871, 12850, 612.90, 1
9122, 36560, 2, 0, 41731, 41732, 5172, 5170, 2586.00, 1
9123, 36566, 3, 0, 41741, 41743, 5177, 5174, 1725.67, 1
9124, 36570, 2, 0, 41744, 41745, 5175, 5173, 2587.50, 1
9125, 36572, 8, 0, 41746, 46327, 9755, 9747, 1219.38, 1
9126, 36576, 1, 0, 41754, 41754, 5178, 5177, 5178.00, 1
9127, 36578, 9, 0, 41755, 48201, 11623, 11614, 1291.44, 1
9128, 36582, 8, 0, 41759, 46335, 9753, 9745, 1219.12, 1
9129, 36588, 9, 0, 41766, 48202, 11614, 11605, 1290.44, 1
9130, 36599, 5, 0, 41770, 46340, 9741, 9736, 1948.20, 1
9131, 36606, 11, 0, 41776, 48205, 11599, 11588, 1054.45, 1
9132, 36607, 5, 0, 41780, 46345, 9738, 9733, 1947.60, 1
9133, 36617, 11, 0, 41787, 48208, 11591, 11580, 1053.73, 1
9134, 36618, 3, 0, 41791, 41793, 5175, 5172, 1725.00, 1
9135, 36621, 2, 0, 41794, 41795, 5174, 5172, 2587.00, 1
9136, 36623, 2, 0, 41796, 41797, 5174, 5172, 2587.00, 1
9137, 36626, 4, 0, 41802, 41805, 5179, 5175, 1294.75, 1
9138, 36630, 2, 0, 41806, 41807, 5177, 5175, 2588.50, 1
9139, 36632, 3, 0, 41808, 41810, 5178, 5175, 1726.00, 1
9140, 36643, 1, 0, 41815, 41815, 5172, 5171, 5172.00, 1
9141, 36646, 12, 0, 41816, 48215, 11569, 11557, 964.08, 1
9142, 36654, 7, 0, 41828, 46363, 9709, 9702, 1387.00, 1
9143, 36656, 2, 0, 41832, 41833, 5177, 5175, 2588.50, 1
9144, 36659, 2, 0, 41834, 41835, 5176, 5174, 2588.00, 1
9145, 36668, 5, 0, 41844, 46368, 9700, 9695, 1940.00, 1
9146, 36669, 1, 0, 41848, 41848, 5179, 5178, 5179.00, 1
9147, 36672, 3, 0, 41849, 41851, 5179, 5176, 1726.33, 1
9148, 36673, 2, 0, 41852, 41853, 5180, 5178, 2590.00, 1
9149, 36674, 13, 0, 41854, 48995, 12321, 12308, 947.77, 1
9150, 36675, 1, 0, 41858, 41858, 5183, 5182, 5183.00, 1
9151, 36688, 2, 0, 41863, 41864, 5176, 5174, 2588.00, 1
9152, 36690, 5, 0, 41869, 46379, 9689, 9684, 1937.80, 1
9153, 36695, 2, 0, 41877, 41878, 5183, 5181, 2591.50, 1
9154, 36700, 2, 0, 41879, 41880, 5180, 5178, 2590.00, 1
9155, 36703, 4, 0, 41881, 41884, 5181, 5177, 1295.25, 1
9156, 36704, 12, 0, 41885, 48227, 11523, 11511, 960.25, 1
9157, 36716, 2, 0, 41897, 41898, 5182, 5180, 2591.00, 1
9158, 36728, 4, 0, 41907, 41910, 5182, 5178, 1295.50, 1
9159, 36733, 5, 0, 41912, 46393, 9660, 9655, 1932.00, 1
9160, 36734, 1, 0, 41920, 41920, 5186, 5185, 5186.00, 1
9161, 36738, 1, 0, 41922, 41922, 5184, 5183, 5184.00, 1
9162, 36747, 4, 0, 41923, 41926, 5179, 5175, 1294.75, 1
9163, 36748, 12, 0, 41927, 48235, 11487, 11475, 957.25, 1
9164, 36750, 1, 0, 41935, 41935, 5185, 5184, 5185.00, 1
9165, 36754, 2, 0, 41940, 41941, 5187, 5185, 2593.50, 1
9166, 36758, 3, 0, 41942, 41944, 5186, 5183, 1728.67, 1
9167, 36761, 7, 0, 41947, 46408, 9647, 9640, 1378.14, 1
9168, 36764, 2, 0, 41951, 41952, 5188, 5186, 2594.00, 1
9169, 36767, 1, 0, 41953, 41953, 5186, 5185, 5186.00, 1
9170, 36770, 4, 0, 41954, 41957, 5187, 5183, 1296.75, 1
9171, 36780, 1, 0, 41962, 41962, 5182, 5181, 5182.00, 1
9172, 36783, 3, 0, 41965, 41967, 5184, 5181, 1728.00, 1
9173, 36784, 7, 0, 41968, 46412, 9628, 9621, 1375.43, 1
9174, 36786, 12, 0, 41972, 48242, 11456, 11444, 954.67, 1
9175, 36788, 3, 0, 41976, 41978, 5190, 5187, 1730.00, 1
9176, 36791, 1, 0, 41979, 41979, 5188, 5187, 5188.00, 1
9177, 36798, 4, 0, 41987, 41990, 5192, 5188, 1298.00, 1
9178, 36800, 3, 0, 41991, 41993, 5193, 5190, 1731.00, 1
9179, 36801, 14, 0, 41994, 48998, 12197, 12183, 871.21, 1
9180, 36809, 2, 0, 42001, 42002, 5193, 5191, 2596.50, 1
9181, 36810, 1, 0, 42003, 42003, 5193, 5192, 5193.00, 1
9182, 36816, 2, 0, 42009, 42010, 5194, 5192, 2597.00, 1
9183, 36818, 1, 0, 42011, 42011, 5193, 5192, 5193.00, 1
9184, 36820, 3, 0, 42013, 42015, 5195, 5192, 1731.67, 1
9185, 36822, 1, 0, 42016, 42016, 5194, 5193, 5194.00, 1
9186, 36829, 2, 0, 42019, 42020, 5191, 5189, 2595.50, 1
9187, 36830, 4, 0, 42021, 42024, 5194, 5190, 1298.50, 1
9188, 36832, 7, 0, 42026, 46427, 9595, 9588, 1370.71, 1
9189, 36834, 3, 0, 42030, 42032, 5198, 5195, 1732.67, 1
9190, 36839, 15, 0, 42034, 49005, 12166, 12151, 811.07, 1
9191, 36842, 1, 0, 42038, 42038, 5196, 5195, 5196.00, 1
9192, 36844, 5, 0, 42039, 46432, 9588, 9583, 1917.60, 1
9193, 36848, 2, 0, 42047, 42048, 5200, 5198, 2600.00, 1
9194, 36856, 3, 0, 42054, 42056, 5200, 5197, 1733.33, 1
9195, 36859, 7, 0, 42057, 46440, 9581, 9574, 1368.71, 1
9196, 36862, 2, 0, 42061, 42062, 5200, 5198, 2600.00, 1
9197, 36867, 1, 0, 42063, 42063, 5196, 5195, 5196.00, 1
9198, 36875, 1, 0, 42068, 42068, 5193, 5192, 5193.00, 1
9199, 36877, 9, 0, 42069, 48259, 11382, 11373, 1264.67, 1
9200, 36880, 3, 0, 42077, 42079, 5199, 5196, 1733.00, 1
9201, 36882, 1, 0, 42080, 42080, 5198, 5197, 5198.00, 1
9202, 36883, 3, 0, 42081, 42083, 5200, 5197, 1733.33, 1
9203, 36888, 5, 0, 42084, 46449, 9561, 9556, 1912.20, 1
9204, 36893, 1, 0, 42092, 42092, 5199, 5198, 5199.00, 1
9205, 36896, 7, 0, 42096, 46456, 9560, 9553, 1365.71, 1
9206, 36900, 2, 0, 42102, 42103, 5203, 5201, 2601.50, 1
9207, 36905, 11, 0, 42108, 48269, 11364, 11353, 1033.09, 1
9208, 36919, 6, 0, 42118, 46466, 9547, 9541, 1591.17, 1
9209, 36921, 12, 0, 42122, 48273, 11352, 11340, 946.00, 1
9210, 36925, 2, 0, 42126, 42127, 5202, 5200, 2601.00, 1
9211, 36934, 6, 0, 42129, 46472, 9538, 9532, 1589.67, 1
9212, 36935, 3, 0, 42133, 42135, 5200, 5197, 1733.33, 1
9213, 36936, 13, 0, 42136, 49009, 12073, 12060, 928.69, 1
9214, 36940, 15, 0, 42144, 49012, 12072, 12057, 804.80, 1
9215, 36947, 2, 0, 42149, 42150, 5203, 5201, 2601.50, 1
9216, 36949, 6, 0, 42151, 46486, 9537, 9531, 1589.50, 1
9217, 36950, 6, 0, 42155, 46488, 9538, 9532, 1589.67, 1
9218, 36954, 4, 0, 42161, 42164, 5210, 5206, 1302.50, 1
9219, 36957, 2, 0, 42165, 42166, 5209, 5207, 2604.50, 1
9220, 36961, 1, 0, 42167, 42167, 5206, 5205, 5206.00, 1
9221, 36965, 5, 0, 42172, 46493, 9528, 9523, 1905.60, 1
9222, 36967, 8, 0, 42176, 46497, 9530, 9522, 1191.25, 1
9223, 36978, 9, 0, 42192, 48290, 11312, 11303, 1256.89, 1
9224, 36981, 1, 0, 42196, 42196, 5215, 5214, 5215.00, 1
9225, 36986, 6, 0, 42204, 46509, 9523, 9517, 1587.17, 1
9226, 36987, 4, 0, 42208, 42211, 5224, 5220, 1306.00, 1
9227, 36995, 3, 0, 42212, 42214, 5219, 5216, 1739.67, 1
9228, 36997, 2, 0, 42215, 42216, 5219, 5217, 2609.50, 1
9229, 37001, 1, 0, 42217, 42217, 5216, 5215, 5216.00, 1
9230, 37003, 3, 0, 42222, 42224, 5221, 5218, 1740.33, 1
9231, 37008, 6, 0, 42226, 46515, 9507, 9501, 1584.50, 1
9232, 37010, 2, 0, 42230, 42231, 5221, 5219, 2610.50, 1
9233, 37013, 12, 0, 42232, 48298, 11285, 11273, 940.42, 1
9234, 37017, 17, 0, 42236, 49307, 12290, 12273, 722.94, 1
9235, 37022, 2, 0, 42248, 42249, 5227, 5225, 2613.50, 1
9236, 37025, 8, 0, 42250, 46532, 9507, 9499, 1188.38, 1
9237, 37027, 6, 0, 42254, 46534, 9507, 9501, 1584.50, 1
9238, 37031, 9, 0, 42258, 48303, 11272, 11263, 1252.44, 1
9239, 37032, 3, 0, 42262, 42264, 5232, 5229, 1744.00, 1
9240, 37034, 2, 0, 42265, 42266, 5232, 5230, 2616.00, 1
9241, 37044, 3, 0, 42268, 42270, 5226, 5223, 1742.00, 1
9242, 37050, 3, 0, 42276, 42278, 5228, 5225, 1742.67, 1
9243, 37061, 3, 0, 42283, 42285, 5224, 5221, 1741.33, 1
9244, 37063, 2, 0, 42286, 42287, 5224, 5222, 2612.00, 1
9245, 37065, 8, 0, 42292, 46547, 9482, 9474, 1185.25, 1
9246, 37070, 5, 0, 42296, 46548, 9478, 9473, 1895.60, 1
9247, 37071, 5, 0, 42304, 46552, 9481, 9476, 1896.20, 1
9248, 37073, 1, 0, 42308, 42308, 5235, 5234, 5235.00, 1
9249, 37075, 6, 0, 42311, 46554, 9479, 9473, 1579.83, 1
9250, 37077, 3, 0, 42315, 42317, 5240, 5237, 1746.67, 1
9251, 37082, 3, 0, 42320, 42322, 5240, 5237, 1746.67, 1
9252, 37093, 5, 0, 42332, 46563, 9470, 9465, 1894.00, 1
9253, 37095, 1, 0, 42336, 42336, 5241, 5240, 5241.00, 1
9254, 37098, 6, 0, 42341, 46565, 9467, 9461, 1577.83, 1
9255, 37099, 1, 0, 42345, 42345, 5246, 5245, 5246.00, 1
9256, 37113, 8, 0, 42350, 46569, 9456, 9448, 1182.00, 1
9257, 37125, 3, 0, 42358, 42360, 5235, 5232, 1745.00, 1
9258, 37157, 1, 0, 42378, 42378, 5221, 5220, 5221.00, 1
9259, 37163, 5, 0, 42379, 46582, 9419, 9414, 1883.80, 1
9260, 37168, 1, 0, 42383, 42383, 5215, 5214, 5215.00, 1
9261, 37171, 2, 0, 42384, 42385, 5214, 5212, 2607.00, 1
9262, 37180, 12, 0, 42387, 48319, 11139, 11127, 928.25, 1
9263, 37181, 2, 0, 42391, 42392, 5211, 5209, 2605.50, 1
9264, 37183, 10, 0, 42393, 48321, 11138, 11128, 1113.80, 1
9265, 37184, 1, 0, 42397, 42397, 5213, 5212, 5213.00, 1
9266, 37191, 3, 0, 42402, 42404, 5213, 5210, 1737.67, 1
9267, 37192, 1, 0, 42405, 42405, 5213, 5212, 5213.00, 1
9268, 37201, 5, 0, 42406, 46592, 9391, 9386, 1878.20, 1
9269, 37207, 9, 0, 42416, 48322, 11115, 11106, 1235.00, 1
9270, 37211, 8, 0, 42421, 46603, 9392, 9384, 1174.00, 1
9271, 37217, 9, 0, 42425, 48323, 11106, 11097, 1234.00, 1
9272, 37219, 3, 0, 42433, 42435, 5216, 5213, 1738.67, 1
9273, 37222, 5, 0, 42436, 46608, 9386, 9381, 1877.20, 1
9274, 37223, 1, 0, 42440, 42440, 5217, 5216, 5217.00, 1
9275, 37224, 7, 0, 42441, 46611, 9387, 9380, 1341.00, 1
9276, 37226, 7, 0, 42445, 46614, 9388, 9381, 1341.14, 1
9277, 37228, 2, 0, 42450, 42451, 5223, 5221, 2611.50, 1
9278, 37229, 1, 0, 42452, 42452, 5223, 5222, 5223.00, 1
9279, 37238, 9, 0, 42453, 48324, 11086, 11077, 1231.78, 1
9280, 37240, 4, 0, 42457, 42460, 5220, 5216, 1305.00, 1
9281, 37245, 17, 0, 42465, 49308, 12063, 12046, 709.59, 1
9282, 37246, 3, 0, 42469, 42471, 5225, 5222, 1741.67, 1
9283, 37251, 8, 0, 42475, 46629, 9378, 9370, 1172.25, 1
9284, 37254, 2, 0, 42482, 42483, 5229, 5227, 2614.50, 1
9285, 37258, 2, 0, 42484, 42485, 5227, 5225, 2613.50, 1
9286, 37259, 6, 0, 42486, 46631, 9372, 9366, 1562.00, 1
9287, 37262, 15, 0, 42494, 49038, 11776, 11761, 785.07, 1
9288, 37263, 4, 0, 42498, 42501, 5238, 5234, 1309.50, 1
9289, 37267, 2, 0, 42502, 42503, 5236, 5234, 2618.00, 1
9290, 37274, 14, 0, 42506, 49040, 11766, 11752, 840.43, 1
9291, 37276, 5, 0, 42511, 46644, 9368, 9363, 1873.60, 1
9292, 37283, 2, 0, 42515, 42516, 5233, 5231, 2616.50, 1
9293, 37290, 10, 0, 42519, 48341, 11051, 11041, 1105.10, 1
9294, 37296, 5, 0, 42523, 46649, 9353, 9348, 1870.60, 1
9295, 37330, 1, 0, 42540, 42540, 5210, 5209, 5210.00, 1
9296, 37335, 2, 0, 42542, 42543, 5208, 5206, 2604.00, 1
9297, 37339, 1, 0, 42548, 42548, 5209, 5208, 5209.00, 1
9298, 37342, 1, 0, 42550, 42550, 5208, 5207, 5208.00, 1
9299, 37352, 2, 0, 42555, 42556, 5204, 5202, 2602.00, 1
9300, 37357, 16, 0, 42557, 49048, 11691, 11675, 730.69, 1
9301, 37363, 15, 0, 42566, 49051, 11688, 11673, 779.20, 1
9302, 37370, 4, 0, 42570, 42573, 5203, 5199, 1300.75, 1
9303, 37374, 2, 0, 42576, 42577, 5203, 5201, 2601.50, 1
9304, 37376, 1, 0, 42578, 42578, 5202, 5201, 5202.00, 1
9305, 37378, 2, 0, 42579, 42580, 5202, 5200, 2601.00, 1
9306, 37381, 1, 0, 42585, 42585, 5204, 5203, 5204.00, 1
9307, 37387, 2, 0, 42587, 42588, 5201, 5199, 2600.50, 1
9308, 37388, 4, 0, 42589, 42592, 5204, 5200, 1301.00, 1
9309, 37391, 6, 0, 42594, 46677, 9286, 9280, 1547.67, 1
9310, 37394, 18, 0, 42598, 49312, 11918, 11900, 662.11, 1
9311, 37405, 3, 0, 42606, 42608, 5203, 5200, 1734.33, 1
9312, 37406, 4, 0, 42609, 42612, 5206, 5202, 1301.50, 1
9313, 37409, 8, 0, 42613, 46689, 9280, 9272, 1160.00, 1
9314, 37415, 2, 0, 42618, 42619, 5204, 5202, 2602.00, 1
9315, 37417, 1, 0, 42620, 42620, 5203, 5202, 5203.00, 1
9316, 37418, 12, 0, 42621, 48364, 10946, 10934, 912.17, 1
9317, 37421, 1, 0, 42625, 42625, 5204, 5203, 5204.00, 1
9318, 37425, 3, 0, 42627, 42629, 5204, 5201, 1734.67, 1
9319, 37429, 2, 0, 42630, 42631, 5202, 5200, 2601.00, 1
9320, 37430, 4, 0, 42632, 42635, 5205, 5201, 1301.25, 1
9321, 37436, 1, 0, 42637, 42637, 5201, 5200, 5201.00, 1
9322, 37437, 9, 0, 42638, 48365, 10928, 10919, 1214.22, 1
9323, 37445, 3, 0, 42648, 42650, 5205, 5202, 1735.00, 1
9324, 37449, 6, 0, 42651, 46703, 9254, 9248, 1542.33, 1
9325, 37451, 7, 0, 42655, 46706, 9255, 9248, 1322.14, 1
9326, 37458, 1, 0, 42659, 42659, 5201, 5200, 5201.00, 1
9327, 37459, 3, 0, 42660, 42662, 5203, 5200, 1734.33, 1
9328, 37461, 2, 0, 42663, 42664, 5203, 5201, 2601.50, 1
9329, 37464, 2, 0, 42669, 42670, 5206, 5204, 2603.00, 1
9330, 37471, 20, 0, 42672, 49316, 11845, 11825, 592.25, 1
9331, 37477, 3, 0, 42679, 42681, 5204, 5201, 1734.67, 1
9332, 37478, 2, 0, 42682, 42683, 5205, 5203, 2602.50, 1
9333, 37481, 2, 0, 42686, 42687, 5206, 5204, 2603.00, 1
9334, 37486, 2, 0, 42688, 42689, 5203, 5201, 2601.50, 1
9335, 37488, 6, 0, 42694, 46714, 9226, 9220, 1537.67, 1
9336, 37492, 4, 0, 42698, 42701, 5209, 5205, 1302.25, 1
9337, 37495, 1, 0, 42706, 42706, 5211, 5210, 5211.00, 1
9338, 37499, 3, 0, 42711, 42713, 5214, 5211, 1738.00, 1
9339, 37500, 1, 0, 42714, 42714, 5214, 5213, 5214.00, 1
9340, 37515, 2, 0, 42722, 42723, 5208, 5206, 2604.00, 1
9341, 37519, 9, 0, 42725, 48371, 10852, 10843, 1205.78, 1
9342, 37520, 1, 0, 42729, 42729, 5209, 5208, 5209.00, 1
9343, 37524, 2, 0, 42734, 42735, 5211, 5209, 2605.50, 1
9344, 37540, 2, 0, 42743, 42744, 5204, 5202, 2602.00, 1
9345, 37543, 2, 0, 42745, 42746, 5203, 5201, 2601.50, 1
9346, 37544, 1, 0, 42747, 42747, 5203, 5202, 5203.00, 1
9347, 37549, 9, 0, 42752, 48372, 10823, 10814, 1202.56, 1
9348, 37552, 1, 0, 42756, 42756, 5204, 5203, 5204.00, 1
9349, 37555, 5, 0, 42757, 46728, 9173, 9168, 1834.60, 1
9350, 37558, 1, 0, 42762, 42762, 5204, 5203, 5204.00, 1
9351, 37568, 2, 0, 42763, 42764, 5196, 5194, 2598.00, 1
9352, 37569, 1, 0, 42765, 42765, 5196, 5195, 5196.00, 1
9353, 37580, 5, 0, 42773, 46731, 9151, 9146, 1830.20, 1
9354, 37584, 4, 0, 42777, 42780, 5196, 5192, 1299.00, 1
9355, 37589, 2, 0, 42781, 42782, 5193, 5191, 2596.50, 1
9356, 37592, 3, 0, 42783, 42785, 5193, 5190, 1731.00, 1
9357, 37598, 9, 0, 42790, 48377, 10779, 10770, 1197.67, 1
9358, 37601, 5, 0, 42794, 46740, 9139, 9134, 1827.80, 1
9359, 37603, 3, 0, 42798, 42800, 5197, 5194, 1732.33, 1
9360, 37613, 4, 0, 42804, 42807, 5194, 5190, 1298.50, 1
9361, 37615, 2, 0, 42808, 42809, 5194, 5192, 2597.00, 1
9362, 37616, 3, 0, 42810, 42812, 5196, 5193, 1732.00, 1
9363, 37617, 9, 0, 42813, 48378, 10761, 10752, 1195.67, 1
9364, 37619, 5, 0, 42818, 46745, 9126, 9121, 1825.20, 1
9365, 37621, 2, 0, 42822, 42823, 5202, 5200, 2601.00, 1
9366, 37624, 2, 0, 42824, 42825, 5201, 5199, 2600.50, 1
9367, 37632, 1, 0, 42830, 42830, 5198, 5197, 5198.00, 1
9368, 37637, 5, 0, 42831, 46750, 9113, 9108, 1822.60, 1
9369, 37642, 1, 0, 42836, 42836, 5194, 5193, 5194.00, 1
9370, 37643, 6, 0, 42841, 46753, 9110, 9104, 1518.33, 1
9371, 37645, 2, 0, 42845, 42846, 5201, 5199, 2600.50, 1
9372, 37647, 9, 0, 42847, 48379, 10732, 10723, 1192.44, 1
9373, 37650, 4, 0, 42851, 42854, 5204, 5200, 1301.00, 1
9374, 37652, 3, 0, 42855, 42857, 5205, 5202, 1735.00, 1
9375, 37670, 1, 0, 42865, 42865, 5195, 5194, 5195.00, 1
9376, 37682, 5, 0, 42878, 46771, 9089, 9084, 1817.80, 1
9377, 37684, 1, 0, 42884, 42884, 5200, 5199, 5200.00, 1
9378, 37692, 2, 0, 42885, 42886, 5194, 5192, 2597.00, 1
9379, 37707, 15, 0, 42889, 49062, 11355, 11340, 757.00, 1
9380, 37713, 12, 0, 42893, 48387, 10674, 10662, 889.50, 1
9381, 37717, 6, 0, 42901, 46783, 9066, 9060, 1511.00, 1
9382, 37718, 3, 0, 42905, 42907, 5189, 5186, 1729.67, 1
9383, 37730, 3, 0, 42912, 42914, 5184, 5181, 1728.00, 1
9384, 37740, 1, 0, 42917, 42917, 5177, 5176, 5177.00, 1
9385, 37744, 12, 0, 42918, 48391, 10647, 10635, 887.25, 1
9386, 37749, 3, 0, 42923, 42925, 5176, 5173, 1725.33, 1
9387, 37755, 10, 0, 42926, 48393, 10638, 10628, 1063.80, 1
9388, 37760, 2, 0, 42930, 42931, 5171, 5169, 2585.50, 1
9389, 37766, 2, 0, 42938, 42939, 5173, 5171, 2586.50, 1
9390, 37769, 2, 0, 42940, 42941, 5172, 5170, 2586.00, 1
9391, 37777, 12, 0, 42946, 48405, 10628, 10616, 885.67, 1
9392, 37784, 5, 0, 42952, 46804, 9020, 9015, 1804.00, 1
9393, 37788, 1, 0, 42956, 42956, 5168, 5167, 5168.00, 1
9394, 37790, 6, 0, 42957, 46806, 9016, 9010, 1502.67, 1
9395, 37791, 3, 0, 42961, 42963, 5172, 5169, 1724.00, 1
9396, 37792, 4, 0, 42964, 42967, 5175, 5171, 1293.75, 1
9397, 37796, 1, 0, 42968, 42968, 5172, 5171, 5172.00, 1
9398, 37798, 5, 0, 42969, 46807, 9009, 9004, 1801.80, 1
9399, 37810, 2, 0, 42984, 42985, 5175, 5173, 2587.50, 1
9400, 37812, 3, 0, 42986, 42988, 5176, 5173, 1725.33, 1
9401, 37816, 5, 0, 42989, 46814, 8998, 8993, 1799.60, 1
9402, 37819, 8, 0, 42993, 46818, 8999, 8991, 1124.88, 1
9403, 37820, 2, 0, 42997, 42998, 5178, 5176, 2589.00, 1
9404, 37823, 2, 0, 43003, 43004, 5181, 5179, 2590.50, 1
9405, 37828, 4, 0, 43006, 43009, 5181, 5177, 1295.25, 1
9406, 37831, 8, 0, 43010, 46825, 8994, 8986, 1124.25, 1
9407, 37833, 3, 0, 43014, 43016, 5183, 5180, 1727.67, 1
9408, 37844, 10, 0, 43022, 48408, 10564, 10554, 1056.40, 1
9409, 37846, 11, 0, 43027, 48411, 10565, 10554, 960.45, 1
9410, 37855, 6, 0, 43033, 46835, 8980, 8974, 1496.67, 1
9411, 37858, 4, 0, 43037, 43040, 5182, 5178, 1295.50, 1
9412, 37866, 4, 0, 43045, 43048, 5182, 5178, 1295.50, 1
9413, 37868, 2, 0, 43050, 43051, 5183, 5181, 2591.50, 1
9414, 37870, 1, 0, 43052, 43052, 5182, 5181, 5182.00, 1
9415, 37875, 7, 0, 43053, 46842, 8967, 8960, 1281.00, 1
9416, 37881, 20, 0, 43059, 49321, 11440, 11420, 572.00, 1
9417, 37884, 11, 0, 43063, 48418, 10534, 10523, 957.64, 1
9418, 37889, 2, 0, 43069, 43070, 5181, 5179, 2590.50, 1
9419, 37891, 4, 0, 43071, 43074, 5183, 5179, 1295.75, 1
9420, 37892, 2, 0, 43076, 43077, 5185, 5183, 2592.50, 1
9421, 37893, 4, 0, 43078, 43081, 5188, 5184, 1297.00, 1
9422, 37894, 12, 0, 43082, 48422, 10528, 10516, 877.33, 1
9423, 37895, 18, 0, 43086, 49323, 11428, 11410, 634.89, 1
9424, 37897, 2, 0, 43093, 43094, 5197, 5195, 2598.50, 1
9425, 37898, 7, 0, 43095, 46861, 8963, 8956, 1280.43, 1
9426, 37899, 14, 0, 43099, 49077, 11178, 11164, 798.43, 1
9427, 37910, 11, 0, 43108, 48433, 10523, 10512, 956.64, 1
9428, 37911, 2, 0, 43112, 43113, 5202, 5200, 2601.00, 1
9429, 37923, 8, 0, 43118, 46873, 8950, 8942, 1118.75, 1
9430, 37930, 5, 0, 43126, 46876, 8946, 8941, 1789.20, 1
9431, 37935, 1, 0, 43134, 43134, 5199, 5198, 5199.00, 1
9432, 37945, 2, 0, 43140, 43141, 5196, 5194, 2598.00, 1
9433, 37946, 2, 0, 43142, 43143, 5197, 5195, 2598.50, 1
9434, 37949, 1, 0, 43148, 43148, 5199, 5198, 5199.00, 1
9435, 37954, 6, 0, 43151, 46879, 8925, 8919, 1487.50, 1
9436, 37956, 8, 0, 43155, 46883, 8927, 8919, 1115.88, 1
9437, 37957, 5, 0, 43159, 46884, 8927, 8922, 1785.40, 1
9438, 37958, 10, 0, 43165, 48435, 10477, 10467, 1047.70, 1
9439, 37963, 3, 0, 43169, 43171, 5208, 5205, 1736.00, 1
9440, 37966, 2, 0, 43176, 43177, 5211, 5209, 2605.50, 1
9441, 37969, 9, 0, 43180, 48440, 10471, 10462, 1163.44, 1
9442, 37988, 2, 0, 43188, 43189, 5201, 5199, 2600.50, 1
9443, 38002, 1, 0, 43198, 43198, 5196, 5195, 5196.00, 1
9444, 38004, 2, 0, 43199, 43200, 5196, 5194, 2598.00, 1
9445, 38006, 8, 0, 43201, 46910, 8904, 8896, 1113.00, 1
9446, 38010, 5, 0, 43206, 46911, 8901, 8896, 1780.20, 1
9447, 38011, 6, 0, 43210, 46913, 8902, 8896, 1483.67, 1
9448, 38012, 10, 0, 43214, 48448, 10436, 10426, 1043.60, 1
9449, 38021, 1, 0, 43224, 43224, 5203, 5202, 5203.00, 1
9450, 38024, 8, 0, 43225, 46922, 8898, 8890, 1112.25, 1
9451, 38030, 2, 0, 43236, 43237, 5207, 5205, 2603.50, 1
9452, 38031, 1, 0, 43238, 43238, 5207, 5206, 5207.00, 1
9453, 38037, 1, 0, 43239, 43239, 5202, 5201, 5202.00, 1
9454, 38039, 6, 0, 43244, 46928, 8889, 8883, 1481.50, 1
9455, 38043, 1, 0, 43248, 43248, 5205, 5204, 5205.00, 1
9456, 38044, 4, 0, 43249, 43252, 5208, 5204, 1302.00, 1
9457, 38046, 7, 0, 43253, 46931, 8885, 8878, 1269.29, 1
9458, 38049, 18, 0, 43259, 49325, 11276, 11258, 626.44, 1
9459, 38051, 4, 0, 43263, 43266, 5215, 5211, 1303.75, 1
9460, 38052, 1, 0, 43267, 43267, 5215, 5214, 5215.00, 1
9461, 38054, 2, 0, 43268, 43269, 5215, 5213, 2607.50, 1
9462, 38061, 9, 0, 43270, 48453, 10392, 10383, 1154.67, 1
9463, 38062, 2, 0, 43274, 43275, 5213, 5211, 2606.50, 1
9464, 38063, 1, 0, 43276, 43276, 5213, 5212, 5213.00, 1
9465, 38067, 2, 0, 43277, 43278, 5211, 5209, 2605.50, 1
9466, 38071, 23, 0, 43281, 49433, 11362, 11339, 494.00, 1
9467, 38075, 2, 0, 43285, 43286, 5211, 5209, 2605.50, 1
9468, 38076, 5, 0, 43287, 46944, 8868, 8863, 1773.60, 1
9469, 38087, 8, 0, 43299, 46951, 8864, 8856, 1108.00, 1
9470, 38090, 3, 0, 43303, 43305, 5215, 5212, 1738.33, 1
9471, 38094, 7, 0, 43307, 46954, 8860, 8853, 1265.71, 1
9472, 38099, 3, 0, 43311, 43313, 5214, 5211, 1738.00, 1
9473, 38102, 2, 0, 43314, 43315, 5213, 5211, 2606.50, 1
9474, 38103, 4, 0, 43316, 43319, 5216, 5212, 1304.00, 1
9475, 38107, 5, 0, 43324, 46957, 8850, 8845, 1770.00, 1
9476, 38113, 1, 0, 43332, 43332, 5219, 5218, 5219.00, 1
9477, 38114, 5, 0, 43333, 46960, 8846, 8841, 1769.20, 1
9478, 38117, 2, 0, 43337, 43338, 5221, 5219, 2610.50, 1
9479, 38120, 6, 0, 43343, 46966, 8846, 8840, 1474.33, 1
9480, 38124, 4, 0, 43347, 43350, 5226, 5222, 1306.50, 1
9481, 38125, 2, 0, 43353, 43354, 5229, 5227, 2614.50, 1
9482, 38126, 3, 0, 43355, 43357, 5231, 5228, 1743.67, 1
9483, 38128, 3, 0, 43358, 43360, 5232, 5229, 1744.00, 1
9484, 38133, 8, 0, 43363, 46970, 8837, 8829, 1104.62, 1
9485, 38134, 2, 0, 43367, 43368, 5234, 5232, 2617.00, 1
9486, 38137, 24, 0, 43372, 49437, 11300, 11276, 470.83, 1
9487, 38146, 7, 0, 43377, 46977, 8831, 8824, 1261.57, 1
9488, 38150, 2, 0, 43382, 43383, 5233, 5231, 2616.50, 1
9489, 38152, 8, 0, 43385, 46981, 8829, 8821, 1103.62, 1
9490, 38153, 2, 0, 43389, 43390, 5237, 5235, 2618.50, 1
9491, 38154, 10, 0, 43391, 48463, 10309, 10299, 1030.90, 1
9492, 38163, 6, 0, 43401, 46991, 8828, 8822, 1471.33, 1
9493, 38164, 3, 0, 43405, 43407, 5243, 5240, 1747.67, 1
9494, 38174, 2, 0, 43412, 43413, 5239, 5237, 2619.50, 1
9495, 38178, 16, 0, 43418, 49098, 10920, 10904, 682.50, 1
9496, 38179, 2, 0, 43422, 43423, 5244, 5242, 2622.00, 1
9497, 38184, 6, 0, 43424, 47001, 8817, 8811, 1469.50, 1
9498, 38194, 5, 0, 43434, 47005, 8811, 8806, 1762.20, 1
9499, 38197, 1, 0, 43438, 43438, 5241, 5240, 5241.00, 1
9500, 38202, 3, 0, 43441, 43443, 5241, 5238, 1747.00, 1
9501, 38209, 1, 0, 43448, 43448, 5239, 5238, 5239.00, 1
9502, 38213, 2, 0, 43453, 43454, 5241, 5239, 2620.50, 1
9503, 38215, 4, 0, 43455, 43458, 5243, 5239, 1310.75, 1
9504, 38221, 1, 0, 43460, 43460, 5239, 5238, 5239.00, 1
9505, 38222, 4, 0, 43461, 43464, 5242, 5238, 1310.50, 1
9506, 38229, 3, 0, 43469, 43471, 5242, 5239, 1747.33, 1
9507, 38231, 25, 0, 43472, 49485, 11254, 11229, 450.16, 1
9508, 38243, 2, 0, 43479, 43480, 5237, 5235, 2618.50, 1
9509, 38247, 2, 0, 43484, 43485, 5238, 5236, 2619.00, 1
9510, 38248, 11, 0, 43486, 48486, 10238, 10227, 930.73, 1
9511, 38249, 1, 0, 43490, 43490, 5241, 5240, 5241.00, 1
9512, 38251, 5, 0, 43495, 47026, 8775, 8770, 1755.00, 1
9513, 38254, 9, 0, 43499, 48487, 10233, 10224, 1137.00, 1
9514, 38255, 1, 0, 43503, 43503, 5248, 5247, 5248.00, 1
9515, 38257, 4, 0, 43504, 43507, 5250, 5246, 1312.50, 1
9516, 38267, 2, 0, 43510, 43511, 5244, 5242, 2622.00, 1
9517, 38271, 6, 0, 43516, 47033, 8762, 8756, 1460.33, 1
9518, 38279, 13, 0, 43526, 49108, 10829, 10816, 833.00, 1
9519, 38286, 1, 0, 43534, 43534, 5248, 5247, 5248.00, 1
9520, 38287, 2, 0, 43538, 43539, 5252, 5250, 2626.00, 1
9521, 38293, 36, 0, 43540, 49521, 11228, 11192, 311.89, 1
9522, 38294, 5, 0, 43548, 47054, 8760, 8755, 1752.00, 1
9523, 38295, 5, 0, 43552, 47055, 8760, 8755, 1752.00, 1
9524, 38296, 4, 0, 43556, 43559, 5263, 5259, 1315.75, 1
9525, 38304, 4, 0, 43564, 43567, 5263, 5259, 1315.75, 1
9526, 38306, 6, 0, 43568, 47057, 8751, 8745, 1458.50, 1
9527, 38308, 12, 0, 43572, 48505, 10197, 10185, 849.75, 1
9528, 38309, 2, 0, 43579, 43580, 5271, 5269, 2635.50, 1
9529, 38327, 3, 0, 43591, 43593, 5266, 5263, 1755.33, 1
9530, 38336, 2, 0, 43596, 43597, 5261, 5259, 2630.50, 1
9531, 38338, 10, 0, 43598, 48511, 10173, 10163, 1017.30, 1
9532, 38339, 17, 0, 43606, 49346, 11007, 10990, 647.47, 1
9533, 38345, 1, 0, 43610, 43610, 5265, 5264, 5265.00, 1
9534, 38346, 4, 0, 43611, 43614, 5268, 5264, 1317.00, 1
9535, 38359, 2, 0, 43617, 43618, 5259, 5257, 2629.50, 1
9536, 38367, 2, 0, 43619, 43620, 5253, 5251, 2626.50, 1
9537, 38377, 1, 0, 43629, 43629, 5252, 5251, 5252.00, 1
9538, 38379, 3, 0, 43630, 43632, 5253, 5250, 1751.00, 1
9539, 38381, 4, 0, 43634, 43637, 5256, 5252, 1314.00, 1
9540, 38385, 2, 0, 43638, 43639, 5254, 5252, 2627.00, 1
9541, 38388, 14, 0, 43642, 49118, 10730, 10716, 766.43, 1
9542, 38389, 7, 0, 43646, 47091, 8702, 8695, 1243.14, 1
9543, 38390, 3, 0, 43650, 43652, 5262, 5259, 1754.00, 1
9544, 38393, 1, 0, 43653, 43653, 5260, 5259, 5260.00, 1
9545, 38397, 1, 0, 43658, 43658, 5261, 5260, 5261.00, 1
9546, 38399, 5, 0, 43659, 47096, 8697, 8692, 1739.40, 1
9547, 38400, 1, 0, 43663, 43663, 5263, 5262, 5263.00, 1
9548, 38403, 1, 0, 43665, 43665, 5262, 5261, 5262.00, 1
9549, 38404, 1, 0, 43666, 43666, 5262, 5261, 5262.00, 1
9550, 38407, 5, 0, 43671, 47101, 8694, 8689, 1738.80, 1
9551, 38409, 11, 0, 43675, 48529, 10120, 10109, 920.00, 1
9552, 38416, 2, 0, 43686, 43687, 5271, 5269, 2635.50, 1
9553, 38417, 12, 0, 43688, 48533, 10116, 10104, 843.00, 1
9554, 38418, 5, 0, 43692, 47112, 8694, 8689, 1738.80, 1
9555, 38424, 3, 0, 43700, 43702, 5278, 5275, 1759.33, 1
9556, 38425, 1, 0, 43703, 43703, 5278, 5277, 5278.00, 1
9557, 38426, 4, 0, 43704, 43707, 5281, 5277, 1320.25, 1
9558, 38433, 8, 0, 43711, 47120, 8687, 8679, 1085.88, 1
9559, 38438, 5, 0, 43715, 47121, 8683, 8678, 1736.60, 1
9560, 38443, 1, 0, 43723, 43723, 5280, 5279, 5280.00, 1
9561, 38447, 11, 0, 43727, 48540, 10093, 10082, 917.55, 1
9562, 38449, 8, 0, 43731, 47133, 8684, 8676, 1085.50, 1
9563, 38452, 2, 0, 43739, 43740, 5288, 5286, 2644.00, 1
9564, 38453, 6, 0, 43741, 47138, 8685, 8679, 1447.50, 1
9565, 38454, 5, 0, 43745, 47139, 8685, 8680, 1737.00, 1
9566, 38455, 4, 0, 43749, 43752, 5297, 5293, 1324.25, 1
9567, 38462, 1, 0, 43753, 43753, 5291, 5290, 5291.00, 1
9568, 38465, 1, 0, 43755, 43755, 5290, 5289, 5290.00, 1
9569, 38472, 1, 0, 43756, 43756, 5284, 5283, 5284.00, 1
9570, 38473, 1, 0, 43757, 43757, 5284, 5283, 5284.00, 1
9571, 38475, 2, 0, 43758, 43759, 5284, 5282, 2642.00, 1
9572, 38477, 1, 0, 43764, 43764, 5287, 5286, 5287.00, 1
9573, 38479, 3, 0, 43765, 43767, 5288, 5285, 1762.67, 1
9574, 38480, 4, 0, 43768, 43771, 5291, 5287, 1322.75, 1
9575, 38481, 3, 0, 43772, 43774, 5293, 5290, 1764.33, 1
9576, 38482, 3, 0, 43775, 43777, 5295, 5292, 1765.00, 1
9577, 38484, 3, 0, 43782, 43784, 5300, 5297, 1766.67, 1
9578, 38488, 2, 0, 43789, 43790, 5302, 5300, 2651.00, 1
9579, 38489, 5, 0, 43791, 47146, 8657, 8652, 1731.40, 1
9580, 38490, 2, 0, 43795, 43796, 5306, 5304, 2653.00, 1
9581, 38491, 3, 0, 43797, 43799, 5308, 5305, 1769.33, 1
9582, 38497, 4, 0, 43800, 43803, 5306, 5302, 1326.50, 1
9583, 38499, 6, 0, 43805, 47148, 8649, 8643, 1441.50, 1
9584, 38502, 3, 0, 43809, 43811, 5309, 5306, 1769.67, 1
9585, 38505, 8, 0, 43815, 47152, 8647, 8639, 1080.88, 1
9586, 38508, 1, 0, 43823, 43823, 5315, 5314, 5315.00, 1
9587, 38511, 11, 0, 43824, 48547, 10036, 10025, 912.36, 1
9588, 38512, 6, 0, 43828, 47162, 8650, 8644, 1441.67, 1
9589, 38522, 4, 0, 43832, 43835, 5313, 5309, 1328.25, 1
9590, 38527, 5, 0, 43836, 47163, 8636, 8631, 1727.20, 1
9591, 38533, 7, 0, 43840, 47166, 8633, 8626, 1233.29, 1
9592, 38537, 8, 0, 43844, 47170, 8633, 8625, 1079.12, 1
9593, 38538, 2, 0, 43848, 43849, 5311, 5309, 2655.50, 1
9594, 38539, 10, 0, 43852, 48549, 10010, 10000, 1001.00, 1
9595, 38541, 9, 0, 43856, 48550, 10009, 10000, 1112.11, 1
9596, 38547, 1, 0, 43867, 43867, 5320, 5319, 5320.00, 1
9597, 38551, 7, 0, 43868, 47183, 8632, 8625, 1233.14, 1
9598, 38560, 32, 0, 43880, 49512, 10952, 10920, 342.25, 1
9599, 38564, 2, 0, 43884, 43885, 5321, 5319, 2660.50, 1
9600, 38580, 4, 0, 43886, 43889, 5309, 5305, 1327.25, 1
9601, 38582, 2, 0, 43890, 43891, 5309, 5307, 2654.50, 1
9602, 38584, 3, 0, 43892, 43894, 5310, 5307, 1770.00, 1
9603, 38588, 1, 0, 43898, 43898, 5310, 5309, 5310.00, 1
9604, 38595, 1, 0, 43899, 43899, 5304, 5303, 5304.00, 1
9605, 38599, 3, 0, 43904, 43906, 5307, 5304, 1769.00, 1
9606, 38602, 1, 0, 43909, 43909, 5307, 5306, 5307.00, 1
9607, 38604, 8, 0, 43910, 47196, 8592, 8584, 1074.00, 1
9608, 38610, 1, 0, 43918, 43918, 5308, 5307, 5308.00, 1
9609, 38611, 7, 0, 43919, 47202, 8591, 8584, 1227.29, 1
9610, 38615, 7, 0, 43923, 47205, 8590, 8583, 1227.14, 1
9611, 38616, 1, 0, 43927, 43927, 5311, 5310, 5311.00, 1
9612, 38617, 3, 0, 43928, 43930, 5313, 5310, 1771.00, 1
9613, 38619, 2, 0, 43935, 43936, 5317, 5315, 2658.50, 1
9614, 38631, 7, 0, 43946, 47220, 8589, 8582, 1227.00, 1
9615, 38632, 3, 0, 43950, 43952, 5320, 5317, 1773.33, 1
9616, 38633, 1, 0, 43953, 43953, 5320, 5319, 5320.00, 1
9617, 38635, 5, 0, 43954, 47221, 8586, 8581, 1717.20, 1
9618, 38650, 3, 0, 43970, 43972, 5322, 5319, 1774.00, 1
9619, 38657, 2, 0, 43978, 43979, 5322, 5320, 2661.00, 1
9620, 38661, 8, 0, 43980, 47237, 8576, 8568, 1072.00, 1
9621, 38673, 2, 0, 43988, 43989, 5316, 5314, 2658.00, 1
9622, 38680, 1, 0, 43990, 43990, 5310, 5309, 5310.00, 1
9623, 38686, 1, 0, 43991, 43991, 5305, 5304, 5305.00, 1
9624, 38687, 17, 0, 43992, 49351, 10664, 10647, 627.29, 1
9625, 38689, 2, 0, 44000, 44001, 5312, 5310, 2656.00, 1
9626, 38691, 1, 0, 44002, 44002, 5311, 5310, 5311.00, 1
9627, 38693, 9, 0, 44007, 48572, 9879, 9870, 1097.67, 1
9628, 38694, 5, 0, 44011, 47254, 8560, 8555, 1712.00, 1
9629, 38696, 3, 0, 44015, 44017, 5321, 5318, 1773.67, 1
9630, 38698, 2, 0, 44022, 44023, 5325, 5323, 2662.50, 1
9631, 38699, 10, 0, 44024, 48574, 9875, 9865, 987.50, 1
9632, 38701, 1, 0, 44032, 44032, 5331, 5330, 5331.00, 1
9633, 38702, 1, 0, 44033, 44033, 5331, 5330, 5331.00, 1
9634, 38703, 2, 0, 44034, 44035, 5332, 5330, 2666.00, 1
9635, 38706, 2, 0, 44038, 44039, 5333, 5331, 2666.50, 1
9636, 38714, 5, 0, 44044, 47267, 8553, 8548, 1710.60, 1
9637, 38715, 4, 0, 44050, 44053, 5338, 5334, 1334.50, 1
9638, 38718, 3, 0, 44054, 44056, 5338, 5335, 1779.33, 1
9639, 38722, 1, 0, 44061, 44061, 5339, 5338, 5339.00, 1
9640, 38731, 1, 0, 44066, 44066, 5335, 5334, 5335.00, 1
9641, 38737, 1, 0, 44067, 44067, 5330, 5329, 5330.00, 1
9642, 38738, 2, 0, 44068, 44069, 5331, 5329, 2665.50, 1
9643, 38744, 13, 0, 44071, 49133, 10389, 10376, 799.15, 1
9644, 38746, 3, 0, 44077, 44079, 5333, 5330, 1777.67, 1
9645, 38747, 5, 0, 44080, 47279, 8532, 8527, 1706.40, 1
9646, 38748, 1, 0, 44084, 44084, 5336, 5335, 5336.00, 1
9647, 38751, 3, 0, 44085, 44087, 5336, 5333, 1778.67, 1
9648, 38753, 5, 0, 44088, 47280, 8527, 8522, 1705.40, 1
9649, 38759, 4, 0, 44096, 44099, 5340, 5336, 1335.00, 1
9650, 38762, 17, 0, 44100, 49352, 10590, 10573, 622.94, 1
9651, 38766, 2, 0, 44108, 44109, 5343, 5341, 2671.50, 1
9652, 38767, 3, 0, 44114, 44116, 5349, 5346, 1783.00, 1
9653, 38773, 5, 0, 44121, 47295, 8522, 8517, 1704.40, 1
9654, 38775, 2, 0, 44125, 44126, 5351, 5349, 2675.50, 1
9655, 38791, 4, 0, 44132, 44135, 5344, 5340, 1336.00, 1
9656, 38794, 4, 0, 44137, 44140, 5346, 5342, 1336.50, 1
9657, 38796, 5, 0, 44141, 47296, 8500, 8495, 1700.00, 1
9658, 38799, 19, 0, 44147, 49359, 10560, 10541, 555.79, 1
9659, 38803, 3, 0, 44152, 44154, 5351, 5348, 1783.67, 1
9660, 38809, 1, 0, 44159, 44159, 5350, 5349, 5350.00, 1
9661, 38811, 14, 0, 44160, 49147, 10336, 10322, 738.29, 1
9662, 38818, 5, 0, 44165, 47309, 8491, 8486, 1698.20, 1
9663, 38823, 4, 0, 44169, 44172, 5349, 5345, 1337.25, 1
9664, 38825, 5, 0, 44173, 47310, 8485, 8480, 1697.00, 1
9665, 38826, 3, 0, 44181, 44183, 5357, 5354, 1785.67, 1
9666, 38832, 6, 0, 44185, 47314, 8482, 8476, 1413.67, 1
9667, 38834, 4, 0, 44189, 44192, 5358, 5354, 1339.50, 1
9668, 38836, 29, 0, 44193, 49513, 10677, 10648, 368.17, 1
9669, 38837, 5, 0, 44197, 47319, 8482, 8477, 1696.40, 1
9670, 38838, 19, 0, 44202, 49366, 10528, 10509, 554.11, 1
9671, 38842, 6, 0, 44206, 47325, 8483, 8477, 1413.83, 1
9672, 38849, 2, 0, 44215, 44216, 5367, 5365, 2683.50, 1
9673, 38855, 4, 0, 44217, 44220, 5365, 5361, 1341.25, 1
9674, 38857, 1, 0, 44221, 44221, 5364, 5363, 5364.00, 1
9675, 38871, 10, 0, 44226, 48611, 9740, 9730, 974.00, 1
9676, 38873, 1, 0, 44230, 44230, 5357, 5356, 5357.00, 1
9677, 38882, 1, 0, 44231, 44231, 5349, 5348, 5349.00, 1
9678, 38883, 6, 0, 44232, 47338, 8455, 8449, 1409.17, 1
9679, 38890, 1, 0, 44240, 44240, 5350, 5349, 5350.00, 1
9680, 38891, 2, 0, 44241, 44242, 5351, 5349, 2675.50, 1
9681, 38893, 2, 0, 44243, 44244, 5351, 5349, 2675.50, 1
9682, 38894, 3, 0, 44245, 44247, 5353, 5350, 1784.33, 1
9683, 38898, 6, 0, 44251, 47344, 8446, 8440, 1407.67, 1
9684, 38904, 2, 0, 44258, 44259, 5355, 5353, 2677.50, 1
9685, 38905, 3, 0, 44260, 44262, 5357, 5354, 1785.67, 1
9686, 38914, 4, 0, 44265, 44268, 5354, 5350, 1338.50, 1
9687, 38915, 11, 0, 44272, 48615, 9700, 9689, 881.82, 1
9688, 38919, 3, 0, 44276, 44278, 5359, 5356, 1786.33, 1
9689, 38920, 13, 0, 44283, 49156, 10236, 10223, 787.38, 1
9690, 38921, 2, 0, 44287, 44288, 5367, 5365, 2683.50, 1
9691, 38927, 8, 0, 44293, 47358, 8431, 8423, 1053.88, 1
9692, 38931, 11, 0, 44299, 48622, 9691, 9680, 881.00, 1
9693, 38932, 3, 0, 44303, 44305, 5373, 5370, 1791.00, 1
9694, 38933, 2, 0, 44306, 44307, 5374, 5372, 2687.00, 1
9695, 38943, 4, 0, 44310, 44313, 5370, 5366, 1342.50, 1
9696, 38945, 14, 0, 44314, 49158, 10213, 10199, 729.50, 1
9697, 38950, 11, 0, 44318, 48629, 9679, 9668, 879.91, 1
9698, 38959, 7, 0, 44324, 47373, 8414, 8407, 1202.00, 1
9699, 38960, 14, 0, 44328, 49160, 10200, 10186, 728.57, 1
9700, 38961, 7, 0, 44332, 47380, 8419, 8412, 1202.71, 1
9701, 38962, 4, 0, 44336, 44339, 5377, 5373, 1344.25, 1
9702, 38974, 6, 0, 44344, 47385, 8411, 8405, 1401.83, 1
9703, 38982, 1, 0, 44353, 44353, 5371, 5370, 5371.00, 1
9704, 38984, 1, 0, 44356, 44356, 5372, 5371, 5372.00, 1
9705, 38985, 5, 0, 44357, 47386, 8401, 8396, 1680.20, 1
9706, 38989, 14, 0, 44362, 49162, 10173, 10159, 726.64, 1
9707, 38990, 18, 0, 44366, 49368, 10378, 10360, 576.56, 1
9708, 38994, 3, 0, 44374, 44376, 5382, 5379, 1794.00, 1
9709, 38995, 4, 0, 44377, 44380, 5385, 5381, 1346.25, 1
9710, 39001, 1, 0, 44381, 44381, 5380, 5379, 5380.00, 1
9711, 39004, 10, 0, 44383, 48643, 9639, 9629, 963.90, 1
9712, 39008, 8, 0, 44387, 47405, 8397, 8389, 1049.62, 1
9713, 39011, 1, 0, 44395, 44395, 5384, 5383, 5384.00, 1
9714, 39013, 1, 0, 44396, 44396, 5383, 5382, 5383.00, 1
9715, 39014, 8, 0, 44397, 47411, 8397, 8389, 1049.62, 1
9716, 39016, 10, 0, 44401, 48645, 9629, 9619, 962.90, 1
9717, 39017, 2, 0, 44405, 44406, 5389, 5387, 2694.50, 1
9718, 39019, 2, 0, 44407, 44408, 5389, 5387, 2694.50, 1
9719, 39021, 2, 0, 44409, 44410, 5389, 5387, 2694.50, 1
9720, 39031, 1, 0, 44419, 44419, 5388, 5387, 5388.00, 1
9721, 39033, 3, 0, 44420, 44422, 5389, 5386, 1796.33, 1
9722, 39035, 4, 0, 44423, 44426, 5391, 5387, 1347.75, 1
9723, 39038, 5, 0, 44431, 47419, 8381, 8376, 1676.20, 1
9724, 39042, 8, 0, 44439, 47427, 8385, 8377, 1048.12, 1
9725, 39050, 17, 0, 44447, 49369, 10319, 10302, 607.00, 1
9726, 39053, 4, 0, 44451, 44454, 5401, 5397, 1350.25, 1
9727, 39059, 10, 0, 44455, 48651, 9592, 9582, 959.20, 1
9728, 39060, 7, 0, 44463, 47441, 8381, 8374, 1197.29, 1
9729, 39065, 17, 0, 44469, 49370, 10305, 10288, 606.18, 1
9730, 39075, 3, 0, 44477, 44479, 5404, 5401, 1801.33, 1
9731, 39077, 4, 0, 44484, 44487, 5410, 5406, 1352.50, 1
9732, 39079, 9, 0, 44488, 48656, 9577, 9568, 1064.11, 1
9733, 39082, 2, 0, 44492, 44493, 5411, 5409, 2705.50, 1
9734, 39083, 1, 0, 44494, 44494, 5411, 5410, 5411.00, 1
9735, 39091, 3, 0, 44498, 44500, 5409, 5406, 1803.00, 1
9736, 39092, 2, 0, 44501, 44502, 5410, 5408, 2705.00, 1
9737, 39095, 1, 0, 44503, 44503, 5408, 5407, 5408.00, 1
9738, 39099, 2, 0, 44504, 44505, 5406, 5404, 2703.00, 1
9739, 39100, 5, 0, 44509, 47456, 8356, 8351, 1671.20, 1
9740, 39103, 5, 0, 44513, 47457, 8354, 8349, 1670.80, 1
9741, 39109, 3, 0, 44521, 44523, 5414, 5411, 1804.67, 1
9742, 39113, 3, 0, 44524, 44526, 5413, 5410, 1804.33, 1
9743, 39114, 1, 0, 44527, 44527, 5413, 5412, 5413.00, 1
9744, 39116, 2, 0, 44528, 44529, 5413, 5411, 2706.50, 1
9745, 39119, 10, 0, 44530, 48658, 9539, 9529, 953.90, 1
9746, 39121, 1, 0, 44534, 44534, 5413, 5412, 5413.00, 1
9747, 39126, 2, 0, 44539, 44540, 5414, 5412, 2707.00, 1
9748, 39128, 3, 0, 44542, 44544, 5416, 5413, 1805.33, 1
9749, 39131, 6, 0, 44545, 47467, 8336, 8330, 1389.33, 1
9750, 39133, 2, 0, 44552, 44553, 5420, 5418, 2710.00, 1
9751, 39135, 6, 0, 44554, 47469, 8334, 8328, 1389.00, 1
9752, 39138, 1, 0, 44558, 44558, 5420, 5419, 5420.00, 1
9753, 39140, 8, 0, 44563, 47473, 8333, 8325, 1041.62, 1
9754, 39147, 4, 0, 44567, 44570, 5423, 5419, 1355.75, 1
9755, 39148, 3, 0, 44571, 44573, 5425, 5422, 1808.33, 1
9756, 39153, 5, 0, 44576, 47474, 8321, 8316, 1664.20, 1
9757, 39154, 6, 0, 44580, 47476, 8322, 8316, 1387.00, 1
9758, 39162, 1, 0, 44589, 44589, 5427, 5426, 5427.00, 1
9759, 39164, 2, 0, 44594, 44595, 5431, 5429, 2715.50, 1
9760, 39167, 1, 0, 44596, 44596, 5429, 5428, 5429.00, 1
9761, 39168, 5, 0, 44601, 47483, 8315, 8310, 1663.00, 1
9762, 39171, 2, 0, 44605, 44606, 5435, 5433, 2717.50, 1
9763, 39172, 5, 0, 44611, 47488, 8316, 8311, 1663.20, 1
9764, 39173, 1, 0, 44615, 44615, 5442, 5441, 5442.00, 1
9765, 39176, 11, 0, 44620, 48672, 9496, 9485, 863.27, 1
9766, 39184, 5, 0, 44628, 47501, 8317, 8312, 1663.40, 1
9767, 39188, 11, 0, 44636, 48678, 9490, 9479, 862.73, 1
9768, 39193, 1, 0, 44640, 44640, 5447, 5446, 5447.00, 1
9769, 39202, 4, 0, 44647, 44650, 5448, 5444, 1362.00, 1
9770, 39203, 4, 0, 44651, 44654, 5451, 5447, 1362.75, 1
9771, 39205, 1, 0, 44655, 44655, 5450, 5449, 5450.00, 1
9772, 39207, 13, 0, 44656, 49181, 9974, 9961, 767.23, 1
9773, 39209, 5, 0, 44664, 47518, 8309, 8304, 1661.80, 1
9774, 39210, 10, 0, 44668, 48688, 9478, 9468, 947.80, 1
9775, 39214, 4, 0, 44676, 44679, 5465, 5461, 1366.25, 1
9776, 39215, 6, 0, 44680, 47528, 8313, 8307, 1385.50, 1
9777, 39216, 2, 0, 44684, 44685, 5469, 5467, 2734.50, 1
9778, 39224, 8, 0, 44686, 47532, 8308, 8300, 1038.50, 1
9779, 39228, 1, 0, 44690, 44690, 5462, 5461, 5462.00, 1
9780, 39233, 7, 0, 44695, 47539, 8306, 8299, 1186.57, 1
9781, 39236, 1, 0, 44699, 44699, 5463, 5462, 5463.00, 1
9782, 39237, 7, 0, 44704, 47543, 8306, 8299, 1186.57, 1
9783, 39246, 2, 0, 44709, 44710, 5464, 5462, 2732.00, 1
9784, 39248, 7, 0, 44715, 47550, 8302, 8295, 1186.00, 1
9785, 39257, 3, 0, 44724, 44726, 5469, 5466, 1823.00, 1
9786, 39259, 2, 0, 44727, 44728, 5469, 5467, 2734.50, 1
9787, 39264, 18, 0, 44733, 49372, 10108, 10090, 561.56, 1
9788, 39266, 5, 0, 44737, 47560, 8294, 8289, 1658.80, 1
9789, 39269, 1, 0, 44741, 44741, 5472, 5471, 5472.00, 1
9790, 39270, 2, 0, 44742, 44743, 5473, 5471, 2736.50, 1
9791, 39271, 4, 0, 44748, 44751, 5480, 5476, 1370.00, 1
9792, 39288, 1, 0, 44756, 44756, 5468, 5467, 5468.00, 1
9793, 39291, 8, 0, 44757, 47568, 8277, 8269, 1034.62, 1
9794, 39299, 1, 0, 44765, 44765, 5466, 5465, 5466.00, 1
9795, 39301, 3, 0, 44769, 44771, 5470, 5467, 1823.33, 1
9796, 39303, 5, 0, 44772, 47573, 8270, 8265, 1654.00, 1
9797, 39304, 2, 0, 44779, 44780, 5476, 5474, 2738.00, 1
9798, 39308, 2, 0, 44782, 44783, 5475, 5473, 2737.50, 1
9799, 39309, 1, 0, 44784, 44784, 5475, 5474, 5475.00, 1
9800, 39311, 1, 0, 44785, 44785, 5474, 5473, 5474.00, 1
9801, 39315, 1, 0, 44786, 44786, 5471, 5470, 5471.00, 1
9802, 39320, 9, 0, 44787, 48703, 9383, 9374, 1042.56, 1
9803, 39326, 5, 0, 44795, 47580, 8254, 8249, 1650.80, 1
9804, 39332, 23, 0, 44799, 49462, 10130, 10107, 440.43, 1
9805, 39335, 6, 0, 44803, 47586, 8251, 8245, 1375.17, 1
9806, 39345, 1, 0, 44807, 44807, 5462, 5461, 5462.00, 1
9807, 39350, 9, 0, 44810, 48708, 9358, 9349, 1039.78, 1
9808, 39355, 1, 0, 44814, 44814, 5459, 5458, 5459.00, 1
9809, 39357, 9, 0, 44815, 48709, 9352, 9343, 1039.11, 1
9810, 39360, 5, 0, 44823, 47595, 8235, 8230, 1647.00, 1
9811, 39368, 9, 0, 44831, 48714, 9346, 9337, 1038.44, 1
9812, 39369, 7, 0, 44835, 47606, 8237, 8230, 1176.71, 1
9813, 39376, 1, 0, 44841, 44841, 5465, 5464, 5465.00, 1
9814, 39381, 1, 0, 44845, 44845, 5464, 5463, 5464.00, 1
9815, 39383, 6, 0, 44846, 47608, 8225, 8219, 1370.83, 1
9816, 39386, 1, 0, 44850, 44850, 5464, 5463, 5464.00, 1
9817, 39395, 2, 0, 44855, 44856, 5461, 5459, 2730.50, 1
9818, 39396, 1, 0, 44857, 44857, 5461, 5460, 5461.00, 1
9819, 39401, 1, 0, 44859, 44859, 5458, 5457, 5458.00, 1
9820, 39406, 12, 0, 44864, 48722, 9316, 9304, 776.33, 1
9821, 39408, 11, 0, 44868, 48725, 9317, 9306, 847.00, 1
9822, 39409, 1, 0, 44872, 44872, 5463, 5462, 5463.00, 1
9823, 39415, 2, 0, 44874, 44875, 5460, 5458, 2730.00, 1
9824, 39417, 18, 0, 44876, 49386, 9969, 9951, 553.83, 1
9825, 39419, 1, 0, 44880, 44880, 5461, 5460, 5461.00, 1
9826, 39420, 15, 0, 44885, 49204, 9784, 9769, 652.27, 1
9827, 39422, 15, 0, 44889, 49207, 9785, 9770, 652.33, 1
9828, 39423, 1, 0, 44893, 44893, 5470, 5469, 5470.00, 1
9829, 39428, 3, 0, 44894, 44896, 5468, 5465, 1822.67, 1
9830, 39433, 5, 0, 44897, 47633, 8200, 8195, 1640.00, 1
9831, 39438, 2, 0, 44905, 44906, 5468, 5466, 2734.00, 1
9832, 39442, 7, 0, 44907, 47636, 8194, 8187, 1170.57, 1
9833, 39443, 2, 0, 44911, 44912, 5469, 5467, 2734.50, 1
9834, 39444, 3, 0, 44913, 44915, 5471, 5468, 1823.67, 1
9835, 39449, 1, 0, 44920, 44920, 5471, 5470, 5471.00, 1
9836, 39455, 4, 0, 44922, 44925, 5470, 5466, 1367.50, 1
9837, 39468, 1, 0, 44934, 44934, 5466, 5465, 5466.00, 1
9838, 39470, 8, 0, 44939, 47650, 8180, 8172, 1022.50, 1
9839, 39471, 15, 0, 44943, 49214, 9743, 9728, 649.53, 1
9840, 39472, 4, 0, 44947, 44950, 5478, 5474, 1369.50, 1
9841, 39478, 1, 0, 44953, 44953, 5475, 5474, 5475.00, 1
9842, 39484, 4, 0, 44958, 44961, 5477, 5473, 1369.25, 1
9843, 39488, 4, 0, 44965, 44968, 5480, 5476, 1370.00, 1
9844, 39491, 7, 0, 44969, 47661, 8170, 8163, 1167.14, 1
9845, 39494, 5, 0, 44975, 47662, 8168, 8163, 1633.60, 1
9846, 39495, 1, 0, 44979, 44979, 5484, 5483, 5484.00, 1
9847, 39497, 3, 0, 44980, 44982, 5485, 5482, 1828.33, 1
9848, 39501, 3, 0, 44983, 44985, 5484, 5481, 1828.00, 1
9849, 39503, 4, 0, 44986, 44989, 5486, 5482, 1371.50, 1
9850, 39515, 1, 0, 44991, 44991, 5476, 5475, 5476.00, 1
9851, 39521, 7, 0, 44992, 47665, 8144, 8137, 1163.43, 1
9852, 39530, 1, 0, 45002, 45002, 5472, 5471, 5472.00, 1
9853, 39536, 3, 0, 45007, 45009, 5473, 5470, 1824.33, 1
9854, 39537, 9, 0, 45010, 48756, 9219, 9210, 1024.33, 1
9855, 39553, 2, 0, 45020, 45021, 5468, 5466, 2734.00, 1
9856, 39556, 3, 0, 45022, 45024, 5468, 5465, 1822.67, 1
9857, 39560, 8, 0, 45028, 47681, 8121, 8113, 1015.12, 1
9858, 39561, 5, 0, 45032, 47682, 8121, 8116, 1624.20, 1
9859, 39572, 1, 0, 45038, 45038, 5466, 5465, 5466.00, 1
9860, 39573, 3, 0, 45039, 45041, 5468, 5465, 1822.67, 1
9861, 39577, 6, 0, 45042, 47684, 8107, 8101, 1351.17, 1
9862, 39578, 12, 0, 45048, 48764, 9186, 9174, 765.50, 1
9863, 39580, 2, 0, 45052, 45053, 5473, 5471, 2736.50, 1
9864, 39583, 2, 0, 45054, 45055, 5472, 5470, 2736.00, 1
9865, 39584, 20, 0, 45056, 49391, 9807, 9787, 490.35, 1
9866, 39590, 4, 0, 45062, 45065, 5475, 5471, 1368.75, 1
9867, 39608, 1, 0, 45074, 45074, 5466, 5465, 5466.00, 1
9868, 39611, 2, 0, 45075, 45076, 5465, 5463, 2732.50, 1
9869, 39616, 3, 0, 45077, 45079, 5463, 5460, 1821.00, 1
9870, 39618, 2, 0, 45084, 45085, 5467, 5465, 2733.50, 1
9871, 39619, 9, 0, 45086, 48776, 9157, 9148, 1017.44, 1
9872, 39637, 9, 0, 45096, 48781, 9144, 9135, 1016.00, 1
9873, 39638, 2, 0, 45100, 45101, 5463, 5461, 2731.50, 1
9874, 39642, 11, 0, 45106, 48784, 9142, 9131, 831.09, 1
9875, 39648, 2, 0, 45114, 45115, 5467, 5465, 2733.50, 1
9876, 39653, 5, 0, 45119, 47717, 8064, 8059, 1612.80, 1
9877, 39655, 8, 0, 45123, 47721, 8066, 8058, 1008.25, 1
9878, 39659, 5, 0, 45128, 47722, 8063, 8058, 1612.60, 1
9879, 39660, 8, 0, 45132, 47726, 8066, 8058, 1008.25, 1
9880, 39664, 3, 0, 45139, 45141, 5477, 5474, 1825.67, 1
9881, 39671, 3, 0, 45143, 45145, 5474, 5471, 1824.67, 1
9882, 39678, 1, 0, 45146, 45146, 5468, 5467, 5468.00, 1
9883, 39693, 2, 0, 45151, 45152, 5459, 5457, 2729.50, 1
9884, 39694, 1, 0, 45153, 45153, 5459, 5458, 5459.00, 1
9885, 39695, 1, 0, 45155, 45155, 5460, 5459, 5460.00, 1
9886, 39699, 2, 0, 45156, 45157, 5458, 5456, 2729.00, 1
9887, 39709, 19, 0, 45168, 49394, 9685, 9666, 509.74, 1
9888, 39711, 9, 0, 45172, 48790, 9079, 9070, 1008.78, 1
9889, 39723, 4, 0, 45182, 45185, 5462, 5458, 1365.50, 1
9890, 39725, 1, 0, 45188, 45188, 5463, 5462, 5463.00, 1
9891, 39728, 1, 0, 45189, 45189, 5461, 5460, 5461.00, 1
9892, 39732, 7, 0, 45194, 47750, 8018, 8011, 1145.43, 1
9893, 39733, 7, 0, 45198, 47753, 8020, 8013, 1145.71, 1
9894, 39734, 1, 0, 45202, 45202, 5468, 5467, 5468.00, 1
9895, 39750, 3, 0, 45212, 45214, 5464, 5461, 1821.33, 1
9896, 39753, 5, 0, 45215, 47758, 8005, 8000, 1601.00, 1
9897, 39754, 3, 0, 45219, 45221, 5467, 5464, 1822.33, 1
9898, 39755, 1, 0, 45222, 45222, 5467, 5466, 5467.00, 1
9899, 39757, 1, 0, 45223, 45223, 5466, 5465, 5466.00, 1
9900, 39763, 6, 0, 45231, 47762, 7999, 7993, 1333.17, 1
9901, 39778, 1, 0, 45242, 45242, 5464, 5463, 5464.00, 1
9902, 39788, 8, 0, 45245, 47770, 7982, 7974, 997.75, 1
9903, 39790, 19, 0, 45249, 49397, 9607, 9588, 505.63, 1
9904, 39791, 2, 0, 45253, 45254, 5463, 5461, 2731.50, 1
9905, 39796, 4, 0, 45257, 45260, 5464, 5460, 1366.00, 1
9906, 39799, 6, 0, 45263, 47776, 7977, 7971, 1329.50, 1
9907, 39802, 2, 0, 45267, 45268, 5466, 5464, 2733.00, 1
9908, 39820, 4, 0, 45274, 45277, 5457, 5453, 1364.25, 1
9909, 39822, 3, 0, 45281, 45283, 5461, 5458, 1820.33, 1
9910, 39824, 1, 0, 45284, 45284, 5460, 5459, 5460.00, 1
9911, 39830, 4, 0, 45289, 45292, 5462, 5458, 1365.50, 1
9912, 39834, 19, 0, 45293, 49400, 9566, 9547, 503.47, 1
9913, 39836, 15, 0, 45300, 49237, 9401, 9386, 626.73, 1
9914, 39837, 1, 0, 45304, 45304, 5467, 5466, 5467.00, 1
9915, 39841, 7, 0, 45305, 47795, 7954, 7947, 1136.29, 1
9916, 39844, 3, 0, 45313, 45315, 5471, 5468, 1823.67, 1
9917, 39852, 4, 0, 45321, 45324, 5472, 5468, 1368.00, 1
9918, 39861, 8, 0, 45329, 47803, 7942, 7934, 992.75, 1
9919, 39864, 2, 0, 45337, 45338, 5474, 5472, 2737.00, 1
9920, 39865, 1, 0, 45339, 45339, 5474, 5473, 5474.00, 1
9921, 39875, 8, 0, 45343, 47811, 7936, 7928, 992.00, 1
9922, 39877, 1, 0, 45349, 45349, 5472, 5471, 5472.00, 1
9923, 39878, 16, 0, 45350, 49245, 9367, 9351, 585.44, 1
9924, 39885, 2, 0, 45359, 45360, 5475, 5473, 2737.50, 1
9925, 39889, 3, 0, 45363, 45365, 5476, 5473, 1825.33, 1
9926, 39890, 7, 0, 45366, 47822, 7932, 7925, 1133.14, 1
9927, 39893, 2, 0, 45370, 45371, 5478, 5476, 2739.00, 1
9928, 39894, 1, 0, 45372, 45372, 5478, 5477, 5478.00, 1
9929, 39903, 3, 0, 45377, 45379, 5476, 5473, 1825.33, 1
9930, 39905, 1, 0, 45380, 45380, 5475, 5474, 5475.00, 1
9931, 39909, 14, 0, 45385, 49248, 9339, 9325, 667.07, 1
9932, 39914, 2, 0, 45393, 45394, 5480, 5478, 2740.00, 1
9933, 39917, 2, 0, 45395, 45396, 5479, 5477, 2739.50, 1
9934, 39920, 10, 0, 45397, 48837, 8917, 8907, 891.70, 1
9935, 39921, 1, 0, 45401, 45401, 5480, 5479, 5480.00, 1
9936, 39926, 1, 0, 45407, 45407, 5481, 5480, 5481.00, 1
9937, 39927, 4, 0, 45408, 45411, 5484, 5480, 1371.00, 1
9938, 39928, 7, 0, 45412, 47844, 7916, 7909, 1130.86, 1
9939, 39931, 11, 0, 45416, 48843, 8912, 8901, 810.18, 1
9940, 39935, 11, 0, 45420, 48846, 8911, 8900, 810.09, 1
9941, 39936, 2, 0, 45426, 45427, 5491, 5489, 2745.50, 1
9942, 39939, 12, 0, 45428, 48850, 8911, 8899, 742.58, 1
9943, 39948, 3, 0, 45436, 45438, 5490, 5487, 1830.00, 1
9944, 39951, 6, 0, 45439, 47862, 7911, 7905, 1318.50, 1
9945, 39952, 11, 0, 45443, 48854, 8902, 8891, 809.27, 1
9946, 39956, 12, 0, 45451, 48858, 8902, 8890, 741.83, 1
9947, 39960, 1, 0, 45458, 45458, 5498, 5497, 5498.00, 1
9948, 39961, 2, 0, 45459, 45460, 5499, 5497, 2749.50, 1
9949, 39962, 6, 0, 45461, 47873, 7911, 7905, 1318.50, 1
9950, 39967, 8, 0, 45469, 47881, 7914, 7906, 989.25, 1
9951, 39972, 7, 0, 45473, 47884, 7912, 7905, 1130.29, 1
9952, 39973, 2, 0, 45477, 45478, 5505, 5503, 2752.50, 1
9953, 39974, 8, 0, 45479, 47888, 7914, 7906, 989.25, 1
9954, 39975, 6, 0, 45487, 47890, 7915, 7909, 1319.17, 1
9955, 39976, 1, 0, 45491, 45491, 5515, 5514, 5515.00, 1
9956, 39980, 10, 0, 45492, 48864, 8884, 8874, 888.40, 1
9957, 39983, 2, 0, 45496, 45497, 5514, 5512, 2757.00, 1
9958, 39988, 4, 0, 45498, 45501, 5513, 5509, 1378.25, 1
9959, 39989, 1, 0, 45502, 45502, 5513, 5512, 5513.00, 1
9960, 39991, 1, 0, 45503, 45503, 5512, 5511, 5512.00, 1
9961, 39992, 6, 0, 45504, 47896, 7904, 7898, 1317.33, 1
9962, 39993, 1, 0, 45512, 45512, 5519, 5518, 5519.00, 1
9963, 39998, 6, 0, 45513, 47898, 7900, 7894, 1316.67, 1
9964, 40004, 4, 0, 45517, 45520, 5516, 5512, 1379.00, 1
9965, 40005, 1, 0, 45521, 45521, 5516, 5515, 5516.00, 1
9966, 40007, 2, 0, 45524, 45525, 5518, 5516, 2759.00, 1
9967, 40010, 12, 0, 45526, 48868, 8858, 8846, 738.17, 1
9968, 40011, 5, 0, 45530, 47903, 7892, 7887, 1578.40, 1
9969, 40014, 1, 0, 45534, 45534, 5520, 5519, 5520.00, 1
9970, 40018, 4, 0, 45539, 45542, 5524, 5520, 1381.00, 1
9971, 40023, 3, 0, 45544, 45546, 5523, 5520, 1841.00, 1
9972, 40029, 3, 0, 45551, 45553, 5524, 5521, 1841.33, 1
9973, 40031, 1, 0, 45555, 45555, 5524, 5523, 5524.00, 1
9974, 40035, 5, 0, 45556, 47909, 7874, 7869, 1574.80, 1
9975, 40036, 10, 0, 45560, 48870, 8834, 8824, 883.40, 1
9976, 40037, 9, 0, 45564, 48871, 8834, 8825, 981.56, 1
9977, 40043, 13, 0, 45569, 49249, 9206, 9193, 708.15, 1
9978, 40050, 2, 0, 45574, 45575, 5525, 5523, 2762.50, 1
9979, 40067, 4, 0, 45578, 45581, 5514, 5510, 1378.50, 1
9980, 40072, 2, 0, 45588, 45589, 5517, 5515, 2758.50, 1
9981, 40080, 1, 0, 45590, 45590, 5510, 5509, 5510.00, 1
9982, 40084, 3, 0, 45595, 45597, 5513, 5510, 1837.67, 1
9983, 40089, 4, 0, 45602, 45605, 5516, 5512, 1379.00, 1
9984, 40093, 8, 0, 45608, 47933, 7840, 7832, 980.00, 1
9985, 40094, 12, 0, 45612, 48887, 8793, 8781, 732.75, 1
9986, 40098, 5, 0, 45619, 47938, 7840, 7835, 1568.00, 1
9987, 40101, 3, 0, 45627, 45629, 5528, 5525, 1842.67, 1
9988, 40104, 7, 0, 45630, 47941, 7837, 7830, 1119.57, 1
9989, 40113, 5, 0, 45638, 47946, 7833, 7828, 1566.60, 1
9990, 40116, 6, 0, 45642, 47948, 7832, 7826, 1305.33, 1
9991, 40117, 4, 0, 45646, 45649, 5532, 5528, 1383.00, 1
9992, 40130, 5, 0, 45660, 47951, 7821, 7816, 1564.20, 1
9993, 40131, 1, 0, 45664, 45664, 5533, 5532, 5533.00, 1
9994, 40133, 8, 0, 45665, 47955, 7822, 7814, 977.75, 1
9995, 40135, 1, 0, 45669, 45669, 5534, 5533, 5534.00, 1
9996, 40140, 1, 0, 45674, 45674, 5534, 5533, 5534.00, 1
9997, 40144, 2, 0, 45676, 45677, 5533, 5531, 2766.50, 1
9998, 40147, 8, 0, 45678, 47963, 7816, 7808, 977.00, 1
9999, 40148, 7, 0, 45682, 47966, 7818, 7811, 1116.86, 1
10000, 40150, 11, 0, 45688, 48898, 8748, 8737, 795.27, 1
